                [38;2;145;151;157m[48;2;95;97;98m▀[0m[38;2;161;163;166m[48;2;188;188;188m▀[0m[38;2;158;160;164m[48;2;182;182;182m▀[0m[38;2;88;88;88m[48;2;50;50;50m▀[0m                    
     [38;2;130;136;148m▄[0m[38;2;129;138;142m▄[0m[38;2;0;0;85m▄[0m        [38;2;75;75;75m[48;2;11;11;11m▀[0m[38;2;182;182;183m[48;2;113;116;119m▀[0m[38;2;175;176;176m[48;2;108;110;114m▀[0m[38;2;48;48;48m[48;2;42;42;42m▀[0m                    
    [38;2;0;0;0m[48;2;0;0;0m▀[0m[38;2;128;130;133m[48;2;142;143;144m▀[0m[38;2;188;190;191m[48;2;180;181;182m▀[0m[38;2;170;171;176m[48;2;168;170;173m▀[0m[38;2;51;102;102m[48;2;136;140;147m▀[0m        [38;2;67;68;69m[48;2;80;80;80m▀[0m[38;2;47;48;50m[48;2;63;63;63m▀[0m         [38;2;120;127;134m▄[0m[38;2;127;135;143m[48;2;177;181;183m▀[0m[38;2;133;140;148m[48;2;175;177;177m▀[0m[38;2;255;255;255m[48;2;34;34;34m▀[0m        
     [38;2;68;70;73m[48;2;0;0;0m▀[0m[38;2;104;108;113m[48;2;7;11;11m▀[0m[38;2;144;149;155m[48;2;66;68;71m▀[0m[38;2;137;142;147m[48;2;138;141;146m▀[0m[38;2;152;155;162m▄[0m      [38;2;0;0;0m[48;2;13;13;17m▀[0m[38;2;105;106;107m[48;2;145;147;148m▀[0m[38;2;61;61;61m[48;2;59;59;59m▀[0m        [38;2;0;0;0m[48;2;191;191;191m▀[0m[38;2;148;153;156m[48;2;138;142;148m▀[0m[38;2;194;195;195m[48;2;133;135;136m▀[0m[38;2;160;161;161m[48;2;70;71;74m▀[0m[38;2;28;28;30m[48;2;15;15;15m▀[0m        
       [38;2;0;0;0m▀[0m[38;2;86;86;86m[48;2;0;0;0m▀[0m[38;2;160;161;163m[48;2;83;83;83m▀[0m[38;2;145;149;155m[48;2;169;170;172m▀[0m[38;2;155;161;164m▄[0m[38;2;0;0;0m▄[0m   [38;2;17;17;17m[48;2;13;13;13m▀[0m[38;2;141;141;141m[48;2;32;32;32m▀[0m[38;2;57;57;57m[48;2;25;25;25m▀[0m      [38;2;0;127;127m▄[0m[38;2;0;0;255m[48;2;165;167;172m▀[0m[38;2;132;135;140m[48;2;105;107;109m▀[0m[38;2;78;81;84m[48;2;0;0;0m▀[0m[38;2;10;10;10m▀[0m[38;2;0;0;0m▀[0m         
[38;2;148;150;157m[48;2;156;157;159m▀[0m[38;2;153;158;161m[48;2;203;204;204m▀[0m[38;2;145;145;145m[48;2;158;162;165m▀[0m      [38;2;5;5;10m▀[0m[38;2;107;109;112m[48;2;0;0;0m▀[0m[38;2;104;106;108m[48;2;0;0;0m▀[0m[38;2;0;0;0m▀[0m           [38;2;0;0;0m[48;2;0;0;0m▀[0m[38;2;154;158;161m[48;2;114;115;116m▀[0m[38;2;142;142;143m[48;2;56;56;57m▀[0m[38;2;46;46;46m▀[0m        [38;2;127;148;148m▄[0m[38;2;152;155;158m▄[0m[38;2;156;159;164m▄[0m[38;2;156;163;170m▄[0m
[38;2;67;69;69m▀[0m[38;2;119;122;125m[48;2;7;7;7m▀[0m[38;2;136;140;146m[48;2;63;66;69m▀[0m[38;2;155;155;170m[48;2;126;130;134m▀[0m[38;2;155;160;164m▄[0m[38;2;134;134;147m▄[0m       [38;2;98;39;19m[48;2;122;58;34m▀[0m[38;2;161;106;44m[48;2;228;181;61m▀[0m[38;2;170;116;45m[48;2;255;220;68m▀[0m[38;2;103;36;30m[48;2;202;154;54m▀[0m[38;2;135;78;37m▄[0m       [38;2;4;4;4m▀[0m[38;2;0;0;0m▀[0m    [38;2;42;42;42m▄[0m[38;2;87;87;87m▄[0m[38;2;97;97;99m▄[0m[38;2;0;0;0m[48;2;126;126;128m▀[0m[38;2;60;64;64m[48;2;103;103;103m▀[0m[38;2;134;139;145m[48;2;73;76;77m▀[0m[38;2;156;160;165m[48;2;88;91;95m▀[0m[38;2;192;193;195m[48;2;100;103;107m▀[0m[38;2;128;128;128m[48;2;67;67;67m▀[0m
   [38;2;69;69;71m▀[0m[38;2;169;169;170m[48;2;47;47;47m▀[0m[38;2;77;77;77m[48;2;43;43;43m▀[0m       [38;2;161;105;44m[48;2;167;115;45m▀[0m[38;2;250;210;66m[48;2;255;222;68m▀[0m[38;2;255;219;66m[48;2;253;216;66m▀[0m[38;2;255;225;68m[48;2;253;216;66m▀[0m[38;2;219;175;57m[48;2;255;224;68m▀[0m[38;2;134;80;36m[48;2;221;177;59m▀[0m[38;2;138;81;38m▄[0m [38;2;0;0;0m▄[0m[38;2;85;18;28m▄[0m[38;2;144;85;40m▄[0m[38;2;138;84;39m▄[0m[38;2;0;0;0m▄[0m     [38;2;48;48;48m▀[0m[38;2;128;128;128m[48;2;0;0;0m▀[0m[38;2;94;94;94m[48;2;0;0;0m▀[0m[38;2;58;58;58m▀[0m[38;2;0;0;0m▀[0m[38;2;0;0;0m▀[0m[38;2;0;0;0m▀[0m[38;2;0;0;0m▀[0m 
            [38;2;85;28;18m▄[0m[38;2;166;114;45m[48;2;167;114;43m▀[0m[38;2;255;223;68m[48;2;243;199;66m▀[0m[38;2;255;219;66m[48;2;234;187;63m▀[0m[38;2;254;218;66m[48;2;240;196;64m▀[0m[38;2;254;217;66m[48;2;250;211;65m▀[0m[38;2;255;225;68m[48;2;255;219;66m▀[0m[38;2;213;169;56m[48;2;242;201;63m▀[0m[38;2;138;83;38m[48;2;236;191;62m▀[0m[38;2;171;119;47m[48;2;255;217;67m▀[0m[38;2;202;154;53m[48;2;255;224;68m▀[0m[38;2;247;204;66m[48;2;255;229;69m▀[0m[38;2;196;162;54m[48;2;146;122;43m▀[0m[38;2;0;0;8m[48;2;0;0;8m▀[0m              
           [38;2;69;50;26m[48;2;46;35;21m▀[0m[38;2;186;129;52m[48;2;164;125;49m▀[0m[38;2;189;133;51m[48;2;215;158;59m▀[0m[38;2;220;164;61m[48;2;219;164;61m▀[0m[38;2;218;162;61m[48;2;223;168;60m▀[0m[38;2;221;166;61m[48;2;207;151;55m▀[0m[38;2;222;168;61m[48;2;220;164;59m▀[0m[38;2;232;183;63m[48;2;221;165;60m▀[0m[38;2;252;213;66m[48;2;224;172;62m▀[0m[38;2;255;222;67m[48;2;240;196;64m▀[0m[38;2;255;218;66m[48;2;245;205;65m▀[0m[38;2;255;219;67m[48;2;240;189;64m▀[0m[38;2;226;192;62m[48;2;129;98;39m▀[0m[38;2;56;52;25m[48;2;0;0;0m▀[0m[38;2;0;0;0m▄[0m[38;2;93;46;88m▄[0m[38;2;93;52;88m▄[0m[38;2;102;51;91m▄[0m           
            [38;2;31;27;15m▀[0m[38;2;161;123;46m[48;2;55;36;43m▀[0m[38;2;228;172;59m[48;2;143;94;97m▀[0m[38;2;184;131;61m[48;2;178;110;157m▀[0m[38;2;139;87;53m[48;2;183;113;171m▀[0m[38;2;171;118;62m[48;2;175;103;167m▀[0m[38;2;204;151;64m[48;2;153;86;133m▀[0m[38;2;221;167;57m[48;2;120;80;71m▀[0m[38;2;225;168;61m[48;2;150;113;49m▀[0m[38;2;223;167;57m[48;2;127;89;78m▀[0m[38;2;185;136;59m[48;2;172;107;147m▀[0m[38;2;81;51;63m[48;2;191;118;177m▀[0m[38;2;143;82;131m[48;2;209;128;191m▀[0m[38;2;154;92;140m[48;2;193;111;181m▀[0m[38;2;176;105;162m[48;2;182;97;173m▀[0m[38;2;179;105;165m[48;2;181;96;173m▀[0m[38;2;121;73;113m[48;2;74;43;71m▀[0m[38;2;0;0;0m[48;2;0;0;0m▀[0m    [38;2;145;89;40m[48;2;168;116;46m▀[0m[38;2;154;97;43m[48;2;180;130;48m▀[0m[38;2;144;82;37m▄[0m[38;2;127;63;31m[48;2;143;112;41m▀[0m[38;2;0;0;0m▄[0m 
       [38;2;130;77;122m[48;2;88;53;84m▀[0m[38;2;200;116;186m[48;2;208;123;193m▀[0m[38;2;190;111;178m[48;2;212;133;193m▀[0m[38;2;185;107;173m[48;2;217;137;196m▀[0m[38;2;151;90;138m[48;2;201;127;182m▀[0m[38;2;122;68;113m[48;2;156;84;148m▀[0m[38;2;164;94;154m[48;2;197;115;183m▀[0m[38;2;204;128;190m[48;2;208;131;190m▀[0m[38;2;211;133;193m[48;2;207;130;189m▀[0m[38;2;212;134;192m[48;2;204;126;186m▀[0m[38;2;211;133;192m[48;2;190;109;177m▀[0m[38;2;184;100;176m[48;2;182;97;174m▀[0m[38;2;157;81;155m[48;2;115;63;110m▀[0m[38;2;142;84;136m[48;2;167;91;158m▀[0m[38;2;209;132;194m[48;2;184;101;174m▀[0m[38;2;204;125;189m[48;2;178;95;170m▀[0m[38;2;190;108;178m[48;2;176;93;168m▀[0m[38;2;177;94;169m[48;2;178;94;170m▀[0m[38;2;176;92;168m[48;2;180;96;172m▀[0m[38;2;185;97;176m[48;2;156;81;149m▀[0m[38;2;128;70;122m[48;2;55;27;53m▀[0m[38;2;14;9;14m[48;2;0;0;0m▀[0m     [38;2;118;59;31m[48;2;139;82;28m▀[0m[38;2;205;156;55m[48;2;183;130;49m▀[0m[38;2;158;101;44m[48;2;180;137;50m▀[0m[38;2;151;126;44m[48;2;129;105;40m▀[0m[38;2;0;0;0m[48;2;0;0;8m▀[0m 
       [38;2;37;27;37m[48;2;0;0;0m▀[0m[38;2;155;83;149m[48;2;94;54;91m▀[0m[38;2;183;99;174m[48;2;188;100;180m▀[0m[38;2;190;108;178m[48;2;160;85;153m▀[0m[38;2;157;90;146m[48;2;130;70;124m▀[0m[38;2;170;90;162m[48;2;181;96;173m▀[0m[38;2;177;94;169m[48;2;177;94;169m▀[0m[38;2;180;98;171m[48;2;176;93;169m▀[0m[38;2;181;98;171m[48;2;176;93;169m▀[0m[38;2;179;96;170m[48;2;177;94;169m▀[0m[38;2;176;92;168m[48;2;177;94;169m▀[0m[38;2;182;97;174m[48;2;179;95;171m▀[0m[38;2;114;63;110m[48;2;162;86;154m▀[0m[38;2;159;85;152m[48;2;128;70;122m▀[0m[38;2;178;94;171m[48;2;180;96;172m▀[0m[38;2;177;94;169m[48;2;178;94;172m▀[0m[38;2;176;93;170m[48;2;164;92;137m▀[0m[38;2;167;87;165m[48;2;138;94;67m▀[0m[38;2;176;90;168m[48;2;121;82;119m▀[0m[38;2;127;92;124m[48;2;224;226;225m▀[0m[38;2;135;146;143m[48;2;234;236;236m▀[0m[38;2;144;147;153m▄[0m  [38;2;166;77;166m▄[0m[38;2;102;0;153m[48;2;192;111;179m▀[0m[38;2;118;63;115m[48;2;202;124;186m▀[0m[38;2;153;105;74m[48;2;185;117;170m▀[0m[38;2;231;186;59m[48;2;149;113;61m▀[0m[38;2;215;163;59m[48;2;127;97;37m▀[0m[38;2;77;59;29m[48;2;18;18;9m▀[0m[38;2;0;0;0m▀[0m 
        [38;2;37;23;32m▀[0m[38;2;129;71;125m[48;2;21;21;17m▀[0m[38;2;159;85;153m[48;2;101;60;89m▀[0m[38;2;114;64;109m[48;2;118;65;115m▀[0m[38;2;183;97;174m[48;2;184;97;175m▀[0m[38;2;177;94;169m[48;2;177;94;169m▀[0m[38;2;177;94;169m[48;2;178;95;170m▀[0m[38;2;177;94;169m[48;2;179;95;171m▀[0m[38;2;177;94;169m[48;2;179;95;171m▀[0m[38;2;177;94;169m[48;2;177;94;169m▀[0m[38;2;177;94;169m[48;2;177;94;169m▀[0m[38;2;181;96;173m[48;2;178;94;170m▀[0m[38;2;111;62;106m[48;2;173;92;165m▀[0m[38;2;158;85;151m[48;2;109;58;104m▀[0m[38;2;179;92;174m[48;2;93;67;90m▀[0m[38;2;106;64;73m[48;2;121;122;125m▀[0m[38;2;214;162;46m[48;2;141;124;75m▀[0m[38;2;161;134;78m[48;2;243;201;54m▀[0m[38;2;235;236;241m[48;2;204;177;120m▀[0m[38;2;255;255;255m[48;2;220;213;224m▀[0m[38;2;192;197;198m[48;2;186;168;185m▀[0m[38;2;0;51;0m[48;2;127;74;117m▀[0m[38;2;133;63;127m[48;2;184;111;169m▀[0m[38;2;194;114;180m[48;2;213;134;194m▀[0m[38;2;217;136;197m[48;2;208;131;189m▀[0m[38;2;210;133;191m[48;2;209;132;190m▀[0m[38;2;216;136;197m[48;2;213;134;194m▀[0m[38;2;70;47;68m[48;2;79;52;73m▀[0m[38;2;0;0;0m▀[0m   
        [38;2;117;62;137m▄[0m[38;2;76;53;33m[48;2;136;81;88m▀[0m[38;2;166;125;43m[48;2;209;152;49m▀[0m[38;2;91;53;61m[48;2;142;89;90m▀[0m[38;2;175;92;170m[48;2;127;72;126m▀[0m[38;2;178;93;174m[48;2;156;91;121m▀[0m[38;2;162;85;159m[48;2;179;125;78m▀[0m[38;2;157;82;154m[48;2;189;137;67m▀[0m[38;2;157;82;154m[48;2;188;135;69m▀[0m[38;2;173;90;169m[48;2;161;103;100m▀[0m[38;2;178;94;171m[48;2;168;90;155m▀[0m[38;2;180;96;172m[48;2;155;79;148m▀[0m[38;2;178;91;170m[48;2;113;77;110m▀[0m[38;2;119;80;115m[48;2;154;157;155m▀[0m[38;2;150;155;152m[48;2;176;178;179m▀[0m[38;2;168;168;169m[48;2;75;75;75m▀[0m[38;2;167;169;175m[48;2;131;131;131m▀[0m[38;2;146;132;76m[48;2;168;170;177m▀[0m[38;2;239;200;51m[48;2;145;133;74m▀[0m[38;2;180;128;87m[48;2;213;163;67m▀[0m[38;2;187;114;171m[48;2;192;112;170m▀[0m[38;2;215;136;196m[48;2;200;122;186m▀[0m[38;2;212;135;192m[48;2;200;122;184m▀[0m[38;2;209;133;190m[48;2;191;111;178m▀[0m[38;2;208;131;189m[48;2;183;101;173m▀[0m[38;2;199;120;183m[48;2;180;95;172m▀[0m[38;2;190;106;179m[48;2;151;81;145m▀[0m[38;2;69;42;66m[48;2;35;24;32m▀[0m    
        [38;2;88;51;84m[48;2;25;18;21m▀[0m[38;2;170;94;161m[48;2;138;72;132m▀[0m[38;2;159;93;105m[48;2;184;96;179m▀[0m[38;2;182;100;161m[48;2;176;93;170m▀[0m[38;2;152;89;148m[48;2;185;98;177m▀[0m[38;2;141;103;56m[48;2;120;72;116m▀[0m[38;2;213;157;52m[48;2;152;122;58m▀[0m[38;2;219;164;59m[48;2;226;168;61m▀[0m[38;2;206;151;54m[48;2;195;147;56m▀[0m[38;2;203;148;46m[48;2;107;95;76m▀[0m[38;2;124;94;70m[48;2;155;157;156m▀[0m[38;2;117;111;121m[48;2;185;186;186m▀[0m[38;2;153;157;156m[48;2;163;164;168m▀[0m[38;2;169;171;173m[48;2;184;184;185m▀[0m[38;2;161;163;165m[48;2;126;128;128m▀[0m[38;2;68;68;70m[48;2;5;5;5m▀[0m[38;2;16;16;16m[48;2;0;0;0m▀[0m[38;2;156;156;156m[48;2;85;85;85m▀[0m[38;2;145;146;148m[48;2;188;188;188m▀[0m[38;2;109;64;96m[48;2;152;154;154m▀[0m[38;2;166;84;159m[48;2;109;96;107m▀[0m[38;2;181;94;173m[48;2;122;72;117m▀[0m[38;2;177;93;170m[48;2;164;83;155m▀[0m[38;2;176;93;168m[48;2;182;95;173m▀[0m[38;2;176;93;168m[48;2;183;97;175m▀[0m[38;2;183;97;175m[48;2;151;82;145m▀[0m[38;2;88;47;84m[48;2;77;73;77m▀[0m[38;2;0;0;0m[48;2;63;63;63m▀[0m[38;2;170;170;170m▄[0m[38;2;180;180;180m▄[0m  
        [38;2;255;255;255m[48;2;81;85;88m▀[0m[38;2;76;71;80m[48;2;146;153;151m▀[0m[38;2;146;80;140m[48;2;114;90;112m▀[0m[38;2;185;98;177m[48;2;157;77;149m▀[0m[38;2;165;83;157m[48;2;123;76;119m▀[0m[38;2;138;111;138m[48;2;136;140;137m▀[0m[38;2;124;121;122m[48;2;41;48;61m▀[0m[38;2;191;141;45m[48;2;179;142;46m▀[0m[38;2;170;133;87m[48;2;154;117;65m▀[0m[38;2;179;183;189m[48;2;158;161;165m▀[0m[38;2;183;183;183m[48;2;185;186;185m▀[0m[38;2;179;179;179m[48;2;183;184;184m▀[0m[38;2;182;182;182m[48;2;171;172;173m▀[0m[38;2;173;173;174m[48;2;79;82;87m▀[0m[38;2;58;58;60m[48;2;0;0;0m▀[0m [38;2;0;0;0m[48;2;0;0;0m▀[0m[38;2;95;97;98m[48;2;139;140;140m▀[0m[38;2;176;178;179m[48;2;191;191;191m▀[0m[38;2;184;184;184m[48;2;183;183;183m▀[0m[38;2;182;184;182m[48;2;182;182;182m▀[0m[38;2;167;170;167m[48;2;181;181;181m▀[0m[38;2;137;124;135m[48;2;209;211;209m▀[0m[38;2;116;72;112m[48;2;229;234;230m▀[0m[38;2;148;78;141m[48;2;168;165;168m▀[0m[38;2;127;63;121m[48;2;153;147;152m▀[0m[38;2;172;174;172m[48;2;250;250;250m▀[0m[38;2;220;220;220m[48;2;251;251;252m▀[0m[38;2;227;227;227m[48;2;194;196;200m▀[0m[38;2;169;171;175m[48;2;127;131;140m▀[0m[38;2;127;127;127m▄[0m 
       [38;2;255;255;255m[48;2;127;127;127m▀[0m[38;2;52;55;55m[48;2;137;141;145m▀[0m[38;2;126;128;129m[48;2;154;155;156m▀[0m[38;2;174;175;174m[48;2;175;177;179m▀[0m[38;2;114;110;114m[48;2;185;187;189m▀[0m[38;2;159;160;159m[48;2;125;118;126m▀[0m[38;2;113;115;115m[48;2;124;83;118m▀[0m[38;2;47;29;9m[48;2;152;92;109m▀[0m[38;2;203;155;52m[48;2;167;112;95m▀[0m[38;2;164;111;33m[48;2;167;106;107m▀[0m[38;2;72;62;66m[48;2;165;97;147m▀[0m[38;2;161;157;162m[48;2;157;89;149m▀[0m[38;2;174;172;173m[48;2;144;93;130m▀[0m[38;2;95;84;76m[48;2;177;131;51m▀[0m[38;2;148;96;33m[48;2;221;170;58m▀[0m[38;2;127;42;42m[48;2;148;93;41m▀[0m[38;2;141;85;28m▄[0m[38;2;0;0;0m▀[0m[38;2;65;65;65m▀[0m[38;2;122;122;121m[48;2;0;0;0m▀[0m[38;2;161;162;161m[48;2;34;21;40m▀[0m[38;2;172;172;172m[48;2;62;58;62m▀[0m[38;2;187;187;187m[48;2;116;118;119m▀[0m[38;2;186;186;186m[48;2;176;176;178m▀[0m[38;2;219;219;219m[48;2;179;179;179m▀[0m[38;2;231;232;231m[48;2;182;182;182m▀[0m[38;2;226;227;227m[48;2;190;190;190m▀[0m[38;2;247;247;247m[48;2;222;222;222m▀[0m[38;2;212;214;216m[48;2;238;238;238m▀[0m[38;2;180;183;187m[48;2;206;208;211m▀[0m[38;2;144;148;155m[48;2;156;162;166m▀[0m[38;2;127;148;148m▀[0m 
        [38;2;145;151;157m▀[0m[38;2;159;163;167m[48;2;19;0;19m▀[0m[38;2;168;163;165m[48;2;179;137;60m▀[0m[38;2;152;133;101m[48;2;242;203;60m▀[0m[38;2;116;69;95m[48;2;141;106;43m▀[0m[38;2;186;98;178m[48;2;133;69;133m▀[0m[38;2;188;107;179m[48;2;181;95;173m▀[0m[38;2;182;101;177m[48;2;176;93;168m▀[0m[38;2;185;104;179m[48;2;179;94;172m▀[0m[38;2;191;106;182m[48;2;123;66;111m▀[0m[38;2;182;94;180m[48;2;107;71;69m▀[0m[38;2;148;80;135m[48;2;151;96;82m▀[0m[38;2;209;168;57m[48;2;219;170;59m▀[0m[38;2;194;146;51m[48;2;247;206;65m▀[0m[38;2;177;123;48m[48;2;247;208;65m▀[0m[38;2;131;73;36m[48;2;225;183;59m▀[0m[38;2;105;40;30m[48;2;220;177;58m▀[0m[38;2;125;70;35m[48;2;218;171;58m▀[0m[38;2;172;120;44m[48;2;247;202;65m▀[0m[38;2;179;113;122m[48;2;255;216;64m▀[0m[38;2;160;91;146m[48;2;227;163;134m▀[0m[38;2;29;19;29m[48;2;152;85;148m▀[0m[38;2;121;122;122m[48;2;9;9;9m▀[0m[38;2;189;189;189m[48;2;85;87;85m▀[0m[38;2;185;185;185m[48;2;138;138;138m▀[0m[38;2;185;185;185m[48;2;143;143;143m▀[0m[38;2;187;187;187m[48;2;130;132;132m▀[0m[38;2;191;192;192m[48;2;79;80;80m▀[0m[38;2;180;180;180m[48;2;17;17;17m▀[0m[38;2;220;221;223m[48;2;148;152;156m▀[0m[38;2;159;163;168m[48;2;151;155;159m▀[0m 
         [38;2;0;0;0m▀[0m[38;2;135;105;39m[48;2;36;30;19m▀[0m[38;2;234;179;65m[48;2;183;138;53m▀[0m[38;2;192;140;49m[48;2;240;180;65m▀[0m[38;2;108;70;71m[48;2;141;101;42m▀[0m[38;2;176;92;172m[48;2;135;73;133m▀[0m[38;2;182;96;174m[48;2;187;99;179m▀[0m[38;2;133;72;129m[48;2;171;91;163m▀[0m[38;2;136;97;38m[48;2;94;63;61m▀[0m[38;2;225;169;58m[48;2;94;66;29m▀[0m[38;2;193;136;51m[48;2;194;139;55m▀[0m[38;2;191;134;53m[48;2;219;165;61m▀[0m[38;2;222;166;62m[48;2;218;164;61m▀[0m[38;2;226;173;62m[48;2;217;163;61m▀[0m[38;2;232;182;63m[48;2;218;163;61m▀[0m[38;2;232;182;63m[48;2;227;169;63m▀[0m[38;2;225;171;62m[48;2;223;167;62m▀[0m[38;2;219;163;61m[48;2;223;169;61m▀[0m[38;2;224;172;56m[48;2;205;150;52m▀[0m[38;2;198;133;103m[48;2;166;91;120m▀[0m[38;2;187;111;180m[48;2;150;82;147m▀[0m[38;2;90;53;82m[48;2;37;26;34m▀[0m [38;2;0;0;0m▀[0m[38;2;0;0;0m▀[0m[38;2;0;0;0m▀[0m     
           [38;2;71;57;27m▀[0m[38;2;145;111;45m[48;2;0;0;0m▀[0m[38;2;89;72;27m▀[0m[38;2;70;41;71m▀[0m[38;2;155;83;147m[48;2;81;45;72m▀[0m[38;2;145;77;137m[48;2;51;34;51m▀[0m[38;2;112;45;127m▀[0m[38;2;0;0;0m▀[0m[38;2;65;53;27m▀[0m[38;2;65;53;27m▀[0m[38;2;65;51;27m▀[0m[38;2;62;51;25m▀[0m[38;2;80;58;29m▀[0m[38;2;141;102;42m[48;2;0;0;0m▀[0m[38;2;195;147;55m[48;2;45;39;17m▀[0m[38;2;210;153;59m[48;2;89;55;51m▀[0m[38;2;172;98;116m[48;2;107;59;106m▀[0m[38;2;173;91;169m[48;2;59;36;57m▀[0m[38;2;85;49;82m[48;2;0;0;0m▀[0m[38;2;0;0;0m▀[0m         
[0m