               [38;2;95;111;111m▄[0m[38;2;94;116;110m[48;2;154;174;173m▀[0m[38;2;138;158;155m[48;2;200;218;218m▀[0m[38;2;154;173;172m[48;2;120;134;132m▀[0m[38;2;138;157;155m[48;2;97;110;108m▀[0m[38;2;121;144;138m[48;2;107;123;121m▀[0m                   
               [38;2;127;145;145m[48;2;133;150;149m▀[0m[38;2;186;206;205m[48;2;190;209;208m▀[0m[38;2;215;231;231m[48;2;197;215;215m▀[0m[38;2;146;164;164m[48;2;214;229;230m▀[0m[38;2;0;0;0m[48;2;182;197;197m▀[0m[38;2;0;0;0m[48;2;150;167;165m▀[0m[38;2;128;149;146m▄[0m[38;2;46;26;33m▄[0m[38;2;0;178;127m[48;2;166;89;118m▀[0m[38;2;105;59;77m▄[0m               
               [38;2;83;92;91m[48;2;56;60;60m▀[0m[38;2;193;213;212m[48;2;174;192;192m▀[0m[38;2;182;201;200m[48;2;187;206;205m▀[0m[38;2;188;207;206m[48;2;185;204;203m▀[0m[38;2;213;230;230m[48;2;184;203;202m▀[0m[38;2;218;234;234m[48;2;186;205;205m▀[0m[38;2;224;241;241m[48;2;190;209;208m▀[0m[38;2;195;194;198m[48;2;202;222;221m▀[0m[38;2;224;125;163m[48;2;196;216;215m▀[0m[38;2;131;78;98m[48;2;189;203;204m▀[0m[38;2;63;127;127m[48;2;121;139;136m▀[0m              
              [38;2;110;125;125m▄[0m[38;2;0;0;0m[48;2;133;154;152m▀[0m[38;2;107;117;117m[48;2;116;129;128m▀[0m[38;2;187;207;206m[48;2;136;153;151m▀[0m[38;2;175;193;192m[48;2;119;132;131m▀[0m[38;2;156;175;173m[48;2;171;191;190m▀[0m[38;2;156;175;174m[48;2;173;192;191m▀[0m[38;2;179;199;197m[48;2;114;129;128m▀[0m[38;2;165;183;182m[48;2;123;134;134m▀[0m[38;2;185;204;203m[48;2;133;150;148m▀[0m[38;2;176;193;193m[48;2;83;94;93m▀[0m[38;2;148;164;163m[48;2;66;72;72m▀[0m              
            [38;2;0;0;0m[48;2;63;71;71m▀[0m[38;2;112;121;121m[48;2;177;192;192m▀[0m[38;2;190;207;207m[48;2;194;214;213m▀[0m[38;2;203;221;221m[48;2;186;205;204m▀[0m[38;2;189;209;208m[48;2;156;172;171m▀[0m[38;2;99;109;108m[48;2;118;130;129m▀[0m[38;2;183;202;201m[48;2;188;207;206m▀[0m[38;2;188;208;207m[48;2;189;209;208m▀[0m[38;2;162;178;178m[48;2;135;148;148m▀[0m[38;2;136;151;150m[48;2;133;147;146m▀[0m[38;2;215;232;232m[48;2;206;224;224m▀[0m[38;2;186;202;202m[48;2;213;229;229m▀[0m[38;2;179;194;194m[48;2;236;251;252m▀[0m[38;2;97;113;113m[48;2;166;182;182m▀[0m[38;2;102;153;153m▄[0m             
            [38;2;87;95;95m[48;2;60;65;65m▀[0m[38;2;194;215;213m[48;2;176;195;194m▀[0m[38;2;183;202;201m[48;2;191;211;210m▀[0m[38;2;189;208;207m[48;2;180;199;198m▀[0m[38;2;142;158;156m[48;2;159;177;176m▀[0m[38;2;154;171;170m[48;2;208;224;224m▀[0m[38;2;187;206;205m[48;2;187;206;205m▀[0m[38;2;188;208;207m[48;2;186;205;204m▀[0m[38;2;141;154;154m[48;2;179;198;197m▀[0m[38;2;137;151;150m[48;2;121;135;134m▀[0m[38;2;189;208;208m[48;2;182;201;200m▀[0m[38;2;211;228;228m[48;2;184;203;202m▀[0m[38;2;239;251;252m[48;2;212;228;229m▀[0m[38;2;201;217;217m[48;2;191;208;208m▀[0m[38;2;107;129;129m[48;2;70;80;80m▀[0m             
            [38;2;0;0;0m▀[0m[38;2;73;81;81m[48;2;0;0;0m▀[0m[38;2;151;168;167m[48;2;23;26;26m▀[0m[38;2;127;139;139m[48;2;27;29;29m▀[0m[38;2;182;193;194m[48;2;154;169;168m▀[0m[38;2;245;255;255m[48;2;199;217;217m▀[0m[38;2;240;253;254m[48;2;213;229;228m▀[0m[38;2;232;246;248m[48;2;219;235;235m▀[0m[38;2;216;232;232m[48;2;241;253;254m▀[0m[38;2;168;183;182m[48;2;229;244;246m▀[0m[38;2;113;125;124m[48;2;78;86;85m▀[0m[38;2;177;195;194m[48;2;125;140;138m▀[0m[38;2;190;210;209m[48;2;116;127;127m▀[0m[38;2;203;221;221m[48;2;109;120;119m▀[0m[38;2;81;86;86m[48;2;105;118;116m▀[0m[38;2;127;145;145m▄[0m            
              [38;2;10;10;10m▄[0m[38;2;71;78;77m[48;2;124;136;135m▀[0m[38;2;187;207;206m[48;2;194;213;212m▀[0m[38;2;183;202;201m[48;2;186;205;204m▀[0m[38;2;181;200;199m[48;2;181;200;199m▀[0m[38;2;183;202;201m[48;2;182;201;200m▀[0m[38;2;188;206;206m[48;2;183;202;201m▀[0m[38;2;188;207;206m[48;2;186;206;205m▀[0m[38;2;107;118;117m[48;2;140;156;155m▀[0m[38;2;147;164;163m[48;2;134;150;148m▀[0m[38;2;141;153;153m[48;2;97;109;108m▀[0m[38;2;228;237;237m[48;2;129;136;137m▀[0m[38;2;229;242;242m[48;2;175;191;191m▀[0m[38;2;148;164;164m[48;2;126;143;142m▀[0m            
             [38;2;0;0;0m[48;2;57;66;63m▀[0m[38;2;116;128;128m[48;2;183;199;199m▀[0m[38;2;241;253;253m[48;2;243;253;252m▀[0m[38;2;238;251;252m[48;2;242;255;255m▀[0m[38;2;230;244;245m[48;2;244;255;255m▀[0m[38;2;212;228;228m[48;2;246;255;255m▀[0m[38;2;206;222;223m[48;2;243;255;255m▀[0m[38;2;187;206;205m[48;2;237;251;252m▀[0m[38;2;187;206;205m[48;2;221;236;236m▀[0m[38;2;155;172;170m[48;2;196;215;213m▀[0m[38;2;124;139;137m[48;2;84;93;92m▀[0m[38;2;152;166;165m[48;2;97;108;107m▀[0m[38;2;133;144;144m[48;2;135;152;150m▀[0m[38;2;58;65;64m[48;2;148;167;166m▀[0m[38;2;33;38;38m▀[0m            
             [38;2;83;92;90m[48;2;83;91;90m▀[0m[38;2;194;213;212m[48;2;192;211;210m▀[0m[38;2;187;206;205m[48;2;183;202;201m▀[0m[38;2;207;224;224m[48;2;182;201;200m▀[0m[38;2;213;228;229m[48;2;181;201;200m▀[0m[38;2;211;227;228m[48;2;181;200;199m▀[0m[38;2;218;234;234m[48;2;183;202;201m▀[0m[38;2;238;251;252m[48;2;188;207;206m▀[0m[38;2;234;247;248m[48;2;186;205;204m▀[0m[38;2;195;215;214m[48;2;184;207;205m▀[0m[38;2;85;90;91m[48;2;110;81;93m▀[0m[38;2;91;85;85m[48;2;158;98;117m▀[0m[38;2;88;89;87m[48;2;189;110;138m▀[0m[38;2;85;88;91m[48;2;255;90;148m▀[0m             
           [38;2;0;0;0m▄[0m[38;2;15;15;15m[48;2;120;132;131m▀[0m[38;2;149;165;165m[48;2;242;252;253m▀[0m[38;2;191;210;209m[48;2;230;244;245m▀[0m[38;2;181;200;199m[48;2;212;228;228m▀[0m[38;2;182;201;200m[48;2;205;222;222m▀[0m[38;2;183;202;201m[48;2;187;205;205m▀[0m[38;2;183;202;201m[48;2;188;207;206m▀[0m[38;2;184;203;202m[48;2;183;202;201m▀[0m[38;2;183;202;201m[48;2;181;200;199m▀[0m[38;2;183;203;202m[48;2;181;201;200m▀[0m[38;2;187;208;207m[48;2;188;207;206m▀[0m[38;2;105;108;109m[48;2;143;158;157m▀[0m[38;2;124;110;113m[48;2;132;136;137m▀[0m[38;2;188;95;126m[48;2;173;181;182m▀[0m[38;2;238;87;138m[48;2;124;131;133m▀[0m[38;2;140;161;158m▄[0m[38;2;113;113;113m▄[0m           
           [38;2;59;69;69m[48;2;98;112;110m▀[0m[38;2;175;193;192m[48;2;184;205;203m▀[0m[38;2;238;249;249m[48;2;187;206;205m▀[0m[38;2;243;255;255m[48;2;207;224;224m▀[0m[38;2;246;255;255m[48;2;212;228;228m▀[0m[38;2;242;255;255m[48;2;231;246;247m▀[0m[38;2;237;250;252m[48;2;238;251;252m▀[0m[38;2;237;251;252m[48;2;242;255;255m▀[0m[38;2;218;233;234m[48;2;245;255;255m▀[0m[38;2;211;227;228m[48;2;245;255;255m▀[0m[38;2;213;229;229m[48;2;247;255;255m▀[0m[38;2;195;213;213m[48;2;225;240;241m▀[0m[38;2;175;194;193m[48;2;187;207;207m▀[0m[38;2;137;155;153m[48;2;125;134;131m▀[0m[38;2;109;116;117m[48;2;98;71;74m▀[0m[38;2;135;140;141m[48;2;172;142;150m▀[0m[38;2;171;191;192m[48;2;155;102;86m▀[0m[38;2;124;145;145m[48;2;87;73;73m▀[0m           
          [38;2;64;69;69m▄[0m[38;2;130;148;147m[48;2;199;214;214m▀[0m[38;2;190;209;208m[48;2;195;213;212m▀[0m[38;2;183;202;201m[48;2;185;204;203m▀[0m[38;2;182;201;200m[48;2;181;200;199m▀[0m[38;2;181;201;199m[48;2;182;201;200m▀[0m[38;2;186;205;204m[48;2;183;202;201m▀[0m[38;2;187;206;205m[48;2;183;202;201m▀[0m[38;2;206;223;223m[48;2;182;201;200m▀[0m[38;2;213;228;229m[48;2;181;201;200m▀[0m[38;2;212;228;229m[48;2;181;201;200m▀[0m[38;2;213;229;229m[48;2;181;201;200m▀[0m[38;2;194;212;212m[48;2;183;202;201m▀[0m[38;2;183;206;206m[48;2;186;208;207m▀[0m[38;2;157;143;128m[48;2;147;143;133m▀[0m[38;2;151;95;81m[48;2;120;78;71m▀[0m[38;2;197;151;153m[48;2;176;134;140m▀[0m[38;2;254;143;45m[48;2;245;183;49m▀[0m[38;2;237;188;34m[48;2;228;246;21m▀[0m           
         [38;2;5;10;10m[48;2;23;25;25m▀[0m[38;2;145;156;157m[48;2;176;192;192m▀[0m[38;2;253;255;255m[48;2;237;249;250m▀[0m[38;2;238;252;253m[48;2;243;255;255m▀[0m[38;2;228;243;244m[48;2;243;255;255m▀[0m[38;2;212;228;228m[48;2;244;255;255m▀[0m[38;2;205;221;222m[48;2;241;254;255m▀[0m[38;2;187;206;205m[48;2;237;250;251m▀[0m[38;2;186;205;204m[48;2;230;244;245m▀[0m[38;2;181;200;199m[48;2;211;227;228m▀[0m[38;2;181;201;200m[48;2;212;228;229m▀[0m[38;2;181;201;200m[48;2;212;228;229m▀[0m[38;2;181;201;200m[48;2;212;228;229m▀[0m[38;2;181;201;200m[48;2;213;229;229m▀[0m[38;2;187;207;206m[48;2;196;214;213m▀[0m[38;2;150;164;161m[48;2;177;197;196m▀[0m[38;2;67;49;50m[48;2;93;94;95m▀[0m[38;2;162;123;124m[48;2;152;144;149m▀[0m[38;2;245;121;62m[48;2;174;144;148m▀[0m[38;2;162;121;90m[48;2;172;178;178m▀[0m[38;2;101;139;144m[48;2;175;195;194m▀[0m[38;2;127;148;143m▄[0m         
        [38;2;0;0;0m[48;2;0;0;0m▀[0m[38;2;85;92;91m[48;2;116;130;128m▀[0m[38;2;189;209;208m[48;2;191;211;210m▀[0m[38;2;187;206;205m[48;2;183;202;201m▀[0m[38;2;207;224;224m[48;2;181;201;200m▀[0m[38;2;220;235;236m[48;2;183;202;201m▀[0m[38;2;237;250;251m[48;2;187;206;205m▀[0m[38;2;238;252;253m[48;2;195;213;212m▀[0m[38;2;244;255;255m[48;2;212;228;228m▀[0m[38;2;243;255;255m[48;2;219;234;235m▀[0m[38;2;243;255;255m[48;2;237;251;251m▀[0m[38;2;243;255;255m[48;2;236;250;251m▀[0m[38;2;243;255;255m[48;2;236;250;251m▀[0m[38;2;243;255;255m[48;2;237;251;251m▀[0m[38;2;245;255;255m[48;2;219;234;235m▀[0m[38;2;241;254;254m[48;2;207;223;223m▀[0m[38;2;201;220;219m[48;2;188;208;207m▀[0m[38;2;99;111;110m[48;2;91;97;97m▀[0m[38;2;205;223;223m[48;2;125;135;135m▀[0m[38;2;172;180;182m[48;2;143;160;158m▀[0m[38;2;217;233;234m[48;2;131;137;137m▀[0m[38;2;162;178;178m[48;2;104;94;97m▀[0m[38;2;77;87;87m[48;2;93;112;110m▀[0m         
       [38;2;0;0;0m▄[0m[38;2;65;77;74m[48;2;101;115;114m▀[0m[38;2;169;188;187m[48;2;183;204;203m▀[0m[38;2;187;206;205m[48;2;184;203;202m▀[0m[38;2;184;203;202m[48;2;184;203;202m▀[0m[38;2;184;203;202m[48;2;184;203;202m▀[0m[38;2;184;203;202m[48;2;184;203;202m▀[0m[38;2;183;202;201m[48;2;184;203;202m▀[0m[38;2;183;202;201m[48;2;184;203;202m▀[0m[38;2;181;200;199m[48;2;184;203;202m▀[0m[38;2;183;202;201m[48;2;184;203;202m▀[0m[38;2;188;207;206m[48;2;183;202;201m▀[0m[38;2;188;206;206m[48;2;183;202;201m▀[0m[38;2;188;206;206m[48;2;183;202;201m▀[0m[38;2;188;207;206m[48;2;183;202;201m▀[0m[38;2;183;202;201m[48;2;184;203;202m▀[0m[38;2;182;201;200m[48;2;184;203;202m▀[0m[38;2;189;209;208m[48;2;187;207;206m▀[0m[38;2;84;90;90m[48;2;145;161;160m▀[0m[38;2;81;73;74m[48;2;95;76;82m▀[0m[38;2;116;94;98m[48;2;122;90;106m▀[0m[38;2;129;106;109m[48;2;162;114;155m▀[0m[38;2;141;122;128m[48;2;164;113;164m▀[0m[38;2;106;128;126m[48;2;131;125;144m▀[0m         
      [38;2;0;0;0m[48;2;28;31;31m▀[0m[38;2;76;83;83m[48;2;176;191;191m▀[0m[38;2;186;202;202m[48;2;243;255;255m▀[0m[38;2;215;232;231m[48;2;243;255;255m▀[0m[38;2;191;209;209m[48;2;238;251;252m▀[0m[38;2;185;204;203m[48;2;228;242;244m▀[0m[38;2;181;200;199m[48;2;211;227;228m▀[0m[38;2;183;202;201m[48;2;192;210;209m▀[0m[38;2;183;202;201m[48;2;187;206;205m▀[0m[38;2;184;203;202m[48;2;183;202;201m▀[0m[38;2;184;203;202m[48;2;181;200;199m▀[0m[38;2;184;203;202m[48;2;182;201;200m▀[0m[38;2;184;203;202m[48;2;183;202;201m▀[0m[38;2;184;203;202m[48;2;183;202;201m▀[0m[38;2;184;203;202m[48;2;183;202;201m▀[0m[38;2;184;203;202m[48;2;183;202;201m▀[0m[38;2;184;203;202m[48;2;183;202;201m▀[0m[38;2;184;203;202m[48;2;183;202;201m▀[0m[38;2;186;205;204m[48;2;184;203;202m▀[0m[38;2;170;194;190m[48;2;187;209;207m▀[0m[38;2;149;117;157m[48;2;90;89;93m▀[0m[38;2;176;111;178m[48;2;103;77;86m▀[0m[38;2;163;109;161m[48;2;130;103;109m▀[0m[38;2;143;105;127m[48;2;131;108;112m▀[0m[38;2;124;123;126m[48;2;147;158;158m▀[0m[38;2;104;129;125m[48;2;114;125;125m▀[0m[38;2;171;186;186m▄[0m[38;2;125;146;142m▄[0m      
     [38;2;0;0;0m[48;2;28;31;31m▀[0m[38;2;94;103;103m[48;2;161;177;177m▀[0m[38;2;213;230;230m[48;2;190;208;208m▀[0m[38;2;246;255;255m[48;2;210;225;225m▀[0m[38;2;241;254;255m[48;2;233;247;248m▀[0m[38;2;241;253;255m[48;2;242;255;255m▀[0m[38;2;241;254;255m[48;2;241;254;255m▀[0m[38;2;243;255;255m[48;2;240;253;255m▀[0m[38;2;237;251;253m[48;2;241;253;255m▀[0m[38;2;237;250;251m[48;2;241;254;255m▀[0m[38;2;217;232;233m[48;2;242;255;255m▀[0m[38;2;212;228;228m[48;2;243;255;255m▀[0m[38;2;205;222;222m[48;2;241;254;255m▀[0m[38;2;187;205;205m[48;2;236;249;251m▀[0m[38;2;188;206;206m[48;2;236;250;251m▀[0m[38;2;188;206;206m[48;2;236;250;251m▀[0m[38;2;188;206;206m[48;2;236;250;251m▀[0m[38;2;188;206;206m[48;2;236;250;251m▀[0m[38;2;188;206;206m[48;2;237;250;251m▀[0m[38;2;186;205;204m[48;2;233;247;248m▀[0m[38;2;187;206;205m[48;2;197;216;215m▀[0m[38;2;141;155;154m[48;2;148;164;163m▀[0m[38;2;149;158;158m[48;2;136;149;149m▀[0m[38;2;156;159;161m[48;2;229;246;247m▀[0m[38;2;129;120;123m[48;2;176;195;194m▀[0m[38;2;212;227;228m[48;2;212;229;230m▀[0m[38;2;183;200;199m[48;2;184;201;201m▀[0m[38;2;236;249;249m[48;2;165;184;183m▀[0m[38;2;157;176;174m[48;2;113;126;128m▀[0m[38;2;0;0;0m[48;2;36;36;36m▀[0m     
    [38;2;0;0;0m[48;2;0;0;0m▀[0m[38;2;96;108;106m[48;2;97;107;107m▀[0m[38;2;187;206;205m[48;2;193;213;212m▀[0m[38;2;184;203;202m[48;2;184;203;202m▀[0m[38;2;182;201;200m[48;2;184;203;202m▀[0m[38;2;187;205;205m[48;2;183;202;201m▀[0m[38;2;209;225;225m[48;2;182;201;200m▀[0m[38;2;233;246;248m[48;2;186;205;204m▀[0m[38;2;239;252;254m[48;2;196;214;213m▀[0m[38;2;243;255;255m[48;2;212;228;228m▀[0m[38;2;242;255;255m[48;2;219;235;235m▀[0m[38;2;241;254;255m[48;2;237;251;251m▀[0m[38;2;241;254;255m[48;2;236;250;251m▀[0m[38;2;241;254;255m[48;2;236;250;251m▀[0m[38;2;241;254;255m[48;2;236;250;251m▀[0m[38;2;241;254;255m[48;2;236;250;251m▀[0m[38;2;241;254;255m[48;2;236;250;251m▀[0m[38;2;241;254;255m[48;2;237;250;251m▀[0m[38;2;242;255;255m[48;2;231;245;246m▀[0m[38;2;244;255;255m[48;2;213;229;228m▀[0m[38;2;236;249;250m[48;2;194;212;211m▀[0m[38;2;197;216;215m[48;2;183;203;201m▀[0m[38;2;147;162;161m[48;2;178;197;197m▀[0m[38;2;117;128;128m[48;2;93;105;105m▀[0m[38;2;169;187;186m[48;2;131;144;146m▀[0m[38;2;148;161;161m[48;2;230;242;242m▀[0m[38;2;121;134;133m[48;2;218;231;232m▀[0m[38;2;164;177;178m[48;2;191;205;211m▀[0m[38;2;165;174;172m[48;2;120;130;89m▀[0m[38;2;97;112;109m[48;2;193;211;56m▀[0m[38;2;109;109;145m[48;2;0;127;255m▀[0m     
    [38;2;25;25;25m[48;2;27;32;32m▀[0m[38;2;152;169;168m[48;2;170;187;186m▀[0m[38;2;188;208;207m[48;2;187;206;205m▀[0m[38;2;184;203;202m[48;2;184;203;202m▀[0m[38;2;184;203;202m[48;2;184;203;202m▀[0m[38;2;184;203;202m[48;2;184;203;202m▀[0m[38;2;184;203;202m[48;2;184;203;202m▀[0m[38;2;184;203;202m[48;2;184;203;202m▀[0m[38;2;183;202;201m[48;2;184;203;202m▀[0m[38;2;181;200;199m[48;2;184;203;202m▀[0m[38;2;183;202;201m[48;2;184;203;202m▀[0m[38;2;188;207;206m[48;2;183;202;201m▀[0m[38;2;188;206;206m[48;2;183;202;201m▀[0m[38;2;188;206;206m[48;2;183;202;201m▀[0m[38;2;188;206;206m[48;2;183;202;201m▀[0m[38;2;188;206;206m[48;2;183;202;201m▀[0m[38;2;188;206;206m[48;2;183;202;201m▀[0m[38;2;188;206;206m[48;2;183;202;201m▀[0m[38;2;186;205;204m[48;2;183;203;202m▀[0m[38;2;181;200;199m[48;2;184;203;202m▀[0m[38;2;183;202;201m[48;2;184;203;202m▀[0m[38;2;184;203;202m[48;2;184;203;202m▀[0m[38;2;191;211;211m[48;2;187;206;210m▀[0m[38;2;87;94;91m[48;2;110;121;80m▀[0m[38;2;56;59;39m[48;2;128;139;18m▀[0m[38;2;95;103;101m[48;2;29;29;31m▀[0m[38;2;124;134;134m[48;2;65;68;67m▀[0m[38;2;75;80;70m[48;2;174;185;185m▀[0m[38;2;174;183;24m[48;2;83;93;43m▀[0m[38;2;255;160;30m[48;2;251;158;34m▀[0m[38;2;255;101;39m[48;2;255;113;30m▀[0m     
   [38;2;0;0;0m[48;2;44;46;44m▀[0m[38;2;106;117;116m[48;2;171;189;188m▀[0m[38;2;185;205;204m[48;2;188;207;206m▀[0m[38;2;185;204;203m[48;2;184;203;202m▀[0m[38;2;184;203;202m[48;2;184;203;202m▀[0m[38;2;184;203;202m[48;2;184;203;202m▀[0m[38;2;184;203;202m[48;2;184;203;202m▀[0m[38;2;184;203;202m[48;2;184;203;202m▀[0m[38;2;184;203;202m[48;2;184;203;202m▀[0m[38;2;184;203;202m[48;2;184;203;202m▀[0m[38;2;184;203;202m[48;2;184;203;202m▀[0m[38;2;184;203;202m[48;2;184;203;202m▀[0m[38;2;184;203;202m[48;2;184;203;202m▀[0m[38;2;184;203;202m[48;2;184;203;202m▀[0m[38;2;184;203;202m[48;2;184;203;202m▀[0m[38;2;184;203;202m[48;2;184;203;202m▀[0m[38;2;184;203;202m[48;2;184;203;202m▀[0m[38;2;184;203;202m[48;2;184;203;202m▀[0m[38;2;184;203;202m[48;2;184;203;202m▀[0m[38;2;184;203;202m[48;2;184;203;202m▀[0m[38;2;184;203;202m[48;2;184;203;202m▀[0m[38;2;184;203;202m[48;2;184;203;202m▀[0m[38;2;184;203;202m[48;2;184;203;202m▀[0m[38;2;187;207;206m[48;2;188;208;207m▀[0m[38;2;147;164;159m[48;2;159;175;175m▀[0m[38;2;46;49;46m[48;2;30;31;31m▀[0m[38;2;32;33;32m[48;2;31;31;30m▀[0m[38;2;50;53;50m[48;2;60;64;62m▀[0m[38;2;58;61;59m[48;2;120;131;130m▀[0m[38;2;63;69;72m[48;2;175;193;193m▀[0m[38;2;156;128;40m[48;2;173;193;184m▀[0m[38;2;147;145;69m[48;2;146;162;163m▀[0m[38;2;170;198;226m[48;2;106;126;126m▀[0m[38;2;0;0;0m▄[0m   
[38;2;36;39;39m▄[0m[38;2;0;0;0m[48;2;87;96;96m▀[0m[38;2;17;17;17m[48;2;147;161;160m▀[0m[38;2;62;67;67m[48;2;181;199;198m▀[0m[38;2;140;153;153m[48;2;138;153;152m▀[0m[38;2;189;208;207m[48;2;126;140;139m▀[0m[38;2;190;210;209m[48;2;110;120;120m▀[0m[38;2;190;210;209m[48;2;111;122;121m▀[0m[38;2;187;206;205m[48;2;151;168;166m▀[0m[38;2;185;204;203m[48;2;181;200;199m▀[0m[38;2;184;203;202m[48;2;190;209;208m▀[0m[38;2;184;203;202m[48;2;185;205;204m▀[0m[38;2;184;203;202m[48;2;186;205;204m▀[0m[38;2;184;203;202m[48;2;184;203;202m▀[0m[38;2;184;203;202m[48;2;184;203;202m▀[0m[38;2;184;203;202m[48;2;185;204;203m▀[0m[38;2;184;203;202m[48;2;188;207;206m▀[0m[38;2;184;203;202m[48;2;186;206;205m▀[0m[38;2;186;205;204m[48;2;167;184;183m▀[0m[38;2;186;205;204m[48;2;167;184;183m▀[0m[38;2;184;203;202m[48;2;185;204;203m▀[0m[38;2;184;203;202m[48;2;189;209;208m▀[0m[38;2;184;203;202m[48;2;186;205;204m▀[0m[38;2;184;203;202m[48;2;184;203;202m▀[0m[38;2;184;203;202m[48;2;184;203;202m▀[0m[38;2;184;203;202m[48;2;187;207;206m▀[0m[38;2;189;209;208m[48;2;183;202;201m▀[0m[38;2;158;174;173m[48;2;109;120;119m▀[0m[38;2;20;20;20m[48;2;88;96;95m▀[0m[38;2;96;104;103m[48;2;185;205;204m▀[0m[38;2;178;196;195m[48;2;189;208;207m▀[0m[38;2;188;209;207m[48;2;178;197;196m▀[0m[38;2;204;221;221m[48;2;183;202;201m▀[0m[38;2;236;250;251m[48;2;193;212;211m▀[0m[38;2;224;239;241m[48;2;195;215;213m▀[0m[38;2;181;196;195m[48;2;216;234;234m▀[0m[38;2;161;178;178m[48;2;222;239;239m▀[0m[38;2;129;147;145m[48;2;221;237;236m▀[0m[38;2;114;133;133m[48;2;207;224;223m▀[0m[38;2;0;0;0m[48;2;157;174;173m▀[0m
[38;2;67;73;73m[48;2;0;0;0m▀[0m[38;2;105;114;114m[48;2;0;0;0m▀[0m[38;2;106;115;115m[48;2;57;63;62m▀[0m[38;2;122;137;135m[48;2;158;176;175m▀[0m[38;2;143;163;161m[48;2;186;206;205m▀[0m[38;2;171;189;188m[48;2;188;207;206m▀[0m[38;2;165;181;180m[48;2;188;207;206m▀[0m[38;2;168;185;184m[48;2;188;207;206m▀[0m[38;2;151;167;166m[48;2;190;209;208m▀[0m[38;2;126;140;139m[48;2;182;200;199m▀[0m[38;2;125;138;138m[48;2;177;195;194m▀[0m[38;2;169;188;187m[48;2;148;165;164m▀[0m[38;2;170;187;186m[48;2;121;135;134m▀[0m[38;2;188;208;207m[48;2;127;142;141m▀[0m[38;2;191;210;209m[48;2;123;138;137m▀[0m[38;2;176;194;193m[48;2;149;166;165m▀[0m[38;2;141;157;156m[48;2;161;178;177m▀[0m[38;2;122;134;134m[48;2;174;191;190m▀[0m[38;2;121;133;133m[48;2;190;210;209m▀[0m[38;2;121;134;133m[48;2;190;209;208m▀[0m[38;2;141;158;157m[48;2;174;192;191m▀[0m[38;2;122;134;133m[48;2;204;218;219m▀[0m[38;2;164;182;181m[48;2;176;183;184m▀[0m[38;2;186;205;204m[48;2;133;145;144m▀[0m[38;2;189;209;208m[48;2;124;137;136m▀[0m[38;2;158;174;173m[48;2;134;149;148m▀[0m[38;2;129;144;143m[48;2;168;185;184m▀[0m[38;2;150;165;164m[48;2;186;206;205m▀[0m[38;2;184;204;203m[48;2;193;213;212m▀[0m[38;2;200;218;217m[48;2;194;213;212m▀[0m[38;2;227;241;242m[48;2;190;209;208m▀[0m[38;2;204;217;217m[48;2;208;225;225m▀[0m[38;2;166;184;183m[48;2;215;229;229m▀[0m[38;2;129;143;142m[48;2;214;227;228m▀[0m[38;2;98;109;108m[48;2;163;177;177m▀[0m[38;2;103;113;113m[48;2;72;85;81m▀[0m[38;2;103;114;113m[48;2;0;0;0m▀[0m[38;2;105;115;114m[48;2;0;0;0m▀[0m[38;2;119;128;127m[48;2;0;0;0m▀[0m[38;2;128;140;140m[48;2;0;0;0m▀[0m
 [38;2;0;0;0m▀[0m[38;2;55;63;61m[48;2;0;0;0m▀[0m[38;2;129;144;143m[48;2;0;0;0m▀[0m[38;2;171;189;188m[48;2;38;42;42m▀[0m[38;2;172;189;189m[48;2;39;40;40m▀[0m[38;2;172;189;188m[48;2;39;40;40m▀[0m[38;2;172;189;188m[48;2;39;40;40m▀[0m[38;2;173;190;189m[48;2;39;42;42m▀[0m[38;2;160;178;177m[48;2;38;44;41m▀[0m[38;2;112;123;123m[48;2;0;0;0m▀[0m[38;2;110;121;121m[48;2;0;0;0m▀[0m[38;2;100;113;113m▀[0m[38;2;8;8;8m▀[0m[38;2;73;84;82m▀[0m[38;2;109;119;119m[48;2;0;0;0m▀[0m[38;2;147;164;163m[48;2;24;29;24m▀[0m[38;2;178;196;195m[48;2;59;67;67m▀[0m[38;2;188;208;207m[48;2;109;120;119m▀[0m[38;2;190;210;209m[48;2;107;117;117m▀[0m[38;2;191;210;209m[48;2;106;116;116m▀[0m[38;2;193;213;212m[48;2;106;116;116m▀[0m[38;2;235;249;250m[48;2;112;123;122m▀[0m[38;2;211;222;223m[48;2;70;78;76m▀[0m[38;2;138;153;152m[48;2;28;33;33m▀[0m[38;2;103;116;114m▀[0m[38;2;30;32;32m▀[0m[38;2;92;102;102m▀[0m[38;2;105;115;115m[48;2;0;0;0m▀[0m[38;2;136;150;149m[48;2;14;21;21m▀[0m[38;2;172;190;189m[48;2;39;41;41m▀[0m[38;2;170;187;186m[48;2;39;40;40m▀[0m[38;2;171;189;188m[48;2;39;40;40m▀[0m[38;2;176;194;193m[48;2;37;41;41m▀[0m[38;2;153;166;166m[48;2;0;0;0m▀[0m[38;2;121;137;133m▀[0m    
[0m