                      [38;2;17;17;17m[48;2;0;0;0m▀[0m[38;2;16;19;17m[48;2;55;46;52m▀[0m[38;2;86;82;87m[48;2;149;121;140m▀[0m[38;2;144;130;142m[48;2;159;136;153m▀[0m[38;2;144;114;136m[48;2;173;127;154m▀[0m[38;2;0;0;0m[48;2;86;52;71m▀[0m[38;2;105;59;110m▄[0m[38;2;36;91;255m[48;2;61;125;245m▀[0m[38;2;36;99;255m[48;2;93;158;255m▀[0m[38;2;31;89;232m[48;2;87;148;253m▀[0m[38;2;48;109;255m▄[0m       
                      [38;2;15;15;15m[48;2;25;25;25m▀[0m[38;2;23;18;21m[48;2;10;10;10m▀[0m[38;2;77;78;80m[48;2;38;45;42m▀[0m[38;2;145;112;133m[48;2;146;96;127m▀[0m[38;2;153;88;128m[48;2;238;183;223m▀[0m[38;2;211;146;188m[48;2;255;202;243m▀[0m[38;2;239;184;230m[48;2;246;192;231m▀[0m[38;2;225;192;249m[48;2;238;182;216m▀[0m[38;2;209;174;212m[48;2;184;126;162m▀[0m[38;2;118;90;128m[48;2;28;21;23m▀[0m[38;2;15;25;43m[48;2;106;84;96m▀[0m[38;2;114;67;96m[48;2;220;163;200m▀[0m[38;2;129;82;112m[48;2;165;141;157m▀[0m[38;2;38;40;39m[48;2;187;190;189m▀[0m[38;2;40;40;40m[48;2;78;78;78m▀[0m[38;2;0;0;0m[48;2;0;0;0m▀[0m  
                       [38;2;26;26;26m▀[0m[38;2;66;37;55m[48;2;145;74;119m▀[0m[38;2;189;137;170m[48;2;209;154;190m▀[0m[38;2;232;180;217m[48;2;213;164;197m▀[0m[38;2;229;177;213m[48;2;211;162;195m▀[0m[38;2;213;164;197m[48;2;213;164;197m▀[0m[38;2;211;162;195m[48;2;213;164;197m▀[0m[38;2;218;168;201m[48;2;217;166;200m▀[0m[38;2;36;33;36m[48;2;127;81;111m▀[0m[38;2;84;83;87m[48;2;0;5;0m▀[0m[38;2;183;141;168m[48;2;119;81;103m▀[0m[38;2;120;99;115m[48;2;136;102;122m▀[0m[38;2;82;89;88m[48;2;67;72;70m▀[0m[38;2;41;41;41m[48;2;23;23;23m▀[0m[38;2;0;0;0m▀[0m  
                        [38;2;134;70;111m[48;2;135;69;111m▀[0m[38;2;208;154;190m[48;2;189;130;166m▀[0m[38;2;215;166;199m[48;2;214;165;198m▀[0m[38;2;213;164;197m[48;2;213;164;197m▀[0m[38;2;213;164;197m[48;2;213;164;197m▀[0m[38;2;213;164;197m[48;2;213;164;197m▀[0m[38;2;216;167;200m[48;2;213;165;197m▀[0m[38;2;182;133;164m[48;2;202;149;183m▀[0m[38;2;65;40;55m[48;2;203;147;183m▀[0m[38;2;141;93;123m[48;2;217;167;200m▀[0m[38;2;120;100;114m[48;2;213;165;198m▀[0m[38;2;110;115;113m[48;2;173;136;164m▀[0m[38;2;19;35;27m[48;2;179;126;158m▀[0m[38;2;51;0;0m▄[0m  
                        [38;2;127;63;127m▀[0m[38;2;148;85;124m[48;2;144;80;120m▀[0m[38;2;218;167;201m[48;2;207;153;188m▀[0m[38;2;213;164;197m[48;2;214;165;198m▀[0m[38;2;213;164;197m[48;2;213;164;197m▀[0m[38;2;213;164;197m[48;2;213;164;197m▀[0m[38;2;213;164;197m[48;2;213;164;197m▀[0m[38;2;214;166;199m[48;2;213;164;197m▀[0m[38;2;215;167;200m[48;2;213;164;197m▀[0m[38;2;213;164;197m[48;2;213;164;197m▀[0m[38;2;213;164;197m[48;2;213;164;197m▀[0m[38;2;246;191;230m[48;2;223;172;206m▀[0m[38;2;221;163;201m[48;2;255;199;241m▀[0m[38;2;180;123;158m[48;2;167;106;144m▀[0m  
                         [38;2;127;61;102m[48;2;0;0;0m▀[0m[38;2;163;106;142m[48;2;80;63;75m▀[0m[38;2;217;168;201m[48;2;223;171;206m▀[0m[38;2;213;164;197m[48;2;214;165;198m▀[0m[38;2;213;164;198m[48;2;212;163;195m▀[0m[38;2;215;167;200m[48;2;200;145;181m▀[0m[38;2;221;170;204m[48;2;157;120;145m▀[0m[38;2;221;170;205m[48;2;150;117;140m▀[0m[38;2;218;169;202m[48;2;187;136;170m▀[0m[38;2;210;162;194m[48;2;152;99;131m▀[0m[38;2;199;154;184m[48;2;8;13;10m▀[0m[38;2;201;143;180m[48;2;101;56;85m▀[0m[38;2;141;75;116m[48;2;196;98;156m▀[0m  
                         [38;2;0;0;0m[48;2;32;26;29m▀[0m[38;2;77;62;72m[48;2;184;133;165m▀[0m[38;2;223;172;207m[48;2;220;171;204m▀[0m[38;2;213;164;196m[48;2;208;157;191m▀[0m[38;2;188;127;164m[48;2;126;69;104m▀[0m[38;2;142;77;117m[48;2;102;0;51m▀[0m[38;2;7;2;4m▀[0m[38;2;0;0;0m▀[0m[38;2;87;43;72m▀[0m[38;2;142;72;118m▀[0m     
                        [38;2;0;0;0m▄[0m[38;2;30;28;30m[48;2;27;27;27m▀[0m[38;2;168;143;162m[48;2;98;108;107m▀[0m[38;2;194;151;180m[48;2;76;70;76m▀[0m[38;2;199;152;183m[48;2;73;57;68m▀[0m[38;2;7;10;9m[48;2;14;14;14m▀[0m          
                        [38;2;5;7;5m[48;2;3;5;3m▀[0m[38;2;150;122;142m[48;2;79;89;87m▀[0m[38;2;185;147;173m[48;2;77;89;86m▀[0m[38;2;95;72;86m[48;2;84;68;78m▀[0m[38;2;7;9;7m[48;2;32;25;29m▀[0m           
                       [38;2;0;0;0m[48;2;0;0;0m▀[0m[38;2;104;83;97m[48;2;58;64;64m▀[0m[38;2;207;172;201m[48;2;105;114;114m▀[0m[38;2;192;151;179m[48;2;93;100;100m▀[0m[38;2;64;46;56m[48;2;110;86;101m▀[0m[38;2;22;20;21m[48;2;120;83;104m▀[0m[38;2;0;0;0m[48;2;12;14;12m▀[0m          
              [38;2;183;111;156m▄[0m[38;2;151;86;127m▄[0m[38;2;149;85;126m▄[0m[38;2;181;125;158m▄[0m[38;2;187;131;164m▄[0m[38;2;197;138;173m▄[0m[38;2;188;132;165m▄[0m[38;2;147;88;117m▄[0m[38;2;51;0;0m[48;2;114;51;89m▀[0m[38;2;127;78;108m[48;2;180;117;157m▀[0m[38;2;161;134;154m[48;2;255;206;249m▀[0m[38;2;188;158;181m[48;2;255;201;245m▀[0m[38;2;115;99;111m[48;2;231;177;215m▀[0m[38;2;20;26;24m[48;2;187;147;175m▀[0m[38;2;4;7;5m[48;2;146;105;130m▀[0m[38;2;12;14;12m[48;2;26;24;25m▀[0m[38;2;0;0;0m▄[0m         
              [38;2;137;98;121m[48;2;27;24;27m▀[0m[38;2;228;176;211m[48;2;136;101;123m▀[0m[38;2;217;167;201m[48;2;215;162;196m▀[0m[38;2;216;166;200m[48;2;218;168;202m▀[0m[38;2;231;178;214m[48;2;215;166;199m▀[0m[38;2;245;191;231m[48;2;212;163;196m▀[0m[38;2;235;179;217m[48;2;230;178;214m▀[0m[38;2;210;155;190m[48;2;219;160;201m▀[0m[38;2;157;94;134m[48;2;186;128;166m▀[0m[38;2;233;179;216m[48;2;255;197;239m▀[0m[38;2;255;199;240m[48;2;255;197;239m▀[0m[38;2;255;198;240m[48;2;253;196;238m▀[0m[38;2;244;189;228m[48;2;223;172;207m▀[0m[38;2;215;165;199m[48;2;212;164;197m▀[0m[38;2;221;169;204m[48;2;211;162;195m▀[0m[38;2;155;114;139m[48;2;202;148;182m▀[0m[38;2;104;69;89m[48;2;230;171;209m▀[0m[38;2;189;132;167m▄[0m[38;2;189;128;162m▄[0m[38;2;176;117;152m▄[0m      
               [38;2;18;16;16m▀[0m[38;2;43;33;39m▀[0m[38;2;153;111;136m[48;2;0;5;1m▀[0m[38;2;196;148;180m[48;2;68;37;57m▀[0m[38;2;205;150;186m[48;2;144;73;116m▀[0m[38;2;151;88;128m[48;2;106;37;78m▀[0m[38;2;144;80;120m[48;2;191;130;170m▀[0m[38;2;230;173;213m[48;2;253;200;240m▀[0m[38;2;255;201;242m[48;2;255;197;238m▀[0m[38;2;255;197;238m[48;2;255;199;240m▀[0m[38;2;246;190;230m[48;2;220;170;204m▀[0m[38;2;212;163;196m[48;2;212;163;196m▀[0m[38;2;213;164;197m[48;2;213;164;197m▀[0m[38;2;212;163;196m[48;2;213;164;197m▀[0m[38;2;225;174;209m[48;2;214;165;198m▀[0m[38;2;250;196;235m[48;2;202;150;183m▀[0m[38;2;249;191;231m[48;2;213;163;196m▀[0m[38;2;249;193;233m[48;2;213;164;197m▀[0m[38;2;211;154;190m[48;2;232;179;216m▀[0m[38;2;201;142;179m[48;2;240;188;227m▀[0m[38;2;190;133;168m[48;2;232;175;213m▀[0m[38;2;160;100;130m[48;2;221;162;200m▀[0m[38;2;172;106;139m[48;2;193;139;172m▀[0m[38;2;182;121;155m▄[0m[38;2;185;139;162m▄[0m
                    [38;2;142;79;119m[48;2;155;95;133m▀[0m[38;2;218;159;198m[48;2;216;168;201m▀[0m[38;2;255;203;244m[48;2;240;185;223m▀[0m[38;2;255;199;240m[48;2;237;183;220m▀[0m[38;2;238;184;221m[48;2;212;163;196m▀[0m[38;2;214;164;198m[48;2;213;164;197m▀[0m[38;2;213;164;197m[48;2;213;164;197m▀[0m[38;2;213;164;197m[48;2;213;164;197m▀[0m[38;2;213;164;197m[48;2;213;164;197m▀[0m[38;2;214;165;198m[48;2;213;164;197m▀[0m[38;2;206;154;188m[48;2;217;168;201m▀[0m[38;2;172;114;151m[48;2;188;142;172m▀[0m[38;2;205;159;190m[48;2;34;23;31m▀[0m[38;2;215;165;198m[48;2;123;96;113m▀[0m[38;2;216;166;199m[48;2;182;141;169m▀[0m[38;2;219;169;202m[48;2;225;173;208m▀[0m[38;2;229;178;214m[48;2;221;170;204m▀[0m[38;2;222;170;205m[48;2;177;137;164m▀[0m[38;2;218;163;198m[48;2;106;84;100m▀[0m[38;2;157;97;135m[48;2;46;27;38m▀[0m
                   [38;2;136;70;109m[48;2;139;75;115m▀[0m[38;2;174;115;152m[48;2;212;159;194m▀[0m[38;2;216;167;200m[48;2;213;164;197m▀[0m[38;2;212;163;196m[48;2;213;164;197m▀[0m[38;2;212;163;196m[48;2;213;164;197m▀[0m[38;2;213;164;197m[48;2;213;164;197m▀[0m[38;2;213;164;197m[48;2;213;164;197m▀[0m[38;2;213;164;197m[48;2;213;164;197m▀[0m[38;2;213;164;197m[48;2;213;164;197m▀[0m[38;2;213;164;197m[48;2;213;164;197m▀[0m[38;2;213;164;197m[48;2;213;164;197m▀[0m[38;2;215;166;199m[48;2;215;166;199m▀[0m[38;2;210;156;192m[48;2;209;155;191m▀[0m[38;2;147;74;122m[48;2;140;74;117m▀[0m[38;2;0;0;0m▀[0m[38;2;34;29;33m▀[0m[38;2;114;90;106m[48;2;0;0;0m▀[0m[38;2;109;86;101m[48;2;0;0;0m▀[0m[38;2;13;13;13m▀[0m[38;2;0;0;0m▀[0m 
                 [38;2;136;76;110m▄[0m[38;2;131;69;108m[48;2;139;70;114m▀[0m[38;2;155;90;130m[48;2;192;135;171m▀[0m[38;2;215;164;198m[48;2;215;166;199m▀[0m[38;2;213;164;197m[48;2;213;164;197m▀[0m[38;2;213;164;197m[48;2;213;164;197m▀[0m[38;2;213;164;197m[48;2;213;164;197m▀[0m[38;2;213;164;197m[48;2;213;164;197m▀[0m[38;2;213;164;197m[48;2;213;164;197m▀[0m[38;2;213;164;197m[48;2;213;164;197m▀[0m[38;2;213;164;197m[48;2;213;164;197m▀[0m[38;2;213;164;197m[48;2;213;164;197m▀[0m[38;2;213;164;197m[48;2;213;164;197m▀[0m[38;2;214;165;198m[48;2;213;164;197m▀[0m[38;2;214;164;197m[48;2;224;172;207m▀[0m[38;2;157;105;137m[48;2;133;106;125m▀[0m[38;2;89;43;70m[48;2;0;0;0m▀[0m      
                [38;2;142;76;119m▄[0m[38;2;154;93;132m[48;2;169;110;147m▀[0m[38;2;175;114;153m[48;2;157;95;133m▀[0m[38;2;192;138;173m[48;2;198;145;179m▀[0m[38;2;216;167;200m[48;2;215;166;199m▀[0m[38;2;213;164;197m[48;2;213;164;197m▀[0m[38;2;213;164;197m[48;2;213;164;197m▀[0m[38;2;213;164;197m[48;2;213;164;197m▀[0m[38;2;213;164;197m[48;2;213;164;197m▀[0m[38;2;213;164;197m[48;2;213;164;197m▀[0m[38;2;213;164;197m[48;2;213;164;197m▀[0m[38;2;213;164;197m[48;2;215;167;199m▀[0m[38;2;214;165;198m[48;2;203;151;184m▀[0m[38;2;213;164;197m[48;2;213;164;197m▀[0m[38;2;213;164;197m[48;2;213;164;197m▀[0m[38;2;203;147;182m[48;2;218;167;201m▀[0m[38;2;126;98;117m[48;2;154;107;135m▀[0m[38;2;0;0;0m[48;2;34;6;23m▀[0m      
 [38;2;0;57;220m▄[0m[38;2;23;94;255m▄[0m[38;2;36;87;233m▄[0m            [38;2;144;80;120m[48;2;144;79;120m▀[0m[38;2;199;143;180m[48;2;184;130;165m▀[0m[38;2;168;109;147m[48;2;158;109;141m▀[0m[38;2;214;166;199m[48;2;219;170;204m▀[0m[38;2;213;164;197m[48;2;213;164;197m▀[0m[38;2;213;164;197m[48;2;213;164;197m▀[0m[38;2;213;164;197m[48;2;213;164;197m▀[0m[38;2;213;164;197m[48;2;213;164;197m▀[0m[38;2;213;164;197m[48;2;213;164;197m▀[0m[38;2;213;164;197m[48;2;216;169;201m▀[0m[38;2;215;167;199m[48;2;189;134;170m▀[0m[38;2;181;126;162m[48;2;175;117;155m▀[0m[38;2;195;142;175m[48;2;216;167;200m▀[0m[38;2;214;165;198m[48;2;213;164;197m▀[0m[38;2;212;164;196m[48;2;212;164;196m▀[0m[38;2;244;189;227m[48;2;245;189;228m▀[0m[38;2;248;192;235m[48;2;255;206;247m▀[0m[38;2;169;103;146m[48;2;199;136;178m▀[0m[38;2;25;0;0m[48;2;129;64;109m▀[0m     
[38;2;0;51;234m[48;2;92;138;243m▀[0m[38;2;117;156;248m[48;2;231;241;255m▀[0m[38;2;115;169;255m[48;2;111;155;243m▀[0m[38;2;70;129;239m[48;2;77;138;247m▀[0m[38;2;0;30;188m[48;2;53;104;212m▀[0m[38;2;0;21;167m▄[0m          [38;2;156;82;128m[48;2;0;0;0m▀[0m[38;2;118;72;100m[48;2;56;30;46m▀[0m[38;2;101;83;95m[48;2;153;100;132m▀[0m[38;2;225;173;208m[48;2;211;160;194m▀[0m[38;2;213;164;197m[48;2;214;165;198m▀[0m[38;2;213;164;197m[48;2;213;164;197m▀[0m[38;2;213;164;197m[48;2;213;164;197m▀[0m[38;2;213;164;197m[48;2;213;164;197m▀[0m[38;2;213;164;197m[48;2;214;165;198m▀[0m[38;2;210;160;194m[48;2;204;152;187m▀[0m[38;2;174;116;154m[48;2;162;102;141m▀[0m[38;2;198;145;180m[48;2;219;170;203m▀[0m[38;2;215;166;199m[48;2;213;164;197m▀[0m[38;2;213;164;197m[48;2;213;164;197m▀[0m[38;2;212;163;196m[48;2;213;164;197m▀[0m[38;2;214;165;198m[48;2;212;163;196m▀[0m[38;2;243;188;227m[48;2;217;167;201m▀[0m[38;2;255;205;248m[48;2;215;167;201m▀[0m[38;2;154;87;131m[48;2;64;44;57m▀[0m     
[38;2;69;128;249m[48;2;27;65;151m▀[0m[38;2;95;151;249m[48;2;80;122;185m▀[0m[38;2;36;92;236m[48;2;97;159;254m▀[0m[38;2;75;136;255m[48;2;85;134;212m▀[0m[38;2;69;97;129m[48;2;63;75;84m▀[0m[38;2;0;0;0m[48;2;30;32;32m▀[0m[38;2;7;7;7m▄[0m    [38;2;11;11;11m▄[0m[38;2;10;12;10m▄[0m[38;2;6;10;8m▄[0m[38;2;0;0;0m[48;2;57;62;61m▀[0m[38;2;0;0;0m[48;2;58;65;64m▀[0m[38;2;67;54;63m[48;2;165;126;150m▀[0m[38;2;166;112;147m[48;2;221;170;205m▀[0m[38;2;216;166;200m[48;2;214;165;198m▀[0m[38;2;212;163;196m[48;2;214;165;198m▀[0m[38;2;213;164;197m[48;2;214;165;198m▀[0m[38;2;213;164;197m[48;2;214;166;199m▀[0m[38;2;214;166;199m[48;2;200;147;181m▀[0m[38;2;215;166;199m[48;2;197;143;177m▀[0m[38;2;217;169;202m[48;2;184;127;163m▀[0m[38;2;197;144;179m[48;2;174;113;149m▀[0m[38;2;163;103;142m[48;2;160;97;136m▀[0m[38;2;218;169;202m[48;2;212;161;194m▀[0m[38;2;213;164;197m[48;2;215;166;199m▀[0m[38;2;213;164;197m[48;2;213;164;197m▀[0m[38;2;213;164;197m[48;2;216;166;199m▀[0m[38;2;214;165;198m[48;2;221;168;203m▀[0m[38;2;223;169;204m[48;2;156;112;138m▀[0m[38;2;81;63;74m[48;2;45;32;38m▀[0m[38;2;0;0;0m[48;2;0;0;0m▀[0m     
[38;2;0;0;0m▀[0m[38;2;30;35;39m▀[0m[38;2;39;50;56m▀[0m[38;2;48;56;60m▀[0m[38;2;86;91;89m[48;2;14;14;14m▀[0m[38;2;86;92;92m[48;2;24;24;24m▀[0m[38;2;65;73;71m[48;2;67;74;73m▀[0m[38;2;103;61;87m[48;2;99;80;92m▀[0m[38;2;145;85;124m[48;2;209;151;187m▀[0m[38;2;37;35;39m[48;2;162;128;150m▀[0m[38;2;29;32;32m[48;2;61;69;67m▀[0m[38;2;78;87;86m[48;2;64;72;71m▀[0m[38;2;128;115;126m[48;2;110;87;102m▀[0m[38;2;190;145;175m[48;2;206;144;182m▀[0m[38;2;165;129;153m[48;2;182;140;167m▀[0m[38;2;103;114;113m[48;2;63;69;68m▀[0m[38;2;113;113;116m[48;2;68;73;73m▀[0m[38;2;204;156;188m[48;2;180;125;157m▀[0m[38;2;210;160;193m[48;2;192;130;166m▀[0m[38;2;214;162;196m[48;2;129;90;112m▀[0m[38;2;194;135;170m[48;2;107;75;93m▀[0m[38;2;194;135;170m[48;2;111;77;96m▀[0m[38;2;162;111;141m[48;2;86;62;76m▀[0m[38;2;150;97;128m[48;2;60;45;53m▀[0m[38;2;76;42;63m[48;2;0;0;0m▀[0m[38;2;36;28;32m▀[0m[38;2;31;22;28m▀[0m[38;2;119;85;104m[48;2;3;5;5m▀[0m[38;2;210;158;192m[48;2;159;111;139m▀[0m[38;2;216;166;199m[48;2;225;173;208m▀[0m[38;2;197;153;182m[48;2;114;80;103m▀[0m[38;2;70;56;66m[48;2;0;0;0m▀[0m[38;2;28;23;27m▀[0m[38;2;0;0;0m▀[0m      
      [38;2;5;2;2m▀[0m[38;2;0;0;0m▀[0m[38;2;69;50;60m[48;2;0;0;0m▀[0m[38;2;51;37;45m[48;2;0;0;0m▀[0m[38;2;9;9;9m[48;2;22;22;22m▀[0m[38;2;10;10;10m[48;2;15;15;15m▀[0m[38;2;26;18;23m[48;2;12;14;13m▀[0m[38;2;127;75;106m[48;2;22;17;19m▀[0m[38;2;131;78;111m[48;2;25;19;23m▀[0m[38;2;8;9;8m[48;2;15;17;17m▀[0m[38;2;13;12;12m[48;2;16;16;16m▀[0m[38;2;69;50;61m[48;2;0;0;0m▀[0m[38;2;71;52;63m[48;2;0;0;0m▀[0m[38;2;107;75;94m[48;2;144;81;119m▀[0m[38;2;121;84;105m[48;2;158;88;132m▀[0m[38;2;116;81;102m[48;2;153;85;127m▀[0m[38;2;179;122;155m[48;2;149;83;125m▀[0m[38;2;197;134;171m[48;2;148;83;124m▀[0m[38;2;195;131;168m[48;2;187;119;153m▀[0m [38;2;0;0;0m▄[0m[38;2;6;8;8m[48;2;116;84;102m▀[0m[38;2;177;132;161m[48;2;219;167;202m▀[0m[38;2;218;168;202m[48;2;214;165;198m▀[0m[38;2;202;148;184m[48;2;215;167;199m▀[0m[38;2;127;87;111m[48;2;217;165;199m▀[0m[38;2;143;76;119m[48;2;217;163;199m▀[0m[38;2;141;70;113m[48;2;156;108;139m▀[0m[38;2;138;139;142m▄[0m[38;2;117;127;127m▄[0m    
                          [38;2;0;0;0m▀[0m[38;2;91;72;85m[48;2;0;0;0m▀[0m[38;2;200;148;181m[48;2;55;42;50m▀[0m[38;2;222;171;205m[48;2;71;57;66m▀[0m[38;2;220;169;204m[48;2;69;56;65m▀[0m[38;2;221;170;204m[48;2;69;56;65m▀[0m[38;2;225;173;208m[48;2;70;57;66m▀[0m[38;2;170;138;160m[48;2;66;49;59m▀[0m[38;2;135;135;136m[48;2;0;0;0m▀[0m[38;2;55;60;58m[48;2;0;0;0m▀[0m    
[0m