            [38;2;48;59;66m[48;2;48;55;62m▀[0m[38;2;48;57;65m[48;2;48;55;64m▀[0m[38;2;53;62;70m[48;2;67;79;91m▀[0m[38;2;44;53;59m[48;2;70;82;96m▀[0m[38;2;38;51;51m[48;2;53;61;69m▀[0m[38;2;34;43;43m▄[0m                      
            [38;2;44;51;55m[48;2;44;51;58m▀[0m[38;2;47;54;62m[48;2;50;58;65m▀[0m[38;2;83;98;117m[48;2;71;85;105m▀[0m[38;2;96;112;136m[48;2;86;103;128m▀[0m[38;2;63;73;85m[48;2;94;110;132m▀[0m[38;2;45;54;59m[48;2;88;102;122m▀[0m                      
            [38;2;44;49;60m▀[0m[38;2;49;55;62m[48;2;0;0;0m▀[0m[38;2;64;78;99m[48;2;74;90;116m▀[0m[38;2;80;97;124m[48;2;80;97;124m▀[0m[38;2;97;115;143m[48;2;78;94;121m▀[0m[38;2;88;106;127m[48;2;66;78;97m▀[0m[38;2;46;50;57m[48;2;47;55;62m▀[0m[38;2;39;39;39m[48;2;43;51;55m▀[0m                    
          [38;2;0;0;0m▄[0m[38;2;8;8;8m▄[0m[38;2;61;81;81m[48;2;41;49;56m▀[0m[38;2;45;52;60m[48;2;54;64;75m▀[0m[38;2;52;62;72m[48;2;58;67;77m▀[0m[38;2;59;71;87m[48;2;59;69;81m▀[0m[38;2;70;85;109m[48;2;76;90;113m▀[0m[38;2;72;88;112m[48;2;80;97;124m▀[0m[38;2;65;78;96m[48;2;74;91;116m▀[0m[38;2;56;67;78m[48;2;61;73;86m▀[0m[38;2;47;54;60m[48;2;45;51;59m▀[0m[38;2;51;51;51m[48;2;51;51;51m▀[0m                  
          [38;2;0;0;0m[48;2;0;0;0m▀[0m[38;2;9;7;6m[48;2;9;8;4m▀[0m[38;2;32;36;43m[48;2;35;40;48m▀[0m[38;2;69;84;106m[48;2;76;93;120m▀[0m[38;2;87;103;127m[48;2;89;107;136m▀[0m[38;2;96;112;134m[48;2;94;111;137m▀[0m[38;2;97;114;137m[48;2;101;118;143m▀[0m[38;2;87;104;131m[48;2;96;113;138m▀[0m[38;2;72;87;112m[48;2;85;100;125m▀[0m[38;2;57;67;80m[48;2;79;92;112m▀[0m[38;2;42;49;55m[48;2;66;78;92m▀[0m[38;2;45;53;60m▄[0m[38;2;30;36;36m▄[0m                 
          [38;2;0;0;0m[48;2;0;0;0m▀[0m[38;2;10;8;5m[48;2;12;6;6m▀[0m[38;2;32;36;43m[48;2;22;25;27m▀[0m[38;2;68;82;105m[48;2;28;31;37m▀[0m[38;2;72;88;113m[48;2;43;50;59m▀[0m[38;2;75;90;114m[48;2;59;70;85m▀[0m[38;2;93;110;134m[48;2;76;92;117m▀[0m[38;2;100;117;141m[48;2;91;109;135m▀[0m[38;2;99;116;140m[48;2;101;118;142m▀[0m[38;2;104;121;146m[48;2;101;119;143m▀[0m[38;2;89;105;125m[48;2;98;115;138m▀[0m[38;2;57;67;77m[48;2;90;106;127m▀[0m[38;2;45;54;60m[48;2;71;82;97m▀[0m[38;2;54;54;54m[48;2;48;55;64m▀[0m[38;2;0;0;127m[48;2;45;54;63m▀[0m               
            [38;2;4;4;0m[48;2;11;11;11m▀[0m[38;2;11;9;7m[48;2;15;14;14m▀[0m[38;2;33;36;39m[48;2;36;41;45m▀[0m[38;2;53;62;71m[48;2;51;59;67m▀[0m[38;2;62;74;93m[48;2;48;56;64m▀[0m[38;2;78;94;117m[48;2;59;71;86m▀[0m[38;2;94;111;137m[48;2;77;93;118m▀[0m[38;2;99;116;141m[48;2;92;110;135m▀[0m[38;2;104;121;146m[48;2;103;120;145m▀[0m[38;2;104;123;148m[48;2;100;118;142m▀[0m[38;2;71;82;97m[48;2;52;59;69m▀[0m[38;2;34;39;43m[48;2;10;9;6m▀[0m[38;2;32;39;39m[48;2;7;7;0m▀[0m               
            [38;2;12;12;12m[48;2;0;0;0m▀[0m[38;2;14;14;14m[48;2;16;16;16m▀[0m[38;2;24;27;28m[48;2;19;19;19m▀[0m[38;2;26;28;30m[48;2;22;23;24m▀[0m[38;2;23;24;24m[48;2;24;27;31m▀[0m[38;2;24;27;29m[48;2;24;26;30m▀[0m[38;2;33;38;46m[48;2;24;25;29m▀[0m[38;2;57;67;79m[48;2;32;35;39m▀[0m[38;2;79;93;113m[48;2;46;53;64m▀[0m[38;2;88;106;133m[48;2;60;72;92m▀[0m[38;2;48;55;67m[48;2;38;44;56m▀[0m[38;2;9;8;6m[48;2;10;8;7m▀[0m[38;2;6;6;0m[48;2;9;9;9m▀[0m               
            [38;2;12;12;12m[48;2;10;10;6m▀[0m[38;2;16;14;14m[48;2;15;14;14m▀[0m[38;2;32;35;38m[48;2;44;51;60m▀[0m[38;2;50;58;67m[48;2;69;82;102m▀[0m[38;2;66;79;100m[48;2;76;93;118m▀[0m[38;2;73;89;114m[48;2;80;98;126m▀[0m[38;2;67;80;102m[48;2;77;93;119m▀[0m[38;2;29;33;38m[48;2;62;73;88m▀[0m[38;2;12;11;9m[48;2;55;63;73m▀[0m[38;2;17;17;18m[48;2;54;62;72m▀[0m[38;2;15;15;15m[48;2;53;60;71m▀[0m[38;2;0;0;0m[48;2;43;48;54m▀[0m[38;2;0;0;0m[48;2;0;0;0m▀[0m               
            [38;2;7;7;3m[48;2;6;6;3m▀[0m[38;2;14;13;13m[48;2;15;14;14m▀[0m[38;2;51;61;76m[48;2;52;62;77m▀[0m[38;2;79;97;124m[48;2;81;99;126m▀[0m[38;2;76;92;117m[48;2;79;96;123m▀[0m[38;2;73;89;114m[48;2;77;94;120m▀[0m[38;2;75;91;116m[48;2;76;92;119m▀[0m[38;2;92;110;135m[48;2;77;94;119m▀[0m[38;2;104;122;148m[48;2;87;104;129m▀[0m[38;2;103;122;147m[48;2;101;119;143m▀[0m[38;2;79;92;109m[48;2;99;116;139m▀[0m[38;2;50;58;65m[48;2;82;97;116m▀[0m[38;2;49;58;67m[48;2;58;68;77m▀[0m[38;2;39;58;58m[48;2;43;49;56m▀[0m              
            [38;2;6;6;0m▀[0m[38;2;12;10;10m▀[0m[38;2;50;59;72m[48;2;53;62;71m▀[0m[38;2;66;79;97m[48;2;47;54;61m▀[0m[38;2;52;62;78m[48;2;19;20;21m▀[0m[38;2;55;65;81m[48;2;26;29;31m▀[0m[38;2;65;78;96m[48;2;51;59;68m▀[0m[38;2;71;87;111m[48;2;68;82;102m▀[0m[38;2;80;97;123m[48;2;75;91;117m▀[0m[38;2;89;106;132m[48;2;73;89;113m▀[0m[38;2;103;120;147m[48;2;91;108;133m▀[0m[38;2;98;115;139m[48;2;93;109;131m▀[0m[38;2;63;74;85m[48;2;59;69;80m▀[0m[38;2;43;50;54m[48;2;43;50;55m▀[0m              
          [38;2;0;0;0m▄[0m[38;2;6;0;0m▄[0m[38;2;51;68;76m[48;2;37;41;50m▀[0m[38;2;47;55;60m[48;2;58;67;79m▀[0m[38;2;62;74;89m[48;2;73;88;109m▀[0m[38;2;65;78;97m[48;2;79;96;124m▀[0m[38;2;54;64;81m[48;2;80;97;125m▀[0m[38;2;59;71;88m[48;2;81;99;127m▀[0m[38;2;64;76;95m[48;2;74;90;115m▀[0m[38;2;38;45;54m[48;2;36;42;51m▀[0m[38;2;34;39;46m[48;2;31;34;38m▀[0m[38;2;52;61;73m[48;2;58;67;77m▀[0m[38;2;59;70;83m[48;2;61;70;82m▀[0m[38;2;61;71;83m[48;2;55;64;73m▀[0m[38;2;56;66;75m[48;2;44;51;57m▀[0m[38;2;50;58;67m[48;2;37;42;49m▀[0m              
          [38;2;0;0;0m▀[0m[38;2;7;5;2m[48;2;29;42;34m▀[0m[38;2;32;35;44m[48;2;37;49;48m▀[0m[38;2;73;88;112m[48;2;40;46;61m▀[0m[38;2;79;97;123m[48;2;39;45;61m▀[0m[38;2;77;93;119m[48;2;38;43;58m▀[0m[38;2;77;94;120m[48;2;36;40;55m▀[0m[38;2;76;92;118m[48;2;55;65;85m▀[0m[38;2;74;90;115m[48;2;79;96;123m▀[0m[38;2;69;84;108m[48;2;78;95;122m▀[0m[38;2;77;92;115m[48;2;81;98;125m▀[0m[38;2;95;111;134m[48;2;91;109;136m▀[0m[38;2;102;119;144m[48;2;104;123;151m▀[0m[38;2;84;97;117m[48;2;102;119;144m▀[0m[38;2;26;29;32m[48;2;72;84;101m▀[0m[38;2;5;1;0m[48;2;47;53;62m▀[0m[38;2;13;13;11m▄[0m[38;2;0;0;0m▄[0m            
       [38;2;0;0;0m[48;2;47;63;63m▀[0m[38;2;53;74;63m[48;2;48;75;59m▀[0m[38;2;27;45;36m[48;2;31;43;39m▀[0m[38;2;21;28;21m[48;2;13;10;13m▀[0m[38;2;55;84;63m[48;2;60;83;51m▀[0m[38;2;49;72;52m[48;2;80;113;66m▀[0m[38;2;21;25;18m[48;2;70;98;56m▀[0m[38;2;18;20;14m[48;2;70;97;55m▀[0m[38;2;19;22;15m[48;2;71;98;56m▀[0m[38;2;17;19;11m[48;2;73;102;57m▀[0m[38;2;39;47;52m[48;2;46;61;39m▀[0m[38;2;69;83;107m[48;2;22;22;32m▀[0m[38;2;75;90;116m[48;2;64;77;102m▀[0m[38;2;72;88;112m[48;2;67;82;104m▀[0m[38;2;66;80;102m[48;2;27;31;36m▀[0m[38;2;78;92;114m[48;2;22;23;28m▀[0m[38;2;92;106;128m[48;2;26;26;34m▀[0m[38;2;97;113;138m[48;2;28;29;37m▀[0m[38;2;61;70;84m[48;2;18;17;24m▀[0m[38;2;13;13;13m[48;2;9;8;14m▀[0m[38;2;16;18;13m[48;2;35;53;45m▀[0m[38;2;51;76;63m[48;2;45;72;60m▀[0m           
    [38;2;0;0;0m▄[0m[38;2;42;85;42m▄[0m[38;2;39;63;53m[48;2;46;70;55m▀[0m[38;2;53;79;61m[48;2;59;86;63m▀[0m[38;2;61;90;62m[48;2;79;111;65m▀[0m[38;2;57;80;54m[48;2;85;119;66m▀[0m[38;2;44;57;37m[48;2;83;117;66m▀[0m[38;2;72;99;56m[48;2;82;116;65m▀[0m[38;2;88;123;69m[48;2;82;115;65m▀[0m[38;2;87;122;68m[48;2;82;115;65m▀[0m[38;2;87;122;69m[48;2;82;115;65m▀[0m[38;2;87;123;69m[48;2;82;115;65m▀[0m[38;2;89;126;71m[48;2;82;115;65m▀[0m[38;2;67;93;50m[48;2;86;120;68m▀[0m[38;2;40;53;31m[48;2;80;111;63m▀[0m[38;2;47;57;65m[48;2;34;44;28m▀[0m[38;2;37;42;58m[48;2;9;6;10m▀[0m[38;2;12;11;11m[48;2;14;13;15m▀[0m[38;2;24;30;16m[48;2;55;74;45m▀[0m[38;2;37;50;28m[48;2;86;123;69m▀[0m[38;2;35;47;26m[48;2;81;116;66m▀[0m[38;2;45;56;31m[48;2;100;134;70m▀[0m[38;2;61;75;41m[48;2;125;159;75m▀[0m[38;2;83;110;64m[48;2;130;164;76m▀[0m[38;2;75;103;65m[48;2;104;135;69m▀[0m[38;2;43;67;55m[48;2;55;80;59m▀[0m[38;2;38;63;58m[48;2;51;79;62m▀[0m[38;2;39;63;54m[48;2;51;76;58m▀[0m[38;2;0;0;0m[48;2;48;72;54m▀[0m[38;2;63;63;63m▄[0m      
  [38;2;127;127;127m▄[0m[38;2;47;79;63m▄[0m[38;2;36;58;51m[48;2;56;85;62m▀[0m[38;2;43;67;55m[48;2;59;88;62m▀[0m[38;2;64;93;63m[48;2;78;111;67m▀[0m[38;2;78;111;66m[48;2;85;120;65m▀[0m[38;2;82;116;65m[48;2;82;116;65m▀[0m[38;2;84;118;66m[48;2;82;115;65m▀[0m[38;2;84;119;67m[48;2;82;115;65m▀[0m[38;2;83;116;66m[48;2;82;115;65m▀[0m[38;2;82;115;65m[48;2;83;116;65m▀[0m[38;2;82;115;65m[48;2;84;118;66m▀[0m[38;2;82;114;65m[48;2;86;121;68m▀[0m[38;2;83;117;66m[48;2;82;114;65m▀[0m[38;2;90;126;71m[48;2;68;94;55m▀[0m[38;2;63;86;51m[48;2;44;58;37m▀[0m[38;2;33;40;28m[48;2;30;36;26m▀[0m[38;2;55;74;43m[48;2;75;105;60m▀[0m[38;2;49;65;39m[48;2;70;96;56m▀[0m[38;2;16;16;16m[48;2;15;14;16m▀[0m[38;2;55;74;44m[48;2;45;60;41m▀[0m[38;2;90;128;70m[48;2;80;113;68m▀[0m[38;2;85;119;68m[48;2;83;116;66m▀[0m[38;2;90;124;68m[48;2;82;115;65m▀[0m[38;2;98;132;70m[48;2;79;112;64m▀[0m[38;2;97;130;68m[48;2;76;109;63m▀[0m[38;2;99;132;69m[48;2;89;122;66m▀[0m[38;2;106;137;72m[48;2;116;149;73m▀[0m[38;2;109;142;74m[48;2;132;166;76m▀[0m[38;2;95;125;67m[48;2;120;153;74m▀[0m[38;2;60;88;62m[48;2;64;94;67m▀[0m[38;2;39;63;56m[48;2;36;61;54m▀[0m      
  [38;2;56;85;56m[48;2;51;25;51m▀[0m[38;2;45;71;57m[48;2;26;35;31m▀[0m[38;2;62;92;64m[48;2;44;62;46m▀[0m[38;2;81;114;65m[48;2;63;92;60m▀[0m[38;2;84;117;65m[48;2;79;113;66m▀[0m[38;2;82;115;65m[48;2;88;124;69m▀[0m[38;2;82;115;65m[48;2;87;122;68m▀[0m[38;2;82;115;65m[48;2;87;122;68m▀[0m[38;2;82;115;65m[48;2;87;122;68m▀[0m[38;2;82;115;65m[48;2;90;127;71m▀[0m[38;2;83;116;65m[48;2;74;104;59m▀[0m[38;2;84;118;66m[48;2;43;57;36m▀[0m[38;2;89;125;70m[48;2;38;48;31m▀[0m[38;2;74;103;58m[48;2;40;53;34m▀[0m[38;2;22;26;21m[48;2;47;62;39m▀[0m[38;2;38;49;32m[48;2;66;91;53m▀[0m[38;2;81;114;64m[48;2;87;122;68m▀[0m[38;2;88;125;70m[48;2;86;122;68m▀[0m[38;2;63;85;50m[48;2;75;104;60m▀[0m[38;2;16;15;15m[48;2;56;75;45m▀[0m[38;2;30;42;37m[48;2;32;42;33m▀[0m[38;2;59;87;63m[48;2;28;37;34m▀[0m[38;2;79;112;65m[48;2;58;84;58m▀[0m[38;2;84;119;66m[48;2;77;111;68m▀[0m[38;2;82;115;65m[48;2;87;122;68m▀[0m[38;2;82;115;65m[48;2;84;118;66m▀[0m[38;2;81;114;65m[48;2;81;113;65m▀[0m[38;2;83;116;65m[48;2;79;112;65m▀[0m[38;2;113;146;71m[48;2;92;125;67m▀[0m[38;2;117;149;73m[48;2;101;133;70m▀[0m[38;2;61;89;63m[48;2;97;128;69m▀[0m[38;2;37;60;54m[48;2;79;108;65m▀[0m[38;2;47;70;56m▄[0m[38;2;39;65;58m▄[0m    
  [38;2;31;0;31m[48;2;0;0;0m▀[0m[38;2;9;4;9m[48;2;9;0;9m▀[0m[38;2;23;29;27m[48;2;41;61;48m▀[0m[38;2;46;70;55m[48;2;50;77;59m▀[0m[38;2;64;93;60m[48;2;40;54;42m▀[0m[38;2;74;103;58m[48;2;23;26;20m▀[0m[38;2;72;101;57m[48;2;22;24;19m▀[0m[38;2;72;100;57m[48;2;21;23;20m▀[0m[38;2;72;100;58m[48;2;21;24;20m▀[0m[38;2;76;106;61m[48;2;20;21;18m▀[0m[38;2;57;77;47m[48;2;26;33;28m▀[0m[38;2;18;21;20m[48;2;42;62;49m▀[0m[38;2;12;10;14m[48;2;61;86;56m▀[0m[38;2;30;38;27m[48;2;75;105;59m▀[0m[38;2;77;108;61m[48;2;81;115;65m▀[0m[38;2;89;125;70m[48;2;83;117;66m▀[0m[38;2;82;115;65m[48;2;82;115;65m▀[0m[38;2;82;114;65m[48;2;82;115;65m▀[0m[38;2;85;120;68m[48;2;83;116;66m▀[0m[38;2;88;124;69m[48;2;83;117;66m▀[0m[38;2;49;64;39m[48;2;81;113;63m▀[0m[38;2;21;24;22m[48;2;64;88;52m▀[0m[38;2;36;53;45m[48;2;23;29;24m▀[0m[38;2;55;79;55m[48;2;11;9;14m▀[0m[38;2;73;102;58m[48;2;23;28;22m▀[0m[38;2;81;113;64m[48;2;68;95;55m▀[0m[38;2;84;118;66m[48;2;91;128;72m▀[0m[38;2;83;116;66m[48;2;86;121;68m▀[0m[38;2;78;111;64m[48;2;82;117;67m▀[0m[38;2;88;122;67m[48;2;93;128;70m▀[0m[38;2;127;161;76m[48;2;129;165;78m▀[0m[38;2;102;135;74m[48;2;102;134;74m▀[0m[38;2;48;73;57m[48;2;46;71;56m▀[0m[38;2;41;62;55m[48;2;40;61;54m▀[0m    
    [38;2;77;121;88m[48;2;0;0;0m▀[0m[38;2;50;76;58m[48;2;85;85;85m▀[0m[38;2;20;22;22m[48;2;10;6;12m▀[0m[38;2;13;10;12m[48;2;28;34;26m▀[0m[38;2;36;44;30m[48;2;75;104;60m▀[0m[38;2;42;55;35m[48;2;89;126;70m▀[0m[38;2;40;52;34m[48;2;84;118;66m▀[0m[38;2;42;54;34m[48;2;84;118;66m▀[0m[38;2;45;62;44m[48;2;71;100;62m▀[0m[38;2;52;79;61m[48;2;47;71;55m▀[0m[38;2;76;110;69m[48;2;63;91;59m▀[0m[38;2;91;129;70m[48;2;81;114;63m▀[0m[38;2;83;118;66m[48;2;82;115;65m▀[0m[38;2;81;114;65m[48;2;82;115;65m▀[0m[38;2;82;115;65m[48;2;82;115;65m▀[0m[38;2;82;115;65m[48;2;82;115;65m▀[0m[38;2;82;115;65m[48;2;82;115;65m▀[0m[38;2;82;115;65m[48;2;82;115;65m▀[0m[38;2;88;124;69m[48;2;82;115;65m▀[0m[38;2;81;113;64m[48;2;82;115;65m▀[0m[38;2;48;64;39m[48;2;84;118;66m▀[0m[38;2;38;48;31m[48;2;88;123;70m▀[0m[38;2;40;52;34m[48;2;82;114;64m▀[0m[38;2;47;63;39m[48;2;35;45;30m▀[0m[38;2;51;68;42m[48;2;12;10;13m▀[0m[38;2;50;67;41m[48;2;17;17;17m▀[0m[38;2;49;67;41m[48;2;16;16;16m▀[0m[38;2;56;73;42m[48;2;15;14;15m▀[0m[38;2;74;90;45m[48;2;12;11;13m▀[0m[38;2;70;92;56m[48;2;31;41;35m▀[0m[38;2;49;75;58m[48;2;49;75;58m▀[0m[38;2;45;69;59m[48;2;50;81;61m▀[0m    
    [38;2;52;83;62m[48;2;38;57;45m▀[0m[38;2;52;80;61m[48;2;40;57;46m▀[0m[38;2;40;61;52m[48;2;57;84;61m▀[0m[38;2;46;66;49m[48;2;64;94;63m▀[0m[38;2;82;116;67m[48;2;60;83;51m▀[0m[38;2;95;133;73m[48;2;67;93;55m▀[0m[38;2;85;118;65m[48;2;70;99;61m▀[0m[38;2;46;61;38m[48;2;42;55;36m▀[0m[38;2;23;27;22m[48;2;29;35;24m▀[0m[38;2;20;24;23m[48;2;33;41;28m▀[0m[38;2;23;28;24m[48;2;15;15;15m▀[0m[38;2;41;53;34m[48;2;19;22;19m▀[0m[38;2;75;105;60m[48;2;72;100;57m▀[0m[38;2;86;120;67m[48;2;87;122;68m▀[0m[38;2;82;115;65m[48;2;82;115;65m▀[0m[38;2;82;115;65m[48;2;83;116;65m▀[0m[38;2;82;115;65m[48;2;83;117;65m▀[0m[38;2;82;115;65m[48;2;83;117;65m▀[0m[38;2;82;115;65m[48;2;83;116;65m▀[0m[38;2;82;115;65m[48;2;82;115;65m▀[0m[38;2;84;118;66m[48;2;82;115;65m▀[0m[38;2;85;120;68m[48;2;82;115;65m▀[0m[38;2;83;117;66m[48;2;82;115;65m▀[0m[38;2;69;95;55m[48;2;86;121;68m▀[0m[38;2;62;85;50m[48;2;89;125;69m▀[0m[38;2;64;87;51m[48;2;89;125;69m▀[0m[38;2;47;66;47m[48;2;74;106;66m▀[0m[38;2;36;53;44m[48;2;57;85;60m▀[0m[38;2;41;60;49m[48;2;47;68;52m▀[0m[38;2;41;62;50m[48;2;39;60;49m▀[0m[38;2;51;79;56m[48;2;38;62;52m▀[0m[38;2;58;78;58m[48;2;31;63;63m▀[0m    
  [38;2;51;0;51m▄[0m[38;2;11;9;11m▄[0m[38;2;7;3;11m[48;2;23;30;28m▀[0m[38;2;14;13;14m[48;2;36;51;41m▀[0m[38;2;60;82;50m[48;2;40;54;38m▀[0m[38;2;77;107;62m[48;2;43;55;33m▀[0m[38;2;24;29;21m[48;2;50;67;41m▀[0m[38;2;24;31;29m[48;2;59;82;51m▀[0m[38;2;51;77;58m[48;2;68;98;62m▀[0m[38;2;73;104;63m[48;2;81;115;66m▀[0m[38;2;85;118;66m[48;2;89;125;70m▀[0m[38;2;82;115;65m[48;2;87;123;69m▀[0m[38;2;38;50;32m[48;2;40;53;34m▀[0m[38;2;21;24;20m[48;2;21;24;20m▀[0m[38;2;72;100;57m[48;2;72;100;57m▀[0m[38;2;87;122;68m[48;2;89;125;69m▀[0m[38;2;82;115;65m[48;2;84;117;66m▀[0m[38;2;82;116;65m[48;2;66;96;61m▀[0m[38;2;83;116;65m[48;2;57;84;59m▀[0m[38;2;83;116;65m[48;2;59;86;60m▀[0m[38;2;82;115;65m[48;2;74;105;63m▀[0m[38;2;82;115;65m[48;2;85;120;65m▀[0m[38;2;82;115;65m[48;2;82;116;65m▀[0m[38;2;82;115;65m[48;2;85;119;67m▀[0m[38;2;82;115;65m[48;2;86;121;68m▀[0m[38;2;83;116;65m[48;2;67;97;62m▀[0m[38;2;83;116;65m[48;2;56;84;59m▀[0m[38;2;83;116;65m[48;2;59;86;60m▀[0m[38;2;87;122;68m[48;2;80;114;67m▀[0m[38;2;71;99;58m[48;2;76;105;59m▀[0m[38;2;24;27;21m[48;2;19;21;17m▀[0m[38;2;27;37;33m[48;2;48;59;36m▀[0m[38;2;47;74;57m[48;2;96;127;70m▀[0m[38;2;47;79;63m[48;2;66;96;66m▀[0m[38;2;30;54;51m▄[0m   
  [38;2;0;0;0m▀[0m[38;2;11;7;11m[48;2;11;8;12m▀[0m[38;2;26;33;29m[48;2;15;14;16m▀[0m[38;2;46;67;53m[48;2;19;21;20m▀[0m[38;2;25;35;32m[48;2;31;44;38m▀[0m[38;2;24;29;24m[48;2;50;74;56m▀[0m[38;2;76;106;61m[48;2;78;109;64m▀[0m[38;2;91;127;70m[48;2;85;120;67m▀[0m[38;2;84;118;65m[48;2;82;115;65m▀[0m[38;2;82;116;65m[48;2;82;115;65m▀[0m[38;2;84;118;67m[48;2;85;119;67m▀[0m[38;2;85;119;66m[48;2;86;120;67m▀[0m[38;2;39;51;33m[48;2;39;50;32m▀[0m[38;2;21;23;19m[48;2;20;21;18m▀[0m[38;2;72;100;57m[48;2;73;101;57m▀[0m[38;2;86;121;69m[48;2;74;106;67m▀[0m[38;2;76;107;64m[48;2;54;82;60m▀[0m[38;2;59;86;60m[48;2;71;101;63m▀[0m[38;2;49;75;57m[48;2;81;113;65m▀[0m[38;2;52;77;58m[48;2;79;111;64m▀[0m[38;2;65;95;61m[48;2;60;87;60m▀[0m[38;2;79;111;64m[48;2;55;82;58m▀[0m[38;2;82;116;65m[48;2;83;117;67m▀[0m[38;2;79;110;61m[48;2;58;78;45m▀[0m[38;2;70;97;57m[48;2;24;28;21m▀[0m[38;2;57;83;57m[48;2;61;85;51m▀[0m[38;2;50;76;58m[48;2;83;118;67m▀[0m[38;2;52;77;58m[48;2;79;111;64m▀[0m[38;2;70;102;64m[48;2;65;95;63m▀[0m[38;2;67;94;56m[48;2;43;63;50m▀[0m[38;2;17;19;18m[48;2;12;12;16m▀[0m[38;2;63;75;38m[48;2;60;71;37m▀[0m[38;2;129;164;77m[48;2;129;163;77m▀[0m[38;2;90;122;73m[48;2;127;162;77m▀[0m[38;2;53;80;58m[48;2;99;129;69m▀[0m[38;2;56;81;61m[48;2;52;79;59m▀[0m[38;2;45;60;60m[48;2;39;62;56m▀[0m 
 [38;2;43;70;54m[48;2;46;68;56m▀[0m[38;2;51;76;58m[48;2;54;81;61m▀[0m[38;2;51;70;44m[48;2;83;118;70m▀[0m[38;2;38;48;31m[48;2;66;91;52m▀[0m[38;2;14;12;13m[48;2;17;17;16m▀[0m[38;2;42;57;41m[48;2;52;69;42m▀[0m[38;2;72;104;67m[48;2;88;123;69m▀[0m[38;2;81;113;65m[48;2;84;117;66m▀[0m[38;2;83;116;65m[48;2;82;115;65m▀[0m[38;2;82;115;65m[48;2;82;115;65m▀[0m[38;2;85;119;66m[48;2;82;116;66m▀[0m[38;2;80;113;65m[48;2;72;102;63m▀[0m[38;2;66;96;61m[48;2;51;77;57m▀[0m[38;2;39;57;43m[48;2;48;73;58m▀[0m[38;2;36;48;38m[48;2;58;86;61m▀[0m[38;2;77;108;62m[48;2;82;116;67m▀[0m[38;2;62;86;54m[48;2;52;70;41m▀[0m[38;2;32;45;37m[48;2;16;15;14m▀[0m[38;2;68;95;57m[48;2;62;84;49m▀[0m[38;2;89;124;68m[48;2;87;122;69m▀[0m[38;2;85;118;66m[48;2;82;115;65m▀[0m[38;2;71;101;63m[48;2;85;119;66m▀[0m[38;2;62;90;60m[48;2;79;112;64m▀[0m[38;2;68;98;64m[48;2;57;84;61m▀[0m[38;2;38;51;37m[48;2;30;43;38m▀[0m[38;2;11;8;11m[48;2;20;22;20m▀[0m[38;2;62;85;49m[48;2;64;87;51m▀[0m[38;2;91;127;70m[48;2;87;122;69m▀[0m[38;2;85;118;66m[48;2;82;115;65m▀[0m[38;2;73;105;64m[48;2;85;119;66m▀[0m[38;2;55;80;56m[48;2;79;111;65m▀[0m[38;2;29;41;36m[48;2;56;82;60m▀[0m[38;2;58;77;48m[48;2;58;87;60m▀[0m[38;2;109;143;72m[48;2;81;113;65m▀[0m[38;2;132;167;76m[48;2;114;148;72m▀[0m[38;2;112;144;74m[48;2;108;139;72m▀[0m[38;2;52;79;62m[48;2;58;85;60m▀[0m[38;2;33;56;54m[48;2;45;71;57m▀[0m[38;2;47;63;63m▄[0m
[38;2;46;70;55m▄[0m[38;2;41;63;54m[48;2;55;82;59m▀[0m[38;2;51;77;60m[48;2;65;95;63m▀[0m[38;2;81;116;70m[48;2;85;120;69m▀[0m[38;2;65;89;51m[48;2;70;98;57m▀[0m[38;2;15;13;13m[48;2;30;39;31m▀[0m[38;2;53;71;43m[48;2;43;58;39m▀[0m[38;2;92;130;72m[48;2;61;83;48m▀[0m[38;2;88;123;70m[48;2;60;81;48m▀[0m[38;2;89;124;69m[48;2;59;80;47m▀[0m[38;2;86;120;68m[48;2;57;78;48m▀[0m[38;2;63;92;61m[48;2;48;70;54m▀[0m[38;2;61;88;61m[48;2;49;72;55m▀[0m[38;2;78;110;66m[48;2;62;84;50m▀[0m[38;2;78;110;65m[48;2;77;105;58m▀[0m[38;2;77;109;65m[48;2;86;121;68m▀[0m[38;2;85;120;68m[48;2;87;122;69m▀[0m[38;2;51;68;41m[48;2;50;67;41m▀[0m[38;2;16;15;15m[48;2;16;15;14m▀[0m[38;2;62;85;50m[48;2;62;84;49m▀[0m[38;2;87;122;69m[48;2;87;122;69m▀[0m[38;2;82;115;65m[48;2;82;115;65m▀[0m[38;2;83;116;65m[48;2;82;114;65m▀[0m[38;2;82;115;65m[48;2;83;117;66m▀[0m[38;2;77;109;64m[48;2;89;126;68m▀[0m[38;2;58;84;57m[48;2;65;93;58m▀[0m[38;2;45;66;51m[48;2;37;54;44m▀[0m[38;2;74;105;64m[48;2;50;68;45m▀[0m[38;2;89;125;69m[48;2;62;86;52m▀[0m[38;2;84;118;66m[48;2;70;100;62m▀[0m[38;2;84;117;65m[48;2;80;113;66m▀[0m[38;2;82;116;65m[48;2;86;121;67m▀[0m[38;2;78;110;64m[48;2;87;122;66m▀[0m[38;2;64;93;61m[48;2;68;98;63m▀[0m[38;2;56;83;59m[48;2;47;72;57m▀[0m[38;2;83;116;67m[48;2;52;74;51m▀[0m[38;2;107;142;74m[48;2;70;92;51m▀[0m[38;2;116;150;75m[48;2;95;117;57m▀[0m[38;2;79;107;64m[48;2;72;98;61m▀[0m[38;2;44;67;55m[48;2;52;79;64m▀[0m
[38;2;47;70;56m[48;2;55;84;65m▀[0m[38;2;62;90;60m[48;2;50;72;53m▀[0m[38;2;83;116;65m[48;2;42;53;34m▀[0m[38;2;86;120;66m[48;2;41;52;34m▀[0m[38;2;74;107;64m[48;2;36;46;32m▀[0m[38;2;51;77;58m[48;2;27;35;29m▀[0m[38;2;28;38;33m[48;2;32;45;38m▀[0m[38;2;14;12;13m[48;2;36;52;43m▀[0m[38;2;16;15;15m[48;2;31;45;40m▀[0m[38;2;14;13;14m[48;2;40;56;41m▀[0m[38;2;17;18;18m[48;2;56;77;46m▀[0m[38;2;42;62;49m[48;2;71;101;61m▀[0m[38;2;40;59;47m[48;2;53;75;48m▀[0m[38;2;15;17;16m[48;2;13;12;14m▀[0m[38;2;52;70;42m[48;2;50;67;41m▀[0m[38;2;87;123;69m[48;2;87;123;68m▀[0m[38;2;87;123;69m[48;2;86;120;67m▀[0m[38;2;51;68;42m[48;2;61;87;55m▀[0m[38;2;17;17;16m[48;2;40;58;45m▀[0m[38;2;62;85;50m[48;2;73;103;62m▀[0m[38;2;87;122;69m[48;2;89;126;70m▀[0m[38;2;82;115;65m[48;2;85;118;66m▀[0m[38;2;82;115;65m[48;2;86;121;67m▀[0m[38;2;83;116;66m[48;2;76;106;60m▀[0m[38;2;86;122;68m[48;2;44;59;37m▀[0m[38;2;54;73;44m[48;2;44;58;36m▀[0m[38;2;14;13;15m[48;2;57;78;46m▀[0m[38;2;11;8;11m[48;2;57;76;45m▀[0m[38;2;24;30;27m[48;2;53;74;49m▀[0m[38;2;47;71;55m[48;2;46;70;56m▀[0m[38;2;70;102;64m[48;2;35;49;39m▀[0m[38;2;85;119;66m[48;2;42;55;34m▀[0m[38;2;85;118;66m[48;2;83;116;66m▀[0m[38;2;70;101;64m[48;2;67;94;57m▀[0m[38;2;47;71;55m[48;2;26;34;29m▀[0m[38;2;24;31;27m[48;2;15;15;18m▀[0m[38;2;13;11;13m[48;2;0;0;5m▀[0m[38;2;16;15;16m[48;2;0;0;8m▀[0m[38;2;37;52;41m[48;2;30;44;39m▀[0m[38;2;51;78;60m[48;2;53;78;61m▀[0m
[38;2;51;78;60m[48;2;46;81;57m▀[0m[38;2;33;47;40m[48;2;45;60;45m▀[0m[38;2;8;5;10m[48;2;14;0;14m▀[0m[38;2;8;4;9m[48;2;9;5;9m▀[0m[38;2;13;11;14m[48;2;25;31;28m▀[0m[38;2;20;22;21m[48;2;47;70;55m▀[0m[38;2;33;48;39m[48;2;27;37;32m▀[0m[38;2;47;69;54m[48;2;23;26;21m▀[0m[38;2;54;81;60m[48;2;70;97;58m▀[0m[38;2;71;103;65m[48;2;86;120;68m▀[0m[38;2;87;123;68m[48;2;83;116;65m▀[0m[38;2;91;128;70m[48;2;87;123;69m▀[0m[38;2;64;87;50m[48;2;62;85;50m▀[0m[38;2;17;17;16m[48;2;17;17;16m▀[0m[38;2;51;68;42m[48;2;51;68;42m▀[0m[38;2;87;123;68m[48;2;88;124;69m▀[0m[38;2;87;122;67m[48;2;90;127;71m▀[0m[38;2;65;93;59m[48;2;56;76;46m▀[0m[38;2;43;64;51m[48;2;14;14;16m▀[0m[38;2;59;82;52m[48;2;13;11;13m▀[0m[38;2;71;99;57m[48;2;27;34;29m▀[0m[38;2;75;106;63m[48;2;50;75;56m▀[0m[38;2;86;121;69m[48;2;77;113;69m▀[0m[38;2;73;101;58m[48;2;77;106;60m▀[0m[38;2;17;18;17m[48;2;22;24;20m▀[0m[38;2;38;49;32m[48;2;39;50;33m▀[0m[38;2;89;125;70m[48;2;85;119;66m▀[0m[38;2;92;128;71m[48;2;85;119;67m▀[0m[38;2;79;113;67m[48;2;82;115;65m▀[0m[38;2;57;85;60m[48;2;79;112;64m▀[0m[38;2;33;44;34m[48;2;81;114;64m▀[0m[38;2;29;36;25m[48;2;68;94;54m▀[0m[38;2;65;90;53m[48;2;29;36;26m▀[0m[38;2;50;66;41m[48;2;16;16;16m▀[0m[38;2;12;10;12m[48;2;15;15;15m▀[0m[38;2;4;0;8m[48;2;14;14;14m▀[0m    
 [38;2;0;0;0m[48;2;11;7;9m▀[0m[38;2;19;19;19m[48;2;19;20;19m▀[0m[38;2;30;41;34m[48;2;45;66;51m▀[0m[38;2;34;48;39m[48;2;41;60;48m▀[0m[38;2;34;48;39m[48;2;13;13;14m▀[0m[38;2;39;53;37m[48;2;53;71;42m▀[0m[38;2;53;70;42m[48;2;89;126;70m▀[0m[38;2;79;110;62m[48;2;84;117;66m▀[0m[38;2;86;120;67m[48;2;82;115;65m▀[0m[38;2;82;115;65m[48;2;82;115;65m▀[0m[38;2;89;124;70m[48;2;85;119;68m▀[0m[38;2;63;86;50m[48;2;61;84;51m▀[0m[38;2;15;13;13m[48;2;20;22;20m▀[0m[38;2;55;74;44m[48;2;52;72;44m▀[0m[38;2;85;120;67m[48;2;71;98;56m▀[0m[38;2;52;70;43m[48;2;23;27;22m▀[0m[38;2;43;56;35m[48;2;42;56;36m▀[0m[38;2;47;62;38m[48;2;87;123;68m▀[0m[38;2;46;59;36m[48;2;90;126;70m▀[0m[38;2;45;62;43m[48;2;77;111;66m▀[0m[38;2;45;69;55m[48;2;54;81;59m▀[0m[38;2;48;69;48m[48;2;29;39;34m▀[0m[38;2;41;52;33m[48;2;14;12;15m▀[0m[38;2;12;10;13m[48;2;17;17;16m▀[0m[38;2;41;54;35m[48;2;45;59;38m▀[0m[38;2;88;124;69m[48;2;78;109;62m▀[0m[38;2;85;120;68m[48;2;82;115;66m▀[0m[38;2;82;115;65m[48;2;82;116;65m▀[0m[38;2;84;117;65m[48;2;82;115;65m▀[0m[38;2;91;128;71m[48;2;87;121;68m▀[0m[38;2;76;105;60m[48;2;74;102;59m▀[0m[38;2;19;20;19m[48;2;31;39;28m▀[0m[38;2;1;0;5m[48;2;16;16;18m▀[0m[38;2;11;7;9m[48;2;85;141;113m▀[0m[38;2;8;8;8m[48;2;85;85;85m▀[0m    
 [38;2;11;6;9m[48;2;11;7;11m▀[0m[38;2;20;21;20m[48;2;18;18;18m▀[0m[38;2;46;68;53m[48;2;33;46;37m▀[0m[38;2;41;61;48m[48;2;38;54;41m▀[0m[38;2;10;8;12m[48;2;38;50;33m▀[0m[38;2;50;67;40m[48;2;64;88;51m▀[0m[38;2;88;124;69m[48;2;85;120;67m▀[0m[38;2;83;116;66m[48;2;85;120;68m▀[0m[38;2;83;116;65m[48;2;88;122;68m▀[0m[38;2;81;114;65m[48;2;81;114;65m▀[0m[38;2;66;96;63m[48;2;43;62;45m▀[0m[38;2;52;78;59m[48;2;38;56;46m▀[0m[38;2;41;62;49m[48;2;63;94;63m▀[0m[38;2;30;41;33m[48;2;29;39;31m▀[0m[38;2;33;41;28m[48;2;18;19;17m▀[0m[38;2;61;83;50m[48;2;76;105;60m▀[0m[38;2;77;108;61m[48;2;90;127;71m▀[0m[38;2;84;118;66m[48;2;82;115;65m▀[0m[38;2;85;119;67m[48;2;82;115;65m▀[0m[38;2;82;116;66m[48;2;84;117;65m▀[0m[38;2;77;109;64m[48;2;85;119;66m▀[0m[38;2;54;77;54m[48;2;63;92;62m▀[0m[38;2;44;64;48m[48;2;56;84;61m▀[0m[38;2;67;94;56m[48;2;86;123;71m▀[0m[38;2;51;69;41m[48;2;52;70;41m▀[0m[38;2;30;37;26m[48;2;9;5;10m▀[0m[38;2;66;91;53m[48;2;62;85;50m▀[0m[38;2;86;121;68m[48;2;90;127;71m▀[0m[38;2;82;115;65m[48;2;84;117;65m▀[0m[38;2;83;116;66m[48;2;82;115;65m▀[0m[38;2;80;113;64m[48;2;83;117;65m▀[0m[38;2;73;101;57m[48;2;88;124;68m▀[0m[38;2;64;90;58m[48;2;76;109;69m▀[0m[38;2;49;74;58m[48;2;49;75;59m▀[0m[38;2;47;70;56m[48;2;44;68;55m▀[0m    
  [38;2;0;0;36m▀[0m[38;2;9;5;10m[48;2;7;2;9m▀[0m[38;2;35;44;31m[48;2;37;46;32m▀[0m[38;2;80;112;63m[48;2;87;122;68m▀[0m[38;2;86;120;68m[48;2;96;135;75m▀[0m[38;2;82;115;65m[48;2;79;110;63m▀[0m[38;2;82;114;65m[48;2;38;49;32m▀[0m[38;2;86;119;68m[48;2;40;53;39m▀[0m[38;2;79;111;63m[48;2;58;85;59m▀[0m[38;2;29;36;26m[48;2;58;81;50m▀[0m[38;2;31;39;27m[48;2;68;93;53m▀[0m[38;2;81;114;64m[48;2;84;118;66m▀[0m[38;2;43;56;36m[48;2;41;54;34m▀[0m[38;2;21;24;20m[48;2;21;24;20m▀[0m[38;2;72;100;57m[48;2;72;100;57m▀[0m[38;2;87;122;68m[48;2;87;122;68m▀[0m[38;2;82;115;65m[48;2;82;115;65m▀[0m[38;2;82;115;65m[48;2;82;115;65m▀[0m[38;2;83;116;65m[48;2;83;116;65m▀[0m[38;2;83;116;65m[48;2;83;116;65m▀[0m[38;2;61;88;60m[48;2;61;88;60m▀[0m[38;2;53;79;58m[48;2;52;78;58m▀[0m[38;2;81;115;67m[48;2;78;111;65m▀[0m[38;2;53;71;42m[48;2;77;107;60m▀[0m[38;2;17;18;16m[48;2;59;80;48m▀[0m[38;2;62;85;50m[48;2;38;48;31m▀[0m[38;2;86;121;69m[48;2;38;50;36m▀[0m[38;2;82;115;65m[48;2;60;89;61m▀[0m[38;2;82;115;65m[48;2;77;110;66m▀[0m[38;2;82;116;65m[48;2;86;120;66m▀[0m[38;2;84;118;65m[48;2;87;121;66m▀[0m[38;2;71;102;65m[48;2;74;106;67m▀[0m[38;2;47;72;57m[48;2;49;75;59m▀[0m[38;2;44;70;55m[48;2;44;68;55m▀[0m    
  [38;2;0;0;36m[48;2;0;0;0m▀[0m[38;2;8;5;10m[48;2;0;0;21m▀[0m[38;2;33;41;29m[48;2;18;21;18m▀[0m[38;2;66;90;53m[48;2;20;22;19m▀[0m[38;2;73;101;58m[48;2;17;18;17m▀[0m[38;2;61;83;50m[48;2;28;34;25m▀[0m[38;2;30;37;25m[48;2;70;96;55m▀[0m[38;2;34;45;35m[48;2;83;116;65m▀[0m[38;2;56;83;59m[48;2;80;113;65m▀[0m[38;2;80;115;68m[48;2;84;118;67m▀[0m[38;2;92;129;71m[48;2;87;122;69m▀[0m[38;2;85;120;66m[48;2;85;120;66m▀[0m[38;2;38;50;32m[48;2;38;50;32m▀[0m[38;2;20;23;19m[48;2;20;22;19m▀[0m[38;2;73;102;58m[48;2;74;103;59m▀[0m[38;2;88;124;69m[48;2;89;125;69m▀[0m[38;2;82;115;65m[48;2;82;115;65m▀[0m[38;2;82;115;65m[48;2;82;115;65m▀[0m[38;2;83;116;65m[48;2;83;117;65m▀[0m[38;2;84;117;65m[48;2;84;118;65m▀[0m[38;2;61;88;60m[48;2;61;88;60m▀[0m[38;2;51;76;58m[48;2;51;75;58m▀[0m[38;2;77;108;64m[48;2;77;109;64m▀[0m[38;2;90;126;69m[48;2;84;119;66m▀[0m[38;2;85;119;67m[48;2;82;115;65m▀[0m[38;2;42;54;34m[48;2;83;116;66m▀[0m[38;2;24;30;26m[48;2;60;81;48m▀[0m[38;2;38;56;46m[48;2;20;21;19m▀[0m[38;2;61;88;58m[48;2;35;49;40m▀[0m[38;2;79;111;66m[48;2;56;84;62m▀[0m[38;2;79;111;67m[48;2;57;85;64m▀[0m[38;2;67;97;64m[48;2;51;78;57m▀[0m[38;2;48;72;57m[48;2;47;63;63m▀[0m[38;2;43;72;57m[48;2;63;63;63m▀[0m    
    [38;2;0;0;0m▀[0m[38;2;6;2;8m▀[0m[38;2;4;0;7m[48;2;8;2;10m▀[0m[38;2;24;28;23m[48;2;25;30;24m▀[0m[38;2;80;111;63m[48;2;67;91;53m▀[0m[38;2;97;137;75m[48;2;82;115;65m▀[0m[38;2;87;121;67m[48;2;73;100;58m▀[0m[38;2;57;77;45m[48;2;26;31;22m▀[0m[38;2;48;67;44m[48;2;18;19;22m▀[0m[38;2;61;93;60m[48;2;51;70;55m▀[0m[38;2;47;70;51m[48;2;53;78;60m▀[0m[38;2;34;48;39m[48;2;42;62;49m▀[0m[38;2;39;50;34m[48;2;21;23;22m▀[0m[38;2;62;84;49m[48;2;41;53;33m▀[0m[38;2;88;124;69m[48;2;76;105;60m▀[0m[38;2;90;126;70m[48;2;78;107;60m▀[0m[38;2;80;112;66m[48;2;67;94;59m▀[0m[38;2;63;91;60m[48;2;51;76;57m▀[0m[38;2;62;90;60m[48;2;69;98;62m▀[0m[38;2;69;99;62m[48;2;86;120;65m▀[0m[38;2;80;113;65m[48;2;82;116;65m▀[0m[38;2;82;116;65m[48;2;83;116;65m▀[0m[38;2;82;115;65m[48;2;82;115;65m▀[0m[38;2;94;132;74m[48;2;81;113;64m▀[0m[38;2;68;95;54m[48;2;61;81;49m▀[0m[38;2;11;12;13m[48;2;27;26;22m▀[0m[38;2;17;21;22m[48;2;17;14;15m▀[0m[38;2;32;45;37m[48;2;12;10;12m▀[0m[38;2;44;66;53m[48;2;0;0;0m▀[0m[38;2;41;65;53m▀[0m      
      [38;2;11;0;11m▀[0m[38;2;20;23;20m[48;2;0;0;0m▀[0m[38;2;26;30;23m[48;2;7;3;9m▀[0m[38;2;30;36;27m[48;2;7;5;10m▀[0m[38;2;26;32;24m[48;2;13;10;13m▀[0m[38;2;8;12;12m[48;2;34;28;25m▀[0m[38;2;32;28;25m[48;2;70;54;43m▀[0m[38;2;88;72;56m[48;2;106;77;60m▀[0m[38;2;51;45;38m[48;2;49;32;29m▀[0m[38;2;25;35;27m[48;2;17;22;16m▀[0m[38;2;65;90;54m[48;2;78;109;63m▀[0m[38;2;54;72;44m[48;2;71;99;57m▀[0m[38;2;21;24;20m[48;2;36;46;31m▀[0m[38;2;17;17;17m[48;2;32;40;28m▀[0m[38;2;37;48;32m[48;2;50;67;41m▀[0m[38;2;74;104;62m[48;2;83;115;64m▀[0m[38;2;83;116;67m[48;2;87;121;67m▀[0m[38;2;83;116;65m[48;2;84;118;66m▀[0m[38;2;82;115;65m[48;2;86;121;67m▀[0m[38;2;86;120;68m[48;2;83;118;70m▀[0m[38;2;82;114;64m[48;2;69;99;62m▀[0m[38;2;38;54;33m[48;2;21;29;23m▀[0m[38;2;41;36;30m[48;2;36;24;24m▀[0m[38;2;84;64;51m[48;2;106;79;61m▀[0m[38;2;45;37;31m[48;2;81;63;49m▀[0m[38;2;4;7;9m[48;2;42;35;28m▀[0m[38;2;0;0;0m[48;2;22;20;20m▀[0m[38;2;8;8;8m▄[0m      
         [38;2;4;9;12m[48;2;2;9;12m▀[0m[38;2;19;19;18m[48;2;20;19;18m▀[0m[38;2;77;60;47m[48;2;83;64;49m▀[0m[38;2;108;80;61m[48;2;91;68;52m▀[0m[38;2;98;75;57m[48;2;42;34;28m▀[0m[38;2;46;34;30m[48;2;35;44;37m▀[0m[38;2;21;27;21m[48;2;50;73;53m▀[0m[38;2;72;100;58m[48;2;81;114;66m▀[0m[38;2;88;123;68m[48;2;90;127;70m▀[0m[38;2;83;117;66m[48;2;87;122;67m▀[0m[38;2;83;117;66m[48;2;85;120;67m▀[0m[38;2;83;116;66m[48;2;84;118;66m▀[0m[38;2;82;115;65m[48;2;83;116;65m▀[0m[38;2;82;114;65m[48;2;70;101;63m▀[0m[38;2;81;115;65m[48;2;55;79;55m▀[0m[38;2;83;116;64m[48;2;41;53;36m▀[0m[38;2;68;98;63m[48;2;33;44;31m▀[0m[38;2;46;70;55m[48;2;44;65;55m▀[0m[38;2;17;25;23m[48;2;17;24;24m▀[0m[38;2;35;27;23m[48;2;23;19;17m▀[0m[38;2;93;71;54m[48;2;38;32;27m▀[0m[38;2;108;81;62m[48;2;87;66;52m▀[0m[38;2;89;67;52m[48;2;99;75;57m▀[0m[38;2;29;26;23m[48;2;31;27;24m▀[0m[38;2;6;8;10m[48;2;6;8;10m▀[0m      
         [38;2;4;9;11m[48;2;4;9;11m▀[0m[38;2;20;19;18m[48;2;20;19;18m▀[0m[38;2;84;65;50m[48;2;84;64;50m▀[0m[38;2;82;62;48m[48;2;84;64;50m▀[0m[38;2;13;14;14m[48;2;20;19;18m▀[0m[38;2;23;40;34m[48;2;5;12;12m▀[0m[38;2;57;86;64m[48;2;24;32;32m▀[0m[38;2;62;86;51m[48;2;15;17;15m▀[0m[38;2;70;97;58m[48;2;32;43;36m▀[0m[38;2;74;105;63m[48;2;52;79;58m▀[0m[38;2;81;115;66m[48;2;76;109;65m▀[0m[38;2;86;120;67m[48;2;88;122;68m▀[0m[38;2;85;119;67m[48;2;85;119;67m▀[0m[38;2;66;97;65m[48;2;68;99;66m▀[0m[38;2;41;61;51m[48;2;46;70;57m▀[0m[38;2;16;19;20m[48;2;37;59;48m▀[0m[38;2;2;0;0m[48;2;0;0;0m▀[0m  [38;2;0;0;6m[48;2;0;0;0m▀[0m[38;2;5;8;9m[48;2;0;0;23m▀[0m[38;2;57;45;36m[48;2;19;17;17m▀[0m[38;2;74;57;45m[48;2;21;20;19m▀[0m[38;2;27;24;22m[48;2;18;18;18m▀[0m[38;2;10;10;11m[48;2;15;15;15m▀[0m      
         [38;2;11;14;14m[48;2;16;16;16m▀[0m[38;2;18;17;17m[48;2;16;16;16m▀[0m[38;2;44;36;30m[48;2;13;15;16m▀[0m[38;2;47;39;32m[48;2;9;11;12m▀[0m[38;2;21;18;18m▀[0m[38;2;0;0;0m▀[0m [38;2;3;0;6m▀[0m[38;2;33;48;42m[48;2;55;89;65m▀[0m[38;2;48;73;57m[48;2;49;74;57m▀[0m[38;2;45;62;43m[48;2;24;29;26m▀[0m[38;2;43;55;35m[48;2;9;4;10m▀[0m[38;2;43;56;36m[48;2;11;9;12m▀[0m[38;2;47;65;45m[48;2;7;2;7m▀[0m[38;2;47;71;59m▀[0m[38;2;170;255;170m▀[0m     [38;2;0;4;9m▀[0m[38;2;7;10;12m▀[0m[38;2;15;15;17m▀[0m[38;2;17;17;17m▀[0m      
[0m