           [38;2;63;31;31m[48;2;0;0;0m▀[0m[38;2;80;48;30m[48;2;60;41;28m▀[0m[38;2;123;68;34m[48;2;225;125;56m▀[0m[38;2;99;55;31m[48;2;183;96;43m▀[0m[38;2;22;22;27m[48;2;149;77;34m▀[0m[38;2;61;39;30m▄[0m                       
           [38;2;0;0;0m[48;2;0;0;0m▀[0m[38;2;50;39;33m[48;2;30;21;24m▀[0m[38;2;165;109;80m[48;2;99;68;51m▀[0m[38;2;190;112;67m[48;2;168;110;78m▀[0m[38;2;215;119;61m[48;2;159;106;76m▀[0m[38;2;175;89;37m[48;2;204;116;64m▀[0m[38;2;58;38;30m[48;2;180;91;36m▀[0m[38;2;65;41;32m▄[0m[38;2;0;0;0m▄[0m[38;2;40;34;28m▄[0m[38;2;70;43;31m[48;2;157;82;39m▀[0m[38;2;78;47;31m[48;2;115;64;31m▀[0m[38;2;0;0;23m▄[0m                
            [38;2;54;30;15m▀[0m[38;2;110;68;46m[48;2;36;25;18m▀[0m[38;2;165;106;73m[48;2;129;85;60m▀[0m[38;2;163;106;75m[48;2;170;110;77m▀[0m[38;2;176;108;70m[48;2;158;105;76m▀[0m[38;2;249;127;44m[48;2;206;116;62m▀[0m[38;2;146;75;36m[48;2;197;99;36m▀[0m[38;2;6;12;18m[48;2;94;54;32m▀[0m[38;2;92;57;37m[48;2;121;77;53m▀[0m[38;2;176;113;78m[48;2;160;106;77m▀[0m[38;2;110;70;46m[48;2;233;122;55m▀[0m[38;2;39;24;18m[48;2;73;44;26m▀[0m[38;2;0;0;0m[48;2;0;0;0m▀[0m               
        [38;2;87;52;35m[48;2;21;10;15m▀[0m[38;2;84;50;32m[48;2;83;58;43m▀[0m[38;2;76;45;29m[48;2;159;102;70m▀[0m[38;2;77;45;28m[48;2;151;96;67m▀[0m[38;2;86;53;34m▄[0m[38;2;0;0;8m[48;2;90;52;33m▀[0m[38;2;93;61;42m[48;2;46;32;25m▀[0m[38;2;163;105;73m[48;2;81;52;37m▀[0m[38;2;164;106;76m[48;2;162;107;66m▀[0m[38;2;174;107;71m[48;2;154;110;60m▀[0m[38;2;243;124;48m[48;2;221;117;56m▀[0m[38;2;125;68;35m[48;2;123;66;35m▀[0m[38;2;161;105;75m[48;2;157;102;73m▀[0m[38;2;159;105;76m[48;2;163;106;74m▀[0m[38;2;230;120;54m[48;2;185;113;72m▀[0m[38;2;73;43;25m[48;2;55;40;31m▀[0m[38;2;0;0;0m[48;2;0;0;0m▀[0m               
        [38;2;0;0;0m▀[0m[38;2;56;37;25m[48;2;0;12;12m▀[0m[38;2;141;91;63m[48;2;80;57;45m▀[0m[38;2;172;111;78m[48;2;166;107;76m▀[0m[38;2;163;106;74m[48;2;170;110;77m▀[0m[38;2;168;108;75m[48;2;164;106;75m▀[0m[38;2;123;77;54m[48;2;165;110;67m▀[0m[38;2;50;36;32m[48;2;153;103;57m▀[0m[38;2;103;72;43m[48;2;105;82;41m▀[0m[38;2;226;176;74m[48;2;255;212;97m▀[0m[38;2;166;112;63m[48;2;194;140;71m▀[0m[38;2;157;102;68m[48;2;185;137;59m▀[0m[38;2;164;105;75m[48;2;162;110;64m▀[0m[38;2;160;106;77m[48;2;195;116;73m▀[0m[38;2;195;108;55m[48;2;97;61;39m▀[0m[38;2;68;41;25m[48;2;0;0;11m▀[0m[38;2;0;0;0m▀[0m               
          [38;2;0;4;13m▀[0m[38;2;70;51;40m[48;2;0;0;7m▀[0m[38;2;127;80;55m[48;2;78;45;30m▀[0m[38;2;170;109;78m[48;2;99;61;41m▀[0m[38;2;160;113;52m[48;2;91;56;34m▀[0m[38;2;209;160;64m[48;2;169;125;52m▀[0m[38;2;216;164;69m[48;2;253;196;89m▀[0m[38;2;214;166;71m[48;2;240;184;82m▀[0m[38;2;230;182;79m[48;2;255;202;93m▀[0m[38;2;197;149;60m[48;2;237;182;81m▀[0m[38;2;155;115;42m[48;2;238;186;82m▀[0m[38;2;146;93;44m[48;2;192;150;65m▀[0m[38;2;72;38;23m[48;2;145;111;43m▀[0m[38;2;0;0;15m[48;2;157;109;36m▀[0m                
             [38;2;127;88;29m[48;2;87;65;25m▀[0m[38;2;168;123;46m[48;2;208;160;72m▀[0m[38;2;241;186;82m[48;2;255;204;93m▀[0m[38;2;255;199;91m[48;2;255;197;90m▀[0m[38;2;255;198;91m[48;2;255;197;90m▀[0m[38;2;255;197;90m[48;2;255;197;90m▀[0m[38;2;255;199;91m[48;2;255;197;90m▀[0m[38;2;255;198;89m[48;2;255;197;90m▀[0m[38;2;255;212;108m[48;2;255;195;87m▀[0m[38;2;255;249;149m[48;2;255;214;111m▀[0m[38;2;189;160;78m[48;2;255;249;149m▀[0m[38;2;121;66;12m[48;2;195;166;82m▀[0m[38;2;150;108;33m▄[0m              
             [38;2;0;0;12m[48;2;0;0;12m▀[0m[38;2;164;129;66m[48;2;167;131;66m▀[0m[38;2;255;206;93m[48;2;255;206;93m▀[0m[38;2;255;197;90m[48;2;255;197;90m▀[0m[38;2;255;197;90m[48;2;255;197;90m▀[0m[38;2;255;197;90m[48;2;255;197;90m▀[0m[38;2;255;197;90m[48;2;255;197;90m▀[0m[38;2;255;197;90m[48;2;255;197;90m▀[0m[38;2;255;197;90m[48;2;255;197;90m▀[0m[38;2;255;193;86m[48;2;255;196;88m▀[0m[38;2;255;240;140m[48;2;255;236;135m▀[0m[38;2;255;241;141m[48;2;180;146;64m▀[0m[38;2;150;107;34m[48;2;149;105;35m▀[0m              
             [38;2;0;0;12m[48;2;0;0;12m▀[0m[38;2;167;131;66m[48;2;167;131;66m▀[0m[38;2;255;206;93m[48;2;255;206;93m▀[0m[38;2;255;197;90m[48;2;255;197;90m▀[0m[38;2;255;197;90m[48;2;255;197;90m▀[0m[38;2;255;197;90m[48;2;255;197;90m▀[0m[38;2;255;197;90m[48;2;255;197;90m▀[0m[38;2;255;197;90m[48;2;255;197;90m▀[0m[38;2;255;197;90m[48;2;255;197;90m▀[0m[38;2;255;197;90m[48;2;255;197;90m▀[0m[38;2;254;197;91m[48;2;255;197;91m▀[0m[38;2;122;93;36m[48;2;118;65;31m▀[0m[38;2;71;41;29m▄[0m              
             [38;2;0;0;12m[48;2;0;0;14m▀[0m[38;2;173;135;68m[48;2;51;45;32m▀[0m[38;2;255;207;94m[48;2;222;174;82m▀[0m[38;2;255;197;90m[48;2;255;200;92m▀[0m[38;2;255;197;90m[48;2;255;197;90m▀[0m[38;2;255;197;90m[48;2;255;197;90m▀[0m[38;2;255;197;90m[48;2;255;197;90m▀[0m[38;2;255;197;90m[48;2;255;197;90m▀[0m[38;2;255;197;90m[48;2;255;197;90m▀[0m[38;2;255;199;91m[48;2;255;204;93m▀[0m[38;2;211;160;67m[48;2;86;69;39m▀[0m[38;2;195;110;59m[48;2;84;53;38m▀[0m[38;2;74;44;29m[48;2;79;43;26m▀[0m              
              [38;2;3;10;18m[48;2;0;3;15m▀[0m[38;2;213;166;79m[48;2;212;165;78m▀[0m[38;2;255;201;92m[48;2;255;201;92m▀[0m[38;2;255;197;90m[48;2;255;197;90m▀[0m[38;2;255;197;90m[48;2;255;197;90m▀[0m[38;2;255;197;90m[48;2;255;197;90m▀[0m[38;2;255;197;90m[48;2;255;197;90m▀[0m[38;2;255;198;91m[48;2;255;202;93m▀[0m[38;2;245;194;86m[48;2;203;153;61m▀[0m[38;2;67;55;35m[48;2;153;108;25m▀[0m[38;2;0;0;0m▀[0m               
           [38;2;51;0;0m▄[0m[38;2;0;0;0m▄[0m[38;2;0;0;0m[48;2;108;107;72m▀[0m[38;2;119;94;50m[48;2;245;215;112m▀[0m[38;2;239;191;88m[48;2;255;198;88m▀[0m[38;2;255;199;91m[48;2;255;197;90m▀[0m[38;2;255;197;90m[48;2;255;197;90m▀[0m[38;2;255;197;90m[48;2;255;197;90m▀[0m[38;2;255;197;90m[48;2;255;197;90m▀[0m[38;2;255;197;90m[48;2;255;200;92m▀[0m[38;2;255;206;94m[48;2;231;178;77m▀[0m[38;2;149;116;55m[48;2;76;60;32m▀[0m[38;2;48;37;10m[48;2;0;0;12m▀[0m                
        [38;2;255;255;36m▄[0m[38;2;72;43;10m▄[0m[38;2;0;0;0m[48;2;76;75;53m▀[0m[38;2;157;125;54m[48;2;234;231;142m▀[0m[38;2;107;103;66m[48;2;255;255;158m▀[0m[38;2;254;255;159m[48;2;255;250;148m▀[0m[38;2;195;169;85m[48;2;190;153;70m▀[0m[38;2;233;175;76m[48;2;231;175;76m▀[0m[38;2;255;199;91m[48;2;255;199;91m▀[0m[38;2;255;197;90m[48;2;255;197;90m▀[0m[38;2;255;197;90m[48;2;255;197;90m▀[0m[38;2;255;197;90m[48;2;255;197;90m▀[0m[38;2;255;197;90m[48;2;255;201;92m▀[0m[38;2;253;199;91m[48;2;255;197;90m▀[0m[38;2;205;156;65m[48;2;255;201;93m▀[0m[38;2;141;101;33m[48;2;206;155;63m▀[0m[38;2;149;100;29m▄[0m[38;2;134;97;32m▄[0m              
     [38;2;63;0;0m▄[0m[38;2;162;123;45m▄[0m[38;2;69;61;38m▄[0m[38;2;74;66;41m[48;2;214;208;129m▀[0m[38;2;199;188;107m[48;2;255;255;153m▀[0m[38;2;226;219;134m[48;2;255;251;150m▀[0m[38;2;255;253;152m[48;2;255;212;109m▀[0m[38;2;255;220;116m[48;2;255;202;90m▀[0m[38;2;230;188;90m[48;2;161;124;59m▀[0m[38;2;205;153;62m[48;2;164;128;63m▀[0m[38;2;246;192;87m[48;2;255;206;93m▀[0m[38;2;255;198;90m[48;2;255;197;90m▀[0m[38;2;255;197;90m[48;2;255;197;90m▀[0m[38;2;255;197;90m[48;2;255;197;90m▀[0m[38;2;252;194;88m[48;2;254;197;90m▀[0m[38;2;205;156;65m[48;2;219;167;72m▀[0m[38;2;255;201;92m[48;2;205;156;65m▀[0m[38;2;255;195;89m[48;2;255;200;91m▀[0m[38;2;255;225;122m[48;2;255;240;140m▀[0m[38;2;230;203;106m[48;2;255;252;152m▀[0m[38;2;203;148;58m[48;2;255;243;141m▀[0m[38;2;129;92;23m[48;2;192;162;80m▀[0m[38;2;154;113;39m▄[0m[38;2;127;54;0m▄[0m[38;2;0;0;0m▄[0m          
   [38;2;141;104;36m▄[0m[38;2;152;111;40m[48;2;207;181;93m▀[0m[38;2;174;141;61m[48;2;255;237;133m▀[0m[38;2;223;198;107m[48;2;255;210;105m▀[0m[38;2;251;238;140m[48;2;255;194;86m▀[0m[38;2;255;234;131m[48;2;255;196;88m▀[0m[38;2;255;197;90m[48;2;255;197;90m▀[0m[38;2;255;199;92m[48;2;255;197;90m▀[0m[38;2;255;196;89m[48;2;255;197;90m▀[0m[38;2;255;206;93m[48;2;255;209;94m▀[0m[38;2;151;119;61m[48;2;157;124;63m▀[0m[38;2;151;119;61m[48;2;148;117;60m▀[0m[38;2;255;206;93m[48;2;255;206;93m▀[0m[38;2;255;197;90m[48;2;255;197;90m▀[0m[38;2;255;197;90m[48;2;255;197;90m▀[0m[38;2;255;197;90m[48;2;255;197;90m▀[0m[38;2;255;197;90m[48;2;255;197;90m▀[0m[38;2;255;203;93m[48;2;255;203;92m▀[0m[38;2;193;144;61m[48;2;190;151;71m▀[0m[38;2;204;186;105m[48;2;123;116;73m▀[0m[38;2;255;255;154m[48;2;242;240;146m▀[0m[38;2;255;246;148m[48;2;255;249;150m▀[0m[38;2;255;248;150m[48;2;255;246;148m▀[0m[38;2;255;247;148m[48;2;255;246;148m▀[0m[38;2;253;241;143m[48;2;255;247;149m▀[0m[38;2;183;149;66m[48;2;255;255;155m▀[0m[38;2;170;132;55m[48;2;236;221;127m▀[0m[38;2;130;81;16m[48;2;200;155;66m▀[0m[38;2;164;112;35m▄[0m[38;2;137;98;29m▄[0m       
[38;2;150;115;34m[48;2;164;122;47m▀[0m[38;2;156;114;39m[48;2;237;184;82m▀[0m[38;2;145;107;35m[48;2;242;185;82m▀[0m[38;2;207;159;67m[48;2;255;199;91m▀[0m[38;2;255;219;113m[48;2;255;196;88m▀[0m[38;2;255;193;85m[48;2;255;197;90m▀[0m[38;2;255;196;89m[48;2;255;197;90m▀[0m[38;2;255;197;90m[48;2;255;197;90m▀[0m[38;2;255;197;90m[48;2;255;197;90m▀[0m[38;2;255;197;90m[48;2;255;200;91m▀[0m[38;2;255;197;90m[48;2;250;194;88m▀[0m[38;2;255;200;92m[48;2;237;184;85m▀[0m[38;2;231;183;85m[48;2;61;51;35m▀[0m[38;2;94;74;38m[48;2;100;80;42m▀[0m[38;2;195;149;67m[48;2;254;205;91m▀[0m[38;2;255;206;94m[48;2;187;142;58m▀[0m[38;2;255;197;90m[48;2;255;196;89m▀[0m[38;2;255;197;90m[48;2;255;197;90m▀[0m[38;2;255;197;90m[48;2;255;198;91m▀[0m[38;2;255;197;90m[48;2;255;197;90m▀[0m[38;2;255;196;90m[48;2;255;197;90m▀[0m[38;2;255;206;94m[48;2;255;196;90m▀[0m[38;2;194;152;71m[48;2;255;205;94m▀[0m[38;2;113;106;68m[48;2;211;161;75m▀[0m[38;2;250;246;149m[48;2;182;152;74m▀[0m[38;2;255;246;148m[48;2;255;253;153m▀[0m[38;2;255;246;148m[48;2;255;246;148m▀[0m[38;2;255;246;148m[48;2;255;246;148m▀[0m[38;2;255;246;148m[48;2;255;246;148m▀[0m[38;2;255;250;152m[48;2;255;246;148m▀[0m[38;2;255;242;139m[48;2;255;247;150m▀[0m[38;2;234;208;112m[48;2;255;252;153m▀[0m[38;2;209;157;65m[48;2;255;246;143m▀[0m[38;2;144;99;30m[48;2;208;184;96m▀[0m[38;2;159;114;38m▄[0m[38;2;147;102;34m▄[0m[38;2;63;31;0m▄[0m[38;2;0;0;0m▄[0m  
[38;2;29;27;24m[48;2;177;130;35m▀[0m[38;2;106;82;39m[48;2;169;128;52m▀[0m[38;2;241;185;81m[48;2;191;150;65m▀[0m[38;2;255;201;92m[48;2;254;194;83m▀[0m[38;2;255;200;92m[48;2;232;177;76m▀[0m[38;2;255;197;90m[48;2;255;198;91m▀[0m[38;2;255;197;90m[48;2;255;200;92m▀[0m[38;2;255;197;90m[48;2;255;202;93m▀[0m[38;2;255;199;91m[48;2;255;208;94m▀[0m[38;2;235;190;88m[48;2;158;125;63m▀[0m[38;2;132;105;54m[48;2;96;78;46m▀[0m[38;2;82;68;41m[48;2;177;139;68m▀[0m[38;2;180;139;65m[48;2;128;103;54m▀[0m[38;2;218;170;71m[48;2;164;138;66m▀[0m[38;2;188;145;62m[48;2;116;84;51m▀[0m[38;2;46;37;24m[48;2;95;60;44m▀[0m[38;2;208;162;78m[48;2;106;83;40m▀[0m[38;2;255;200;91m[48;2;255;216;98m▀[0m[38;2;248;190;85m[48;2;152;118;52m▀[0m[38;2;252;195;88m[48;2;223;173;79m▀[0m[38;2;255;197;90m[48;2;255;200;91m▀[0m[38;2;255;194;87m[48;2;255;196;88m▀[0m[38;2;255;227;124m[48;2;255;231;128m▀[0m[38;2;253;247;150m[48;2;225;213;121m▀[0m[38;2;95;90;59m[48;2;240;233;140m▀[0m[38;2;225;223;135m[48;2;122;119;77m▀[0m[38;2;255;253;152m[48;2;219;219;134m▀[0m[38;2;255;246;148m[48;2;255;253;152m▀[0m[38;2;255;246;148m[48;2;255;246;148m▀[0m[38;2;255;246;148m[48;2;255;246;148m▀[0m[38;2;255;246;148m[48;2;255;246;148m▀[0m[38;2;255;246;148m[48;2;255;246;148m▀[0m[38;2;255;248;150m[48;2;255;246;148m▀[0m[38;2;255;250;151m[48;2;255;246;148m▀[0m[38;2;255;224;119m[48;2;255;249;151m▀[0m[38;2;188;140;55m[48;2;255;223;120m▀[0m[38;2;184;139;53m[48;2;208;160;69m▀[0m[38;2;186;139;52m[48;2;169;131;60m▀[0m[38;2;144;99;33m[48;2;143;103;31m▀[0m 
[38;2;210;150;45m[48;2;55;47;55m▀[0m[38;2;82;64;41m[48;2;112;97;96m▀[0m[38;2;109;92;78m[48;2;163;145;140m▀[0m[38;2;187;155;112m[48;2;63;60;65m▀[0m[38;2;105;82;39m[48;2;152;131;106m▀[0m[38;2;255;208;95m[48;2;176;140;65m▀[0m[38;2;221;169;71m[48;2;110;96;82m▀[0m[38;2;198;149;60m[48;2;72;62;49m▀[0m[38;2;255;199;89m[48;2;67;56;33m▀[0m[38;2;163;126;53m[48;2;96;59;25m▀[0m[38;2;26;15;19m[48;2;133;83;58m▀[0m[38;2;22;21;23m[48;2;49;39;34m▀[0m[38;2;112;88;51m[48;2;129;83;62m▀[0m[38;2;104;66;51m[48;2;173;111;77m▀[0m[38;2;155;98;68m[48;2;165;107;75m▀[0m[38;2;174;112;77m[48;2;165;106;75m▀[0m[38;2;150;104;58m[48;2;151;98;65m▀[0m[38;2;169;139;68m[48;2;177;136;57m▀[0m[38;2;134;100;53m[48;2;154;110;56m▀[0m[38;2;164;122;53m[48;2;51;39;25m▀[0m[38;2;255;202;92m[48;2;217;170;80m▀[0m[38;2;235;177;75m[48;2;39;34;25m▀[0m[38;2;233;212;117m[48;2;168;136;69m▀[0m[38;2;169;134;58m[48;2;241;220;123m▀[0m[38;2;111;111;70m[48;2;49;32;22m▀[0m[38;2;108;94;66m[48;2;222;111;37m▀[0m[38;2;96;81;58m[48;2;175;97;55m▀[0m[38;2;227;226;138m[48;2;156;125;62m▀[0m[38;2;255;250;150m[48;2;255;246;146m▀[0m[38;2;255;246;148m[48;2;255;247;150m▀[0m[38;2;255;246;148m[48;2;255;246;149m▀[0m[38;2;255;246;148m[48;2;255;247;149m▀[0m[38;2;255;246;148m[48;2;255;246;149m▀[0m[38;2;255;247;149m[48;2;255;230;128m▀[0m[38;2;255;248;150m[48;2;255;204;98m▀[0m[38;2;255;254;154m[48;2;248;202;99m▀[0m[38;2;176;162;93m[48;2;241;203;99m▀[0m[38;2;0;0;10m[48;2;143;113;57m▀[0m[38;2;0;0;13m▄[0m 
[38;2;87;73;73m[48;2;108;91;90m▀[0m[38;2;132;115;110m[48;2;145;130;123m▀[0m[38;2;152;136;128m[48;2;54;50;48m▀[0m[38;2;55;49;48m[48;2;90;73;73m▀[0m[38;2;144;130;125m[48;2;132;117;112m▀[0m[38;2;69;68;71m[48;2;68;62;59m▀[0m[38;2;109;97;94m[48;2;129;109;106m▀[0m[38;2;107;90;92m[48;2;11;17;22m▀[0m[38;2;0;0;0m[48;2;37;30;24m▀[0m[38;2;32;26;28m[48;2;115;66;31m▀[0m[38;2;74;46;31m[48;2;191;102;47m▀[0m[38;2;113;64;34m[48;2;194;102;43m▀[0m[38;2;163;106;75m[48;2;191;110;63m▀[0m[38;2;164;106;74m[48;2;159;105;75m▀[0m[38;2;164;106;74m[48;2;167;108;75m▀[0m[38;2;164;106;74m[48;2;165;107;75m▀[0m[38;2;170;109;76m[48;2;165;107;75m▀[0m[38;2;124;84;59m[48;2;153;98;67m▀[0m[38;2;78;51;37m[48;2;155;99;68m▀[0m[38;2;66;48;37m[48;2;164;106;74m▀[0m[38;2;164;130;64m[48;2;92;62;49m▀[0m[38;2;88;60;48m[48;2;171;110;76m▀[0m[38;2;97;66;49m[48;2;170;110;76m▀[0m[38;2;166;135;68m[48;2;92;62;49m▀[0m[38;2;93;61;39m[48;2;159;105;75m▀[0m[38;2;251;126;44m[48;2;182;109;68m▀[0m[38;2;255;127;41m[48;2;245;122;43m▀[0m[38;2;105;59;29m[48;2;250;118;38m▀[0m[38;2;211;174;88m[48;2;63;52;33m▀[0m[38;2;255;239;139m[48;2;255;206;90m▀[0m[38;2;255;245;146m[48;2;255;218;114m▀[0m[38;2;255;239;139m[48;2;252;201;97m▀[0m[38;2;255;204;94m[48;2;208;161;85m▀[0m[38;2;255;203;94m[48;2;255;216;97m▀[0m[38;2;185;139;58m[48;2;101;81;43m▀[0m[38;2;52;42;30m[48;2;81;70;75m▀[0m[38;2;58;52;48m[48;2;151;135;128m▀[0m[38;2;48;41;35m[48;2;165;160;149m▀[0m[38;2;0;0;0m[48;2;54;56;53m▀[0m[38;2;0;0;0m▄[0m
[38;2;112;95;93m[48;2;41;38;37m▀[0m[38;2;108;98;93m[48;2;48;45;43m▀[0m[38;2;0;0;0m[48;2;0;0;0m▀[0m[38;2;54;46;46m[48;2;6;6;6m▀[0m[38;2;67;62;58m[48;2;0;0;0m▀[0m[38;2;46;41;41m▀[0m[38;2;35;33;33m[48;2;19;23;23m▀[0m[38;2;59;38;27m[48;2;37;30;26m▀[0m[38;2;169;87;36m[48;2;137;73;35m▀[0m[38;2;154;82;36m[48;2;208;105;39m▀[0m[38;2;121;72;45m[48;2;213;104;38m▀[0m[38;2;166;86;40m[48;2;246;120;42m▀[0m[38;2;253;124;40m[48;2;166;99;59m▀[0m[38;2;204;117;64m[48;2;108;61;33m▀[0m[38;2;127;82;58m[48;2;128;80;55m▀[0m[38;2;152;97;67m[48;2;162;105;73m▀[0m[38;2;171;111;77m[48;2;174;112;78m▀[0m[38;2;109;72;52m[48;2;104;70;53m▀[0m[38;2;109;72;52m[48;2;98;67;51m▀[0m[38;2;171;110;77m[48;2;170;109;77m▀[0m[38;2;170;110;76m[48;2;164;106;74m▀[0m[38;2;164;106;74m[48;2;164;106;74m▀[0m[38;2;164;106;74m[48;2;164;106;74m▀[0m[38;2;170;110;76m[48;2;164;106;74m▀[0m[38;2;165;106;74m[48;2;164;106;74m▀[0m[38;2;160;105;76m[48;2;164;106;74m▀[0m[38;2;182;109;68m[48;2;158;104;76m▀[0m[38;2;243;120;44m[48;2;236;121;50m▀[0m[38;2;109;74;51m[48;2;137;85;62m▀[0m[38;2;170;137;68m[48;2;76;61;31m▀[0m[38;2;229;172;72m[48;2;98;76;34m▀[0m[38;2;241;184;83m[48;2;101;83;68m▀[0m[38;2;84;69;66m[48;2;134;117;113m▀[0m[38;2;172;140;64m[48;2;65;53;49m▀[0m[38;2;175;143;93m[48;2;53;47;38m▀[0m[38;2;171;165;159m[48;2;195;194;180m▀[0m[38;2;96;82;80m[48;2;129;115;109m▀[0m[38;2;194;189;176m[48;2;24;23;23m▀[0m[38;2;165;158;148m[48;2;161;159;148m▀[0m[38;2;38;34;34m[48;2;69;68;64m▀[0m
[38;2;0;0;0m▀[0m[38;2;0;0;0m▀[0m    [38;2;0;0;0m▀[0m[38;2;0;18;18m▀[0m[38;2;20;22;23m▀[0m[38;2;56;38;27m[48;2;13;18;23m▀[0m[38;2;83;50;32m[48;2;11;19;24m▀[0m[38;2;120;65;34m[48;2;147;77;32m▀[0m[38;2;133;77;43m[48;2;171;89;34m▀[0m[38;2;212;117;60m[48;2;141;79;42m▀[0m[38;2;202;116;65m[48;2;102;72;56m▀[0m[38;2;168;110;78m[48;2;105;72;53m▀[0m[38;2;153;98;68m[48;2;53;36;27m▀[0m[38;2;111;72;51m[48;2;45;32;26m▀[0m[38;2;34;27;23m[48;2;31;27;25m▀[0m[38;2;142;94;67m[48;2;96;67;51m▀[0m[38;2;168;108;75m[48;2;173;111;77m▀[0m[38;2;164;106;74m[48;2;169;109;76m▀[0m[38;2;164;106;74m[48;2;164;106;74m▀[0m[38;2;164;106;74m[48;2;164;106;74m▀[0m[38;2;164;106;74m[48;2;164;106;74m▀[0m[38;2;164;106;74m[48;2;167;108;75m▀[0m[38;2;165;106;74m[48;2;175;112;78m▀[0m[38;2;168;108;74m[48;2;119;80;59m▀[0m[38;2;34;29;28m[48;2;27;25;25m▀[0m[38;2;22;25;22m▀[0m[38;2;17;19;19m▀[0m[38;2;25;25;29m[48;2;0;0;0m▀[0m[38;2;145;131;124m[48;2;59;58;55m▀[0m[38;2;109;102;97m[48;2;178;173;161m▀[0m[38;2;0;1;4m[48;2;68;68;65m▀[0m[38;2;121;110;104m[48;2;18;20;20m▀[0m[38;2;203;202;187m[48;2;171;171;158m▀[0m[38;2;43;44;41m[48;2;162;162;151m▀[0m[38;2;25;25;25m[48;2;0;0;0m▀[0m[38;2;28;28;26m▀[0m
           [38;2;0;9;21m▀[0m[38;2;18;22;25m[48;2;24;21;18m▀[0m[38;2;51;35;27m[48;2;57;44;40m▀[0m[38;2;50;33;24m[48;2;113;92;84m▀[0m[38;2;50;32;24m[48;2;122;101;90m▀[0m[38;2;65;41;29m[48;2;41;32;28m▀[0m[38;2;75;46;31m[48;2;51;43;41m▀[0m[38;2;31;25;21m[48;2;100;86;85m▀[0m[38;2;5;13;18m[48;2;123;106;106m▀[0m[38;2;72;52;42m[48;2;0;0;0m▀[0m[38;2;114;77;56m[48;2;26;26;24m▀[0m[38;2;173;111;77m[48;2;81;54;39m▀[0m[38;2;167;108;75m[48;2;103;64;44m▀[0m[38;2;172;111;77m[48;2;90;58;41m▀[0m[38;2;134;89;64m[48;2;42;35;30m▀[0m[38;2;77;55;44m[48;2;0;0;0m▀[0m[38;2;30;26;26m[48;2;0;0;0m▀[0m   [38;2;0;0;0m▀[0m[38;2;32;28;28m▀[0m[38;2;152;147;138m[48;2;46;48;46m▀[0m[38;2;120;120;112m[48;2;56;56;52m▀[0m[38;2;0;0;0m[48;2;0;0;0m▀[0m[38;2;42;42;40m▀[0m[38;2;77;77;73m[48;2;0;0;0m▀[0m[38;2;14;14;14m[48;2;28;28;28m▀[0m 
           [38;2;0;0;0m▄[0m[38;2;0;0;0m[48;2;36;32;32m▀[0m[38;2;49;45;45m[48;2;86;76;72m▀[0m[38;2;109;91;89m[48;2;119;101;96m▀[0m[38;2;42;39;39m[48;2;74;66;62m▀[0m[38;2;130;116;110m[48;2;141;128;118m▀[0m[38;2;152;144;136m[48;2;178;168;155m▀[0m[38;2;210;206;192m[48;2;115;97;93m▀[0m[38;2;102;88;87m[48;2;145;134;127m▀[0m[38;2;44;25;31m[48;2;129;121;115m▀[0m[38;2;26;29;26m[48;2;56;50;48m▀[0m[38;2;98;88;82m[48;2;122;104;99m▀[0m[38;2;126;109;101m[48;2;68;58;58m▀[0m[38;2;27;25;25m[48;2;0;2;5m▀[0m[38;2;0;0;0m[48;2;22;18;20m▀[0m[38;2;63;65;60m[48;2;131;124;118m▀[0m[38;2;71;72;68m[48;2;159;159;148m▀[0m[38;2;0;0;0m[48;2;115;116;108m▀[0m[38;2;0;0;0m[48;2;86;86;80m▀[0m[38;2;0;0;0m▄[0m         
           [38;2;0;0;0m[48;2;32;34;32m▀[0m[38;2;41;37;36m[48;2;177;175;162m▀[0m[38;2;132;114;107m[48;2;143;125;117m▀[0m[38;2;111;95;90m[48;2;130;114;105m▀[0m[38;2;133;116;107m[48;2;132;115;107m▀[0m[38;2;133;116;107m[48;2;88;75;73m▀[0m[38;2;132;115;106m[48;2;44;41;39m▀[0m[38;2;120;103;97m[48;2;55;48;46m▀[0m[38;2;111;108;102m[48;2;0;0;0m▀[0m[38;2;88;90;84m[48;2;32;29;28m▀[0m[38;2;54;47;46m[48;2;112;96;91m▀[0m[38;2;122;104;99m[48;2;99;83;81m▀[0m[38;2;70;60;59m[48;2;122;105;99m▀[0m[38;2;87;78;72m[48;2;138;121;112m▀[0m[38;2;104;91;85m[48;2;139;122;112m▀[0m[38;2;98;80;79m[48;2;129;113;104m▀[0m[38;2;58;46;48m[48;2;125;107;100m▀[0m[38;2;154;146;140m[48;2;128;115;108m▀[0m[38;2;129;130;133m[48;2;196;197;187m▀[0m[38;2;36;36;40m[48;2;202;202;188m▀[0m[38;2;0;0;0m[48;2;59;59;56m▀[0m[38;2;0;0;0m▄[0m       
           [38;2;35;34;34m[48;2;32;30;30m▀[0m[38;2;194;187;175m[48;2;89;79;75m▀[0m[38;2;56;47;48m[48;2;11;13;13m▀[0m[38;2;22;23;23m▀[0m[38;2;79;66;66m▀[0m[38;2;72;54;54m▀[0m[38;2;0;0;0m▀[0m[38;2;0;0;0m[48;2;12;12;14m▀[0m[38;2;62;61;58m[48;2;194;194;179m▀[0m[38;2;111;95;92m[48;2;107;97;93m▀[0m[38;2;132;115;107m[48;2;72;62;61m▀[0m[38;2;135;118;109m[48;2;92;82;76m▀[0m[38;2;134;118;108m[48;2;114;99;93m▀[0m[38;2;125;109;102m[48;2;76;63;63m▀[0m[38;2;111;98;91m[48;2;11;13;14m▀[0m[38;2;125;109;101m[48;2;63;53;53m▀[0m[38;2;98;82;80m[48;2;109;85;85m▀[0m[38;2;30;29;29m▀[0m[38;2;23;23;23m▀[0m[38;2;139;139;130m[48;2;10;10;10m▀[0m[38;2;63;63;61m[48;2;21;21;21m▀[0m[38;2;0;0;0m[48;2;51;51;51m▀[0m       
            [38;2;3;6;6m▀[0m     [38;2;15;15;17m[48;2;17;17;17m▀[0m[38;2;153;144;135m[48;2;44;41;39m▀[0m[38;2;26;27;27m[48;2;26;26;26m▀[0m[38;2;10;12;12m▀[0m[38;2;5;7;10m▀[0m[38;2;69;56;59m▀[0m                
[0m