                      [38;2;168;42;88m▄[0m[38;2;182;60;106m[48;2;229;99;148m▀[0m[38;2;210;86;135m[48;2;235;98;148m▀[0m[38;2;189;64;111m[48;2;234;105;155m▀[0m[38;2;149;18;65m[48;2;216;94;143m▀[0m[38;2;165;39;87m▄[0m            
                      [38;2;156;36;80m[48;2;35;21;26m▀[0m[38;2;230;80;132m[48;2;216;79;127m▀[0m[38;2;229;81;132m[48;2;231;83;134m▀[0m[38;2;228;81;132m[48;2;228;82;133m▀[0m[38;2;236;93;144m[48;2;228;80;131m▀[0m[38;2;219;95;143m[48;2;237;98;148m▀[0m[38;2;170;49;92m[48;2;199;83;129m▀[0m[38;2;127;0;0m[48;2;127;0;39m▀[0m          
                     [38;2;140;114;12m▄[0m[38;2;24;8;24m[48;2;63;42;10m▀[0m[38;2;170;53;95m[48;2;44;19;36m▀[0m[38;2;239;86;139m[48;2;187;69;111m▀[0m[38;2;228;82;133m[48;2;240;84;141m▀[0m[38;2;228;82;133m[48;2;234;81;141m▀[0m[38;2;231;82;135m[48;2;206;81;112m▀[0m[38;2;237;108;162m[48;2;200;108;101m▀[0m[38;2;172;48;94m[48;2;212;88;140m▀[0m[38;2;156;20;67m▄[0m         
                     [38;2;94;83;12m[48;2;26;26;13m▀[0m[38;2;171;156;11m[48;2;138;129;12m▀[0m[38;2;130;115;8m[48;2;208;195;11m▀[0m[38;2;60;35;33m[48;2;138;121;11m▀[0m[38;2;157;70;80m[48;2;118;106;7m▀[0m[38;2;184;90;81m[48;2;154;144;6m▀[0m[38;2;94;70;31m[48;2;91;83;12m▀[0m[38;2;167;155;12m[48;2;162;146;11m▀[0m[38;2;215;102;146m[48;2;198;108;105m▀[0m[38;2;162;19;79m[48;2;178;60;100m▀[0m[38;2;127;0;127m▄[0m        
                     [38;2;93;68;8m[48;2;19;19;19m▀[0m[38;2;121;104;13m[48;2;27;23;16m▀[0m[38;2;167;154;13m[48;2;135;117;12m▀[0m[38;2;164;149;12m[48;2;175;162;12m▀[0m[38;2;178;165;12m[48;2;173;160;12m▀[0m[38;2;124;114;13m[48;2;141;130;13m▀[0m[38;2;116;102;14m[48;2;131;118;13m▀[0m[38;2;188;174;11m[48;2;165;152;8m▀[0m[38;2;146;137;3m[48;2;71;73;55m▀[0m[38;2;127;89;21m[48;2;137;81;58m▀[0m[38;2;255;0;255m[48;2;0;0;0m▀[0m[38;2;0;0;0m[48;2;148;131;11m▀[0m[38;2;0;0;0m[48;2;151;133;11m▀[0m[38;2;0;0;0m▄[0m     
                      [38;2;0;0;0m▄[0m[38;2;82;77;13m[48;2;79;69;15m▀[0m[38;2;178;165;12m[48;2;168;154;13m▀[0m[38;2;170;157;12m[48;2;172;159;12m▀[0m[38;2;173;160;12m[48;2;170;157;12m▀[0m[38;2;167;153;12m[48;2;172;159;12m▀[0m[38;2;161;148;2m[48;2;170;157;9m▀[0m[38;2;139;140;101m[48;2;167;151;35m▀[0m[38;2;242;161;128m[48;2;166;154;33m▀[0m[38;2;147;122;4m[48;2;226;217;5m▀[0m[38;2;208;197;9m[48;2;226;217;9m▀[0m[38;2;154;137;11m[48;2;152;135;11m▀[0m[38;2;0;0;0m[48;2;0;0;0m▀[0m     
                       [38;2;0;0;20m▀[0m[38;2;96;89;15m[48;2;46;37;13m▀[0m[38;2;176;162;12m[48;2;137;123;13m▀[0m[38;2;170;157;12m[48;2;174;162;12m▀[0m[38;2;155;139;13m[48;2;160;144;12m▀[0m[38;2;171;157;12m[48;2;119;107;10m▀[0m[38;2;156;140;9m[48;2;166;158;10m▀[0m[38;2;145;127;9m[48;2;155;137;13m▀[0m[38;2;199;186;9m[48;2;133;118;14m▀[0m[38;2;160;143;12m[48;2;52;45;15m▀[0m[38;2;150;131;11m[48;2;0;0;0m▀[0m[38;2;0;0;0m▀[0m     
                    [38;2;87;96;92m▄[0m[38;2;95;101;97m▄[0m[38;2;0;0;0m▄[0m [38;2;0;0;15m[48;2;37;32;10m▀[0m[38;2;95;89;14m[48;2;141;131;13m▀[0m[38;2;179;166;12m[48;2;174;161;12m▀[0m[38;2;161;150;8m[48;2;160;150;7m▀[0m[38;2;148;82;68m[48;2;167;90;75m▀[0m[38;2;169;88;61m[48;2;143;34;88m▀[0m[38;2;138;131;10m[48;2;0;5;10m▀[0m[38;2;48;46;14m▀[0m[38;2;0;0;0m▀[0m       
                    [38;2;16;16;16m[48;2;0;0;0m▀[0m[38;2;187;188;187m[48;2;114;114;114m▀[0m[38;2;161;165;162m[48;2;246;246;246m▀[0m[38;2;88;96;99m[48;2;225;227;226m▀[0m[38;2;66;65;34m[48;2;199;201;200m▀[0m[38;2;177;163;10m[48;2;142;136;38m▀[0m[38;2;171;158;12m[48;2;173;159;9m▀[0m[38;2;158;149;6m[48;2;160;146;10m▀[0m[38;2;178;94;85m[48;2;165;133;37m▀[0m[38;2;187;42;106m[48;2;154;61;65m▀[0m[38;2;72;36;0m▄[0m         
                     [38;2;69;75;71m[48;2;58;67;64m▀[0m[38;2;133;136;134m[48;2;205;207;206m▀[0m[38;2;254;254;254m[48;2;255;255;255m▀[0m[38;2;232;233;227m[48;2;196;192;100m▀[0m[38;2;128;124;45m[48;2;161;149;7m▀[0m[38;2;111;100;10m[48;2;89;84;13m▀[0m[38;2;189;176;11m[48;2;163;143;14m▀[0m[38;2;171;166;3m[48;2;126;59;54m▀[0m[38;2;171;164;5m[48;2;115;77;46m▀[0m[38;2;125;108;12m[48;2;113;107;11m▀[0m[38;2;148;21;58m▄[0m        
 [38;2;172;46;92m▄[0m[38;2;185;53;101m▄[0m[38;2;170;44;92m▄[0m[38;2;98;0;0m▄[0m               [38;2;153;25;76m[48;2;163;29;77m▀[0m[38;2;200;53;104m[48;2;208;66;121m▀[0m[38;2;117;63;83m[48;2;109;81;30m▀[0m[38;2;148;155;141m[48;2;141;133;3m▀[0m[38;2;129;132;115m[48;2;116;105;30m▀[0m[38;2;170;157;6m[48;2;171;158;13m▀[0m[38;2;164;153;11m[48;2;176;162;12m▀[0m[38;2;56;53;22m[48;2;113;107;16m▀[0m[38;2;116;46;77m[48;2;25;40;35m▀[0m[38;2;236;87;129m[48;2;114;44;70m▀[0m[38;2;242;180;60m[48;2;207;67;122m▀[0m[38;2;206;124;79m[48;2;226;118;163m▀[0m[38;2;167;37;104m[48;2;175;55;99m▀[0m       
[38;2;182;61;107m[48;2;200;63;112m▀[0m[38;2;232;107;156m[48;2;232;87;137m▀[0m[38;2;243;114;165m[48;2;227;77;129m▀[0m[38;2;223;97;147m[48;2;233;115;155m▀[0m[38;2;195;71;120m[48;2;242;128;169m▀[0m[38;2;150;17;63m[48;2;205;80;129m▀[0m[38;2;158;33;76m▄[0m           [38;2;156;19;78m▄[0m[38;2;190;46;99m▄[0m[38;2;193;47;102m[48;2;145;59;79m▀[0m[38;2;123;39;79m[48;2;124;118;12m▀[0m[38;2;87;84;9m[48;2;128;111;13m▀[0m[38;2;158;140;13m[48;2;137;118;13m▀[0m[38;2;150;132;10m[48;2;171;158;12m▀[0m[38;2;170;157;12m[48;2;171;158;12m▀[0m[38;2;172;159;12m[48;2;174;161;12m▀[0m[38;2;160;147;11m[48;2;148;129;12m▀[0m[38;2;51;51;30m[48;2;35;29;14m▀[0m[38;2;42;56;48m[48;2;45;58;49m▀[0m[38;2;35;22;26m[48;2;57;47;47m▀[0m[38;2;103;37;60m[48;2;226;75;125m▀[0m[38;2;147;31;85m[48;2;217;154;46m▀[0m[38;2;164;58;50m▄[0m      
[38;2;188;52;100m[48;2;162;32;78m▀[0m[38;2;229;78;131m[48;2;224;68;123m▀[0m[38;2;234;134;165m[48;2;239;165;185m▀[0m[38;2;242;219;217m[48;2;242;223;220m▀[0m[38;2;240;211;211m[48;2;242;216;216m▀[0m[38;2;248;157;191m[48;2;248;222;226m▀[0m[38;2;181;56;103m[48;2;222;112;155m▀[0m[38;2;127;0;42m[48;2;150;11;57m▀[0m          [38;2;153;20;76m[48;2;43;41;14m▀[0m[38;2;174;47;104m[48;2;97;86;17m▀[0m[38;2;89;78;20m[48;2;130;111;13m▀[0m[38;2;168;154;10m[48;2;143;125;12m▀[0m[38;2;150;133;12m[48;2;172;159;12m▀[0m[38;2;171;159;12m[48;2;162;148;12m▀[0m[38;2;166;152;12m[48;2;147;129;13m▀[0m[38;2;164;151;12m[48;2;186;173;10m▀[0m[38;2;171;156;12m[48;2;192;180;11m▀[0m[38;2;132;112;12m[48;2;135;113;11m▀[0m[38;2;101;76;14m▄[0m[38;2;19;23;21m[48;2;0;0;0m▀[0m[38;2;48;56;48m[48;2;35;44;37m▀[0m[38;2;137;49;80m[48;2;47;57;49m▀[0m[38;2;241;141;104m[48;2;100;31;62m▀[0m[38;2;231;125;141m[48;2;152;73;108m▀[0m[38;2;165;37;86m[48;2;165;36;81m▀[0m[38;2;162;33;78m▄[0m    
[38;2;159;31;79m▀[0m[38;2;186;47;96m[48;2;95;0;0m▀[0m[38;2;234;94;142m[48;2;180;39;88m▀[0m[38;2;244;193;204m[48;2;209;76;123m▀[0m[38;2;237;218;210m[48;2;217;117;138m▀[0m[38;2;213;187;167m[48;2;149;125;9m▀[0m[38;2;223;109;158m[48;2;176;128;51m▀[0m[38;2;153;3;66m[48;2;130;75;28m▀[0m[38;2;0;0;0m▄[0m       [38;2;39;26;13m▄[0m[38;2;0;0;18m[48;2;82;76;15m▀[0m[38;2;128;119;14m[48;2;144;128;13m▀[0m[38;2;182;169;11m[48;2;142;124;13m▀[0m[38;2;149;132;12m[48;2;159;145;12m▀[0m[38;2;162;148;12m[48;2;171;159;12m▀[0m[38;2;172;159;12m[48;2;169;156;12m▀[0m[38;2;166;152;12m[48;2;167;154;12m▀[0m[38;2;171;157;12m[48;2;170;157;12m▀[0m[38;2;183;171;11m[48;2;168;155;12m▀[0m[38;2;218;209;8m[48;2;173;161;12m▀[0m[38;2;223;214;9m[48;2;214;205;9m▀[0m[38;2;182;168;9m[48;2;230;222;9m▀[0m[38;2;118;94;14m[48;2;189;175;10m▀[0m[38;2;0;0;7m[48;2;121;96;12m▀[0m[38;2;37;44;38m[48;2;0;0;0m▀[0m[38;2;42;64;50m[48;2;36;46;39m▀[0m[38;2;86;38;53m[48;2;56;56;52m▀[0m[38;2;229;67;116m[48;2;196;65;112m▀[0m[38;2;221;48;87m[48;2;243;75;120m▀[0m[38;2;188;40;84m[48;2;253;56;93m▀[0m[38;2;150;32;78m[48;2;208;44;85m▀[0m[38;2;149;27;77m▄[0m 
   [38;2;158;20;66m▀[0m[38;2;176;26;81m▀[0m[38;2;91;37;42m▀[0m[38;2;146;147;4m[48;2;19;19;16m▀[0m[38;2;201;188;9m[48;2;142;138;11m▀[0m[38;2;157;139;11m[48;2;206;197;10m▀[0m[38;2;120;96;14m[48;2;231;219;9m▀[0m[38;2;102;72;14m[48;2;176;161;10m▀[0m[38;2;154;135;11m▄[0m[38;2;154;136;11m▄[0m[38;2;46;23;23m[48;2;163;146;10m▀[0m[38;2;116;95;12m[48;2;202;189;10m▀[0m[38;2;105;88;13m[48;2;173;158;12m▀[0m[38;2;127;115;13m[48;2;174;161;12m▀[0m[38;2;173;159;12m[48;2;170;157;12m▀[0m[38;2;169;156;12m[48;2;170;157;12m▀[0m[38;2;167;154;12m[48;2;170;157;12m▀[0m[38;2;171;158;12m[48;2;170;157;12m▀[0m[38;2;170;157;12m[48;2;170;157;12m▀[0m[38;2;166;152;12m[48;2;174;161;12m▀[0m[38;2;144;126;13m[48;2;140;125;13m▀[0m[38;2;173;160;12m[48;2;154;140;12m▀[0m[38;2;170;157;12m[48;2;174;161;12m▀[0m[38;2;169;156;12m[48;2;170;157;12m▀[0m[38;2;170;157;12m[48;2;170;157;12m▀[0m[38;2;171;158;12m[48;2;170;157;12m▀[0m[38;2;203;192;10m[48;2;168;155;12m▀[0m[38;2;179;163;10m[48;2;179;165;12m▀[0m[38;2;145;119;10m[48;2;134;114;13m▀[0m[38;2;0;0;8m[48;2;63;47;15m▀[0m[38;2;40;52;44m[48;2;28;30;28m▀[0m[38;2;78;48;56m[48;2;41;58;47m▀[0m[38;2;216;78;128m[48;2;77;46;55m▀[0m[38;2;239;77;123m[48;2;221;101;149m▀[0m[38;2;248;63;103m[48;2;244;122;170m▀[0m[38;2;207;38;81m[48;2;233;109;146m▀[0m[38;2;150;17;63m[48;2;176;67;104m▀[0m
       [38;2;0;0;19m▀[0m[38;2;57;55;15m▀[0m[38;2;127;123;11m[48;2;0;0;20m▀[0m[38;2;212;205;10m[48;2;26;22;16m▀[0m[38;2;234;224;9m[48;2;120;110;12m▀[0m[38;2;244;236;8m[48;2;120;117;12m▀[0m[38;2;239;232;8m[48;2;159;148;11m▀[0m[38;2;228;221;8m[48;2;186;174;12m▀[0m[38;2;179;167;11m[48;2;168;155;13m▀[0m[38;2;170;157;12m[48;2;168;156;12m▀[0m[38;2;171;157;12m[48;2;167;154;10m▀[0m[38;2;171;157;12m[48;2;167;154;12m▀[0m[38;2;170;157;12m[48;2;165;152;12m▀[0m[38;2;173;160;12m[48;2;137;127;13m▀[0m[38;2;179;165;12m[48;2;93;87;14m▀[0m[38;2;169;155;13m[48;2;63;58;15m▀[0m[38;2;97;91;14m[48;2;6;6;16m▀[0m[38;2;61;58;14m[48;2;0;0;15m▀[0m[38;2;169;156;13m[48;2;73;68;14m▀[0m[38;2;172;159;12m[48;2;166;153;13m▀[0m[38;2;170;157;12m[48;2;176;163;12m▀[0m[38;2;170;157;12m[48;2;174;161;12m▀[0m[38;2;170;157;12m[48;2;170;157;12m▀[0m[38;2;171;160;12m[48;2;174;162;12m▀[0m[38;2;151;133;13m[48;2;149;131;13m▀[0m[38;2;123;85;15m[48;2;106;77;14m▀[0m[38;2;0;0;0m▀[0m[38;2;34;39;34m[48;2;15;13;13m▀[0m[38;2;48;68;54m[48;2;53;64;54m▀[0m[38;2;74;46;54m[48;2;47;69;55m▀[0m[38;2;214;100;146m[48;2;65;46;49m▀[0m[38;2;255;186;213m[48;2;124;83;99m▀[0m[38;2;210;119;147m[48;2;144;83;101m▀[0m
           [38;2;0;0;31m▀[0m[38;2;0;0;17m▀[0m[38;2;34;23;17m▀[0m[38;2;41;38;16m▀[0m[38;2;43;40;15m[48;2;0;0;14m▀[0m[38;2;36;34;14m[48;2;39;47;42m▀[0m[38;2;45;48;29m[48;2;55;70;63m▀[0m[38;2;47;45;17m[48;2;64;69;44m▀[0m[38;2;87;82;14m[48;2;140;126;13m▀[0m[38;2;83;74;15m[48;2;68;64;15m▀[0m[38;2;34;25;15m[48;2;0;0;23m▀[0m[38;2;0;0;0m▀[0m  [38;2;0;0;17m▀[0m[38;2;94;85;13m[48;2;40;30;10m▀[0m[38;2;135;124;12m[48;2;40;46;40m▀[0m[38;2;138;125;11m[48;2;54;61;48m▀[0m[38;2;176;162;11m[48;2;87;81;23m▀[0m[38;2;160;145;13m[48;2;120;100;11m▀[0m[38;2;127;108;14m▀[0m[38;2;127;63;0m▀[0m [38;2;19;19;19m▀[0m[38;2;28;34;29m[48;2;0;0;0m▀[0m[38;2;70;59;58m[48;2;134;46;77m▀[0m[38;2;67;68;62m[48;2;194;61;107m▀[0m[38;2;113;54;72m[48;2;181;50;96m▀[0m[38;2;141;20;63m[48;2;173;36;81m▀[0m
              [38;2;16;12;12m[48;2;16;12;12m▀[0m[38;2;40;49;42m[48;2;53;65;55m▀[0m[38;2;60;73;62m[48;2;61;75;63m▀[0m[38;2;57;71;59m[48;2;48;55;49m▀[0m[38;2;38;45;40m[48;2;4;0;4m▀[0m[38;2;9;9;13m▀[0m[38;2;0;0;0m▀[0m     [38;2;6;3;6m[48;2;21;23;21m▀[0m[38;2;47;56;49m[48;2;51;61;52m▀[0m[38;2;59;74;63m[48;2;64;76;66m▀[0m[38;2;41;50;47m[48;2;27;30;27m▀[0m[38;2;0;0;11m[48;2;0;0;0m▀[0m    [38;2;60;30;40m[48;2;29;19;23m▀[0m[38;2;164;52;92m[48;2;73;25;44m▀[0m[38;2;111;36;63m[48;2;0;0;0m▀[0m[38;2;51;29;35m▀[0m 
              [38;2;18;9;9m▀[0m[38;2;34;39;34m[48;2;25;29;25m▀[0m[38;2;65;78;67m[48;2;61;74;63m▀[0m[38;2;67;71;68m[48;2;92;101;94m▀[0m[38;2;0;6;3m[48;2;81;70;72m▀[0m[38;2;68;0;24m[48;2;173;71;110m▀[0m[38;2;176;47;92m▄[0m    [38;2;17;17;17m[48;2;18;18;18m▀[0m[38;2;35;41;35m[48;2;53;65;55m▀[0m[38;2;59;73;61m[48;2;64;77;67m▀[0m[38;2;81;89;82m[48;2;93;99;94m▀[0m[38;2;38;39;38m[48;2;86;91;87m▀[0m[38;2;0;0;0m[48;2;39;40;39m▀[0m[38;2;0;0;0m▄[0m        
               [38;2;15;20;15m▀[0m[38;2;24;27;24m▀[0m[38;2;45;53;46m[48;2;4;4;4m▀[0m[38;2;61;61;59m[48;2;0;0;0m▀[0m[38;2;54;33;43m▀[0m[38;2;127;39;68m▀[0m    [38;2;18;18;18m▀[0m[38;2;29;33;29m[48;2;0;0;0m▀[0m[38;2;47;56;48m[48;2;10;10;10m▀[0m[38;2;61;73;63m[48;2;39;46;40m▀[0m[38;2;68;80;70m[48;2;58;72;60m▀[0m[38;2;74;82;75m[48;2;59;73;61m▀[0m[38;2;48;51;48m[48;2;67;83;71m▀[0m[38;2;20;22;20m[48;2;76;62;63m▀[0m[38;2;115;24;57m[48;2;171;74;112m▀[0m[38;2;255;0;127m[48;2;170;42;88m▀[0m     
                            [38;2;9;9;9m▀[0m[38;2;32;37;33m▀[0m[38;2;34;39;34m▀[0m[38;2;33;39;34m▀[0m[38;2;31;37;33m▀[0m[38;2;10;13;13m▀[0m[38;2;0;0;0m▀[0m     
[0m