                     [38;2;128;128;126m▄[0m[38;2;136;135;132m▄[0m[38;2;131;131;128m[48;2;154;160;179m▀[0m[38;2;141;141;141m[48;2;195;212;255m▀[0m[38;2;131;131;130m[48;2;190;206;255m▀[0m[38;2;136;136;135m[48;2;192;209;255m▀[0m[38;2;130;130;128m[48;2;177;188;225m▀[0m[38;2;125;122;117m▄[0m           
                   [38;2;124;122;114m▄[0m[38;2;121;118;112m[48;2;178;186;213m▀[0m[38;2;165;173;196m[48;2;119;129;161m▀[0m[38;2;204;222;255m[48;2;12;12;9m▀[0m[38;2;124;134;165m[48;2;21;23;25m▀[0m[38;2;8;7;6m[48;2;0;0;0m▀[0m[38;2;16;16;17m[48;2;0;0;0m▀[0m[38;2;52;53;52m[48;2;3;3;3m▀[0m[38;2;160;165;181m[48;2;52;51;50m▀[0m[38;2;182;194;236m[48;2;159;164;178m▀[0m[38;2;123;122;116m[48;2;182;195;236m▀[0m[38;2;124;123;121m▄[0m         
                 [38;2;0;0;0m▄[0m[38;2;0;0;0m[48;2;118;128;157m▀[0m[38;2;117;126;155m[48;2;112;121;148m▀[0m[38;2;124;134;164m[48;2;12;12;16m▀[0m[38;2;8;10;11m[48;2;0;0;0m▀[0m[38;2;0;0;0m▀[0m[38;2;0;0;0m[48;2;131;131;131m▀[0m[38;2;145;145;144m▄[0m[38;2;131;129;128m▄[0m[38;2;0;0;0m▀[0m[38;2;6;6;6m[48;2;0;0;0m▀[0m[38;2;65;69;83m[48;2;59;63;76m▀[0m[38;2;193;207;250m[48;2;168;183;227m▀[0m[38;2;129;128;125m[48;2;8;7;7m▀[0m         
                [38;2;0;0;0m▄[0m[38;2;0;0;0m[48;2;122;131;162m▀[0m[38;2;124;135;166m[48;2;107;116;141m▀[0m[38;2;116;125;153m[48;2;18;20;24m▀[0m[38;2;0;0;0m[48;2;0;0;0m▀[0m  [38;2;128;128;121m[48;2;12;12;12m▀[0m[38;2;173;180;200m[48;2;69;68;68m▀[0m[38;2;134;145;182m[48;2;164;170;189m▀[0m[38;2;0;0;0m[48;2;187;204;244m▀[0m[38;2;58;63;77m[48;2;176;188;224m▀[0m[38;2;186;199;241m[48;2;112;112;113m▀[0m[38;2;111;111;111m[48;2;14;14;14m▀[0m[38;2;4;4;4m[48;2;0;0;0m▀[0m         
                [38;2;0;0;0m[48;2;0;0;0m▀[0m[38;2;132;143;178m[48;2;97;98;102m▀[0m[38;2;106;116;142m[48;2;84;85;88m▀[0m[38;2;0;0;0m[48;2;1;1;1m▀[0m   [38;2;0;0;0m▀[0m[38;2;22;22;22m[48;2;0;0;0m▀[0m[38;2;33;33;35m[48;2;0;0;0m▀[0m[38;2;37;39;44m[48;2;0;0;0m▀[0m[38;2;35;37;40m[48;2;0;0;0m▀[0m[38;2;25;24;24m[48;2;0;0;0m▀[0m[38;2;0;0;0m▀[0m          
               [38;2;3;3;3m[48;2;3;3;3m▀[0m[38;2;87;87;87m[48;2;96;96;96m▀[0m[38;2;74;74;73m[48;2;72;72;73m▀[0m[38;2;20;20;18m[48;2;0;0;0m▀[0m[38;2;0;0;0m▀[0m                    
              [38;2;117;161;234m▄[0m[38;2;0;0;0m[48;2;37;49;69m▀[0m[38;2;95;95;96m[48;2;90;88;82m▀[0m[38;2;66;64;60m[48;2;59;54;50m▀[0m[38;2;53;73;105m[48;2;60;101;134m▀[0m[38;2;110;151;222m[48;2;122;202;254m▀[0m[38;2;105;144;210m[48;2;116;191;252m▀[0m[38;2;111;153;222m[48;2;118;196;254m▀[0m[38;2;104;146;210m[48;2;110;171;232m▀[0m[38;2;104;140;205m▄[0m[38;2;110;150;220m▄[0m[38;2;106;144;211m▄[0m              
          [38;2;52;88;145m▄[0m[38;2;48;85;144m▄[0m[38;2;51;89;148m[48;2;89;154;212m▀[0m[38;2;48;84;145m[48;2;105;180;237m▀[0m[38;2;101;168;228m[48;2;113;197;251m▀[0m[38;2;67;120;176m[48;2;105;162;226m▀[0m[38;2;99;108;123m[48;2;75;103;157m▀[0m[38;2;125;112;101m[48;2;99;146;189m▀[0m[38;2;111;153;184m[48;2;121;197;244m▀[0m[38;2;116;204;255m[48;2;115;198;255m▀[0m[38;2;115;198;255m[48;2;115;197;255m▀[0m[38;2;115;199;255m[48;2;115;197;255m▀[0m[38;2;115;195;254m[48;2;116;202;255m▀[0m[38;2;116;191;252m[48;2;109;184;245m▀[0m[38;2;120;200;255m[48;2;105;157;224m▀[0m[38;2;96;161;220m[48;2;115;177;244m▀[0m[38;2;48;84;145m[48;2;111;192;249m▀[0m[38;2;49;87;146m[48;2;90;155;216m▀[0m[38;2;45;76;134m▄[0m           
        [38;2;47;83;141m▄[0m[38;2;44;79;135m[48;2;92;160;220m▀[0m[38;2;92;158;217m[48;2;115;199;255m▀[0m[38;2;104;177;235m[48;2;118;201;255m▀[0m[38;2;113;193;252m[48;2;116;198;255m▀[0m[38;2;117;201;255m[48;2;115;197;255m▀[0m[38;2;116;199;255m[48;2;115;197;255m▀[0m[38;2;116;191;250m[48;2;115;198;255m▀[0m[38;2;104;175;235m[48;2;116;200;255m▀[0m[38;2;107;187;247m[48;2;116;198;255m▀[0m[38;2;116;199;255m[48;2;115;197;255m▀[0m[38;2;115;197;255m[48;2;115;197;255m▀[0m[38;2;115;197;255m[48;2;115;199;255m▀[0m[38;2;116;199;255m[48;2;117;204;255m▀[0m[38;2;108;180;242m[48;2;104;173;237m▀[0m[38;2;143;174;220m[48;2;164;192;231m▀[0m[38;2;128;137;149m[48;2;217;161;162m▀[0m[38;2;11;33;47m[48;2;167;70;84m▀[0m[38;2;55;97;124m[48;2;155;170;170m▀[0m[38;2;127;219;255m[48;2;42;93;113m▀[0m[38;2;90;154;214m[48;2;125;213;255m▀[0m[38;2;46;77;134m[48;2;91;156;215m▀[0m[38;2;51;90;148m▄[0m         
      [38;2;49;88;146m▄[0m[38;2;47;88;146m[48;2;86;127;191m▀[0m[38;2;86;126;189m[48;2;107;149;215m▀[0m[38;2;108;159;223m[48;2;106;146;211m▀[0m[38;2;115;193;252m[48;2;108;159;223m▀[0m[38;2;116;202;255m[48;2;108;160;223m▀[0m[38;2;115;198;255m[48;2;114;191;250m▀[0m[38;2;115;197;255m[48;2;116;202;255m▀[0m[38;2;115;197;255m[48;2;116;201;255m▀[0m[38;2;115;197;255m[48;2;116;204;255m▀[0m[38;2;115;199;255m[48;2;112;177;238m▀[0m[38;2;116;201;255m[48;2;109;160;224m▀[0m[38;2;116;201;255m[48;2;109;163;226m▀[0m[38;2;116;203;255m[48;2;109;164;226m▀[0m[38;2;112;182;242m[48;2;107;155;219m▀[0m[38;2;108;160;222m[48;2;105;145;210m▀[0m[38;2;98;149;217m[48;2;106;147;214m▀[0m[38;2;181;208;245m[48;2;105;143;200m▀[0m[38;2;202;177;172m[48;2;151;170;192m▀[0m[38;2;52;15;22m[48;2;131;131;124m▀[0m[38;2;112;71;74m[48;2;0;0;0m▀[0m[38;2;126;38;68m[48;2;60;27;49m▀[0m[38;2;81;155;210m[48;2;70;127;189m▀[0m[38;2;108;185;247m[48;2;117;201;252m▀[0m[38;2;47;82;138m[48;2;92;157;217m▀[0m[38;2;58;99;164m▄[0m        
     [38;2;53;94;152m[48;2;50;90;148m▀[0m[38;2;86;128;190m[48;2;103;145;211m▀[0m[38;2;107;149;215m[48;2;107;149;214m▀[0m[38;2;107;149;214m[48;2;106;148;213m▀[0m[38;2;106;148;213m[48;2;106;148;213m▀[0m[38;2;106;146;212m[48;2;106;148;213m▀[0m[38;2;105;145;210m[48;2;106;148;213m▀[0m[38;2;108;159;222m[48;2;106;146;212m▀[0m[38;2;109;164;226m[48;2;106;146;211m▀[0m[38;2;109;164;226m[48;2;106;146;211m▀[0m[38;2;109;165;226m[48;2;106;146;211m▀[0m[38;2;107;153;217m[48;2;106;147;212m▀[0m[38;2;106;145;211m[48;2;106;148;213m▀[0m[38;2;106;146;211m[48;2;106;148;213m▀[0m[38;2;106;146;211m[48;2;106;148;213m▀[0m[38;2;106;147;212m[48;2;106;148;213m▀[0m[38;2;106;148;213m[48;2;107;148;212m▀[0m[38;2;108;149;213m[48;2;97;151;225m▀[0m[38;2;91;139;209m[48;2;133;140;177m▀[0m[38;2;83;136;204m[48;2;187;104;71m▀[0m[38;2;147;172;201m[48;2;146;114;115m▀[0m[38;2;186;185;175m[48;2;115;160;208m▀[0m[38;2;117;130;142m[48;2;104;134;178m▀[0m[38;2;61;115;178m[48;2;95;143;209m▀[0m[38;2;125;216;255m[48;2;94;149;196m▀[0m[38;2;106;183;238m[48;2;47;56;74m▀[0m[38;2;10;25;41m[48;2;129;55;93m▀[0m        
    [38;2;55;96;153m[48;2;51;92;149m▀[0m[38;2;86;127;189m[48;2;104;147;212m▀[0m[38;2;105;147;212m[48;2;107;149;214m▀[0m[38;2;106;148;213m[48;2;106;148;213m▀[0m[38;2;106;148;213m[48;2;106;148;213m▀[0m[38;2;106;148;213m[48;2;106;148;213m▀[0m[38;2;106;148;213m[48;2;106;148;213m▀[0m[38;2;106;148;213m[48;2;106;148;213m▀[0m[38;2;106;148;213m[48;2;106;148;213m▀[0m[38;2;106;148;213m[48;2;106;148;213m▀[0m[38;2;106;148;213m[48;2;106;148;213m▀[0m[38;2;106;148;213m[48;2;106;148;213m▀[0m[38;2;106;148;213m[48;2;106;148;213m▀[0m[38;2;106;148;213m[48;2;106;148;213m▀[0m[38;2;106;148;213m[48;2;106;148;213m▀[0m[38;2;106;148;213m[48;2;106;148;213m▀[0m[38;2;106;148;213m[48;2;106;148;213m▀[0m[38;2;102;149;219m[48;2;98;150;222m▀[0m[38;2;136;136;167m[48;2;161;130;131m▀[0m[38;2;217;123;111m[48;2;255;126;102m▀[0m[38;2;255;135;146m[48;2;253;149;194m▀[0m[38;2;229;124;124m[48;2;233;95;74m▀[0m[38;2;130;106;109m[48;2;177;82;94m▀[0m[38;2;83;135;206m[48;2;111;171;249m▀[0m[38;2;100;145;211m[48;2;81;122;178m▀[0m[38;2;93;121;176m[48;2;64;71;86m▀[0m[38;2;177;123;152m[48;2;255;207;253m▀[0m[38;2;189;81;143m[48;2;172;70;129m▀[0m        
   [38;2;54;95;152m[48;2;55;96;153m▀[0m[38;2;84;125;188m[48;2;106;148;214m▀[0m[38;2;104;146;211m[48;2;106;148;213m▀[0m[38;2;106;148;213m[48;2;106;148;213m▀[0m[38;2;106;148;213m[48;2;106;148;213m▀[0m[38;2;106;148;213m[48;2;106;148;213m▀[0m[38;2;106;148;213m[48;2;106;148;213m▀[0m[38;2;106;148;213m[48;2;106;148;213m▀[0m[38;2;106;148;213m[48;2;106;148;213m▀[0m[38;2;106;148;213m[48;2;106;148;213m▀[0m[38;2;106;148;213m[48;2;106;148;213m▀[0m[38;2;106;148;213m[48;2;106;148;213m▀[0m[38;2;106;148;213m[48;2;106;148;213m▀[0m[38;2;106;148;213m[48;2;106;148;213m▀[0m[38;2;106;148;213m[48;2;106;148;213m▀[0m[38;2;106;148;213m[48;2;106;148;213m▀[0m[38;2;106;148;213m[48;2;106;148;213m▀[0m[38;2;106;148;213m[48;2;106;148;213m▀[0m[38;2;101;153;222m[48;2;102;156;223m▀[0m[38;2;144;106;141m[48;2;136;85;139m▀[0m[38;2;223;77;64m[48;2;207;39;26m▀[0m[38;2;241;125;88m[48;2;239;122;45m▀[0m[38;2;217;73;37m[48;2;216;77;41m▀[0m[38;2;131;26;59m[48;2;159;29;64m▀[0m[38;2;26;63;81m[48;2;129;82;131m▀[0m[38;2;59;64;91m[48;2;164;98;160m▀[0m[38;2;175;108;168m[48;2;221;134;222m▀[0m[38;2;252;166;243m[48;2;104;60;101m▀[0m[38;2;175;76;130m[48;2;178;79;133m▀[0m        
  [38;2;56;97;153m▄[0m[38;2;51;92;149m[48;2;82;123;185m▀[0m[38;2;103;145;210m[48;2;105;147;212m▀[0m[38;2;106;148;213m[48;2;106;148;213m▀[0m[38;2;106;148;213m[48;2;106;148;213m▀[0m[38;2;106;148;213m[48;2;106;148;213m▀[0m[38;2;106;148;213m[48;2;106;148;213m▀[0m[38;2;106;148;213m[48;2;106;148;213m▀[0m[38;2;106;148;213m[48;2;106;148;213m▀[0m[38;2;106;148;213m[48;2;106;148;213m▀[0m[38;2;106;148;213m[48;2;106;148;213m▀[0m[38;2;106;148;213m[48;2;106;148;213m▀[0m[38;2;106;148;213m[48;2;106;148;213m▀[0m[38;2;106;148;213m[48;2;106;148;213m▀[0m[38;2;106;148;213m[48;2;106;148;213m▀[0m[38;2;106;148;213m[48;2;106;148;213m▀[0m[38;2;106;148;213m[48;2;106;148;213m▀[0m[38;2;106;148;213m[48;2;106;148;213m▀[0m[38;2;106;148;213m[48;2;106;148;213m▀[0m[38;2;104;151;217m[48;2;106;148;212m▀[0m[38;2;116;127;188m[48;2;102;155;222m▀[0m[38;2;168;72;94m[48;2;113;130;192m▀[0m[38;2;210;50;28m[48;2;153;61;107m▀[0m[38;2;202;65;74m[48;2;204;78;141m▀[0m[38;2;218;108;185m[48;2;239;154;253m▀[0m[38;2;245;150;249m[48;2;233;140;232m▀[0m[38;2;249;151;249m[48;2;205;125;205m▀[0m[38;2;193;118;193m[48;2;97;62;97m▀[0m[38;2;0;0;0m[48;2;0;2;0m▀[0m[38;2;159;31;95m▄[0m[38;2;185;73;136m▄[0m[38;2;171;68;125m▄[0m [38;2;180;71;133m▄[0m[38;2;170;68;126m▄[0m   
  [38;2;57;99;158m[48;2;53;93;150m▀[0m[38;2;107;149;214m[48;2;104;146;210m▀[0m[38;2;106;148;213m[48;2;106;148;213m▀[0m[38;2;106;148;213m[48;2;106;148;213m▀[0m[38;2;106;148;213m[48;2;106;148;213m▀[0m[38;2;106;148;213m[48;2;106;148;213m▀[0m[38;2;106;148;213m[48;2;106;148;213m▀[0m[38;2;106;148;213m[48;2;106;148;213m▀[0m[38;2;106;148;213m[48;2;106;148;213m▀[0m[38;2;106;148;213m[48;2;106;148;213m▀[0m[38;2;106;148;213m[48;2;106;148;213m▀[0m[38;2;106;148;213m[48;2;106;148;213m▀[0m[38;2;106;148;213m[48;2;106;148;213m▀[0m[38;2;106;148;213m[48;2;106;148;213m▀[0m[38;2;106;148;213m[48;2;106;148;213m▀[0m[38;2;106;148;213m[48;2;106;148;213m▀[0m[38;2;106;148;213m[48;2;106;148;213m▀[0m[38;2;106;148;213m[48;2;106;148;213m▀[0m[38;2;106;148;213m[48;2;106;148;213m▀[0m[38;2;106;148;213m[48;2;106;148;213m▀[0m[38;2;106;148;212m[48;2;106;148;213m▀[0m[38;2;102;153;219m[48;2;106;148;213m▀[0m[38;2;113;144;209m[48;2;104;153;218m▀[0m[38;2;166;111;176m[48;2;113;141;204m▀[0m[38;2;221;115;196m[48;2;169;110;175m▀[0m[38;2;246;151;250m[48;2;201;108;181m▀[0m[38;2;186;113;186m[48;2;100;65;102m▀[0m[38;2;0;0;0m[48;2;0;2;0m▀[0m[38;2;87;60;76m▄[0m[38;2;195;91;153m[48;2;240;173;219m▀[0m[38;2;238;160;214m[48;2;253;208;249m▀[0m[38;2;217;144;193m[48;2;221;148;196m▀[0m[38;2;174;73;131m[48;2;229;153;206m▀[0m[38;2;235;156;209m[48;2;255;211;251m▀[0m[38;2;227;152;202m[48;2;218;144;193m▀[0m[38;2;167;63;122m[48;2;223;143;195m▀[0m[38;2;169;64;123m▄[0m 
 [38;2;61;106;172m[48;2;40;65;100m▀[0m[38;2;78;120;181m[48;2;107;148;213m▀[0m[38;2;105;147;211m[48;2;106;148;214m▀[0m[38;2;106;148;213m[48;2;106;148;213m▀[0m[38;2;106;148;213m[48;2;106;148;213m▀[0m[38;2;106;148;213m[48;2;106;148;213m▀[0m[38;2;106;148;213m[48;2;106;148;213m▀[0m[38;2;106;148;213m[48;2;106;148;213m▀[0m[38;2;106;148;213m[48;2;106;148;213m▀[0m[38;2;106;148;213m[48;2;106;148;213m▀[0m[38;2;106;148;213m[48;2;106;148;213m▀[0m[38;2;106;148;213m[48;2;106;148;213m▀[0m[38;2;106;148;213m[48;2;106;148;213m▀[0m[38;2;106;148;213m[48;2;106;148;213m▀[0m[38;2;106;148;213m[48;2;106;148;213m▀[0m[38;2;106;148;213m[48;2;106;148;213m▀[0m[38;2;106;148;213m[48;2;106;148;213m▀[0m[38;2;106;148;213m[48;2;106;148;213m▀[0m[38;2;106;148;213m[48;2;106;148;213m▀[0m[38;2;106;148;213m[48;2;106;148;213m▀[0m[38;2;106;148;213m[48;2;106;148;213m▀[0m[38;2;106;148;213m[48;2;106;145;211m▀[0m[38;2;107;148;214m[48;2;109;156;221m▀[0m[38;2;95;134;198m[48;2;99;161;217m▀[0m[38;2;86;133;198m[48;2;81;135;197m▀[0m[38;2;108;128;183m[48;2;57;84;125m▀[0m[38;2;81;30;50m[48;2;0;0;0m▀[0m[38;2;0;0;0m▀[0m[38;2;0;0;0m[48;2;0;0;0m▀[0m[38;2;66;51;65m[48;2;48;32;48m▀[0m[38;2;255;207;255m[48;2;161;101;161m▀[0m[38;2;243;189;228m[48;2;244;171;236m▀[0m[38;2;177;79;134m[48;2;206;115;184m▀[0m[38;2;255;220;255m[48;2;255;214;250m▀[0m[38;2;252;199;241m[48;2;255;207;247m▀[0m[38;2;213;137;184m[48;2;249;184;246m▀[0m[38;2;255;213;253m[48;2;255;210;248m▀[0m[38;2;222;141;193m[48;2;255;220;255m▀[0m[38;2;15;15;15m[48;2;17;17;17m▀[0m
 [38;2;11;7;2m[48;2;14;13;12m▀[0m[38;2;103;143;206m[48;2;103;143;206m▀[0m[38;2;106;148;214m[48;2;106;148;214m▀[0m[38;2;106;148;213m[48;2;106;148;213m▀[0m[38;2;106;148;213m[48;2;106;148;213m▀[0m[38;2;106;148;213m[48;2;106;148;213m▀[0m[38;2;106;148;213m[48;2;106;148;213m▀[0m[38;2;106;148;213m[48;2;106;148;213m▀[0m[38;2;106;148;213m[48;2;106;148;213m▀[0m[38;2;106;148;213m[48;2;106;148;213m▀[0m[38;2;106;148;213m[48;2;106;148;213m▀[0m[38;2;106;148;213m[48;2;106;148;213m▀[0m[38;2;106;148;213m[48;2;106;148;213m▀[0m[38;2;106;148;213m[48;2;106;148;213m▀[0m[38;2;106;148;213m[48;2;106;148;213m▀[0m[38;2;106;148;213m[48;2;106;148;213m▀[0m[38;2;106;148;213m[48;2;106;148;213m▀[0m[38;2;106;148;213m[48;2;106;148;213m▀[0m[38;2;106;148;213m[48;2;106;148;213m▀[0m[38;2;106;148;213m[48;2;106;148;213m▀[0m[38;2;106;147;212m[48;2;105;145;211m▀[0m[38;2;108;155;219m[48;2;110;171;232m▀[0m[38;2;113;182;241m[48;2;116;202;255m▀[0m[38;2;119;207;255m[48;2;115;196;255m▀[0m[38;2;107;185;243m[48;2;116;200;255m▀[0m[38;2;70;114;164m[48;2;121;200;255m▀[0m[38;2;45;54;73m[48;2;100;148;205m▀[0m[38;2;0;0;0m[48;2;38;46;64m▀[0m[38;2;4;7;7m▄[0m[38;2;0;0;0m[48;2;48;85;133m▀[0m[38;2;34;22;29m[48;2;85;83;120m▀[0m[38;2;243;144;245m[48;2;247;143;239m▀[0m[38;2;235;148;237m[48;2;229;138;230m▀[0m[38;2;244;179;239m[48;2;230;135;231m▀[0m[38;2;244;174;239m[48;2;233;137;233m▀[0m[38;2;241;142;241m[48;2;142;88;142m▀[0m[38;2;252;183;248m[48;2;137;82;137m▀[0m[38;2;150;122;144m[48;2;0;0;0m▀[0m[38;2;15;15;15m▀[0m
 [38;2;14;13;12m[48;2;14;13;12m▀[0m[38;2;103;143;206m[48;2;103;143;206m▀[0m[38;2;106;148;214m[48;2;106;148;214m▀[0m[38;2;106;148;213m[48;2;106;148;213m▀[0m[38;2;106;148;213m[48;2;106;148;213m▀[0m[38;2;106;148;213m[48;2;106;148;213m▀[0m[38;2;106;148;213m[48;2;106;148;213m▀[0m[38;2;106;148;213m[48;2;106;148;213m▀[0m[38;2;106;148;213m[48;2;106;148;213m▀[0m[38;2;106;148;213m[48;2;106;148;213m▀[0m[38;2;106;148;213m[48;2;106;148;213m▀[0m[38;2;106;148;213m[48;2;106;148;213m▀[0m[38;2;106;148;213m[48;2;106;148;213m▀[0m[38;2;106;148;213m[48;2;106;148;213m▀[0m[38;2;106;148;213m[48;2;106;148;213m▀[0m[38;2;106;148;213m[48;2;106;148;213m▀[0m[38;2;106;148;213m[48;2;106;148;213m▀[0m[38;2;106;148;213m[48;2;106;148;213m▀[0m[38;2;106;148;213m[48;2;106;148;213m▀[0m[38;2;106;148;213m[48;2;106;148;213m▀[0m[38;2;105;145;211m[48;2;105;146;212m▀[0m[38;2;110;170;232m[48;2;109;160;224m▀[0m[38;2;116;202;255m[48;2;114;189;246m▀[0m[38;2;115;197;255m[48;2;117;202;255m▀[0m[38;2;115;197;255m[48;2;117;200;255m▀[0m[38;2;115;199;255m[48;2;115;197;255m▀[0m[38;2;118;198;255m[48;2;115;199;255m▀[0m[38;2;99;146;202m[48;2;116;195;255m▀[0m[38;2;51;69;100m[48;2;114;169;236m▀[0m[38;2;86;135;203m[48;2;109;149;215m▀[0m[38;2;126;157;229m[48;2;103;148;212m▀[0m[38;2;195;141;224m[48;2;108;148;213m▀[0m[38;2;239;139;232m[48;2;199;144;229m▀[0m[38;2;223;136;224m[48;2;220;132;218m▀[0m[38;2;136;85;136m[48;2;0;1;0m▀[0m[38;2;0;0;0m▀[0m[38;2;0;1;0m▀[0m  
 [38;2;14;13;12m[48;2;14;13;12m▀[0m[38;2;103;143;206m[48;2;103;143;206m▀[0m[38;2;106;148;214m[48;2;106;148;214m▀[0m[38;2;106;148;213m[48;2;106;148;213m▀[0m[38;2;106;148;213m[48;2;106;148;213m▀[0m[38;2;106;148;213m[48;2;106;148;213m▀[0m[38;2;106;148;213m[48;2;106;148;213m▀[0m[38;2;106;148;213m[48;2;106;148;213m▀[0m[38;2;106;148;213m[48;2;106;148;213m▀[0m[38;2;106;148;213m[48;2;106;148;213m▀[0m[38;2;106;148;213m[48;2;106;148;213m▀[0m[38;2;106;148;213m[48;2;106;148;213m▀[0m[38;2;106;148;213m[48;2;106;148;213m▀[0m[38;2;106;148;213m[48;2;106;148;213m▀[0m[38;2;106;148;213m[48;2;106;148;213m▀[0m[38;2;106;148;213m[48;2;106;148;213m▀[0m[38;2;106;148;213m[48;2;106;148;213m▀[0m[38;2;106;148;213m[48;2;106;148;213m▀[0m[38;2;106;148;213m[48;2;106;148;213m▀[0m[38;2;106;148;213m[48;2;106;148;213m▀[0m[38;2;106;148;213m[48;2;106;148;213m▀[0m[38;2;106;144;210m[48;2;106;148;213m▀[0m[38;2;109;159;223m[48;2;107;148;214m▀[0m[38;2;105;174;231m[48;2;92;129;194m▀[0m[38;2;101;174;233m[48;2;70;113;165m▀[0m[38;2;121;208;255m[48;2;77;133;164m▀[0m[38;2;118;202;255m[48;2;86;154;196m▀[0m[38;2;115;199;255m[48;2;121;206;255m▀[0m[38;2;114;191;250m[48;2;114;178;242m▀[0m[38;2;105;145;209m[48;2;110;152;220m▀[0m[38;2;107;149;214m[48;2;104;146;210m▀[0m[38;2;108;155;223m[48;2;77;105;149m▀[0m[38;2;109;149;214m[48;2;68;94;132m▀[0m[38;2;147;87;141m[48;2;0;0;0m▀[0m[38;2;4;9;4m▀[0m    
 [38;2;15;13;12m[48;2;14;12;12m▀[0m[38;2;106;148;213m[48;2;78;107;152m▀[0m[38;2;106;148;214m[48;2;105;146;211m▀[0m[38;2;106;148;213m[48;2;106;148;213m▀[0m[38;2;106;148;213m[48;2;106;148;213m▀[0m[38;2;106;148;213m[48;2;106;148;213m▀[0m[38;2;106;148;213m[48;2;106;148;213m▀[0m[38;2;106;148;213m[48;2;106;148;213m▀[0m[38;2;106;148;213m[48;2;106;148;213m▀[0m[38;2;106;148;213m[48;2;106;148;213m▀[0m[38;2;106;148;213m[48;2;106;148;213m▀[0m[38;2;106;148;213m[48;2;106;148;213m▀[0m[38;2;106;148;213m[48;2;106;148;213m▀[0m[38;2;106;148;213m[48;2;106;148;213m▀[0m[38;2;106;148;213m[48;2;106;148;213m▀[0m[38;2;106;148;213m[48;2;106;148;213m▀[0m[38;2;106;148;213m[48;2;106;148;213m▀[0m[38;2;106;148;213m[48;2;106;148;213m▀[0m[38;2;106;148;213m[48;2;106;148;213m▀[0m[38;2;106;148;213m[48;2;106;148;213m▀[0m[38;2;106;148;213m[48;2;106;148;213m▀[0m[38;2;106;148;213m[48;2;106;148;213m▀[0m[38;2;106;148;213m[48;2;107;149;214m▀[0m[38;2;111;154;222m[48;2;107;149;214m▀[0m[38;2;84;116;164m[48;2;101;151;216m▀[0m[38;2;41;29;49m[48;2;158;165;241m▀[0m[38;2;76;65;93m[48;2;212;139;202m▀[0m[38;2;75;134;170m[48;2;60;42;44m▀[0m[38;2;73;102;146m[48;2;45;18;26m▀[0m[38;2;81;112;158m[48;2;6;2;0m▀[0m[38;2;68;92;131m[48;2;6;1;0m▀[0m[38;2;1;0;0m▀[0m[38;2;6;1;0m▀[0m      
  [38;2;6;2;0m[48;2;13;12;10m▀[0m[38;2;101;140;201m[48;2;104;145;208m▀[0m[38;2;107;149;214m[48;2;107;149;214m▀[0m[38;2;106;148;213m[48;2;106;148;213m▀[0m[38;2;106;148;213m[48;2;106;148;213m▀[0m[38;2;106;148;213m[48;2;106;148;213m▀[0m[38;2;106;148;213m[48;2;106;148;213m▀[0m[38;2;106;148;213m[48;2;106;148;213m▀[0m[38;2;106;148;213m[48;2;106;148;213m▀[0m[38;2;106;148;213m[48;2;106;148;213m▀[0m[38;2;106;148;213m[48;2;106;148;213m▀[0m[38;2;106;148;213m[48;2;106;148;213m▀[0m[38;2;106;148;213m[48;2;106;148;213m▀[0m[38;2;106;148;213m[48;2;106;148;213m▀[0m[38;2;106;148;213m[48;2;106;148;213m▀[0m[38;2;106;148;213m[48;2;106;148;213m▀[0m[38;2;106;148;213m[48;2;106;148;213m▀[0m[38;2;106;148;213m[48;2;106;148;213m▀[0m[38;2;106;148;213m[48;2;106;148;213m▀[0m[38;2;106;148;213m[48;2;106;148;213m▀[0m[38;2;107;149;214m[48;2;108;151;216m▀[0m[38;2;100;142;206m[48;2;88;130;193m▀[0m[38;2;95;138;202m[48;2;67;112;172m▀[0m[38;2;116;148;217m[48;2;126;130;202m▀[0m[38;2;180;166;228m[48;2;225;155;227m▀[0m[38;2;255;216;255m[48;2;255;194;247m▀[0m[38;2;255;178;241m[48;2;209;108;193m▀[0m[38;2;188;77;140m[48;2;174;77;130m▀[0m          
  [38;2;13;12;10m▀[0m[38;2;81;113;160m[48;2;6;1;0m▀[0m[38;2;105;147;211m[48;2;101;140;202m▀[0m[38;2;106;148;213m[48;2;107;149;216m▀[0m[38;2;106;148;213m[48;2;106;148;213m▀[0m[38;2;106;148;213m[48;2;106;148;213m▀[0m[38;2;106;148;213m[48;2;106;148;213m▀[0m[38;2;106;148;213m[48;2;106;148;213m▀[0m[38;2;106;148;213m[48;2;106;148;213m▀[0m[38;2;106;148;213m[48;2;106;148;213m▀[0m[38;2;106;148;213m[48;2;106;148;213m▀[0m[38;2;106;148;213m[48;2;106;148;213m▀[0m[38;2;106;148;213m[48;2;106;148;213m▀[0m[38;2;106;148;213m[48;2;106;148;213m▀[0m[38;2;106;148;213m[48;2;107;149;214m▀[0m[38;2;107;149;214m[48;2;100;142;205m▀[0m[38;2;107;149;214m[48;2;101;143;207m▀[0m[38;2;106;148;213m[48;2;107;149;214m▀[0m[38;2;106;148;213m[48;2;106;148;213m▀[0m[38;2;106;148;213m[48;2;106;147;213m▀[0m[38;2;106;146;212m[48;2;107;150;215m▀[0m[38;2;110;155;220m[48;2;111;175;235m▀[0m[38;2;96;148;207m[48;2;118;207;255m▀[0m[38;2;53;107;165m[48;2;122;197;255m▀[0m[38;2;99;125;173m[48;2;71;107;149m▀[0m[38;2;213;147;186m[48;2;35;7;13m▀[0m[38;2;173;69;126m[48;2;201;90;152m▀[0m           
   [38;2;12;8;5m[48;2;85;159;255m▀[0m[38;2;82;112;161m[48;2;22;25;30m▀[0m[38;2;106;147;212m[48;2;90;128;187m▀[0m[38;2;106;148;214m[48;2;106;148;213m▀[0m[38;2;106;148;213m[48;2;106;148;213m▀[0m[38;2;106;148;213m[48;2;106;148;213m▀[0m[38;2;106;148;213m[48;2;106;148;213m▀[0m[38;2;106;148;213m[48;2;106;148;213m▀[0m[38;2;106;148;213m[48;2;106;148;213m▀[0m[38;2;106;148;213m[48;2;106;148;213m▀[0m[38;2;106;148;213m[48;2;106;148;213m▀[0m[38;2;106;148;213m[48;2;106;148;213m▀[0m[38;2;106;148;213m[48;2;107;149;214m▀[0m[38;2;110;153;218m[48;2;103;146;210m▀[0m[38;2;72;114;173m[48;2;76;117;178m▀[0m[38;2;79;120;181m[48;2;86;127;189m▀[0m[38;2;109;151;216m[48;2;108;150;215m▀[0m[38;2;106;148;213m[48;2;106;148;213m▀[0m[38;2;105;145;211m[48;2;105;146;211m▀[0m[38;2;110;171;233m[48;2;109;165;228m▀[0m[38;2;117;203;255m[48;2;115;194;251m▀[0m[38;2;115;197;255m[48;2;115;198;255m▀[0m[38;2;118;205;255m[48;2;115;196;255m▀[0m[38;2;93;157;200m[48;2;119;205;255m▀[0m[38;2;23;39;52m[48;2;108;185;249m▀[0m[38;2;0;92;150m[48;2;51;90;148m▀[0m           
   [38;2;55;97;154m[48;2;53;95;152m▀[0m[38;2;111;155;225m[48;2;103;145;210m▀[0m[38;2;64;106;165m[48;2;109;151;216m▀[0m[38;2;100;142;206m[48;2;107;149;214m▀[0m[38;2;108;150;215m[48;2;100;142;206m▀[0m[38;2;107;149;214m[48;2;98;140;204m▀[0m[38;2;106;148;213m[48;2;106;148;214m▀[0m[38;2;106;148;213m[48;2;107;150;216m▀[0m[38;2;106;148;213m[48;2;107;150;216m▀[0m[38;2;106;148;213m[48;2;106;148;214m▀[0m[38;2;106;148;213m[48;2;106;148;213m▀[0m[38;2;106;148;213m[48;2;106;148;213m▀[0m[38;2;110;152;217m[48;2;110;153;219m▀[0m[38;2;71;112;173m[48;2;68;105;159m▀[0m[38;2;84;125;188m[48;2;81;119;177m▀[0m[38;2;111;153;218m[48;2;110;153;219m▀[0m[38;2;106;148;213m[48;2;106;148;213m▀[0m[38;2;106;148;213m[48;2;106;148;213m▀[0m[38;2;106;148;213m[48;2;106;148;213m▀[0m[38;2;106;143;210m[48;2;106;145;211m▀[0m[38;2;110;165;228m[48;2;109;164;227m▀[0m[38;2;116;202;255m[48;2;115;197;252m▀[0m[38;2;115;197;255m[48;2;115;198;255m▀[0m[38;2;117;201;255m[48;2;120;205;255m▀[0m[38;2;99;169;227m[48;2;89;148;190m▀[0m[38;2;44;75;124m[48;2;3;0;0m▀[0m           
  [38;2;52;96;158m[48;2;56;98;156m▀[0m[38;2;60;101;160m[48;2;107;149;213m▀[0m[38;2;103;145;210m[48;2;106;148;213m▀[0m[38;2;106;148;213m[48;2;106;148;213m▀[0m[38;2;109;151;216m[48;2;106;148;213m▀[0m[38;2;67;108;167m[48;2;108;150;216m▀[0m[38;2;57;98;156m[48;2;115;160;229m▀[0m[38;2;88;126;182m[48;2;38;48;63m▀[0m[38;2;95;131;188m[48;2;20;21;23m▀[0m[38;2;94;130;186m[48;2;10;10;10m▀[0m[38;2;104;145;208m[48;2;75;103;145m▀[0m[38;2;107;150;216m[48;2;100;139;199m▀[0m[38;2;107;150;215m[48;2;97;134;192m▀[0m[38;2;113;158;227m[48;2;99;140;202m▀[0m[38;2;52;67;92m[48;2;111;158;230m▀[0m[38;2;60;80;110m[48;2;49;67;94m▀[0m[38;2;105;148;212m[48;2;55;74;102m▀[0m[38;2;107;150;216m[48;2;103;145;210m▀[0m[38;2;106;148;213m[48;2;103;146;211m▀[0m[38;2;106;148;213m[48;2;106;148;213m▀[0m[38;2;106;148;213m[48;2;106;148;213m▀[0m[38;2;106;145;210m[48;2;106;148;213m▀[0m[38;2;108;162;225m[48;2;106;147;212m▀[0m[38;2;116;196;251m[48;2;108;150;218m▀[0m[38;2;115;193;244m[48;2;73;101;145m▀[0m[38;2;81;135;173m[48;2;1;0;0m▀[0m[38;2;6;0;0m▀[0m           
[38;2;13;13;13m▄[0m[38;2;11;0;0m[48;2;21;23;27m▀[0m[38;2;59;100;158m[48;2;105;146;209m▀[0m[38;2;104;146;210m[48;2;106;148;214m▀[0m[38;2;106;148;213m[48;2;106;148;213m▀[0m[38;2;106;148;213m[48;2;106;148;213m▀[0m[38;2;106;148;213m[48;2;106;148;213m▀[0m[38;2;106;148;213m[48;2;109;151;217m▀[0m[38;2;102;144;209m[48;2;69;113;176m▀[0m[38;2;102;142;204m[48;2;26;35;46m▀[0m[38;2;104;146;207m[48;2;2;9;6m▀[0m[38;2;82;117;183m[48;2;161;79;124m▀[0m[38;2;26;34;48m[48;2;237;110;179m▀[0m[38;2;8;5;0m▀[0m[38;2;7;2;0m▀[0m[38;2;38;63;99m▀[0m[38;2;55;98;159m▀[0m[38;2;60;106;170m▀[0m[38;2;29;43;63m[48;2;10;7;10m▀[0m[38;2;30;47;72m[48;2;68;92;129m▀[0m[38;2;84;129;195m[48;2;113;157;227m▀[0m[38;2;109;151;217m[48;2;106;148;213m▀[0m[38;2;106;148;213m[48;2;106;148;213m▀[0m[38;2;106;148;213m[48;2;106;149;214m▀[0m[38;2;109;151;217m[48;2;107;150;216m▀[0m[38;2;90;132;196m[48;2;71;97;138m▀[0m[38;2;37;63;99m[48;2;4;0;0m▀[0m[38;2;12;9;1m▀[0m[38;2;255;85;170m▄[0m[38;2;187;80;134m▄[0m[38;2;174;80;134m▄[0m[38;2;204;85;153m▄[0m        
[38;2;16;16;16m[48;2;14;14;14m▀[0m[38;2;108;151;217m[48;2;100;139;200m▀[0m[38;2;106;149;214m[48;2;102;142;204m▀[0m[38;2;106;148;213m[48;2;104;146;210m▀[0m[38;2;106;148;213m[48;2;106;148;213m▀[0m[38;2;106;148;213m[48;2;106;148;214m▀[0m[38;2;106;148;213m[48;2;106;148;214m▀[0m[38;2;106;148;213m[48;2;107;149;214m▀[0m[38;2;108;150;215m[48;2;103;143;205m▀[0m[38;2;113;156;224m[48;2;102;142;203m▀[0m[38;2;58;108;172m[48;2;95;144;204m▀[0m[38;2;214;189;236m[48;2;206;143;231m▀[0m[38;2;218;125;180m[48;2;74;46;71m▀[0m[38;2;159;63;117m[48;2;0;0;0m▀[0m  [38;2;0;0;0m▄[0m[38;2;5;0;0m[48;2;10;6;10m▀[0m[38;2;68;92;129m[48;2;68;92;130m▀[0m[38;2;113;159;229m[48;2;111;156;224m▀[0m[38;2;106;148;212m[48;2;106;148;213m▀[0m[38;2;106;148;213m[48;2;106;148;213m▀[0m[38;2;106;148;213m[48;2;106;148;213m▀[0m[38;2;110;155;223m[48;2;106;148;213m▀[0m[38;2;75;102;144m[48;2;109;151;218m▀[0m[38;2;8;7;8m[48;2;94;137;202m▀[0m[38;2;95;159;255m[48;2;60;105;167m▀[0m[38;2;34;68;102m[48;2;42;76;119m▀[0m[38;2;157;77;124m[48;2;70;58;65m▀[0m[38;2;205;100;162m[48;2;245;217;246m▀[0m[38;2;193;93;152m[48;2;203;165;196m▀[0m[38;2;166;76;128m[48;2;5;5;4m▀[0m[38;2;34;17;17m[48;2;53;36;47m▀[0m[38;2;196;78;137m[48;2;192;91;151m▀[0m[38;2;185;69;139m▄[0m     
 [38;2;13;12;10m▀[0m[38;2;12;10;6m▀[0m[38;2;51;90;144m▀[0m[38;2;100;140;203m[48;2;14;13;12m▀[0m[38;2;103;143;206m[48;2;14;13;12m▀[0m[38;2;103;143;206m[48;2;14;13;12m▀[0m[38;2;109;151;218m[48;2;15;14;12m▀[0m[38;2;28;34;43m[48;2;13;13;13m▀[0m[38;2;11;9;6m▀[0m[38;2;13;12;10m▀[0m[38;2;11;13;10m▀[0m[38;2;8;12;8m▀[0m   [38;2;4;0;0m[48;2;5;0;0m▀[0m[38;2;71;96;135m[48;2;68;91;129m▀[0m[38;2;112;158;227m[48;2;109;153;219m▀[0m[38;2;106;148;213m[48;2;104;145;208m▀[0m[38;2;106;148;213m[48;2;104;146;210m▀[0m[38;2;106;148;213m[48;2;105;148;213m▀[0m[38;2;106;148;213m[48;2;106;148;213m▀[0m[38;2;106;148;213m[48;2;106;148;213m▀[0m[38;2;106;146;211m[48;2;106;148;213m▀[0m[38;2;109;164;227m[48;2;106;146;211m▀[0m[38;2;119;205;255m[48;2;109;162;225m▀[0m[38;2;103;177;237m[48;2;116;200;255m▀[0m[38;2;45;76;122m[48;2;116;199;255m▀[0m[38;2;6;9;5m[48;2;115;189;250m▀[0m[38;2;43;26;38m[48;2;83;116;167m▀[0m[38;2;203;107;165m[48;2;41;26;35m▀[0m[38;2;255;217;255m[48;2;240;144;240m▀[0m[38;2;249;193;237m[48;2;200;121;200m▀[0m[38;2;169;72;127m[48;2;1;7;2m▀[0m     
                 [38;2;14;14;12m▀[0m[38;2;16;15;14m▀[0m[38;2;12;9;4m▀[0m[38;2;32;51;77m[48;2;16;16;16m▀[0m[38;2;81;124;188m[48;2;17;17;16m▀[0m[38;2;108;149;214m[48;2;16;15;15m▀[0m[38;2;105;146;210m[48;2;16;15;15m▀[0m[38;2;105;146;210m[48;2;16;15;15m▀[0m[38;2;105;146;210m[48;2;16;15;15m▀[0m[38;2;105;146;210m[48;2;16;15;15m▀[0m[38;2;108;149;217m[48;2;17;16;16m▀[0m[38;2;83;114;162m[48;2;15;15;14m▀[0m[38;2;9;5;0m▀[0m[38;2;15;15;14m▀[0m[38;2;15;16;16m▀[0m[38;2;13;14;13m▀[0m[38;2;12;13;12m▀[0m      
[0m