       [38;2;0;0;0m▄[0m[38;2;0;0;0m[48;2;74;65;57m▀[0m[38;2;41;32;32m[48;2;106;90;90m▀[0m[38;2;41;32;32m[48;2;106;90;90m▀[0m[38;2;41;32;32m▄[0m        
      [38;2;0;0;0m[48;2;0;0;0m▀[0m[38;2;74;65;57m[48;2;106;90;90m▀[0m[38;2;106;90;90m[48;2;106;90;90m▀[0m[38;2;106;90;90m[48;2;106;90;90m▀[0m[38;2;74;65;57m[48;2;74;65;57m▀[0m[38;2;106;90;90m[48;2;106;90;90m▀[0m[38;2;41;32;32m[48;2;41;32;32m▀[0m       
     [38;2;0;0;0m[48;2;0;0;0m▀[0m[38;2;106;90;90m[48;2;41;32;32m▀[0m[38;2;106;90;90m[48;2;106;90;90m▀[0m[38;2;106;90;90m[48;2;41;32;32m▀[0m[38;2;74;65;57m[48;2;106;90;90m▀[0m[38;2;106;90;90m[48;2;106;90;90m▀[0m[38;2;106;90;90m[48;2;106;90;90m▀[0m[38;2;41;32;32m[48;2;41;32;32m▀[0m       
     [38;2;0;0;0m[48;2;0;0;0m▀[0m[38;2;41;32;32m[48;2;74;65;57m▀[0m[38;2;41;32;32m[48;2;74;65;57m▀[0m[38;2;74;65;57m[48;2;74;65;57m▀[0m[38;2;106;90;90m[48;2;106;90;90m▀[0m[38;2;106;90;90m[48;2;106;90;90m▀[0m[38;2;106;90;90m[48;2;106;90;90m▀[0m[38;2;41;32;32m[48;2;74;65;57m▀[0m       
      [38;2;0;0;0m[48;2;0;0;0m▀[0m[38;2;74;65;57m[48;2;74;65;57m▀[0m[38;2;74;65;57m[48;2;74;65;57m▀[0m[38;2;74;65;57m[48;2;74;65;57m▀[0m[38;2;106;90;90m[48;2;106;90;90m▀[0m[38;2;74;65;57m[48;2;0;0;0m▀[0m        
       [38;2;0;0;0m[48;2;0;0;0m▀[0m[38;2;74;65;57m[48;2;74;65;57m▀[0m[38;2;74;65;57m[48;2;74;65;57m▀[0m[38;2;74;65;57m[48;2;74;65;57m▀[0m[38;2;0;0;0m[48;2;0;0;0m▀[0m        
    [38;2;41;16;49m▄[0m[38;2;74;41;106m▄[0m[38;2;74;41;106m[48;2;74;41;106m▀[0m[38;2;41;16;49m[48;2;74;41;106m▀[0m[38;2;0;0;0m[48;2;74;41;106m▀[0m[38;2;74;65;57m[48;2;0;0;0m▀[0m[38;2;74;65;57m[48;2;0;0;0m▀[0m[38;2;0;0;0m[48;2;74;41;106m▀[0m[38;2;41;16;49m[48;2;106;65;139m▀[0m[38;2;41;16;49m[48;2;106;65;139m▀[0m[38;2;41;16;49m▄[0m[38;2;0;0;0m▄[0m    
  [38;2;41;16;49m▄[0m[38;2;41;16;49m[48;2;74;41;106m▀[0m[38;2;74;41;106m[48;2;41;16;49m▀[0m[38;2;74;41;106m[48;2;74;41;106m▀[0m[38;2;74;41;106m[48;2;74;41;106m▀[0m[38;2;74;41;106m[48;2;74;41;106m▀[0m[38;2;74;41;106m[48;2;74;41;106m▀[0m[38;2;74;41;106m[48;2;74;41;106m▀[0m[38;2;74;41;106m[48;2;106;65;139m▀[0m[38;2;106;65;139m[48;2;106;65;139m▀[0m[38;2;106;65;139m[48;2;106;65;139m▀[0m[38;2;106;65;139m[48;2;74;41;106m▀[0m[38;2;74;41;106m[48;2;106;65;139m▀[0m[38;2;106;65;139m[48;2;106;65;139m▀[0m[38;2;0;0;0m[48;2;106;65;139m▀[0m[38;2;0;0;0m▄[0m  
 [38;2;41;16;49m[48;2;41;16;49m▀[0m[38;2;74;41;106m[48;2;74;41;106m▀[0m[38;2;74;41;106m[48;2;74;41;106m▀[0m[38;2;74;41;106m[48;2;41;16;49m▀[0m[38;2;41;16;49m[48;2;74;41;106m▀[0m[38;2;41;16;49m[48;2;74;41;106m▀[0m[38;2;41;16;49m[48;2;74;41;106m▀[0m[38;2;74;41;106m[48;2;74;41;106m▀[0m[38;2;106;65;139m[48;2;41;16;49m▀[0m[38;2;106;65;139m[48;2;41;16;49m▀[0m[38;2;106;65;139m[48;2;41;16;49m▀[0m[38;2;74;41;106m[48;2;74;41;106m▀[0m[38;2;106;65;139m[48;2;106;65;139m▀[0m[38;2;106;65;139m[48;2;106;65;139m▀[0m[38;2;106;65;139m[48;2;106;65;139m▀[0m[38;2;106;65;139m[48;2;106;65;139m▀[0m[38;2;106;65;139m[48;2;106;65;139m▀[0m[38;2;0;0;0m[48;2;0;0;0m▀[0m 
[38;2;0;0;0m▄[0m[38;2;41;16;49m[48;2;74;41;106m▀[0m[38;2;74;41;106m[48;2;74;41;106m▀[0m[38;2;74;41;106m[48;2;41;16;49m▀[0m[38;2;41;16;49m[48;2;74;41;106m▀[0m[38;2;74;41;106m[48;2;74;41;106m▀[0m[38;2;74;41;106m[48;2;74;41;106m▀[0m[38;2;74;41;106m[48;2;74;41;106m▀[0m[38;2;74;41;106m[48;2;74;41;106m▀[0m[38;2;74;41;106m[48;2;74;41;106m▀[0m[38;2;74;41;106m[48;2;74;41;106m▀[0m[38;2;41;16;49m[48;2;74;41;106m▀[0m[38;2;106;65;139m[48;2;41;16;49m▀[0m[38;2;106;65;139m[48;2;106;65;139m▀[0m[38;2;106;65;139m[48;2;106;65;139m▀[0m[38;2;106;65;139m[48;2;106;65;139m▀[0m[38;2;106;65;139m[48;2;106;65;139m▀[0m[38;2;106;65;139m[48;2;106;65;139m▀[0m[38;2;106;65;139m[48;2;41;16;49m▀[0m[38;2;0;0;0m[48;2;0;0;0m▀[0m
[38;2;0;0;0m[48;2;0;0;0m▀[0m[38;2;74;41;106m[48;2;74;41;106m▀[0m[38;2;74;41;106m[48;2;41;16;49m▀[0m[38;2;41;16;49m[48;2;74;41;106m▀[0m[38;2;74;41;106m[48;2;74;41;106m▀[0m[38;2;74;41;106m[48;2;74;41;106m▀[0m[38;2;74;41;106m[48;2;74;41;106m▀[0m[38;2;74;41;106m[48;2;74;41;106m▀[0m[38;2;74;41;106m[48;2;74;41;106m▀[0m[38;2;74;41;106m[48;2;74;41;106m▀[0m[38;2;74;41;106m[48;2;74;41;106m▀[0m[38;2;74;41;106m[48;2;74;41;106m▀[0m[38;2;41;16;49m[48;2;74;41;106m▀[0m[38;2;106;65;139m[48;2;41;16;49m▀[0m[38;2;106;65;139m[48;2;106;65;139m▀[0m[38;2;106;65;139m[48;2;106;65;139m▀[0m[38;2;106;65;139m[48;2;106;65;139m▀[0m[38;2;106;65;139m[48;2;41;16;49m▀[0m[38;2;74;41;106m[48;2;74;41;106m▀[0m[38;2;0;0;0m[48;2;0;0;0m▀[0m
[38;2;0;0;0m[48;2;0;0;0m▀[0m[38;2;41;16;49m[48;2;41;16;49m▀[0m[38;2;0;0;0m[48;2;0;0;0m▀[0m[38;2;74;41;106m[48;2;41;16;49m▀[0m[38;2;74;41;106m[48;2;41;16;49m▀[0m[38;2;74;41;106m[48;2;74;41;106m▀[0m[38;2;74;41;106m[48;2;74;41;106m▀[0m[38;2;74;41;106m[48;2;74;41;106m▀[0m[38;2;74;41;106m[48;2;74;41;106m▀[0m[38;2;74;41;106m[48;2;74;41;106m▀[0m[38;2;74;41;106m[48;2;74;41;106m▀[0m[38;2;74;41;106m[48;2;41;16;49m▀[0m[38;2;74;41;106m[48;2;41;16;49m▀[0m[38;2;41;16;49m[48;2;0;0;0m▀[0m[38;2;0;0;0m[48;2;41;16;49m▀[0m[38;2;0;0;0m[48;2;41;16;49m▀[0m[38;2;0;0;0m[48;2;41;16;49m▀[0m[38;2;74;41;106m[48;2;0;0;0m▀[0m[38;2;74;41;106m[48;2;74;41;106m▀[0m[38;2;0;0;0m[48;2;0;0;0m▀[0m
[38;2;0;0;0m▀[0m[38;2;0;0;0m[48;2;0;0;0m▀[0m[38;2;0;0;0m[48;2;41;16;49m▀[0m[38;2;41;16;49m[48;2;0;0;0m▀[0m[38;2;41;16;49m[48;2;41;16;49m▀[0m[38;2;41;16;49m[48;2;41;16;49m▀[0m[38;2;41;16;49m[48;2;41;16;49m▀[0m[38;2;41;16;49m[48;2;41;16;49m▀[0m[38;2;41;16;49m[48;2;41;16;49m▀[0m[38;2;41;16;49m[48;2;41;16;49m▀[0m[38;2;41;16;49m[48;2;41;16;49m▀[0m[38;2;41;16;49m[48;2;41;16;49m▀[0m[38;2;41;16;49m[48;2;41;16;49m▀[0m[38;2;0;0;0m[48;2;0;0;0m▀[0m[38;2;41;16;49m[48;2;41;16;49m▀[0m[38;2;41;16;49m[48;2;41;16;49m▀[0m[38;2;41;16;49m[48;2;41;16;49m▀[0m[38;2;41;16;49m[48;2;41;16;49m▀[0m[38;2;41;16;49m[48;2;0;0;0m▀[0m[38;2;0;0;0m▀[0m
 [38;2;0;0;0m▀[0m[38;2;41;16;49m[48;2;0;0;0m▀[0m[38;2;41;16;49m[48;2;41;16;49m▀[0m[38;2;0;0;0m[48;2;0;0;0m▀[0m[38;2;41;16;49m[48;2;41;16;49m▀[0m[38;2;41;16;49m[48;2;0;0;0m▀[0m[38;2;41;16;49m[48;2;0;0;0m▀[0m[38;2;41;16;49m[48;2;0;0;0m▀[0m[38;2;41;16;49m[48;2;0;0;0m▀[0m[38;2;41;16;49m[48;2;0;0;0m▀[0m[38;2;0;0;0m[48;2;41;16;49m▀[0m[38;2;0;0;0m[48;2;0;0;0m▀[0m[38;2;41;16;49m[48;2;41;16;49m▀[0m[38;2;41;16;49m[48;2;41;16;49m▀[0m[38;2;41;16;49m[48;2;41;16;49m▀[0m[38;2;41;16;49m[48;2;41;16;49m▀[0m[38;2;41;16;49m[48;2;0;0;0m▀[0m[38;2;0;0;0m▀[0m 
   [38;2;0;0;0m▀[0m[38;2;41;16;49m[48;2;0;0;0m▀[0m[38;2;0;0;0m[48;2;0;0;0m▀[0m[38;2;41;16;49m[48;2;41;16;49m▀[0m[38;2;41;16;49m[48;2;41;16;49m▀[0m[38;2;41;16;49m[48;2;41;16;49m▀[0m[38;2;41;16;49m[48;2;41;16;49m▀[0m[38;2;41;16;49m[48;2;41;16;49m▀[0m[38;2;41;16;49m[48;2;41;16;49m▀[0m[38;2;41;16;49m[48;2;41;16;49m▀[0m[38;2;0;0;0m[48;2;41;16;49m▀[0m[38;2;0;0;0m[48;2;0;0;0m▀[0m[38;2;41;16;49m[48;2;0;0;0m▀[0m[38;2;0;0;0m▀[0m   
  [38;2;0;0;0m▄[0m[38;2;0;0;0m[48;2;0;0;0m▀[0m[38;2;74;65;57m[48;2;41;32;32m▀[0m[38;2;74;65;57m[48;2;41;32;32m▀[0m[38;2;0;0;0m[48;2;74;65;57m▀[0m[38;2;0;0;0m[48;2;0;0;0m▀[0m[38;2;41;16;49m[48;2;0;0;0m▀[0m[38;2;41;16;49m[48;2;0;0;0m▀[0m[38;2;41;16;49m[48;2;0;0;0m▀[0m[38;2;41;16;49m[48;2;0;0;0m▀[0m[38;2;0;0;0m[48;2;0;0;0m▀[0m[38;2;0;0;0m[48;2;74;65;57m▀[0m[38;2;41;32;32m[48;2;74;65;57m▀[0m[38;2;74;65;57m[48;2;106;90;90m▀[0m[38;2;0;0;0m[48;2;106;90;90m▀[0m[38;2;74;65;57m▄[0m[38;2;0;0;0m▄[0m 
 [38;2;0;0;0m[48;2;0;0;0m▀[0m[38;2;74;65;57m[48;2;41;32;32m▀[0m[38;2;41;32;32m[48;2;74;65;57m▀[0m[38;2;74;65;57m[48;2;74;65;57m▀[0m[38;2;74;65;57m[48;2;74;65;57m▀[0m[38;2;41;32;32m[48;2;74;65;57m▀[0m[38;2;0;0;0m[48;2;0;0;0m▀[0m    [38;2;0;0;0m[48;2;0;0;0m▀[0m[38;2;74;65;57m[48;2;74;65;57m▀[0m[38;2;74;65;57m[48;2;41;32;32m▀[0m[38;2;41;32;32m[48;2;74;65;57m▀[0m[38;2;106;90;90m[48;2;74;65;57m▀[0m[38;2;106;90;90m[48;2;74;65;57m▀[0m[38;2;106;90;90m[48;2;41;32;32m▀[0m[38;2;0;0;0m[48;2;0;0;0m▀[0m
  [38;2;0;0;0m▀[0m[38;2;0;0;0m▀[0m[38;2;0;0;0m▀[0m[38;2;0;0;0m▀[0m[38;2;0;0;0m▀[0m      [38;2;0;0;0m▀[0m[38;2;0;0;0m▀[0m[38;2;0;0;0m▀[0m[38;2;0;0;0m▀[0m[38;2;0;0;0m▀[0m[38;2;0;0;0m▀[0m 
[0m