                 [38;2;237;162;110m▄[0m[38;2;236;161;113m[48;2;251;186;134m▀[0m[38;2;241;161;120m[48;2;238;166;117m▀[0m                    
                [38;2;255;127;0m[48;2;255;102;51m▀[0m[38;2;238;166;117m[48;2;239;171;122m▀[0m[38;2;255;197;143m[48;2;252;197;144m▀[0m[38;2;246;179;127m[48;2;255;180;135m▀[0m[38;2;238;164;115m[48;2;235;161;109m▀[0m                   
                [38;2;255;102;51m[48;2;255;102;51m▀[0m[38;2;243;175;124m[48;2;245;181;126m▀[0m[38;2;218;129;113m[48;2;178;57;78m▀[0m[38;2;217;65;89m[48;2;205;57;87m▀[0m[38;2;244;183;124m[48;2;244;183;128m▀[0m[38;2;255;127;63m[48;2;170;0;0m▀[0m                  
                [38;2;255;102;51m[48;2;255;102;51m▀[0m[38;2;245;181;126m[48;2;244;181;126m▀[0m[38;2;183;67;83m[48;2;193;72;87m▀[0m[38;2;214;29;78m[48;2;225;0;67m▀[0m[38;2;241;157;122m[48;2;240;131;118m▀[0m[38;2;242;174;118m[48;2;241;175;120m▀[0m                  
                [38;2;255;0;0m[48;2;237;165;115m▀[0m[38;2;241;182;125m[48;2;250;187;137m▀[0m[38;2;224;74;96m[48;2;214;55;87m▀[0m[38;2;229;0;69m[48;2;251;7;78m▀[0m[38;2;234;133;118m[48;2;213;34;80m▀[0m[38;2;251;189;132m[48;2;252;184;135m▀[0m[38;2;239;154;108m[48;2;236;159;111m▀[0m                 
              [38;2;230;148;106m▄[0m[38;2;233;153;109m[48;2;249;182;131m▀[0m[38;2;251;191;133m[48;2;238;169;130m▀[0m[38;2;235;136;120m[48;2;187;26;70m▀[0m[38;2;193;0;61m[48;2;195;0;64m▀[0m[38;2;237;9;76m[48;2;210;3;69m▀[0m[38;2;185;15;65m[48;2;233;13;76m▀[0m[38;2;235;177;130m[48;2;219;27;77m▀[0m[38;2;242;182;129m[48;2;228;109;108m▀[0m[38;2;251;178;123m[48;2;253;177;136m▀[0m[38;2;233;153;109m[48;2;244;182;129m▀[0m[38;2;233;155;106m▄[0m              
             [38;2;236;154;109m[48;2;238;166;116m▀[0m[38;2;249;182;129m[48;2;253;196;140m▀[0m[38;2;208;171;123m[48;2;128;41;57m▀[0m[38;2;165;32;64m[48;2;236;7;75m▀[0m[38;2;218;0;69m[48;2;200;1;66m▀[0m[38;2;196;0;65m[48;2;196;0;65m▀[0m[38;2;196;0;65m[48;2;197;0;65m▀[0m[38;2;197;0;65m[48;2;197;0;65m▀[0m[38;2;220;4;71m[48;2;193;0;64m▀[0m[38;2;228;1;71m[48;2;208;3;68m▀[0m[38;2;225;28;80m[48;2;249;3;75m▀[0m[38;2;252;168;133m[48;2;220;64;99m▀[0m[38;2;245;183;130m[48;2;255;191;136m▀[0m[38;2;255;0;0m[48;2;238;170;124m▀[0m             
             [38;2;243;178;124m[48;2;252;180;127m▀[0m[38;2;207;124;108m[48;2;121;88;70m▀[0m[38;2;187;7;62m[48;2;168;0;54m▀[0m[38;2;207;1;68m[48;2;199;0;66m▀[0m[38;2;195;0;65m[48;2;197;0;65m▀[0m[38;2;197;0;65m[48;2;197;0;65m▀[0m[38;2;197;0;65m[48;2;197;0;65m▀[0m[38;2;197;0;65m[48;2;197;0;65m▀[0m[38;2;197;0;65m[48;2;197;0;65m▀[0m[38;2;200;1;63m[48;2;201;0;62m▀[0m[38;2;204;41;90m[48;2;164;44;80m▀[0m[38;2;99;160;187m[48;2;15;141;181m▀[0m[38;2;188;205;188m[48;2;107;174;184m▀[0m[38;2;250;173;118m[48;2;253;172;118m▀[0m             
             [38;2;252;180;128m[48;2;250;177;124m▀[0m[38;2;113;89;68m[48;2;166;126;93m▀[0m[38;2;167;0;54m[48;2;168;6;58m▀[0m[38;2;200;0;66m[48;2;200;0;66m▀[0m[38;2;197;0;65m[48;2;197;0;65m▀[0m[38;2;197;0;65m[48;2;197;0;65m▀[0m[38;2;197;0;65m[48;2;197;0;65m▀[0m[38;2;197;0;65m[48;2;197;0;65m▀[0m[38;2;197;0;65m[48;2;197;0;65m▀[0m[38;2;195;0;58m[48;2;195;0;64m▀[0m[38;2;215;83;123m[48;2;212;2;67m▀[0m[38;2;97;206;240m[48;2;211;110;144m▀[0m[38;2;110;160;169m[48;2;209;130;113m▀[0m[38;2;252;173;119m[48;2;245;177;122m▀[0m             
     [38;2;235;162;112m▄[0m[38;2;245;168;116m▄[0m[38;2;237;163;113m▄[0m[38;2;204;102;51m[48;2;243;175;123m▀[0m[38;2;243;166;110m[48;2;247;175;123m▀[0m[38;2;232;144;88m[48;2;243;181;135m▀[0m[38;2;221;133;77m[48;2;244;187;143m▀[0m[38;2;238;164;115m[48;2;251;188;136m▀[0m[38;2;249;179;127m[48;2;255;196;142m▀[0m[38;2;255;197;142m[48;2;246;177;126m▀[0m[38;2;115;38;53m[48;2;201;154;110m▀[0m[38;2;193;0;61m[48;2;112;33;50m▀[0m[38;2;201;0;66m[48;2;174;0;55m▀[0m[38;2;197;0;65m[48;2;201;0;66m▀[0m[38;2;197;0;65m[48;2;197;0;65m▀[0m[38;2;197;0;65m[48;2;198;0;65m▀[0m[38;2;197;0;65m[48;2;201;0;65m▀[0m[38;2;201;0;66m[48;2;174;0;55m▀[0m[38;2;192;0;61m[48;2;115;35;52m▀[0m[38;2;112;30;46m[48;2;202;155;110m▀[0m[38;2;255;198;141m[48;2;244;169;119m▀[0m[38;2;249;177;125m[48;2;243;177;129m▀[0m[38;2;236;164;115m[48;2;255;191;139m▀[0m[38;2;243;155;110m[48;2;247;179;128m▀[0m[38;2;212;127;85m[48;2;239;168;118m▀[0m[38;2;250;165;111m▄[0m[38;2;237;156;104m▄[0m        
    [38;2;239;162;112m[48;2;255;170;85m▀[0m[38;2;245;171;120m[48;2;240;167;118m▀[0m[38;2;255;193;139m[48;2;255;186;134m▀[0m[38;2;255;212;172m[48;2;253;195;145m▀[0m[38;2;255;245;231m[48;2;254;222;192m▀[0m[38;2;254;239;224m[48;2;253;205;168m▀[0m[38;2;255;232;204m[48;2;245;174;124m▀[0m[38;2;252;197;152m[48;2;236;160;110m▀[0m[38;2;241;171;121m▀[0m[38;2;245;168;119m▀[0m[38;2;228;147;107m▀[0m[38;2;255;178;124m[48;2;225;147;107m▀[0m[38;2;215;167;118m[48;2;253;185;132m▀[0m[38;2;171;117;94m[48;2;237;176;133m▀[0m[38;2;149;11;54m[48;2;174;36;69m▀[0m[38;2;202;0;66m[48;2;195;0;63m▀[0m[38;2;182;3;62m[48;2;175;6;60m▀[0m[38;2;121;29;52m[48;2;209;131;110m▀[0m[38;2;196;102;94m[48;2;250;192;136m▀[0m[38;2;211;156;108m[48;2;255;173;119m▀[0m[38;2;255;177;127m▀[0m [38;2;235;162;115m▀[0m[38;2;244;173;122m▀[0m[38;2;248;189;139m[48;2;239;168;119m▀[0m[38;2;255;226;196m[48;2;255;188;136m▀[0m[38;2;255;211;172m[48;2;255;225;200m▀[0m[38;2;243;181;135m[48;2;255;246;230m▀[0m[38;2;248;170;116m[48;2;255;228;201m▀[0m[38;2;240;162;110m[48;2;255;210;173m▀[0m[38;2;229;153;102m[48;2;242;175;125m▀[0m[38;2;237;160;112m▄[0m[38;2;255;170;113m▄[0m   
      [38;2;235;156;107m▀[0m[38;2;239;167;117m[48;2;218;109;36m▀[0m[38;2;247;178;126m[48;2;242;169;119m▀[0m[38;2;254;188;134m[48;2;252;194;144m▀[0m[38;2;240;163;113m[48;2;252;195;147m▀[0m[38;2;228;147;93m[48;2;246;175;122m▀[0m[38;2;236;155;108m▄[0m  [38;2;237;159;112m▀[0m[38;2;252;190;136m[48;2;239;162;114m▀[0m[38;2;192;149;111m[48;2;246;184;131m▀[0m[38;2;138;2;47m[48;2;214;127;108m▀[0m[38;2;200;0;62m[48;2;218;93;99m▀[0m[38;2;182;0;56m[48;2;203;98;98m▀[0m[38;2;186;81;89m[48;2;249;182;131m▀[0m[38;2;255;204;146m[48;2;238;169;119m▀[0m[38;2;236;163;116m▀[0m     [38;2;243;160;110m[48;2;235;155;105m▀[0m[38;2;239;170;119m[48;2;246;168;116m▀[0m[38;2;252;202;158m[48;2;247;183;130m▀[0m[38;2;253;238;225m[48;2;246;188;137m▀[0m[38;2;251;212;175m[48;2;243;181;130m▀[0m[38;2;255;197;143m[48;2;247;172;119m▀[0m[38;2;246;173;123m[48;2;239;163;112m▀[0m[38;2;236;163;112m[48;2;255;255;255m▀[0m   
    [38;2;231;155;103m▄[0m[38;2;231;154;108m[48;2;248;176;123m▀[0m[38;2;242;167;116m[48;2;255;196;147m▀[0m[38;2;249;175;121m[48;2;255;229;203m▀[0m[38;2;254;199;152m[48;2;255;251;245m▀[0m[38;2;252;238;224m[48;2;255;255;255m▀[0m[38;2;254;248;241m[48;2;255;255;255m▀[0m[38;2;254;212;175m[48;2;254;237;219m▀[0m[38;2;248;182;133m[48;2;255;202;153m▀[0m[38;2;243;170;120m[48;2;255;201;146m▀[0m[38;2;235;156;98m[48;2;239;170;122m▀[0m[38;2;236;163;109m▄[0m [38;2;237;157;106m▀[0m[38;2;253;189;135m[48;2;239;165;115m▀[0m[38;2;250;200;144m[48;2;255;197;144m▀[0m[38;2;255;204;147m[48;2;247;183;133m▀[0m[38;2;241;166;117m[48;2;239;162;114m▀[0m[38;2;204;153;102m▀[0m   [38;2;240;168;118m▄[0m[38;2;233;159;106m[48;2;255;188;134m▀[0m[38;2;239;166;116m[48;2;252;197;149m▀[0m[38;2;247;180;129m[48;2;255;236;216m▀[0m[38;2;255;209;166m[48;2;255;255;255m▀[0m[38;2;253;236;218m[48;2;255;255;255m▀[0m[38;2;252;198;152m[48;2;251;222;196m▀[0m[38;2;237;165;114m[48;2;249;182;129m▀[0m[38;2;237;164;114m▄[0m     
 [38;2;239;166;116m▄[0m[38;2;218;145;91m[48;2;246;175;123m▀[0m[38;2;241;168;115m[48;2;255;211;168m▀[0m[38;2;248;186;138m[48;2;255;242;220m▀[0m[38;2;255;224;193m[48;2;255;229;201m▀[0m[38;2;248;201;160m[48;2;255;212;172m▀[0m[38;2;253;234;218m[48;2;243;175;122m▀[0m[38;2;254;234;216m[48;2;243;174;123m▀[0m[38;2;251;202;160m[48;2;241;172;121m▀[0m[38;2;255;199;154m[48;2;236;156;105m▀[0m[38;2;255;197;146m[48;2;247;168;116m▀[0m[38;2;241;174;124m[48;2;238;158;113m▀[0m[38;2;248;175;122m▀[0m[38;2;238;167;119m▀[0m[38;2;204;153;102m▀[0m  [38;2;238;156;106m[48;2;255;0;0m▀[0m[38;2;242;177;127m[48;2;238;168;120m▀[0m[38;2;239;172;122m[48;2;240;168;120m▀[0m[38;2;255;0;0m[48;2;255;127;63m▀[0m    [38;2;237;163;115m▀[0m[38;2;248;181;130m[48;2;232;153;107m▀[0m[38;2;255;195;144m[48;2;249;173;120m▀[0m[38;2;251;211;175m[48;2;242;174;123m▀[0m[38;2;254;238;223m[48;2;243;174;121m▀[0m[38;2;254;250;246m[48;2;255;209;167m▀[0m[38;2;255;255;255m[48;2;252;224;198m▀[0m[38;2;252;227;204m[48;2;252;227;204m▀[0m[38;2;251;187;135m[48;2;250;207;170m▀[0m[38;2;236;161;109m[48;2;255;208;169m▀[0m[38;2;237;159;104m▄[0m   
[38;2;236;161;113m[48;2;238;163;115m▀[0m[38;2;255;186;134m[48;2;236;162;113m▀[0m[38;2;255;196;142m[48;2;239;163;114m▀[0m[38;2;248;189;141m[48;2;234;159;110m▀[0m[38;2;241;176;133m▀[0m[38;2;238;165;112m▀[0m[38;2;245;170;118m▀[0m[38;2;238;163;117m▀[0m[38;2;236;151;103m▀[0m[38;2;229;153;102m▀[0m         [38;2;255;85;85m▀[0m[38;2;255;85;85m▀[0m        [38;2;236;151;103m▀[0m[38;2;241;163;113m▀[0m[38;2;244;169;116m▀[0m[38;2;244;179;127m[48;2;236;161;111m▀[0m[38;2;251;186;134m[48;2;240;163;113m▀[0m[38;2;252;229;208m[48;2;246;173;119m▀[0m[38;2;255;251;246m[48;2;249;200;160m▀[0m[38;2;254;207;170m[48;2;255;224;192m▀[0m[38;2;236;161;110m[48;2;254;198;150m▀[0m[38;2;239;165;115m▄[0m 
                                 [38;2;212;127;85m▀[0m[38;2;255;161;107m▀[0m[38;2;239;159;107m▀[0m[38;2;248;176;124m[48;2;239;159;95m▀[0m[38;2;255;195;143m[48;2;247;170;116m▀[0m[38;2;252;188;137m[48;2;240;173;123m▀[0m[38;2;238;168;119m[48;2;249;175;123m▀[0m
[0m