             [38;2;18;18;18m[48;2;25;25;25m▀[0m[38;2;66;66;66m[48;2;200;200;200m▀[0m[38;2;6;6;6m[48;2;0;0;0m▀[0m                        
             [38;2;28;28;28m▀[0m[38;2;99;99;99m[48;2;63;63;63m▀[0m[38;2;135;135;135m[48;2;151;151;151m▀[0m[38;2;0;0;0m[48;2;55;55;55m▀[0m[38;2;0;0;0m▄[0m                      
              [38;2;0;0;0m[48;2;0;0;0m▀[0m[38;2;131;131;132m[48;2;127;113;54m▀[0m[38;2;97;98;101m[48;2;142;124;35m▀[0m[38;2;0;0;0m[48;2;142;120;20m▀[0m[38;2;31;21;10m▄[0m[38;2;0;0;11m▄[0m                    
              [38;2;255;255;0m[48;2;70;62;19m▀[0m[38;2;111;93;12m[48;2;213;188;32m▀[0m[38;2;211;181;30m[48;2;194;167;30m▀[0m[38;2;235;202;35m[48;2;243;209;36m▀[0m[38;2;97;84;19m[48;2;183;156;27m▀[0m[38;2;73;64;20m[48;2;182;155;28m▀[0m[38;2;25;21;17m[48;2;22;21;16m▀[0m                   
              [38;2;59;53;21m[48;2;0;0;11m▀[0m[38;2;244;216;38m[48;2;126;109;27m▀[0m[38;2;248;214;38m[48;2;255;234;40m▀[0m[38;2;221;190;33m[48;2;219;188;32m▀[0m[38;2;197;168;30m[48;2;176;150;26m▀[0m[38;2;170;145;26m[48;2;185;158;28m▀[0m[38;2;138;119;25m[48;2;149;129;27m▀[0m[38;2;0;4;14m[48;2;0;0;12m▀[0m                  
              [38;2;0;0;17m▀[0m[38;2;65;55;20m[48;2;0;0;11m▀[0m[38;2;213;189;35m[48;2;128;110;25m▀[0m[38;2;212;182;31m[48;2;197;169;30m▀[0m[38;2;176;151;27m[48;2;192;165;29m▀[0m[38;2;196;168;30m[48;2;195;167;29m▀[0m[38;2;187;160;29m[48;2;174;149;28m▀[0m[38;2;82;72;20m[48;2;87;75;18m▀[0m[38;2;0;0;14m[48;2;0;0;5m▀[0m                 
               [38;2;6;6;3m▄[0m[38;2;8;8;11m[48;2;59;59;64m▀[0m[38;2;164;141;24m[48;2;80;74;51m▀[0m[38;2;204;175;29m[48;2;82;74;33m▀[0m[38;2;137;119;30m[48;2;71;70;72m▀[0m[38;2;62;62;72m[48;2;95;96;109m▀[0m[38;2;76;77;86m[48;2;131;131;144m▀[0m[38;2;27;27;28m[48;2;118;118;130m▀[0m[38;2;0;0;0m[48;2;80;80;88m▀[0m[38;2;3;3;0m▄[0m               
             [38;2;15;15;15m▄[0m[38;2;9;9;9m[48;2;57;57;62m▀[0m[38;2;58;58;63m[48;2;96;96;106m▀[0m[38;2;97;97;107m[48;2;92;92;102m▀[0m[38;2;81;82;94m[48;2;93;93;103m▀[0m[38;2;69;70;83m[48;2;93;93;103m▀[0m[38;2;93;93;104m[48;2;92;92;102m▀[0m[38;2;92;92;101m[48;2;92;92;102m▀[0m[38;2;91;91;101m[48;2;92;92;102m▀[0m[38;2;127;127;140m[48;2;91;91;101m▀[0m[38;2;146;146;162m[48;2;122;122;135m▀[0m[38;2;90;90;99m[48;2;145;145;160m▀[0m[38;2;22;22;22m[48;2;92;92;100m▀[0m[38;2;25;25;29m▄[0m             
           [38;2;0;0;0m▄[0m[38;2;26;26;26m▄[0m[38;2;18;18;18m[48;2;73;73;81m▀[0m[38;2;90;90;99m[48;2;94;94;105m▀[0m[38;2;93;93;103m[48;2;92;92;102m▀[0m[38;2;92;92;102m[48;2;92;92;102m▀[0m[38;2;92;92;102m[48;2;92;92;102m▀[0m[38;2;92;92;102m[48;2;92;92;102m▀[0m[38;2;92;92;102m[48;2;92;92;102m▀[0m[38;2;92;92;102m[48;2;92;92;102m▀[0m[38;2;92;92;102m[48;2;92;92;102m▀[0m[38;2;90;90;100m[48;2;92;92;102m▀[0m[38;2;103;103;114m[48;2;89;89;99m▀[0m[38;2;139;139;155m[48;2;120;120;132m▀[0m[38;2;144;144;160m[48;2;145;145;161m▀[0m[38;2;89;89;99m[48;2;119;119;132m▀[0m[38;2;17;17;17m[48;2;42;42;43m▀[0m            
           [38;2;0;0;0m[48;2;23;23;26m▀[0m[38;2;47;47;51m[48;2;84;84;93m▀[0m[38;2;98;98;109m[48;2;93;93;103m▀[0m[38;2;92;92;102m[48;2;92;92;102m▀[0m[38;2;92;92;102m[48;2;92;92;102m▀[0m[38;2;92;92;102m[48;2;92;92;102m▀[0m[38;2;92;92;102m[48;2;92;92;102m▀[0m[38;2;92;92;102m[48;2;92;92;102m▀[0m[38;2;92;92;102m[48;2;92;92;102m▀[0m[38;2;92;92;102m[48;2;92;92;102m▀[0m[38;2;92;92;102m[48;2;92;92;102m▀[0m[38;2;92;92;102m[48;2;92;92;102m▀[0m[38;2;90;90;100m[48;2;92;92;102m▀[0m[38;2;104;104;114m[48;2;90;90;98m▀[0m[38;2;135;135;150m[48;2;127;127;141m▀[0m[38;2;142;142;158m[48;2;139;139;154m▀[0m[38;2;114;114;125m[48;2;144;144;160m▀[0m[38;2;44;44;46m[48;2;58;58;63m▀[0m[38;2;25;25;25m▄[0m          
          [38;2;15;15;15m[48;2;12;12;12m▀[0m[38;2;45;45;49m[48;2;86;86;96m▀[0m[38;2;95;95;105m[48;2;93;93;103m▀[0m[38;2;92;92;102m[48;2;92;92;102m▀[0m[38;2;92;92;102m[48;2;92;92;102m▀[0m[38;2;92;92;102m[48;2;92;92;102m▀[0m[38;2;92;92;102m[48;2;92;92;102m▀[0m[38;2;92;92;102m[48;2;92;92;102m▀[0m[38;2;92;92;102m[48;2;92;92;102m▀[0m[38;2;92;92;102m[48;2;92;92;102m▀[0m[38;2;92;92;102m[48;2;92;92;102m▀[0m[38;2;92;92;102m[48;2;92;92;102m▀[0m[38;2;92;92;102m[48;2;92;92;102m▀[0m[38;2;92;92;102m[48;2;92;92;102m▀[0m[38;2;91;91;101m[48;2;92;92;102m▀[0m[38;2;97;97;107m[48;2;92;92;102m▀[0m[38;2;140;140;155m[48;2;121;121;134m▀[0m[38;2;140;140;155m[48;2;140;140;155m▀[0m[38;2;126;126;140m[48;2;137;137;151m▀[0m[38;2;27;27;29m[48;2;80;80;87m▀[0m[38;2;24;24;24m▄[0m         
    [38;2;10;10;10m▄[0m[38;2;15;15;15m[48;2;73;73;80m▀[0m[38;2;48;48;50m[48;2;143;143;158m▀[0m[38;2;50;50;54m[48;2;133;133;148m▀[0m[38;2;41;41;48m[48;2;64;64;69m▀[0m[38;2;0;0;0m[48;2;29;29;32m▀[0m[38;2;57;57;62m[48;2;77;77;84m▀[0m[38;2;94;94;104m[48;2;95;95;105m▀[0m[38;2;92;92;102m[48;2;92;92;102m▀[0m[38;2;92;92;102m[48;2;92;92;102m▀[0m[38;2;92;92;102m[48;2;92;92;102m▀[0m[38;2;92;92;102m[48;2;95;95;106m▀[0m[38;2;94;94;105m[48;2;74;74;82m▀[0m[38;2;96;96;106m[48;2;62;62;68m▀[0m[38;2;94;94;104m[48;2;80;80;88m▀[0m[38;2;92;92;102m[48;2;95;95;105m▀[0m[38;2;92;92;102m[48;2;92;92;102m▀[0m[38;2;92;92;102m[48;2;92;92;102m▀[0m[38;2;92;92;102m[48;2;92;92;102m▀[0m[38;2;92;92;102m[48;2;92;92;102m▀[0m[38;2;92;92;102m[48;2;92;92;102m▀[0m[38;2;90;90;100m[48;2;92;92;102m▀[0m[38;2;104;104;115m[48;2;90;90;99m▀[0m[38;2;138;138;153m[48;2;120;120;134m▀[0m[38;2;144;144;159m[48;2;144;144;160m▀[0m[38;2;105;105;116m[48;2;117;117;129m▀[0m[38;2;14;14;14m[48;2;43;43;47m▀[0m[38;2;39;39;39m▄[0m[38;2;0;0;0m[48;2;74;74;81m▀[0m[38;2;0;0;0m[48;2;71;71;78m▀[0m[38;2;33;33;33m▄[0m     
   [38;2;4;0;0m▄[0m[38;2;8;8;8m[48;2;44;93;109m▀[0m[38;2;123;123;137m[48;2;78;97;107m▀[0m[38;2;134;134;148m[48;2;119;116;129m▀[0m[38;2;97;97;108m[48;2;89;89;99m▀[0m[38;2;90;90;99m[48;2;93;93;103m▀[0m[38;2;81;81;89m[48;2;94;94;104m▀[0m[38;2;95;95;105m[48;2;92;92;102m▀[0m[38;2;92;92;102m[48;2;92;92;102m▀[0m[38;2;92;92;102m[48;2;92;92;102m▀[0m[38;2;92;92;102m[48;2;92;92;102m▀[0m[38;2;95;95;105m[48;2;94;94;104m▀[0m[38;2;72;72;81m[48;2;51;51;56m▀[0m[38;2;28;28;29m[48;2;27;27;28m▀[0m[38;2;23;23;23m[48;2;39;39;41m▀[0m[38;2;32;32;34m[48;2;23;23;24m▀[0m[38;2;82;82;91m[48;2;65;65;71m▀[0m[38;2;94;94;104m[48;2;94;94;104m▀[0m[38;2;92;92;102m[48;2;92;92;102m▀[0m[38;2;92;92;102m[48;2;92;92;102m▀[0m[38;2;92;92;102m[48;2;92;92;102m▀[0m[38;2;92;92;102m[48;2;92;92;102m▀[0m[38;2;92;92;102m[48;2;92;92;102m▀[0m[38;2;91;91;101m[48;2;92;92;102m▀[0m[38;2;102;102;113m[48;2;90;90;100m▀[0m[38;2;135;135;150m[48;2;100;100;112m▀[0m[38;2;143;143;159m[48;2;134;134;149m▀[0m[38;2;117;117;129m[48;2;114;114;126m▀[0m[38;2;78;78;86m[48;2;93;93;104m▀[0m[38;2;127;127;141m[48;2;91;91;101m▀[0m[38;2;147;147;163m[48;2;128;128;141m▀[0m[38;2;93;93;103m[48;2;131;131;144m▀[0m[38;2;27;27;27m[48;2;43;43;46m▀[0m[38;2;28;28;28m▄[0m   
[38;2;16;16;16m▄[0m[38;2;16;16;15m▄[0m[38;2;6;6;3m[48;2;58;58;64m▀[0m[38;2;3;3;1m[48;2;67;67;74m▀[0m[38;2;47;47;50m[48;2;81;81;90m▀[0m[38;2;77;77;83m[48;2;95;95;105m▀[0m[38;2;91;91;101m[48;2;92;92;102m▀[0m[38;2;92;92;102m[48;2;92;92;102m▀[0m[38;2;92;92;102m[48;2;93;93;103m▀[0m[38;2;92;92;102m[48;2;92;92;103m▀[0m[38;2;92;92;102m[48;2;92;92;102m▀[0m[38;2;92;92;102m[48;2;92;92;102m▀[0m[38;2;92;92;102m[48;2;92;92;102m▀[0m[38;2;94;94;104m[48;2;93;93;103m▀[0m[38;2;76;76;85m[48;2;90;90;99m▀[0m[38;2;21;21;20m[48;2;45;45;48m▀[0m[38;2;37;37;39m[48;2;41;41;43m▀[0m[38;2;35;35;36m[48;2;55;55;58m▀[0m[38;2;36;36;38m[48;2;36;36;37m▀[0m[38;2;21;21;21m[48;2;55;55;60m▀[0m[38;2;89;89;98m[48;2;93;93;103m▀[0m[38;2;92;92;102m[48;2;92;92;102m▀[0m[38;2;92;92;102m[48;2;92;92;102m▀[0m[38;2;92;92;102m[48;2;92;92;102m▀[0m[38;2;92;92;102m[48;2;92;92;102m▀[0m[38;2;92;92;102m[48;2;92;92;102m▀[0m[38;2;92;92;102m[48;2;92;92;102m▀[0m[38;2;92;92;102m[48;2;92;92;102m▀[0m[38;2;91;91;101m[48;2;92;92;102m▀[0m[38;2;91;91;101m[48;2;92;92;102m▀[0m[38;2;91;91;101m[48;2;93;93;103m▀[0m[38;2;92;92;102m[48;2;89;89;98m▀[0m[38;2;91;91;101m[48;2;70;71;76m▀[0m[38;2;126;126;139m[48;2;82;85;92m▀[0m[38;2;146;146;162m[48;2;140;140;155m▀[0m[38;2;96;96;106m[48;2;96;96;106m▀[0m[38;2;17;17;17m[48;2;14;14;14m▀[0m   
[38;2;33;33;34m[48;2;14;14;14m▀[0m[38;2;76;76;83m[48;2;14;14;14m▀[0m[38;2;82;82;91m[48;2;18;18;16m▀[0m[38;2;100;100;111m[48;2;59;59;65m▀[0m[38;2;97;97;108m[48;2;59;59;65m▀[0m[38;2;95;95;105m[48;2;68;68;75m▀[0m[38;2;92;92;102m[48;2;93;93;103m▀[0m[38;2;93;93;103m[48;2;84;84;92m▀[0m[38;2;87;83;91m[48;2;66;103;118m▀[0m[38;2;89;89;98m[48;2;71;71;76m▀[0m[38;2;92;92;102m[48;2;94;94;104m▀[0m[38;2;92;92;102m[48;2;92;92;102m▀[0m[38;2;92;92;102m[48;2;92;92;102m▀[0m[38;2;92;92;102m[48;2;92;92;102m▀[0m[38;2;93;93;103m[48;2;92;92;102m▀[0m[38;2;90;90;100m[48;2;92;92;103m▀[0m[38;2;88;88;97m[48;2;93;93;103m▀[0m[38;2;91;91;100m[48;2;92;92;102m▀[0m[38;2;87;87;96m[48;2;93;93;103m▀[0m[38;2;92;92;102m[48;2;92;92;102m▀[0m[38;2;93;93;103m[48;2;92;92;102m▀[0m[38;2;92;92;102m[48;2;92;92;102m▀[0m[38;2;92;92;102m[48;2;93;93;103m▀[0m[38;2;92;92;102m[48;2;93;93;103m▀[0m[38;2;92;92;102m[48;2;92;92;102m▀[0m[38;2;92;92;102m[48;2;92;92;102m▀[0m[38;2;92;92;102m[48;2;92;92;102m▀[0m[38;2;92;92;102m[48;2;92;92;102m▀[0m[38;2;92;92;102m[48;2;92;92;102m▀[0m[38;2;92;92;102m[48;2;92;92;102m▀[0m[38;2;93;93;103m[48;2;92;92;102m▀[0m[38;2;88;85;92m[48;2;93;93;103m▀[0m[38;2;66;97;110m[48;2;85;85;93m▀[0m[38;2;67;149;176m[48;2;73;71;76m▀[0m[38;2;78;85;93m[48;2;77;77;84m▀[0m[38;2;132;131;145m[48;2;95;95;106m▀[0m[38;2;57;57;64m[48;2;99;99;110m▀[0m[38;2;24;24;24m[48;2;88;88;98m▀[0m[38;2;0;0;0m[48;2;53;53;57m▀[0m[38;2;0;0;0m[48;2;32;32;34m▀[0m
   [38;2;3;3;0m▀[0m[38;2;0;0;0m▀[0m[38;2;36;36;38m[48;2;42;42;45m▀[0m[38;2;97;97;107m[48;2;82;82;91m▀[0m[38;2;73;73;78m[48;2;89;89;98m▀[0m[38;2;65;93;104m[48;2;94;91;100m▀[0m[38;2;86;86;96m[48;2;97;97;108m▀[0m[38;2;93;93;103m[48;2;96;96;107m▀[0m[38;2;92;92;102m[48;2;97;97;108m▀[0m[38;2;93;93;103m[48;2;88;88;98m▀[0m[38;2;94;94;105m[48;2;76;76;84m▀[0m[38;2;94;94;105m[48;2;77;77;85m▀[0m[38;2;94;94;105m[48;2;76;76;84m▀[0m[38;2;93;93;103m[48;2;91;91;100m▀[0m[38;2;92;92;102m[48;2;97;97;108m▀[0m[38;2;92;92;102m[48;2;94;94;104m▀[0m[38;2;92;92;102m[48;2;92;92;102m▀[0m[38;2;92;92;102m[48;2;94;94;104m▀[0m[38;2;92;92;102m[48;2;76;73;79m▀[0m[38;2;74;78;85m[48;2;66;129;151m▀[0m[38;2;76;80;87m[48;2;65;122;142m▀[0m[38;2;93;92;103m[48;2;81;77;83m▀[0m[38;2;92;92;102m[48;2;98;98;109m▀[0m[38;2;92;92;102m[48;2;97;97;108m▀[0m[38;2;93;93;103m[48;2;85;85;94m▀[0m[38;2;94;94;105m[48;2;76;76;84m▀[0m[38;2;94;94;105m[48;2;77;77;85m▀[0m[38;2;94;94;105m[48;2;77;77;85m▀[0m[38;2;94;94;105m[48;2;80;80;88m▀[0m[38;2;94;94;104m[48;2;55;55;61m▀[0m[38;2;94;94;105m[48;2;18;18;18m▀[0m[38;2;84;84;93m[48;2;21;21;21m▀[0m[38;2;37;37;39m[48;2;0;0;0m▀[0m[38;2;38;38;41m[48;2;0;0;0m▀[0m[38;2;39;39;42m[48;2;0;0;0m▀[0m[38;2;44;44;47m[48;2;0;0;0m▀[0m[38;2;23;23;24m[48;2;0;0;0m▀[0m
     [38;2;0;0;0m▀[0m[38;2;28;28;30m▀[0m[38;2;56;56;61m[48;2;22;22;22m▀[0m[38;2;68;68;74m[48;2;23;23;23m▀[0m[38;2;56;56;61m[48;2;0;0;0m▀[0m[38;2;56;56;61m[48;2;0;0;0m▀[0m[38;2;59;59;64m[48;2;0;0;0m▀[0m[38;2;43;43;47m[48;2;0;0;0m▀[0m[38;2;5;5;3m▀[0m[38;2;11;11;9m▀[0m[38;2;7;7;5m▀[0m[38;2;46;46;50m[48;2;0;0;0m▀[0m[38;2;56;56;61m[48;2;0;0;0m▀[0m[38;2;75;75;82m[48;2;27;27;29m▀[0m[38;2;97;97;108m[48;2;38;38;41m▀[0m[38;2;96;96;106m[48;2;36;36;38m▀[0m[38;2;86;86;95m[48;2;37;37;40m▀[0m[38;2;77;75;81m[48;2;38;38;41m▀[0m[38;2;79;77;84m[48;2;40;40;43m▀[0m[38;2;66;66;72m[48;2;28;28;28m▀[0m[38;2;55;55;60m[48;2;0;0;0m▀[0m[38;2;59;59;65m[48;2;0;0;0m▀[0m[38;2;35;35;38m[48;2;0;0;0m▀[0m[38;2;5;5;5m▀[0m[38;2;11;11;9m▀[0m[38;2;11;11;9m▀[0m[38;2;11;11;11m▀[0m[38;2;10;10;10m▀[0m       
[0m