                   [38;2;0;0;0m[48;2;0;0;0m▀[0m[38;2;0;0;0m[48;2;20;4;2m▀[0m[38;2;60;26;36m[48;2;133;57;77m▀[0m[38;2;57;14;26m[48;2;211;81;118m▀[0m[38;2;157;47;78m[48;2;168;61;91m▀[0m[38;2;255;42;85m[48;2;22;1;8m▀[0m[38;2;0;0;0m▄[0m         [38;2;62;18;18m[48;2;28;9;9m▀[0m[38;2;45;15;20m[48;2;55;16;12m▀[0m [38;2;38;8;17m▄[0m[38;2;50;15;18m▄[0m
                   [38;2;0;0;0m[48;2;0;0;0m▀[0m[38;2;50;11;4m[48;2;7;1;0m▀[0m[38;2;23;5;4m[48;2;55;12;7m▀[0m[38;2;187;70;100m[48;2;31;7;7m▀[0m[38;2;49;12;12m[48;2;39;8;3m▀[0m[38;2;17;4;2m[48;2;10;2;0m▀[0m[38;2;0;0;0m[48;2;0;0;0m▀[0m      [38;2;0;0;0m▄[0m[38;2;3;1;0m▄[0m[38;2;5;0;0m▄[0m[38;2;0;0;0m[48;2;0;0;0m▀[0m[38;2;59;12;6m[48;2;85;26;27m▀[0m[38;2;10;1;5m[48;2;160;69;91m▀[0m[38;2;90;40;16m[48;2;27;8;3m▀[0m[38;2;68;27;18m[48;2;26;13;6m▀[0m
                    [38;2;0;0;0m▀[0m[38;2;41;8;4m[48;2;5;0;1m▀[0m[38;2;33;7;3m[48;2;59;13;6m▀[0m[38;2;33;7;3m[48;2;0;0;0m▀[0m[38;2;0;0;0m▀[0m  [38;2;0;0;0m▄[0m[38;2;0;0;0m▄[0m[38;2;0;0;0m▄[0m  [38;2;0;0;0m[48;2;105;30;45m▀[0m[38;2;18;4;1m[48;2;48;7;15m▀[0m[38;2;89;16;14m[48;2;117;43;59m▀[0m[38;2;170;0;85m[48;2;123;47;65m▀[0m[38;2;2;1;1m[48;2;45;8;2m▀[0m[38;2;59;15;11m[48;2;51;11;5m▀[0m[38;2;25;4;2m[48;2;0;0;0m▀[0m[38;2;0;0;0m▀[0m
                     [38;2;4;0;0m[48;2;2;0;0m▀[0m[38;2;21;4;1m[48;2;21;3;1m▀[0m[38;2;98;24;31m[48;2;131;52;64m▀[0m[38;2;150;37;71m[48;2;125;42;68m▀[0m[38;2;0;0;0m▀[0m[38;2;0;0;0m[48;2;23;3;3m▀[0m[38;2;59;13;6m[48;2;44;10;5m▀[0m[38;2;17;3;2m[48;2;14;2;0m▀[0m[38;2;0;0;0m▀[0m  [38;2;45;15;15m[48;2;0;0;0m▀[0m[38;2;74;29;43m[48;2;47;16;24m▀[0m[38;2;226;92;128m[48;2;100;31;46m▀[0m[38;2;72;24;33m[48;2;41;7;3m▀[0m[38;2;56;11;3m[48;2;1;0;0m▀[0m[38;2;15;3;1m[48;2;0;0;0m▀[0m[38;2;0;0;0m[48;2;0;0;0m▀[0m[38;2;31;0;0m▄[0m
                     [38;2;8;2;2m▀[0m[38;2;32;7;3m[48;2;0;0;0m▀[0m[38;2;11;1;0m[48;2;20;4;1m▀[0m[38;2;34;6;1m[48;2;28;6;3m▀[0m[38;2;0;0;0m[48;2;43;10;4m▀[0m[38;2;48;11;4m[48;2;8;2;1m▀[0m[38;2;36;8;3m[48;2;8;2;0m▀[0m[38;2;73;14;33m[48;2;101;23;45m▀[0m[38;2;104;13;41m[48;2;199;75;110m▀[0m[38;2;58;10;24m▄[0m[38;2;0;0;0m[48;2;31;6;1m▀[0m[38;2;0;0;0m[48;2;57;12;6m▀[0m[38;2;32;6;2m[48;2;73;17;11m▀[0m[38;2;50;9;3m[48;2;67;16;11m▀[0m[38;2;89;35;15m[48;2;79;29;13m▀[0m[38;2;70;35;10m[48;2;51;25;7m▀[0m[38;2;52;18;2m[48;2;37;13;1m▀[0m[38;2;82;68;52m[48;2;117;78;44m▀[0m[38;2;115;62;31m[48;2;175;110;48m▀[0m
                       [38;2;0;0;0m▀[0m[38;2;0;0;0m▀[0m[38;2;17;3;2m[48;2;0;0;0m▀[0m[38;2;64;14;7m[48;2;25;5;3m▀[0m[38;2;28;6;1m[48;2;84;18;8m▀[0m[38;2;135;43;64m[48;2;19;4;2m▀[0m[38;2;214;71;107m[48;2;192;65;97m▀[0m[38;2;81;23;41m[48;2;109;49;64m▀[0m[38;2;40;8;1m[48;2;53;9;3m▀[0m[38;2;68;15;8m[48;2;12;2;2m▀[0m[38;2;6;2;1m▀[0m[38;2;5;2;1m▀[0m[38;2;9;0;3m▀[0m[38;2;0;0;0m▀[0m[38;2;0;0;0m▀[0m[38;2;42;0;0m▀[0m 
                      [38;2;0;0;0m▄[0m[38;2;8;4;1m▄[0m[38;2;13;8;2m▄[0m[38;2;0;0;0m[48;2;10;5;1m▀[0m[38;2;16;3;1m[48;2;0;0;0m▀[0m[38;2;58;12;6m[48;2;41;7;4m▀[0m[38;2;30;9;8m[48;2;31;7;5m▀[0m[38;2;177;73;102m[48;2;102;31;53m▀[0m[38;2;19;1;0m[48;2;33;7;2m▀[0m[38;2;54;12;6m[48;2;28;7;3m▀[0m[38;2;8;2;0m[48;2;0;0;0m▀[0m[38;2;0;0;0m▄[0m[38;2;0;0;0m▄[0m[38;2;21;0;0m▄[0m[38;2;115;23;0m▄[0m   
                      [38;2;0;0;0m▀[0m[38;2;68;39;11m[48;2;0;0;0m▀[0m[38;2;181;107;32m[48;2;71;42;12m▀[0m[38;2;165;97;29m[48;2;185;109;33m▀[0m[38;2;44;26;8m[48;2;209;123;37m▀[0m[38;2;49;18;6m[48;2;84;51;15m▀[0m[38;2;69;14;7m[48;2;16;0;1m▀[0m[38;2;16;2;0m[48;2;9;0;0m▀[0m[38;2;82;18;9m[48;2;57;8;6m▀[0m[38;2;21;2;2m[48;2;64;33;10m▀[0m[38;2;33;20;6m[48;2;175;104;31m▀[0m[38;2;43;25;8m[48;2;189;111;34m▀[0m[38;2;70;31;10m[48;2;195;115;35m▀[0m[38;2;112;42;16m[48;2;126;76;23m▀[0m[38;2;57;14;6m[48;2;11;9;1m▀[0m   
                        [38;2;0;0;0m▀[0m[38;2;48;28;8m[48;2;0;0;0m▀[0m[38;2;56;33;10m[48;2;39;23;7m▀[0m[38;2;22;13;4m[48;2;170;101;31m▀[0m[38;2;98;59;18m[48;2;182;107;32m▀[0m[38;2;144;83;25m[48;2;189;111;34m▀[0m[38;2;77;41;13m[48;2;173;102;30m▀[0m[38;2;114;69;21m[48;2;150;87;26m▀[0m[38;2;194;114;35m[48;2;141;83;25m▀[0m[38;2;186;110;33m[48;2;26;11;4m▀[0m[38;2;121;71;21m[48;2;4;4;0m▀[0m[38;2;14;8;2m▀[0m    
                         [38;2;18;10;2m[48;2;21;12;4m▀[0m[38;2;103;61;18m[48;2;190;112;34m▀[0m[38;2;188;111;34m[48;2;180;106;32m▀[0m[38;2;180;106;32m[48;2;180;106;32m▀[0m[38;2;182;107;33m[48;2;180;106;32m▀[0m[38;2;173;98;28m[48;2;183;108;33m▀[0m[38;2;92;51;15m[48;2;165;90;25m▀[0m[38;2;50;25;5m[48;2;196;154;44m▀[0m[38;2;158;103;14m[48;2;177;169;115m▀[0m[38;2;72;0;7m[48;2;34;0;0m▀[0m[38;2;82;6;6m▄[0m    
                        [38;2;0;0;0m[48;2;0;0;0m▀[0m[38;2;30;18;5m[48;2;160;95;29m▀[0m[38;2;183;108;33m[48;2;182;107;32m▀[0m[38;2;180;106;32m[48;2;180;106;32m▀[0m[38;2;180;106;32m[48;2;180;106;32m▀[0m[38;2;180;106;32m[48;2;180;106;32m▀[0m[38;2;179;101;31m[48;2;178;100;31m▀[0m[38;2;195;152;33m[48;2;208;172;36m▀[0m[38;2;228;214;54m[48;2;206;192;87m▀[0m[38;2;145;141;94m[48;2;235;219;161m▀[0m[38;2;84;50;20m[48;2;240;226;167m▀[0m[38;2;116;47;15m[48;2;210;161;93m▀[0m[38;2;74;12;2m[48;2;178;115;53m▀[0m[38;2;72;18;18m[48;2;56;9;8m▀[0m[38;2;85;42;42m[48;2;33;11;11m▀[0m 
                       [38;2;0;0;0m▄[0m[38;2;0;0;0m[48;2;99;58;17m▀[0m[38;2;161;96;29m[48;2;180;106;32m▀[0m[38;2;182;107;32m[48;2;181;106;32m▀[0m[38;2;180;106;32m[48;2;180;106;32m▀[0m[38;2;180;106;32m[48;2;180;106;32m▀[0m[38;2;180;106;32m[48;2;180;106;32m▀[0m[38;2;178;100;31m[48;2;182;106;32m▀[0m[38;2;210;174;37m[48;2;163;102;25m▀[0m[38;2;205;192;90m[48;2;203;182;51m▀[0m[38;2;238;222;167m[48;2;227;210;132m▀[0m[38;2;244;227;168m[48;2;155;144;108m▀[0m[38;2;253;239;179m[48;2;66;61;46m▀[0m[38;2;236;215;157m[48;2;170;120;59m▀[0m[38;2;85;38;10m[48;2;49;29;7m▀[0m[38;2;0;0;0m[48;2;0;0;0m▀[0m 
                      [38;2;0;0;0m▄[0m[38;2;0;0;0m[48;2;46;28;9m▀[0m[38;2;128;75;22m[48;2;150;88;26m▀[0m[38;2;188;111;33m[48;2;184;109;33m▀[0m[38;2;180;106;32m[48;2;180;106;32m▀[0m[38;2;180;106;32m[48;2;180;106;32m▀[0m[38;2;180;106;32m[48;2;180;106;32m▀[0m[38;2;180;106;32m[48;2;180;106;32m▀[0m[38;2;190;112;34m[48;2;189;112;35m▀[0m[38;2;65;35;12m[48;2;94;49;10m▀[0m[38;2;16;13;1m[48;2;0;0;0m▀[0m[38;2;18;17;8m▀[0m[38;2;10;10;8m▀[0m[38;2;0;0;0m▀[0m[38;2;93;13;0m▀[0m[38;2;0;0;0m▀[0m  
                    [38;2;0;0;0m▄[0m[38;2;18;0;0m▄[0m[38;2;0;0;0m[48;2;51;29;9m▀[0m[38;2;86;51;15m[48;2;172;102;30m▀[0m[38;2;194;114;35m[48;2;182;107;33m▀[0m[38;2;180;106;32m[48;2;180;106;32m▀[0m[38;2;180;106;32m[48;2;180;106;32m▀[0m[38;2;180;106;32m[48;2;180;106;32m▀[0m[38;2;180;106;32m[48;2;180;106;32m▀[0m[38;2;182;107;33m[48;2;183;108;33m▀[0m[38;2;165;91;23m[48;2;151;78;15m▀[0m[38;2;187;137;79m[48;2;199;167;115m▀[0m[38;2;146;89;38m[48;2;236;208;146m▀[0m[38;2;177;99;25m▄[0m      
       [38;2;0;0;0m▄[0m[38;2;0;0;0m▄[0m[38;2;31;1;1m▄[0m[38;2;69;7;5m▄[0m[38;2;63;7;5m▄[0m   [38;2;93;8;34m▄[0m[38;2;109;15;41m▄[0m[38;2;75;9;13m▄[0m[38;2;49;0;4m[48;2;124;58;19m▀[0m[38;2;45;0;0m[48;2;128;60;20m▀[0m[38;2;93;32;12m[48;2;164;92;28m▀[0m[38;2;110;45;16m[48;2;187;112;34m▀[0m[38;2;180;106;32m[48;2;182;107;33m▀[0m[38;2;174;101;30m[48;2;167;96;28m▀[0m[38;2;176;103;31m[48;2;152;82;23m▀[0m[38;2;181;107;32m[48;2;179;105;32m▀[0m[38;2;180;106;32m[48;2;181;107;32m▀[0m[38;2;180;106;32m[48;2;180;106;32m▀[0m[38;2;180;106;32m[48;2;181;107;32m▀[0m[38;2;183;107;32m[48;2;173;97;27m▀[0m[38;2;164;96;26m[48;2;171;123;47m▀[0m[38;2;204;176;119m[48;2;228;215;145m▀[0m[38;2;247;228;168m[48;2;241;225;170m▀[0m[38;2;195;140;68m[48;2;237;224;161m▀[0m[38;2;171;121;34m[48;2;232;199;122m▀[0m[38;2;205;110;26m[48;2;134;89;41m▀[0m[38;2;255;153;51m[48;2;88;55;22m▀[0m   
  [38;2;0;0;0m▄[0m[38;2;0;0;0m[48;2;7;0;0m▀[0m[38;2;0;0;0m[48;2;70;41;12m▀[0m[38;2;1;1;0m[48;2;175;103;31m▀[0m[38;2;1;1;0m[48;2;169;100;30m▀[0m[38;2;125;74;22m[48;2;185;109;33m▀[0m[38;2;136;80;24m[48;2;172;97;30m▀[0m[38;2;147;81;25m[48;2;186;111;33m▀[0m[38;2;161;86;27m[48;2;184;110;33m▀[0m[38;2;138;68;22m[48;2;182;107;32m▀[0m[38;2;37;5;2m[48;2;172;100;30m▀[0m[38;2;1;1;0m[48;2;167;99;28m▀[0m[38;2;97;17;42m[48;2;199;76;83m▀[0m[38;2;156;49;82m[48;2;241;111;141m▀[0m[38;2;228;97;141m[48;2;217;113;90m▀[0m[38;2;173;86;51m[48;2;183;109;31m▀[0m[38;2;184;111;31m[48;2;245;107;142m▀[0m[38;2;186;112;33m[48;2;232;113;120m▀[0m[38;2;182;108;31m[48;2;183;106;36m▀[0m[38;2;180;106;32m[48;2;179;106;31m▀[0m[38;2;180;106;32m[48;2;180;106;32m▀[0m[38;2;182;108;33m[48;2;180;106;32m▀[0m[38;2;170;98;29m[48;2;181;107;32m▀[0m[38;2;149;81;22m[48;2;176;103;31m▀[0m[38;2;180;106;32m[48;2;180;106;32m▀[0m[38;2;180;106;32m[48;2;181;107;32m▀[0m[38;2;181;107;32m[48;2;182;108;32m▀[0m[38;2;167;92;25m[48;2;168;93;25m▀[0m[38;2;154;108;43m[48;2;156;110;45m▀[0m[38;2;207;193;105m[48;2;200;186;93m▀[0m[38;2;234;218;156m[48;2;202;184;94m▀[0m[38;2;250;231;171m[48;2;185;121;48m▀[0m[38;2;161;150;113m[48;2;135;77;23m▀[0m[38;2;23;30;27m▀[0m[38;2;0;0;0m▀[0m   
[38;2;0;0;0m▄[0m[38;2;0;0;0m[48;2;58;34;11m▀[0m[38;2;51;30;8m[48;2;172;102;31m▀[0m[38;2;120;57;19m[48;2;191;114;34m▀[0m[38;2;185;109;33m[48;2;181;107;32m▀[0m[38;2;181;107;32m[48;2;180;106;32m▀[0m[38;2;182;107;32m[48;2;180;106;32m▀[0m[38;2;138;68;22m[48;2;54;23;8m▀[0m[38;2;135;68;22m[48;2;187;112;34m▀[0m[38;2;184;109;33m[48;2;180;106;32m▀[0m[38;2;180;106;32m[48;2;180;106;32m▀[0m[38;2;180;106;32m[48;2;180;106;32m▀[0m[38;2;181;107;32m[48;2;180;106;32m▀[0m[38;2;182;107;32m[48;2;180;106;32m▀[0m[38;2;180;107;31m[48;2;180;106;32m▀[0m[38;2;179;106;29m[48;2;180;106;32m▀[0m[38;2;179;106;30m[48;2;180;106;32m▀[0m[38;2;179;105;31m[48;2;180;106;32m▀[0m[38;2;199;86;76m[48;2;178;108;28m▀[0m[38;2;227;113;116m[48;2;176;105;25m▀[0m[38;2;199;108;62m[48;2;178;106;29m▀[0m[38;2;177;106;28m[48;2;180;106;32m▀[0m[38;2;180;106;32m[48;2;180;106;32m▀[0m[38;2;180;106;32m[48;2;180;106;32m▀[0m[38;2;180;106;32m[48;2;180;106;32m▀[0m[38;2;180;106;32m[48;2;180;106;32m▀[0m[38;2;181;107;32m[48;2;183;108;33m▀[0m[38;2;169;97;28m[48;2;149;80;21m▀[0m[38;2;176;103;31m[48;2;166;93;27m▀[0m[38;2;167;91;25m[48;2;185;117;32m▀[0m[38;2;155;108;46m[48;2;174;133;33m▀[0m[38;2;203;191;97m[48;2;184;156;77m▀[0m[38;2;182;149;69m[48;2;138;82;27m▀[0m[38;2;179;164;82m[48;2;80;73;36m▀[0m[38;2;58;52;26m[48;2;58;53;27m▀[0m[38;2;0;0;0m[48;2;0;0;0m▀[0m    
[38;2;31;18;5m[48;2;1;0;0m▀[0m[38;2;160;94;28m[48;2;2;1;0m▀[0m[38;2;170;101;30m[48;2;13;3;1m▀[0m[38;2;157;90;27m[48;2;21;11;4m▀[0m[38;2;121;56;19m[48;2;177;100;30m▀[0m[38;2;197;118;36m[48;2;139;76;22m▀[0m[38;2;64;39;11m[48;2;57;32;9m▀[0m[38;2;139;83;25m[48;2;172;102;31m▀[0m[38;2;182;107;32m[48;2;183;108;33m▀[0m[38;2;180;106;32m[48;2;180;106;32m▀[0m[38;2;180;106;32m[48;2;180;106;32m▀[0m[38;2;180;106;32m[48;2;180;106;32m▀[0m[38;2;180;106;32m[48;2;180;106;32m▀[0m[38;2;180;106;32m[48;2;180;106;32m▀[0m[38;2;180;106;32m[48;2;180;106;32m▀[0m[38;2;180;106;32m[48;2;180;106;32m▀[0m[38;2;180;106;32m[48;2;180;106;32m▀[0m[38;2;180;106;32m[48;2;178;102;32m▀[0m[38;2;180;106;32m[48;2;178;101;32m▀[0m[38;2;180;106;32m[48;2;180;106;32m▀[0m[38;2;180;106;32m[48;2;180;106;32m▀[0m[38;2;180;106;32m[48;2;180;106;32m▀[0m[38;2;180;106;32m[48;2;180;106;32m▀[0m[38;2;180;106;32m[48;2;180;106;32m▀[0m[38;2;180;106;32m[48;2;180;106;32m▀[0m[38;2;180;106;32m[48;2;180;106;32m▀[0m[38;2;180;106;32m[48;2;180;106;32m▀[0m[38;2;176;103;31m[48;2;182;107;33m▀[0m[38;2;174;99;30m[48;2;148;81;20m▀[0m[38;2;197;140;38m[48;2;210;191;47m▀[0m[38;2;184;149;30m[48;2;95;87;46m▀[0m[38;2;158;122;58m[48;2;0;0;0m▀[0m[38;2;49;41;19m[48;2;0;0;0m▀[0m[38;2;0;0;0m▀[0m[38;2;0;0;0m▀[0m     
 [38;2;0;0;0m[48;2;0;0;0m▀[0m[38;2;51;11;5m[48;2;49;11;5m▀[0m[38;2;16;7;2m[48;2;55;7;4m▀[0m[38;2;105;69;28m[48;2;101;67;34m▀[0m[38;2;56;44;24m[48;2;104;101;51m▀[0m[38;2;92;43;9m[48;2;86;38;8m▀[0m[38;2;157;85;23m[48;2;130;62;15m▀[0m[38;2;164;93;27m[48;2;147;78;21m▀[0m[38;2;182;107;33m[48;2;183;108;33m▀[0m[38;2;180;106;32m[48;2;180;106;32m▀[0m[38;2;180;106;32m[48;2;181;107;32m▀[0m[38;2;180;106;32m[48;2;180;106;32m▀[0m[38;2;180;106;32m[48;2;180;106;32m▀[0m[38;2;184;109;33m[48;2;116;50;18m▀[0m[38;2;179;105;32m[48;2;189;129;33m▀[0m[38;2;177;99;32m[48;2;212;182;36m▀[0m[38;2;197;146;34m[48;2;207;189;70m▀[0m[38;2;200;151;34m[48;2;207;191;75m▀[0m[38;2;177;100;32m[48;2;213;184;38m▀[0m[38;2;179;104;32m[48;2;192;135;31m▀[0m[38;2;180;106;32m[48;2;179;104;31m▀[0m[38;2;180;106;32m[48;2;178;105;32m▀[0m[38;2;180;106;32m[48;2;180;106;32m▀[0m[38;2;180;106;32m[48;2;180;106;32m▀[0m[38;2;180;106;32m[48;2;180;106;32m▀[0m[38;2;180;106;32m[48;2;180;106;32m▀[0m[38;2;183;108;33m[48;2;184;110;33m▀[0m[38;2;128;64;18m[48;2;96;35;13m▀[0m[38;2;179;164;32m[48;2;49;45;9m▀[0m[38;2;0;0;0m[48;2;0;0;0m▀[0m         
 [38;2;0;0;0m[48;2;0;0;0m▀[0m[38;2;49;11;5m[48;2;52;12;5m▀[0m[38;2;78;15;8m[48;2;78;17;8m▀[0m[38;2;87;24;8m[48;2;71;14;8m▀[0m[38;2;162;118;50m[48;2;93;30;10m▀[0m[38;2;52;47;22m[48;2;53;18;6m▀[0m[38;2;121;58;13m[48;2;80;39;10m▀[0m[38;2;133;67;16m[48;2;133;66;16m▀[0m[38;2;134;67;17m[48;2;131;65;16m▀[0m[38;2;135;69;18m[48;2;130;64;16m▀[0m[38;2;173;100;30m[48;2;136;69;18m▀[0m[38;2;183;108;33m[48;2;164;92;27m▀[0m[38;2;187;110;33m[48;2;123;70;19m▀[0m[38;2;34;21;0m[48;2;116;105;71m▀[0m[38;2;211;193;62m[48;2;235;218;146m▀[0m[38;2;205;191;100m[48;2;253;237;178m▀[0m[38;2;228;212;146m[48;2;253;237;176m▀[0m[38;2;238;223;169m[48;2;240;219;162m▀[0m[38;2;244;232;129m[48;2;158;134;100m▀[0m[38;2;237;218;65m[48;2;141;135;104m▀[0m[38;2;209;191;52m[48;2;108;103;59m▀[0m[38;2;53;32;9m[48;2;45;26;8m▀[0m[38;2;187;110;33m[48;2;193;114;34m▀[0m[38;2;180;106;32m[48;2;179;106;32m▀[0m[38;2;180;106;32m[48;2;180;106;32m▀[0m[38;2;180;106;32m[48;2;182;108;32m▀[0m[38;2;187;113;34m[48;2;160;89;27m▀[0m[38;2;100;36;14m[48;2;91;31;11m▀[0m[38;2;0;0;0m[48;2;0;0;0m▀[0m          
 [38;2;0;0;0m▀[0m[38;2;23;5;2m[48;2;0;0;0m▀[0m[38;2;69;15;7m[48;2;63;14;7m▀[0m[38;2;75;16;8m[48;2;75;16;8m▀[0m[38;2;74;15;8m[48;2;79;17;8m▀[0m[38;2;38;7;4m[48;2;17;3;2m▀[0m[38;2;14;7;2m[48;2;6;3;0m▀[0m[38;2;136;68;16m[48;2;59;29;7m▀[0m[38;2;131;65;16m[48;2;137;68;17m▀[0m[38;2;131;65;16m[48;2;131;65;16m▀[0m[38;2;130;64;16m[48;2;137;68;17m▀[0m[38;2;137;66;16m[48;2;82;40;10m▀[0m[38;2;33;15;2m[48;2;14;7;2m▀[0m[38;2;83;79;60m[48;2;0;0;0m▀[0m[38;2;88;82;63m[48;2;0;0;0m▀[0m[38;2;85;79;58m[48;2;0;0;0m▀[0m[38;2;87;81;60m[48;2;0;0;0m▀[0m[38;2;82;67;49m[48;2;53;5;1m▀[0m[38;2;52;0;0m[48;2;77;17;8m▀[0m[38;2;34;0;0m[48;2;81;17;9m▀[0m[38;2;36;0;0m[48;2;25;5;2m▀[0m[38;2;15;9;3m[48;2;0;0;0m▀[0m[38;2;122;72;22m[48;2;75;44;13m▀[0m[38;2;187;110;33m[48;2;185;109;33m▀[0m[38;2;180;106;32m[48;2;181;107;32m▀[0m[38;2;187;112;33m[48;2;183;108;32m▀[0m[38;2;122;55;18m[48;2;121;54;18m▀[0m[38;2;27;0;0m[48;2;45;0;0m▀[0m           
 [38;2;0;0;0m[48;2;0;0;0m▀[0m[38;2;18;3;1m[48;2;50;11;5m▀[0m[38;2;68;15;7m[48;2;79;17;9m▀[0m[38;2;77;17;8m[48;2;65;14;7m▀[0m[38;2;67;15;7m[48;2;20;4;2m▀[0m[38;2;18;3;1m[48;2;0;0;0m▀[0m[38;2;0;0;0m[48;2;18;9;1m▀[0m[38;2;40;20;5m[48;2;93;46;11m▀[0m[38;2;139;69;17m[48;2;134;67;16m▀[0m[38;2;131;65;16m[48;2;134;66;16m▀[0m[38;2;140;70;17m[48;2;123;62;15m▀[0m[38;2;76;37;9m[48;2;43;21;5m▀[0m[38;2;0;0;0m[48;2;0;0;0m▀[0m  [38;2;0;0;0m▄[0m[38;2;0;0;0m[48;2;33;6;3m▀[0m[38;2;71;15;8m[48;2;75;16;9m▀[0m[38;2;78;17;9m[48;2;62;13;7m▀[0m[38;2;64;13;7m[48;2;16;2;1m▀[0m[38;2;9;2;1m[48;2;0;0;0m▀[0m [38;2;0;0;0m[48;2;0;0;0m▀[0m[38;2;128;75;23m[48;2;107;59;16m▀[0m[38;2;193;115;34m[48;2;183;105;32m▀[0m[38;2;156;82;26m[48;2;116;50;16m▀[0m[38;2;59;4;4m[48;2;61;4;4m▀[0m            
[38;2;0;0;0m[48;2;0;0;0m▀[0m[38;2;28;6;2m[48;2;28;6;3m▀[0m[38;2;72;16;7m[48;2;75;16;8m▀[0m[38;2;78;17;8m[48;2;69;15;7m▀[0m[38;2;51;12;6m[48;2;4;1;0m▀[0m[38;2;0;0;0m[48;2;0;0;0m▀[0m[38;2;0;0;0m▄[0m[38;2;22;10;2m[48;2;117;58;14m▀[0m[38;2;139;69;17m[48;2;132;66;16m▀[0m[38;2;131;65;16m[48;2;137;67;17m▀[0m[38;2;130;65;16m[48;2;107;53;13m▀[0m[38;2;28;14;3m[48;2;0;0;0m▀[0m[38;2;0;0;0m▀[0m   [38;2;0;0;0m[48;2;0;0;0m▀[0m[38;2;58;12;6m[48;2;3;0;0m▀[0m[38;2;80;17;9m[48;2;69;9;5m▀[0m[38;2;44;10;5m[48;2;46;10;5m▀[0m[38;2;0;0;0m[48;2;0;0;0m▀[0m [38;2;0;0;0m[48;2;0;0;0m▀[0m[38;2;53;26;5m[48;2;66;33;8m▀[0m[38;2;126;63;15m[48;2;143;72;18m▀[0m[38;2;137;67;18m[48;2;126;59;14m▀[0m[38;2;64;9;6m[48;2;71;14;7m▀[0m             
 [38;2;0;0;0m[48;2;0;0;0m▀[0m[38;2;45;5;2m[48;2;105;85;42m▀[0m[38;2;70;13;7m[48;2;83;31;16m▀[0m[38;2;0;0;0m[48;2;0;0;0m▀[0m [38;2;0;0;0m[48;2;0;0;0m▀[0m[38;2;128;64;16m[48;2;56;27;6m▀[0m[38;2;135;67;16m[48;2;140;67;15m▀[0m[38;2;101;50;12m[48;2;47;23;5m▀[0m[38;2;17;7;1m[48;2;0;0;0m▀[0m      [38;2;2;3;1m[48;2;3;5;2m▀[0m[38;2;113;67;34m[48;2;190;174;87m▀[0m[38;2;39;2;1m[48;2;117;81;40m▀[0m[38;2;0;0;0m[48;2;36;0;0m▀[0m [38;2;0;0;0m▀[0m[38;2;46;23;5m[48;2;0;0;0m▀[0m[38;2;116;54;9m[48;2;140;118;80m▀[0m[38;2;129;60;14m[48;2;142;75;28m▀[0m[38;2;71;14;7m[48;2;70;11;5m▀[0m             
 [38;2;0;0;0m[48;2;0;0;0m▀[0m[38;2;135;126;63m[48;2;131;121;60m▀[0m[38;2;187;160;80m[48;2;201;177;89m▀[0m[38;2;63;13;5m[48;2;74;15;6m▀[0m [38;2;0;0;0m▄[0m[38;2;34;35;29m[48;2;39;36;28m▀[0m[38;2;205;165;105m[48;2;240;227;158m▀[0m[38;2;58;26;3m[48;2;163;112;47m▀[0m[38;2;11;5;0m[48;2;87;0;0m▀[0m      [38;2;2;2;1m[48;2;0;1;1m▀[0m[38;2;193;180;90m[48;2;192;178;89m▀[0m[38;2;161;125;63m[48;2;153;116;58m▀[0m[38;2;57;0;0m[48;2;43;0;0m▀[0m  [38;2;0;0;0m[48;2;0;0;0m▀[0m[38;2;172;164;122m[48;2;169;158;117m▀[0m[38;2;198;168;94m[48;2;242;218;157m▀[0m[38;2;76;16;4m[48;2;127;61;11m▀[0m             
 [38;2;0;0;0m[48;2;0;0;0m▀[0m[38;2;131;121;60m[48;2;129;119;59m▀[0m[38;2;199;175;88m[48;2;200;176;88m▀[0m[38;2;73;15;6m[48;2;76;19;9m▀[0m[38;2;85;0;0m▄[0m[38;2;0;0;0m▀[0m[38;2;37;34;25m[48;2;24;21;15m▀[0m[38;2;254;239;178m[48;2;121;112;83m▀[0m[38;2;214;184;128m[48;2;255;243;181m▀[0m[38;2;144;84;38m[48;2;152;96;44m▀[0m[38;2;0;0;0m[48;2;0;0;0m▀[0m    [38;2;0;0;0m▄[0m[38;2;38;5;2m[48;2;142;118;58m▀[0m[38;2;193;176;89m[48;2;195;140;57m▀[0m[38;2;183;158;79m[48;2;206;193;97m▀[0m[38;2;107;59;30m[48;2;126;81;41m▀[0m[38;2;33;0;0m[48;2;35;0;0m▀[0m[38;2;0;0;0m▄[0m[38;2;0;0;0m[48;2;45;4;4m▀[0m[38;2;168;158;117m[48;2;190;164;122m▀[0m[38;2;241;215;154m[48;2;248;233;173m▀[0m[38;2;122;55;5m[48;2;200;160;103m▀[0m[38;2;117;45;0m▄[0m            
[38;2;0;0;0m[48;2;0;0;0m▀[0m[38;2;29;27;13m[48;2;91;85;43m▀[0m[38;2;146;136;68m[48;2;217;179;83m▀[0m[38;2;210;193;97m[48;2;193;172;84m▀[0m[38;2;171;137;69m[48;2;110;90;46m▀[0m[38;2;60;0;0m[48;2;65;0;0m▀[0m [38;2;0;0;0m[48;2;0;0;0m▀[0m[38;2;81;75;56m[48;2;78;72;53m▀[0m[38;2;255;241;178m[48;2;254;238;177m▀[0m[38;2;146;88;37m[48;2;188;148;94m▀[0m[38;2;130;66;20m▄[0m    [38;2;0;0;0m▀[0m[38;2;123;112;56m[48;2;0;0;0m▀[0m[38;2;166;117;45m[48;2;21;20;10m▀[0m[38;2;162;129;65m[48;2;126;78;39m▀[0m[38;2;67;8;2m[48;2;35;3;1m▀[0m[38;2;0;0;0m▄[0m[38;2;0;0;0m[48;2;0;0;0m▀[0m[38;2;115;107;79m[48;2;82;80;60m▀[0m[38;2;251;224;157m[48;2;146;92;47m▀[0m[38;2;240;222;163m[48;2;208;182;128m▀[0m[38;2;208;163;102m[48;2;85;39;5m▀[0m[38;2;121;51;4m[48;2;129;66;15m▀[0m            
[38;2;0;0;0m▀[0m[38;2;45;44;22m[48;2;0;0;0m▀[0m[38;2;64;44;17m[48;2;37;4;2m▀[0m[38;2;162;145;71m[48;2;91;32;16m▀[0m[38;2;0;0;0m[48;2;50;11;6m▀[0m[38;2;0;0;0m[48;2;0;0;0m▀[0m [38;2;35;32;23m[48;2;34;35;27m▀[0m[38;2;195;183;135m[48;2;206;172;112m▀[0m[38;2;244;228;169m[48;2;214;182;119m▀[0m[38;2;245;227;167m[48;2;154;112;64m▀[0m[38;2;135;69;20m[48;2;161;80;26m▀[0m      [38;2;11;1;0m[48;2;4;0;0m▀[0m[38;2;77;11;6m[48;2;10;2;1m▀[0m[38;2;29;6;3m[48;2;3;1;0m▀[0m[38;2;0;0;0m[48;2;0;0;0m▀[0m [38;2;0;0;0m▀[0m[38;2;11;0;0m[48;2;0;0;0m▀[0m[38;2;200;180;133m[48;2;88;34;22m▀[0m[38;2;39;4;3m[48;2;57;12;6m▀[0m[38;2;0;0;0m▄[0m            
 [38;2;0;0;0m▀[0m[38;2;36;8;4m[48;2;0;0;0m▀[0m[38;2;54;10;5m[48;2;0;0;0m▀[0m[38;2;37;8;4m[48;2;0;0;0m▀[0m[38;2;0;0;0m[48;2;0;0;0m▀[0m [38;2;0;0;0m[48;2;0;0;0m▀[0m[38;2;5;0;0m[48;2;29;7;3m▀[0m[38;2;126;100;73m[48;2;78;11;3m▀[0m[38;2;58;39;27m[48;2;74;14;7m▀[0m[38;2;0;0;0m[48;2;2;0;0m▀[0m            [38;2;0;0;0m▀[0m[38;2;46;8;4m[48;2;0;0;0m▀[0m[38;2;35;8;4m[48;2;0;0;0m▀[0m[38;2;0;0;0m[48;2;0;0;0m▀[0m            
       [38;2;0;0;0m▀[0m[38;2;12;2;2m▀[0m[38;2;17;4;2m▀[0m[38;2;15;3;2m▀[0m[38;2;0;0;0m▀[0m                            
[0m