                    [38;2;157;83;122m▄[0m[38;2;25;102;148m[48;2;236;122;172m▀[0m[38;2;25;102;148m[48;2;236;122;172m▀[0m[38;2;25;102;148m[48;2;236;122;172m▀[0m[38;2;25;102;148m▄[0m[38;2;25;102;148m▄[0m              
                    [38;2;157;83;122m[48;2;157;83;122m▀[0m[38;2;236;122;172m[48;2;236;122;172m▀[0m[38;2;236;122;172m[48;2;236;122;172m▀[0m[38;2;236;122;172m[48;2;236;122;172m▀[0m[38;2;236;122;172m[48;2;236;122;172m▀[0m[38;2;26;202;210m[48;2;236;122;172m▀[0m[38;2;25;102;148m[48;2;26;202;210m▀[0m[38;2;25;102;148m▄[0m            
                    [38;2;157;83;122m▀[0m[38;2;236;122;172m[48;2;157;83;122m▀[0m[38;2;236;122;172m[48;2;236;122;172m▀[0m[38;2;236;122;172m[48;2;236;122;172m▀[0m[38;2;236;122;172m[48;2;236;122;172m▀[0m[38;2;236;122;172m[48;2;236;122;172m▀[0m[38;2;26;202;210m[48;2;236;122;172m▀[0m[38;2;26;202;210m[48;2;26;202;210m▀[0m[38;2;25;102;148m[48;2;25;102;148m▀[0m           
                     [38;2;157;83;122m▀[0m[38;2;236;122;172m[48;2;157;83;122m▀[0m[38;2;236;122;172m[48;2;236;122;172m▀[0m[38;2;236;122;172m[48;2;236;122;172m▀[0m[38;2;236;122;172m[48;2;236;122;172m▀[0m[38;2;236;122;172m[48;2;236;122;172m▀[0m[38;2;26;202;210m[48;2;26;202;210m▀[0m[38;2;26;202;210m[48;2;26;202;210m▀[0m[38;2;25;102;148m[48;2;25;102;148m▀[0m          
                     [38;2;157;83;122m▄[0m[38;2;157;83;122m[48;2;236;122;172m▀[0m[38;2;157;83;122m[48;2;236;122;172m▀[0m[38;2;236;122;172m[48;2;236;122;172m▀[0m[38;2;236;122;172m[48;2;236;122;172m▀[0m[38;2;236;122;172m[48;2;236;122;172m▀[0m[38;2;236;122;172m[48;2;236;122;172m▀[0m[38;2;26;202;210m[48;2;26;202;210m▀[0m[38;2;25;102;148m[48;2;26;202;210m▀[0m[38;2;25;102;148m▄[0m         
                     [38;2;157;83;122m[48;2;157;83;122m▀[0m[38;2;236;122;172m[48;2;236;122;172m▀[0m[38;2;236;122;172m[48;2;236;122;172m▀[0m[38;2;236;122;172m[48;2;236;122;172m▀[0m[38;2;236;122;172m[48;2;236;122;172m▀[0m[38;2;236;122;172m[48;2;236;122;172m▀[0m[38;2;236;122;172m[48;2;236;122;172m▀[0m[38;2;26;202;210m[48;2;26;202;210m▀[0m[38;2;26;202;210m[48;2;26;202;210m▀[0m[38;2;25;102;148m[48;2;25;102;148m▀[0m         
                      [38;2;157;83;122m▀[0m[38;2;236;122;172m[48;2;157;83;122m▀[0m[38;2;236;122;172m[48;2;157;83;122m▀[0m[38;2;236;122;172m[48;2;236;122;172m▀[0m[38;2;236;122;172m[48;2;236;122;172m▀[0m[38;2;236;122;172m[48;2;236;122;172m▀[0m[38;2;26;202;210m[48;2;26;202;210m▀[0m[38;2;26;202;210m[48;2;26;202;210m▀[0m[38;2;25;102;148m[48;2;25;102;148m▀[0m         
                    [38;2;75;98;139m▄[0m[38;2;75;98;139m▄[0m[38;2;75;98;139m[48;2;100;152;171m▀[0m[38;2;75;98;139m[48;2;100;152;171m▀[0m[38;2;75;98;139m[48;2;100;152;171m▀[0m[38;2;75;98;139m[48;2;100;152;171m▀[0m[38;2;75;98;139m[48;2;100;152;171m▀[0m[38;2;75;98;139m[48;2;136;191;199m▀[0m[38;2;75;98;139m[48;2;190;220;225m▀[0m[38;2;75;98;139m[48;2;190;220;225m▀[0m[38;2;75;98;139m[48;2;190;220;225m▀[0m[38;2;100;152;171m▄[0m[38;2;100;152;171m▄[0m       
                  [38;2;16;16;16m▄[0m[38;2;75;98;139m[48;2;100;152;171m▀[0m[38;2;100;152;171m[48;2;100;152;171m▀[0m[38;2;100;152;171m[48;2;100;152;171m▀[0m[38;2;100;152;171m[48;2;100;152;171m▀[0m[38;2;100;152;171m[48;2;100;152;171m▀[0m[38;2;100;152;171m[48;2;100;152;171m▀[0m[38;2;100;152;171m[48;2;100;152;171m▀[0m[38;2;100;152;171m[48;2;100;152;171m▀[0m[38;2;100;152;171m[48;2;100;152;171m▀[0m[38;2;100;152;171m[48;2;100;152;171m▀[0m[38;2;100;152;171m[48;2;100;152;171m▀[0m[38;2;136;191;199m[48;2;100;152;171m▀[0m[38;2;190;220;225m[48;2;100;152;171m▀[0m[38;2;190;220;225m[48;2;136;191;199m▀[0m[38;2;100;152;171m[48;2;190;220;225m▀[0m[38;2;100;152;171m▄[0m     
                 [38;2;16;16;16m[48;2;16;16;16m▀[0m[38;2;100;152;171m[48;2;100;152;171m▀[0m[38;2;100;152;171m[48;2;100;152;171m▀[0m[38;2;100;152;171m[48;2;100;152;171m▀[0m[38;2;100;152;171m[48;2;100;152;171m▀[0m[38;2;100;152;171m[48;2;100;152;171m▀[0m[38;2;100;152;171m[48;2;100;152;171m▀[0m[38;2;100;152;171m[48;2;100;152;171m▀[0m[38;2;100;152;171m[48;2;100;152;171m▀[0m[38;2;100;152;171m[48;2;100;152;171m▀[0m[38;2;100;152;171m[48;2;100;152;171m▀[0m[38;2;100;152;171m[48;2;100;152;171m▀[0m[38;2;100;152;171m[48;2;100;152;171m▀[0m[38;2;100;152;171m[48;2;100;152;171m▀[0m[38;2;100;152;171m[48;2;100;152;171m▀[0m[38;2;100;152;171m[48;2;100;152;171m▀[0m[38;2;136;191;199m[48;2;100;152;171m▀[0m[38;2;190;220;225m[48;2;136;191;199m▀[0m[38;2;100;152;171m[48;2;190;220;225m▀[0m[38;2;100;152;171m▄[0m   
        [38;2;75;98;139m▄[0m[38;2;75;98;139m▄[0m[38;2;75;98;139m▄[0m[38;2;75;98;139m▄[0m[38;2;75;98;139m▄[0m[38;2;75;98;139m▄[0m[38;2;75;98;139m▄[0m [38;2;16;16;16m[48;2;16;16;16m▀[0m[38;2;100;152;171m[48;2;100;152;171m▀[0m[38;2;100;152;171m[48;2;100;152;171m▀[0m[38;2;100;152;171m[48;2;100;152;171m▀[0m[38;2;100;152;171m[48;2;100;152;171m▀[0m[38;2;100;152;171m[48;2;100;152;171m▀[0m[38;2;100;152;171m[48;2;100;152;171m▀[0m[38;2;100;152;171m[48;2;100;152;171m▀[0m[38;2;100;152;171m[48;2;100;152;171m▀[0m[38;2;100;152;171m[48;2;100;152;171m▀[0m[38;2;100;152;171m[48;2;100;152;171m▀[0m[38;2;100;152;171m[48;2;100;152;171m▀[0m[38;2;100;152;171m[48;2;100;152;171m▀[0m[38;2;100;152;171m[48;2;100;152;171m▀[0m[38;2;100;152;171m[48;2;100;152;171m▀[0m[38;2;100;152;171m[48;2;100;152;171m▀[0m[38;2;100;152;171m[48;2;100;152;171m▀[0m[38;2;100;152;171m[48;2;100;152;171m▀[0m[38;2;100;152;171m[48;2;100;152;171m▀[0m[38;2;190;220;225m[48;2;136;191;199m▀[0m[38;2;100;152;171m[48;2;190;220;225m▀[0m[38;2;75;98;139m▄[0m  
     [38;2;75;98;139m▄[0m[38;2;75;98;139m[48;2;136;191;199m▀[0m[38;2;75;98;139m[48;2;136;191;199m▀[0m[38;2;136;191;199m[48;2;136;191;199m▀[0m[38;2;136;191;199m[48;2;136;191;199m▀[0m[38;2;136;191;199m[48;2;136;191;199m▀[0m[38;2;136;191;199m[48;2;136;191;199m▀[0m[38;2;136;191;199m[48;2;136;191;199m▀[0m[38;2;136;191;199m[48;2;136;191;199m▀[0m[38;2;136;191;199m[48;2;136;191;199m▀[0m[38;2;75;98;139m[48;2;136;191;199m▀[0m[38;2;75;98;139m[48;2;136;191;199m▀[0m[38;2;100;152;171m[48;2;75;98;139m▀[0m[38;2;100;152;171m[48;2;100;152;171m▀[0m[38;2;100;152;171m[48;2;100;152;171m▀[0m[38;2;100;152;171m[48;2;100;152;171m▀[0m[38;2;100;152;171m[48;2;100;152;171m▀[0m[38;2;100;152;171m[48;2;100;152;171m▀[0m[38;2;100;152;171m[48;2;100;152;171m▀[0m[38;2;100;152;171m[48;2;100;152;171m▀[0m[38;2;100;152;171m[48;2;100;152;171m▀[0m[38;2;100;152;171m[48;2;100;152;171m▀[0m[38;2;100;152;171m[48;2;100;152;171m▀[0m[38;2;100;152;171m[48;2;100;152;171m▀[0m[38;2;100;152;171m[48;2;100;152;171m▀[0m[38;2;100;152;171m[48;2;100;152;171m▀[0m[38;2;100;152;171m[48;2;100;152;171m▀[0m[38;2;100;152;171m[48;2;100;152;171m▀[0m[38;2;100;152;171m[48;2;100;152;171m▀[0m[38;2;100;152;171m[48;2;100;152;171m▀[0m[38;2;100;152;171m[48;2;100;152;171m▀[0m[38;2;190;220;225m[48;2;136;191;199m▀[0m[38;2;75;98;139m[48;2;75;98;139m▀[0m  
   [38;2;75;98;139m▄[0m[38;2;75;98;139m[48;2;136;191;199m▀[0m[38;2;136;191;199m[48;2;136;191;199m▀[0m[38;2;136;191;199m[48;2;136;191;199m▀[0m[38;2;136;191;199m[48;2;136;191;199m▀[0m[38;2;136;191;199m[48;2;136;191;199m▀[0m[38;2;136;191;199m[48;2;100;152;171m▀[0m[38;2;136;191;199m[48;2;100;152;171m▀[0m[38;2;100;152;171m[48;2;100;152;171m▀[0m[38;2;100;152;171m[48;2;100;152;171m▀[0m[38;2;100;152;171m[48;2;100;152;171m▀[0m[38;2;100;152;171m[48;2;100;152;171m▀[0m[38;2;100;152;171m[48;2;100;152;171m▀[0m[38;2;100;152;171m[48;2;100;152;171m▀[0m[38;2;136;191;199m[48;2;100;152;171m▀[0m[38;2;75;98;139m[48;2;100;152;171m▀[0m[38;2;100;152;171m[48;2;16;16;16m▀[0m[38;2;100;152;171m[48;2;100;152;171m▀[0m[38;2;100;152;171m[48;2;100;152;171m▀[0m[38;2;100;152;171m[48;2;100;152;171m▀[0m[38;2;100;152;171m[48;2;100;152;171m▀[0m[38;2;100;152;171m[48;2;100;152;171m▀[0m[38;2;100;152;171m[48;2;100;152;171m▀[0m[38;2;100;152;171m[48;2;100;152;171m▀[0m[38;2;100;152;171m[48;2;100;152;171m▀[0m[38;2;100;152;171m[48;2;100;152;171m▀[0m[38;2;100;152;171m[48;2;100;152;171m▀[0m[38;2;100;152;171m[48;2;100;152;171m▀[0m[38;2;100;152;171m[48;2;100;152;171m▀[0m[38;2;100;152;171m[48;2;100;152;171m▀[0m[38;2;100;152;171m[48;2;100;152;171m▀[0m[38;2;100;152;171m[48;2;100;152;171m▀[0m[38;2;100;152;171m[48;2;100;152;171m▀[0m[38;2;100;152;171m[48;2;100;152;171m▀[0m[38;2;16;16;16m[48;2;16;16;16m▀[0m  
  [38;2;16;16;16m[48;2;16;16;16m▀[0m[38;2;100;152;171m[48;2;100;152;171m▀[0m[38;2;136;191;199m[48;2;100;152;171m▀[0m[38;2;136;191;199m[48;2;100;152;171m▀[0m[38;2;136;191;199m[48;2;100;152;171m▀[0m[38;2;100;152;171m[48;2;100;152;171m▀[0m[38;2;100;152;171m[48;2;100;152;171m▀[0m[38;2;100;152;171m[48;2;100;152;171m▀[0m[38;2;100;152;171m[48;2;100;152;171m▀[0m[38;2;100;152;171m[48;2;100;152;171m▀[0m[38;2;100;152;171m[48;2;100;152;171m▀[0m[38;2;100;152;171m[48;2;100;152;171m▀[0m[38;2;100;152;171m[48;2;100;152;171m▀[0m[38;2;100;152;171m[48;2;100;152;171m▀[0m[38;2;100;152;171m[48;2;100;152;171m▀[0m[38;2;100;152;171m[48;2;100;152;171m▀[0m[38;2;100;152;171m[48;2;100;152;171m▀[0m[38;2;100;152;171m[48;2;100;152;171m▀[0m[38;2;16;16;16m[48;2;16;16;16m▀[0m[38;2;100;152;171m[48;2;100;152;171m▀[0m[38;2;100;152;171m[48;2;100;152;171m▀[0m[38;2;100;152;171m[48;2;100;152;171m▀[0m[38;2;100;152;171m[48;2;100;152;171m▀[0m[38;2;100;152;171m[48;2;100;152;171m▀[0m[38;2;100;152;171m[48;2;100;152;171m▀[0m[38;2;100;152;171m[48;2;100;152;171m▀[0m[38;2;100;152;171m[48;2;100;152;171m▀[0m[38;2;100;152;171m[48;2;100;152;171m▀[0m[38;2;100;152;171m[48;2;100;152;171m▀[0m[38;2;100;152;171m[48;2;100;152;171m▀[0m[38;2;100;152;171m[48;2;100;152;171m▀[0m[38;2;100;152;171m[48;2;100;152;171m▀[0m[38;2;100;152;171m[48;2;100;152;171m▀[0m[38;2;100;152;171m[48;2;100;152;171m▀[0m[38;2;100;152;171m[48;2;16;16;16m▀[0m[38;2;16;16;16m▀[0m  
 [38;2;16;16;16m[48;2;16;16;16m▀[0m[38;2;100;152;171m[48;2;100;152;171m▀[0m[38;2;100;152;171m[48;2;100;152;171m▀[0m[38;2;100;152;171m[48;2;100;152;171m▀[0m[38;2;100;152;171m[48;2;100;152;171m▀[0m[38;2;100;152;171m[48;2;100;152;171m▀[0m[38;2;100;152;171m[48;2;100;152;171m▀[0m[38;2;100;152;171m[48;2;25;102;148m▀[0m[38;2;25;102;148m[48;2;26;202;210m▀[0m[38;2;25;102;148m[48;2;26;202;210m▀[0m[38;2;25;102;148m[48;2;26;202;210m▀[0m[38;2;25;102;148m[48;2;26;202;210m▀[0m[38;2;100;152;171m[48;2;25;102;148m▀[0m[38;2;100;152;171m[48;2;100;152;171m▀[0m[38;2;100;152;171m[48;2;100;152;171m▀[0m[38;2;100;152;171m[48;2;100;152;171m▀[0m[38;2;100;152;171m[48;2;100;152;171m▀[0m[38;2;100;152;171m[48;2;100;152;171m▀[0m[38;2;100;152;171m[48;2;100;152;171m▀[0m[38;2;100;152;171m[48;2;100;152;171m▀[0m[38;2;16;16;16m[48;2;16;16;16m▀[0m[38;2;100;152;171m[48;2;100;152;171m▀[0m[38;2;100;152;171m[48;2;100;152;171m▀[0m[38;2;100;152;171m[48;2;100;152;171m▀[0m[38;2;100;152;171m[48;2;100;152;171m▀[0m[38;2;100;152;171m[48;2;100;152;171m▀[0m[38;2;100;152;171m[48;2;100;152;171m▀[0m[38;2;100;152;171m[48;2;100;152;171m▀[0m[38;2;100;152;171m[48;2;100;152;171m▀[0m[38;2;100;152;171m[48;2;100;152;171m▀[0m[38;2;100;152;171m[48;2;100;152;171m▀[0m[38;2;100;152;171m[48;2;100;152;171m▀[0m[38;2;100;152;171m[48;2;100;152;171m▀[0m[38;2;100;152;171m[48;2;100;152;171m▀[0m[38;2;100;152;171m[48;2;16;16;16m▀[0m[38;2;16;16;16m▀[0m   
[38;2;16;16;16m▄[0m[38;2;16;16;16m[48;2;100;152;171m▀[0m[38;2;100;152;171m[48;2;100;152;171m▀[0m[38;2;100;152;171m[48;2;100;152;171m▀[0m[38;2;100;152;171m[48;2;100;152;171m▀[0m[38;2;100;152;171m[48;2;100;152;171m▀[0m[38;2;100;152;171m[48;2;100;152;171m▀[0m[38;2;25;102;148m[48;2;25;102;148m▀[0m[38;2;26;202;210m[48;2;26;202;210m▀[0m[38;2;26;202;210m[48;2;26;202;210m▀[0m[38;2;26;202;210m[48;2;26;202;210m▀[0m[38;2;26;202;210m[48;2;26;202;210m▀[0m[38;2;26;202;210m[48;2;26;202;210m▀[0m[38;2;26;202;210m[48;2;26;202;210m▀[0m[38;2;25;102;148m[48;2;25;102;148m▀[0m[38;2;100;152;171m[48;2;100;152;171m▀[0m[38;2;100;152;171m[48;2;100;152;171m▀[0m[38;2;100;152;171m[48;2;100;152;171m▀[0m[38;2;100;152;171m[48;2;100;152;171m▀[0m[38;2;100;152;171m[48;2;100;152;171m▀[0m[38;2;100;152;171m[48;2;100;152;171m▀[0m[38;2;16;16;16m[48;2;16;16;16m▀[0m[38;2;16;16;16m[48;2;16;16;16m▀[0m[38;2;100;152;171m[48;2;16;16;16m▀[0m[38;2;100;152;171m[48;2;100;152;171m▀[0m[38;2;100;152;171m[48;2;100;152;171m▀[0m[38;2;100;152;171m[48;2;100;152;171m▀[0m[38;2;100;152;171m[48;2;100;152;171m▀[0m[38;2;100;152;171m[48;2;100;152;171m▀[0m[38;2;100;152;171m[48;2;75;98;139m▀[0m[38;2;100;152;171m[48;2;16;16;16m▀[0m[38;2;100;152;171m[48;2;16;16;16m▀[0m[38;2;100;152;171m[48;2;16;16;16m▀[0m[38;2;16;16;16m▀[0m[38;2;16;16;16m▀[0m     
[38;2;16;16;16m[48;2;16;16;16m▀[0m[38;2;100;152;171m[48;2;100;152;171m▀[0m[38;2;100;152;171m[48;2;100;152;171m▀[0m[38;2;100;152;171m[48;2;100;152;171m▀[0m[38;2;100;152;171m[48;2;100;152;171m▀[0m[38;2;100;152;171m[48;2;100;152;171m▀[0m[38;2;100;152;171m[48;2;100;152;171m▀[0m[38;2;25;102;148m[48;2;75;98;139m▀[0m[38;2;26;202;210m[48;2;26;202;210m▀[0m[38;2;26;202;210m[48;2;26;202;210m▀[0m[38;2;26;202;210m[48;2;26;202;210m▀[0m[38;2;26;202;210m[48;2;26;202;210m▀[0m[38;2;26;202;210m[48;2;26;202;210m▀[0m[38;2;26;202;210m[48;2;26;202;210m▀[0m[38;2;25;102;148m[48;2;25;102;148m▀[0m[38;2;100;152;171m[48;2;100;152;171m▀[0m[38;2;100;152;171m[48;2;100;152;171m▀[0m[38;2;100;152;171m[48;2;100;152;171m▀[0m[38;2;100;152;171m[48;2;100;152;171m▀[0m[38;2;100;152;171m[48;2;100;152;171m▀[0m[38;2;100;152;171m[48;2;100;152;171m▀[0m[38;2;16;16;16m[48;2;16;16;16m▀[0m[38;2;75;98;139m[48;2;100;152;171m▀[0m[38;2;100;152;171m[48;2;100;152;171m▀[0m[38;2;100;152;171m[48;2;100;152;171m▀[0m[38;2;100;152;171m[48;2;100;152;171m▀[0m[38;2;100;152;171m[48;2;100;152;171m▀[0m[38;2;100;152;171m[48;2;100;152;171m▀[0m[38;2;100;152;171m[48;2;100;152;171m▀[0m[38;2;100;152;171m[48;2;100;152;171m▀[0m[38;2;75;98;139m[48;2;100;152;171m▀[0m[38;2;75;98;139m▄[0m        
[38;2;16;16;16m[48;2;16;16;16m▀[0m[38;2;100;152;171m[48;2;100;152;171m▀[0m[38;2;100;152;171m[48;2;100;152;171m▀[0m[38;2;100;152;171m[48;2;100;152;171m▀[0m[38;2;100;152;171m[48;2;100;152;171m▀[0m[38;2;100;152;171m[48;2;100;152;171m▀[0m[38;2;100;152;171m[48;2;100;152;171m▀[0m[38;2;75;98;139m[48;2;100;152;171m▀[0m[38;2;25;102;148m[48;2;75;98;139m▀[0m[38;2;26;202;210m[48;2;25;102;148m▀[0m[38;2;26;202;210m[48;2;25;102;148m▀[0m[38;2;26;202;210m[48;2;25;102;148m▀[0m[38;2;26;202;210m[48;2;25;102;148m▀[0m[38;2;25;102;148m[48;2;100;152;171m▀[0m[38;2;100;152;171m[48;2;100;152;171m▀[0m[38;2;100;152;171m[48;2;100;152;171m▀[0m[38;2;100;152;171m[48;2;100;152;171m▀[0m[38;2;100;152;171m[48;2;100;152;171m▀[0m[38;2;100;152;171m[48;2;100;152;171m▀[0m[38;2;100;152;171m[48;2;100;152;171m▀[0m[38;2;100;152;171m[48;2;16;16;16m▀[0m[38;2;16;16;16m[48;2;75;98;139m▀[0m[38;2;100;152;171m[48;2;75;98;139m▀[0m[38;2;100;152;171m[48;2;100;152;171m▀[0m[38;2;100;152;171m[48;2;100;152;171m▀[0m[38;2;100;152;171m[48;2;100;152;171m▀[0m[38;2;100;152;171m[48;2;100;152;171m▀[0m[38;2;100;152;171m[48;2;100;152;171m▀[0m[38;2;100;152;171m[48;2;100;152;171m▀[0m[38;2;100;152;171m[48;2;75;98;139m▀[0m[38;2;100;152;171m[48;2;16;16;16m▀[0m[38;2;136;191;199m[48;2;100;152;171m▀[0m[38;2;75;98;139m[48;2;136;191;199m▀[0m[38;2;75;98;139m[48;2;136;191;199m▀[0m[38;2;75;98;139m▄[0m[38;2;75;98;139m▄[0m[38;2;75;98;139m▄[0m[38;2;75;98;139m[48;2;136;191;199m▀[0m[38;2;75;98;139m[48;2;136;191;199m▀[0m[38;2;75;98;139m[48;2;75;98;139m▀[0m
[38;2;16;16;16m▀[0m[38;2;100;152;171m[48;2;16;16;16m▀[0m[38;2;100;152;171m[48;2;100;152;171m▀[0m[38;2;100;152;171m[48;2;100;152;171m▀[0m[38;2;100;152;171m[48;2;100;152;171m▀[0m[38;2;100;152;171m[48;2;100;152;171m▀[0m[38;2;100;152;171m[48;2;100;152;171m▀[0m[38;2;100;152;171m[48;2;100;152;171m▀[0m[38;2;75;98;139m[48;2;100;152;171m▀[0m[38;2;100;152;171m[48;2;75;98;139m▀[0m[38;2;100;152;171m[48;2;100;152;171m▀[0m[38;2;100;152;171m[48;2;100;152;171m▀[0m[38;2;100;152;171m[48;2;100;152;171m▀[0m[38;2;100;152;171m[48;2;100;152;171m▀[0m[38;2;100;152;171m[48;2;100;152;171m▀[0m[38;2;100;152;171m[48;2;100;152;171m▀[0m[38;2;100;152;171m[48;2;100;152;171m▀[0m[38;2;100;152;171m[48;2;100;152;171m▀[0m[38;2;100;152;171m[48;2;100;152;171m▀[0m[38;2;100;152;171m[48;2;16;16;16m▀[0m[38;2;16;16;16m[48;2;100;152;171m▀[0m[38;2;100;152;171m[48;2;100;152;171m▀[0m[38;2;100;152;171m[48;2;100;152;171m▀[0m[38;2;100;152;171m[48;2;100;152;171m▀[0m[38;2;100;152;171m[48;2;100;152;171m▀[0m[38;2;100;152;171m[48;2;100;152;171m▀[0m[38;2;100;152;171m[48;2;100;152;171m▀[0m[38;2;100;152;171m[48;2;100;152;171m▀[0m[38;2;100;152;171m[48;2;100;152;171m▀[0m[38;2;100;152;171m[48;2;75;98;139m▀[0m[38;2;75;98;139m[48;2;75;98;139m▀[0m[38;2;16;16;16m▀[0m[38;2;16;16;16m▀[0m[38;2;100;152;171m[48;2;16;16;16m▀[0m[38;2;136;191;199m[48;2;75;98;139m▀[0m[38;2;136;191;199m[48;2;136;191;199m▀[0m[38;2;136;191;199m[48;2;75;98;139m▀[0m[38;2;75;98;139m▀[0m[38;2;75;98;139m▀[0m 
 [38;2;16;16;16m▀[0m[38;2;100;152;171m[48;2;16;16;16m▀[0m[38;2;100;152;171m[48;2;100;152;171m▀[0m[38;2;100;152;171m[48;2;100;152;171m▀[0m[38;2;100;152;171m[48;2;100;152;171m▀[0m[38;2;100;152;171m[48;2;100;152;171m▀[0m[38;2;100;152;171m[48;2;100;152;171m▀[0m[38;2;100;152;171m[48;2;100;152;171m▀[0m[38;2;100;152;171m[48;2;100;152;171m▀[0m[38;2;75;98;139m[48;2;100;152;171m▀[0m[38;2;75;98;139m[48;2;100;152;171m▀[0m[38;2;100;152;171m[48;2;16;16;16m▀[0m[38;2;100;152;171m[48;2;16;16;16m▀[0m[38;2;100;152;171m[48;2;16;16;16m▀[0m[38;2;100;152;171m[48;2;16;16;16m▀[0m[38;2;100;152;171m[48;2;16;16;16m▀[0m[38;2;16;16;16m[48;2;100;152;171m▀[0m[38;2;16;16;16m[48;2;100;152;171m▀[0m[38;2;100;152;171m[48;2;100;152;171m▀[0m[38;2;100;152;171m[48;2;100;152;171m▀[0m[38;2;100;152;171m[48;2;100;152;171m▀[0m[38;2;100;152;171m[48;2;100;152;171m▀[0m[38;2;100;152;171m[48;2;100;152;171m▀[0m[38;2;100;152;171m[48;2;100;152;171m▀[0m[38;2;100;152;171m[48;2;100;152;171m▀[0m[38;2;100;152;171m[48;2;100;152;171m▀[0m[38;2;100;152;171m[48;2;100;152;171m▀[0m[38;2;75;98;139m[48;2;100;152;171m▀[0m[38;2;100;152;171m[48;2;100;152;171m▀[0m[38;2;136;191;199m[48;2;136;191;199m▀[0m[38;2;75;98;139m[48;2;136;191;199m▀[0m[38;2;75;98;139m▄[0m [38;2;16;16;16m▀[0m[38;2;100;152;171m[48;2;16;16;16m▀[0m[38;2;75;98;139m[48;2;100;152;171m▀[0m[38;2;75;98;139m▄[0m  
   [38;2;16;16;16m▀[0m[38;2;100;152;171m[48;2;16;16;16m▀[0m[38;2;100;152;171m[48;2;100;152;171m▀[0m[38;2;100;152;171m[48;2;100;152;171m▀[0m[38;2;100;152;171m[48;2;100;152;171m▀[0m[38;2;100;152;171m[48;2;100;152;171m▀[0m[38;2;100;152;171m[48;2;100;152;171m▀[0m[38;2;100;152;171m[48;2;100;152;171m▀[0m[38;2;100;152;171m[48;2;100;152;171m▀[0m[38;2;100;152;171m[48;2;100;152;171m▀[0m[38;2;100;152;171m[48;2;100;152;171m▀[0m[38;2;100;152;171m[48;2;100;152;171m▀[0m[38;2;100;152;171m[48;2;100;152;171m▀[0m[38;2;100;152;171m[48;2;100;152;171m▀[0m[38;2;100;152;171m[48;2;100;152;171m▀[0m[38;2;100;152;171m[48;2;100;152;171m▀[0m[38;2;100;152;171m[48;2;100;152;171m▀[0m[38;2;100;152;171m[48;2;100;152;171m▀[0m[38;2;100;152;171m[48;2;100;152;171m▀[0m[38;2;100;152;171m[48;2;100;152;171m▀[0m[38;2;100;152;171m[48;2;100;152;171m▀[0m[38;2;100;152;171m[48;2;75;98;139m▀[0m[38;2;100;152;171m[48;2;100;152;171m▀[0m[38;2;100;152;171m[48;2;100;152;171m▀[0m[38;2;100;152;171m[48;2;100;152;171m▀[0m[38;2;16;16;16m[48;2;75;98;139m▀[0m[38;2;75;98;139m[48;2;16;16;16m▀[0m[38;2;100;152;171m[48;2;100;152;171m▀[0m[38;2;136;191;199m[48;2;136;191;199m▀[0m[38;2;75;98;139m[48;2;16;16;16m▀[0m   [38;2;16;16;16m▀[0m[38;2;16;16;16m▀[0m  
     [38;2;16;16;16m▀[0m[38;2;16;16;16m▀[0m[38;2;100;152;171m[48;2;16;16;16m▀[0m[38;2;100;152;171m[48;2;16;16;16m▀[0m[38;2;100;152;171m[48;2;16;16;16m▀[0m[38;2;100;152;171m[48;2;100;152;171m▀[0m[38;2;100;152;171m[48;2;100;152;171m▀[0m[38;2;100;152;171m[48;2;100;152;171m▀[0m[38;2;100;152;171m[48;2;100;152;171m▀[0m[38;2;100;152;171m[48;2;100;152;171m▀[0m[38;2;100;152;171m[48;2;100;152;171m▀[0m[38;2;100;152;171m[48;2;100;152;171m▀[0m[38;2;100;152;171m[48;2;100;152;171m▀[0m[38;2;100;152;171m[48;2;100;152;171m▀[0m[38;2;100;152;171m[48;2;100;152;171m▀[0m[38;2;100;152;171m[48;2;100;152;171m▀[0m[38;2;100;152;171m[48;2;16;16;16m▀[0m[38;2;100;152;171m[48;2;16;16;16m▀[0m[38;2;75;98;139m[48;2;16;16;16m▀[0m[38;2;75;98;139m[48;2;16;16;16m▀[0m[38;2;100;152;171m[48;2;16;16;16m▀[0m[38;2;100;152;171m[48;2;16;16;16m▀[0m[38;2;16;16;16m▀[0m[38;2;16;16;16m▀[0m[38;2;16;16;16m[48;2;16;16;16m▀[0m[38;2;100;152;171m[48;2;100;152;171m▀[0m[38;2;16;16;16m[48;2;75;98;139m▀[0m[38;2;75;98;139m▄[0m[38;2;75;98;139m▄[0m      
          [38;2;16;16;16m▀[0m[38;2;16;16;16m▀[0m[38;2;16;16;16m▀[0m[38;2;16;16;16m▀[0m[38;2;16;16;16m▀[0m[38;2;16;16;16m▀[0m[38;2;16;16;16m▀[0m[38;2;16;16;16m▀[0m[38;2;16;16;16m▀[0m[38;2;16;16;16m▀[0m[38;2;16;16;16m▀[0m     [38;2;16;16;16m▄[0m[38;2;16;16;16m[48;2;100;152;171m▀[0m[38;2;75;98;139m[48;2;100;152;171m▀[0m[38;2;100;152;171m[48;2;75;98;139m▀[0m[38;2;100;152;171m[48;2;16;16;16m▀[0m[38;2;100;152;171m[48;2;16;16;16m▀[0m[38;2;136;191;199m[48;2;16;16;16m▀[0m[38;2;136;191;199m[48;2;16;16;16m▀[0m[38;2;16;16;16m▀[0m     
                          [38;2;16;16;16m▀[0m[38;2;16;16;16m▀[0m[38;2;16;16;16m▀[0m           
[0m