                      [38;2;16;16;16m▄[0m[38;2;16;16;16m[48;2;115;57;49m▀[0m[38;2;16;16;16m▄[0m       
       [38;2;16;16;16m▄[0m[38;2;16;16;16m▄[0m[38;2;16;16;16m▄[0m           [38;2;16;16;16m[48;2;16;16;16m▀[0m[38;2;115;57;49m[48;2;115;57;49m▀[0m[38;2;115;57;49m[48;2;115;57;49m▀[0m[38;2;16;16;16m[48;2;16;16;16m▀[0m       
       [38;2;16;16;16m[48;2;16;16;16m▀[0m[38;2;65;24;24m[48;2;65;24;24m▀[0m[38;2;65;24;24m[48;2;65;24;24m▀[0m[38;2;16;16;16m[48;2;65;24;24m▀[0m[38;2;16;16;16m[48;2;65;24;24m▀[0m[38;2;16;16;16m▄[0m       [38;2;16;16;16m[48;2;16;16;16m▀[0m[38;2;115;57;49m[48;2;115;57;49m▀[0m[38;2;115;57;49m[48;2;115;57;49m▀[0m[38;2;115;57;49m[48;2;115;57;49m▀[0m[38;2;115;57;49m[48;2;115;57;49m▀[0m[38;2;16;16;16m[48;2;16;16;16m▀[0m      
        [38;2;16;16;16m[48;2;16;16;16m▀[0m[38;2;65;24;24m[48;2;65;24;24m▀[0m[38;2;65;24;24m[48;2;65;24;24m▀[0m[38;2;65;24;24m[48;2;65;24;24m▀[0m[38;2;65;24;24m[48;2;65;24;24m▀[0m[38;2;16;16;16m[48;2;65;24;24m▀[0m[38;2;16;16;16m[48;2;65;24;24m▀[0m[38;2;16;16;16m▄[0m    [38;2;16;16;16m[48;2;16;16;16m▀[0m[38;2;115;57;49m[48;2;115;57;49m▀[0m[38;2;115;57;49m[48;2;115;57;49m▀[0m[38;2;115;57;49m[48;2;115;57;49m▀[0m[38;2;115;57;49m[48;2;115;57;49m▀[0m[38;2;16;16;16m[48;2;16;16;16m▀[0m      
         [38;2;16;16;16m[48;2;16;16;16m▀[0m[38;2;65;24;24m[48;2;65;24;24m▀[0m[38;2;65;24;24m[48;2;65;24;24m▀[0m[38;2;65;24;24m[48;2;65;24;24m▀[0m[38;2;65;24;24m[48;2;65;24;24m▀[0m[38;2;65;24;24m[48;2;65;24;24m▀[0m[38;2;65;24;24m[48;2;65;24;24m▀[0m[38;2;16;16;16m[48;2;16;16;16m▀[0m  [38;2;16;16;16m[48;2;16;16;16m▀[0m[38;2;115;57;49m[48;2;115;57;49m▀[0m[38;2;115;57;49m[48;2;115;57;49m▀[0m[38;2;115;57;49m[48;2;115;57;49m▀[0m[38;2;115;57;49m[48;2;115;57;49m▀[0m[38;2;115;57;49m[48;2;16;16;16m▀[0m[38;2;16;16;16m▀[0m      
          [38;2;16;16;16m▀[0m[38;2;65;24;24m[48;2;16;16;16m▀[0m[38;2;65;24;24m[48;2;16;16;16m▀[0m[38;2;65;24;24m[48;2;65;24;24m▀[0m[38;2;65;24;24m[48;2;65;24;24m▀[0m[38;2;65;24;24m[48;2;65;24;24m▀[0m[38;2;65;24;24m[48;2;65;24;24m▀[0m[38;2;16;16;16m[48;2;65;24;24m▀[0m[38;2;16;16;16m▄[0m[38;2;16;16;16m[48;2;16;16;16m▀[0m[38;2;115;57;49m[48;2;115;57;49m▀[0m[38;2;115;57;49m[48;2;115;57;49m▀[0m[38;2;115;57;49m[48;2;115;57;49m▀[0m[38;2;115;57;49m[48;2;115;57;49m▀[0m[38;2;16;16;16m[48;2;16;16;16m▀[0m       
             [38;2;16;16;16m▀[0m[38;2;16;16;16m▀[0m[38;2;65;24;24m[48;2;16;16;16m▀[0m[38;2;65;24;24m[48;2;16;16;16m▀[0m[38;2;65;24;24m[48;2;65;24;24m▀[0m[38;2;65;24;24m[48;2;65;24;24m▀[0m[38;2;16;16;16m[48;2;16;16;16m▀[0m[38;2;115;57;49m[48;2;65;24;24m▀[0m[38;2;115;57;49m[48;2;115;57;49m▀[0m[38;2;115;57;49m[48;2;16;16;16m▀[0m[38;2;16;16;16m[48;2;65;24;24m▀[0m        
[38;2;123;57;41m▄[0m[38;2;123;57;41m[48;2;164;74;65m▀[0m[38;2;123;57;41m[48;2;230;139;172m▀[0m[38;2;123;57;41m[48;2;230;139;172m▀[0m[38;2;123;57;41m[48;2;164;74;65m▀[0m[38;2;123;57;41m▄[0m         [38;2;16;16;16m▄[0m[38;2;65;24;24m[48;2;65;24;24m▀[0m[38;2;16;16;16m[48;2;65;24;24m▀[0m[38;2;16;16;16m[48;2;65;24;24m▀[0m[38;2;65;24;24m[48;2;65;24;24m▀[0m[38;2;65;24;24m[48;2;65;24;24m▀[0m[38;2;16;16;16m[48;2;65;24;24m▀[0m[38;2;115;57;49m[48;2;65;24;24m▀[0m[38;2;115;57;49m[48;2;115;57;49m▀[0m[38;2;65;24;24m[48;2;115;57;49m▀[0m[38;2;65;24;24m[48;2;115;57;49m▀[0m[38;2;65;24;24m▄[0m     
[38;2;123;57;41m[48;2;16;16;16m▀[0m[38;2;230;82;131m[48;2;230;82;131m▀[0m[38;2;230;82;131m[48;2;230;82;131m▀[0m[38;2;230;139;172m[48;2;230;82;131m▀[0m[38;2;230;139;172m[48;2;230;82;131m▀[0m[38;2;123;57;41m[48;2;123;57;41m▀[0m       [38;2;123;57;41m▄[0m[38;2;65;24;24m[48;2;189;156;49m▀[0m[38;2;123;57;41m[48;2;189;156;49m▀[0m[38;2;189;156;49m[48;2;189;156;49m▀[0m[38;2;189;156;49m[48;2;189;156;49m▀[0m[38;2;189;156;49m[48;2;189;156;49m▀[0m[38;2;189;156;49m[48;2;189;156;49m▀[0m[38;2;189;156;49m[48;2;189;156;49m▀[0m[38;2;189;156;49m[48;2;189;156;49m▀[0m[38;2;123;57;41m[48;2;189;156;49m▀[0m[38;2;115;57;49m[48;2;189;156;49m▀[0m[38;2;115;57;49m[48;2;238;205;49m▀[0m[38;2;115;57;49m[48;2;189;156;49m▀[0m[38;2;115;57;49m[48;2;115;57;49m▀[0m[38;2;65;24;24m[48;2;115;57;49m▀[0m[38;2;65;24;24m▄[0m   
[38;2;16;16;16m▀[0m[38;2;123;57;41m[48;2;16;16;16m▀[0m[38;2;230;82;131m[48;2;16;16;16m▀[0m[38;2;230;82;131m[48;2;16;16;16m▀[0m[38;2;123;57;41m[48;2;16;16;16m▀[0m[38;2;16;16;16m▀[0m      [38;2;123;57;41m▄[0m[38;2;123;57;41m[48;2;189;156;49m▀[0m[38;2;189;156;49m[48;2;189;156;49m▀[0m[38;2;189;156;49m[48;2;189;156;49m▀[0m[38;2;189;156;49m[48;2;189;156;49m▀[0m[38;2;189;156;49m[48;2;189;156;49m▀[0m[38;2;189;156;49m[48;2;189;156;49m▀[0m[38;2;189;156;49m[48;2;189;156;49m▀[0m[38;2;189;156;49m[48;2;189;156;49m▀[0m[38;2;189;156;49m[48;2;189;156;49m▀[0m[38;2;189;156;49m[48;2;189;156;49m▀[0m[38;2;189;156;49m[48;2;189;156;49m▀[0m[38;2;189;156;49m[48;2;189;156;49m▀[0m[38;2;238;205;49m[48;2;189;156;49m▀[0m[38;2;238;205;49m[48;2;238;205;49m▀[0m[38;2;197;172;164m[48;2;255;255;255m▀[0m[38;2;16;16;16m[48;2;16;16;16m▀[0m[38;2;115;57;49m▄[0m  
 [38;2;16;16;16m▄[0m[38;2;16;16;16m[48;2;115;57;49m▀[0m [38;2;115;57;49m▄[0m[38;2;16;16;16m▄[0m[38;2;115;57;49m▄[0m     [38;2;123;57;41m[48;2;16;16;16m▀[0m[38;2;189;156;49m[48;2;189;156;49m▀[0m[38;2;189;156;49m[48;2;189;156;49m▀[0m[38;2;189;156;49m[48;2;189;156;49m▀[0m[38;2;189;156;49m[48;2;189;156;49m▀[0m[38;2;189;156;49m[48;2;189;156;49m▀[0m[38;2;189;156;49m[48;2;189;156;49m▀[0m[38;2;189;156;49m[48;2;189;156;49m▀[0m[38;2;189;156;49m[48;2;189;156;49m▀[0m[38;2;189;156;49m[48;2;189;156;49m▀[0m[38;2;189;156;49m[48;2;189;156;49m▀[0m[38;2;189;156;49m[48;2;189;156;49m▀[0m[38;2;189;156;49m[48;2;189;156;49m▀[0m[38;2;189;156;49m[48;2;189;156;49m▀[0m[38;2;238;205;49m[48;2;189;156;49m▀[0m[38;2;255;255;255m[48;2;197;172;164m▀[0m[38;2;115;57;49m[48;2;255;255;255m▀[0m[38;2;65;24;24m[48;2;65;24;24m▀[0m  
 [38;2;16;16;16m[48;2;16;16;16m▀[0m [38;2;115;57;49m[48;2;16;16;16m▀[0m[38;2;16;16;16m▀[0m [38;2;16;16;16m▀[0m[38;2;115;57;49m[48;2;16;16;16m▀[0m [38;2;16;16;16m▄[0m[38;2;16;16;16m▄[0m[38;2;16;16;16m[48;2;115;57;49m▀[0m[38;2;189;156;49m[48;2;115;57;49m▀[0m[38;2;189;156;49m[48;2;123;57;41m▀[0m[38;2;189;156;49m[48;2;238;205;49m▀[0m[38;2;189;156;49m[48;2;238;205;49m▀[0m[38;2;189;156;49m[48;2;238;205;49m▀[0m[38;2;189;156;49m[48;2;189;156;49m▀[0m[38;2;189;156;49m[48;2;189;156;49m▀[0m[38;2;189;156;49m[48;2;189;156;49m▀[0m[38;2;189;156;49m[48;2;189;156;49m▀[0m[38;2;189;156;49m[48;2;189;156;49m▀[0m[38;2;189;156;49m[48;2;189;156;49m▀[0m[38;2;189;156;49m[48;2;189;156;49m▀[0m[38;2;189;156;49m[48;2;189;156;49m▀[0m[38;2;189;156;49m[48;2;189;156;49m▀[0m[38;2;189;156;49m[48;2;189;156;49m▀[0m[38;2;238;205;49m[48;2;238;205;49m▀[0m[38;2;255;255;255m[48;2;197;172;164m▀[0m[38;2;123;57;41m[48;2;189;156;49m▀[0m[38;2;65;24;24m[48;2;238;205;49m▀[0m[38;2;123;57;41m▄[0m
 [38;2;115;57;49m▀[0m[38;2;115;57;49m[48;2;115;57;49m▀[0m[38;2;16;16;16m[48;2;16;16;16m▀[0m[38;2;16;16;16m▄[0m[38;2;115;57;49m▄[0m[38;2;16;16;16m▄[0m[38;2;16;16;16m[48;2;16;16;16m▀[0m[38;2;16;16;16m[48;2;115;57;49m▀[0m[38;2;115;57;49m[48;2;115;57;49m▀[0m[38;2;115;57;49m[48;2;115;57;49m▀[0m[38;2;115;57;49m[48;2;115;57;49m▀[0m[38;2;115;57;49m[48;2;115;57;49m▀[0m[38;2;115;57;49m[48;2;115;57;49m▀[0m[38;2;115;57;49m[48;2;115;57;49m▀[0m[38;2;115;57;49m[48;2;115;57;49m▀[0m[38;2;189;156;49m[48;2;115;57;49m▀[0m[38;2;238;205;49m[48;2;115;57;49m▀[0m[38;2;238;205;49m[48;2;238;205;49m▀[0m[38;2;189;156;49m[48;2;238;205;49m▀[0m[38;2;189;156;49m[48;2;189;156;49m▀[0m[38;2;189;156;49m[48;2;189;156;49m▀[0m[38;2;189;156;49m[48;2;189;156;49m▀[0m[38;2;189;156;49m[48;2;189;156;49m▀[0m[38;2;189;156;49m[48;2;189;156;49m▀[0m[38;2;189;156;49m[48;2;189;156;49m▀[0m[38;2;189;156;49m[48;2;189;156;49m▀[0m[38;2;189;156;49m[48;2;189;156;49m▀[0m[38;2;238;205;49m[48;2;238;205;49m▀[0m[38;2;238;205;49m[48;2;238;205;49m▀[0m[38;2;238;205;49m[48;2;189;156;49m▀[0m[38;2;123;57;41m[48;2;123;57;41m▀[0m
    [38;2;16;16;16m▀[0m[38;2;16;16;16m[48;2;16;16;16m▀[0m[38;2;16;16;16m[48;2;16;16;16m▀[0m[38;2;115;57;49m[48;2;115;57;49m▀[0m[38;2;115;57;49m[48;2;115;57;49m▀[0m[38;2;115;57;49m[48;2;115;57;49m▀[0m[38;2;115;57;49m[48;2;115;57;49m▀[0m[38;2;115;57;49m[48;2;115;57;49m▀[0m[38;2;115;57;49m[48;2;115;57;49m▀[0m[38;2;115;57;49m[48;2;115;57;49m▀[0m[38;2;115;57;49m[48;2;115;57;49m▀[0m[38;2;115;57;49m[48;2;115;57;49m▀[0m[38;2;115;57;49m[48;2;115;57;49m▀[0m[38;2;115;57;49m[48;2;115;57;49m▀[0m[38;2;189;156;49m[48;2;115;57;49m▀[0m[38;2;238;205;49m[48;2;238;205;49m▀[0m[38;2;238;205;49m[48;2;189;156;49m▀[0m[38;2;189;156;49m[48;2;189;156;49m▀[0m[38;2;189;156;49m[48;2;189;156;49m▀[0m[38;2;189;156;49m[48;2;189;156;49m▀[0m[38;2;189;156;49m[48;2;189;156;49m▀[0m[38;2;189;156;49m[48;2;189;156;49m▀[0m[38;2;189;156;49m[48;2;189;156;49m▀[0m[38;2;189;156;49m[48;2;189;156;49m▀[0m[38;2;189;156;49m[48;2;189;156;49m▀[0m[38;2;189;156;49m[48;2;189;156;49m▀[0m[38;2;123;57;41m[48;2;65;24;24m▀[0m 
    [38;2;16;16;16m[48;2;16;16;16m▀[0m[38;2;65;24;24m[48;2;65;24;24m▀[0m[38;2;16;16;16m[48;2;65;24;24m▀[0m[38;2;16;16;16m[48;2;65;24;24m▀[0m[38;2;65;24;24m[48;2;65;24;24m▀[0m[38;2;115;57;49m[48;2;65;24;24m▀[0m[38;2;115;57;49m[48;2;65;24;24m▀[0m[38;2;115;57;49m[48;2;115;57;49m▀[0m[38;2;115;57;49m[48;2;115;57;49m▀[0m[38;2;115;57;49m[48;2;115;57;49m▀[0m[38;2;115;57;49m[48;2;115;57;49m▀[0m[38;2;115;57;49m[48;2;115;57;49m▀[0m[38;2;115;57;49m[48;2;65;24;24m▀[0m[38;2;115;57;49m[48;2;65;24;24m▀[0m[38;2;65;24;24m[48;2;65;24;24m▀[0m[38;2;123;57;41m[48;2;65;24;24m▀[0m[38;2;189;156;49m[48;2;189;156;49m▀[0m[38;2;189;156;49m[48;2;189;156;49m▀[0m[38;2;189;156;49m[48;2;189;156;49m▀[0m[38;2;189;156;49m[48;2;189;156;49m▀[0m[38;2;189;156;49m[48;2;189;156;49m▀[0m[38;2;189;156;49m[48;2;189;156;49m▀[0m[38;2;189;156;49m[48;2;189;156;49m▀[0m[38;2;189;156;49m[48;2;189;156;49m▀[0m[38;2;189;156;49m[48;2;123;57;41m▀[0m[38;2;65;24;24m▀[0m  
   [38;2;16;16;16m[48;2;16;16;16m▀[0m[38;2;65;24;24m[48;2;65;24;24m▀[0m[38;2;65;24;24m[48;2;65;24;24m▀[0m[38;2;65;24;24m[48;2;65;24;24m▀[0m[38;2;65;24;24m[48;2;65;24;24m▀[0m[38;2;65;24;24m[48;2;65;24;24m▀[0m[38;2;65;24;24m[48;2;65;24;24m▀[0m[38;2;65;24;24m[48;2;65;24;24m▀[0m[38;2;65;24;24m[48;2;65;24;24m▀[0m[38;2;65;24;24m[48;2;65;24;24m▀[0m[38;2;65;24;24m[48;2;65;24;24m▀[0m[38;2;65;24;24m[48;2;65;24;24m▀[0m[38;2;65;24;24m[48;2;65;24;24m▀[0m[38;2;65;24;24m[48;2;189;156;49m▀[0m[38;2;65;24;24m[48;2;189;156;49m▀[0m[38;2;65;24;24m[48;2;65;24;24m▀[0m[38;2;65;24;24m[48;2;65;24;24m▀[0m[38;2;123;57;41m[48;2;123;57;41m▀[0m[38;2;189;156;49m[48;2;189;156;49m▀[0m[38;2;189;156;49m[48;2;189;156;49m▀[0m[38;2;189;156;49m[48;2;189;156;49m▀[0m[38;2;189;156;49m[48;2;189;156;49m▀[0m[38;2;189;156;49m[48;2;123;57;41m▀[0m[38;2;189;156;49m[48;2;189;156;49m▀[0m[38;2;189;156;49m[48;2;123;57;41m▀[0m[38;2;123;57;41m▀[0m   
   [38;2;16;16;16m[48;2;16;16;16m▀[0m[38;2;123;57;41m[48;2;189;156;49m▀[0m[38;2;65;24;24m[48;2;65;24;24m▀[0m[38;2;65;24;24m[48;2;65;24;24m▀[0m[38;2;65;24;24m[48;2;65;24;24m▀[0m[38;2;65;24;24m[48;2;65;24;24m▀[0m[38;2;65;24;24m[48;2;65;24;24m▀[0m[38;2;65;24;24m[48;2;65;24;24m▀[0m[38;2;65;24;24m[48;2;65;24;24m▀[0m[38;2;65;24;24m[48;2;65;24;24m▀[0m[38;2;65;24;24m[48;2;65;24;24m▀[0m[38;2;65;24;24m[48;2;123;57;41m▀[0m[38;2;189;156;49m[48;2;189;156;49m▀[0m[38;2;189;156;49m[48;2;189;156;49m▀[0m[38;2;189;156;49m[48;2;189;156;49m▀[0m[38;2;123;57;41m[48;2;189;156;49m▀[0m[38;2;65;24;24m[48;2;65;24;24m▀[0m[38;2;123;57;41m[48;2;123;57;41m▀[0m[38;2;189;156;49m[48;2;189;156;49m▀[0m[38;2;189;156;49m[48;2;123;57;41m▀[0m[38;2;123;57;41m[48;2;123;57;41m▀[0m[38;2;189;156;49m[48;2;189;156;49m▀[0m[38;2;123;57;41m[48;2;16;16;16m▀[0m[38;2;16;16;16m▀[0m     
   [38;2;16;16;16m[48;2;16;16;16m▀[0m[38;2;189;156;49m[48;2;189;156;49m▀[0m[38;2;123;57;41m[48;2;189;156;49m▀[0m[38;2;65;24;24m[48;2;16;16;16m▀[0m[38;2;65;24;24m[48;2;65;24;24m▀[0m[38;2;65;24;24m[48;2;65;24;24m▀[0m[38;2;65;24;24m[48;2;65;24;24m▀[0m[38;2;65;24;24m[48;2;65;24;24m▀[0m[38;2;65;24;24m[48;2;65;24;24m▀[0m[38;2;65;24;24m[48;2;65;24;24m▀[0m[38;2;65;24;24m[48;2;123;57;41m▀[0m[38;2;189;156;49m[48;2;189;156;49m▀[0m[38;2;189;156;49m[48;2;189;156;49m▀[0m[38;2;189;156;49m[48;2;189;156;49m▀[0m[38;2;189;156;49m[48;2;189;156;49m▀[0m[38;2;189;156;49m[48;2;189;156;49m▀[0m[38;2;65;24;24m[48;2;65;24;24m▀[0m[38;2;189;156;49m[48;2;189;156;49m▀[0m[38;2;189;156;49m[48;2;16;16;16m▀[0m[38;2;123;57;41m[48;2;189;156;49m▀[0m[38;2;189;156;49m[48;2;189;156;49m▀[0m[38;2;189;156;49m[48;2;16;16;16m▀[0m[38;2;16;16;16m▀[0m      
   [38;2;16;16;16m▀[0m[38;2;189;156;49m[48;2;16;16;16m▀[0m[38;2;189;156;49m[48;2;189;156;49m▀[0m[38;2;189;156;49m[48;2;189;156;49m▀[0m[38;2;16;16;16m[48;2;189;156;49m▀[0m[38;2;16;16;16m[48;2;189;156;49m▀[0m[38;2;65;24;24m[48;2;16;16;16m▀[0m[38;2;65;24;24m[48;2;16;16;16m▀[0m[38;2;65;24;24m[48;2;16;16;16m▀[0m[38;2;65;24;24m[48;2;16;16;16m▀[0m[38;2;189;156;49m[48;2;189;156;49m▀[0m[38;2;189;156;49m[48;2;189;156;49m▀[0m[38;2;189;156;49m[48;2;189;156;49m▀[0m[38;2;189;156;49m[48;2;189;156;49m▀[0m[38;2;189;156;49m[48;2;189;156;49m▀[0m[38;2;123;57;41m[48;2;16;16;16m▀[0m[38;2;16;16;16m▀[0m[38;2;16;16;16m[48;2;123;57;41m▀[0m[38;2;189;156;49m[48;2;189;156;49m▀[0m[38;2;189;156;49m[48;2;189;156;49m▀[0m[38;2;189;156;49m[48;2;65;24;24m▀[0m[38;2;16;16;16m[48;2;16;16;16m▀[0m       
    [38;2;16;16;16m▀[0m[38;2;189;156;49m[48;2;16;16;16m▀[0m[38;2;189;156;49m[48;2;16;16;16m▀[0m[38;2;189;156;49m[48;2;16;16;16m▀[0m[38;2;16;16;16m▀[0m    [38;2;16;16;16m[48;2;16;16;16m▀[0m[38;2;189;156;49m[48;2;189;156;49m▀[0m[38;2;189;156;49m[48;2;189;156;49m▀[0m[38;2;189;156;49m[48;2;189;156;49m▀[0m[38;2;123;57;41m[48;2;16;16;16m▀[0m   [38;2;16;16;16m▀[0m[38;2;16;16;16m▀[0m[38;2;16;16;16m▀[0m        
              [38;2;16;16;16m▀[0m[38;2;16;16;16m▀[0m[38;2;16;16;16m▀[0m               
[0m