                             [38;2;41;74;106m▄[0m[38;2;41;74;106m[48;2;74;106;139m▀[0m[38;2;0;0;0m▄[0m                      
                            [38;2;41;74;106m[48;2;41;74;106m▀[0m[38;2;74;106;139m[48;2;74;106;139m▀[0m[38;2;74;106;139m[48;2;74;106;139m▀[0m[38;2;0;0;0m[48;2;0;0;0m▀[0m                      
           [38;2;0;0;0m▄[0m[38;2;41;74;106m[48;2;74;106;139m▀[0m[38;2;41;74;106m[48;2;74;106;139m▀[0m[38;2;41;74;106m[48;2;74;106;139m▀[0m[38;2;41;74;106m[48;2;74;106;139m▀[0m[38;2;41;74;106m▄[0m[38;2;41;74;106m▄[0m         [38;2;16;24;49m[48;2;16;24;49m▀[0m[38;2;74;106;139m[48;2;74;106;139m▀[0m[38;2;74;106;139m[48;2;74;106;139m▀[0m[38;2;74;106;139m[48;2;74;106;139m▀[0m[38;2;74;106;139m[48;2;74;106;139m▀[0m[38;2;16;24;49m[48;2;16;24;49m▀[0m                     
            [38;2;0;0;0m▀[0m[38;2;74;106;139m[48;2;0;0;0m▀[0m[38;2;74;106;139m[48;2;74;106;139m▀[0m[38;2;74;106;139m[48;2;74;106;139m▀[0m[38;2;74;106;139m[48;2;74;106;139m▀[0m[38;2;74;106;139m[48;2;74;106;139m▀[0m[38;2;16;24;49m[48;2;74;106;139m▀[0m[38;2;16;24;49m[48;2;74;106;139m▀[0m[38;2;16;24;49m▄[0m     [38;2;16;24;49m[48;2;0;0;0m▀[0m[38;2;41;74;106m[48;2;41;74;106m▀[0m[38;2;74;106;139m[48;2;74;106;139m▀[0m[38;2;74;106;139m[48;2;74;106;139m▀[0m[38;2;74;106;139m[48;2;41;74;106m▀[0m[38;2;41;74;106m[48;2;0;0;0m▀[0m[38;2;16;24;49m▀[0m                     
              [38;2;0;0;0m▀[0m[38;2;41;74;106m[48;2;0;0;0m▀[0m[38;2;74;106;139m[48;2;0;0;0m▀[0m[38;2;74;106;139m[48;2;41;74;106m▀[0m[38;2;74;106;139m[48;2;41;74;106m▀[0m[38;2;41;74;106m[48;2;41;74;106m▀[0m[38;2;41;74;106m[48;2;41;74;106m▀[0m[38;2;16;24;49m[48;2;16;24;49m▀[0m    [38;2;0;0;0m[48;2;0;0;0m▀[0m[38;2;41;74;106m[48;2;41;74;106m▀[0m[38;2;41;74;106m[48;2;41;74;106m▀[0m[38;2;41;74;106m[48;2;41;74;106m▀[0m[38;2;41;74;106m[48;2;0;0;0m▀[0m[38;2;0;0;0m▀[0m                      
                 [38;2;0;0;0m▀[0m[38;2;0;0;0m▀[0m[38;2;41;74;106m[48;2;0;0;0m▀[0m[38;2;41;74;106m[48;2;0;0;0m▀[0m[38;2;41;74;106m[48;2;41;74;106m▀[0m[38;2;16;24;49m[48;2;41;74;106m▀[0m[38;2;0;0;0m▄[0m[38;2;0;0;0m▄[0m[38;2;0;0;0m▄[0m[38;2;0;0;0m[48;2;41;74;106m▀[0m[38;2;41;74;106m[48;2;41;74;106m▀[0m[38;2;41;74;106m[48;2;16;24;49m▀[0m[38;2;0;0;0m▀[0m                        
                     [38;2;0;0;0m[48;2;16;24;49m▀[0m[38;2;16;24;49m[48;2;41;74;106m▀[0m[38;2;41;74;106m[48;2;16;24;49m▀[0m[38;2;0;0;0m[48;2;41;74;106m▀[0m[38;2;41;74;106m[48;2;41;74;106m▀[0m[38;2;41;74;106m[48;2;41;74;106m▀[0m[38;2;41;74;106m[48;2;41;74;106m▀[0m[38;2;41;74;106m[48;2;41;74;106m▀[0m[38;2;16;24;49m[48;2;41;74;106m▀[0m[38;2;16;24;49m▄[0m[38;2;16;24;49m▄[0m                      
                  [38;2;16;24;49m▄[0m[38;2;0;0;0m▄[0m[38;2;0;0;0m[48;2;41;74;106m▀[0m[38;2;41;74;106m[48;2;41;74;106m▀[0m[38;2;41;74;106m[48;2;41;74;106m▀[0m[38;2;0;0;0m[48;2;41;74;106m▀[0m[38;2;41;74;106m[48;2;16;24;49m▀[0m[38;2;41;74;106m[48;2;41;74;106m▀[0m[38;2;41;74;106m[48;2;41;74;106m▀[0m[38;2;41;74;106m[48;2;41;74;106m▀[0m[38;2;41;74;106m[48;2;41;74;106m▀[0m[38;2;41;74;106m[48;2;41;74;106m▀[0m[38;2;41;74;106m[48;2;41;74;106m▀[0m[38;2;41;74;106m[48;2;41;74;106m▀[0m[38;2;16;24;49m[48;2;41;74;106m▀[0m[38;2;16;24;49m▄[0m                    
               [38;2;16;24;49m▄[0m[38;2;16;24;49m[48;2;41;74;106m▀[0m[38;2;41;74;106m[48;2;41;74;106m▀[0m[38;2;41;74;106m[48;2;41;74;106m▀[0m[38;2;41;74;106m[48;2;41;74;106m▀[0m[38;2;41;74;106m[48;2;41;74;106m▀[0m[38;2;41;74;106m[48;2;41;74;106m▀[0m[38;2;41;74;106m[48;2;16;24;49m▀[0m[38;2;16;24;49m[48;2;41;74;106m▀[0m[38;2;41;74;106m[48;2;41;74;106m▀[0m[38;2;41;74;106m[48;2;41;74;106m▀[0m[38;2;41;74;106m[48;2;41;74;106m▀[0m[38;2;41;74;106m[48;2;41;74;106m▀[0m[38;2;41;74;106m[48;2;41;74;106m▀[0m[38;2;41;74;106m[48;2;41;74;106m▀[0m[38;2;41;74;106m[48;2;41;74;106m▀[0m[38;2;41;74;106m[48;2;41;74;106m▀[0m[38;2;41;74;106m[48;2;41;74;106m▀[0m[38;2;41;74;106m[48;2;41;74;106m▀[0m[38;2;16;24;49m[48;2;41;74;106m▀[0m[38;2;16;24;49m▄[0m[38;2;0;0;0m▄[0m                 
              [38;2;16;24;49m▄[0m[38;2;16;24;49m[48;2;41;74;106m▀[0m[38;2;41;74;106m[48;2;41;74;106m▀[0m[38;2;41;74;106m[48;2;41;74;106m▀[0m[38;2;41;74;106m[48;2;41;74;106m▀[0m[38;2;41;74;106m[48;2;41;74;106m▀[0m[38;2;41;74;106m[48;2;41;74;106m▀[0m[38;2;41;74;106m[48;2;41;74;106m▀[0m[38;2;41;74;106m[48;2;16;41;74m▀[0m[38;2;0;0;0m[48;2;41;74;106m▀[0m[38;2;41;74;106m[48;2;41;74;106m▀[0m[38;2;41;74;106m[48;2;41;74;106m▀[0m[38;2;41;74;106m[48;2;41;74;106m▀[0m[38;2;41;74;106m[48;2;41;74;106m▀[0m[38;2;41;74;106m[48;2;41;74;106m▀[0m[38;2;41;74;106m[48;2;41;74;106m▀[0m[38;2;41;74;106m[48;2;41;74;106m▀[0m[38;2;41;74;106m[48;2;41;74;106m▀[0m[38;2;41;74;106m[48;2;41;74;106m▀[0m[38;2;41;74;106m[48;2;41;74;106m▀[0m[38;2;41;74;106m[48;2;41;74;106m▀[0m[38;2;41;74;106m[48;2;41;74;106m▀[0m[38;2;41;74;106m[48;2;41;74;106m▀[0m[38;2;0;0;0m[48;2;41;74;106m▀[0m[38;2;16;24;49m▄[0m               
             [38;2;16;24;49m[48;2;16;24;49m▀[0m[38;2;41;74;106m[48;2;41;74;106m▀[0m[38;2;41;74;106m[48;2;41;74;106m▀[0m[38;2;41;74;106m[48;2;41;74;106m▀[0m[38;2;41;74;106m[48;2;41;74;106m▀[0m[38;2;41;74;106m[48;2;41;74;106m▀[0m[38;2;41;74;106m[48;2;41;74;106m▀[0m[38;2;41;74;106m[48;2;41;74;106m▀[0m[38;2;0;0;0m[48;2;41;74;106m▀[0m[38;2;41;74;106m[48;2;0;0;0m▀[0m[38;2;41;74;106m[48;2;41;74;106m▀[0m[38;2;41;74;106m[48;2;41;74;106m▀[0m[38;2;41;74;106m[48;2;41;74;106m▀[0m[38;2;41;74;106m[48;2;41;74;106m▀[0m[38;2;41;74;106m[48;2;41;74;106m▀[0m[38;2;41;74;106m[48;2;41;74;106m▀[0m[38;2;41;74;106m[48;2;41;74;106m▀[0m[38;2;41;74;106m[48;2;41;74;106m▀[0m[38;2;41;74;106m[48;2;41;74;106m▀[0m[38;2;41;74;106m[48;2;41;74;106m▀[0m[38;2;41;74;106m[48;2;41;74;106m▀[0m[38;2;41;74;106m[48;2;41;74;106m▀[0m[38;2;41;74;106m[48;2;41;74;106m▀[0m[38;2;41;74;106m[48;2;41;74;106m▀[0m[38;2;41;74;106m[48;2;41;74;106m▀[0m[38;2;16;24;49m[48;2;41;74;106m▀[0m[38;2;16;24;49m▄[0m              
            [38;2;16;24;49m[48;2;16;24;49m▀[0m[38;2;41;74;106m[48;2;41;74;106m▀[0m[38;2;41;74;106m[48;2;41;74;106m▀[0m[38;2;41;74;106m[48;2;41;74;106m▀[0m[38;2;41;74;106m[48;2;41;74;106m▀[0m[38;2;41;74;106m[48;2;41;74;106m▀[0m[38;2;41;74;106m[48;2;41;74;106m▀[0m[38;2;41;74;106m[48;2;41;74;106m▀[0m[38;2;41;74;106m[48;2;41;74;106m▀[0m[38;2;41;74;106m[48;2;0;0;0m▀[0m[38;2;16;24;49m[48;2;41;74;106m▀[0m[38;2;41;74;106m[48;2;41;74;106m▀[0m[38;2;41;74;106m[48;2;41;74;106m▀[0m[38;2;41;74;106m[48;2;41;74;106m▀[0m[38;2;41;74;106m[48;2;41;74;106m▀[0m[38;2;41;74;106m[48;2;41;74;106m▀[0m[38;2;41;74;106m[48;2;41;74;106m▀[0m[38;2;41;74;106m[48;2;41;74;106m▀[0m[38;2;41;74;106m[48;2;41;74;106m▀[0m[38;2;41;74;106m[48;2;41;74;106m▀[0m[38;2;41;74;106m[48;2;41;74;106m▀[0m[38;2;41;74;106m[48;2;41;74;106m▀[0m[38;2;41;74;106m[48;2;41;74;106m▀[0m[38;2;41;74;106m[48;2;41;74;106m▀[0m[38;2;41;74;106m[48;2;41;74;106m▀[0m[38;2;41;74;106m[48;2;41;74;106m▀[0m[38;2;41;74;106m[48;2;41;74;106m▀[0m[38;2;0;0;0m[48;2;0;0;0m▀[0m[38;2;0;0;0m▄[0m             
           [38;2;0;0;0m▄[0m[38;2;16;24;49m[48;2;0;0;0m▀[0m[38;2;41;74;106m[48;2;41;74;106m▀[0m[38;2;41;74;106m[48;2;41;74;106m▀[0m[38;2;41;74;106m[48;2;41;74;106m▀[0m[38;2;41;74;106m[48;2;41;74;106m▀[0m[38;2;41;74;106m[48;2;41;74;106m▀[0m[38;2;41;74;106m[48;2;41;74;106m▀[0m[38;2;41;74;106m[48;2;41;74;106m▀[0m[38;2;41;74;106m[48;2;41;74;106m▀[0m[38;2;0;0;0m[48;2;41;74;106m▀[0m[38;2;41;74;106m[48;2;0;0;0m▀[0m[38;2;41;74;106m[48;2;41;74;106m▀[0m[38;2;41;74;106m[48;2;41;74;106m▀[0m[38;2;41;74;106m[48;2;41;74;106m▀[0m[38;2;41;74;106m[48;2;41;74;106m▀[0m[38;2;41;74;106m[48;2;41;74;106m▀[0m[38;2;41;74;106m[48;2;41;74;106m▀[0m[38;2;41;74;106m[48;2;41;74;106m▀[0m[38;2;41;74;106m[48;2;41;74;106m▀[0m[38;2;41;74;106m[48;2;41;74;106m▀[0m[38;2;41;74;106m[48;2;41;74;106m▀[0m[38;2;41;74;106m[48;2;41;74;106m▀[0m[38;2;41;74;106m[48;2;41;74;106m▀[0m[38;2;41;74;106m[48;2;41;74;106m▀[0m[38;2;41;74;106m[48;2;41;74;106m▀[0m[38;2;41;74;106m[48;2;41;74;106m▀[0m[38;2;41;74;106m[48;2;16;24;49m▀[0m[38;2;41;74;106m[48;2;0;0;0m▀[0m[38;2;0;0;0m▀[0m             
     [38;2;106;115;82m▄[0m[38;2;106;115;82m▄[0m[38;2;106;115;82m[48;2;156;164;115m▀[0m[38;2;82;74;57m[48;2;156;164;115m▀[0m[38;2;82;74;57m[48;2;156;164;115m▀[0m[38;2;82;74;57m▄[0m[38;2;0;0;0m[48;2;82;74;57m▀[0m[38;2;16;41;74m[48;2;0;0;0m▀[0m[38;2;16;41;74m[48;2;16;41;74m▀[0m[38;2;41;74;106m[48;2;16;41;74m▀[0m[38;2;41;74;106m[48;2;41;74;106m▀[0m[38;2;41;74;106m[48;2;41;74;106m▀[0m[38;2;41;74;106m[48;2;41;74;106m▀[0m[38;2;41;74;106m[48;2;41;74;106m▀[0m[38;2;41;74;106m[48;2;41;74;106m▀[0m[38;2;41;74;106m[48;2;41;74;106m▀[0m[38;2;41;74;106m[48;2;41;74;106m▀[0m[38;2;41;74;106m[48;2;16;24;49m▀[0m[38;2;0;0;0m[48;2;41;74;106m▀[0m[38;2;41;74;106m[48;2;41;74;106m▀[0m[38;2;41;74;106m[48;2;41;74;106m▀[0m[38;2;41;74;106m[48;2;41;74;106m▀[0m[38;2;41;74;106m[48;2;41;74;106m▀[0m[38;2;41;74;106m[48;2;41;74;106m▀[0m[38;2;41;74;106m[48;2;41;74;106m▀[0m[38;2;41;74;106m[48;2;41;74;106m▀[0m[38;2;41;74;106m[48;2;41;74;106m▀[0m[38;2;41;74;106m[48;2;41;74;106m▀[0m[38;2;41;74;106m[48;2;41;74;106m▀[0m[38;2;41;74;106m[48;2;16;41;74m▀[0m[38;2;41;74;106m[48;2;16;41;74m▀[0m[38;2;41;74;106m[48;2;16;41;74m▀[0m[38;2;16;41;74m[48;2;16;24;49m▀[0m[38;2;16;41;74m[48;2;16;24;49m▀[0m[38;2;16;41;74m[48;2;82;74;57m▀[0m[38;2;0;0;0m[48;2;82;74;57m▀[0m[38;2;82;74;57m▄[0m[38;2;106;115;82m▄[0m[38;2;106;115;82m[48;2;156;164;115m▀[0m[38;2;106;115;82m[48;2;156;164;115m▀[0m[38;2;82;74;57m[48;2;156;164;115m▀[0m[38;2;82;74;57m[48;2;156;164;115m▀[0m[38;2;0;0;0m▄[0m[38;2;0;0;0m▄[0m     
  [38;2;0;0;0m▄[0m[38;2;0;0;0m▄[0m[38;2;0;0;0m[48;2;106;115;82m▀[0m[38;2;156;164;115m[48;2;106;115;82m▀[0m[38;2;156;164;115m[48;2;156;164;115m▀[0m[38;2;156;164;115m[48;2;156;164;115m▀[0m[38;2;156;164;115m[48;2;156;164;115m▀[0m[38;2;156;164;115m[48;2;156;164;115m▀[0m[38;2;156;164;115m[48;2;156;164;115m▀[0m[38;2;156;164;115m[48;2;0;0;0m▀[0m[38;2;0;0;0m[48;2;16;41;74m▀[0m[38;2;16;24;49m[48;2;16;41;74m▀[0m[38;2;16;41;74m[48;2;16;41;74m▀[0m[38;2;16;41;74m[48;2;16;41;74m▀[0m[38;2;16;41;74m[48;2;16;41;74m▀[0m[38;2;41;74;106m[48;2;16;41;74m▀[0m[38;2;41;74;106m[48;2;16;41;74m▀[0m[38;2;41;74;106m[48;2;41;74;106m▀[0m[38;2;41;74;106m[48;2;41;74;106m▀[0m[38;2;41;74;106m[48;2;41;74;106m▀[0m[38;2;0;0;0m[48;2;16;41;74m▀[0m[38;2;41;74;106m[48;2;0;0;0m▀[0m[38;2;41;74;106m[48;2;41;74;106m▀[0m[38;2;41;74;106m[48;2;41;74;106m▀[0m[38;2;41;74;106m[48;2;41;74;106m▀[0m[38;2;41;74;106m[48;2;41;74;106m▀[0m[38;2;41;74;106m[48;2;41;74;106m▀[0m[38;2;41;74;106m[48;2;16;41;74m▀[0m[38;2;41;74;106m[48;2;16;41;74m▀[0m[38;2;41;74;106m[48;2;16;41;74m▀[0m[38;2;16;41;74m[48;2;16;41;74m▀[0m[38;2;16;41;74m[48;2;16;41;74m▀[0m[38;2;16;41;74m[48;2;16;41;74m▀[0m[38;2;16;24;49m[48;2;16;41;74m▀[0m[38;2;16;24;49m[48;2;16;41;74m▀[0m[38;2;106;115;82m[48;2;0;0;0m▀[0m[38;2;106;115;82m[48;2;106;115;82m▀[0m[38;2;106;115;82m[48;2;106;115;82m▀[0m[38;2;156;164;115m[48;2;106;115;82m▀[0m[38;2;156;164;115m[48;2;156;164;115m▀[0m[38;2;156;164;115m[48;2;156;164;115m▀[0m[38;2;156;164;115m[48;2;156;164;115m▀[0m[38;2;156;164;115m[48;2;156;164;115m▀[0m[38;2;222;255;82m[48;2;106;115;82m▀[0m[38;2;222;255;82m[48;2;172;189;49m▀[0m[38;2;172;189;49m[48;2;172;189;49m▀[0m[38;2;106;115;82m[48;2;106;115;82m▀[0m[38;2;0;0;0m[48;2;106;115;82m▀[0m[38;2;0;0;0m▄[0m   
[38;2;0;0;0m▄[0m[38;2;0;0;0m[48;2;106;115;82m▀[0m[38;2;8;148;82m[48;2;106;115;82m▀[0m[38;2;8;148;82m[48;2;106;115;82m▀[0m[38;2;106;115;82m[48;2;172;189;49m▀[0m[38;2;172;189;49m[48;2;172;189;49m▀[0m[38;2;106;115;82m[48;2;172;189;49m▀[0m[38;2;156;164;115m[48;2;106;115;82m▀[0m[38;2;156;164;115m[48;2;106;115;82m▀[0m[38;2;106;115;82m[48;2;106;115;82m▀[0m[38;2;106;115;82m[48;2;106;115;82m▀[0m[38;2;106;115;82m[48;2;106;115;82m▀[0m[38;2;16;24;49m[48;2;0;0;0m▀[0m[38;2;16;41;74m[48;2;0;0;0m▀[0m[38;2;16;24;49m[48;2;0;0;0m▀[0m[38;2;16;24;49m▀[0m[38;2;16;41;74m[48;2;0;0;0m▀[0m[38;2;16;41;74m[48;2;0;0;0m▀[0m[38;2;16;41;74m[48;2;16;41;74m▀[0m[38;2;16;41;74m[48;2;16;41;74m▀[0m[38;2;16;41;74m[48;2;16;41;74m▀[0m[38;2;16;41;74m[48;2;16;41;74m▀[0m[38;2;16;41;74m[48;2;16;41;74m▀[0m[38;2;16;41;74m[48;2;0;0;0m▀[0m[38;2;0;0;0m[48;2;16;41;74m▀[0m[38;2;16;41;74m[48;2;16;41;74m▀[0m[38;2;16;41;74m[48;2;16;41;74m▀[0m[38;2;16;41;74m[48;2;16;41;74m▀[0m[38;2;16;41;74m[48;2;16;41;74m▀[0m[38;2;16;41;74m[48;2;16;41;74m▀[0m[38;2;16;41;74m[48;2;16;41;74m▀[0m[38;2;16;41;74m[48;2;16;41;74m▀[0m[38;2;16;41;74m[48;2;16;41;74m▀[0m[38;2;16;41;74m[48;2;16;41;74m▀[0m[38;2;16;41;74m[48;2;0;0;0m▀[0m[38;2;16;41;74m[48;2;0;0;0m▀[0m[38;2;0;0;0m▀[0m[38;2;0;0;0m▀[0m[38;2;0;0;0m▀[0m[38;2;106;115;82m[48;2;0;0;0m▀[0m[38;2;106;115;82m[48;2;0;0;0m▀[0m[38;2;106;115;82m[48;2;106;115;82m▀[0m[38;2;106;115;82m[48;2;106;115;82m▀[0m[38;2;106;115;82m[48;2;106;115;82m▀[0m[38;2;106;115;82m[48;2;106;115;82m▀[0m[38;2;106;115;82m[48;2;106;115;82m▀[0m[38;2;106;115;82m[48;2;106;115;82m▀[0m[38;2;106;115;82m[48;2;106;115;82m▀[0m[38;2;106;115;82m[48;2;8;148;82m▀[0m[38;2;106;115;82m[48;2;8;148;82m▀[0m[38;2;106;115;82m[48;2;8;148;82m▀[0m[38;2;0;0;0m[48;2;106;115;82m▀[0m[38;2;0;0;0m[48;2;106;115;82m▀[0m[38;2;0;0;0m▄[0m
[38;2;0;0;0m▀[0m[38;2;106;115;82m[48;2;0;0;0m▀[0m[38;2;106;115;82m[48;2;106;115;82m▀[0m[38;2;106;115;82m[48;2;106;115;82m▀[0m[38;2;172;189;49m[48;2;0;0;0m▀[0m[38;2;172;189;49m[48;2;0;0;0m▀[0m[38;2;106;115;82m[48;2;0;0;0m▀[0m[38;2;106;115;82m[48;2;82;74;57m▀[0m[38;2;106;115;82m[48;2;106;115;82m▀[0m[38;2;106;115;82m[48;2;106;115;82m▀[0m[38;2;106;115;82m[48;2;106;115;82m▀[0m[38;2;0;0;0m[48;2;0;0;0m▀[0m     [38;2;0;0;0m▄[0m[38;2;0;0;0m[48;2;16;24;49m▀[0m[38;2;0;0;0m[48;2;16;41;74m▀[0m[38;2;16;24;49m[48;2;16;24;49m▀[0m[38;2;16;41;74m[48;2;0;0;0m▀[0m[38;2;16;41;74m[48;2;0;0;0m▀[0m[38;2;16;41;74m[48;2;0;0;0m▀[0m[38;2;0;0;0m[48;2;0;0;0m▀[0m[38;2;16;24;49m[48;2;0;0;0m▀[0m[38;2;16;41;74m[48;2;0;0;0m▀[0m[38;2;16;41;74m[48;2;0;0;0m▀[0m[38;2;16;41;74m[48;2;0;0;0m▀[0m[38;2;16;41;74m[48;2;0;0;0m▀[0m[38;2;0;0;0m[48;2;16;41;74m▀[0m[38;2;0;0;0m[48;2;16;41;74m▀[0m[38;2;0;0;0m[48;2;16;41;74m▀[0m[38;2;0;0;0m[48;2;16;41;74m▀[0m[38;2;16;24;49m▄[0m      [38;2;0;0;0m▀[0m[38;2;0;0;0m▀[0m[38;2;106;115;82m[48;2;0;0;0m▀[0m[38;2;106;115;82m[48;2;106;115;82m▀[0m[38;2;106;115;82m[48;2;106;115;82m▀[0m[38;2;106;115;82m[48;2;106;115;82m▀[0m[38;2;106;115;82m[48;2;0;0;0m▀[0m[38;2;106;115;82m[48;2;0;0;0m▀[0m[38;2;8;148;82m[48;2;0;0;0m▀[0m[38;2;8;148;82m[48;2;106;115;82m▀[0m[38;2;106;115;82m[48;2;106;115;82m▀[0m[38;2;106;115;82m[48;2;0;0;0m▀[0m[38;2;0;0;0m▀[0m
  [38;2;0;0;0m▀[0m[38;2;0;0;0m▀[0m    [38;2;82;74;57m▀[0m[38;2;0;0;0m▀[0m[38;2;0;0;0m▀[0m     [38;2;0;0;0m[48;2;0;0;0m▀[0m[38;2;16;41;74m[48;2;16;41;74m▀[0m[38;2;16;41;74m[48;2;16;41;74m▀[0m[38;2;16;41;74m[48;2;16;41;74m▀[0m[38;2;16;41;74m[48;2;16;24;49m▀[0m[38;2;16;41;74m[48;2;0;0;0m▀[0m[38;2;0;0;0m▀[0m      [38;2;0;0;0m▀[0m[38;2;16;41;74m[48;2;0;0;0m▀[0m[38;2;16;41;74m[48;2;0;0;0m▀[0m[38;2;16;41;74m[48;2;16;41;74m▀[0m[38;2;16;41;74m[48;2;16;41;74m▀[0m[38;2;16;41;74m[48;2;16;24;49m▀[0m[38;2;16;24;49m[48;2;0;0;0m▀[0m        [38;2;0;0;0m▀[0m[38;2;0;0;0m▀[0m[38;2;0;0;0m▀[0m   [38;2;0;0;0m▀[0m[38;2;0;0;0m▀[0m  
                 [38;2;0;0;0m▀[0m[38;2;0;0;0m▀[0m[38;2;0;0;0m▀[0m            [38;2;0;0;0m▀[0m[38;2;0;0;0m▀[0m[38;2;0;0;0m▀[0m                   
[0m