       [38;2;24;82;148m▄[0m[38;2;24;82;148m[48;2;222;222;222m▀[0m[38;2;24;82;148m[48;2;98;164;230m▀[0m[38;2;16;16;16m▄[0m       
       [38;2;24;82;148m[48;2;24;82;148m▀[0m[38;2;222;222;222m[48;2;98;164;230m▀[0m[38;2;41;106;189m[48;2;24;82;148m▀[0m[38;2;16;16;16m[48;2;16;16;16m▀[0m       
      [38;2;24;82;148m▄[0m[38;2;24;82;148m[48;2;98;164;230m▀[0m[38;2;98;164;230m[48;2;41;106;189m▀[0m[38;2;24;82;148m[48;2;24;82;148m▀[0m[38;2;16;16;16m[48;2;24;82;148m▀[0m[38;2;16;16;16m▄[0m      
      [38;2;24;82;148m[48;2;16;16;16m▀[0m[38;2;98;164;230m[48;2;24;82;148m▀[0m[38;2;24;82;148m[48;2;24;82;148m▀[0m[38;2;24;82;148m[48;2;24;82;148m▀[0m[38;2;24;82;148m[48;2;16;16;16m▀[0m[38;2;16;16;16m[48;2;16;16;16m▀[0m      
   [38;2;16;16;16m▄[0m[38;2;16;16;16m[48;2;24;82;148m▀[0m[38;2;16;16;16m[48;2;24;82;148m▀[0m[38;2;24;82;148m[48;2;24;82;148m▀[0m[38;2;41;106;189m[48;2;24;82;148m▀[0m[38;2;41;106;189m[48;2;24;82;148m▀[0m[38;2;24;82;148m[48;2;24;82;148m▀[0m[38;2;24;82;148m[48;2;24;82;148m▀[0m[38;2;24;82;148m[48;2;24;82;148m▀[0m[38;2;16;16;16m[48;2;24;82;148m▀[0m[38;2;16;16;16m[48;2;24;82;148m▀[0m[38;2;16;16;16m▄[0m   
 [38;2;16;16;16m▄[0m[38;2;16;16;16m[48;2;24;82;148m▀[0m[38;2;41;106;189m[48;2;98;164;230m▀[0m[38;2;98;164;230m[48;2;222;222;222m▀[0m[38;2;98;164;230m[48;2;222;222;222m▀[0m[38;2;41;106;189m[48;2;98;164;230m▀[0m[38;2;24;82;148m[48;2;24;82;148m▀[0m[38;2;24;82;148m[48;2;24;82;148m▀[0m[38;2;24;82;148m[48;2;24;82;148m▀[0m[38;2;24;82;148m[48;2;24;82;148m▀[0m[38;2;24;82;148m[48;2;24;82;148m▀[0m[38;2;24;82;148m[48;2;24;82;148m▀[0m[38;2;24;82;148m[48;2;24;82;148m▀[0m[38;2;24;82;148m[48;2;24;82;148m▀[0m[38;2;16;16;16m[48;2;24;82;148m▀[0m[38;2;16;16;16m▄[0m 
[38;2;16;16;16m▄[0m[38;2;16;16;16m[48;2;24;82;148m▀[0m[38;2;24;82;148m[48;2;24;82;148m▀[0m[38;2;98;164;230m[48;2;41;106;189m▀[0m[38;2;222;222;222m[48;2;98;164;230m▀[0m[38;2;222;222;222m[48;2;98;164;230m▀[0m[38;2;98;164;230m[48;2;41;106;189m▀[0m[38;2;24;82;148m[48;2;24;82;148m▀[0m[38;2;24;82;148m[48;2;24;82;148m▀[0m[38;2;24;82;148m[48;2;24;82;148m▀[0m[38;2;24;82;148m[48;2;24;82;148m▀[0m[38;2;24;82;148m[48;2;24;82;148m▀[0m[38;2;24;82;148m[48;2;24;82;148m▀[0m[38;2;24;82;148m[48;2;24;82;148m▀[0m[38;2;24;82;148m[48;2;24;82;148m▀[0m[38;2;24;82;148m[48;2;24;82;148m▀[0m[38;2;16;16;16m[48;2;24;82;148m▀[0m[38;2;16;16;16m▄[0m
[38;2;16;16;16m[48;2;16;16;16m▀[0m[38;2;24;82;148m[48;2;24;82;148m▀[0m[38;2;24;82;148m[48;2;24;82;148m▀[0m[38;2;24;82;148m[48;2;24;82;148m▀[0m[38;2;24;82;148m[48;2;24;82;148m▀[0m[38;2;24;82;148m[48;2;24;82;148m▀[0m[38;2;24;82;148m[48;2;24;82;148m▀[0m[38;2;24;82;148m[48;2;24;82;148m▀[0m[38;2;24;82;148m[48;2;24;82;148m▀[0m[38;2;24;82;148m[48;2;24;82;148m▀[0m[38;2;24;82;148m[48;2;24;82;148m▀[0m[38;2;24;82;148m[48;2;24;82;148m▀[0m[38;2;24;82;148m[48;2;24;82;148m▀[0m[38;2;24;82;148m[48;2;24;82;148m▀[0m[38;2;24;82;148m[48;2;24;82;148m▀[0m[38;2;24;82;148m[48;2;24;82;148m▀[0m[38;2;24;82;148m[48;2;24;82;148m▀[0m[38;2;16;16;16m[48;2;16;16;16m▀[0m
[38;2;16;16;16m▀[0m[38;2;24;82;148m[48;2;16;16;16m▀[0m[38;2;24;82;148m[48;2;24;82;148m▀[0m[38;2;24;82;148m[48;2;24;82;148m▀[0m[38;2;24;82;148m[48;2;24;82;148m▀[0m[38;2;24;82;148m[48;2;24;82;148m▀[0m[38;2;24;82;148m[48;2;24;82;148m▀[0m[38;2;24;82;148m[48;2;24;82;148m▀[0m[38;2;24;82;148m[48;2;24;82;148m▀[0m[38;2;24;82;148m[48;2;24;82;148m▀[0m[38;2;24;82;148m[48;2;24;82;148m▀[0m[38;2;24;82;148m[48;2;24;82;148m▀[0m[38;2;24;82;148m[48;2;24;82;148m▀[0m[38;2;24;82;148m[48;2;24;82;148m▀[0m[38;2;24;82;148m[48;2;24;82;148m▀[0m[38;2;24;82;148m[48;2;24;82;148m▀[0m[38;2;24;82;148m[48;2;16;16;16m▀[0m[38;2;16;16;16m▀[0m
 [38;2;16;16;16m▀[0m[38;2;24;82;148m[48;2;16;16;16m▀[0m[38;2;24;82;148m[48;2;24;82;148m▀[0m[38;2;24;82;148m[48;2;24;82;148m▀[0m[38;2;24;82;148m[48;2;24;82;148m▀[0m[38;2;24;82;148m[48;2;24;82;148m▀[0m[38;2;24;82;148m[48;2;24;82;148m▀[0m[38;2;24;82;148m[48;2;24;82;148m▀[0m[38;2;24;82;148m[48;2;24;82;148m▀[0m[38;2;24;82;148m[48;2;24;82;148m▀[0m[38;2;24;82;148m[48;2;24;82;148m▀[0m[38;2;24;82;148m[48;2;24;82;148m▀[0m[38;2;24;82;148m[48;2;24;82;148m▀[0m[38;2;24;82;148m[48;2;24;82;148m▀[0m[38;2;24;82;148m[48;2;16;16;16m▀[0m[38;2;16;16;16m▀[0m 
   [38;2;16;16;16m▀[0m[38;2;24;82;148m[48;2;16;16;16m▀[0m[38;2;24;82;148m[48;2;24;82;148m▀[0m[38;2;24;82;148m[48;2;24;82;148m▀[0m[38;2;24;82;148m[48;2;24;82;148m▀[0m[38;2;24;82;148m[48;2;24;82;148m▀[0m[38;2;24;82;148m[48;2;24;82;148m▀[0m[38;2;24;82;148m[48;2;24;82;148m▀[0m[38;2;24;82;148m[48;2;24;82;148m▀[0m[38;2;24;82;148m[48;2;24;82;148m▀[0m[38;2;24;82;148m[48;2;16;16;16m▀[0m[38;2;16;16;16m▀[0m   
   [38;2;24;82;148m▄[0m[38;2;16;16;16m[48;2;41;106;189m▀[0m[38;2;98;164;230m[48;2;98;164;230m▀[0m[38;2;24;82;148m[48;2;24;82;148m▀[0m[38;2;16;16;16m[48;2;16;16;16m▀[0m[38;2;16;16;16m▀[0m[38;2;16;16;16m▀[0m[38;2;16;16;16m[48;2;16;16;16m▀[0m[38;2;24;82;148m[48;2;24;82;148m▀[0m[38;2;24;82;148m[48;2;24;82;148m▀[0m[38;2;16;16;16m[48;2;24;82;148m▀[0m[38;2;16;16;16m▄[0m   
   [38;2;24;82;148m[48;2;24;82;148m▀[0m[38;2;222;222;222m[48;2;222;222;222m▀[0m[38;2;41;106;189m[48;2;24;82;148m▀[0m[38;2;16;16;16m[48;2;16;16;16m▀[0m[38;2;16;16;16m▄[0m  [38;2;16;16;16m▄[0m[38;2;16;16;16m[48;2;16;16;16m▀[0m[38;2;24;82;148m[48;2;24;82;148m▀[0m[38;2;24;82;148m[48;2;24;82;148m▀[0m[38;2;16;16;16m[48;2;16;16;16m▀[0m   
  [38;2;24;82;148m▄[0m[38;2;24;82;148m[48;2;222;222;222m▀[0m[38;2;98;164;230m[48;2;41;106;189m▀[0m[38;2;24;82;148m[48;2;24;82;148m▀[0m[38;2;98;164;230m[48;2;24;82;148m▀[0m[38;2;24;82;148m[48;2;222;222;222m▀[0m[38;2;16;16;16m[48;2;98;164;230m▀[0m[38;2;16;16;16m[48;2;41;106;189m▀[0m[38;2;24;82;148m[48;2;24;82;148m▀[0m[38;2;24;82;148m[48;2;24;82;148m▀[0m[38;2;24;82;148m[48;2;41;106;189m▀[0m[38;2;24;82;148m[48;2;24;82;148m▀[0m[38;2;16;16;16m[48;2;24;82;148m▀[0m[38;2;16;16;16m▄[0m  
  [38;2;24;82;148m[48;2;24;82;148m▀[0m[38;2;222;222;222m[48;2;98;164;230m▀[0m[38;2;24;82;148m[48;2;24;82;148m▀[0m[38;2;24;82;148m[48;2;24;82;148m▀[0m[38;2;16;16;16m[48;2;16;16;16m▀[0m[38;2;24;82;148m[48;2;16;16;16m▀[0m[38;2;24;82;148m[48;2;16;16;16m▀[0m[38;2;24;82;148m[48;2;16;16;16m▀[0m[38;2;24;82;148m[48;2;16;16;16m▀[0m[38;2;16;16;16m[48;2;16;16;16m▀[0m[38;2;98;164;230m[48;2;98;164;230m▀[0m[38;2;24;82;148m[48;2;24;82;148m▀[0m[38;2;24;82;148m[48;2;24;82;148m▀[0m[38;2;16;16;16m[48;2;16;16;16m▀[0m  
 [38;2;24;82;148m[48;2;24;82;148m▀[0m[38;2;222;222;222m[48;2;98;164;230m▀[0m[38;2;41;106;189m[48;2;24;82;148m▀[0m[38;2;24;82;148m[48;2;24;82;148m▀[0m[38;2;24;82;148m[48;2;16;16;16m▀[0m[38;2;16;16;16m▀[0m    [38;2;16;16;16m▀[0m[38;2;41;106;189m[48;2;16;16;16m▀[0m[38;2;98;164;230m[48;2;98;164;230m▀[0m[38;2;24;82;148m[48;2;24;82;148m▀[0m[38;2;24;82;148m[48;2;24;82;148m▀[0m[38;2;16;16;16m[48;2;16;16;16m▀[0m 
 [38;2;24;82;148m▀[0m[38;2;41;106;189m[48;2;16;16;16m▀[0m[38;2;24;82;148m[48;2;16;16;16m▀[0m[38;2;24;82;148m[48;2;16;16;16m▀[0m[38;2;16;16;16m▀[0m      [38;2;16;16;16m▀[0m[38;2;41;106;189m[48;2;16;16;16m▀[0m[38;2;24;82;148m[48;2;16;16;16m▀[0m[38;2;24;82;148m[48;2;16;16;16m▀[0m[38;2;16;16;16m▀[0m 
[0m