                [38;2;15;15;15m[48;2;7;5;2m▀[0m[38;2;19;19;20m[48;2;45;53;65m▀[0m[38;2;17;17;19m[48;2;56;65;82m▀[0m[38;2;0;0;0m[48;2;12;12;12m▀[0m[38;2;0;0;0m▄[0m                   
                [38;2;7;5;2m[48;2;8;5;2m▀[0m[38;2;40;47;58m[48;2;41;50;62m▀[0m[38;2;95;114;142m[48;2;93;111;139m▀[0m[38;2;62;71;83m[48;2;65;75;89m▀[0m[38;2;4;0;0m[48;2;18;18;18m▀[0m[38;2;0;0;0m▄[0m                  
                [38;2;12;0;0m▄[0m[38;2;65;81;102m[48;2;16;18;18m▀[0m[38;2;71;86;109m[48;2;49;58;72m▀[0m[38;2;92;110;137m[48;2;73;88;113m▀[0m[38;2;60;69;81m[48;2;38;45;55m▀[0m[38;2;6;2;0m[48;2;8;5;2m▀[0m                  
                [38;2;7;4;2m[48;2;7;4;2m▀[0m[38;2;44;51;62m[48;2;42;49;61m▀[0m[38;2;87;105;134m[48;2;87;105;132m▀[0m[38;2;60;69;84m[48;2;105;124;150m▀[0m[38;2;24;25;27m[48;2;62;70;83m▀[0m[38;2;0;0;0m[48;2;4;2;0m▀[0m                  
                [38;2;7;3;3m▀[0m[38;2;36;41;48m[48;2;0;0;0m▀[0m[38;2;64;78;99m[48;2;42;50;60m▀[0m[38;2;89;106;134m[48;2;69;84;107m▀[0m[38;2;56;65;77m[48;2;35;41;48m▀[0m[38;2;6;4;0m[48;2;10;7;3m▀[0m                  
                 [38;2;7;7;2m[48;2;7;7;2m▀[0m[38;2;47;55;68m[48;2;47;55;68m▀[0m[38;2;49;57;71m[48;2;51;60;75m▀[0m[38;2;2;0;0m[48;2;8;6;2m▀[0m                   
                 [38;2;7;7;2m[48;2;7;7;2m▀[0m[38;2;47;55;68m[48;2;47;55;68m▀[0m[38;2;51;60;75m[48;2;49;57;71m▀[0m[38;2;8;6;2m[48;2;4;0;0m▀[0m                   
           [38;2;87;55;74m[48;2;75;56;71m▀[0m[38;2;85;59;77m[48;2;118;72;102m▀[0m[38;2;72;55;66m[48;2;177;87;143m▀[0m[38;2;70;55;68m[48;2;117;61;97m▀[0m[38;2;0;0;0m▄[0m[38;2;0;0;0m▄[0m[38;2;0;0;0m[48;2;36;42;50m▀[0m[38;2;42;49;60m[48;2;67;81;103m▀[0m[38;2;72;86;110m[48;2;81;99;126m▀[0m[38;2;53;62;77m[48;2;52;61;77m▀[0m[38;2;9;6;3m▄[0m  [38;2;68;51;63m▄[0m[38;2;73;55;67m▄[0m[38;2;89;63;80m▄[0m[38;2;88;62;83m▄[0m            
           [38;2;15;15;15m[48;2;0;3;0m▀[0m[38;2;85;47;70m[48;2;55;35;49m▀[0m[38;2;221;98;173m[48;2;160;84;136m▀[0m[38;2;192;87;152m[48;2;153;81;130m▀[0m[38;2;131;68;107m[48;2;108;59;91m▀[0m[38;2;40;30;34m[48;2;36;41;48m▀[0m[38;2;36;45;53m[48;2;68;84;106m▀[0m[38;2;80;97;125m[48;2;75;91;117m▀[0m[38;2;78;95;121m[48;2;78;95;121m▀[0m[38;2;45;53;65m[48;2;43;50;61m▀[0m[38;2;8;6;2m[48;2;0;0;0m▀[0m[38;2;72;59;69m▄[0m[38;2;52;48;55m[48;2;142;75;117m▀[0m[38;2;138;75;115m[48;2;201;92;159m▀[0m[38;2;185;90;148m[48;2;222;98;175m▀[0m[38;2;81;48;68m[48;2;76;41;62m▀[0m[38;2;23;20;23m[48;2;0;6;0m▀[0m            
           [38;2;0;0;0m▀[0m[38;2;16;16;19m[48;2;76;55;68m▀[0m[38;2;66;42;60m[48;2;58;43;53m▀[0m[38;2;148;83;130m[48;2;47;34;43m▀[0m[38;2;84;48;72m[48;2;89;58;77m▀[0m[38;2;28;40;46m[48;2;72;65;83m▀[0m[38;2;79;97;124m[48;2;74;93;119m▀[0m[38;2;74;90;115m[48;2;74;90;115m▀[0m[38;2;75;91;116m[48;2;74;90;115m▀[0m[38;2;72;88;112m[48;2;75;92;117m▀[0m[38;2;30;39;46m[48;2;65;85;107m▀[0m[38;2;76;44;64m[48;2;110;79;114m▀[0m[38;2;145;79;125m[48;2;114;68;99m▀[0m[38;2;154;81;131m[48;2;46;34;42m▀[0m[38;2;128;75;111m[48;2;19;19;19m▀[0m[38;2;75;50;66m[48;2;7;15;11m▀[0m[38;2;0;0;0m▀[0m            
      [38;2;141;75;132m▄[0m[38;2;130;74;114m▄[0m[38;2;76;56;70m▄[0m[38;2;78;52;71m[48;2;91;59;81m▀[0m[38;2;85;60;77m[48;2;131;75;116m▀[0m[38;2;78;54;71m[48;2;132;75;117m▀[0m[38;2;96;62;85m[48;2;101;59;88m▀[0m[38;2;137;77;119m[48;2;14;13;12m▀[0m[38;2;84;48;71m[48;2;40;41;50m▀[0m[38;2;34;39;46m[48;2;74;91;117m▀[0m[38;2;79;93;119m[48;2;75;92;118m▀[0m[38;2;74;90;115m[48;2;75;91;117m▀[0m[38;2;74;90;115m[48;2;75;91;117m▀[0m[38;2;74;90;115m[48;2;75;91;117m▀[0m[38;2;74;90;115m[48;2;75;91;117m▀[0m[38;2;78;95;122m[48;2;75;91;116m▀[0m[38;2;40;46;57m[48;2;69;88;112m▀[0m[38;2;85;48;72m[48;2;79;68;88m▀[0m[38;2;127;72;111m[48;2;84;56;73m▀[0m[38;2;121;68;106m[48;2;117;69;104m▀[0m[38;2;97;62;87m[48;2;133;75;117m▀[0m[38;2;29;25;27m[48;2;124;71;109m▀[0m[38;2;10;13;11m[48;2;130;74;114m▀[0m[38;2;11;17;11m[48;2;40;27;35m▀[0m[38;2;11;14;11m▄[0m[38;2;13;13;13m▄[0m        
   [38;2;109;72;97m▄[0m[38;2;133;85;109m[48;2;142;78;124m▀[0m[38;2;130;75;114m[48;2;199;91;157m▀[0m[38;2;86;58;77m[48;2;196;90;156m▀[0m[38;2;135;75;118m[48;2;186;88;150m▀[0m[38;2;129;74;113m[48;2;129;73;115m▀[0m[38;2;130;74;114m[48;2;121;71;106m▀[0m[38;2;135;76;118m[48;2;66;48;60m▀[0m[38;2;102;58;88m[48;2;16;16;16m▀[0m[38;2;27;34;39m[48;2;17;15;15m▀[0m[38;2;74;91;116m[48;2;33;41;49m▀[0m[38;2;75;91;117m[48;2;115;101;125m▀[0m[38;2;54;65;81m[48;2;185;106;123m▀[0m[38;2;15;14;14m[48;2;176;104;120m▀[0m[38;2;18;19;20m[48;2;177;104;121m▀[0m[38;2;18;19;20m[48;2;177;104;121m▀[0m[38;2;18;19;20m[48;2;177;104;121m▀[0m[38;2;15;14;14m[48;2;176;104;120m▀[0m[38;2;49;57;72m[48;2;184;106;123m▀[0m[38;2;77;94;121m[48;2;123;102;125m▀[0m[38;2;74;89;114m[48;2;37;46;58m▀[0m[38;2;73;90;115m[48;2;18;16;16m▀[0m[38;2;80;68;88m[48;2;12;14;14m▀[0m[38;2;82;55;71m[48;2;93;57;68m▀[0m[38;2;118;70;105m[48;2;95;63;80m▀[0m[38;2;134;76;117m[48;2;117;69;104m▀[0m[38;2;127;72;112m[48;2;129;73;115m▀[0m[38;2;132;75;116m[48;2;184;87;148m▀[0m[38;2;35;25;33m[48;2;196;89;155m▀[0m[38;2;9;12;10m[48;2;199;90;157m▀[0m[38;2;77;55;70m[48;2;102;64;88m▀[0m[38;2;88;68;78m[48;2;25;22;25m▀[0m[38;2;9;9;9m▄[0m    
 [38;2;28;28;28m▄[0m[38;2;74;53;63m[48;2;93;62;83m▀[0m[38;2;97;62;85m[48;2;202;92;159m▀[0m[38;2;201;91;159m[48;2;192;89;153m▀[0m[38;2;197;90;156m[48;2;198;90;157m▀[0m[38;2;197;90;156m[48;2;198;91;157m▀[0m[38;2;201;91;159m[48;2;165;79;133m▀[0m[38;2;160;75;127m[48;2;98;67;81m▀[0m[38;2;23;22;22m[48;2;189;110;128m▀[0m[38;2;112;73;91m[48;2;181;107;124m▀[0m[38;2;187;109;126m[48;2;180;106;123m▀[0m[38;2;180;106;123m[48;2;180;106;123m▀[0m[38;2;180;106;123m[48;2;180;106;123m▀[0m[38;2;180;106;123m[48;2;180;106;123m▀[0m[38;2;180;106;123m[48;2;180;106;123m▀[0m[38;2;180;106;123m[48;2;180;106;123m▀[0m[38;2;180;106;123m[48;2;180;106;123m▀[0m[38;2;180;106;123m[48;2;180;106;123m▀[0m[38;2;180;106;123m[48;2;180;106;123m▀[0m[38;2;180;106;123m[48;2;180;106;123m▀[0m[38;2;180;106;123m[48;2;180;106;123m▀[0m[38;2;180;106;123m[48;2;180;106;123m▀[0m[38;2;180;106;123m[48;2;180;106;123m▀[0m[38;2;184;108;125m[48;2;180;106;123m▀[0m[38;2;144;86;102m[48;2;181;106;123m▀[0m[38;2;124;75;91m[48;2;185;108;125m▀[0m[38;2;126;75;91m[48;2;142;85;101m▀[0m[38;2;85;59;73m[48;2;129;77;93m▀[0m[38;2;166;81;134m[48;2;86;60;72m▀[0m[38;2;199;91;157m[48;2;169;82;136m▀[0m[38;2;197;90;156m[48;2;199;91;157m▀[0m[38;2;197;90;156m[48;2;197;90;156m▀[0m[38;2;197;90;156m[48;2;197;90;156m▀[0m[38;2;205;93;162m[48;2;197;90;156m▀[0m[38;2;40;26;35m[48;2;206;94;163m▀[0m[38;2;0;9;0m[48;2;42;27;36m▀[0m[38;2;0;8;0m▄[0m  
[38;2;79;55;71m[48;2;76;54;69m▀[0m[38;2;27;23;25m[48;2;95;62;85m▀[0m[38;2;145;78;124m[48;2;199;91;157m▀[0m[38;2;188;88;151m[48;2;124;72;110m▀[0m[38;2;139;76;120m[48;2;204;92;161m▀[0m[38;2;200;91;158m[48;2;168;80;136m▀[0m[38;2;154;72;122m[48;2;29;26;25m▀[0m[38;2;43;33;32m[48;2;196;115;133m▀[0m[38;2;192;112;130m[48;2;180;106;123m▀[0m[38;2;180;106;123m[48;2;180;106;123m▀[0m[38;2;180;106;123m[48;2;180;106;123m▀[0m[38;2;180;106;123m[48;2;180;106;123m▀[0m[38;2;180;106;123m[48;2;180;106;123m▀[0m[38;2;180;106;123m[48;2;180;106;123m▀[0m[38;2;180;106;123m[48;2;180;106;123m▀[0m[38;2;180;106;123m[48;2;180;106;123m▀[0m[38;2;180;106;123m[48;2;180;106;123m▀[0m[38;2;180;106;123m[48;2;180;106;123m▀[0m[38;2;180;106;123m[48;2;180;106;123m▀[0m[38;2;180;106;123m[48;2;180;106;123m▀[0m[38;2;180;106;123m[48;2;180;106;123m▀[0m[38;2;180;106;123m[48;2;180;106;123m▀[0m[38;2;180;106;123m[48;2;180;106;123m▀[0m[38;2;180;106;123m[48;2;180;106;123m▀[0m[38;2;180;106;123m[48;2;180;106;123m▀[0m[38;2;180;106;123m[48;2;180;106;123m▀[0m[38;2;180;106;123m[48;2;180;106;123m▀[0m[38;2;181;107;124m[48;2;180;106;123m▀[0m[38;2;186;109;126m[48;2;180;106;123m▀[0m[38;2;142;85;100m[48;2;188;110;127m▀[0m[38;2;118;70;101m[48;2;106;71;85m▀[0m[38;2;186;87;149m[48;2;162;80;131m▀[0m[38;2;198;90;157m[48;2;196;90;156m▀[0m[38;2;198;90;157m[48;2;189;88;151m▀[0m[38;2;197;90;156m[48;2;199;91;157m▀[0m[38;2;189;88;151m[48;2;141;77;121m▀[0m[38;2;208;94;164m[48;2;184;87;148m▀[0m[38;2;45;28;38m[48;2;207;94;164m▀[0m[38;2;0;7;0m[48;2;48;30;42m▀[0m[38;2;18;12;18m▄[0m
[38;2;15;15;16m[48;2;20;16;19m▀[0m[38;2;153;81;130m[48;2;160;75;127m▀[0m[38;2;183;87;147m[48;2;98;60;88m▀[0m[38;2;87;58;78m[48;2;74;50;66m▀[0m[38;2;198;91;157m[48;2;145;68;115m▀[0m[38;2;98;60;88m[48;2;43;32;33m▀[0m[38;2;113;73;90m[48;2;193;113;130m▀[0m[38;2;184;108;125m[48;2;180;106;123m▀[0m[38;2;180;106;123m[48;2;180;106;123m▀[0m[38;2;180;106;123m[48;2;180;106;123m▀[0m[38;2;180;106;123m[48;2;180;106;123m▀[0m[38;2;180;106;123m[48;2;180;106;123m▀[0m[38;2;180;106;123m[48;2;180;106;123m▀[0m[38;2;180;106;123m[48;2;180;106;123m▀[0m[38;2;180;106;123m[48;2;180;106;123m▀[0m[38;2;180;106;123m[48;2;180;106;123m▀[0m[38;2;180;106;123m[48;2;180;106;123m▀[0m[38;2;180;106;123m[48;2;180;106;123m▀[0m[38;2;180;106;123m[48;2;180;106;123m▀[0m[38;2;180;106;123m[48;2;180;106;123m▀[0m[38;2;180;106;123m[48;2;180;106;123m▀[0m[38;2;180;106;123m[48;2;180;106;123m▀[0m[38;2;180;106;123m[48;2;180;106;123m▀[0m[38;2;180;106;123m[48;2;180;106;123m▀[0m[38;2;180;106;123m[48;2;180;106;123m▀[0m[38;2;180;106;123m[48;2;180;106;123m▀[0m[38;2;180;106;123m[48;2;180;106;123m▀[0m[38;2;180;106;123m[48;2;180;106;123m▀[0m[38;2;180;106;123m[48;2;180;106;123m▀[0m[38;2;180;106;123m[48;2;180;106;123m▀[0m[38;2;191;111;129m[48;2;186;109;126m▀[0m[38;2;88;63;75m[48;2;89;62;76m▀[0m[38;2;180;85;144m[48;2;185;87;149m▀[0m[38;2;133;75;117m[48;2;154;80;130m▀[0m[38;2;191;89;153m[48;2;166;81;135m▀[0m[38;2;204;92;161m[48;2;199;90;157m▀[0m[38;2;122;71;108m[48;2;85;58;76m▀[0m[38;2;197;91;157m[48;2;151;72;120m▀[0m[38;2;208;94;165m[48;2;203;93;161m▀[0m[38;2;20;18;20m[48;2;20;18;20m▀[0m
 [38;2;0;9;2m▀[0m[38;2;5;10;6m▀[0m[38;2;9;13;10m[48;2;255;255;255m▀[0m[38;2;33;28;30m[48;2;102;69;89m▀[0m[38;2;155;91;110m[48;2;192;112;129m▀[0m[38;2;182;107;124m[48;2;180;106;123m▀[0m[38;2;180;106;123m[48;2;180;106;123m▀[0m[38;2;180;106;123m[48;2;182;107;124m▀[0m[38;2;180;106;123m[48;2;180;106;123m▀[0m[38;2;180;106;123m[48;2;180;106;123m▀[0m[38;2;180;106;123m[48;2;180;106;123m▀[0m[38;2;180;106;123m[48;2;180;106;123m▀[0m[38;2;180;106;123m[48;2;180;106;123m▀[0m[38;2;180;106;123m[48;2;180;106;123m▀[0m[38;2;180;106;123m[48;2;180;106;123m▀[0m[38;2;180;106;123m[48;2;180;106;123m▀[0m[38;2;180;106;123m[48;2;180;106;123m▀[0m[38;2;180;106;123m[48;2;180;106;123m▀[0m[38;2;180;106;123m[48;2;180;106;123m▀[0m[38;2;180;106;123m[48;2;180;106;123m▀[0m[38;2;180;106;123m[48;2;180;106;123m▀[0m[38;2;180;106;123m[48;2;180;106;123m▀[0m[38;2;180;106;123m[48;2;180;106;123m▀[0m[38;2;180;106;123m[48;2;180;106;123m▀[0m[38;2;180;106;123m[48;2;180;106;123m▀[0m[38;2;180;106;123m[48;2;180;106;123m▀[0m[38;2;180;106;123m[48;2;180;106;123m▀[0m[38;2;180;106;123m[48;2;180;106;123m▀[0m[38;2;180;106;123m[48;2;182;107;124m▀[0m[38;2;184;108;125m[48;2;180;106;123m▀[0m[38;2;119;77;92m[48;2;194;113;131m▀[0m[38;2;132;65;107m[48;2;71;49;50m▀[0m[38;2;208;92;163m[48;2;124;60;99m▀[0m[38;2;86;59;77m[48;2;64;43;57m▀[0m[38;2;196;91;156m[48;2;136;66;109m▀[0m[38;2;96;64;86m[48;2;88;59;78m▀[0m[38;2;6;13;8m[48;2;19;17;17m▀[0m[38;2;145;69;116m[48;2;0;8;1m▀[0m[38;2;20;17;18m▀[0m
   [38;2;69;46;69m▀[0m[38;2;92;62;80m▀[0m[38;2;157;95;113m[48;2;86;59;77m▀[0m[38;2;188;110;127m[48;2;146;90;107m▀[0m[38;2;185;109;126m[48;2;103;64;73m▀[0m[38;2;166;98;116m[48;2;91;57;68m▀[0m[38;2;181;107;123m[48;2;187;110;127m▀[0m[38;2;180;106;123m[48;2;181;106;124m▀[0m[38;2;180;106;123m[48;2;183;108;125m▀[0m[38;2;180;106;123m[48;2;180;106;123m▀[0m[38;2;180;106;123m[48;2;180;106;123m▀[0m[38;2;180;106;123m[48;2;180;106;123m▀[0m[38;2;180;106;123m[48;2;180;106;123m▀[0m[38;2;180;106;123m[48;2;180;106;123m▀[0m[38;2;180;106;123m[48;2;180;106;123m▀[0m[38;2;180;106;123m[48;2;180;106;123m▀[0m[38;2;180;106;123m[48;2;180;106;123m▀[0m[38;2;180;106;123m[48;2;182;107;124m▀[0m[38;2;180;106;123m[48;2;182;107;124m▀[0m[38;2;180;106;123m[48;2;180;106;123m▀[0m[38;2;180;106;123m[48;2;180;106;123m▀[0m[38;2;180;106;123m[48;2;180;106;123m▀[0m[38;2;180;106;123m[48;2;180;106;123m▀[0m[38;2;180;106;123m[48;2;183;107;124m▀[0m[38;2;180;106;123m[48;2;181;107;124m▀[0m[38;2;182;107;124m[48;2;183;107;124m▀[0m[38;2;160;95;111m[48;2;150;89;105m▀[0m[38;2;177;105;121m[48;2;151;90;106m▀[0m[38;2;180;106;123m[48;2;176;104;121m▀[0m[38;2;197;115;134m[48;2;187;109;126m▀[0m[38;2;86;56;59m[48;2;161;97;115m▀[0m[38;2;43;33;39m[48;2;102;69;88m▀[0m[38;2;1;10;5m▀[0m    
      [38;2;65;48;63m▀[0m[38;2;0;1;0m[48;2;0;0;0m▀[0m[38;2;43;31;34m[48;2;37;28;30m▀[0m[38;2;201;118;137m[48;2;117;73;84m▀[0m[38;2;177;105;121m[48;2;138;83;98m▀[0m[38;2;164;97;114m[48;2;88;56;65m▀[0m[38;2;181;107;124m[48;2;191;112;130m▀[0m[38;2;180;106;123m[48;2;179;106;123m▀[0m[38;2;180;106;123m[48;2;185;108;125m▀[0m[38;2;183;107;124m[48;2;162;97;115m▀[0m[38;2;184;108;125m[48;2;145;89;106m▀[0m[38;2;180;106;123m[48;2;188;110;127m▀[0m[38;2;180;106;123m[48;2;186;109;126m▀[0m[38;2;184;108;125m[48;2;172;101;118m▀[0m[38;2;168;99;116m[48;2;114;71;87m▀[0m[38;2;168;99;116m[48;2;142;86;103m▀[0m[38;2;181;107;124m[48;2;188;110;127m▀[0m[38;2;180;106;123m[48;2;180;106;123m▀[0m[38;2;180;106;123m[48;2;180;106;123m▀[0m[38;2;182;107;124m[48;2;187;109;126m▀[0m[38;2;160;95;111m[48;2;139;84;100m▀[0m[38;2;172;101;118m[48;2;171;101;118m▀[0m[38;2;181;106;123m[48;2;190;111;128m▀[0m[38;2;187;110;127m[48;2;192;112;129m▀[0m[38;2;130;77;94m[48;2;122;76;94m▀[0m[38;2;176;104;120m[48;2;134;85;103m▀[0m[38;2;152;92;110m[48;2;85;58;74m▀[0m[38;2;91;64;83m[48;2;82;57;76m▀[0m[38;2;39;39;58m[48;2;98;58;78m▀[0m     
        [38;2;0;0;0m▀[0m[38;2;20;18;20m▀[0m[38;2;68;44;53m[48;2;0;0;0m▀[0m[38;2;43;32;35m[48;2;31;25;27m▀[0m[38;2;175;102;121m[48;2;76;50;59m▀[0m[38;2;192;112;129m[48;2;122;78;95m▀[0m[38;2;166;99;116m[48;2;111;71;88m▀[0m[38;2;106;69;86m[48;2;109;68;84m▀[0m[38;2;117;72;89m[48;2;125;75;90m▀[0m[38;2;151;90;106m[48;2;119;72;88m▀[0m[38;2;149;89;105m[48;2;120;72;88m▀[0m[38;2;135;81;97m[48;2;121;73;89m▀[0m[38;2;108;67;83m[48;2;126;75;91m▀[0m[38;2;108;69;86m[48;2;112;68;85m▀[0m[38;2;161;96;113m[48;2;109;70;87m▀[0m[38;2;190;111;128m[48;2;119;76;93m▀[0m[38;2;189;110;127m[48;2;128;81;99m▀[0m[38;2;173;101;119m[48;2;83;54;65m▀[0m[38;2;89;57;66m[48;2;25;20;20m▀[0m[38;2;75;49;55m[48;2;0;0;0m▀[0m[38;2;121;77;92m[48;2;48;38;48m▀[0m[38;2;139;87;106m[48;2;77;54;74m▀[0m[38;2;93;63;81m[48;2;31;31;63m▀[0m[38;2;72;52;70m▀[0m[38;2;0;63;0m▀[0m       
           [38;2;0;4;0m[48;2;0;13;0m▀[0m[38;2;41;31;35m[48;2;27;21;25m▀[0m[38;2;116;72;90m[48;2;79;51;60m▀[0m[38;2;111;69;85m[48;2;135;80;98m▀[0m[38;2;126;75;91m[48;2;122;74;90m▀[0m[38;2;123;74;90m[48;2;123;74;90m▀[0m[38;2;123;74;90m[48;2;123;74;90m▀[0m[38;2;123;74;90m[48;2;123;74;90m▀[0m[38;2;123;74;90m[48;2;123;74;90m▀[0m[38;2;123;74;90m[48;2;123;74;90m▀[0m[38;2;126;75;91m[48;2;123;74;90m▀[0m[38;2;115;70;86m[48;2;133;78;95m▀[0m[38;2;93;62;80m[48;2;75;50;59m▀[0m[38;2;53;40;52m[48;2;15;17;19m▀[0m[38;2;15;17;18m[48;2;0;0;0m▀[0m[38;2;0;0;0m▀[0m             
            [38;2;0;0;0m▀[0m[38;2;18;16;18m[48;2;0;6;3m▀[0m[38;2;74;48;56m[48;2;37;30;35m▀[0m[38;2;131;78;94m[48;2;106;68;86m▀[0m[38;2;123;74;90m[48;2;127;75;91m▀[0m[38;2;123;74;90m[48;2;125;75;91m▀[0m[38;2;123;74;90m[48;2;123;74;90m▀[0m[38;2;123;74;90m[48;2;124;75;91m▀[0m[38;2;123;74;90m[48;2;127;75;91m▀[0m[38;2;127;75;91m[48;2;108;69;86m▀[0m[38;2;116;73;91m[48;2;51;39;47m▀[0m[38;2;67;49;60m[48;2;14;14;14m▀[0m[38;2;0;0;0m▀[0m               
            [38;2;8;12;8m▄[0m[38;2;0;3;0m[48;2;33;27;32m▀[0m[38;2;47;34;39m[48;2;96;62;78m▀[0m[38;2;128;77;94m[48;2;114;70;87m▀[0m[38;2;109;68;85m[48;2;98;64;81m▀[0m[38;2;100;64;81m[48;2;122;73;89m▀[0m[38;2;127;76;92m[48;2;125;75;91m▀[0m[38;2;105;66;82m[48;2;101;65;81m▀[0m[38;2;105;67;83m[48;2;101;65;81m▀[0m[38;2;124;75;91m[48;2;126;75;91m▀[0m[38;2;91;60;76m[48;2;131;79;96m▀[0m[38;2;36;29;35m[48;2;60;41;48m▀[0m[38;2;6;9;9m[48;2;0;7;5m▀[0m               
            [38;2;0;6;6m[48;2;0;0;0m▀[0m[38;2;50;36;41m[48;2;22;19;19m▀[0m[38;2;137;82;100m[48;2;24;21;22m▀[0m[38;2;82;52;62m[48;2;15;15;15m▀[0m[38;2;55;37;43m[48;2;58;39;45m▀[0m[38;2;131;78;95m[48;2;132;79;96m▀[0m[38;2;125;75;91m[48;2;126;76;92m▀[0m[38;2;103;66;82m[48;2;108;68;86m▀[0m[38;2;80;56;74m[48;2;47;36;45m▀[0m[38;2;116;72;90m[48;2;19;18;18m▀[0m[38;2;73;47;55m[48;2;21;19;19m▀[0m[38;2;12;15;12m[48;2;0;0;0m▀[0m[38;2;0;0;0m▀[0m               
             [38;2;0;0;0m▀[0m[38;2;0;0;0m▀[0m[38;2;15;15;15m▀[0m[38;2;18;18;18m▀[0m[38;2;20;18;19m▀[0m[38;2;19;18;18m▀[0m[38;2;20;19;19m▀[0m[38;2;17;17;17m▀[0m[38;2;0;0;0m▀[0m[38;2;0;0;0m▀[0m                 
[0m