                                         [38;2;106;82;24m▄[0m[38;2;106;82;24m[48;2;255;222;65m▀[0m[38;2;106;82;24m[48;2;0;0;0m▀[0m            
         [38;2;106;82;24m[48;2;106;82;24m▀[0m[38;2;106;82;24m[48;2;255;222;65m▀[0m[38;2;106;82;24m▄[0m                           [38;2;106;82;24m▄[0m[38;2;106;82;24m[48;2;255;222;65m▀[0m[38;2;255;222;65m[48;2;255;222;65m▀[0m[38;2;255;222;65m[48;2;197;180;74m▀[0m[38;2;0;0;0m[48;2;0;0;0m▀[0m            
         [38;2;106;82;24m[48;2;106;82;24m▀[0m[38;2;255;222;65m[48;2;255;222;65m▀[0m[38;2;255;222;65m[48;2;197;180;74m▀[0m[38;2;106;82;24m[48;2;255;222;65m▀[0m[38;2;106;82;24m▄[0m                       [38;2;98;49;156m▄[0m[38;2;106;82;24m[48;2;255;222;65m▀[0m[38;2;255;222;65m[48;2;255;222;65m▀[0m[38;2;255;222;65m[48;2;197;180;74m▀[0m[38;2;197;180;74m[48;2;197;180;74m▀[0m[38;2;0;0;0m[48;2;0;0;0m▀[0m             
          [38;2;106;82;24m[48;2;106;82;24m▀[0m[38;2;197;180;74m[48;2;197;180;74m▀[0m[38;2;197;180;74m[48;2;197;180;74m▀[0m[38;2;255;222;65m[48;2;197;180;74m▀[0m[38;2;106;82;24m[48;2;197;180;74m▀[0m[38;2;106;82;24m▄[0m                    [38;2;98;49;156m▄[0m[38;2;106;82;24m[48;2;189;131;230m▀[0m[38;2;255;222;65m[48;2;197;180;74m▀[0m[38;2;197;180;74m[48;2;197;180;74m▀[0m[38;2;197;180;74m[48;2;197;180;74m▀[0m[38;2;197;180;74m[48;2;0;0;0m▀[0m[38;2;0;0;0m▀[0m             
          [38;2;106;82;24m▀[0m[38;2;197;180;74m[48;2;106;82;24m▀[0m[38;2;197;180;74m[48;2;197;180;74m▀[0m[38;2;197;180;74m[48;2;197;180;74m▀[0m[38;2;197;180;74m[48;2;197;180;74m▀[0m[38;2;0;0;0m[48;2;98;49;156m▀[0m[38;2;0;0;0m▄[0m                  [38;2;98;49;156m[48;2;98;49;156m▀[0m[38;2;189;131;230m[48;2;189;131;230m▀[0m[38;2;189;131;230m[48;2;98;49;156m▀[0m[38;2;98;49;156m[48;2;98;49;156m▀[0m[38;2;197;180;74m[48;2;98;49;156m▀[0m[38;2;197;180;74m[48;2;0;0;0m▀[0m[38;2;0;0;0m▀[0m              
           [38;2;0;0;0m▀[0m[38;2;197;180;74m[48;2;0;0;0m▀[0m[38;2;98;49;156m[48;2;98;49;156m▀[0m[38;2;98;49;156m[48;2;98;49;156m▀[0m[38;2;98;49;156m[48;2;98;49;156m▀[0m[38;2;98;49;156m[48;2;98;49;156m▀[0m[38;2;0;0;0m[48;2;0;0;0m▀[0m                [38;2;0;0;0m[48;2;0;0;0m▀[0m[38;2;98;49;156m[48;2;98;49;156m▀[0m[38;2;98;49;156m[48;2;98;49;156m▀[0m[38;2;98;49;156m[48;2;98;49;156m▀[0m[38;2;98;49;156m[48;2;98;49;156m▀[0m[38;2;98;49;156m[48;2;0;0;0m▀[0m[38;2;0;0;0m▀[0m               
            [38;2;0;0;0m▀[0m[38;2;98;49;156m[48;2;0;0;0m▀[0m[38;2;98;49;156m[48;2;98;49;156m▀[0m[38;2;98;49;156m[48;2;98;49;156m▀[0m[38;2;98;49;156m[48;2;98;49;156m▀[0m[38;2;98;49;156m[48;2;98;49;156m▀[0m[38;2;0;0;0m[48;2;0;0;0m▀[0m              [38;2;0;0;0m[48;2;0;0;0m▀[0m[38;2;98;49;156m[48;2;98;49;156m▀[0m[38;2;98;49;156m[48;2;98;49;156m▀[0m[38;2;98;49;156m[48;2;98;49;156m▀[0m[38;2;98;49;156m[48;2;98;49;156m▀[0m[38;2;98;49;156m[48;2;0;0;0m▀[0m[38;2;0;0;0m▀[0m                
           [38;2;98;49;156m▄[0m[38;2;98;49;156m▄[0m [38;2;0;0;0m▀[0m[38;2;98;49;156m[48;2;0;0;0m▀[0m[38;2;98;49;156m[48;2;197;180;74m▀[0m[38;2;197;180;74m[48;2;197;180;74m▀[0m[38;2;0;0;0m[48;2;197;180;74m▀[0m[38;2;0;0;0m▄[0m            [38;2;0;0;0m▄[0m[38;2;0;0;0m[48;2;197;180;74m▀[0m[38;2;197;180;74m[48;2;197;180;74m▀[0m[38;2;98;49;156m[48;2;197;180;74m▀[0m[38;2;98;49;156m[48;2;197;180;74m▀[0m[38;2;98;49;156m[48;2;0;0;0m▀[0m[38;2;0;0;0m▀[0m                 
          [38;2;98;49;156m[48;2;98;49;156m▀[0m[38;2;189;131;230m[48;2;0;0;0m▀[0m[38;2;98;49;156m[48;2;197;180;74m▀[0m[38;2;0;0;0m[48;2;0;0;0m▀[0m [38;2;0;0;0m▀[0m[38;2;197;180;74m[48;2;0;0;0m▀[0m[38;2;197;180;74m[48;2;197;180;74m▀[0m[38;2;197;180;74m[48;2;197;180;74m▀[0m[38;2;0;0;0m[48;2;197;180;74m▀[0m[38;2;0;0;0m▄[0m       [38;2;82;0;0m▄[0m[38;2;82;0;0m▄[0m[38;2;82;0;0m▄[0m[38;2;82;0;0m▄[0m[38;2;0;0;0m[48;2;197;180;74m▀[0m[38;2;197;180;74m[48;2;197;180;74m▀[0m[38;2;197;180;74m[48;2;197;180;74m▀[0m[38;2;197;180;74m[48;2;0;0;0m▀[0m[38;2;0;0;0m[48;2;106;106;106m▀[0m[38;2;106;106;106m▄[0m                  
         [38;2;0;0;0m[48;2;0;0;0m▀[0m[38;2;189;131;230m[48;2;189;131;230m▀[0m[38;2;0;0;0m[48;2;98;49;156m▀[0m[38;2;197;180;74m[48;2;0;0;0m▀[0m[38;2;197;180;74m[48;2;197;180;74m▀[0m[38;2;0;0;0m[48;2;0;0;0m▀[0m  [38;2;0;0;0m▀[0m[38;2;0;0;0m[48;2;0;0;0m▀[0m[38;2;197;180;74m[48;2;0;0;0m▀[0m[38;2;197;180;74m[48;2;0;0;0m▀[0m[38;2;106;82;24m[48;2;0;0;0m▀[0m[38;2;106;82;24m[48;2;0;0;0m▀[0m[38;2;0;0;0m▄[0m[38;2;0;0;0m▄[0m[38;2;0;0;0m▄[0m[38;2;82;0;0m[48;2;0;0;0m▀[0m[38;2;82;0;0m[48;2;0;0;0m▀[0m[38;2;255;139;115m[48;2;106;82;24m▀[0m[38;2;255;139;115m[48;2;106;82;24m▀[0m[38;2;106;82;24m[48;2;197;180;74m▀[0m[38;2;106;82;24m[48;2;197;180;74m▀[0m[38;2;197;180;74m[48;2;197;180;74m▀[0m[38;2;197;180;74m[48;2;0;0;0m▀[0m[38;2;0;0;0m[48;2;255;90;74m▀[0m[38;2;255;255;255m[48;2;82;0;0m▀[0m[38;2;255;255;255m[48;2;189;189;189m▀[0m[38;2;106;106;106m[48;2;106;106;106m▀[0m   [38;2;0;0;0m▄[0m[38;2;0;0;0m▄[0m             
        [38;2;0;0;0m[48;2;0;0;0m▀[0m[38;2;98;49;156m[48;2;98;49;156m▀[0m[38;2;98;49;156m[48;2;98;49;156m▀[0m[38;2;98;49;156m[48;2;0;0;0m▀[0m[38;2;0;0;0m▀[0m[38;2;197;180;74m[48;2;0;0;0m▀[0m[38;2;197;180;74m[48;2;197;180;74m▀[0m[38;2;0;0;0m[48;2;197;180;74m▀[0m[38;2;82;0;0m▄[0m[38;2;0;0;0m[48;2;0;0;0m▀[0m[38;2;0;0;0m[48;2;0;0;0m▀[0m[38;2;0;0;0m[48;2;255;90;74m▀[0m[38;2;0;0;0m[48;2;255;139;115m▀[0m[38;2;0;0;0m[48;2;255;139;115m▀[0m[38;2;0;0;0m[48;2;255;139;115m▀[0m[38;2;0;0;0m[48;2;255;139;115m▀[0m[38;2;0;0;0m[48;2;255;139;115m▀[0m[38;2;0;0;0m[48;2;255;90;74m▀[0m[38;2;0;0;0m[48;2;0;0;0m▀[0m[38;2;0;0;0m[48;2;0;0;0m▀[0m[38;2;0;0;0m[48;2;0;0;0m▀[0m[38;2;0;0;0m[48;2;0;0;0m▀[0m[38;2;0;0;0m[48;2;0;0;0m▀[0m[38;2;106;82;24m[48;2;0;0;0m▀[0m[38;2;197;180;74m[48;2;0;0;0m▀[0m[38;2;0;0;0m[48;2;106;82;24m▀[0m[38;2;255;90;74m[48;2;255;90;74m▀[0m[38;2;255;90;74m[48;2;255;90;74m▀[0m[38;2;82;0;0m[48;2;82;0;0m▀[0m[38;2;98;49;156m▄[0m [38;2;0;0;0m▄[0m[38;2;0;0;0m[48;2;255;222;65m▀[0m[38;2;189;131;230m[48;2;98;49;156m▀[0m[38;2;189;131;230m[48;2;189;131;230m▀[0m[38;2;0;0;0m[48;2;0;0;0m▀[0m            
       [38;2;0;0;0m▄[0m[38;2;0;0;0m[48;2;98;49;156m▀[0m[38;2;98;49;156m[48;2;98;49;156m▀[0m[38;2;98;49;156m[48;2;98;49;156m▀[0m[38;2;0;0;0m[48;2;0;0;0m▀[0m[38;2;0;0;0m[48;2;98;49;156m▀[0m[38;2;0;0;0m[48;2;98;49;156m▀[0m[38;2;197;180;74m[48;2;82;0;0m▀[0m[38;2;82;0;0m[48;2;0;0;0m▀[0m[38;2;255;90;74m[48;2;0;0;0m▀[0m[38;2;255;139;115m[48;2;255;139;115m▀[0m[38;2;255;139;115m[48;2;255;139;115m▀[0m[38;2;255;139;115m[48;2;255;139;115m▀[0m[38;2;255;139;115m[48;2;255;139;115m▀[0m[38;2;255;139;115m[48;2;255;139;115m▀[0m[38;2;255;139;115m[48;2;255;139;115m▀[0m[38;2;255;139;115m[48;2;255;90;74m▀[0m[38;2;255;139;115m[48;2;0;0;0m▀[0m[38;2;255;139;115m[48;2;0;0;0m▀[0m[38;2;255;139;115m[48;2;0;0;0m▀[0m[38;2;255;139;115m[48;2;197;65;65m▀[0m[38;2;197;65;65m[48;2;255;90;74m▀[0m[38;2;0;0;0m[48;2;255;90;74m▀[0m[38;2;0;0;0m[48;2;197;65;65m▀[0m[38;2;0;0;0m[48;2;0;0;0m▀[0m[38;2;0;0;0m[48;2;0;0;0m▀[0m[38;2;0;0;0m[48;2;0;0;0m▀[0m[38;2;82;0;0m[48;2;0;0;0m▀[0m[38;2;255;90;74m[48;2;82;0;0m▀[0m[38;2;255;90;74m[48;2;255;90;74m▀[0m[38;2;98;49;156m[48;2;82;0;0m▀[0m[38;2;0;0;0m▄[0m[38;2;0;0;0m[48;2;255;222;65m▀[0m[38;2;255;222;65m[48;2;197;180;74m▀[0m[38;2;0;0;0m[48;2;0;0;0m▀[0m[38;2;189;131;230m[48;2;189;131;230m▀[0m[38;2;189;131;230m[48;2;98;49;156m▀[0m[38;2;0;0;0m[48;2;0;0;0m▀[0m[38;2;0;0;0m▄[0m[38;2;0;0;0m▄[0m         
      [38;2;0;0;0m▄[0m[38;2;0;0;0m[48;2;197;180;74m▀[0m[38;2;197;180;74m[48;2;197;180;74m▀[0m[38;2;98;49;156m[48;2;197;180;74m▀[0m[38;2;98;49;156m[48;2;0;0;0m▀[0m[38;2;0;0;0m[48;2;98;49;156m▀[0m[38;2;98;49;156m[48;2;0;0;0m▀[0m[38;2;0;0;0m[48;2;0;0;0m▀[0m[38;2;0;0;0m[48;2;0;0;0m▀[0m[38;2;0;0;0m[48;2;0;0;0m▀[0m[38;2;0;0;0m[48;2;197;65;65m▀[0m[38;2;255;139;115m[48;2;255;139;115m▀[0m[38;2;255;139;115m[48;2;255;139;115m▀[0m[38;2;255;139;115m[48;2;255;139;115m▀[0m[38;2;255;139;115m[48;2;255;90;74m▀[0m[38;2;255;139;115m[48;2;255;90;74m▀[0m[38;2;255;90;74m[48;2;255;90;74m▀[0m[38;2;0;0;0m[48;2;0;0;0m▀[0m[38;2;0;0;0m[48;2;0;0;0m▀[0m[38;2;0;0;0m[48;2;0;0;0m▀[0m[38;2;0;0;0m[48;2;0;0;0m▀[0m[38;2;0;0;0m[48;2;0;0;0m▀[0m[38;2;0;0;0m[48;2;0;0;0m▀[0m[38;2;255;90;74m[48;2;0;0;0m▀[0m[38;2;255;90;74m[48;2;255;90;74m▀[0m[38;2;255;90;74m[48;2;255;90;74m▀[0m[38;2;0;0;0m[48;2;255;90;74m▀[0m[38;2;0;0;0m[48;2;0;0;0m▀[0m[38;2;0;0;0m[48;2;0;0;0m▀[0m[38;2;0;0;0m[48;2;0;0;0m▀[0m[38;2;255;90;74m[48;2;82;0;0m▀[0m[38;2;82;0;0m[48;2;0;0;0m▀[0m[38;2;0;0;0m[48;2;197;180;74m▀[0m[38;2;197;180;74m[48;2;0;0;0m▀[0m[38;2;0;0;0m▀[0m[38;2;0;0;0m[48;2;0;0;0m▀[0m[38;2;189;131;230m[48;2;98;49;156m▀[0m[38;2;98;49;156m[48;2;98;49;156m▀[0m[38;2;98;49;156m[48;2;98;49;156m▀[0m[38;2;0;0;0m[48;2;0;0;0m▀[0m[38;2;189;131;230m[48;2;189;131;230m▀[0m[38;2;0;0;0m[48;2;0;0;0m▀[0m        
     [38;2;0;0;0m▄[0m[38;2;0;0;0m[48;2;197;180;74m▀[0m[38;2;197;180;74m[48;2;197;180;74m▀[0m[38;2;197;180;74m[48;2;197;180;74m▀[0m[38;2;197;180;74m[48;2;197;180;74m▀[0m[38;2;0;0;0m[48;2;0;0;0m▀[0m[38;2;98;49;156m[48;2;98;49;156m▀[0m[38;2;0;0;0m[48;2;0;0;0m▀[0m[38;2;0;0;0m[48;2;0;0;0m▀[0m[38;2;0;0;0m[48;2;0;0;0m▀[0m[38;2;0;0;0m[48;2;255;90;74m▀[0m[38;2;255;90;74m[48;2;255;90;74m▀[0m[38;2;255;90;74m[48;2;255;90;74m▀[0m[38;2;255;90;74m[48;2;255;90;74m▀[0m[38;2;255;90;74m[48;2;255;90;74m▀[0m[38;2;255;90;74m[48;2;255;90;74m▀[0m[38;2;255;90;74m[48;2;255;90;74m▀[0m[38;2;255;90;74m[48;2;255;90;74m▀[0m[38;2;197;65;65m[48;2;255;90;74m▀[0m[38;2;0;0;0m[48;2;0;0;0m▀[0m[38;2;0;0;0m[48;2;0;0;0m▀[0m[38;2;0;0;0m[48;2;0;0;0m▀[0m[38;2;0;0;0m[48;2;0;0;0m▀[0m[38;2;0;0;0m[48;2;0;0;0m▀[0m[38;2;0;0;0m[48;2;0;0;0m▀[0m[38;2;197;65;65m[48;2;0;0;0m▀[0m[38;2;255;90;74m[48;2;255;90;74m▀[0m[38;2;255;90;74m[48;2;255;90;74m▀[0m[38;2;197;65;65m[48;2;255;90;74m▀[0m[38;2;0;0;0m[48;2;0;0;0m▀[0m[38;2;0;0;0m[48;2;0;0;0m▀[0m[38;2;0;0;0m[48;2;0;0;0m▀[0m[38;2;197;180;74m[48;2;0;0;0m▀[0m[38;2;0;0;0m[48;2;0;0;0m▀[0m[38;2;0;0;0m▄[0m[38;2;0;0;0m[48;2;197;180;74m▀[0m[38;2;0;0;0m[48;2;0;0;0m▀[0m[38;2;98;49;156m[48;2;197;180;74m▀[0m[38;2;197;180;74m[48;2;197;180;74m▀[0m[38;2;197;180;74m[48;2;197;180;74m▀[0m[38;2;0;0;0m[48;2;0;0;0m▀[0m[38;2;189;131;230m[48;2;189;131;230m▀[0m[38;2;189;131;230m[48;2;189;131;230m▀[0m[38;2;0;0;0m[48;2;197;180;74m▀[0m[38;2;0;0;0m▄[0m      
    [38;2;0;0;0m▄[0m[38;2;0;0;0m[48;2;98;49;156m▀[0m[38;2;197;180;74m[48;2;197;180;74m▀[0m[38;2;197;180;74m[48;2;197;180;74m▀[0m[38;2;197;180;74m[48;2;197;180;74m▀[0m[38;2;0;0;0m[48;2;0;0;0m▀[0m [38;2;82;0;0m[48;2;82;0;0m▀[0m[38;2;0;0;0m[48;2;255;90;74m▀[0m[38;2;197;65;65m[48;2;255;90;74m▀[0m[38;2;255;90;74m[48;2;106;82;24m▀[0m[38;2;255;90;74m[48;2;106;82;24m▀[0m[38;2;255;90;74m[48;2;106;82;24m▀[0m[38;2;255;90;74m[48;2;197;65;65m▀[0m[38;2;255;90;74m[48;2;255;90;74m▀[0m[38;2;255;90;74m[48;2;255;90;74m▀[0m[38;2;255;90;74m[48;2;255;90;74m▀[0m[38;2;255;90;74m[48;2;255;90;74m▀[0m[38;2;255;90;74m[48;2;255;90;74m▀[0m[38;2;255;90;74m[48;2;255;90;74m▀[0m[38;2;255;90;74m[48;2;255;90;74m▀[0m[38;2;0;0;0m[48;2;255;90;74m▀[0m[38;2;0;0;0m[48;2;0;0;0m▀[0m[38;2;0;0;0m[48;2;0;0;0m▀[0m[38;2;0;0;0m[48;2;0;0;0m▀[0m[38;2;0;0;0m[48;2;0;0;0m▀[0m[38;2;0;0;0m[48;2;0;0;0m▀[0m[38;2;255;90;74m[48;2;255;90;74m▀[0m[38;2;255;90;74m[48;2;255;90;74m▀[0m[38;2;255;90;74m[48;2;255;90;74m▀[0m[38;2;197;65;65m[48;2;255;90;74m▀[0m[38;2;0;0;0m[48;2;0;0;0m▀[0m[38;2;0;0;0m[48;2;0;0;0m▀[0m[38;2;0;0;0m[48;2;0;0;0m▀[0m[38;2;197;180;74m[48;2;0;0;0m▀[0m[38;2;197;180;74m[48;2;0;0;0m▀[0m[38;2;0;0;0m▀[0m[38;2;0;0;0m[48;2;0;0;0m▀[0m[38;2;197;180;74m[48;2;197;180;74m▀[0m[38;2;197;180;74m[48;2;197;180;74m▀[0m[38;2;197;180;74m[48;2;197;180;74m▀[0m[38;2;0;0;0m[48;2;197;180;74m▀[0m[38;2;98;49;156m[48;2;0;0;0m▀[0m[38;2;197;180;74m[48;2;197;180;74m▀[0m[38;2;197;180;74m[48;2;197;180;74m▀[0m[38;2;197;180;74m[48;2;197;180;74m▀[0m[38;2;0;0;0m[48;2;197;180;74m▀[0m[38;2;0;0;0m[48;2;98;49;156m▀[0m[38;2;0;0;0m▄[0m   
  [38;2;0;0;0m▄[0m[38;2;0;0;0m[48;2;98;49;156m▀[0m[38;2;98;49;156m[48;2;98;49;156m▀[0m[38;2;98;49;156m[48;2;98;49;156m▀[0m[38;2;98;49;156m[48;2;98;49;156m▀[0m[38;2;197;180;74m[48;2;0;0;0m▀[0m[38;2;0;0;0m▀[0m  [38;2;82;0;0m[48;2;82;0;0m▀[0m[38;2;255;90;74m[48;2;106;82;24m▀[0m[38;2;106;82;24m[48;2;255;222;65m▀[0m[38;2;255;222;65m[48;2;255;222;65m▀[0m[38;2;255;222;65m[48;2;255;222;65m▀[0m[38;2;255;222;65m[48;2;255;222;65m▀[0m[38;2;106;82;24m[48;2;255;222;65m▀[0m[38;2;106;82;24m[48;2;106;82;24m▀[0m[38;2;255;90;74m[48;2;197;65;65m▀[0m[38;2;255;90;74m[48;2;255;90;74m▀[0m[38;2;255;90;74m[48;2;255;90;74m▀[0m[38;2;255;90;74m[48;2;255;90;74m▀[0m[38;2;255;90;74m[48;2;255;90;74m▀[0m[38;2;255;90;74m[48;2;255;90;74m▀[0m[38;2;255;90;74m[48;2;255;90;74m▀[0m[38;2;255;90;74m[48;2;255;90;74m▀[0m[38;2;197;65;65m[48;2;255;90;74m▀[0m[38;2;0;0;0m[48;2;255;90;74m▀[0m[38;2;0;0;0m[48;2;255;90;74m▀[0m[38;2;255;90;74m[48;2;255;90;74m▀[0m[38;2;255;90;74m[48;2;255;90;74m▀[0m[38;2;255;90;74m[48;2;255;90;74m▀[0m[38;2;255;90;74m[48;2;255;90;74m▀[0m[38;2;255;90;74m[48;2;255;90;74m▀[0m[38;2;0;0;0m[48;2;0;0;0m▀[0m[38;2;0;0;0m[48;2;0;0;0m▀[0m[38;2;0;0;0m[48;2;0;0;0m▀[0m   [38;2;0;0;0m▀[0m[38;2;197;180;74m[48;2;0;0;0m▀[0m[38;2;197;180;74m[48;2;197;180;74m▀[0m[38;2;197;180;74m[48;2;197;180;74m▀[0m[38;2;197;180;74m[48;2;197;180;74m▀[0m[38;2;0;0;0m[48;2;0;0;0m▀[0m[38;2;0;0;0m▀[0m[38;2;197;180;74m[48;2;0;0;0m▀[0m[38;2;197;180;74m[48;2;0;0;0m▀[0m[38;2;197;180;74m[48;2;98;49;156m▀[0m[38;2;98;49;156m[48;2;98;49;156m▀[0m[38;2;98;49;156m[48;2;98;49;156m▀[0m[38;2;0;0;0m[48;2;0;0;0m▀[0m  
 [38;2;0;0;0m▄[0m[38;2;0;0;0m[48;2;197;180;74m▀[0m[38;2;98;49;156m[48;2;197;180;74m▀[0m[38;2;98;49;156m[48;2;0;0;0m▀[0m[38;2;98;49;156m[48;2;0;0;0m▀[0m[38;2;0;0;0m▀[0m    [38;2;106;82;24m[48;2;106;82;24m▀[0m[38;2;106;82;24m[48;2;255;222;65m▀[0m[38;2;255;222;65m[48;2;255;222;65m▀[0m[38;2;255;222;65m[48;2;255;222;65m▀[0m[38;2;255;222;65m[48;2;255;222;65m▀[0m[38;2;255;222;65m[48;2;255;222;65m▀[0m[38;2;255;222;65m[48;2;197;180;74m▀[0m[38;2;197;180;74m[48;2;197;180;74m▀[0m[38;2;106;82;24m[48;2;106;82;24m▀[0m[38;2;255;90;74m[48;2;255;90;74m▀[0m[38;2;255;90;74m[48;2;255;90;74m▀[0m[38;2;255;90;74m[48;2;255;90;74m▀[0m[38;2;255;90;74m[48;2;255;90;74m▀[0m[38;2;255;90;74m[48;2;255;90;74m▀[0m[38;2;255;90;74m[48;2;255;90;74m▀[0m[38;2;255;90;74m[48;2;255;90;74m▀[0m[38;2;255;90;74m[48;2;255;90;74m▀[0m[38;2;255;90;74m[48;2;255;90;74m▀[0m[38;2;255;90;74m[48;2;255;90;74m▀[0m[38;2;255;90;74m[48;2;255;90;74m▀[0m[38;2;255;90;74m[48;2;255;90;74m▀[0m[38;2;255;90;74m[48;2;255;90;74m▀[0m[38;2;255;90;74m[48;2;255;90;74m▀[0m[38;2;197;65;65m[48;2;0;0;0m▀[0m[38;2;0;0;0m[48;2;0;0;0m▀[0m[38;2;0;0;0m[48;2;0;0;0m▀[0m[38;2;0;0;0m▀[0m    [38;2;0;0;0m[48;2;0;0;0m▀[0m[38;2;197;180;74m[48;2;197;180;74m▀[0m[38;2;197;180;74m[48;2;197;180;74m▀[0m[38;2;197;180;74m[48;2;98;49;156m▀[0m[38;2;197;180;74m[48;2;98;49;156m▀[0m[38;2;0;0;0m[48;2;0;0;0m▀[0m  [38;2;0;0;0m▀[0m[38;2;0;0;0m▀[0m[38;2;197;180;74m[48;2;0;0;0m▀[0m[38;2;197;180;74m[48;2;197;180;74m▀[0m[38;2;0;0;0m[48;2;0;0;0m▀[0m 
[38;2;0;0;0m[48;2;0;0;0m▀[0m[38;2;197;180;74m[48;2;197;180;74m▀[0m[38;2;197;180;74m[48;2;0;0;0m▀[0m[38;2;0;0;0m▀[0m      [38;2;106;82;24m[48;2;106;82;24m▀[0m[38;2;255;222;65m[48;2;197;180;74m▀[0m[38;2;106;82;24m[48;2;197;180;74m▀[0m[38;2;255;222;65m[48;2;197;180;74m▀[0m[38;2;255;222;65m[48;2;197;180;74m▀[0m[38;2;197;180;74m[48;2;197;180;74m▀[0m[38;2;197;180;74m[48;2;197;180;74m▀[0m[38;2;197;180;74m[48;2;197;180;74m▀[0m[38;2;197;180;74m[48;2;197;180;74m▀[0m[38;2;0;0;0m[48;2;0;0;0m▀[0m[38;2;255;90;74m[48;2;255;90;74m▀[0m[38;2;255;90;74m[48;2;255;90;74m▀[0m[38;2;255;90;74m[48;2;255;90;74m▀[0m[38;2;255;90;74m[48;2;255;90;74m▀[0m[38;2;255;90;74m[48;2;255;90;74m▀[0m[38;2;255;90;74m[48;2;255;90;74m▀[0m[38;2;255;90;74m[48;2;255;90;74m▀[0m[38;2;255;90;74m[48;2;255;90;74m▀[0m[38;2;255;90;74m[48;2;255;90;74m▀[0m[38;2;255;90;74m[48;2;255;90;74m▀[0m[38;2;255;90;74m[48;2;255;90;74m▀[0m[38;2;255;90;74m[48;2;255;90;74m▀[0m[38;2;255;90;74m[48;2;255;90;74m▀[0m[38;2;197;65;65m[48;2;0;0;0m▀[0m[38;2;0;0;0m[48;2;0;0;0m▀[0m[38;2;0;0;0m[48;2;0;0;0m▀[0m[38;2;0;0;0m▀[0m      [38;2;0;0;0m[48;2;0;0;0m▀[0m[38;2;197;180;74m[48;2;98;49;156m▀[0m[38;2;98;49;156m[48;2;98;49;156m▀[0m[38;2;98;49;156m[48;2;98;49;156m▀[0m[38;2;98;49;156m[48;2;98;49;156m▀[0m[38;2;0;0;0m[48;2;0;0;0m▀[0m    [38;2;0;0;0m▀[0m[38;2;197;180;74m[48;2;0;0;0m▀[0m[38;2;0;0;0m[48;2;0;0;0m▀[0m
[38;2;0;0;0m▀[0m[38;2;0;0;0m▀[0m         [38;2;0;0;0m▀[0m[38;2;0;0;0m▀[0m[38;2;197;180;74m[48;2;0;0;0m▀[0m[38;2;197;180;74m[48;2;0;0;0m▀[0m[38;2;197;180;74m[48;2;0;0;0m▀[0m[38;2;197;180;74m[48;2;0;0;0m▀[0m[38;2;197;180;74m[48;2;0;0;0m▀[0m[38;2;0;0;0m[48;2;255;90;74m▀[0m[38;2;255;90;74m[48;2;255;90;74m▀[0m[38;2;255;90;74m[48;2;255;90;74m▀[0m[38;2;255;90;74m[48;2;255;90;74m▀[0m[38;2;255;90;74m[48;2;255;90;74m▀[0m[38;2;255;90;74m[48;2;255;90;74m▀[0m[38;2;255;90;74m[48;2;255;90;74m▀[0m[38;2;255;90;74m[48;2;255;90;74m▀[0m[38;2;255;90;74m[48;2;255;90;74m▀[0m[38;2;255;90;74m[48;2;255;90;74m▀[0m[38;2;255;90;74m[48;2;255;90;74m▀[0m[38;2;255;90;74m[48;2;255;90;74m▀[0m[38;2;255;90;74m[48;2;197;65;65m▀[0m[38;2;255;90;74m[48;2;0;0;0m▀[0m[38;2;0;0;0m[48;2;0;0;0m▀[0m[38;2;0;0;0m[48;2;0;0;0m▀[0m[38;2;0;0;0m▀[0m         [38;2;0;0;0m▀[0m[38;2;98;49;156m[48;2;0;0;0m▀[0m[38;2;98;49;156m[48;2;98;49;156m▀[0m[38;2;98;49;156m[48;2;98;49;156m▀[0m[38;2;98;49;156m[48;2;98;49;156m▀[0m[38;2;0;0;0m[48;2;0;0;0m▀[0m      
                [38;2;82;0;0m▀[0m[38;2;82;0;0m▀[0m[38;2;82;0;0m▀[0m[38;2;82;0;0m▀[0m[38;2;255;90;74m[48;2;82;0;0m▀[0m[38;2;255;90;74m[48;2;82;0;0m▀[0m[38;2;255;90;74m[48;2;82;0;0m▀[0m[38;2;255;90;74m[48;2;82;0;0m▀[0m[38;2;255;90;74m[48;2;82;0;0m▀[0m[38;2;255;90;74m[48;2;0;0;0m▀[0m[38;2;255;90;74m[48;2;0;0;0m▀[0m[38;2;197;65;65m[48;2;0;0;0m▀[0m[38;2;0;0;0m[48;2;0;0;0m▀[0m[38;2;0;0;0m[48;2;0;0;0m▀[0m[38;2;0;0;0m▀[0m[38;2;0;0;0m▀[0m              [38;2;0;0;0m▀[0m[38;2;98;49;156m[48;2;0;0;0m▀[0m[38;2;98;49;156m[48;2;98;49;156m▀[0m[38;2;98;49;156m[48;2;197;180;74m▀[0m[38;2;0;0;0m[48;2;0;0;0m▀[0m     
                                                [38;2;0;0;0m▀[0m[38;2;197;180;74m[48;2;0;0;0m▀[0m[38;2;197;180;74m[48;2;197;180;74m▀[0m[38;2;0;0;0m[48;2;0;0;0m▀[0m    
                                                  [38;2;0;0;0m▀[0m[38;2;0;0;0m▀[0m    
[0m