                                         [38;2;63;42;180m[48;2;107;73;221m▀[0m[38;2;63;39;178m[48;2;104;73;220m▀[0m[38;2;57;34;173m[48;2;75;48;197m▀[0m[38;2;59;34;174m▄[0m                                   
                                         [38;2;127;92;237m[48;2;98;69;214m▀[0m[38;2;122;88;239m[48;2;99;69;216m▀[0m[38;2;76;49;206m[48;2;88;60;209m▀[0m[38;2;50;28;165m[48;2;77;49;198m▀[0m[38;2;59;32;173m▄[0m                                  
                                        [38;2;0;0;0m▄[0m[38;2;49;31;167m[48;2;56;34;175m▀[0m[38;2;63;39;180m[48;2;67;42;184m▀[0m[38;2;115;82;231m[48;2;113;80;229m▀[0m[38;2;91;61;221m[48;2;87;58;211m▀[0m[38;2;59;34;174m[48;2;59;35;174m▀[0m                                  
                                        [38;2;56;35;174m[48;2;51;31;167m▀[0m[38;2;77;51;199m[48;2;78;50;205m▀[0m[38;2;110;78;225m[48;2;118;85;233m▀[0m[38;2;117;84;233m[48;2;121;88;236m▀[0m[38;2;85;57;209m[48;2;90;60;220m▀[0m[38;2;59;35;174m[48;2;58;34;175m▀[0m                                  
                                      [38;2;53;29;166m▄[0m[38;2;48;30;161m[48;2;71;46;188m▀[0m[38;2;77;50;199m[48;2;102;70;228m▀[0m[38;2;97;68;217m[48;2;121;88;236m▀[0m[38;2;115;82;230m[48;2;114;81;229m▀[0m[38;2;97;68;216m[48;2;71;45;193m▀[0m[38;2;79;51;200m[48;2;50;30;166m▀[0m[38;2;59;34;174m▀[0m                                  
                                    [38;2;127;0;127m[48;2;66;37;170m▀[0m[38;2;67;40;174m[48;2;64;40;178m▀[0m[38;2;66;40;181m[48;2;106;74;222m▀[0m[38;2;103;71;226m[48;2;116;83;232m▀[0m[38;2;120;86;235m[48;2;115;82;230m▀[0m[38;2;116;83;231m[48;2;116;83;231m▀[0m[38;2;114;81;229m[48;2;114;81;229m▀[0m[38;2;74;48;196m[48;2;74;48;196m▀[0m[38;2;58;35;174m[48;2;58;35;174m▀[0m                                   
                                   [38;2;59;37;173m▄[0m[38;2;39;19;137m[48;2;73;46;193m▀[0m[38;2;61;38;176m[48;2;93;64;209m▀[0m[38;2;109;77;226m[48;2;113;80;229m▀[0m[38;2;118;84;232m[48;2;116;83;231m▀[0m[38;2;115;82;230m[48;2;115;82;230m▀[0m[38;2;116;83;231m[48;2;116;83;231m▀[0m[38;2;114;81;229m[48;2;114;81;229m▀[0m[38;2;74;48;196m[48;2;71;45;193m▀[0m[38;2;58;35;174m[48;2;49;30;163m▀[0m                                   
                                   [38;2;57;36;174m[48;2;58;35;174m▀[0m[38;2;79;51;209m[48;2;74;48;196m▀[0m[38;2;118;84;233m[48;2;114;81;229m▀[0m[38;2;117;84;231m[48;2;116;83;231m▀[0m[38;2;115;82;230m[48;2;115;82;230m▀[0m[38;2;115;82;230m[48;2;115;82;230m▀[0m[38;2;116;83;231m[48;2;115;82;230m▀[0m[38;2;114;81;229m[48;2;115;82;230m▀[0m[38;2;90;61;210m[48;2;121;86;236m▀[0m[38;2;75;49;196m[48;2;89;60;219m▀[0m[38;2;60;35;175m[48;2;58;33;173m▀[0m                                  
                                   [38;2;58;35;174m[48;2;58;35;174m▀[0m[38;2;74;48;196m[48;2;74;48;196m▀[0m[38;2;114;81;229m[48;2;114;81;229m▀[0m[38;2;116;83;231m[48;2;116;83;231m▀[0m[38;2;115;82;230m[48;2;115;82;230m▀[0m[38;2;115;82;230m[48;2;115;82;230m▀[0m[38;2;115;82;230m[48;2;115;82;230m▀[0m[38;2;115;82;230m[48;2;115;82;230m▀[0m[38;2;118;84;233m[48;2;115;82;230m▀[0m[38;2;86;58;210m[48;2;116;82;232m▀[0m[38;2;60;36;176m[48;2;94;64;215m▀[0m[38;2;63;63;191m[48;2;60;36;175m▀[0m                                 
                                   [38;2;58;35;174m[48;2;57;36;173m▀[0m[38;2;74;48;196m[48;2;78;51;207m▀[0m[38;2;114;81;229m[48;2;117;84;232m▀[0m[38;2;116;83;231m[48;2;117;83;231m▀[0m[38;2;115;82;230m[48;2;115;82;230m▀[0m[38;2;115;82;230m[48;2;115;82;230m▀[0m[38;2;115;82;230m[48;2;115;82;230m▀[0m[38;2;115;82;230m[48;2;115;82;230m▀[0m[38;2;115;82;230m[48;2;115;82;230m▀[0m[38;2;120;86;235m[48;2;117;84;232m▀[0m[38;2;97;65;220m[48;2;107;75;225m▀[0m[38;2;55;33;170m[48;2;86;57;202m▀[0m[38;2;63;40;178m▄[0m[38;2;63;31;159m▄[0m                               
                                   [38;2;58;35;174m▀[0m[38;2;73;48;194m[48;2;63;31;159m▀[0m[38;2;100;69;214m[48;2;60;38;175m▀[0m[38;2;114;81;229m[48;2;108;76;225m▀[0m[38;2;116;83;231m[48;2;117;84;232m▀[0m[38;2;115;82;230m[48;2;115;82;230m▀[0m[38;2;115;82;230m[48;2;115;82;230m▀[0m[38;2;115;82;230m[48;2;115;82;230m▀[0m[38;2;115;82;230m[48;2;115;82;230m▀[0m[38;2;115;82;230m[48;2;115;82;230m▀[0m[38;2;120;85;234m[48;2;118;84;233m▀[0m[38;2;109;76;230m[48;2;105;73;223m▀[0m[38;2;63;40;179m[48;2;62;39;177m▀[0m[38;2;63;31;175m[48;2;68;34;170m▀[0m                               
                                    [38;2;63;36;173m[48;2;63;36;173m▀[0m[38;2;64;40;178m[48;2;64;40;178m▀[0m[38;2;108;76;225m[48;2;108;76;225m▀[0m[38;2;117;84;232m[48;2;117;84;232m▀[0m[38;2;115;82;230m[48;2;115;82;230m▀[0m[38;2;115;82;230m[48;2;115;82;230m▀[0m[38;2;115;82;230m[48;2;115;82;230m▀[0m[38;2;115;82;230m[48;2;115;82;230m▀[0m[38;2;115;82;230m[48;2;115;82;230m▀[0m[38;2;118;84;233m[48;2;119;85;234m▀[0m[38;2;105;73;223m[48;2;109;76;229m▀[0m[38;2;62;39;177m[48;2;63;39;178m▀[0m[38;2;68;34;170m[48;2;63;31;175m▀[0m                               
                    [38;2;67;40;187m[48;2;57;34;162m▀[0m[38;2;65;41;181m[48;2;67;42;190m▀[0m[38;2;68;42;178m[48;2;58;39;176m▀[0m            [38;2;55;31;175m▄[0m[38;2;42;21;127m[48;2;72;46;193m▀[0m[38;2;59;37;174m[48;2;84;57;198m▀[0m[38;2;107;75;225m[48;2;111;79;227m▀[0m[38;2;117;84;232m[48;2;116;83;231m▀[0m[38;2;115;82;230m[48;2;115;82;230m▀[0m[38;2;115;82;230m[48;2;115;82;230m▀[0m[38;2;115;82;230m[48;2;115;82;230m▀[0m[38;2;115;82;230m[48;2;115;82;230m▀[0m[38;2;118;84;233m[48;2;121;87;236m▀[0m[38;2;104;72;223m[48;2;98;66;222m▀[0m[38;2;79;52;196m[48;2;55;32;171m▀[0m[38;2;63;40;177m▀[0m[38;2;42;42;170m▀[0m                               
                   [38;2;63;31;175m[48;2;59;34;176m▀[0m[38;2;71;47;193m[48;2;77;50;203m▀[0m[38;2;75;49;190m[48;2;117;84;234m▀[0m[38;2;75;48;189m[48;2;124;88;237m▀[0m           [38;2;51;51;204m▄[0m[38;2;56;34;170m[48;2;62;38;177m▀[0m[38;2;78;50;208m[48;2;76;49;197m▀[0m[38;2;118;84;233m[48;2;114;81;229m▀[0m[38;2;117;84;231m[48;2;116;83;231m▀[0m[38;2;115;82;230m[48;2;115;82;230m▀[0m[38;2;115;82;230m[48;2;115;82;230m▀[0m[38;2;115;82;230m[48;2;115;82;230m▀[0m[38;2;115;82;230m[48;2;115;82;230m▀[0m[38;2;116;82;231m[48;2;118;84;233m▀[0m[38;2;112;80;229m[48;2;84;56;209m▀[0m[38;2;91;61;212m[48;2;57;34;173m▀[0m[38;2;60;37;175m▀[0m                          [38;2;0;0;127m▄[0m[38;2;51;51;178m▄[0m[38;2;0;0;255m▄[0m    
                   [38;2;58;35;174m[48;2;58;35;174m▀[0m[38;2;75;49;199m[48;2;75;48;197m▀[0m[38;2;116;83;233m[48;2;115;82;231m▀[0m[38;2;135;97;247m[48;2;80;54;201m▀[0m[38;2;55;34;174m▄[0m          [38;2;60;36;174m[48;2;53;30;168m▀[0m[38;2;84;55;207m[48;2;85;56;212m▀[0m[38;2;115;81;230m[48;2;120;85;234m▀[0m[38;2;115;82;230m[48;2;115;82;230m▀[0m[38;2;115;82;230m[48;2;115;82;230m▀[0m[38;2;115;82;230m[48;2;109;73;228m▀[0m[38;2;114;80;230m[48;2;131;104;234m▀[0m[38;2;113;79;229m[48;2;154;138;241m▀[0m[38;2;115;82;230m[48;2;114;81;229m▀[0m[38;2;120;86;235m[48;2;85;56;205m▀[0m[38;2;88;59;216m[48;2;72;47;192m▀[0m[38;2;59;35;175m[48;2;58;36;174m▀[0m                           [38;2;63;40;179m[48;2;61;40;178m▀[0m[38;2;65;41;180m[48;2;63;39;182m▀[0m[38;2;61;43;175m[48;2;47;31;159m▀[0m    
    [38;2;51;51;178m▄[0m[38;2;64;41;180m▄[0m[38;2;68;34;187m▄[0m           [38;2;59;35;171m▄[0m[38;2;53;30;167m[48;2;74;47;194m▀[0m[38;2;72;46;193m[48;2;88;60;208m▀[0m[38;2;115;82;230m[48;2;115;82;230m▀[0m[38;2;82;54;211m[48;2;79;52;201m▀[0m[38;2;56;36;174m[48;2;57;36;174m▀[0m         [38;2;58;36;174m[48;2;59;36;175m▀[0m[38;2;84;54;202m[48;2;101;68;226m▀[0m[38;2;103;72;222m[48;2;122;87;236m▀[0m[38;2;116;83;231m[48;2;115;82;230m▀[0m[38;2;115;82;230m[48;2;115;82;230m▀[0m[38;2;113;79;229m[48;2;111;77;229m▀[0m[38;2;132;106;235m[48;2;153;137;241m▀[0m[38;2;162;149;243m[48;2;182;178;249m▀[0m[38;2;168;158;245m[48;2;163;151;244m▀[0m[38;2;113;80;229m[48;2;113;80;229m▀[0m[38;2;71;45;193m[48;2;72;46;194m▀[0m[38;2;51;29;166m[48;2;53;31;170m▀[0m               [38;2;66;41;179m▄[0m[38;2;63;42;180m▄[0m           [38;2;94;66;205m[48;2;127;92;237m▀[0m[38;2;92;63;208m[48;2;122;88;239m▀[0m[38;2;74;47;197m[48;2;78;51;210m▀[0m[38;2;60;36;176m[48;2;55;32;170m▀[0m   
    [38;2;68;42;178m[48;2;68;42;178m▀[0m[38;2;68;43;190m[48;2;65;41;180m▀[0m[38;2;65;40;180m[48;2;63;42;180m▀[0m           [38;2;58;35;173m[48;2;60;35;174m▀[0m[38;2;88;59;218m[48;2;85;57;209m▀[0m[38;2;121;87;235m[48;2;118;85;233m▀[0m[38;2;116;83;231m[48;2;116;83;231m▀[0m[38;2;78;51;201m[48;2;78;51;201m▀[0m[38;2;57;36;174m[48;2;57;36;174m▀[0m         [38;2;60;36;175m[48;2;60;36;175m▀[0m[38;2;96;65;217m[48;2;96;65;217m▀[0m[38;2;119;85;234m[48;2;119;85;234m▀[0m[38;2;115;82;230m[48;2;115;82;230m▀[0m[38;2;115;82;230m[48;2;115;82;230m▀[0m[38;2;111;77;229m[48;2;111;77;229m▀[0m[38;2;150;133;240m[48;2;150;133;240m▀[0m[38;2;179;174;248m[48;2;179;174;248m▀[0m[38;2;163;151;244m[48;2;162;150;243m▀[0m[38;2;112;79;229m[48;2;114;80;230m▀[0m[38;2;79;51;200m[48;2;117;83;233m▀[0m[38;2;66;40;183m[48;2;84;57;208m▀[0m[38;2;51;34;170m[48;2;58;35;175m▀[0m              [38;2;65;39;179m[48;2;65;40;180m▀[0m[38;2;64;40;179m[48;2;65;41;180m▀[0m           [38;2;115;81;226m[48;2;57;34;173m▀[0m[38;2;110;78;227m[48;2;67;42;184m▀[0m[38;2;80;53;202m[48;2;113;80;229m▀[0m[38;2;66;43;186m[48;2;87;58;210m▀[0m[38;2;63;31;175m[48;2;60;35;174m▀[0m  
   [38;2;56;33;172m[48;2;59;34;174m▀[0m[38;2;74;49;197m[48;2;78;50;204m▀[0m[38;2;109;77;226m[48;2;118;84;233m▀[0m[38;2;131;98;238m[48;2;83;55;203m▀[0m[38;2;55;35;175m▄[0m         [38;2;59;36;175m[48;2;60;36;175m▀[0m[38;2;93;62;213m[48;2;99;67;222m▀[0m[38;2;114;81;230m[48;2;120;86;235m▀[0m[38;2;116;82;231m[48;2;115;82;230m▀[0m[38;2;116;83;231m[48;2;115;82;230m▀[0m[38;2;75;49;199m[48;2;104;73;222m▀[0m[38;2;52;31;168m[48;2;83;55;205m▀[0m[38;2;59;34;173m▄[0m        [38;2;60;36;174m[48;2;73;44;220m▀[0m[38;2;100;68;225m[48;2;82;52;214m▀[0m[38;2;121;87;236m[48;2;102;70;232m▀[0m[38;2;115;82;230m[48;2;124;88;246m▀[0m[38;2;115;82;230m[48;2;115;82;230m▀[0m[38;2;110;76;228m[48;2;125;87;253m▀[0m[38;2;157;139;250m[48;2;80;66;140m▀[0m[38;2;183;177;255m[48;2;108;105;148m▀[0m[38;2;171;163;245m[48;2;190;182;255m▀[0m[38;2;163;151;244m[48;2;173;166;247m▀[0m[38;2;121;90;232m[48;2;132;99;255m▀[0m[38;2;117;82;242m[48;2;68;49;129m▀[0m[38;2;96;64;222m[48;2;59;41;141m▀[0m[38;2;59;36;174m[48;2;70;42;200m▀[0m             [38;2;111;79;226m[48;2;128;93;243m▀[0m[38;2;99;68;228m[48;2;106;73;239m▀[0m[38;2;59;36;175m[48;2;55;33;170m▀[0m          [38;2;57;34;173m[48;2;57;34;173m▀[0m[38;2;66;41;183m[48;2;67;42;183m▀[0m[38;2;114;81;230m[48;2;111;79;227m▀[0m[38;2;86;57;212m[48;2;109;77;227m▀[0m[38;2;54;30;170m[48;2;87;58;207m▀[0m[38;2;61;37;176m▄[0m 
  [38;2;57;32;172m▄[0m[38;2;51;29;166m[48;2;71;45;192m▀[0m[38;2;73;46;194m[48;2;85;56;204m▀[0m[38;2;115;82;230m[48;2;115;82;230m▀[0m[38;2;83;55;212m[48;2;79;52;201m▀[0m[38;2;58;36;174m[48;2;57;36;174m▀[0m       [38;2;85;0;170m▄[0m[38;2;61;37;174m▄[0m[38;2;57;34;171m[48;2;72;46;188m▀[0m[38;2;95;64;216m[48;2;102;70;223m▀[0m[38;2;119;85;234m[48;2;119;85;237m▀[0m[38;2;115;82;230m[48;2;115;82;230m▀[0m[38;2;115;82;230m[48;2;115;82;230m▀[0m[38;2;121;87;235m[48;2;118;85;233m▀[0m[38;2;94;63;222m[48;2;89;60;212m▀[0m[38;2;57;36;173m[48;2;58;35;173m▀[0m        [38;2;7;10;0m[48;2;15;15;15m▀[0m[38;2;29;21;73m[48;2;16;17;11m▀[0m[38;2;50;35;119m[48;2;10;13;0m▀[0m[38;2;78;56;149m[48;2;27;27;31m▀[0m[38;2;119;84;240m[48;2;100;75;189m▀[0m[38;2;85;61;164m[48;2;23;19;32m▀[0m[38;2;32;26;47m[48;2;34;35;26m▀[0m[38;2;45;45;51m[48;2;29;29;22m▀[0m[38;2;123;119;169m[48;2;30;28;42m▀[0m[38;2;175;168;246m[48;2;161;147;246m▀[0m[38;2;87;68;157m[48;2;24;25;27m▀[0m[38;2;33;30;42m[48;2;35;37;29m▀[0m[38;2;33;28;57m[48;2;36;37;32m▀[0m[38;2;46;29;119m[48;2;10;11;1m▀[0m[38;2;45;45;45m▄[0m[38;2;12;12;12m[48;2;25;25;25m▀[0m[38;2;16;16;16m[48;2;21;21;21m▀[0m[38;2;15;15;15m[48;2;13;13;13m▀[0m         [38;2;94;65;210m[48;2;55;31;170m▀[0m[38;2;100;68;226m[48;2;95;65;217m▀[0m[38;2;84;56;201m[48;2;113;79;233m▀[0m[38;2;63;38;177m[48;2;62;39;177m▀[0m[38;2;72;36;145m[48;2;76;25;153m▀[0m       [38;2;57;34;173m▄[0m[38;2;47;31;167m[48;2;70;44;190m▀[0m[38;2;64;40;180m[48;2;78;51;194m▀[0m[38;2;109;78;226m[48;2;111;79;227m▀[0m[38;2;123;89;238m[48;2;121;87;236m▀[0m[38;2;100;68;225m[48;2;95;64;217m▀[0m[38;2;60;37;175m[48;2;58;36;174m▀[0m 
  [38;2;59;35;174m[48;2;57;32;172m▀[0m[38;2;87;59;215m[48;2;84;56;209m▀[0m[38;2;120;86;234m[48;2;118;85;233m▀[0m[38;2;116;83;231m[48;2;116;83;231m▀[0m[38;2;78;51;201m[48;2;78;51;201m▀[0m[38;2;57;36;174m[48;2;57;36;174m▀[0m       [38;2;63;31;159m[48;2;68;34;170m▀[0m[38;2;62;38;177m[48;2;62;39;177m▀[0m[38;2;107;75;227m[48;2;110;76;236m▀[0m[38;2;117;84;227m[48;2;80;65;129m▀[0m[38;2;112;81;222m[48;2;68;59;101m▀[0m[38;2;115;82;231m[48;2;121;85;246m▀[0m[38;2;115;82;230m[48;2;115;82;230m▀[0m[38;2;118;85;234m[48;2;120;86;239m▀[0m[38;2;89;60;213m[48;2;91;61;219m▀[0m[38;2;58;35;173m[48;2;60;37;180m▀[0m        [38;2;15;15;15m[48;2;23;23;23m▀[0m[38;2;15;15;15m[48;2;17;17;17m▀[0m[38;2;26;26;26m[48;2;17;17;17m▀[0m[38;2;50;50;50m[48;2;22;22;22m▀[0m[38;2;47;48;42m[48;2;49;49;49m▀[0m[38;2;20;21;19m[48;2;48;48;48m▀[0m[38;2;38;38;38m[48;2;48;48;48m▀[0m[38;2;35;36;29m[48;2;48;48;48m▀[0m[38;2;34;27;54m[48;2;48;48;49m▀[0m[38;2;109;77;218m[48;2;53;51;59m▀[0m[38;2;27;23;40m[48;2;48;47;48m▀[0m[38;2;38;40;34m[48;2;48;48;48m▀[0m[38;2;35;35;35m[48;2;48;48;48m▀[0m[38;2;23;23;23m[48;2;49;49;49m▀[0m[38;2;52;52;52m[48;2;49;49;49m▀[0m[38;2;50;50;50m[48;2;22;22;22m▀[0m[38;2;25;25;25m[48;2;13;13;13m▀[0m[38;2;11;11;11m[48;2;0;0;0m▀[0m         [38;2;59;36;175m[48;2;59;36;175m▀[0m[38;2;95;65;218m[48;2;92;63;215m▀[0m[38;2;110;77;227m[48;2;119;85;235m▀[0m[38;2;65;41;179m[48;2;109;78;225m▀[0m[38;2;72;36;182m[48;2;69;45;189m▀[0m[38;2;85;85;170m[48;2;58;35;174m▀[0m      [38;2;57;37;172m[48;2;57;36;174m▀[0m[38;2;81;53;207m[48;2;78;51;202m▀[0m[38;2;118;85;233m[48;2;116;83;231m▀[0m[38;2;116;82;231m[48;2;116;82;231m▀[0m[38;2;119;85;234m[48;2;115;82;230m▀[0m[38;2;97;66;218m[48;2;117;83;232m▀[0m[38;2;63;39;178m[48;2;100;70;215m▀[0m[38;2;72;36;182m[48;2;62;39;177m▀[0m
 [38;2;60;38;175m[48;2;60;38;175m▀[0m[38;2;91;61;210m[48;2;100;68;224m▀[0m[38;2;111;79;228m[48;2;121;87;235m▀[0m[38;2;117;83;232m[48;2;115;82;230m▀[0m[38;2;116;83;231m[48;2;115;82;230m▀[0m[38;2;75;49;199m[48;2;101;70;219m▀[0m[38;2;49;32;167m[48;2;81;54;203m▀[0m[38;2;57;34;171m▄[0m      [38;2;63;31;175m[48;2;72;36;145m▀[0m[38;2;63;40;179m[48;2;63;38;177m▀[0m[38;2;117;81;253m[48;2;62;45;125m▀[0m[38;2;83;68;137m[48;2;56;49;79m▀[0m[38;2;45;47;38m[48;2;46;48;38m▀[0m[38;2;72;60;111m[48;2;49;49;49m▀[0m[38;2;120;84;243m[48;2;78;63;128m▀[0m[38;2;77;64;121m[48;2;54;52;58m▀[0m[38;2;41;35;63m[48;2;25;27;15m▀[0m[38;2;21;16;47m[48;2;8;9;1m▀[0m        [38;2;76;74;74m▄[0m[38;2;0;0;0m[48;2;86;84;84m▀[0m[38;2;2;2;4m[48;2;65;63;60m▀[0m[38;2;11;11;10m[48;2;57;55;60m▀[0m[38;2;12;13;7m[48;2;101;97;142m▀[0m[38;2;36;36;30m[48;2;125;119;172m▀[0m[38;2;46;46;45m[48;2;86;85;98m▀[0m[38;2;45;45;43m[48;2;83;81;92m▀[0m[38;2;40;41;34m[48;2;122;117;166m▀[0m[38;2;38;40;30m[48;2;118;114;160m▀[0m[38;2;41;41;35m[48;2;118;114;160m▀[0m[38;2;40;41;35m[48;2;118;114;160m▀[0m[38;2;42;43;36m[48;2;123;118;167m▀[0m[38;2;37;37;33m[48;2;102;98;134m▀[0m[38;2;16;16;16m[48;2;47;46;44m▀[0m[38;2;0;0;0m[48;2;81;80;80m▀[0m[38;2;0;0;0m[48;2;135;135;135m▀[0m        [38;2;127;127;255m▄[0m[38;2;61;37;177m▄[0m[38;2;55;33;171m[48;2;86;58;205m▀[0m[38;2;90;61;214m[48;2;107;75;225m▀[0m[38;2;121;86;235m[48;2;118;84;233m▀[0m[38;2;113;81;230m[48;2;112;80;228m▀[0m[38;2;72;46;195m[48;2;70;45;190m▀[0m[38;2;57;37;172m[48;2;59;38;174m▀[0m      [38;2;57;36;174m[48;2;57;36;174m▀[0m[38;2;78;51;201m[48;2;78;51;201m▀[0m[38;2;116;83;231m[48;2;116;83;231m▀[0m[38;2;116;82;231m[48;2;116;82;230m▀[0m[38;2;115;82;230m[48;2;118;84;239m▀[0m[38;2;119;85;233m[48;2;121;85;241m▀[0m[38;2;104;72;219m[48;2;102;71;216m▀[0m[38;2;65;40;183m[48;2;63;39;178m▀[0m
[38;2;62;41;179m▄[0m[38;2;58;35;172m[48;2;67;43;183m▀[0m[38;2;95;64;216m[48;2;99;68;219m▀[0m[38;2;119;85;234m[48;2;118;85;233m▀[0m[38;2;115;82;230m[48;2;115;82;230m▀[0m[38;2;115;82;230m[48;2;115;82;230m▀[0m[38;2;121;87;235m[48;2;118;85;233m▀[0m[38;2;94;63;223m[48;2;89;60;212m▀[0m[38;2;58;36;173m[48;2;58;35;173m▀[0m        [38;2;4;6;0m[48;2;13;13;13m▀[0m[38;2;32;33;28m[48;2;35;35;35m▀[0m[38;2;52;51;53m[48;2;51;51;51m▀[0m[38;2;48;49;47m[48;2;49;49;49m▀[0m[38;2;44;47;36m[48;2;49;49;49m▀[0m[38;2;51;52;50m[48;2;47;47;47m▀[0m[38;2;31;31;32m[48;2;28;28;28m▀[0m[38;2;10;10;10m[48;2;11;11;11m▀[0m    [38;2;51;51;51m▄[0m[38;2;63;63;63m[48;2;97;99;99m▀[0m[38;2;79;76;76m[48;2;114;116;116m▀[0m[38;2;73;70;70m[48;2;107;109;109m▀[0m[38;2;119;124;124m[48;2;181;195;195m▀[0m[38;2;139;145;145m[48;2;208;226;227m▀[0m[38;2;131;137;134m[48;2;205;223;220m▀[0m[38;2;138;142;152m[48;2;202;216;225m▀[0m[38;2;183;175;255m[48;2;175;167;251m▀[0m[38;2;161;154;220m[48;2;92;92;96m▀[0m[38;2;128;124;159m[48;2;138;133;180m▀[0m[38;2;142;137;185m[48;2;182;173;255m▀[0m[38;2;185;176;255m[48;2;172;164;245m▀[0m[38;2;181;172;255m[48;2;172;164;246m▀[0m[38;2;181;172;255m[48;2;172;164;246m▀[0m[38;2;181;172;255m[48;2;172;164;246m▀[0m[38;2;184;174;255m[48;2;171;161;248m▀[0m[38;2;170;164;231m[48;2;180;178;240m▀[0m[38;2;131;137;133m[48;2;206;225;220m▀[0m[38;2;138;144;143m[48;2;210;228;227m▀[0m[38;2;56;58;58m[48;2;83;89;89m▀[0m[38;2;0;0;0m[48;2;25;26;26m▀[0m[38;2;8;8;8m[48;2;21;21;21m▀[0m[38;2;0;0;0m▄[0m     [38;2;63;63;191m▀[0m[38;2;61;37;176m[48;2;60;37;175m▀[0m[38;2;106;74;229m[48;2;102;71;222m▀[0m[38;2;120;87;234m[48;2;118;85;233m▀[0m[38;2;116;83;231m[48;2;116;83;231m▀[0m[38;2;112;80;228m[48;2;112;80;228m▀[0m[38;2;68;43;188m[48;2;77;51;196m▀[0m[38;2;53;34;166m[48;2;69;46;188m▀[0m[38;2;60;30;180m▄[0m     [38;2;59;36;182m[48;2;49;31;148m▀[0m[38;2;80;52;207m[48;2;72;48;181m▀[0m[38;2;116;83;231m[48;2;117;83;234m▀[0m[38;2;120;84;242m[48;2;110;80;217m▀[0m[38;2;99;74;185m[48;2;58;54;73m▀[0m[38;2;104;77;194m[48;2;77;64;121m▀[0m[38;2;104;72;223m[48;2;106;74;227m▀[0m[38;2;65;40;185m[48;2;56;35;153m▀[0m
[38;2;63;39;179m[48;2;64;39;180m▀[0m[38;2;102;71;218m[48;2;103;71;218m▀[0m[38;2;118;84;233m[48;2;118;84;233m▀[0m[38;2;115;82;230m[48;2;115;82;230m▀[0m[38;2;115;82;230m[48;2;115;82;230m▀[0m[38;2;115;82;230m[48;2;115;82;230m▀[0m[38;2;118;85;233m[48;2;118;85;233m▀[0m[38;2;89;60;212m[48;2;89;60;212m▀[0m[38;2;58;35;173m[48;2;58;35;173m▀[0m        [38;2;13;13;13m[48;2;13;13;13m▀[0m[38;2;35;35;35m[48;2;37;37;37m▀[0m[38;2;51;51;51m[48;2;55;55;55m▀[0m[38;2;49;49;49m[48;2;48;48;48m▀[0m[38;2;49;49;49m[48;2;21;21;21m▀[0m[38;2;23;23;23m[48;2;13;13;13m▀[0m[38;2;13;13;13m[48;2;0;0;0m▀[0m    [38;2;0;0;0m[48;2;69;68;68m▀[0m[38;2;76;74;74m[48;2;131;139;139m▀[0m[38;2;123;127;127m[48;2;206;219;219m▀[0m[38;2;202;219;219m[48;2;250;252;252m▀[0m[38;2;198;214;214m[48;2;249;251;251m▀[0m[38;2;198;213;213m[48;2;248;250;250m▀[0m[38;2;197;213;213m[48;2;220;232;226m▀[0m[38;2;198;215;212m[48;2;187;198;223m▀[0m[38;2;195;208;218m[48;2;165;159;228m▀[0m[38;2;173;165;247m[48;2;100;99;109m▀[0m[38;2;98;97;108m[48;2;149;144;203m▀[0m[38;2;137;132;179m[48;2;171;164;245m▀[0m[38;2;178;169;255m[48;2;173;165;247m▀[0m[38;2;172;164;246m[48;2;172;164;246m▀[0m[38;2;172;164;246m[48;2;172;164;246m▀[0m[38;2;172;164;246m[48;2;172;164;246m▀[0m[38;2;172;164;246m[48;2;172;164;246m▀[0m[38;2;171;161;248m[48;2;172;164;246m▀[0m[38;2;178;176;238m[48;2;172;165;246m▀[0m[38;2;198;215;212m[48;2;176;173;240m▀[0m[38;2;197;213;213m[48;2;196;210;215m▀[0m[38;2;206;223;223m[48;2;201;217;215m▀[0m[38;2;145;153;153m[48;2;198;214;214m▀[0m[38;2;61;60;60m[48;2;155;165;165m▀[0m[38;2;11;11;11m[48;2;67;66;66m▀[0m[38;2;0;0;0m[48;2;4;4;4m▀[0m[38;2;0;0;0m▄[0m  [38;2;58;32;170m▄[0m[38;2;42;42;170m[48;2;66;41;182m▀[0m[38;2;61;38;176m[48;2;104;73;220m▀[0m[38;2;102;71;222m[48;2;115;82;231m▀[0m[38;2;118;85;233m[48;2;115;82;230m▀[0m[38;2;115;82;230m[48;2;115;82;230m▀[0m[38;2;115;82;230m[48;2;115;82;230m▀[0m[38;2;117;84;232m[48;2;118;84;232m▀[0m[38;2;82;54;206m[48;2;83;55;207m▀[0m[38;2;57;36;171m[48;2;57;36;173m▀[0m     [38;2;2;7;0m[48;2;12;12;9m▀[0m[38;2;35;29;56m[48;2;25;25;27m▀[0m[38;2;115;82;229m[48;2;59;55;73m▀[0m[38;2;57;53;70m[48;2;49;49;50m▀[0m[38;2;42;45;29m[48;2;48;48;46m▀[0m[38;2;85;68;145m[48;2;56;54;63m▀[0m[38;2;94;67;187m[48;2;48;45;59m▀[0m[38;2;12;13;6m[48;2;15;15;13m▀[0m
[38;2;64;38;188m[48;2;58;46;117m▀[0m[38;2;105;73;222m[48;2;81;57;182m▀[0m[38;2;119;85;233m[48;2;113;78;239m▀[0m[38;2;117;83;235m[48;2;104;75;206m▀[0m[38;2;122;87;245m[48;2;69;51;133m▀[0m[38;2;115;82;230m[48;2;114;81;228m▀[0m[38;2;118;85;232m[48;2;126;90;251m▀[0m[38;2;92;61;220m[48;2;76;53;165m▀[0m[38;2;61;37;186m[48;2;32;22;90m▀[0m       [38;2;11;11;11m▄[0m[38;2;12;12;12m[48;2;9;9;9m▀[0m[38;2;23;23;23m[48;2;26;26;26m▀[0m[38;2;26;26;26m[48;2;33;33;33m▀[0m[38;2;23;23;23m[48;2;31;31;31m▀[0m[38;2;13;13;13m[48;2;33;33;33m▀[0m[38;2;12;12;12m[48;2;36;36;36m▀[0m[38;2;9;9;9m[48;2;24;24;24m▀[0m[38;2;8;8;8m▄[0m[38;2;10;10;10m▄[0m[38;2;18;18;18m▄[0m[38;2;81;77;77m[48;2;90;96;96m▀[0m[38;2;139;148;148m[48;2;174;189;189m▀[0m[38;2;208;217;217m[48;2;238;246;246m▀[0m[38;2;248;252;252m[48;2;255;255;255m▀[0m[38;2;255;255;255m[48;2;255;255;255m▀[0m[38;2;255;255;255m[48;2;255;255;255m▀[0m[38;2;255;255;255m[48;2;255;255;255m▀[0m[38;2;247;250;248m[48;2;255;255;255m▀[0m[38;2;219;219;247m[48;2;242;238;255m▀[0m[38;2;157;148;228m[48;2;160;153;234m▀[0m[38;2;87;87;84m[48;2;85;86;81m▀[0m[38;2;158;152;220m[48;2;155;149;214m▀[0m[38;2;178;169;255m[48;2;176;168;254m▀[0m[38;2;172;164;246m[48;2;172;164;246m▀[0m[38;2;172;164;246m[48;2;172;164;246m▀[0m[38;2;172;164;246m[48;2;172;164;246m▀[0m[38;2;172;164;246m[48;2;172;164;246m▀[0m[38;2;172;164;246m[48;2;172;164;246m▀[0m[38;2;172;164;246m[48;2;172;164;246m▀[0m[38;2;171;162;247m[48;2;171;163;247m▀[0m[38;2;172;165;245m[48;2;173;167;244m▀[0m[38;2;196;210;215m[48;2;197;213;213m▀[0m[38;2;198;214;212m[48;2;198;215;211m▀[0m[38;2;207;224;224m[48;2;201;217;217m▀[0m[38;2;163;174;174m[48;2;179;192;192m▀[0m[38;2;87;87;87m[48;2;140;147;147m▀[0m[38;2;150;163;163m[48;2;159;169;169m▀[0m[38;2;33;34;34m[48;2;116;124;124m▀[0m[38;2;0;0;0m[48;2;95;100;100m▀[0m[38;2;78;78;63m▄[0m[38;2;59;37;173m[48;2;49;21;205m▀[0m[38;2;70;44;190m[48;2;70;43;193m▀[0m[38;2;112;80;229m[48;2;110;78;227m▀[0m[38;2;117;84;231m[48;2;122;86;246m▀[0m[38;2;117;83;237m[48;2;101;75;193m▀[0m[38;2;119;84;241m[48;2;89;69;158m▀[0m[38;2;115;82;229m[48;2;117;83;234m▀[0m[38;2;117;84;232m[48;2;121;86;243m▀[0m[38;2;82;54;205m[48;2;86;56;216m▀[0m[38;2;58;36;172m[48;2;64;39;194m▀[0m     [38;2;16;16;16m▀[0m[38;2;18;18;16m[48;2;8;8;8m▀[0m[38;2;24;26;20m[48;2;15;15;15m▀[0m[38;2;47;47;46m[48;2;46;46;46m▀[0m[38;2;52;52;53m[48;2;55;55;55m▀[0m[38;2;39;39;36m[48;2;36;36;36m▀[0m[38;2;20;21;17m[48;2;11;11;11m▀[0m[38;2;16;16;16m▀[0m
[38;2;38;41;25m[48;2;13;14;8m▀[0m[38;2;54;37;142m[48;2;55;36;141m▀[0m[38;2;82;55;197m[48;2;37;27;90m▀[0m[38;2;65;50;114m[48;2;19;23;3m▀[0m[38;2;24;24;25m[48;2;60;56;73m▀[0m[38;2;115;82;232m[48;2;110;80;216m▀[0m[38;2;100;72;201m[48;2;31;27;47m▀[0m[38;2;41;33;67m[48;2;12;14;5m▀[0m[38;2;3;8;0m[48;2;16;16;16m▀[0m    [38;2;0;0;0m▄[0m[38;2;0;0;0m[48;2;16;16;16m▀[0m[38;2;16;16;16m[48;2;22;22;22m▀[0m[38;2;24;24;24m[48;2;49;49;49m▀[0m[38;2;26;26;26m[48;2;51;51;51m▀[0m[38;2;34;34;34m[48;2;33;33;33m▀[0m[38;2;42;42;42m[48;2;18;18;18m▀[0m[38;2;42;42;42m[48;2;16;16;16m▀[0m[38;2;44;44;44m[48;2;14;14;14m▀[0m[38;2;45;45;45m[48;2;11;11;11m▀[0m[38;2;33;33;33m[48;2;34;34;34m▀[0m[38;2;26;26;26m[48;2;52;52;52m▀[0m[38;2;22;22;22m[48;2;41;41;41m▀[0m[38;2;16;16;16m[48;2;27;28;28m▀[0m[38;2;127;142;142m[48;2;182;196;196m▀[0m[38;2;182;201;201m[48;2;205;222;222m▀[0m[38;2;220;230;230m[48;2;193;210;210m▀[0m[38;2;244;247;247m[48;2;208;221;221m▀[0m[38;2;255;255;255m[48;2;251;252;252m▀[0m[38;2;255;255;255m[48;2;251;252;252m▀[0m[38;2;255;255;255m[48;2;251;252;252m▀[0m[38;2;246;245;255m[48;2;212;207;254m▀[0m[38;2;209;205;239m[48;2;133;128;188m▀[0m[38;2;141;136;195m[48;2;92;91;93m▀[0m[38;2;110;108;129m[48;2;175;166;250m▀[0m[38;2;161;154;224m[48;2;175;166;250m▀[0m[38;2;175;167;252m[48;2;172;164;246m▀[0m[38;2;172;164;246m[48;2;172;164;246m▀[0m[38;2;172;164;246m[48;2;172;164;246m▀[0m[38;2;172;164;246m[48;2;172;164;246m▀[0m[38;2;172;164;246m[48;2;172;164;246m▀[0m[38;2;172;164;246m[48;2;172;164;246m▀[0m[38;2;172;164;246m[48;2;172;164;246m▀[0m[38;2;171;163;247m[48;2;172;164;246m▀[0m[38;2;173;166;245m[48;2;172;164;246m▀[0m[38;2;190;198;223m[48;2;170;160;248m▀[0m[38;2;196;211;214m[48;2;191;200;221m▀[0m[38;2;197;213;212m[48;2;198;216;211m▀[0m[38;2;204;222;222m[48;2;201;218;218m▀[0m[38;2;190;205;205m[48;2;185;199;199m▀[0m[38;2;79;77;77m[48;2;98;100;100m▀[0m[38;2;196;212;212m[48;2;178;191;191m▀[0m[38;2;153;160;160m[48;2;145;153;153m▀[0m[38;2;77;75;67m[48;2;90;90;91m▀[0m[38;2;26;0;228m[48;2;0;0;0m▀[0m[38;2;55;36;142m[48;2;16;16;12m▀[0m[38;2;111;79;229m[48;2;103;75;203m▀[0m[38;2;111;80;215m[48;2;69;60;102m▀[0m[38;2;68;59;101m[48;2;40;44;23m▀[0m[38;2;58;53;74m[48;2;66;57;94m▀[0m[38;2;119;84;240m[48;2;109;78;212m▀[0m[38;2;101;76;190m[48;2;51;50;53m▀[0m[38;2;67;46;158m[48;2;19;21;11m▀[0m[38;2;38;26;105m[48;2;16;16;14m▀[0m[38;2;12;12;12m[48;2;18;18;18m▀[0m[38;2;15;15;15m▄[0m    [38;2;11;11;11m[48;2;12;12;12m▀[0m[38;2;18;18;18m[48;2;17;17;17m▀[0m[38;2;47;47;47m[48;2;44;44;44m▀[0m[38;2;47;47;47m[48;2;29;29;29m▀[0m[38;2;30;30;30m[48;2;13;13;13m▀[0m[38;2;12;12;12m▀[0m 
[38;2;15;15;15m[48;2;15;15;15m▀[0m[38;2;41;41;45m[48;2;20;20;16m▀[0m[38;2;51;50;53m[48;2;38;39;37m▀[0m[38;2;48;48;47m[48;2;51;51;52m▀[0m[38;2;49;49;50m[48;2;49;49;48m▀[0m[38;2;52;50;56m[48;2;48;48;45m▀[0m[38;2;51;51;52m[48;2;29;29;28m▀[0m[38;2;30;30;30m[48;2;19;19;19m▀[0m[38;2;11;11;11m[48;2;8;8;8m▀[0m   [38;2;12;12;12m▄[0m[38;2;9;9;9m[48;2;29;29;29m▀[0m[38;2;23;23;23m[48;2;47;47;47m▀[0m[38;2;49;49;49m[48;2;48;48;48m▀[0m[38;2;51;51;51m[48;2;25;25;25m▀[0m[38;2;20;20;20m[48;2;9;9;9m▀[0m[38;2;57;57;57m[48;2;54;54;54m▀[0m[38;2;83;83;83m[48;2;63;63;63m▀[0m[38;2;44;44;44m[48;2;52;52;52m▀[0m[38;2;36;36;36m▀[0m[38;2;0;0;0m▀[0m[38;2;17;17;17m[48;2;8;8;8m▀[0m[38;2;14;13;13m[48;2;3;1;1m▀[0m[38;2;33;36;36m[48;2;34;38;38m▀[0m[38;2;122;137;137m[48;2;128;144;144m▀[0m[38;2;192;208;208m[48;2;134;150;150m▀[0m[38;2;201;217;217m[48;2;179;195;195m▀[0m[38;2;197;213;213m[48;2;201;217;217m▀[0m[38;2;197;213;213m[48;2;197;213;213m▀[0m[38;2;199;215;215m[48;2;196;212;212m▀[0m[38;2;199;215;215m[48;2;196;212;212m▀[0m[38;2;201;218;213m[48;2;198;216;210m▀[0m[38;2;190;192;242m[48;2;188;191;241m▀[0m[38;2;142;135;194m[48;2;142;135;194m▀[0m[38;2;95;94;99m[48;2;95;94;99m▀[0m[38;2;171;163;243m[48;2;171;163;243m▀[0m[38;2;174;165;249m[48;2;174;165;249m▀[0m[38;2;172;164;246m[48;2;172;164;246m▀[0m[38;2;172;164;246m[48;2;172;164;246m▀[0m[38;2;172;164;246m[48;2;172;164;246m▀[0m[38;2;172;164;246m[48;2;172;164;246m▀[0m[38;2;172;164;246m[48;2;172;164;246m▀[0m[38;2;172;164;246m[48;2;172;164;246m▀[0m[38;2;172;164;246m[48;2;172;164;246m▀[0m[38;2;172;164;246m[48;2;172;164;246m▀[0m[38;2;172;164;246m[48;2;172;164;246m▀[0m[38;2;171;162;247m[48;2;171;162;247m▀[0m[38;2;191;201;221m[48;2;191;201;221m▀[0m[38;2;198;216;211m[48;2;198;216;211m▀[0m[38;2;197;213;213m[48;2;197;213;213m▀[0m[38;2;197;213;213m[48;2;198;214;214m▀[0m[38;2;195;210;210m[48;2;201;218;218m▀[0m[38;2;104;106;106m[48;2;109;111;111m▀[0m[38;2;167;177;177m[48;2;62;64;64m▀[0m[38;2;137;148;148m[48;2;49;51;51m▀[0m[38;2;2;1;1m[48;2;37;37;37m▀[0m[38;2;17;17;17m[48;2;16;16;16m▀[0m[38;2;47;46;51m[48;2;44;44;41m▀[0m[38;2;51;50;52m[48;2;49;50;49m▀[0m[38;2;49;49;48m[48;2;49;49;50m▀[0m[38;2;50;49;51m[48;2;49;49;48m▀[0m[38;2;51;50;56m[48;2;48;48;45m▀[0m[38;2;50;50;50m[48;2;50;50;50m▀[0m[38;2;21;21;21m[48;2;21;21;21m▀[0m[38;2;33;33;33m[48;2;33;33;33m▀[0m[38;2;41;41;41m[48;2;52;52;52m▀[0m[38;2;12;12;12m[48;2;39;39;39m▀[0m[38;2;13;13;13m▄[0m[38;2;0;0;0m▄[0m  [38;2;0;0;0m▀[0m[38;2;18;18;18m▀[0m[38;2;13;13;13m[48;2;42;42;42m▀[0m[38;2;43;43;43m[48;2;32;32;32m▀[0m[38;2;53;53;53m[48;2;20;20;20m▀[0m  
 [38;2;11;11;11m[48;2;12;12;12m▀[0m[38;2;36;36;36m[48;2;28;28;28m▀[0m[38;2;53;53;53m[48;2;43;43;43m▀[0m[38;2;49;49;49m[48;2;51;51;51m▀[0m[38;2;49;49;49m[48;2;49;49;49m▀[0m[38;2;23;23;23m[48;2;24;24;24m▀[0m[38;2;10;10;10m[48;2;12;12;12m▀[0m    [38;2;12;12;12m[48;2;11;11;11m▀[0m[38;2;33;33;33m[48;2;32;32;32m▀[0m[38;2;54;54;54m[48;2;49;49;49m▀[0m[38;2;49;49;49m[48;2;35;35;35m▀[0m[38;2;19;19;19m[48;2;18;18;18m▀[0m[38;2;0;0;0m[48;2;0;0;0m▀[0m[38;2;59;59;59m[48;2;39;39;39m▀[0m[38;2;47;47;47m[48;2;35;35;35m▀[0m[38;2;25;25;25m[48;2;27;27;27m▀[0m[38;2;13;13;13m[48;2;32;32;32m▀[0m[38;2;0;0;0m[48;2;22;22;22m▀[0m[38;2;7;7;7m▄[0m[38;2;2;0;0m[48;2;2;0;0m▀[0m[38;2;35;38;38m[48;2;35;38;38m▀[0m[38;2;125;141;141m[48;2;125;141;141m▀[0m[38;2;116;132;132m[48;2;120;136;136m▀[0m[38;2;173;189;189m[48;2;174;190;190m▀[0m[38;2;202;218;218m[48;2;202;218;218m▀[0m[38;2;197;213;213m[48;2;197;213;213m▀[0m[38;2;197;213;213m[48;2;197;213;213m▀[0m[38;2;197;213;213m[48;2;197;213;213m▀[0m[38;2;199;217;211m[48;2;199;217;211m▀[0m[38;2;189;191;241m[48;2;189;191;241m▀[0m[38;2;142;135;194m[48;2;142;135;194m▀[0m[38;2;95;94;99m[48;2;95;94;99m▀[0m[38;2;171;163;243m[48;2;171;163;243m▀[0m[38;2;174;165;249m[48;2;174;165;249m▀[0m[38;2;172;164;246m[48;2;172;164;246m▀[0m[38;2;172;164;246m[48;2;172;164;246m▀[0m[38;2;172;164;246m[48;2;172;164;246m▀[0m[38;2;172;164;246m[48;2;172;164;246m▀[0m[38;2;172;164;246m[48;2;172;164;246m▀[0m[38;2;172;164;246m[48;2;172;164;246m▀[0m[38;2;172;164;246m[48;2;172;164;246m▀[0m[38;2;172;164;246m[48;2;172;164;246m▀[0m[38;2;172;164;246m[48;2;172;164;246m▀[0m[38;2;171;162;247m[48;2;171;162;247m▀[0m[38;2;191;201;221m[48;2;191;201;221m▀[0m[38;2;198;216;211m[48;2;198;216;211m▀[0m[38;2;197;213;213m[48;2;197;213;213m▀[0m[38;2;198;214;214m[48;2;198;214;214m▀[0m[38;2;199;215;215m[48;2;199;215;215m▀[0m[38;2;118;122;122m[48;2;88;90;90m▀[0m[38;2;31;30;30m[48;2;33;33;33m▀[0m[38;2;17;17;17m[48;2;37;37;37m▀[0m[38;2;48;48;48m[48;2;48;48;48m▀[0m[38;2;17;17;17m[48;2;15;15;15m▀[0m[38;2;47;47;47m[48;2;33;33;33m▀[0m[38;2;51;51;51m[48;2;47;47;47m▀[0m[38;2;49;49;49m[48;2;51;51;51m▀[0m[38;2;50;50;50m[48;2;46;46;46m▀[0m[38;2;51;51;51m[48;2;36;36;36m▀[0m[38;2;52;52;52m[48;2;38;38;38m▀[0m[38;2;22;22;22m[48;2;20;20;20m▀[0m[38;2;34;34;34m[48;2;27;27;27m▀[0m[38;2;54;54;54m[48;2;43;43;43m▀[0m[38;2;49;49;49m[48;2;51;51;51m▀[0m[38;2;37;37;37m[48;2;51;51;51m▀[0m[38;2;22;22;22m[48;2;23;23;23m▀[0m[38;2;13;13;13m[48;2;10;10;10m▀[0m  [38;2;63;63;63m[48;2;63;63;63m▀[0m[38;2;52;52;52m[48;2;50;50;50m▀[0m[38;2;28;28;28m[48;2;29;29;29m▀[0m[38;2;9;9;9m[48;2;11;11;11m▀[0m  
  [38;2;7;7;7m▀[0m[38;2;23;23;23m[48;2;13;13;13m▀[0m[38;2;46;46;46m[48;2;20;20;20m▀[0m[38;2;50;50;50m[48;2;49;49;49m▀[0m[38;2;58;58;58m[48;2;52;52;52m▀[0m[38;2;0;0;0m▄[0m  [38;2;0;0;0m[48;2;0;0;0m▀[0m[38;2;13;13;13m[48;2;13;13;13m▀[0m[38;2;18;18;18m[48;2;40;40;40m▀[0m[38;2;37;37;37m[48;2;53;53;53m▀[0m[38;2;43;43;43m[48;2;42;42;42m▀[0m[38;2;12;12;12m[48;2;14;14;14m▀[0m[38;2;0;0;0m▄[0m[38;2;17;17;17m[48;2;12;12;12m▀[0m[38;2;16;16;16m[48;2;38;38;38m▀[0m[38;2;29;29;29m[48;2;42;42;42m▀[0m[38;2;47;47;47m[48;2;12;12;12m▀[0m[38;2;51;51;51m▀[0m[38;2;22;22;22m▀[0m[38;2;7;7;7m[48;2;127;127;127m▀[0m[38;2;0;0;0m[48;2;5;2;2m▀[0m[38;2;35;38;38m[48;2;35;38;38m▀[0m[38;2;127;143;143m[48;2;123;138;138m▀[0m[38;2;119;135;135m[48;2;121;137;137m▀[0m[38;2;173;189;189m[48;2;175;191;191m▀[0m[38;2;202;218;218m[48;2;202;218;218m▀[0m[38;2;197;213;213m[48;2;197;213;213m▀[0m[38;2;197;213;213m[48;2;197;213;213m▀[0m[38;2;197;213;213m[48;2;197;213;213m▀[0m[38;2;199;217;211m[48;2;199;217;211m▀[0m[38;2;189;191;241m[48;2;189;191;241m▀[0m[38;2;141;134;193m[48;2;143;136;195m▀[0m[38;2;94;93;97m[48;2;96;95;102m▀[0m[38;2;173;164;246m[48;2;169;161;240m▀[0m[38;2;174;165;250m[48;2;174;165;248m▀[0m[38;2;172;164;246m[48;2;172;164;246m▀[0m[38;2;172;164;246m[48;2;172;164;246m▀[0m[38;2;172;164;246m[48;2;172;164;246m▀[0m[38;2;172;164;246m[48;2;172;164;246m▀[0m[38;2;172;164;246m[48;2;172;164;246m▀[0m[38;2;172;164;246m[48;2;172;164;246m▀[0m[38;2;172;164;246m[48;2;172;164;246m▀[0m[38;2;172;164;246m[48;2;172;164;246m▀[0m[38;2;172;164;246m[48;2;172;164;246m▀[0m[38;2;171;162;247m[48;2;171;162;247m▀[0m[38;2;191;201;221m[48;2;191;201;221m▀[0m[38;2;198;216;211m[48;2;198;216;211m▀[0m[38;2;197;213;213m[48;2;197;213;213m▀[0m[38;2;199;215;215m[48;2;199;215;215m▀[0m[38;2;203;219;219m[48;2;197;212;212m▀[0m[38;2;41;43;43m[48;2;44;46;46m▀[0m[38;2;27;27;27m[48;2;30;29;29m▀[0m[38;2;53;53;53m[48;2;39;39;39m▀[0m[38;2;43;43;43m[48;2;12;12;12m▀[0m [38;2;11;11;11m▀[0m[38;2;34;34;34m[48;2;11;11;11m▀[0m[38;2;50;50;50m[48;2;34;34;34m▀[0m[38;2;41;41;41m[48;2;44;44;44m▀[0m[38;2;13;13;13m[48;2;15;15;15m▀[0m[38;2;13;13;13m[48;2;25;25;25m▀[0m[38;2;12;12;12m▀[0m[38;2;8;8;8m▀[0m[38;2;23;23;23m[48;2;13;13;13m▀[0m[38;2;46;46;46m[48;2;20;20;20m▀[0m[38;2;49;49;49m[48;2;48;48;48m▀[0m[38;2;28;28;28m[48;2;53;53;53m▀[0m[38;2;18;18;18m[48;2;30;30;30m▀[0m[38;2;9;9;9m[48;2;11;11;11m▀[0m[38;2;0;0;0m▄[0m[38;2;56;56;56m▄[0m[38;2;50;50;50m[48;2;50;50;50m▀[0m[38;2;29;29;29m[48;2;29;29;29m▀[0m[38;2;11;11;11m[48;2;11;11;11m▀[0m  
   [38;2;12;12;12m[48;2;11;11;11m▀[0m[38;2;22;22;22m[48;2;19;19;19m▀[0m[38;2;50;50;50m[48;2;24;24;24m▀[0m[38;2;53;53;53m[48;2;50;50;50m▀[0m[38;2;49;49;49m[48;2;51;51;51m▀[0m  [38;2;0;0;0m[48;2;0;0;0m▀[0m[38;2;13;13;13m[48;2;13;13;13m▀[0m[38;2;39;39;39m[48;2;39;39;39m▀[0m[38;2;53;53;53m[48;2;53;53;53m▀[0m[38;2;42;42;42m[48;2;42;42;42m▀[0m[38;2;14;14;14m[48;2;15;15;15m▀[0m[38;2;0;0;0m▀[0m[38;2;10;10;10m[48;2;42;42;42m▀[0m[38;2;38;38;38m[48;2;34;34;34m▀[0m[38;2;43;43;43m[48;2;31;31;31m▀[0m[38;2;11;11;11m[48;2;44;44;44m▀[0m[38;2;52;52;52m▄[0m[38;2;52;52;52m▄[0m[38;2;48;48;48m[48;2;53;53;53m▀[0m[38;2;53;53;53m[48;2;45;45;45m▀[0m[38;2;41;41;41m[48;2;19;19;19m▀[0m[38;2;29;31;31m[48;2;17;16;16m▀[0m[38;2;171;186;186m[48;2;192;207;207m▀[0m[38;2;201;218;218m[48;2;210;227;227m▀[0m[38;2;197;213;213m[48;2;196;212;212m▀[0m[38;2;197;213;213m[48;2;197;213;213m▀[0m[38;2;197;213;213m[48;2;197;213;213m▀[0m[38;2;197;213;213m[48;2;197;213;213m▀[0m[38;2;199;217;211m[48;2;199;217;211m▀[0m[38;2;184;187;232m[48;2;183;185;232m▀[0m[38;2;170;160;248m[48;2;174;163;255m▀[0m[38;2;156;149;215m[48;2;161;154;228m▀[0m[38;2;100;99;107m[48;2;58;58;55m▀[0m[38;2;158;152;220m[48;2;150;144;210m▀[0m[38;2;176;168;253m[48;2;178;170;255m▀[0m[38;2;172;164;246m[48;2;172;164;246m▀[0m[38;2;172;164;246m[48;2;172;164;246m▀[0m[38;2;172;164;246m[48;2;172;164;246m▀[0m[38;2;172;164;246m[48;2;172;164;246m▀[0m[38;2;172;164;246m[48;2;172;164;246m▀[0m[38;2;172;164;246m[48;2;172;164;246m▀[0m[38;2;172;164;246m[48;2;172;164;246m▀[0m[38;2;172;164;246m[48;2;172;164;246m▀[0m[38;2;171;162;247m[48;2;169;158;249m▀[0m[38;2;191;201;221m[48;2;190;200;222m▀[0m[38;2;198;216;211m[48;2;197;215;210m▀[0m[38;2;202;218;218m[48;2;207;224;224m▀[0m[38;2;183;197;197m[48;2;189;204;204m▀[0m[38;2;66;68;68m[48;2;36;34;34m▀[0m[38;2;20;19;19m[48;2;9;7;7m▀[0m[38;2;36;36;36m[48;2;36;36;36m▀[0m[38;2;38;38;38m[48;2;51;51;51m▀[0m[38;2;10;10;10m[48;2;35;35;35m▀[0m[38;2;11;11;11m▄[0m [38;2;13;13;13m[48;2;11;11;11m▀[0m[38;2;35;35;35m[48;2;35;35;35m▀[0m[38;2;50;50;50m[48;2;54;54;54m▀[0m[38;2;11;11;11m▀[0m   [38;2;12;12;12m[48;2;11;11;11m▀[0m[38;2;22;22;22m[48;2;27;27;27m▀[0m[38;2;48;48;48m[48;2;48;48;48m▀[0m[38;2;52;52;52m[48;2;52;52;52m▀[0m[38;2;30;30;30m[48;2;28;28;28m▀[0m[38;2;8;8;8m[48;2;5;5;5m▀[0m[38;2;63;63;63m[48;2;162;162;162m▀[0m[38;2;49;49;49m[48;2;51;51;51m▀[0m[38;2;52;52;52m[48;2;30;30;30m▀[0m[38;2;28;28;28m[48;2;19;19;19m▀[0m[38;2;10;10;10m[48;2;13;13;13m▀[0m  
    [38;2;0;0;0m[48;2;12;12;12m▀[0m[38;2;14;14;14m[48;2;15;15;15m▀[0m[38;2;47;47;47m[48;2;36;36;36m▀[0m[38;2;57;57;57m[48;2;46;46;46m▀[0m[38;2;53;53;53m[48;2;41;41;41m▀[0m[38;2;56;56;56m▄[0m[38;2;51;51;51m▄[0m[38;2;11;11;11m[48;2;26;26;26m▀[0m[38;2;38;38;38m[48;2;43;43;43m▀[0m[38;2;53;53;53m[48;2;53;53;53m▀[0m[38;2;41;41;41m[48;2;40;40;40m▀[0m[38;2;16;16;16m[48;2;17;17;17m▀[0m[38;2;45;45;45m[48;2;53;53;53m▀[0m[38;2;54;54;54m[48;2;52;52;52m▀[0m[38;2;38;38;38m[48;2;62;62;62m▀[0m[38;2;17;17;17m[48;2;0;0;0m▀[0m[38;2;38;38;38m[48;2;13;13;13m▀[0m[38;2;37;37;37m[48;2;12;12;12m▀[0m[38;2;37;37;37m[48;2;12;12;12m▀[0m[38;2;36;36;36m[48;2;13;13;13m▀[0m[38;2;27;27;27m[48;2;12;12;12m▀[0m[38;2;5;5;5m▀[0m[38;2;19;19;19m▀[0m[38;2;91;97;97m[48;2;0;0;0m▀[0m[38;2;182;197;197m[48;2;103;112;112m▀[0m[38;2;210;227;227m[48;2;183;197;197m▀[0m[38;2;196;212;212m[48;2;207;224;224m▀[0m[38;2;197;213;213m[48;2;200;217;217m▀[0m[38;2;197;213;213m[48;2;197;213;213m▀[0m[38;2;198;215;212m[48;2;197;213;213m▀[0m[38;2;192;202;221m[48;2;200;218;209m▀[0m[38;2;185;184;244m[48;2;194;203;227m▀[0m[38;2;155;147;221m[48;2;159;149;232m▀[0m[38;2;39;39;34m[48;2;84;82;105m▀[0m[38;2;152;144;215m[48;2;136;131;181m▀[0m[38;2;181;173;255m[48;2;167;160;234m▀[0m[38;2;172;164;245m[48;2;174;165;249m▀[0m[38;2;172;164;246m[48;2;172;164;246m▀[0m[38;2;172;164;246m[48;2;172;164;246m▀[0m[38;2;172;164;246m[48;2;172;164;246m▀[0m[38;2;172;164;246m[48;2;172;164;246m▀[0m[38;2;172;164;246m[48;2;172;164;246m▀[0m[38;2;172;164;247m[48;2;171;162;247m▀[0m[38;2;173;166;245m[48;2;172;166;245m▀[0m[38;2;184;186;231m[48;2;198;213;213m▀[0m[38;2;195;208;217m[48;2;198;215;211m▀[0m[38;2;203;220;218m[48;2;211;228;228m▀[0m[38;2;174;187;187m[48;2;148;158;158m▀[0m[38;2;121;128;128m[48;2;44;43;43m▀[0m[38;2;135;144;144m[48;2;157;170;170m▀[0m[38;2;74;75;75m[48;2;117;121;121m▀[0m[38;2;38;38;38m[48;2;37;36;36m▀[0m[38;2;40;40;40m[48;2;19;19;19m▀[0m[38;2;52;52;52m[48;2;43;43;43m▀[0m[38;2;35;35;35m[48;2;43;43;43m▀[0m[38;2;52;52;52m[48;2;45;45;45m▀[0m[38;2;19;19;19m[48;2;23;23;23m▀[0m[38;2;34;34;34m[48;2;26;26;26m▀[0m[38;2;48;48;48m[48;2;40;40;40m▀[0m[38;2;10;10;10m[48;2;26;26;26m▀[0m[38;2;15;15;15m▄[0m[38;2;10;10;10m▄[0m[38;2;9;9;9m▄[0m [38;2;72;72;72m[48;2;51;51;51m▀[0m[38;2;48;48;48m[48;2;48;48;48m▀[0m[38;2;51;51;51m[48;2;50;50;50m▀[0m[38;2;41;41;41m[48;2;52;52;52m▀[0m[38;2;24;24;24m[48;2;42;42;42m▀[0m[38;2;23;23;23m[48;2;29;29;29m▀[0m[38;2;51;51;51m[48;2;40;40;40m▀[0m[38;2;20;20;20m[48;2;19;19;19m▀[0m[38;2;10;10;10m[48;2;13;13;13m▀[0m   
      [38;2;13;13;13m[48;2;0;0;0m▀[0m[38;2;12;12;12m[48;2;0;0;0m▀[0m[38;2;27;27;27m[48;2;17;17;17m▀[0m[38;2;50;50;50m[48;2;18;18;18m▀[0m[38;2;48;48;48m[48;2;17;17;17m▀[0m[38;2;48;48;48m[48;2;17;17;17m▀[0m[38;2;46;46;46m[48;2;15;15;15m▀[0m[38;2;49;49;49m[48;2;33;33;33m▀[0m[38;2;40;40;40m[48;2;44;44;44m▀[0m[38;2;16;16;16m[48;2;13;13;13m▀[0m[38;2;48;48;48m[48;2;31;31;31m▀[0m[38;2;59;59;59m▀[0m          [38;2;0;0;0m[48;2;0;0;0m▀[0m[38;2;89;96;96m[48;2;10;10;10m▀[0m[38;2;194;209;209m[48;2;36;36;36m▀[0m[38;2;188;203;203m[48;2;103;104;104m▀[0m[38;2;198;214;214m[48;2;194;210;210m▀[0m[38;2;199;215;215m[48;2;203;219;219m▀[0m[38;2;200;218;213m[48;2;200;217;217m▀[0m[38;2;191;201;223m[48;2;200;217;215m▀[0m[38;2;174;167;247m[48;2;194;208;220m▀[0m[38;2;179;171;255m[48;2;174;166;249m▀[0m[38;2;92;91;96m[48;2;60;59;67m▀[0m[38;2;133;129;174m[48;2;120;115;162m▀[0m[38;2;179;170;255m[48;2;183;173;255m▀[0m[38;2;172;164;246m[48;2;172;164;246m▀[0m[38;2;172;164;246m[48;2;172;164;246m▀[0m[38;2;172;164;246m[48;2;172;164;246m▀[0m[38;2;172;164;246m[48;2;172;164;246m▀[0m[38;2;172;163;246m[48;2;171;160;248m▀[0m[38;2;172;164;247m[48;2;178;176;240m▀[0m[38;2;177;173;243m[48;2;201;218;216m▀[0m[38;2;198;212;216m[48;2;200;216;217m▀[0m[38;2;201;217;215m[48;2;211;228;228m▀[0m[38;2;199;215;215m[48;2;123;131;131m▀[0m[38;2;141;151;151m[48;2;31;30;30m▀[0m[38;2;34;33;33m[48;2;14;14;14m▀[0m[38;2;6;5;5m[48;2;0;0;0m▀[0m[38;2;0;0;0m[48;2;0;0;0m▀[0m [38;2;15;15;15m[48;2;0;0;0m▀[0m[38;2;15;15;15m[48;2;0;0;0m▀[0m[38;2;14;14;14m[48;2;0;0;0m▀[0m[38;2;14;14;14m[48;2;0;0;0m▀[0m[38;2;15;15;15m[48;2;0;0;0m▀[0m[38;2;13;13;13m[48;2;0;0;0m▀[0m[38;2;23;23;23m[48;2;15;15;15m▀[0m[38;2;47;47;47m[48;2;20;20;20m▀[0m[38;2;22;22;22m[48;2;47;47;47m▀[0m[38;2;21;21;21m[48;2;52;52;52m▀[0m[38;2;18;18;18m[48;2;30;30;30m▀[0m[38;2;10;10;10m[48;2;11;11;11m▀[0m[38;2;30;30;30m[48;2;19;19;19m▀[0m[38;2;48;48;48m[48;2;48;48;48m▀[0m[38;2;50;50;50m[48;2;50;50;50m▀[0m[38;2;49;49;49m[48;2;51;51;51m▀[0m[38;2;51;51;51m[48;2;38;38;38m▀[0m[38;2;42;42;42m[48;2;14;14;14m▀[0m[38;2;13;13;13m[48;2;0;0;0m▀[0m[38;2;0;0;0m▀[0m    
        [38;2;18;18;18m▀[0m[38;2;11;11;11m▀[0m[38;2;11;11;11m▀[0m[38;2;11;11;11m▀[0m[38;2;12;12;12m[48;2;12;12;12m▀[0m[38;2;32;32;32m[48;2;34;34;34m▀[0m[38;2;51;51;51m[48;2;54;54;54m▀[0m[38;2;41;41;41m[48;2;48;48;48m▀[0m[38;2;18;18;18m[48;2;18;18;18m▀[0m[38;2;10;10;10m[48;2;10;10;10m▀[0m           [38;2;0;0;0m▀[0m[38;2;15;13;13m[48;2;0;0;0m▀[0m[38;2;30;30;30m[48;2;7;7;7m▀[0m[38;2;46;48;48m[48;2;7;7;7m▀[0m[38;2;46;48;48m[48;2;26;25;25m▀[0m[38;2;33;35;35m[48;2;28;27;27m▀[0m[38;2;96;103;102m[48;2;46;48;48m▀[0m[38;2;218;236;237m[48;2;84;90;90m▀[0m[38;2;205;219;232m[48;2;82;90;85m▀[0m[38;2;174;170;238m[48;2;82;80;111m▀[0m[38;2;96;92;126m[48;2;38;37;47m▀[0m[38;2;108;104;141m[48;2;36;35;42m▀[0m[38;2;190;181;255m[48;2;75;72;103m▀[0m[38;2;182;174;255m[48;2;72;69;99m▀[0m[38;2;182;174;255m[48;2;72;69;99m▀[0m[38;2;181;170;255m[48;2;71;67;100m▀[0m[38;2;202;204;255m[48;2;80;82;96m▀[0m[38;2;169;181;186m[48;2;71;77;71m▀[0m[38;2;39;41;39m[48;2;28;27;27m▀[0m[38;2;44;46;46m[48;2;31;30;30m▀[0m[38;2;48;51;51m[48;2;14;13;13m▀[0m[38;2;33;35;35m[48;2;7;7;7m▀[0m[38;2;15;15;15m[48;2;12;12;12m▀[0m[38;2;13;13;13m▀[0m         [38;2;0;0;0m▀[0m[38;2;17;17;17m▀[0m[38;2;22;22;22m[48;2;11;11;11m▀[0m[38;2;22;22;22m[48;2;8;8;8m▀[0m[38;2;36;36;36m[48;2;26;26;26m▀[0m[38;2;47;47;47m[48;2;30;30;30m▀[0m[38;2;46;46;46m[48;2;30;30;30m▀[0m[38;2;49;49;49m[48;2;48;48;48m▀[0m[38;2;51;51;51m[48;2;54;54;54m▀[0m[38;2;34;34;34m[48;2;31;31;31m▀[0m[38;2;17;17;17m[48;2;9;9;9m▀[0m[38;2;7;7;7m▀[0m      
            [38;2;12;12;12m▀[0m[38;2;25;25;25m[48;2;6;6;6m▀[0m[38;2;42;42;42m[48;2;22;22;22m▀[0m[38;2;50;50;50m[48;2;45;45;45m▀[0m[38;2;32;32;32m[48;2;52;52;52m▀[0m[38;2;20;20;20m[48;2;32;32;32m▀[0m[38;2;6;6;6m[48;2;16;16;16m▀[0m[38;2;10;10;10m▄[0m[38;2;11;11;11m▄[0m           [38;2;14;14;14m▀[0m[38;2;33;33;33m[48;2;13;13;13m▀[0m[38;2;42;42;42m[48;2;11;11;11m▀[0m[38;2;33;32;32m[48;2;24;24;24m▀[0m[38;2;17;16;16m[48;2;47;47;47m▀[0m[38;2;18;17;17m[48;2;45;45;45m▀[0m[38;2;18;18;13m[48;2;51;51;51m▀[0m[38;2;24;25;22m[48;2;52;52;52m▀[0m[38;2;24;24;23m[48;2;52;52;52m▀[0m[38;2;18;18;13m[48;2;52;52;52m▀[0m[38;2;18;19;13m[48;2;52;52;52m▀[0m[38;2;18;19;13m[48;2;52;52;52m▀[0m[38;2;20;20;14m[48;2;47;47;47m▀[0m[38;2;18;18;15m[48;2;47;47;47m▀[0m[38;2;23;22;23m[48;2;38;38;38m▀[0m[38;2;40;40;40m[48;2;12;12;12m▀[0m[38;2;40;40;40m[48;2;12;12;12m▀[0m[38;2;24;24;24m[48;2;14;14;14m▀[0m[38;2;8;8;8m▀[0m              [38;2;6;6;6m▄[0m[38;2;10;10;10m[48;2;17;17;17m▀[0m[38;2;17;17;17m[48;2;33;33;33m▀[0m[38;2;31;31;31m[48;2;53;53;53m▀[0m[38;2;50;50;50m[48;2;43;43;43m▀[0m[38;2;41;41;41m[48;2;20;20;20m▀[0m[38;2;25;25;25m[48;2;7;7;7m▀[0m[38;2;10;10;10m▀[0m       
              [38;2;9;9;9m[48;2;0;0;0m▀[0m[38;2;17;17;17m[48;2;15;15;15m▀[0m[38;2;46;46;46m[48;2;17;17;17m▀[0m[38;2;52;52;52m[48;2;44;44;44m▀[0m[38;2;33;33;33m[48;2;51;51;51m▀[0m[38;2;16;16;16m[48;2;48;48;48m▀[0m[38;2;17;17;17m[48;2;42;42;42m▀[0m[38;2;18;18;18m[48;2;15;15;15m▀[0m[38;2;25;25;25m[48;2;14;14;14m▀[0m[38;2;0;0;0m[48;2;12;12;12m▀[0m           [38;2;14;14;14m▀[0m[38;2;15;15;15m[48;2;14;14;14m▀[0m[38;2;15;15;15m[48;2;16;16;16m▀[0m[38;2;42;42;42m[48;2;17;17;17m▀[0m[38;2;50;50;50m[48;2;17;17;17m▀[0m[38;2;48;48;48m[48;2;17;17;17m▀[0m[38;2;48;48;48m[48;2;17;17;17m▀[0m[38;2;48;48;48m[48;2;17;17;17m▀[0m[38;2;50;50;50m[48;2;17;17;17m▀[0m[38;2;25;25;25m[48;2;17;17;17m▀[0m[38;2;14;14;14m[48;2;16;16;16m▀[0m[38;2;15;15;15m[48;2;0;0;0m▀[0m               [38;2;0;0;0m[48;2;16;16;16m▀[0m[38;2;25;25;25m[48;2;14;14;14m▀[0m[38;2;25;25;25m[48;2;12;12;12m▀[0m[38;2;13;13;13m[48;2;38;38;38m▀[0m[38;2;37;37;37m[48;2;53;53;53m▀[0m[38;2;53;53;53m[48;2;42;42;42m▀[0m[38;2;45;45;45m[48;2;16;16;16m▀[0m[38;2;15;15;15m[48;2;11;11;11m▀[0m[38;2;7;7;7m[48;2;0;0;0m▀[0m         
                [38;2;12;12;12m▀[0m[38;2;22;22;22m[48;2;11;11;11m▀[0m[38;2;26;26;26m[48;2;10;10;10m▀[0m[38;2;35;35;35m[48;2;21;21;21m▀[0m[38;2;53;53;53m[48;2;34;34;34m▀[0m[38;2;44;44;44m[48;2;34;34;34m▀[0m[38;2;44;44;44m[48;2;33;33;33m▀[0m[38;2;47;47;47m[48;2;47;47;47m▀[0m[38;2;34;34;34m[48;2;48;48;48m▀[0m[38;2;10;10;10m[48;2;36;36;36m▀[0m[38;2;13;13;13m[48;2;37;37;37m▀[0m[38;2;0;0;0m[48;2;49;49;49m▀[0m[38;2;52;52;52m▄[0m[38;2;52;52;52m▄[0m[38;2;54;54;54m▄[0m[38;2;51;51;51m▄[0m[38;2;51;51;51m[48;2;35;35;35m▀[0m[38;2;53;53;53m[48;2;35;35;35m▀[0m[38;2;54;54;54m[48;2;37;37;37m▀[0m[38;2;40;40;40m[48;2;29;29;29m▀[0m[38;2;13;13;13m[48;2;14;14;14m▀[0m[38;2;16;16;16m[48;2;16;16;16m▀[0m[38;2;35;35;35m[48;2;47;47;47m▀[0m[38;2;41;41;41m[48;2;54;54;54m▀[0m[38;2;40;40;40m[48;2;51;51;51m▀[0m[38;2;40;40;40m[48;2;51;51;51m▀[0m[38;2;40;40;40m[48;2;51;51;51m▀[0m[38;2;41;41;41m[48;2;55;55;55m▀[0m[38;2;23;23;23m[48;2;29;29;29m▀[0m[38;2;12;12;12m[48;2;11;11;11m▀[0m[38;2;24;24;24m[48;2;22;22;22m▀[0m[38;2;53;53;53m[48;2;37;37;37m▀[0m[38;2;52;52;52m[48;2;35;35;35m▀[0m[38;2;56;56;56m[48;2;36;36;36m▀[0m[38;2;52;52;52m[48;2;39;39;39m▀[0m[38;2;54;54;54m▄[0m[38;2;52;52;52m▄[0m[38;2;52;52;52m▄[0m[38;2;18;18;18m▄[0m[38;2;9;9;9m▄[0m[38;2;11;11;11m▄[0m[38;2;11;11;11m▄[0m[38;2;11;11;11m▄[0m[38;2;9;9;9m▄[0m[38;2;12;12;12m[48;2;30;30;30m▀[0m[38;2;12;12;12m[48;2;37;37;37m▀[0m[38;2;20;20;20m[48;2;41;41;41m▀[0m[38;2;42;42;42m[48;2;53;53;53m▀[0m[38;2;43;43;43m[48;2;36;36;36m▀[0m[38;2;52;52;52m[48;2;34;34;34m▀[0m[38;2;40;40;40m[48;2;24;24;24m▀[0m[38;2;20;20;20m[48;2;6;6;6m▀[0m[38;2;9;9;9m▀[0m           
                   [38;2;12;12;12m▀[0m[38;2;13;13;13m▀[0m[38;2;13;13;13m▀[0m[38;2;10;10;10m▀[0m[38;2;29;29;29m[48;2;13;13;13m▀[0m[38;2;42;42;42m[48;2;14;14;14m▀[0m[38;2;42;42;42m[48;2;13;13;13m▀[0m[38;2;42;42;42m[48;2;13;13;13m▀[0m[38;2;43;43;43m[48;2;13;13;13m▀[0m[38;2;43;43;43m[48;2;13;13;13m▀[0m[38;2;43;43;43m[48;2;13;13;13m▀[0m[38;2;44;44;44m[48;2;13;13;13m▀[0m[38;2;41;41;41m[48;2;13;13;13m▀[0m[38;2;15;15;15m▀[0m[38;2;11;11;11m▀[0m[38;2;13;13;13m▀[0m[38;2;11;11;11m▀[0m [38;2;14;14;14m▀[0m[38;2;35;35;35m[48;2;11;11;11m▀[0m[38;2;47;47;47m[48;2;36;36;36m▀[0m[38;2;50;50;50m[48;2;51;51;51m▀[0m[38;2;49;49;49m[48;2;50;50;50m▀[0m[38;2;49;49;49m[48;2;48;48;48m▀[0m[38;2;42;42;42m[48;2;19;19;19m▀[0m[38;2;25;25;25m[48;2;11;11;11m▀[0m[38;2;13;13;13m▀[0m[38;2;19;19;19m▀[0m[38;2;13;13;13m▀[0m[38;2;13;13;13m▀[0m[38;2;10;10;10m▀[0m[38;2;29;29;29m[48;2;13;13;13m▀[0m[38;2;45;45;45m[48;2;14;14;14m▀[0m[38;2;43;43;43m[48;2;13;13;13m▀[0m[38;2;43;43;43m[48;2;13;13;13m▀[0m[38;2;31;31;31m[48;2;41;41;41m▀[0m[38;2;28;28;28m[48;2;49;49;49m▀[0m[38;2;29;29;29m[48;2;47;47;47m▀[0m[38;2;29;29;29m[48;2;47;47;47m▀[0m[38;2;29;29;29m[48;2;47;47;47m▀[0m[38;2;28;28;28m[48;2;49;49;49m▀[0m[38;2;38;38;38m[48;2;24;24;24m▀[0m[38;2;43;43;43m[48;2;11;11;11m▀[0m[38;2;42;42;42m[48;2;13;13;13m▀[0m[38;2;37;37;37m[48;2;13;13;13m▀[0m[38;2;14;14;14m▀[0m[38;2;11;11;11m▀[0m[38;2;10;10;10m▀[0m             
                       [38;2;0;0;0m▀[0m[38;2;0;0;0m▀[0m[38;2;0;0;0m▀[0m[38;2;0;0;0m▀[0m[38;2;0;0;0m▀[0m[38;2;0;0;0m▀[0m[38;2;0;0;0m▀[0m[38;2;0;0;0m▀[0m[38;2;0;0;0m▀[0m      [38;2;13;13;13m[48;2;13;13;13m▀[0m[38;2;37;37;37m[48;2;39;39;39m▀[0m[38;2;51;51;51m[48;2;52;52;52m▀[0m[38;2;50;50;50m[48;2;50;50;50m▀[0m[38;2;48;48;48m[48;2;50;50;50m▀[0m[38;2;21;21;21m[48;2;22;22;22m▀[0m[38;2;12;12;12m[48;2;12;12;12m▀[0m     [38;2;0;0;0m▀[0m[38;2;0;0;0m▀[0m[38;2;0;0;0m▀[0m[38;2;0;0;0m▀[0m[38;2;15;15;15m[48;2;8;8;8m▀[0m[38;2;17;17;17m[48;2;13;13;13m▀[0m[38;2;16;16;16m[48;2;13;13;13m▀[0m[38;2;16;16;16m[48;2;13;13;13m▀[0m[38;2;16;16;16m[48;2;13;13;13m▀[0m[38;2;17;17;17m[48;2;13;13;13m▀[0m[38;2;15;15;15m[48;2;0;0;0m▀[0m[38;2;0;0;0m▀[0m[38;2;0;0;0m▀[0m[38;2;0;0;0m▀[0m                
                                      [38;2;14;14;14m▀[0m[38;2;22;22;22m[48;2;8;8;8m▀[0m[38;2;38;38;38m[48;2;31;31;31m▀[0m[38;2;47;47;47m[48;2;48;48;48m▀[0m[38;2;26;26;26m[48;2;14;14;14m▀[0m[38;2;19;19;19m[48;2;0;0;0m▀[0m[38;2;9;9;9m▀[0m                                   
                                       [38;2;10;10;10m▀[0m[38;2;28;28;28m[48;2;14;14;14m▀[0m[38;2;39;39;39m[48;2;14;14;14m▀[0m[38;2;14;14;14m▀[0m[38;2;12;12;12m▀[0m                                    
[0m