               [38;2;156;49;16m[48;2;24;24;24m▀[0m[38;2;156;49;16m[48;2;255;123;74m▀[0m[38;2;156;49;16m[48;2;255;123;74m▀[0m[38;2;156;49;16m▄[0m[38;2;156;49;16m▄[0m                              
               [38;2;24;24;24m[48;2;24;24;24m▀[0m[38;2;222;90;41m[48;2;222;90;41m▀[0m[38;2;222;90;41m[48;2;222;90;41m▀[0m[38;2;255;123;74m[48;2;222;90;41m▀[0m[38;2;255;123;74m[48;2;222;90;41m▀[0m[38;2;156;49;16m[48;2;255;123;74m▀[0m[38;2;156;49;16m▄[0m     [38;2;156;49;16m▄[0m                      
                [38;2;24;24;24m[48;2;156;49;16m▀[0m[38;2;222;90;41m[48;2;222;90;41m▀[0m[38;2;222;90;41m[48;2;222;90;41m▀[0m[38;2;222;90;41m[48;2;222;90;41m▀[0m[38;2;222;90;41m[48;2;222;90;41m▀[0m[38;2;255;123;74m[48;2;255;123;74m▀[0m[38;2;156;49;16m[48;2;255;123;74m▀[0m[38;2;156;49;16m▄[0m [38;2;156;49;16m▄[0m[38;2;156;49;16m[48;2;222;90;41m▀[0m[38;2;255;123;74m[48;2;222;90;41m▀[0m[38;2;24;24;24m[48;2;24;24;24m▀[0m                     
                 [38;2;156;49;16m[48;2;24;24;24m▀[0m[38;2;222;90;41m[48;2;222;90;41m▀[0m[38;2;222;90;41m[48;2;222;90;41m▀[0m[38;2;222;90;41m[48;2;222;90;41m▀[0m[38;2;222;90;41m[48;2;222;90;41m▀[0m[38;2;255;123;74m[48;2;255;123;74m▀[0m[38;2;156;49;16m[48;2;255;123;74m▀[0m[38;2;156;49;16m▄[0m[38;2;156;49;16m[48;2;222;90;41m▀[0m[38;2;222;90;41m[48;2;222;90;41m▀[0m[38;2;222;90;41m[48;2;222;90;41m▀[0m[38;2;255;123;74m[48;2;255;123;74m▀[0m[38;2;24;24;24m[48;2;24;24;24m▀[0m                    
           [38;2;156;49;16m[48;2;24;24;24m▀[0m[38;2;156;49;16m[48;2;222;90;41m▀[0m[38;2;156;49;16m[48;2;222;90;41m▀[0m[38;2;156;49;16m[48;2;222;90;41m▀[0m[38;2;156;49;16m▄[0m[38;2;156;49;16m▄[0m[38;2;156;49;16m▄[0m[38;2;156;49;16m[48;2;24;24;24m▀[0m[38;2;222;90;41m[48;2;156;49;16m▀[0m[38;2;222;90;41m[48;2;222;90;41m▀[0m[38;2;222;90;41m[48;2;156;115;41m▀[0m[38;2;222;90;41m[48;2;222;90;41m▀[0m[38;2;255;123;74m[48;2;255;123;74m▀[0m[38;2;156;49;16m[48;2;156;49;16m▀[0m[38;2;222;90;41m[48;2;222;90;41m▀[0m[38;2;222;90;41m[48;2;222;90;41m▀[0m[38;2;222;90;41m[48;2;222;90;41m▀[0m[38;2;255;123;74m[48;2;222;90;41m▀[0m[38;2;24;24;24m[48;2;24;24;24m▀[0m                    
            [38;2;156;49;16m[48;2;24;24;24m▀[0m[38;2;222;90;41m[48;2;222;90;41m▀[0m[38;2;222;90;41m[48;2;222;90;41m▀[0m[38;2;222;90;41m[48;2;222;90;41m▀[0m[38;2;222;90;41m[48;2;222;90;41m▀[0m[38;2;222;90;41m[48;2;222;90;41m▀[0m[38;2;156;49;16m[48;2;222;90;41m▀[0m[38;2;24;24;24m[48;2;222;90;41m▀[0m[38;2;156;49;16m[48;2;24;24;24m▀[0m[38;2;238;189;74m[48;2;238;189;74m▀[0m[38;2;156;115;41m[48;2;238;189;74m▀[0m[38;2;222;90;41m[48;2;222;90;41m▀[0m[38;2;222;90;41m[48;2;156;115;41m▀[0m[38;2;222;90;41m[48;2;222;90;41m▀[0m[38;2;222;90;41m[48;2;222;90;41m▀[0m[38;2;222;90;41m[48;2;222;90;41m▀[0m[38;2;255;123;74m[48;2;24;24;24m▀[0m[38;2;24;24;24m▀[0m                    
             [38;2;24;24;24m▀[0m[38;2;222;90;41m[48;2;24;24;24m▀[0m[38;2;222;90;41m[48;2;156;49;16m▀[0m[38;2;222;90;41m[48;2;222;90;41m▀[0m[38;2;222;90;41m[48;2;222;90;41m▀[0m[38;2;156;115;41m[48;2;156;115;41m▀[0m[38;2;156;115;41m[48;2;238;189;74m▀[0m[38;2;156;115;41m[48;2;238;189;74m▀[0m[38;2;238;189;74m[48;2;156;115;41m▀[0m[38;2;238;189;74m[48;2;238;189;74m▀[0m[38;2;156;115;41m[48;2;238;189;74m▀[0m[38;2;238;189;74m[48;2;156;115;41m▀[0m[38;2;156;115;41m[48;2;156;115;41m▀[0m[38;2;222;90;41m[48;2;156;115;41m▀[0m[38;2;255;123;74m[48;2;24;24;24m▀[0m[38;2;24;24;24m▀[0m                     
                [38;2;156;49;16m▀[0m[38;2;156;49;16m▀[0m[38;2;156;49;16m[48;2;156;115;41m▀[0m[38;2;156;115;41m[48;2;238;189;74m▀[0m[38;2;238;189;74m[48;2;238;189;74m▀[0m[38;2;238;189;74m[48;2;238;189;74m▀[0m[38;2;238;189;74m[48;2;238;189;74m▀[0m[38;2;238;189;74m[48;2;238;189;74m▀[0m[38;2;238;189;74m[48;2;238;189;74m▀[0m[38;2;238;189;74m[48;2;238;189;74m▀[0m[38;2;238;189;74m[48;2;238;189;74m▀[0m[38;2;156;115;41m[48;2;238;222;115m▀[0m[38;2;156;115;41m[48;2;238;222;115m▀[0m[38;2;156;115;41m▄[0m                    
                 [38;2;156;115;41m[48;2;24;24;24m▀[0m[38;2;238;189;74m[48;2;238;189;74m▀[0m[38;2;238;189;74m[48;2;238;189;74m▀[0m[38;2;238;189;74m[48;2;238;189;74m▀[0m[38;2;238;189;74m[48;2;238;189;74m▀[0m[38;2;238;189;74m[48;2;238;189;74m▀[0m[38;2;238;189;74m[48;2;238;189;74m▀[0m[38;2;238;189;74m[48;2;238;189;74m▀[0m[38;2;238;189;74m[48;2;238;189;74m▀[0m[38;2;238;189;74m[48;2;238;189;74m▀[0m[38;2;238;189;74m[48;2;238;189;74m▀[0m[38;2;238;222;115m[48;2;238;189;74m▀[0m[38;2;238;222;115m[48;2;238;222;115m▀[0m[38;2;156;115;41m[48;2;238;222;115m▀[0m[38;2;156;115;41m▄[0m                  
                 [38;2;24;24;24m[48;2;24;24;24m▀[0m[38;2;238;189;74m[48;2;238;189;74m▀[0m[38;2;238;189;74m[48;2;238;189;74m▀[0m[38;2;238;189;74m[48;2;238;189;74m▀[0m[38;2;238;189;74m[48;2;238;189;74m▀[0m[38;2;238;189;74m[48;2;238;189;74m▀[0m[38;2;238;189;74m[48;2;238;189;74m▀[0m[38;2;238;189;74m[48;2;238;189;74m▀[0m[38;2;238;189;74m[48;2;238;189;74m▀[0m[38;2;238;189;74m[48;2;238;189;74m▀[0m[38;2;238;189;74m[48;2;238;189;74m▀[0m[38;2;238;189;74m[48;2;238;189;74m▀[0m[38;2;238;222;115m[48;2;238;222;115m▀[0m[38;2;238;222;115m[48;2;156;115;41m▀[0m[38;2;156;115;41m▀[0m                  
                 [38;2;24;24;24m[48;2;24;24;24m▀[0m[38;2;238;189;74m[48;2;238;189;74m▀[0m[38;2;238;189;74m[48;2;238;189;74m▀[0m[38;2;238;189;74m[48;2;238;189;74m▀[0m[38;2;238;189;74m[48;2;238;189;74m▀[0m[38;2;238;189;74m[48;2;238;189;74m▀[0m[38;2;238;189;74m[48;2;238;189;74m▀[0m[38;2;238;189;74m[48;2;238;189;74m▀[0m[38;2;238;189;74m[48;2;238;189;74m▀[0m[38;2;238;189;74m[48;2;238;189;74m▀[0m[38;2;238;189;74m[48;2;238;189;74m▀[0m[38;2;238;189;74m[48;2;238;189;74m▀[0m[38;2;238;189;74m[48;2;238;189;74m▀[0m[38;2;156;115;41m[48;2;24;24;24m▀[0m                   
                 [38;2;24;24;24m[48;2;24;24;24m▀[0m[38;2;238;189;74m[48;2;238;189;74m▀[0m[38;2;238;189;74m[48;2;238;189;74m▀[0m[38;2;238;189;74m[48;2;238;189;74m▀[0m[38;2;238;189;74m[48;2;238;189;74m▀[0m[38;2;238;189;74m[48;2;238;189;74m▀[0m[38;2;238;189;74m[48;2;238;189;74m▀[0m[38;2;238;189;74m[48;2;238;189;74m▀[0m[38;2;238;189;74m[48;2;238;189;74m▀[0m[38;2;238;189;74m[48;2;238;189;74m▀[0m[38;2;238;189;74m[48;2;238;189;74m▀[0m[38;2;238;189;74m[48;2;238;189;74m▀[0m[38;2;238;189;74m[48;2;156;115;41m▀[0m[38;2;255;123;74m[48;2;222;90;41m▀[0m[38;2;156;49;16m[48;2;156;49;16m▀[0m                  
                  [38;2;24;24;24m[48;2;24;24;24m▀[0m[38;2;238;189;74m[48;2;238;189;74m▀[0m[38;2;238;189;74m[48;2;238;189;74m▀[0m[38;2;238;189;74m[48;2;238;189;74m▀[0m[38;2;238;189;74m[48;2;238;189;74m▀[0m[38;2;238;189;74m[48;2;238;189;74m▀[0m[38;2;238;189;74m[48;2;238;189;74m▀[0m[38;2;238;189;74m[48;2;238;189;74m▀[0m[38;2;238;189;74m[48;2;238;189;74m▀[0m[38;2;238;189;74m[48;2;238;189;74m▀[0m[38;2;238;189;74m[48;2;238;189;74m▀[0m[38;2;24;24;24m[48;2;24;24;24m▀[0m[38;2;156;49;16m▀[0m                   
                  [38;2;24;24;24m[48;2;24;24;24m▀[0m[38;2;238;189;74m[48;2;238;189;74m▀[0m[38;2;238;189;74m[48;2;238;189;74m▀[0m[38;2;238;189;74m[48;2;238;189;74m▀[0m[38;2;238;189;74m[48;2;238;189;74m▀[0m[38;2;238;189;74m[48;2;238;189;74m▀[0m[38;2;238;189;74m[48;2;238;189;74m▀[0m[38;2;238;189;74m[48;2;238;189;74m▀[0m[38;2;238;189;74m[48;2;238;189;74m▀[0m[38;2;238;189;74m[48;2;238;189;74m▀[0m[38;2;156;115;41m[48;2;156;115;41m▀[0m                     
                [38;2;24;24;24m▄[0m[38;2;24;24;24m[48;2;238;222;115m▀[0m[38;2;238;189;74m[48;2;238;189;74m▀[0m[38;2;238;189;74m[48;2;238;189;74m▀[0m[38;2;238;189;74m[48;2;238;189;74m▀[0m[38;2;238;189;74m[48;2;238;189;74m▀[0m[38;2;238;189;74m[48;2;238;189;74m▀[0m[38;2;238;189;74m[48;2;238;189;74m▀[0m[38;2;238;189;74m[48;2;238;189;74m▀[0m[38;2;238;189;74m[48;2;238;189;74m▀[0m[38;2;238;189;74m[48;2;238;189;74m▀[0m[38;2;238;189;74m[48;2;156;115;41m▀[0m[38;2;24;24;24m[48;2;24;24;24m▀[0m                     
             [38;2;24;24;24m▄[0m[38;2;156;115;41m[48;2;238;222;115m▀[0m[38;2;24;24;24m[48;2;238;222;115m▀[0m[38;2;238;222;115m[48;2;238;222;115m▀[0m[38;2;238;222;115m[48;2;238;222;115m▀[0m[38;2;156;115;41m[48;2;156;115;41m▀[0m[38;2;238;189;74m[48;2;238;189;74m▀[0m[38;2;238;189;74m[48;2;238;189;74m▀[0m[38;2;238;189;74m[48;2;238;189;74m▀[0m[38;2;238;189;74m[48;2;238;189;74m▀[0m[38;2;238;189;74m[48;2;238;189;74m▀[0m[38;2;238;189;74m[48;2;238;189;74m▀[0m[38;2;238;189;74m[48;2;238;189;74m▀[0m[38;2;238;189;74m[48;2;238;189;74m▀[0m[38;2;238;189;74m[48;2;238;189;74m▀[0m[38;2;156;115;41m[48;2;238;189;74m▀[0m[38;2;156;115;41m▄[0m                    
          [38;2;24;24;24m▄[0m[38;2;156;115;41m[48;2;238;222;115m▀[0m[38;2;24;24;24m[48;2;238;222;115m▀[0m[38;2;238;222;115m[48;2;238;222;115m▀[0m[38;2;238;222;115m[48;2;238;222;115m▀[0m[38;2;238;222;115m[48;2;238;189;74m▀[0m[38;2;238;222;115m[48;2;238;189;74m▀[0m[38;2;238;189;74m[48;2;156;115;41m▀[0m[38;2;156;115;41m[48;2;238;189;74m▀[0m[38;2;238;189;74m[48;2;238;189;74m▀[0m[38;2;238;189;74m[48;2;238;189;74m▀[0m[38;2;238;189;74m[48;2;238;189;74m▀[0m[38;2;238;189;74m[48;2;238;189;74m▀[0m[38;2;238;189;74m[48;2;238;189;74m▀[0m[38;2;238;189;74m[48;2;238;189;74m▀[0m[38;2;238;189;74m[48;2;156;115;41m▀[0m[38;2;238;189;74m[48;2;238;189;74m▀[0m[38;2;238;189;74m[48;2;238;189;74m▀[0m[38;2;238;189;74m[48;2;238;189;74m▀[0m[38;2;238;189;74m[48;2;238;222;115m▀[0m[38;2;156;115;41m[48;2;238;222;115m▀[0m[38;2;156;115;41m[48;2;238;189;74m▀[0m[38;2;156;115;41m▄[0m                 
      [38;2;156;115;41m▄[0m[38;2;156;115;41m▄[0m[38;2;156;115;41m[48;2;238;222;115m▀[0m[38;2;24;24;24m[48;2;238;222;115m▀[0m[38;2;238;222;115m[48;2;238;222;115m▀[0m[38;2;238;222;115m[48;2;238;189;74m▀[0m[38;2;238;222;115m[48;2;238;189;74m▀[0m[38;2;238;222;115m[48;2;238;189;74m▀[0m[38;2;238;189;74m[48;2;238;189;74m▀[0m[38;2;238;189;74m[48;2;238;189;74m▀[0m[38;2;238;189;74m[48;2;238;189;74m▀[0m[38;2;24;24;24m[48;2;24;24;24m▀[0m[38;2;238;189;74m[48;2;238;189;74m▀[0m[38;2;238;189;74m[48;2;238;189;74m▀[0m[38;2;238;189;74m[48;2;238;189;74m▀[0m[38;2;238;189;74m[48;2;238;189;74m▀[0m[38;2;238;189;74m[48;2;238;189;74m▀[0m[38;2;238;189;74m[48;2;238;189;74m▀[0m[38;2;238;189;74m[48;2;238;189;74m▀[0m[38;2;238;189;74m[48;2;238;189;74m▀[0m[38;2;156;115;41m[48;2;238;189;74m▀[0m[38;2;238;189;74m[48;2;156;115;41m▀[0m[38;2;238;189;74m[48;2;238;222;115m▀[0m[38;2;238;222;115m[48;2;238;222;115m▀[0m[38;2;238;222;115m[48;2;238;222;115m▀[0m[38;2;238;222;115m[48;2;238;222;115m▀[0m[38;2;238;222;115m[48;2;238;222;115m▀[0m[38;2;156;115;41m[48;2;238;222;115m▀[0m[38;2;156;115;41m[48;2;238;222;115m▀[0m[38;2;156;115;41m▄[0m[38;2;156;115;41m▄[0m             
    [38;2;156;115;41m▄[0m[38;2;156;115;41m[48;2;238;222;115m▀[0m[38;2;238;222;115m[48;2;238;189;74m▀[0m[38;2;238;222;115m[48;2;238;189;74m▀[0m[38;2;238;189;74m[48;2;238;189;74m▀[0m[38;2;238;189;74m[48;2;238;189;74m▀[0m[38;2;238;189;74m[48;2;238;189;74m▀[0m[38;2;238;189;74m[48;2;238;189;74m▀[0m[38;2;238;189;74m[48;2;238;189;74m▀[0m[38;2;238;189;74m[48;2;238;189;74m▀[0m[38;2;238;189;74m[48;2;238;189;74m▀[0m[38;2;238;189;74m[48;2;238;189;74m▀[0m[38;2;238;189;74m[48;2;238;189;74m▀[0m[38;2;24;24;24m[48;2;24;24;24m▀[0m[38;2;238;189;74m[48;2;238;189;74m▀[0m[38;2;238;189;74m[48;2;238;189;74m▀[0m[38;2;238;189;74m[48;2;238;189;74m▀[0m[38;2;238;189;74m[48;2;238;189;74m▀[0m[38;2;238;189;74m[48;2;238;189;74m▀[0m[38;2;238;189;74m[48;2;238;189;74m▀[0m[38;2;238;189;74m[48;2;238;189;74m▀[0m[38;2;238;189;74m[48;2;238;189;74m▀[0m[38;2;238;189;74m[48;2;238;189;74m▀[0m[38;2;24;24;24m[48;2;238;189;74m▀[0m[38;2;238;222;115m[48;2;24;24;24m▀[0m[38;2;238;222;115m[48;2;238;222;115m▀[0m[38;2;238;222;115m[48;2;238;222;115m▀[0m[38;2;238;222;115m[48;2;238;222;115m▀[0m[38;2;238;222;115m[48;2;238;222;115m▀[0m[38;2;238;222;115m[48;2;238;222;115m▀[0m[38;2;238;222;115m[48;2;238;222;115m▀[0m[38;2;238;222;115m[48;2;238;222;115m▀[0m[38;2;238;222;115m[48;2;238;222;115m▀[0m[38;2;156;115;41m[48;2;238;222;115m▀[0m[38;2;156;115;41m[48;2;238;189;74m▀[0m[38;2;156;115;41m▄[0m[38;2;156;115;41m▄[0m         
[38;2;156;115;41m▄[0m[38;2;156;115;41m[48;2;238;189;74m▀[0m[38;2;156;115;41m[48;2;238;189;74m▀[0m[38;2;156;115;41m[48;2;238;189;74m▀[0m[38;2;238;189;74m[48;2;238;189;74m▀[0m[38;2;238;189;74m[48;2;238;189;74m▀[0m[38;2;238;189;74m[48;2;238;189;74m▀[0m[38;2;238;189;74m[48;2;238;189;74m▀[0m[38;2;238;189;74m[48;2;238;189;74m▀[0m[38;2;238;189;74m[48;2;238;189;74m▀[0m[38;2;238;189;74m[48;2;238;189;74m▀[0m[38;2;238;189;74m[48;2;238;189;74m▀[0m[38;2;238;189;74m[48;2;238;189;74m▀[0m[38;2;238;189;74m[48;2;238;189;74m▀[0m[38;2;238;189;74m[48;2;238;189;74m▀[0m[38;2;238;189;74m[48;2;24;24;24m▀[0m[38;2;24;24;24m[48;2;24;24;24m▀[0m[38;2;156;115;41m[48;2;238;189;74m▀[0m[38;2;238;189;74m[48;2;238;189;74m▀[0m[38;2;238;189;74m[48;2;156;115;41m▀[0m[38;2;238;189;74m[48;2;238;189;74m▀[0m[38;2;238;189;74m[48;2;238;189;74m▀[0m[38;2;238;189;74m[48;2;238;189;74m▀[0m[38;2;238;189;74m[48;2;238;189;74m▀[0m[38;2;238;189;74m[48;2;238;189;74m▀[0m[38;2;238;189;74m[48;2;238;189;74m▀[0m[38;2;238;189;74m[48;2;238;189;74m▀[0m[38;2;238;189;74m[48;2;238;189;74m▀[0m[38;2;238;189;74m[48;2;238;189;74m▀[0m[38;2;24;24;24m[48;2;238;189;74m▀[0m[38;2;238;222;115m[48;2;156;115;41m▀[0m[38;2;238;222;115m[48;2;238;222;115m▀[0m[38;2;238;222;115m[48;2;238;222;115m▀[0m[38;2;238;222;115m[48;2;238;222;115m▀[0m[38;2;238;222;115m[48;2;238;222;115m▀[0m[38;2;238;222;115m[48;2;238;222;115m▀[0m[38;2;238;222;115m[48;2;238;222;115m▀[0m[38;2;238;222;115m[48;2;238;222;115m▀[0m[38;2;238;222;115m[48;2;238;222;115m▀[0m[38;2;238;222;115m[48;2;238;222;115m▀[0m[38;2;238;189;74m[48;2;238;222;115m▀[0m[38;2;156;115;41m[48;2;238;222;115m▀[0m[38;2;156;115;41m▄[0m[38;2;156;115;41m▄[0m      
[38;2;24;24;24m▀[0m[38;2;24;24;24m[48;2;156;115;41m▀[0m[38;2;156;115;41m[48;2;238;189;74m▀[0m[38;2;238;189;74m[48;2;238;189;74m▀[0m[38;2;238;189;74m[48;2;238;189;74m▀[0m[38;2;238;189;74m[48;2;238;189;74m▀[0m[38;2;238;189;74m[48;2;238;189;74m▀[0m[38;2;238;189;74m[48;2;238;189;74m▀[0m[38;2;238;189;74m[48;2;238;189;74m▀[0m[38;2;238;189;74m[48;2;238;189;74m▀[0m[38;2;238;189;74m[48;2;238;189;74m▀[0m[38;2;238;189;74m[48;2;238;189;74m▀[0m[38;2;238;189;74m[48;2;24;24;24m▀[0m[38;2;24;24;24m[48;2;238;189;74m▀[0m[38;2;24;24;24m[48;2;238;189;74m▀[0m[38;2;238;189;74m[48;2;24;24;24m▀[0m[38;2;156;115;41m[48;2;238;189;74m▀[0m[38;2;238;189;74m[48;2;238;189;74m▀[0m[38;2;156;115;41m[48;2;24;24;24m▀[0m[38;2;24;24;24m[48;2;156;49;16m▀[0m[38;2;238;189;74m[48;2;24;24;24m▀[0m[38;2;238;189;74m[48;2;238;189;74m▀[0m[38;2;238;189;74m[48;2;238;189;74m▀[0m[38;2;238;189;74m[48;2;156;115;41m▀[0m[38;2;238;189;74m[48;2;238;189;74m▀[0m[38;2;238;189;74m[48;2;238;189;74m▀[0m[38;2;238;189;74m[48;2;238;189;74m▀[0m[38;2;238;189;74m[48;2;238;189;74m▀[0m[38;2;238;222;115m[48;2;238;222;115m▀[0m[38;2;238;222;115m[48;2;238;222;115m▀[0m[38;2;24;24;24m[48;2;238;222;115m▀[0m[38;2;238;222;115m[48;2;24;24;24m▀[0m[38;2;238;222;115m[48;2;238;222;115m▀[0m[38;2;238;222;115m[48;2;238;222;115m▀[0m[38;2;238;222;115m[48;2;238;222;115m▀[0m[38;2;238;222;115m[48;2;238;222;115m▀[0m[38;2;238;222;115m[48;2;238;222;115m▀[0m[38;2;238;222;115m[48;2;238;222;115m▀[0m[38;2;238;222;115m[48;2;238;222;115m▀[0m[38;2;238;222;115m[48;2;238;222;115m▀[0m[38;2;238;222;115m[48;2;238;222;115m▀[0m[38;2;238;222;115m[48;2;238;222;115m▀[0m[38;2;238;222;115m[48;2;238;222;115m▀[0m[38;2;238;189;74m[48;2;238;222;115m▀[0m[38;2;156;115;41m[48;2;238;189;74m▀[0m[38;2;156;115;41m[48;2;238;189;74m▀[0m[38;2;156;115;41m[48;2;238;189;74m▀[0m[38;2;156;115;41m▄[0m  
 [38;2;156;115;41m▀[0m[38;2;24;24;24m[48;2;90;74;74m▀[0m[38;2;156;115;41m[48;2;156;139;131m▀[0m[38;2;238;189;74m[48;2;156;139;131m▀[0m[38;2;156;115;41m[48;2;24;24;24m▀[0m[38;2;238;189;74m[48;2;238;189;74m▀[0m[38;2;238;189;74m[48;2;238;189;74m▀[0m[38;2;238;189;74m[48;2;156;115;41m▀[0m[38;2;238;189;74m[48;2;156;115;41m▀[0m[38;2;238;189;74m[48;2;238;189;74m▀[0m[38;2;238;189;74m[48;2;156;115;41m▀[0m[38;2;24;24;24m▀[0m[38;2;24;24;24m[48;2;156;49;16m▀[0m[38;2;24;24;24m[48;2;24;24;24m▀[0m[38;2;238;189;74m[48;2;24;24;24m▀[0m[38;2;24;24;24m[48;2;222;90;41m▀[0m[38;2;156;49;16m[48;2;222;90;41m▀[0m[38;2;222;90;41m[48;2;222;90;41m▀[0m[38;2;222;90;41m[48;2;222;90;41m▀[0m[38;2;156;115;41m[48;2;222;90;41m▀[0m[38;2;238;189;74m[48;2;24;24;24m▀[0m[38;2;238;189;74m[48;2;238;189;74m▀[0m[38;2;24;24;24m[48;2;156;49;16m▀[0m[38;2;238;189;74m[48;2;156;115;41m▀[0m[38;2;238;189;74m[48;2;238;189;74m▀[0m[38;2;238;189;74m[48;2;238;189;74m▀[0m[38;2;238;189;74m[48;2;156;115;41m▀[0m[38;2;238;222;115m[48;2;238;222;115m▀[0m[38;2;156;115;41m[48;2;156;115;41m▀[0m[38;2;238;222;115m[48;2;24;24;24m▀[0m[38;2;238;222;115m[48;2;24;24;24m▀[0m[38;2;24;24;24m[48;2;222;90;41m▀[0m[38;2;238;222;115m[48;2;24;24;24m▀[0m[38;2;238;222;115m[48;2;238;222;115m▀[0m[38;2;238;222;115m[48;2;238;222;115m▀[0m[38;2;238;222;115m[48;2;238;222;115m▀[0m[38;2;238;222;115m[48;2;238;222;115m▀[0m[38;2;238;222;115m[48;2;238;222;115m▀[0m[38;2;238;222;115m[48;2;238;222;115m▀[0m[38;2;238;222;115m[48;2;238;222;115m▀[0m[38;2;238;222;115m[48;2;238;222;115m▀[0m[38;2;238;222;115m[48;2;238;222;115m▀[0m[38;2;238;222;115m[48;2;238;222;115m▀[0m[38;2;238;222;115m[48;2;238;222;115m▀[0m[38;2;156;115;41m[48;2;238;222;115m▀[0m[38;2;24;24;24m[48;2;24;24;24m▀[0m   
 [38;2;90;74;74m[48;2;90;74;74m▀[0m[38;2;156;139;131m[48;2;156;139;131m▀[0m[38;2;156;139;131m[48;2;156;139;131m▀[0m[38;2;24;24;24m[48;2;24;24;24m▀[0m[38;2;156;139;131m[48;2;156;139;131m▀[0m[38;2;238;189;74m[48;2;106;106;115m▀[0m[38;2;24;24;24m[48;2;24;24;24m▀[0m[38;2;156;139;131m[48;2;156;139;131m▀[0m[38;2;24;24;24m[48;2;90;74;74m▀[0m[38;2;24;24;24m▀[0m [38;2;156;49;16m[48;2;156;49;16m▀[0m[38;2;222;90;41m[48;2;24;24;24m▀[0m[38;2;24;24;24m[48;2;156;49;16m▀[0m[38;2;222;90;41m[48;2;222;90;41m▀[0m[38;2;222;90;41m[48;2;222;90;41m▀[0m[38;2;222;90;41m[48;2;222;90;41m▀[0m[38;2;222;90;41m[48;2;222;90;41m▀[0m[38;2;222;90;41m[48;2;222;90;41m▀[0m[38;2;222;90;41m[48;2;222;90;41m▀[0m[38;2;156;115;41m[48;2;222;90;41m▀[0m[38;2;238;189;74m[48;2;24;24;24m▀[0m[38;2;156;49;16m[48;2;156;49;16m▀[0m[38;2;24;24;24m[48;2;24;24;24m▀[0m[38;2;238;189;74m[48;2;238;189;74m▀[0m[38;2;24;24;24m[48;2;24;24;24m▀[0m[38;2;24;24;24m[48;2;222;90;41m▀[0m[38;2;238;189;74m[48;2;24;24;24m▀[0m[38;2;238;222;115m[48;2;238;189;74m▀[0m[38;2;24;24;24m[48;2;24;24;24m▀[0m[38;2;255;123;74m[48;2;255;123;74m▀[0m[38;2;255;123;74m[48;2;255;123;74m▀[0m[38;2;222;90;41m[48;2;255;123;74m▀[0m[38;2;156;115;41m[48;2;24;24;24m▀[0m[38;2;238;222;115m[48;2;238;189;74m▀[0m[38;2;238;222;115m[48;2;238;222;115m▀[0m[38;2;238;222;115m[48;2;238;222;115m▀[0m[38;2;238;222;115m[48;2;238;222;115m▀[0m[38;2;238;222;115m[48;2;238;222;115m▀[0m[38;2;238;222;115m[48;2;238;189;74m▀[0m[38;2;238;222;115m[48;2;238;189;74m▀[0m[38;2;238;189;74m[48;2;238;189;74m▀[0m[38;2;238;189;74m[48;2;156;115;41m▀[0m[38;2;238;189;74m[48;2;24;24;24m▀[0m[38;2;238;189;74m[48;2;24;24;24m▀[0m[38;2;238;189;74m[48;2;24;24;24m▀[0m[38;2;24;24;24m▀[0m  
[38;2;90;74;74m[48;2;90;74;74m▀[0m[38;2;156;139;131m[48;2;156;139;131m▀[0m[38;2;156;139;131m[48;2;24;24;24m▀[0m[38;2;24;24;24m▀[0m[38;2;90;74;74m[48;2;90;74;74m▀[0m[38;2;156;139;131m[48;2;156;139;131m▀[0m[38;2;24;24;24m[48;2;24;24;24m▀[0m[38;2;156;139;131m[48;2;90;74;74m▀[0m[38;2;90;74;74m▀[0m[38;2;24;24;24m▄[0m[38;2;24;24;24m▄[0m[38;2;24;24;24m[48;2;255;123;74m▀[0m[38;2;24;24;24m[48;2;255;123;74m▀[0m[38;2;255;123;74m[48;2;222;90;41m▀[0m[38;2;255;123;74m[48;2;156;49;16m▀[0m[38;2;222;90;41m[48;2;255;123;74m▀[0m[38;2;222;90;41m[48;2;222;90;41m▀[0m[38;2;222;90;41m[48;2;222;90;41m▀[0m[38;2;222;90;41m[48;2;222;90;41m▀[0m[38;2;222;90;41m[48;2;222;90;41m▀[0m[38;2;222;90;41m[48;2;222;90;41m▀[0m[38;2;222;90;41m[48;2;222;90;41m▀[0m[38;2;222;90;41m[48;2;156;49;16m▀[0m[38;2;222;90;41m[48;2;222;90;41m▀[0m[38;2;222;90;41m[48;2;222;90;41m▀[0m[38;2;24;24;24m[48;2;222;90;41m▀[0m[38;2;222;90;41m[48;2;222;90;41m▀[0m[38;2;222;90;41m[48;2;222;90;41m▀[0m[38;2;222;90;41m[48;2;222;90;41m▀[0m[38;2;24;24;24m[48;2;222;90;41m▀[0m[38;2;222;90;41m[48;2;222;90;41m▀[0m[38;2;222;90;41m[48;2;222;90;41m▀[0m[38;2;255;123;74m[48;2;222;90;41m▀[0m[38;2;255;123;74m[48;2;255;123;74m▀[0m[38;2;255;123;74m[48;2;255;123;74m▀[0m[38;2;24;24;24m[48;2;24;24;24m▀[0m[38;2;238;189;74m[48;2;238;189;74m▀[0m[38;2;238;189;74m[48;2;238;189;74m▀[0m[38;2;238;222;115m[48;2;238;189;74m▀[0m[38;2;238;189;74m[48;2;238;189;74m▀[0m[38;2;238;189;74m[48;2;90;74;74m▀[0m[38;2;238;189;74m[48;2;238;189;74m▀[0m[38;2;238;189;74m[48;2;238;189;74m▀[0m[38;2;24;24;24m[48;2;24;24;24m▀[0m[38;2;90;74;74m[48;2;156;139;131m▀[0m[38;2;156;139;131m[48;2;90;74;74m▀[0m[38;2;156;139;131m[48;2;222;222;205m▀[0m[38;2;24;24;24m[48;2;222;222;205m▀[0m[38;2;24;24;24m▄[0m 
[38;2;90;74;74m[48;2;24;24;24m▀[0m[38;2;156;139;131m[48;2;24;24;24m▀[0m[38;2;24;24;24m▀[0m [38;2;24;24;24m▀[0m[38;2;24;24;24m▀[0m  [38;2;24;24;24m[48;2;24;24;24m▀[0m[38;2;156;49;16m[48;2;24;24;24m▀[0m[38;2;255;123;74m[48;2;156;49;16m▀[0m[38;2;156;49;16m[48;2;255;123;74m▀[0m[38;2;156;49;16m[48;2;255;123;74m▀[0m[38;2;156;49;16m[48;2;255;123;74m▀[0m[38;2;255;123;74m[48;2;255;123;74m▀[0m[38;2;255;123;74m[48;2;222;90;41m▀[0m[38;2;255;123;74m[48;2;156;49;16m▀[0m[38;2;222;90;41m[48;2;156;49;16m▀[0m[38;2;156;49;16m[48;2;222;90;41m▀[0m[38;2;222;90;41m[48;2;222;90;41m▀[0m[38;2;222;90;41m[48;2;222;90;41m▀[0m[38;2;222;90;41m[48;2;222;90;41m▀[0m[38;2;24;24;24m[48;2;24;24;24m▀[0m[38;2;222;90;41m[48;2;222;90;41m▀[0m[38;2;222;90;41m[48;2;222;90;41m▀[0m[38;2;222;90;41m[48;2;222;90;41m▀[0m[38;2;222;90;41m[48;2;222;90;41m▀[0m[38;2;222;90;41m[48;2;222;90;41m▀[0m[38;2;222;90;41m[48;2;222;90;41m▀[0m[38;2;222;90;41m[48;2;222;90;41m▀[0m[38;2;222;90;41m[48;2;222;90;41m▀[0m[38;2;222;90;41m[48;2;222;90;41m▀[0m[38;2;222;90;41m[48;2;222;90;41m▀[0m[38;2;222;90;41m[48;2;222;90;41m▀[0m[38;2;255;123;74m[48;2;255;123;74m▀[0m[38;2;222;90;41m[48;2;222;90;41m▀[0m[38;2;24;24;24m[48;2;24;24;24m▀[0m[38;2;238;189;74m[48;2;156;115;41m▀[0m[38;2;156;115;41m[48;2;24;24;24m▀[0m[38;2;238;189;74m[48;2;90;74;74m▀[0m[38;2;90;74;74m[48;2;156;139;131m▀[0m[38;2;24;24;24m[48;2;90;74;74m▀[0m[38;2;238;189;74m[48;2;24;24;24m▀[0m[38;2;156;139;131m[48;2;24;24;24m▀[0m[38;2;222;222;205m[48;2;222;222;205m▀[0m[38;2;90;74;74m[48;2;156;139;131m▀[0m[38;2;90;74;74m[48;2;24;24;24m▀[0m[38;2;222;222;205m[48;2;24;24;24m▀[0m[38;2;156;139;131m[48;2;222;222;205m▀[0m[38;2;24;24;24m[48;2;24;24;24m▀[0m
          [38;2;24;24;24m▀[0m[38;2;24;24;24m▀[0m[38;2;156;49;16m[48;2;24;24;24m▀[0m[38;2;156;49;16m[48;2;24;24;24m▀[0m[38;2;156;49;16m[48;2;255;123;74m▀[0m[38;2;156;49;16m[48;2;255;123;74m▀[0m[38;2;222;90;41m[48;2;255;123;74m▀[0m[38;2;255;123;74m[48;2;222;90;41m▀[0m[38;2;222;90;41m[48;2;222;90;41m▀[0m[38;2;222;90;41m[48;2;222;90;41m▀[0m[38;2;222;90;41m[48;2;156;49;16m▀[0m[38;2;222;90;41m[48;2;24;24;24m▀[0m[38;2;156;49;16m[48;2;24;24;24m▀[0m[38;2;24;24;24m[48;2;24;24;24m▀[0m[38;2;222;90;41m[48;2;222;90;41m▀[0m[38;2;222;90;41m[48;2;222;90;41m▀[0m[38;2;222;90;41m[48;2;222;90;41m▀[0m[38;2;222;90;41m[48;2;222;90;41m▀[0m[38;2;222;90;41m[48;2;222;90;41m▀[0m[38;2;222;90;41m[48;2;222;90;41m▀[0m[38;2;222;90;41m[48;2;222;90;41m▀[0m[38;2;222;90;41m[48;2;222;90;41m▀[0m[38;2;222;90;41m[48;2;222;90;41m▀[0m[38;2;222;90;41m[48;2;222;90;41m▀[0m[38;2;222;90;41m[48;2;222;90;41m▀[0m[38;2;24;24;24m[48;2;24;24;24m▀[0m [38;2;24;24;24m▀[0m [38;2;24;24;24m▀[0m[38;2;156;139;131m[48;2;24;24;24m▀[0m[38;2;156;139;131m[48;2;222;222;205m▀[0m[38;2;24;24;24m[48;2;24;24;24m▀[0m[38;2;24;24;24m▀[0m[38;2;156;139;131m[48;2;24;24;24m▀[0m[38;2;222;222;205m[48;2;222;222;205m▀[0m[38;2;24;24;24m[48;2;222;222;205m▀[0m[38;2;24;24;24m▄[0m[38;2;24;24;24m▀[0m[38;2;24;24;24m▀[0m
              [38;2;24;24;24m▀[0m[38;2;24;24;24m[48;2;24;24;24m▀[0m[38;2;24;24;24m[48;2;156;49;16m▀[0m[38;2;24;24;24m[48;2;156;49;16m▀[0m[38;2;24;24;24m[48;2;156;49;16m▀[0m[38;2;24;24;24m[48;2;156;49;16m▀[0m[38;2;24;24;24m[48;2;156;49;16m▀[0m[38;2;156;49;16m[48;2;156;49;16m▀[0m[38;2;156;49;16m[48;2;24;24;24m▀[0m[38;2;24;24;24m▀[0m[38;2;24;24;24m▀[0m[38;2;222;90;41m[48;2;24;24;24m▀[0m[38;2;222;90;41m[48;2;24;24;24m▀[0m[38;2;222;90;41m[48;2;222;90;41m▀[0m[38;2;222;90;41m[48;2;222;90;41m▀[0m[38;2;222;90;41m[48;2;222;90;41m▀[0m[38;2;222;90;41m[48;2;222;90;41m▀[0m[38;2;222;90;41m[48;2;222;90;41m▀[0m[38;2;222;90;41m[48;2;24;24;24m▀[0m[38;2;222;90;41m[48;2;24;24;24m▀[0m[38;2;24;24;24m▀[0m     [38;2;24;24;24m▀[0m[38;2;156;139;131m[48;2;24;24;24m▀[0m[38;2;222;222;205m[48;2;222;222;205m▀[0m[38;2;24;24;24m[48;2;24;24;24m▀[0m [38;2;24;24;24m▀[0m[38;2;222;222;205m[48;2;24;24;24m▀[0m[38;2;24;24;24m[48;2;24;24;24m▀[0m  
                [38;2;24;24;24m[48;2;24;24;24m▀[0m[38;2;90;74;74m[48;2;90;74;74m▀[0m[38;2;131;115;106m[48;2;90;74;74m▀[0m[38;2;131;115;106m[48;2;24;24;24m▀[0m[38;2;24;24;24m[48;2;156;139;131m▀[0m[38;2;24;24;24m[48;2;90;74;74m▀[0m[38;2;90;74;74m[48;2;222;222;205m▀[0m[38;2;90;74;74m[48;2;222;222;205m▀[0m[38;2;90;74;74m▄[0m  [38;2;24;24;24m[48;2;24;24;24m▀[0m[38;2;156;49;16m[48;2;131;115;106m▀[0m[38;2;156;49;16m[48;2;131;115;106m▀[0m[38;2;156;49;16m[48;2;24;24;24m▀[0m[38;2;24;24;24m▀[0m [38;2;24;24;24m▄[0m[38;2;24;24;24m▄[0m       [38;2;24;24;24m▀[0m       
               [38;2;24;24;24m▄[0m[38;2;24;24;24m[48;2;131;115;106m▀[0m[38;2;131;115;106m[48;2;90;74;74m▀[0m[38;2;131;115;106m[48;2;90;74;74m▀[0m[38;2;24;24;24m[48;2;131;115;106m▀[0m[38;2;131;115;106m[48;2;131;115;106m▀[0m[38;2;222;222;205m[48;2;131;115;106m▀[0m[38;2;156;139;131m[48;2;131;115;106m▀[0m[38;2;90;74;74m[48;2;131;115;106m▀[0m[38;2;90;74;74m[48;2;222;222;205m▀[0m[38;2;90;74;74m[48;2;222;222;205m▀[0m[38;2;24;24;24m[48;2;24;24;24m▀[0m[38;2;131;115;106m[48;2;90;74;74m▀[0m[38;2;131;115;106m[48;2;90;74;74m▀[0m[38;2;90;74;74m[48;2;24;24;24m▀[0m[38;2;24;24;24m▄[0m[38;2;24;24;24m▄[0m[38;2;24;24;24m[48;2;90;74;74m▀[0m[38;2;222;222;205m[48;2;90;74;74m▀[0m[38;2;222;222;205m[48;2;24;24;24m▀[0m[38;2;24;24;24m[48;2;222;222;205m▀[0m[38;2;24;24;24m[48;2;222;222;205m▀[0m[38;2;24;24;24m▄[0m            
              [38;2;24;24;24m▄[0m[38;2;24;24;24m[48;2;222;222;205m▀[0m[38;2;131;115;106m[48;2;156;139;131m▀[0m[38;2;131;115;106m[48;2;131;115;106m▀[0m[38;2;131;115;106m[48;2;131;115;106m▀[0m[38;2;131;115;106m[48;2;131;115;106m▀[0m[38;2;131;115;106m[48;2;90;74;74m▀[0m[38;2;131;115;106m[48;2;24;24;24m▀[0m[38;2;131;115;106m[48;2;24;24;24m▀[0m[38;2;90;74;74m▀[0m[38;2;24;24;24m▀[0m[38;2;24;24;24m[48;2;24;24;24m▀[0m[38;2;24;24;24m[48;2;131;115;106m▀[0m[38;2;131;115;106m[48;2;90;74;74m▀[0m[38;2;131;115;106m[48;2;90;74;74m▀[0m[38;2;90;74;74m[48;2;131;115;106m▀[0m[38;2;131;115;106m[48;2;131;115;106m▀[0m[38;2;131;115;106m[48;2;131;115;106m▀[0m[38;2;131;115;106m[48;2;131;115;106m▀[0m[38;2;90;74;74m[48;2;131;115;106m▀[0m[38;2;90;74;74m[48;2;131;115;106m▀[0m[38;2;90;74;74m[48;2;131;115;106m▀[0m[38;2;106;106;115m[48;2;222;222;205m▀[0m[38;2;106;106;115m[48;2;222;222;205m▀[0m[38;2;24;24;24m[48;2;222;222;205m▀[0m[38;2;24;24;24m▄[0m          
              [38;2;24;24;24m[48;2;24;24;24m▀[0m[38;2;222;222;205m[48;2;156;139;131m▀[0m[38;2;90;74;74m[48;2;24;24;24m▀[0m[38;2;24;24;24m▀[0m[38;2;24;24;24m▀[0m[38;2;90;74;74m▀[0m   [38;2;24;24;24m▄[0m[38;2;24;24;24m[48;2;222;222;205m▀[0m[38;2;90;74;74m[48;2;156;139;131m▀[0m[38;2;131;115;106m[48;2;90;74;74m▀[0m[38;2;131;115;106m[48;2;131;115;106m▀[0m[38;2;131;115;106m[48;2;131;115;106m▀[0m[38;2;131;115;106m[48;2;131;115;106m▀[0m[38;2;131;115;106m[48;2;90;74;74m▀[0m[38;2;131;115;106m[48;2;24;24;24m▀[0m[38;2;131;115;106m[48;2;24;24;24m▀[0m[38;2;131;115;106m[48;2;90;74;74m▀[0m[38;2;90;74;74m▀[0m[38;2;24;24;24m▀[0m[38;2;24;24;24m▀[0m[38;2;24;24;24m▀[0m[38;2;222;222;205m[48;2;24;24;24m▀[0m[38;2;24;24;24m[48;2;24;24;24m▀[0m          
               [38;2;24;24;24m▀[0m       [38;2;24;24;24m[48;2;24;24;24m▀[0m[38;2;222;222;205m[48;2;156;139;131m▀[0m[38;2;24;24;24m[48;2;24;24;24m▀[0m[38;2;24;24;24m▀[0m[38;2;24;24;24m▀[0m[38;2;24;24;24m▀[0m[38;2;90;74;74m▀[0m                    
                        [38;2;24;24;24m▀[0m                         
[0m