                                       [38;2;15;15;15m[48;2;17;17;17m▀[0m[38;2;15;15;15m[48;2;15;15;15m▀[0m[38;2;16;16;16m[48;2;15;15;15m▀[0m[38;2;11;11;11m[48;2;10;10;10m▀[0m                                     
                                     [38;2;0;0;0m▄[0m[38;2;15;15;15m▄[0m[38;2;12;12;12m[48;2;16;16;16m▀[0m[38;2;16;16;16m[48;2;15;15;15m▀[0m[38;2;17;17;17m[48;2;17;17;17m▀[0m[38;2;10;10;10m[48;2;19;19;19m▀[0m                                     
                                     [38;2;11;11;11m[48;2;0;0;0m▀[0m[38;2;16;16;16m[48;2;16;16;16m▀[0m[38;2;15;15;15m[48;2;16;16;16m▀[0m[38;2;15;15;15m[48;2;17;17;17m▀[0m[38;2;0;0;0m▀[0m                                      
                                   [38;2;0;0;0m▄[0m[38;2;25;25;25m[48;2;15;15;15m▀[0m[38;2;14;14;14m[48;2;16;16;16m▀[0m[38;2;17;17;17m[48;2;17;17;17m▀[0m[38;2;15;15;15m[48;2;13;13;13m▀[0m[38;2;16;16;16m[48;2;15;15;15m▀[0m                                       
                                   [38;2;0;0;0m[48;2;0;0;0m▀[0m[38;2;16;16;16m[48;2;16;16;16m▀[0m[38;2;16;16;16m[48;2;16;16;16m▀[0m[38;2;13;13;13m[48;2;14;14;14m▀[0m                                         
                                   [38;2;0;0;0m▀[0m[38;2;16;16;16m[48;2;15;15;15m▀[0m[38;2;14;14;14m[48;2;11;11;11m▀[0m[38;2;17;17;17m[48;2;16;16;16m▀[0m[38;2;15;15;15m[48;2;15;15;15m▀[0m[38;2;0;0;0m[48;2;14;14;14m▀[0m                                       
                                      [38;2;17;17;17m[48;2;0;0;0m▀[0m[38;2;15;15;15m[48;2;13;13;13m▀[0m[38;2;15;15;15m[48;2;15;15;15m▀[0m[38;2;15;15;15m[48;2;16;16;16m▀[0m[38;2;13;13;13m▄[0m                                     
                                       [38;2;19;19;19m▀[0m[38;2;14;14;14m▀[0m[38;2;16;16;16m[48;2;16;16;16m▀[0m[38;2;14;14;14m[48;2;15;15;15m▀[0m[38;2;17;17;17m[48;2;16;16;16m▀[0m[38;2;0;0;0m[48;2;0;0;0m▀[0m                                   
                                       [38;2;0;0;0m▄[0m[38;2;8;0;0m▄[0m[38;2;15;15;15m[48;2;13;10;10m▀[0m[38;2;17;17;17m[48;2;14;13;13m▀[0m[38;2;16;16;16m[48;2;14;14;12m▀[0m[38;2;0;0;0m▀[0m                                   
                                  [38;2;91;122;183m▄[0m[38;2;102;127;195m▄[0m[38;2;106;131;204m▄[0m[38;2;102;127;191m▄[0m[38;2;102;127;191m▄[0m[38;2;0;0;0m[48;2;65;80;120m▀[0m[38;2;5;2;0m[48;2;35;41;58m▀[0m[38;2;6;3;0m[48;2;39;45;64m▀[0m[38;2;0;0;0m[48;2;94;119;185m▀[0m[38;2;0;0;0m[48;2;127;159;249m▀[0m[38;2;102;127;195m▄[0m[38;2;91;122;183m▄[0m                                  
                            [38;2;0;0;127m▄[0m[38;2;101;123;191m▄[0m[38;2;105;133;205m▄[0m[38;2;91;124;191m▄[0m[38;2;85;116;185m▄[0m[38;2;85;119;185m▄[0m[38;2;101;127;192m[48;2;122;157;201m▀[0m[38;2;104;133;195m[48;2;146;185;223m▀[0m[38;2;110;137;204m[48;2;151;190;229m▀[0m[38;2;103;130;194m[48;2;145;183;221m▀[0m[38;2;103;130;194m[48;2;145;183;221m▀[0m[38;2;101;126;188m[48;2;145;183;221m▀[0m[38;2;93;117;172m[48;2;144;182;220m▀[0m[38;2;94;118;175m[48;2;144;182;220m▀[0m[38;2;103;130;194m[48;2;145;183;221m▀[0m[38;2;111;138;206m[48;2;151;190;229m▀[0m[38;2;104;133;195m[48;2;146;185;223m▀[0m[38;2;101;127;192m[48;2;125;157;203m▀[0m[38;2;94;119;191m▄[0m[38;2;94;119;191m▄[0m[38;2;99;124;194m▄[0m[38;2;108;133;207m▄[0m[38;2;97;123;191m▄[0m[38;2;0;0;127m▄[0m                            
                         [38;2;103;129;190m▄[0m[38;2;108;134;201m▄[0m[38;2;99;124;199m▄[0m[38;2;107;137;186m[48;2;108;138;196m▀[0m[38;2;107;133;196m[48;2;136;175;207m▀[0m[38;2;114;144;209m[48;2;171;207;236m▀[0m[38;2;105;135;196m[48;2;189;206;238m▀[0m[38;2;101;129;192m[48;2;193;205;240m▀[0m[38;2;101;130;192m[48;2;192;205;239m▀[0m[38;2;143;181;210m[48;2;194;225;235m▀[0m[38;2;185;235;226m[48;2;195;247;230m▀[0m[38;2;189;239;229m[48;2;195;248;230m▀[0m[38;2;184;234;226m[48;2;195;246;230m▀[0m[38;2;184;234;226m[48;2;195;246;230m▀[0m[38;2;184;234;226m[48;2;195;246;230m▀[0m[38;2;184;234;226m[48;2;195;246;230m▀[0m[38;2;184;234;226m[48;2;195;247;230m▀[0m[38;2;184;234;226m[48;2;195;247;230m▀[0m[38;2;189;239;229m[48;2;196;248;230m▀[0m[38;2;185;235;226m[48;2;193;244;229m▀[0m[38;2;144;181;210m[48;2;172;217;226m▀[0m[38;2;103;130;193m[48;2;152;193;223m▀[0m[38;2;103;129;193m[48;2;152;192;223m▀[0m[38;2;107;135;196m[48;2;155;196;225m▀[0m[38;2;115;144;209m[48;2;162;204;233m▀[0m[38;2;107;133;196m[48;2;139;176;208m▀[0m[38;2;107;137;186m[48;2;109;138;196m▀[0m[38;2;99;124;199m▄[0m[38;2;108;134;201m▄[0m[38;2;103;129;190m▄[0m                         
                       [38;2;85;85;170m[48;2;105;129;192m▀[0m[38;2;127;127;212m[48;2;107;137;196m▀[0m[38;2;110;139;197m[48;2;121;157;205m▀[0m[38;2;115;145;206m[48;2;134;175;212m▀[0m[38;2;112;141;207m[48;2;154;197;223m▀[0m[38;2;122;155;204m[48;2;172;217;228m▀[0m[38;2;166;216;220m[48;2;189;240;230m▀[0m[38;2;209;250;235m[48;2;195;241;229m▀[0m[38;2;245;252;249m[48;2;190;221;226m▀[0m[38;2;255;255;255m[48;2;189;215;225m▀[0m[38;2;254;254;253m[48;2;190;218;225m▀[0m[38;2;221;245;240m[48;2;175;212;219m▀[0m[38;2;185;236;226m[48;2;157;206;213m▀[0m[38;2;183;235;225m[48;2;156;205;212m▀[0m[38;2;186;236;226m[48;2;158;206;213m▀[0m[38;2;186;236;226m[48;2;158;206;213m▀[0m[38;2;186;236;226m[48;2;158;206;213m▀[0m[38;2;186;236;226m[48;2;158;206;213m▀[0m[38;2;186;236;226m[48;2;156;205;212m▀[0m[38;2;186;236;226m[48;2;156;205;212m▀[0m[38;2;186;236;227m[48;2;171;220;219m▀[0m[38;2;187;237;227m[48;2;190;240;229m▀[0m[38;2;188;238;227m[48;2;194;245;230m▀[0m[38;2;189;239;228m[48;2;194;246;230m▀[0m[38;2;189;239;228m[48;2;195;246;230m▀[0m[38;2;190;240;228m[48;2;194;245;230m▀[0m[38;2;194;246;229m[48;2;194;245;229m▀[0m[38;2;171;217;222m[48;2;185;234;228m▀[0m[38;2;123;155;204m[48;2;168;212;226m▀[0m[38;2;112;141;207m[48;2;152;195;222m▀[0m[38;2;115;145;206m[48;2;133;175;212m▀[0m[38;2;110;139;197m[48;2;121;157;205m▀[0m[38;2;127;127;212m[48;2;107;137;196m▀[0m[38;2;85;85;170m[48;2;105;129;192m▀[0m                       
                       [38;2;106;129;193m[48;2;103;124;196m▀[0m[38;2;113;142;203m[48;2;108;135;198m▀[0m[38;2;136;177;218m[48;2;155;197;226m▀[0m[38;2;150;199;208m[48;2;180;231;223m▀[0m[38;2;174;226;219m[48;2;167;217;216m▀[0m[38;2;188;240;228m[48;2;152;201;210m▀[0m[38;2;188;238;227m[48;2;153;201;210m▀[0m[38;2;170;220;219m[48;2;148;196;208m▀[0m[38;2;140;189;204m[48;2;138;187;203m▀[0m[38;2;131;180;199m[48;2;136;184;202m▀[0m[38;2;134;183;201m[48;2;136;185;202m▀[0m[38;2;136;184;202m[48;2;137;185;203m▀[0m[38;2;138;184;203m[48;2;139;185;203m▀[0m[38;2;138;184;203m[48;2;139;185;203m▀[0m[38;2;137;184;203m[48;2;139;185;203m▀[0m[38;2;137;184;203m[48;2;139;185;203m▀[0m[38;2;137;184;203m[48;2;139;185;203m▀[0m[38;2;137;184;203m[48;2;139;185;203m▀[0m[38;2;136;182;202m[48;2;138;185;203m▀[0m[38;2;136;182;202m[48;2;138;185;203m▀[0m[38;2;155;203;211m[48;2;144;191;206m▀[0m[38;2;181;231;225m[48;2;152;199;210m▀[0m[38;2;185;235;226m[48;2;153;201;210m▀[0m[38;2;182;232;225m[48;2;152;200;210m▀[0m[38;2;182;231;224m[48;2;149;196;208m▀[0m[38;2;183;232;225m[48;2;157;205;212m▀[0m[38;2;186;236;227m[48;2;181;231;225m▀[0m[38;2;190;240;229m[48;2;194;245;231m▀[0m[38;2;194;245;230m[48;2;194;245;230m▀[0m[38;2;178;229;221m[48;2;190;242;227m▀[0m[38;2;150;199;208m[48;2;179;229;222m▀[0m[38;2;135;176;217m[48;2;149;190;223m▀[0m[38;2;112;141;203m[48;2;105;131;196m▀[0m[38;2;103;127;193m[48;2;90;114;185m▀[0m                       
                     [38;2;17;68;119m[48;2;16;64;109m▀[0m[38;2;26;72;119m[48;2;25;75;118m▀[0m[38;2;90;125;180m[48;2;79;130;166m▀[0m[38;2;114;146;196m[48;2;134;179;202m▀[0m[38;2;159;203;224m[48;2;148;195;212m▀[0m[38;2;180;231;224m[48;2;147;195;208m▀[0m[38;2;155;203;211m[48;2;143;190;205m▀[0m[38;2;134;181;201m[48;2;139;186;203m▀[0m[38;2;135;182;201m[48;2;139;186;203m▀[0m[38;2;137;184;203m[48;2;139;186;204m▀[0m[38;2;140;187;204m[48;2;140;187;204m▀[0m[38;2;140;187;204m[48;2;140;187;204m▀[0m[38;2;140;187;204m[48;2;140;187;204m▀[0m[38;2;140;187;204m[48;2;140;187;204m▀[0m[38;2;140;187;204m[48;2;140;187;204m▀[0m[38;2;140;187;204m[48;2;140;187;204m▀[0m[38;2;140;187;204m[48;2;140;187;204m▀[0m[38;2;140;187;204m[48;2;140;187;204m▀[0m[38;2;140;187;204m[48;2;140;187;204m▀[0m[38;2;140;187;204m[48;2;140;187;204m▀[0m[38;2;140;187;204m[48;2;140;187;204m▀[0m[38;2;140;187;204m[48;2;140;187;204m▀[0m[38;2;139;186;203m[48;2;140;187;204m▀[0m[38;2;137;184;202m[48;2;139;186;204m▀[0m[38;2;136;183;202m[48;2;139;186;204m▀[0m[38;2;137;183;202m[48;2;139;186;204m▀[0m[38;2;134;180;201m[48;2;139;186;203m▀[0m[38;2;142;189;205m[48;2;140;187;204m▀[0m[38;2;168;216;218m[48;2;145;192;207m▀[0m[38;2;179;230;224m[48;2;146;194;207m▀[0m[38;2;177;226;222m[48;2;144;192;206m▀[0m[38;2;185;235;226m[48;2;162;211;215m▀[0m[38;2;193;244;230m[48;2;189;240;228m▀[0m[38;2;168;211;227m[48;2;192;241;230m▀[0m[38;2;124;156;201m[48;2;175;221;222m▀[0m[38;2;116;148;202m[48;2;144;182;219m▀[0m[38;2;104;130;192m[48;2;104;132;193m▀[0m[38;2;102;136;204m[48;2;97;125;190m▀[0m                     
                     [38;2;16;65;111m[48;2;17;66;111m▀[0m[38;2;25;75;117m[48;2;24;74;117m▀[0m[38;2;81;136;170m[48;2;78;130;164m▀[0m[38;2;141;190;204m[48;2;139;186;203m▀[0m[38;2;145;192;208m[48;2;146;193;209m▀[0m[38;2;137;183;202m[48;2;140;187;204m▀[0m[38;2;139;185;203m[48;2;140;187;204m▀[0m[38;2;140;187;204m[48;2;140;187;204m▀[0m[38;2;140;187;204m[48;2;140;187;204m▀[0m[38;2;140;187;204m[48;2;140;187;204m▀[0m[38;2;140;187;204m[48;2;140;187;204m▀[0m[38;2;140;187;204m[48;2;140;187;204m▀[0m[38;2;140;187;204m[48;2;140;187;204m▀[0m[38;2;140;187;204m[48;2;140;187;204m▀[0m[38;2;140;187;204m[48;2;140;187;204m▀[0m[38;2;140;187;204m[48;2;140;187;204m▀[0m[38;2;140;187;204m[48;2;140;187;204m▀[0m[38;2;140;187;204m[48;2;140;187;204m▀[0m[38;2;140;187;204m[48;2;140;187;204m▀[0m[38;2;140;187;204m[48;2;140;187;204m▀[0m[38;2;140;187;204m[48;2;140;187;204m▀[0m[38;2;140;187;204m[48;2;140;187;204m▀[0m[38;2;140;187;204m[48;2;140;187;204m▀[0m[38;2;140;187;204m[48;2;140;187;204m▀[0m[38;2;140;187;204m[48;2;140;187;204m▀[0m[38;2;140;187;204m[48;2;140;187;204m▀[0m[38;2;140;187;204m[48;2;140;187;204m▀[0m[38;2;140;187;204m[48;2;140;187;204m▀[0m[38;2;137;184;203m[48;2;140;187;204m▀[0m[38;2;136;182;201m[48;2;140;187;204m▀[0m[38;2;134;181;202m[48;2;140;187;204m▀[0m[38;2;147;195;208m[48;2;139;186;203m▀[0m[38;2;169;218;218m[48;2;140;188;204m▀[0m[38;2;190;241;227m[48;2;170;219;218m▀[0m[38;2;194;246;230m[48;2;189;238;228m▀[0m[38;2;158;199;234m[48;2;152;191;225m▀[0m[38;2;104;132;194m[48;2;104;131;194m▀[0m[38;2;98;127;192m[48;2;97;125;192m▀[0m                     
                     [38;2;17;66;111m[48;2;17;66;111m▀[0m[38;2;25;75;117m[48;2;25;75;117m▀[0m[38;2;78;130;164m[48;2;78;130;164m▀[0m[38;2;139;186;203m[48;2;139;186;203m▀[0m[38;2;146;193;209m[48;2;146;193;209m▀[0m[38;2;140;187;204m[48;2;140;187;204m▀[0m[38;2;140;187;204m[48;2;140;187;204m▀[0m[38;2;140;187;204m[48;2;140;187;204m▀[0m[38;2;140;187;204m[48;2;140;187;204m▀[0m[38;2;140;187;204m[48;2;140;187;204m▀[0m[38;2;140;187;204m[48;2;140;187;204m▀[0m[38;2;140;187;204m[48;2;140;187;204m▀[0m[38;2;140;187;204m[48;2;140;187;204m▀[0m[38;2;140;187;204m[48;2;140;187;204m▀[0m[38;2;140;187;204m[48;2;140;187;204m▀[0m[38;2;140;187;204m[48;2;140;187;204m▀[0m[38;2;140;187;204m[48;2;140;187;204m▀[0m[38;2;140;187;204m[48;2;140;187;204m▀[0m[38;2;140;187;204m[48;2;140;187;204m▀[0m[38;2;140;187;204m[48;2;140;187;204m▀[0m[38;2;140;187;204m[48;2;140;187;204m▀[0m[38;2;140;187;204m[48;2;140;187;204m▀[0m[38;2;140;187;204m[48;2;140;187;204m▀[0m[38;2;140;187;204m[48;2;140;187;204m▀[0m[38;2;140;187;204m[48;2;140;187;204m▀[0m[38;2;140;187;204m[48;2;140;187;204m▀[0m[38;2;140;187;204m[48;2;140;187;204m▀[0m[38;2;140;187;204m[48;2;140;187;204m▀[0m[38;2;140;187;204m[48;2;140;187;204m▀[0m[38;2;140;187;204m[48;2;140;187;204m▀[0m[38;2;140;187;204m[48;2;140;187;204m▀[0m[38;2;138;185;203m[48;2;140;187;204m▀[0m[38;2;136;183;202m[48;2;140;187;204m▀[0m[38;2;154;202;210m[48;2;142;190;204m▀[0m[38;2;165;213;216m[48;2;140;186;204m▀[0m[38;2;141;180;219m[48;2;129;167;213m▀[0m[38;2;105;132;193m[48;2;106;134;195m▀[0m[38;2;101;125;192m[48;2;104;129;195m▀[0m                     
                     [38;2;16;65;111m[48;2;19;64;110m▀[0m[38;2;25;75;118m[48;2;25;75;117m▀[0m[38;2;83;137;172m[48;2;75;127;162m▀[0m[38;2;147;194;209m[48;2;130;177;197m▀[0m[38;2;150;197;212m[48;2;142;189;206m▀[0m[38;2;140;187;204m[48;2;140;188;204m▀[0m[38;2;140;187;204m[48;2;141;188;204m▀[0m[38;2;140;187;204m[48;2;140;187;204m▀[0m[38;2;140;187;204m[48;2;140;187;204m▀[0m[38;2;140;187;204m[48;2;140;187;204m▀[0m[38;2;140;187;204m[48;2;140;187;204m▀[0m[38;2;140;187;204m[48;2;140;187;204m▀[0m[38;2;140;187;204m[48;2;140;187;204m▀[0m[38;2;140;187;204m[48;2;140;187;204m▀[0m[38;2;140;187;204m[48;2;140;187;204m▀[0m[38;2;140;187;204m[48;2;140;187;204m▀[0m[38;2;140;187;204m[48;2;140;187;204m▀[0m[38;2;140;187;204m[48;2;140;187;204m▀[0m[38;2;140;187;204m[48;2;140;187;204m▀[0m[38;2;140;187;204m[48;2;140;187;204m▀[0m[38;2;140;187;204m[48;2;140;187;204m▀[0m[38;2;140;187;204m[48;2;140;187;204m▀[0m[38;2;140;187;204m[48;2;140;187;204m▀[0m[38;2;140;187;204m[48;2;140;187;204m▀[0m[38;2;140;187;204m[48;2;140;187;204m▀[0m[38;2;140;187;204m[48;2;140;187;204m▀[0m[38;2;140;187;204m[48;2;140;187;204m▀[0m[38;2;140;187;204m[48;2;140;187;204m▀[0m[38;2;140;187;204m[48;2;140;187;204m▀[0m[38;2;140;187;204m[48;2;140;187;204m▀[0m[38;2;140;187;204m[48;2;140;187;204m▀[0m[38;2;140;187;204m[48;2;140;187;204m▀[0m[38;2;140;187;204m[48;2;140;187;204m▀[0m[38;2;141;190;203m[48;2;141;188;205m▀[0m[38;2;140;187;204m[48;2;137;182;203m▀[0m[38;2;134;174;222m[48;2;128;165;212m▀[0m[38;2;107;134;195m[48;2;107;134;195m▀[0m[38;2;104;130;196m[48;2;102;129;194m▀[0m                     
                     [38;2;12;60;109m▀[0m[38;2;23;73;115m▀[0m[38;2;46;100;142m[48;2;2;39;77m▀[0m[38;2;61;114;151m[48;2;19;60;94m▀[0m[38;2;109;161;188m[48;2;83;128;162m▀[0m[38;2;144;193;207m[48;2;140;184;210m▀[0m[38;2;144;192;207m[48;2;145;192;211m▀[0m[38;2;140;187;204m[48;2;142;189;205m▀[0m[38;2;140;187;204m[48;2;141;188;204m▀[0m[38;2;140;187;204m[48;2;140;187;204m▀[0m[38;2;140;187;204m[48;2;140;187;204m▀[0m[38;2;140;187;204m[48;2;140;187;204m▀[0m[38;2;140;187;204m[48;2;140;187;204m▀[0m[38;2;140;187;204m[48;2;140;187;204m▀[0m[38;2;140;187;204m[48;2;140;187;204m▀[0m[38;2;140;187;204m[48;2;140;187;204m▀[0m[38;2;140;187;204m[48;2;140;187;204m▀[0m[38;2;140;187;204m[48;2;140;187;204m▀[0m[38;2;140;187;204m[48;2;140;187;204m▀[0m[38;2;140;187;204m[48;2;140;187;204m▀[0m[38;2;140;187;204m[48;2;140;187;204m▀[0m[38;2;140;187;204m[48;2;140;187;204m▀[0m[38;2;140;187;204m[48;2;140;187;204m▀[0m[38;2;140;187;204m[48;2;140;187;204m▀[0m[38;2;140;187;204m[48;2;140;187;204m▀[0m[38;2;140;187;204m[48;2;140;187;204m▀[0m[38;2;140;187;204m[48;2;140;187;204m▀[0m[38;2;140;187;204m[48;2;140;187;204m▀[0m[38;2;140;187;204m[48;2;140;187;204m▀[0m[38;2;140;187;204m[48;2;140;187;204m▀[0m[38;2;140;187;204m[48;2;140;187;204m▀[0m[38;2;141;188;204m[48;2;142;190;204m▀[0m[38;2;141;188;204m[48;2;143;191;206m▀[0m[38;2;135;177;210m[48;2;134;174;216m▀[0m[38;2;116;150;197m[48;2;107;134;196m▀[0m[38;2;116;147;202m[48;2;100;122;188m▀[0m[38;2;108;135;197m▀[0m[38;2;97;121;194m▀[0m                     
                       [38;2;4;7;11m[48;2;3;0;0m▀[0m[38;2;16;24;31m[48;2;13;7;2m▀[0m[38;2;71;93;129m[48;2;51;58;84m▀[0m[38;2;124;159;215m[48;2;83;103;148m▀[0m[38;2;143;186;217m[48;2;99;138;173m▀[0m[38;2;148;196;208m[48;2;115;166;189m▀[0m[38;2;143;189;205m[48;2;137;185;203m▀[0m[38;2;139;186;204m[48;2;147;194;209m▀[0m[38;2;140;187;204m[48;2;145;192;208m▀[0m[38;2;140;187;204m[48;2;143;190;206m▀[0m[38;2;140;187;204m[48;2;140;187;204m▀[0m[38;2;140;187;204m[48;2;140;187;204m▀[0m[38;2;140;187;204m[48;2;140;187;204m▀[0m[38;2;140;187;204m[48;2;140;187;204m▀[0m[38;2;140;187;204m[48;2;140;187;204m▀[0m[38;2;140;187;204m[48;2;140;187;204m▀[0m[38;2;140;187;204m[48;2;140;187;204m▀[0m[38;2;140;187;204m[48;2;140;187;204m▀[0m[38;2;140;187;204m[48;2;140;187;204m▀[0m[38;2;140;187;204m[48;2;140;187;204m▀[0m[38;2;140;187;204m[48;2;140;187;204m▀[0m[38;2;140;187;204m[48;2;140;187;204m▀[0m[38;2;140;187;204m[48;2;140;187;204m▀[0m[38;2;140;187;204m[48;2;140;187;204m▀[0m[38;2;140;187;204m[48;2;140;187;204m▀[0m[38;2;140;187;204m[48;2;141;188;204m▀[0m[38;2;140;187;204m[48;2;143;190;206m▀[0m[38;2;140;187;204m[48;2;145;192;208m▀[0m[38;2;140;187;204m[48;2;146;193;209m▀[0m[38;2;143;191;206m[48;2;133;182;201m▀[0m[38;2;148;196;209m[48;2;111;162;186m▀[0m[38;2;140;181;222m[48;2;108;150;191m▀[0m[38;2;113;143;206m[48;2;108;136;195m▀[0m[38;2;103;127;193m[48;2;104;129;192m▀[0m                       
                       [38;2;0;0;0m▀[0m[38;2;14;14;0m▀[0m[38;2;20;15;17m[48;2;3;0;0m▀[0m[38;2;24;28;35m[48;2;5;3;0m▀[0m[38;2;28;62;93m[48;2;5;36;64m▀[0m[38;2;55;108;149m[48;2;34;85;130m▀[0m[38;2;121;170;193m[48;2;79;129;161m▀[0m[38;2;153;199;213m[48;2;100;153;183m▀[0m[38;2;146;193;209m[48;2;93;144;175m▀[0m[38;2;143;190;206m[48;2;113;164;189m▀[0m[38;2;140;187;204m[48;2;144;194;212m▀[0m[38;2;140;187;204m[48;2;150;200;217m▀[0m[38;2;140;187;204m[48;2;147;196;214m▀[0m[38;2;140;187;204m[48;2;147;196;214m▀[0m[38;2;140;187;204m[48;2;147;196;214m▀[0m[38;2;140;187;204m[48;2;147;196;214m▀[0m[38;2;140;187;204m[48;2;147;196;214m▀[0m[38;2;140;187;204m[48;2;147;196;214m▀[0m[38;2;140;187;204m[48;2;147;196;214m▀[0m[38;2;140;187;204m[48;2;147;196;214m▀[0m[38;2;140;187;204m[48;2;147;196;214m▀[0m[38;2;140;187;204m[48;2;147;196;214m▀[0m[38;2;140;187;204m[48;2;147;196;214m▀[0m[38;2;140;187;204m[48;2;147;196;214m▀[0m[38;2;140;187;204m[48;2;151;200;217m▀[0m[38;2;141;188;204m[48;2;140;190;209m▀[0m[38;2;144;191;207m[48;2;107;157;184m▀[0m[38;2;148;195;210m[48;2;93;145;175m▀[0m[38;2;151;197;212m[48;2;99;151;182m▀[0m[38;2;110;161;187m[48;2;75;125;157m▀[0m[38;2;46;99;141m[48;2;23;75;121m▀[0m[38;2;30;80;124m[48;2;0;40;85m▀[0m[38;2;113;141;198m▀[0m[38;2;109;145;218m▀[0m                       
                          [38;2;0;0;0m▀[0m[38;2;0;0;0m▀[0m[38;2;30;75;120m[48;2;0;0;0m▀[0m[38;2;31;80;121m[48;2;15;67;110m▀[0m[38;2;30;84;129m[48;2;14;70;120m▀[0m[38;2;25;76;119m[48;2;5;65;118m▀[0m[38;2;69;118;150m[48;2;45;83;107m▀[0m[38;2;135;182;200m[48;2;67;88;96m▀[0m[38;2;147;194;209m[48;2;72;93;98m▀[0m[38;2;140;187;204m[48;2;68;89;95m▀[0m[38;2;140;187;204m[48;2;68;89;95m▀[0m[38;2;140;187;204m[48;2;68;89;95m▀[0m[38;2;140;187;204m[48;2;68;89;95m▀[0m[38;2;140;187;204m[48;2;68;89;95m▀[0m[38;2;140;187;204m[48;2;68;89;95m▀[0m[38;2;140;187;204m[48;2;68;89;95m▀[0m[38;2;140;187;204m[48;2;68;89;95m▀[0m[38;2;140;187;204m[48;2;68;89;96m▀[0m[38;2;140;187;204m[48;2;69;90;97m▀[0m[38;2;140;187;204m[48;2;70;91;98m▀[0m[38;2;140;187;204m[48;2;72;92;100m▀[0m[38;2;148;195;210m[48;2;76;97;103m▀[0m[38;2;126;173;193m[48;2;63;85;94m▀[0m[38;2;56;105;141m[48;2;37;75;104m▀[0m[38;2;24;76;119m[48;2;9;61;107m▀[0m[38;2;31;84;128m[48;2;15;70;118m▀[0m[38;2;30;80;121m[48;2;15;67;108m▀[0m[38;2;19;78;117m▀[0m                          
                              [38;2;31;0;0m▄[0m[38;2;63;0;0m[48;2;36;27;34m▀[0m[38;2;16;11;8m[48;2;37;34;42m▀[0m[38;2;12;11;10m[48;2;33;34;40m▀[0m[38;2;14;12;12m[48;2;34;36;42m▀[0m[38;2;13;11;11m[48;2;33;35;41m▀[0m[38;2;13;11;11m[48;2;33;35;41m▀[0m[38;2;13;11;11m[48;2;33;35;41m▀[0m[38;2;13;11;11m[48;2;33;35;41m▀[0m[38;2;13;11;11m[48;2;33;35;41m▀[0m[38;2;13;11;11m[48;2;33;35;41m▀[0m[38;2;13;11;11m[48;2;33;36;42m▀[0m[38;2;13;11;11m[48;2;34;36;42m▀[0m[38;2;13;11;11m[48;2;31;30;37m▀[0m[38;2;12;10;10m[48;2;26;22;27m▀[0m[38;2;11;9;8m[48;2;16;10;15m▀[0m[38;2;10;8;7m[48;2;0;0;0m▀[0m[38;2;10;9;8m[48;2;0;0;0m▀[0m[38;2;9;8;7m[48;2;0;0;0m▀[0m[38;2;10;0;0m[48;2;0;0;0m▀[0m                              
                            [38;2;51;51;51m[48;2;37;28;37m▀[0m[38;2;32;32;41m[48;2;37;33;43m▀[0m[38;2;37;37;46m[48;2;41;41;51m▀[0m[38;2;37;35;45m[48;2;45;47;57m▀[0m[38;2;47;48;59m[48;2;49;53;63m▀[0m[38;2;50;55;65m[48;2;49;54;64m▀[0m[38;2;51;56;67m[48;2;49;54;64m▀[0m[38;2;50;55;66m[48;2;49;54;64m▀[0m[38;2;50;55;66m[48;2;49;54;64m▀[0m[38;2;50;55;66m[48;2;49;54;64m▀[0m[38;2;50;55;66m[48;2;49;54;64m▀[0m[38;2;50;55;66m[48;2;49;54;64m▀[0m[38;2;50;55;66m[48;2;49;54;64m▀[0m[38;2;50;56;67m[48;2;49;54;64m▀[0m[38;2;51;56;67m[48;2;49;54;64m▀[0m[38;2;48;50;62m[48;2;49;53;64m▀[0m[38;2;41;40;50m[48;2;47;50;60m▀[0m[38;2;40;38;49m[48;2;44;44;55m▀[0m[38;2;46;46;57m[48;2;36;33;41m▀[0m[38;2;33;28;37m▄[0m                                
                            [38;2;36;27;36m[48;2;34;23;34m▀[0m[38;2;35;33;42m[48;2;35;32;41m▀[0m[38;2;44;44;55m[48;2;42;42;52m▀[0m[38;2;48;53;63m[48;2;47;51;61m▀[0m[38;2;49;55;65m[48;2;49;54;64m▀[0m[38;2;48;53;63m[48;2;48;53;63m▀[0m[38;2;48;53;63m[48;2;48;53;63m▀[0m[38;2;48;53;63m[48;2;48;53;63m▀[0m[38;2;48;53;63m[48;2;48;53;63m▀[0m[38;2;48;53;63m[48;2;48;53;63m▀[0m[38;2;48;53;63m[48;2;48;53;63m▀[0m[38;2;48;53;63m[48;2;48;53;63m▀[0m[38;2;48;53;63m[48;2;48;53;63m▀[0m[38;2;48;53;63m[48;2;48;53;63m▀[0m[38;2;48;53;63m[48;2;48;53;63m▀[0m[38;2;49;54;64m[48;2;48;53;63m▀[0m[38;2;49;54;64m[48;2;48;53;63m▀[0m[38;2;48;51;61m[48;2;49;54;64m▀[0m[38;2;41;41;50m[48;2;47;50;60m▀[0m[38;2;38;36;47m[48;2;43;43;53m▀[0m[38;2;34;30;38m[48;2;35;31;40m▀[0m[38;2;28;28;28m[48;2;34;34;40m▀[0m                              
                          [38;2;28;56;28m▄[0m[38;2;32;32;41m[48;2;34;32;40m▀[0m[38;2;41;37;48m[48;2;40;38;48m▀[0m[38;2;40;41;51m[48;2;46;50;60m▀[0m[38;2;45;47;57m[48;2;49;54;64m▀[0m[38;2;47;52;62m[48;2;48;53;63m▀[0m[38;2;49;54;64m[48;2;48;53;63m▀[0m[38;2;48;53;63m[48;2;48;53;63m▀[0m[38;2;48;53;63m[48;2;48;53;63m▀[0m[38;2;48;53;63m[48;2;48;53;63m▀[0m[38;2;48;53;63m[48;2;48;53;63m▀[0m[38;2;48;53;63m[48;2;48;53;63m▀[0m[38;2;48;53;63m[48;2;48;53;63m▀[0m[38;2;48;53;63m[48;2;48;53;63m▀[0m[38;2;48;53;63m[48;2;48;53;63m▀[0m[38;2;48;53;63m[48;2;48;53;63m▀[0m[38;2;48;53;63m[48;2;48;53;63m▀[0m[38;2;48;53;63m[48;2;48;53;63m▀[0m[38;2;48;53;63m[48;2;48;53;63m▀[0m[38;2;49;54;64m[48;2;48;53;63m▀[0m[38;2;49;54;64m[48;2;48;53;63m▀[0m[38;2;48;50;61m[48;2;49;54;64m▀[0m[38;2;40;40;49m[48;2;47;51;61m▀[0m[38;2;37;37;47m[48;2;41;41;51m▀[0m[38;2;30;27;37m[48;2;35;33;42m▀[0m[38;2;0;0;0m[48;2;34;25;34m▀[0m                            
                       [38;2;51;51;51m▄[0m[38;2;42;42;42m▄[0m[38;2;31;27;35m[48;2;40;38;45m▀[0m[38;2;34;32;39m[48;2;41;39;49m▀[0m[38;2;36;33;42m[48;2;39;36;46m▀[0m[38;2;42;40;50m[48;2;38;37;46m▀[0m[38;2;47;51;61m[48;2;45;49;59m▀[0m[38;2;49;55;65m[48;2;49;54;64m▀[0m[38;2;48;53;63m[48;2;48;53;63m▀[0m[38;2;48;53;63m[48;2;48;53;63m▀[0m[38;2;48;53;63m[48;2;48;53;63m▀[0m[38;2;48;53;63m[48;2;48;53;63m▀[0m[38;2;48;53;63m[48;2;48;53;63m▀[0m[38;2;48;53;63m[48;2;48;53;63m▀[0m[38;2;48;53;63m[48;2;48;53;63m▀[0m[38;2;48;53;63m[48;2;48;53;63m▀[0m[38;2;48;53;63m[48;2;48;53;63m▀[0m[38;2;48;53;63m[48;2;48;53;63m▀[0m[38;2;48;53;63m[48;2;48;53;63m▀[0m[38;2;48;53;63m[48;2;48;53;63m▀[0m[38;2;48;53;63m[48;2;48;53;63m▀[0m[38;2;48;53;63m[48;2;48;53;63m▀[0m[38;2;48;53;63m[48;2;48;53;63m▀[0m[38;2;48;53;63m[48;2;48;53;63m▀[0m[38;2;48;54;63m[48;2;46;52;61m▀[0m[38;2;50;55;66m[48;2;51;56;67m▀[0m[38;2;58;60;74m[48;2;69;72;90m▀[0m[38;2;52;52;65m[48;2;68;69;86m▀[0m[38;2;40;36;46m[48;2;47;45;57m▀[0m[38;2;27;24;30m[48;2;36;33;40m▀[0m[38;2;42;31;42m▄[0m[38;2;42;42;42m▄[0m                         
                       [38;2;29;25;33m[48;2;33;33;40m▀[0m[38;2;35;32;41m[48;2;39;38;48m▀[0m[38;2;55;55;69m[48;2;59;60;75m▀[0m[38;2;64;64;81m[48;2;68;69;87m▀[0m[38;2;46;44;57m[48;2;49;49;61m▀[0m[38;2;36;34;43m[48;2;38;37;47m▀[0m[38;2;45;48;57m[48;2;45;49;58m▀[0m[38;2;49;54;64m[48;2;49;54;64m▀[0m[38;2;48;53;63m[48;2;48;53;63m▀[0m[38;2;48;53;63m[48;2;48;53;63m▀[0m[38;2;48;53;63m[48;2;48;53;63m▀[0m[38;2;48;53;63m[48;2;48;53;63m▀[0m[38;2;48;53;63m[48;2;48;53;63m▀[0m[38;2;48;53;63m[48;2;48;53;63m▀[0m[38;2;48;53;63m[48;2;48;53;63m▀[0m[38;2;48;53;63m[48;2;48;53;63m▀[0m[38;2;48;53;63m[48;2;48;53;63m▀[0m[38;2;48;53;63m[48;2;48;53;63m▀[0m[38;2;48;53;63m[48;2;48;53;63m▀[0m[38;2;48;53;63m[48;2;48;53;63m▀[0m[38;2;48;53;63m[48;2;48;53;63m▀[0m[38;2;48;53;63m[48;2;48;53;63m▀[0m[38;2;48;53;63m[48;2;48;53;63m▀[0m[38;2;48;53;63m[48;2;48;53;63m▀[0m[38;2;46;52;61m[48;2;46;52;61m▀[0m[38;2;51;56;68m[48;2;51;56;66m▀[0m[38;2;69;71;90m[48;2;63;66;81m▀[0m[38;2;74;75;95m[48;2;72;73;92m▀[0m[38;2;65;67;83m[48;2;74;78;97m▀[0m[38;2;52;51;64m[48;2;65;66;83m▀[0m[38;2;36;33;42m[48;2;47;45;57m▀[0m[38;2;25;25;28m[48;2;36;35;44m▀[0m[38;2;37;30;45m▄[0m[38;2;21;21;42m▄[0m                       
                     [38;2;19;19;19m▄[0m[38;2;31;31;40m▄[0m[38;2;42;47;58m[48;2;52;56;70m▀[0m[38;2;44;48;57m[48;2;55;60;72m▀[0m[38;2;48;49;60m[48;2;46;46;57m▀[0m[38;2;45;44;56m[48;2;34;32;40m▀[0m[38;2;45;47;58m[48;2;43;45;55m▀[0m[38;2;46;50;60m[48;2;50;55;65m▀[0m[38;2;47;52;62m[48;2;48;53;65m▀[0m[38;2;48;53;63m[48;2;48;53;63m▀[0m[38;2;48;53;63m[48;2;48;53;63m▀[0m[38;2;48;53;63m[48;2;48;53;63m▀[0m[38;2;48;53;63m[48;2;48;53;63m▀[0m[38;2;48;53;63m[48;2;48;53;63m▀[0m[38;2;48;53;63m[48;2;48;53;63m▀[0m[38;2;48;53;63m[48;2;48;53;63m▀[0m[38;2;48;53;63m[48;2;48;53;63m▀[0m[38;2;48;53;63m[48;2;48;53;63m▀[0m[38;2;48;53;63m[48;2;48;53;63m▀[0m[38;2;48;53;63m[48;2;48;53;63m▀[0m[38;2;48;53;63m[48;2;48;53;63m▀[0m[38;2;48;53;63m[48;2;48;53;63m▀[0m[38;2;48;53;63m[48;2;48;53;63m▀[0m[38;2;48;53;63m[48;2;48;53;63m▀[0m[38;2;48;53;63m[48;2;48;53;63m▀[0m[38;2;48;53;63m[48;2;48;53;63m▀[0m[38;2;48;53;63m[48;2;48;53;63m▀[0m[38;2;49;54;64m[48;2;48;53;63m▀[0m[38;2;50;55;66m[48;2;45;52;60m▀[0m[38;2;58;62;76m[48;2;50;56;67m▀[0m[38;2;71;73;93m[48;2;63;65;81m▀[0m[38;2;73;75;95m[48;2;71;73;92m▀[0m[38;2;66;67;85m[48;2;74;76;97m▀[0m[38;2;52;52;67m[48;2;61;62;78m▀[0m[38;2;34;32;41m[48;2;41;41;50m▀[0m[38;2;29;25;32m[48;2;35;34;42m▀[0m[38;2;35;35;44m▄[0m[38;2;28;28;42m▄[0m                     
                   [38;2;30;30;45m▄[0m[38;2;35;32;42m▄[0m[38;2;27;27;32m[48;2;38;38;47m▀[0m[38;2;33;30;39m[48;2;39;40;49m▀[0m[38;2;55;55;69m[48;2;53;53;66m▀[0m[38;2;70;73;92m[48;2;60;60;76m▀[0m[38;2;53;53;67m[48;2;50;51;63m▀[0m[38;2;35;34;41m[48;2;40;42;51m▀[0m[38;2;43;45;54m[48;2;45;48;58m▀[0m[38;2;49;54;64m[48;2;49;54;64m▀[0m[38;2;48;53;64m[48;2;48;53;64m▀[0m[38;2;48;53;63m[48;2;48;53;63m▀[0m[38;2;48;53;63m[48;2;48;53;63m▀[0m[38;2;48;53;63m[48;2;48;53;63m▀[0m[38;2;48;53;63m[48;2;48;53;63m▀[0m[38;2;48;53;63m[48;2;48;53;63m▀[0m[38;2;48;53;63m[48;2;48;53;63m▀[0m[38;2;48;53;63m[48;2;48;53;63m▀[0m[38;2;48;53;63m[48;2;48;53;63m▀[0m[38;2;48;53;63m[48;2;48;53;63m▀[0m[38;2;48;53;63m[48;2;48;53;63m▀[0m[38;2;48;53;63m[48;2;48;53;63m▀[0m[38;2;48;53;63m[48;2;48;53;63m▀[0m[38;2;48;53;63m[48;2;48;53;63m▀[0m[38;2;48;53;63m[48;2;48;53;63m▀[0m[38;2;48;53;63m[48;2;48;53;63m▀[0m[38;2;48;53;63m[48;2;48;53;63m▀[0m[38;2;48;53;63m[48;2;48;53;63m▀[0m[38;2;48;53;63m[48;2;48;53;63m▀[0m[38;2;48;53;63m[48;2;47;52;62m▀[0m[38;2;48;54;63m[48;2;45;48;57m▀[0m[38;2;48;53;64m[48;2;43;46;55m▀[0m[38;2;49;54;64m[48;2;45;50;58m▀[0m[38;2;59;63;77m[48;2;56;60;73m▀[0m[38;2;72;74;93m[48;2;72;74;93m▀[0m[38;2;61;65;80m[48;2;68;71;88m▀[0m[38;2;46;50;59m[48;2;57;62;74m▀[0m[38;2;41;42;51m[48;2;48;49;60m▀[0m[38;2;35;34;42m[48;2;33;31;39m▀[0m[38;2;35;31;43m[48;2;29;29;36m▀[0m                     
                   [38;2;34;34;40m[48;2;29;21;29m▀[0m[38;2;36;33;42m[48;2;32;30;38m▀[0m[38;2;42;42;52m[48;2;48;48;60m▀[0m[38;2;47;52;62m[48;2;62;66;81m▀[0m[38;2;44;46;56m[48;2;52;53;66m▀[0m[38;2;38;36;46m[48;2;34;32;40m▀[0m[38;2;42;43;54m[48;2;40;41;50m▀[0m[38;2;48;53;63m[48;2;49;55;65m▀[0m[38;2;48;54;64m[48;2;48;55;65m▀[0m[38;2;48;53;63m[48;2;48;53;63m▀[0m[38;2;48;53;63m[48;2;48;53;63m▀[0m[38;2;48;53;63m[48;2;48;53;63m▀[0m[38;2;48;53;63m[48;2;48;53;63m▀[0m[38;2;48;53;63m[48;2;48;53;63m▀[0m[38;2;48;53;63m[48;2;48;53;63m▀[0m[38;2;48;53;63m[48;2;48;53;63m▀[0m[38;2;48;53;63m[48;2;48;53;63m▀[0m[38;2;48;53;63m[48;2;48;53;63m▀[0m[38;2;48;53;63m[48;2;48;53;63m▀[0m[38;2;48;53;63m[48;2;48;53;63m▀[0m[38;2;48;53;63m[48;2;48;53;63m▀[0m[38;2;48;53;63m[48;2;48;53;63m▀[0m[38;2;48;53;63m[48;2;48;53;63m▀[0m[38;2;48;53;63m[48;2;48;53;63m▀[0m[38;2;48;53;63m[48;2;48;53;63m▀[0m[38;2;48;53;63m[48;2;48;53;63m▀[0m[38;2;48;53;63m[48;2;48;53;63m▀[0m[38;2;48;53;63m[48;2;48;53;63m▀[0m[38;2;49;54;64m[48;2;49;54;64m▀[0m[38;2;46;50;60m[48;2;46;50;60m▀[0m[38;2;39;38;47m[48;2;38;36;45m▀[0m[38;2;38;37;46m[48;2;38;36;45m▀[0m[38;2;45;49;59m[48;2;46;50;60m▀[0m[38;2;57;61;74m[48;2;53;58;69m▀[0m[38;2;71;73;92m[48;2;58;62;77m▀[0m[38;2;75;77;97m[48;2;68;70;88m▀[0m[38;2;70;72;90m[48;2;72;74;93m▀[0m[38;2;52;52;66m[48;2;65;66;83m▀[0m[38;2;33;31;40m[48;2;52;52;65m▀[0m[38;2;29;29;36m[48;2;45;43;54m▀[0m[38;2;32;30;37m▄[0m[38;2;28;0;28m▄[0m                   
                  [38;2;51;51;51m[48;2;27;25;32m▀[0m[38;2;35;30;40m[48;2;43;40;50m▀[0m[38;2;35;32;42m[48;2;57;57;73m▀[0m[38;2;52;51;64m[48;2;60;60;77m▀[0m[38;2;70;71;90m[48;2;52;52;65m▀[0m[38;2;59;59;75m[48;2;47;48;59m▀[0m[38;2;37;36;45m[48;2;44;46;56m▀[0m[38;2;41;42;51m[48;2;46;50;59m▀[0m[38;2;48;54;64m[48;2;48;53;63m▀[0m[38;2;48;54;64m[48;2;48;53;63m▀[0m[38;2;48;53;63m[48;2;48;53;63m▀[0m[38;2;48;53;63m[48;2;48;53;63m▀[0m[38;2;48;53;63m[48;2;48;53;63m▀[0m[38;2;48;53;63m[48;2;48;53;63m▀[0m[38;2;48;53;63m[48;2;48;53;63m▀[0m[38;2;48;53;63m[48;2;48;53;63m▀[0m[38;2;48;53;63m[48;2;48;53;63m▀[0m[38;2;48;53;63m[48;2;48;53;63m▀[0m[38;2;48;53;63m[48;2;48;53;63m▀[0m[38;2;48;53;63m[48;2;48;53;63m▀[0m[38;2;48;53;63m[48;2;48;53;63m▀[0m[38;2;48;53;63m[48;2;48;53;63m▀[0m[38;2;48;53;63m[48;2;48;53;63m▀[0m[38;2;48;53;63m[48;2;48;53;63m▀[0m[38;2;48;53;63m[48;2;48;53;63m▀[0m[38;2;48;53;63m[48;2;48;53;63m▀[0m[38;2;48;53;63m[48;2;48;53;63m▀[0m[38;2;48;53;63m[48;2;48;53;63m▀[0m[38;2;48;53;63m[48;2;48;53;63m▀[0m[38;2;49;54;64m[48;2;48;53;63m▀[0m[38;2;46;50;60m[48;2;47;52;62m▀[0m[38;2;39;38;48m[48;2;45;48;58m▀[0m[38;2;39;38;47m[48;2;43;44;54m▀[0m[38;2;46;50;60m[48;2;41;41;51m▀[0m[38;2;48;52;62m[48;2;42;44;53m▀[0m[38;2;46;51;61m[48;2;46;50;60m▀[0m[38;2;59;62;77m[48;2;60;63;78m▀[0m[38;2;71;73;92m[48;2;73;74;94m▀[0m[38;2;76;78;98m[48;2;76;78;99m▀[0m[38;2;69;71;89m[48;2;70;72;91m▀[0m[38;2;50;49;63m[48;2;53;56;69m▀[0m[38;2;34;31;41m[48;2;40;41;50m▀[0m[38;2;34;29;39m[48;2;39;38;48m▀[0m[38;2;42;42;42m[48;2;37;33;42m▀[0m[38;2;0;0;0m[48;2;39;39;58m▀[0m                 
               [38;2;0;0;127m▄[0m[38;2;30;30;45m[48;2;33;29;38m▀[0m[38;2;41;36;41m[48;2;42;39;50m▀[0m[38;2;38;35;45m[48;2;59;59;74m▀[0m[38;2;51;50;63m[48;2;66;68;85m▀[0m[38;2;69;71;89m[48;2;58;63;76m▀[0m[38;2;61;63;79m[48;2;48;51;62m▀[0m[38;2;38;36;44m[48;2;37;35;43m▀[0m[38;2;38;39;47m[48;2;40;40;49m▀[0m[38;2;49;54;64m[48;2;48;54;64m▀[0m[38;2;49;55;65m[48;2;49;54;64m▀[0m[38;2;48;53;63m[48;2;48;53;63m▀[0m[38;2;48;53;63m[48;2;48;53;63m▀[0m[38;2;48;53;63m[48;2;48;53;63m▀[0m[38;2;48;53;63m[48;2;48;53;63m▀[0m[38;2;48;53;63m[48;2;48;53;63m▀[0m[38;2;48;53;63m[48;2;48;53;63m▀[0m[38;2;48;53;63m[48;2;48;53;63m▀[0m[38;2;48;53;63m[48;2;48;53;63m▀[0m[38;2;48;53;63m[48;2;48;53;63m▀[0m[38;2;48;53;63m[48;2;48;53;63m▀[0m[38;2;48;53;63m[48;2;48;53;63m▀[0m[38;2;48;53;63m[48;2;48;53;63m▀[0m[38;2;48;53;63m[48;2;48;53;63m▀[0m[38;2;48;53;63m[48;2;48;53;63m▀[0m[38;2;48;53;63m[48;2;48;53;63m▀[0m[38;2;48;53;63m[48;2;48;53;63m▀[0m[38;2;48;53;63m[48;2;48;53;63m▀[0m[38;2;48;53;63m[48;2;48;53;63m▀[0m[38;2;48;53;63m[48;2;48;53;63m▀[0m[38;2;48;53;63m[48;2;48;53;63m▀[0m[38;2;48;53;63m[48;2;48;53;63m▀[0m[38;2;48;53;63m[48;2;48;53;63m▀[0m[38;2;48;53;63m[48;2;48;53;63m▀[0m[38;2;50;55;65m[48;2;49;54;65m▀[0m[38;2;45;49;59m[48;2;45;48;58m▀[0m[38;2;38;35;44m[48;2;38;36;45m▀[0m[38;2;39;38;47m[48;2;39;39;48m▀[0m[38;2;47;51;61m[48;2;47;52;62m▀[0m[38;2;59;63;76m[48;2;50;56;67m▀[0m[38;2;68;71;89m[48;2;54;58;70m▀[0m[38;2;73;74;94m[48;2;65;67;84m▀[0m[38;2;69;71;91m[48;2;71;73;93m▀[0m[38;2;58;63;76m[48;2;70;73;92m▀[0m[38;2;48;52;63m[48;2;61;63;78m▀[0m[38;2;43;42;53m[48;2;44;42;52m▀[0m[38;2;36;33;41m[48;2;30;28;36m▀[0m[38;2;38;38;51m[48;2;0;0;0m▀[0m                 
                [38;2;33;30;38m[48;2;34;31;39m▀[0m[38;2;44;42;53m[48;2;40;38;48m▀[0m[38;2;63;64;81m[48;2;49;51;62m▀[0m[38;2;66;70;87m[48;2;52;58;69m▀[0m[38;2;51;58;68m[48;2;50;56;67m▀[0m[38;2;42;45;54m[48;2;44;47;57m▀[0m[38;2;37;35;44m[48;2;36;35;44m▀[0m[38;2;41;41;50m[48;2;41;40;49m▀[0m[38;2;48;53;63m[48;2;48;53;63m▀[0m[38;2;49;54;64m[48;2;49;54;64m▀[0m[38;2;48;53;63m[48;2;48;53;63m▀[0m[38;2;48;53;63m[48;2;48;53;63m▀[0m[38;2;48;53;63m[48;2;48;53;63m▀[0m[38;2;48;53;63m[48;2;48;53;63m▀[0m[38;2;48;53;63m[48;2;48;53;63m▀[0m[38;2;48;53;63m[48;2;48;53;63m▀[0m[38;2;48;53;63m[48;2;48;53;63m▀[0m[38;2;48;53;63m[48;2;48;53;63m▀[0m[38;2;48;53;63m[48;2;48;53;63m▀[0m[38;2;48;53;63m[48;2;48;53;63m▀[0m[38;2;48;53;63m[48;2;48;53;63m▀[0m[38;2;48;53;63m[48;2;48;53;63m▀[0m[38;2;48;53;63m[48;2;48;53;63m▀[0m[38;2;48;53;63m[48;2;48;53;63m▀[0m[38;2;48;53;63m[48;2;48;53;63m▀[0m[38;2;48;53;63m[48;2;48;53;63m▀[0m[38;2;48;53;63m[48;2;48;53;63m▀[0m[38;2;48;53;63m[48;2;48;53;63m▀[0m[38;2;48;53;63m[48;2;48;53;63m▀[0m[38;2;48;53;63m[48;2;48;53;63m▀[0m[38;2;48;53;63m[48;2;48;53;63m▀[0m[38;2;48;53;63m[48;2;48;53;63m▀[0m[38;2;48;53;63m[48;2;48;53;63m▀[0m[38;2;49;54;64m[48;2;49;54;64m▀[0m[38;2;45;48;58m[48;2;45;48;58m▀[0m[38;2;38;36;44m[48;2;37;35;44m▀[0m[38;2;40;40;49m[48;2;40;40;49m▀[0m[38;2;48;53;63m[48;2;49;54;65m▀[0m[38;2;47;53;63m[48;2;48;54;65m▀[0m[38;2;46;52;61m[48;2;48;53;63m▀[0m[38;2;62;65;79m[48;2;63;66;81m▀[0m[38;2;73;75;95m[48;2;73;75;95m▀[0m[38;2;75;78;98m[48;2;73;75;94m▀[0m[38;2;69;70;88m[48;2;71;73;92m▀[0m[38;2;52;51;64m[48;2;69;72;90m▀[0m[38;2;41;39;50m[48;2;60;59;75m▀[0m[38;2;38;38;46m[48;2;41;38;49m▀[0m[38;2;34;25;34m[48;2;32;28;37m▀[0m                
              [38;2;37;31;43m[48;2;35;31;42m▀[0m[38;2;37;34;45m[48;2;37;35;45m▀[0m[38;2;39;39;49m[48;2;44;46;57m▀[0m[38;2;43;43;53m[48;2;49;53;63m▀[0m[38;2;46;50;59m[48;2;49;55;65m▀[0m[38;2;47;52;61m[48;2;46;49;59m▀[0m[38;2;45;49;58m[48;2;39;38;47m▀[0m[38;2;42;44;54m[48;2;39;39;48m▀[0m[38;2;40;41;51m[48;2;47;50;60m▀[0m[38;2;44;45;55m[48;2;49;53;63m▀[0m[38;2;48;53;63m[48;2;48;53;63m▀[0m[38;2;49;54;64m[48;2;48;53;63m▀[0m[38;2;48;53;63m[48;2;48;53;63m▀[0m[38;2;48;53;63m[48;2;48;53;63m▀[0m[38;2;48;53;63m[48;2;48;53;63m▀[0m[38;2;48;53;63m[48;2;48;53;63m▀[0m[38;2;48;53;63m[48;2;48;53;63m▀[0m[38;2;48;53;63m[48;2;48;53;63m▀[0m[38;2;48;53;63m[48;2;48;53;63m▀[0m[38;2;48;53;63m[48;2;48;53;63m▀[0m[38;2;48;53;63m[48;2;48;53;63m▀[0m[38;2;48;53;63m[48;2;48;53;63m▀[0m[38;2;48;53;63m[48;2;48;53;63m▀[0m[38;2;48;53;63m[48;2;48;53;63m▀[0m[38;2;48;53;63m[48;2;48;53;63m▀[0m[38;2;48;53;63m[48;2;48;53;63m▀[0m[38;2;48;53;63m[48;2;48;53;63m▀[0m[38;2;48;53;63m[48;2;48;53;63m▀[0m[38;2;48;53;63m[48;2;48;53;63m▀[0m[38;2;48;53;63m[48;2;48;53;63m▀[0m[38;2;48;53;63m[48;2;48;53;63m▀[0m[38;2;48;53;63m[48;2;48;53;63m▀[0m[38;2;48;53;63m[48;2;48;53;63m▀[0m[38;2;48;53;63m[48;2;48;53;63m▀[0m[38;2;48;53;63m[48;2;48;53;63m▀[0m[38;2;49;54;64m[48;2;48;53;63m▀[0m[38;2;46;50;60m[48;2;49;54;64m▀[0m[38;2;42;42;52m[48;2;49;54;65m▀[0m[38;2;39;40;48m[48;2;36;39;45m▀[0m[38;2;36;40;47m[48;2;17;18;19m▀[0m[38;2;41;46;53m[48;2;30;32;36m▀[0m[38;2;48;53;63m[48;2;48;53;64m▀[0m[38;2;57;61;74m[48;2;49;55;64m▀[0m[38;2;65;68;83m[48;2;51;56;66m▀[0m[38;2;69;71;90m[48;2;64;67;84m▀[0m[38;2;73;75;94m[48;2;73;75;95m▀[0m[38;2;75;78;98m[48;2;73;75;95m▀[0m[38;2;66;67;85m[48;2;65;68;84m▀[0m[38;2;47;47;58m[48;2;49;55;64m▀[0m[38;2;37;36;45m[48;2;42;44;54m▀[0m[38;2;37;34;45m[48;2;37;35;45m▀[0m[38;2;37;31;43m[48;2;35;31;42m▀[0m              
            [38;2;0;0;0m▄[0m[38;2;63;63;63m▄[0m[38;2;34;29;40m[48;2;35;31;43m▀[0m[38;2;40;37;47m[48;2;38;36;45m▀[0m[38;2;46;48;60m[48;2;45;47;58m▀[0m[38;2;50;55;65m[48;2;49;54;64m▀[0m[38;2;49;55;65m[48;2;49;55;65m▀[0m[38;2;46;49;59m[48;2;46;49;59m▀[0m[38;2;37;36;45m[48;2;38;37;46m▀[0m[38;2;39;38;47m[48;2;39;39;48m▀[0m[38;2;48;52;62m[48;2;47;51;61m▀[0m[38;2;50;55;65m[48;2;49;54;64m▀[0m[38;2;48;53;63m[48;2;48;53;63m▀[0m[38;2;48;53;63m[48;2;48;53;63m▀[0m[38;2;48;53;63m[48;2;48;53;63m▀[0m[38;2;48;53;63m[48;2;48;53;63m▀[0m[38;2;48;53;63m[48;2;48;53;63m▀[0m[38;2;48;53;63m[48;2;48;53;63m▀[0m[38;2;48;53;63m[48;2;48;53;63m▀[0m[38;2;48;53;63m[48;2;48;53;63m▀[0m[38;2;48;53;63m[48;2;48;53;63m▀[0m[38;2;48;53;63m[48;2;48;53;63m▀[0m[38;2;48;53;63m[48;2;48;53;63m▀[0m[38;2;48;53;63m[48;2;48;53;63m▀[0m[38;2;48;53;63m[48;2;48;53;63m▀[0m[38;2;48;53;63m[48;2;48;53;63m▀[0m[38;2;48;53;63m[48;2;48;53;63m▀[0m[38;2;48;53;63m[48;2;48;53;63m▀[0m[38;2;48;53;63m[48;2;48;53;63m▀[0m[38;2;48;53;63m[48;2;48;53;63m▀[0m[38;2;48;53;63m[48;2;48;53;63m▀[0m[38;2;48;53;63m[48;2;48;53;63m▀[0m[38;2;48;53;63m[48;2;48;53;63m▀[0m[38;2;48;53;63m[48;2;48;53;63m▀[0m[38;2;48;53;63m[48;2;48;53;63m▀[0m[38;2;48;53;63m[48;2;48;53;63m▀[0m[38;2;48;53;63m[48;2;48;53;63m▀[0m[38;2;48;53;63m[48;2;48;53;63m▀[0m[38;2;49;54;64m[48;2;49;54;64m▀[0m[38;2;51;56;67m[48;2;50;55;66m▀[0m[38;2;36;39;45m[48;2;36;39;45m▀[0m[38;2;14;14;14m[48;2;16;16;17m▀[0m[38;2;28;30;33m[48;2;29;31;35m▀[0m[38;2;48;53;64m[48;2;48;53;64m▀[0m[38;2;47;53;62m[48;2;48;54;63m▀[0m[38;2;49;54;63m[48;2;50;55;65m▀[0m[38;2;65;67;85m[48;2;64;67;84m▀[0m[38;2;74;76;96m[48;2;73;74;94m▀[0m[38;2;72;74;94m[48;2;71;73;93m▀[0m[38;2;68;71;89m[48;2;72;74;94m▀[0m[38;2;61;66;80m[48;2;73;75;94m▀[0m[38;2;52;53;66m[48;2;59;59;76m▀[0m[38;2;39;36;45m[48;2;39;37;46m▀[0m[38;2;31;27;36m[48;2;33;31;39m▀[0m[38;2;63;0;63m▄[0m[38;2;0;0;0m▄[0m            
            [38;2;33;33;38m[48;2;33;30;39m▀[0m[38;2;36;34;43m[48;2;37;35;43m▀[0m[38;2;43;43;53m[48;2;46;47;58m▀[0m[38;2;44;46;56m[48;2;49;54;64m▀[0m[38;2;47;51;62m[48;2;49;54;64m▀[0m[38;2;48;54;64m[48;2;48;53;63m▀[0m[38;2;50;55;66m[48;2;48;53;62m▀[0m[38;2;47;50;60m[48;2;45;48;58m▀[0m[38;2;37;36;45m[48;2;39;38;47m▀[0m[38;2;38;38;47m[48;2;40;40;49m▀[0m[38;2;47;51;61m[48;2;47;51;61m▀[0m[38;2;49;54;64m[48;2;49;54;64m▀[0m[38;2;48;53;63m[48;2;48;53;63m▀[0m[38;2;48;53;63m[48;2;48;53;63m▀[0m[38;2;48;53;63m[48;2;48;53;63m▀[0m[38;2;48;53;63m[48;2;48;53;63m▀[0m[38;2;48;53;63m[48;2;48;53;63m▀[0m[38;2;48;53;63m[48;2;48;53;63m▀[0m[38;2;48;53;63m[48;2;48;53;63m▀[0m[38;2;48;53;63m[48;2;48;53;63m▀[0m[38;2;48;53;63m[48;2;48;53;63m▀[0m[38;2;48;53;63m[48;2;48;53;63m▀[0m[38;2;48;53;63m[48;2;48;53;63m▀[0m[38;2;48;53;63m[48;2;48;53;63m▀[0m[38;2;48;53;63m[48;2;48;53;63m▀[0m[38;2;48;53;63m[48;2;48;53;63m▀[0m[38;2;48;53;63m[48;2;48;53;63m▀[0m[38;2;48;53;63m[48;2;48;53;63m▀[0m[38;2;48;53;63m[48;2;48;53;63m▀[0m[38;2;48;53;63m[48;2;48;53;63m▀[0m[38;2;48;53;63m[48;2;48;53;63m▀[0m[38;2;48;53;63m[48;2;48;53;63m▀[0m[38;2;48;53;63m[48;2;48;53;63m▀[0m[38;2;48;53;63m[48;2;48;53;63m▀[0m[38;2;48;53;63m[48;2;48;53;63m▀[0m[38;2;48;53;63m[48;2;48;53;63m▀[0m[38;2;48;53;63m[48;2;48;53;63m▀[0m[38;2;48;53;63m[48;2;48;53;63m▀[0m[38;2;49;54;64m[48;2;49;54;64m▀[0m[38;2;50;55;66m[48;2;50;55;66m▀[0m[38;2;35;38;44m[48;2;37;40;47m▀[0m[38;2;14;13;14m[48;2;19;19;21m▀[0m[38;2;29;31;35m[48;2;29;31;35m▀[0m[38;2;50;56;67m[48;2;45;50;60m▀[0m[38;2;50;56;66m[48;2;49;53;63m▀[0m[38;2;49;54;64m[48;2;48;53;63m▀[0m[38;2;53;58;70m[48;2;45;51;60m▀[0m[38;2;61;64;79m[48;2;51;56;66m▀[0m[38;2;70;72;91m[48;2;65;67;84m▀[0m[38;2;74;75;96m[48;2;71;73;92m▀[0m[38;2;73;75;94m[48;2;71;73;92m▀[0m[38;2;68;69;87m[48;2;74;76;95m▀[0m[38;2;58;58;74m[48;2;73;75;95m▀[0m[38;2;48;46;59m[48;2;59;59;74m▀[0m[38;2;31;28;36m[48;2;39;37;47m▀[0m[38;2;24;18;24m[48;2;35;33;42m▀[0m[38;2;38;38;38m▄[0m[38;2;51;51;51m▄[0m          
          [38;2;46;46;46m▄[0m[38;2;35;35;41m▄[0m[38;2;32;29;38m[48;2;38;36;46m▀[0m[38;2;35;33;41m[48;2;39;38;46m▀[0m[38;2;46;46;57m[48;2;46;48;58m▀[0m[38;2;48;54;64m[48;2;48;53;63m▀[0m[38;2;49;55;65m[48;2;49;55;65m▀[0m[38;2;47;52;62m[48;2;47;51;61m▀[0m[38;2;42;43;52m[48;2;38;38;47m▀[0m[38;2;40;40;50m[48;2;37;36;45m▀[0m[38;2;44;46;55m[48;2;47;50;60m▀[0m[38;2;46;50;60m[48;2;50;55;65m▀[0m[38;2;48;52;62m[48;2;48;53;63m▀[0m[38;2;48;53;63m[48;2;48;53;63m▀[0m[38;2;48;53;63m[48;2;48;53;63m▀[0m[38;2;48;53;63m[48;2;48;53;63m▀[0m[38;2;48;53;63m[48;2;48;53;63m▀[0m[38;2;48;53;63m[48;2;48;53;63m▀[0m[38;2;48;53;63m[48;2;48;53;63m▀[0m[38;2;48;53;63m[48;2;48;53;63m▀[0m[38;2;48;53;63m[48;2;48;53;63m▀[0m[38;2;48;53;63m[48;2;48;53;63m▀[0m[38;2;48;53;63m[48;2;48;53;63m▀[0m[38;2;48;53;63m[48;2;48;53;63m▀[0m[38;2;48;53;63m[48;2;48;53;63m▀[0m[38;2;48;53;63m[48;2;48;53;63m▀[0m[38;2;48;53;63m[48;2;48;53;63m▀[0m[38;2;48;53;63m[48;2;48;53;63m▀[0m[38;2;48;53;63m[48;2;48;53;63m▀[0m[38;2;48;53;63m[48;2;48;53;63m▀[0m[38;2;48;53;63m[48;2;48;53;63m▀[0m[38;2;48;53;63m[48;2;48;53;63m▀[0m[38;2;48;53;63m[48;2;48;53;63m▀[0m[38;2;48;53;63m[48;2;48;53;63m▀[0m[38;2;48;53;63m[48;2;48;53;63m▀[0m[38;2;48;53;63m[48;2;48;53;63m▀[0m[38;2;48;53;63m[48;2;48;53;63m▀[0m[38;2;48;53;63m[48;2;48;53;63m▀[0m[38;2;48;53;63m[48;2;48;53;63m▀[0m[38;2;48;53;63m[48;2;48;53;63m▀[0m[38;2;48;53;63m[48;2;48;53;63m▀[0m[38;2;49;54;64m[48;2;48;53;63m▀[0m[38;2;45;51;60m[48;2;50;56;66m▀[0m[38;2;40;44;52m[48;2;51;57;68m▀[0m[38;2;30;32;37m[48;2;31;33;38m▀[0m[38;2;25;26;29m[48;2;13;13;12m▀[0m[38;2;38;41;48m[48;2;32;35;40m▀[0m[38;2;49;54;64m[48;2;51;56;66m▀[0m[38;2;48;53;63m[48;2;49;54;66m▀[0m[38;2;48;54;63m[48;2;48;53;61m▀[0m[38;2;52;57;68m[48;2;44;51;59m▀[0m[38;2;60;63;77m[48;2;54;58;70m▀[0m[38;2;69;71;90m[48;2;69;71;90m▀[0m[38;2;73;75;95m[48;2;73;74;94m▀[0m[38;2;72;74;94m[48;2;71;73;92m▀[0m[38;2;69;71;90m[48;2;74;76;97m▀[0m[38;2;61;61;78m[48;2;72;74;93m▀[0m[38;2;48;48;61m[48;2;53;53;67m▀[0m[38;2;34;31;41m[48;2;33;31;39m▀[0m[38;2;35;29;41m[48;2;34;30;38m▀[0m          
          [38;2;35;35;40m[48;2;31;31;40m▀[0m[38;2;36;32;42m[48;2;36;32;41m▀[0m[38;2;43;43;53m[48;2;46;46;57m▀[0m[38;2;46;49;59m[48;2;49;53;64m▀[0m[38;2;48;53;63m[48;2;49;55;65m▀[0m[38;2;48;53;63m[48;2;48;53;63m▀[0m[38;2;49;54;64m[48;2;49;54;64m▀[0m[38;2;47;51;61m[48;2;47;51;61m▀[0m[38;2;39;39;48m[48;2;39;39;48m▀[0m[38;2;38;37;46m[48;2;38;37;46m▀[0m[38;2;46;49;59m[48;2;46;49;59m▀[0m[38;2;49;54;64m[48;2;49;54;64m▀[0m[38;2;48;53;63m[48;2;48;53;63m▀[0m[38;2;48;53;63m[48;2;48;53;63m▀[0m[38;2;48;53;63m[48;2;48;53;63m▀[0m[38;2;48;53;63m[48;2;48;53;63m▀[0m[38;2;48;53;63m[48;2;48;53;63m▀[0m[38;2;48;53;63m[48;2;48;53;63m▀[0m[38;2;48;53;63m[48;2;48;53;63m▀[0m[38;2;48;53;63m[48;2;48;53;63m▀[0m[38;2;48;53;63m[48;2;48;53;63m▀[0m[38;2;48;53;63m[48;2;48;53;63m▀[0m[38;2;48;53;63m[48;2;48;53;63m▀[0m[38;2;48;53;63m[48;2;48;53;63m▀[0m[38;2;48;53;63m[48;2;48;53;63m▀[0m[38;2;48;53;63m[48;2;48;53;63m▀[0m[38;2;48;53;63m[48;2;48;53;63m▀[0m[38;2;48;53;63m[48;2;48;53;63m▀[0m[38;2;48;53;63m[48;2;48;53;63m▀[0m[38;2;48;53;63m[48;2;48;53;63m▀[0m[38;2;48;53;63m[48;2;48;53;63m▀[0m[38;2;48;53;63m[48;2;48;53;63m▀[0m[38;2;48;53;63m[48;2;48;53;63m▀[0m[38;2;48;53;63m[48;2;48;53;63m▀[0m[38;2;48;53;63m[48;2;48;53;63m▀[0m[38;2;48;53;63m[48;2;48;53;63m▀[0m[38;2;48;53;63m[48;2;48;53;63m▀[0m[38;2;48;53;63m[48;2;48;53;63m▀[0m[38;2;48;53;63m[48;2;48;53;63m▀[0m[38;2;48;53;63m[48;2;48;53;63m▀[0m[38;2;48;53;63m[48;2;48;53;63m▀[0m[38;2;48;53;63m[48;2;48;53;63m▀[0m[38;2;49;55;65m[48;2;49;54;64m▀[0m[38;2;50;55;66m[48;2;49;54;64m▀[0m[38;2;30;32;36m[48;2;37;40;47m▀[0m[38;2;13;13;12m[48;2;26;27;30m▀[0m[38;2;33;36;41m[48;2;31;34;38m▀[0m[38;2;52;58;68m[48;2;40;43;50m▀[0m[38;2;50;55;66m[48;2;46;50;60m▀[0m[38;2;48;53;62m[48;2;49;54;63m▀[0m[38;2;45;52;60m[48;2;47;53;62m▀[0m[38;2;55;59;71m[48;2;53;57;68m▀[0m[38;2;70;72;92m[48;2;62;65;81m▀[0m[38;2;74;75;95m[48;2;68;70;88m▀[0m[38;2;71;73;92m[48;2;71;73;92m▀[0m[38;2;73;75;96m[48;2;73;75;95m▀[0m[38;2;71;72;91m[48;2;70;72;91m▀[0m[38;2;50;50;63m[48;2;58;59;74m▀[0m[38;2;31;29;37m[48;2;45;45;57m▀[0m[38;2;32;27;32m[48;2;42;40;51m▀[0m[38;2;33;29;37m▄[0m[38;2;25;25;51m▄[0m        
        [38;2;0;0;0m▄[0m[38;2;33;30;39m▄[0m[38;2;35;35;40m[48;2;40;38;49m▀[0m[38;2;36;32;41m[48;2;42;42;50m▀[0m[38;2;44;44;54m[48;2;46;48;58m▀[0m[38;2;48;52;62m[48;2;48;52;62m▀[0m[38;2;49;54;64m[48;2;48;53;63m▀[0m[38;2;48;53;63m[48;2;48;53;63m▀[0m[38;2;49;54;64m[48;2;50;55;66m▀[0m[38;2;47;51;61m[48;2;49;53;63m▀[0m[38;2;39;39;48m[48;2;39;39;48m▀[0m[38;2;38;37;46m[48;2;37;36;45m▀[0m[38;2;46;49;59m[48;2;46;49;59m▀[0m[38;2;49;54;64m[48;2;49;54;64m▀[0m[38;2;48;53;63m[48;2;48;53;63m▀[0m[38;2;48;53;63m[48;2;48;53;63m▀[0m[38;2;48;53;63m[48;2;48;53;63m▀[0m[38;2;48;53;63m[48;2;48;53;63m▀[0m[38;2;48;53;63m[48;2;48;53;63m▀[0m[38;2;48;53;63m[48;2;48;53;63m▀[0m[38;2;48;53;63m[48;2;48;53;63m▀[0m[38;2;48;53;63m[48;2;48;53;63m▀[0m[38;2;48;53;63m[48;2;48;53;63m▀[0m[38;2;48;53;63m[48;2;48;53;63m▀[0m[38;2;48;53;63m[48;2;48;53;63m▀[0m[38;2;48;53;63m[48;2;48;53;63m▀[0m[38;2;48;53;63m[48;2;48;53;63m▀[0m[38;2;48;53;63m[48;2;48;53;63m▀[0m[38;2;48;53;63m[48;2;48;53;63m▀[0m[38;2;48;53;63m[48;2;48;53;63m▀[0m[38;2;48;53;63m[48;2;48;53;63m▀[0m[38;2;48;53;63m[48;2;48;53;63m▀[0m[38;2;48;53;63m[48;2;48;53;63m▀[0m[38;2;48;53;63m[48;2;48;53;63m▀[0m[38;2;48;53;63m[48;2;48;53;63m▀[0m[38;2;48;53;63m[48;2;48;53;63m▀[0m[38;2;48;53;63m[48;2;48;53;63m▀[0m[38;2;48;53;63m[48;2;48;53;63m▀[0m[38;2;48;53;63m[48;2;48;53;63m▀[0m[38;2;48;53;63m[48;2;48;53;63m▀[0m[38;2;48;53;63m[48;2;48;53;63m▀[0m[38;2;48;53;63m[48;2;48;53;63m▀[0m[38;2;48;53;63m[48;2;48;53;63m▀[0m[38;2;48;53;63m[48;2;48;53;63m▀[0m[38;2;48;53;63m[48;2;48;53;63m▀[0m[38;2;48;53;63m[48;2;48;53;63m▀[0m[38;2;49;54;64m[48;2;51;57;68m▀[0m[38;2;46;50;59m[48;2;50;54;65m▀[0m[38;2;27;29;33m[48;2;25;26;29m▀[0m[38;2;19;19;21m[48;2;13;13;13m▀[0m[38;2;39;42;49m[48;2;38;41;48m▀[0m[38;2;50;56;66m[48;2;52;58;69m▀[0m[38;2;49;54;64m[48;2;50;55;65m▀[0m[38;2;48;52;63m[48;2;46;51;61m▀[0m[38;2;48;53;64m[48;2;45;51;60m▀[0m[38;2;58;62;76m[48;2;56;61;74m▀[0m[38;2;71;73;92m[48;2;72;74;94m▀[0m[38;2;72;74;94m[48;2;73;74;95m▀[0m[38;2;71;73;92m[48;2;71;73;92m▀[0m[38;2;72;74;94m[48;2;75;78;98m▀[0m[38;2;65;66;83m[48;2;69;72;89m▀[0m[38;2;46;45;57m[48;2;48;47;59m▀[0m[38;2;33;30;39m[48;2;32;28;35m▀[0m[38;2;32;32;41m[48;2;22;22;33m▀[0m        
       [38;2;34;31;37m▄[0m[38;2;37;30;37m[48;2;39;36;45m▀[0m[38;2;36;33;42m[48;2;42;43;53m▀[0m[38;2;42;42;52m[48;2;48;51;61m▀[0m[38;2;47;51;61m[48;2;48;53;63m▀[0m[38;2;49;54;64m[48;2;49;54;64m▀[0m[38;2;48;53;63m[48;2;48;53;63m▀[0m[38;2;48;53;63m[48;2;50;55;66m▀[0m[38;2;48;53;63m[48;2;50;55;66m▀[0m[38;2;49;54;64m[48;2;37;40;47m▀[0m[38;2;47;51;61m[48;2;30;31;36m▀[0m[38;2;39;39;48m[48;2;38;40;48m▀[0m[38;2;38;37;46m[48;2;45;48;57m▀[0m[38;2;46;49;59m[48;2;48;52;62m▀[0m[38;2;49;54;64m[48;2;48;53;63m▀[0m[38;2;48;53;63m[48;2;48;53;63m▀[0m[38;2;48;53;63m[48;2;48;53;63m▀[0m[38;2;48;53;63m[48;2;48;53;63m▀[0m[38;2;48;53;63m[48;2;48;53;63m▀[0m[38;2;48;53;63m[48;2;48;53;63m▀[0m[38;2;48;53;63m[48;2;48;53;63m▀[0m[38;2;48;53;63m[48;2;48;53;63m▀[0m[38;2;48;53;63m[48;2;48;53;63m▀[0m[38;2;48;53;63m[48;2;48;53;63m▀[0m[38;2;48;53;63m[48;2;48;53;63m▀[0m[38;2;48;53;63m[48;2;48;53;63m▀[0m[38;2;48;53;63m[48;2;48;53;63m▀[0m[38;2;48;53;63m[48;2;48;53;63m▀[0m[38;2;48;53;63m[48;2;48;53;63m▀[0m[38;2;48;53;63m[48;2;48;53;63m▀[0m[38;2;48;53;63m[48;2;48;53;63m▀[0m[38;2;48;53;63m[48;2;48;53;63m▀[0m[38;2;48;53;63m[48;2;48;53;63m▀[0m[38;2;48;53;63m[48;2;48;53;63m▀[0m[38;2;48;53;63m[48;2;48;53;63m▀[0m[38;2;48;53;63m[48;2;48;53;63m▀[0m[38;2;48;53;63m[48;2;48;53;63m▀[0m[38;2;48;53;63m[48;2;48;53;63m▀[0m[38;2;48;53;63m[48;2;48;53;63m▀[0m[38;2;48;53;63m[48;2;48;53;63m▀[0m[38;2;48;53;63m[48;2;48;53;63m▀[0m[38;2;48;53;63m[48;2;48;53;63m▀[0m[38;2;48;53;63m[48;2;48;53;63m▀[0m[38;2;48;53;63m[48;2;48;53;63m▀[0m[38;2;48;53;63m[48;2;48;53;63m▀[0m[38;2;48;53;63m[48;2;48;53;63m▀[0m[38;2;48;53;63m[48;2;48;53;63m▀[0m[38;2;50;55;66m[48;2;49;54;64m▀[0m[38;2;48;52;62m[48;2;48;53;63m▀[0m[38;2;27;28;32m[48;2;40;44;51m▀[0m[38;2;17;17;18m[48;2;33;36;41m▀[0m[38;2;38;41;48m[48;2;29;31;35m▀[0m[38;2;50;56;66m[48;2;33;35;40m▀[0m[38;2;49;54;64m[48;2;45;49;58m▀[0m[38;2;47;52;62m[48;2;49;54;64m▀[0m[38;2;47;52;62m[48;2;48;53;63m▀[0m[38;2;57;61;75m[48;2;51;56;67m▀[0m[38;2;71;73;92m[48;2;58;62;75m▀[0m[38;2;72;74;94m[48;2;66;69;86m▀[0m[38;2;71;73;92m[48;2;73;75;95m▀[0m[38;2;73;76;96m[48;2;74;76;96m▀[0m[38;2;67;69;86m[48;2;71;72;92m▀[0m[38;2;47;46;58m[48;2;62;64;80m▀[0m[38;2;33;31;39m[48;2;52;52;65m▀[0m[38;2;30;30;38m[48;2;39;36;47m▀[0m[38;2;28;25;31m▄[0m       
     [38;2;28;28;28m[48;2;36;30;39m▀[0m[38;2;42;42;42m[48;2;37;35;43m▀[0m[38;2;36;35;42m[48;2;43;44;53m▀[0m[38;2;43;42;52m[48;2;48;51;61m▀[0m[38;2;47;51;61m[48;2;48;53;64m▀[0m[38;2;49;54;64m[48;2;48;54;64m▀[0m[38;2;48;53;63m[48;2;48;53;63m▀[0m[38;2;48;53;63m[48;2;49;55;66m▀[0m[38;2;48;53;63m[48;2;51;56;68m▀[0m[38;2;49;54;65m[48;2;40;44;51m▀[0m[38;2;46;49;59m[48;2;27;28;30m▀[0m[38;2;25;26;29m[48;2;16;16;16m▀[0m[38;2;16;16;16m[48;2;17;17;18m▀[0m[38;2;38;41;48m[48;2;39;42;49m▀[0m[38;2;51;57;67m[48;2;50;57;67m▀[0m[38;2;49;54;64m[48;2;49;54;64m▀[0m[38;2;48;53;63m[48;2;48;53;63m▀[0m[38;2;48;53;63m[48;2;48;53;63m▀[0m[38;2;48;53;63m[48;2;48;53;63m▀[0m[38;2;48;53;63m[48;2;48;53;63m▀[0m[38;2;48;53;63m[48;2;48;53;63m▀[0m[38;2;48;53;63m[48;2;48;53;63m▀[0m[38;2;48;53;63m[48;2;48;53;63m▀[0m[38;2;48;53;63m[48;2;48;53;63m▀[0m[38;2;48;53;63m[48;2;48;53;63m▀[0m[38;2;48;53;63m[48;2;48;53;63m▀[0m[38;2;48;53;63m[48;2;48;53;63m▀[0m[38;2;48;53;63m[48;2;48;53;63m▀[0m[38;2;48;53;63m[48;2;48;53;63m▀[0m[38;2;48;53;63m[48;2;48;53;63m▀[0m[38;2;48;53;63m[48;2;48;53;63m▀[0m[38;2;48;53;63m[48;2;48;53;63m▀[0m[38;2;48;53;63m[48;2;48;53;63m▀[0m[38;2;48;53;63m[48;2;48;53;63m▀[0m[38;2;48;53;63m[48;2;48;53;63m▀[0m[38;2;48;53;63m[48;2;48;53;63m▀[0m[38;2;48;53;63m[48;2;48;53;63m▀[0m[38;2;48;53;63m[48;2;48;53;63m▀[0m[38;2;48;53;63m[48;2;48;53;63m▀[0m[38;2;48;53;63m[48;2;48;53;63m▀[0m[38;2;48;53;63m[48;2;48;53;63m▀[0m[38;2;48;53;63m[48;2;48;53;63m▀[0m[38;2;48;53;63m[48;2;48;53;63m▀[0m[38;2;48;53;63m[48;2;48;53;63m▀[0m[38;2;48;53;63m[48;2;48;53;63m▀[0m[38;2;48;53;63m[48;2;48;53;63m▀[0m[38;2;48;53;63m[48;2;48;53;63m▀[0m[38;2;48;53;63m[48;2;48;53;63m▀[0m[38;2;48;53;63m[48;2;48;53;63m▀[0m[38;2;48;53;63m[48;2;48;53;63m▀[0m[38;2;48;53;63m[48;2;48;53;63m▀[0m[38;2;51;57;67m[48;2;51;57;67m▀[0m[38;2;46;51;61m[48;2;46;51;60m▀[0m[38;2;22;23;25m[48;2;21;22;23m▀[0m[38;2;19;18;19m[48;2;18;18;18m▀[0m[38;2;42;46;54m[48;2;44;48;56m▀[0m[38;2;50;56;66m[48;2;52;58;69m▀[0m[38;2;48;53;63m[48;2;48;53;63m▀[0m[38;2;47;52;61m[48;2;47;52;62m▀[0m[38;2;47;52;62m[48;2;47;52;62m▀[0m[38;2;59;63;76m[48;2;51;56;67m▀[0m[38;2;70;73;91m[48;2;55;59;72m▀[0m[38;2;70;72;91m[48;2;54;58;70m▀[0m[38;2;70;72;91m[48;2;57;61;75m▀[0m[38;2;74;77;96m[48;2;70;73;91m▀[0m[38;2;67;68;85m[48;2;74;75;95m▀[0m[38;2;48;46;58m[48;2;68;69;87m▀[0m[38;2;36;33;42m[48;2;55;54;68m▀[0m[38;2;42;34;42m[48;2;39;36;46m▀[0m[38;2;28;28;28m[48;2;30;27;33m▀[0m     
 [38;2;31;31;31m[48;2;35;29;41m▀[0m[38;2;33;33;40m[48;2;36;33;42m▀[0m[38;2;35;35;41m[48;2;38;35;44m▀[0m[38;2;35;35;41m[48;2;35;33;42m▀[0m[38;2;37;35;45m[48;2;42;43;51m▀[0m[38;2;43;42;52m[48;2;47;52;62m▀[0m[38;2;48;51;61m[48;2;48;54;64m▀[0m[38;2;49;55;65m[48;2;48;53;63m▀[0m[38;2;48;53;64m[48;2;48;53;63m▀[0m[38;2;48;53;63m[48;2;49;54;65m▀[0m[38;2;49;54;64m[48;2;52;57;68m▀[0m[38;2;48;53;63m[48;2;42;46;53m▀[0m[38;2;44;48;58m[48;2;25;26;29m▀[0m[38;2;29;32;35m[48;2;16;18;18m▀[0m[38;2;13;13;10m[48;2;10;10;10m▀[0m[38;2;10;9;8m[48;2;11;11;8m▀[0m[38;2;19;19;20m[48;2;19;20;21m▀[0m[38;2;39;42;50m[48;2;39;43;50m▀[0m[38;2;50;56;66m[48;2;50;56;66m▀[0m[38;2;49;54;64m[48;2;49;54;64m▀[0m[38;2;48;53;63m[48;2;48;53;63m▀[0m[38;2;48;53;63m[48;2;48;53;63m▀[0m[38;2;48;53;63m[48;2;48;53;63m▀[0m[38;2;48;53;63m[48;2;48;53;63m▀[0m[38;2;48;53;63m[48;2;48;53;63m▀[0m[38;2;48;53;63m[48;2;48;53;63m▀[0m[38;2;48;53;63m[48;2;48;53;63m▀[0m[38;2;48;53;63m[48;2;48;53;63m▀[0m[38;2;48;53;63m[48;2;48;53;63m▀[0m[38;2;48;53;63m[48;2;48;53;63m▀[0m[38;2;48;53;63m[48;2;48;53;63m▀[0m[38;2;48;53;63m[48;2;48;53;63m▀[0m[38;2;48;53;63m[48;2;48;53;63m▀[0m[38;2;48;53;63m[48;2;48;53;63m▀[0m[38;2;48;53;63m[48;2;48;53;63m▀[0m[38;2;48;53;63m[48;2;48;53;63m▀[0m[38;2;48;53;63m[48;2;48;53;63m▀[0m[38;2;48;53;63m[48;2;48;53;63m▀[0m[38;2;48;53;63m[48;2;48;53;63m▀[0m[38;2;48;53;63m[48;2;48;53;63m▀[0m[38;2;48;53;63m[48;2;48;53;63m▀[0m[38;2;48;53;63m[48;2;48;53;63m▀[0m[38;2;48;53;63m[48;2;48;53;63m▀[0m[38;2;48;53;63m[48;2;48;53;63m▀[0m[38;2;48;53;63m[48;2;48;53;63m▀[0m[38;2;48;53;63m[48;2;48;53;63m▀[0m[38;2;48;53;63m[48;2;48;53;63m▀[0m[38;2;48;53;63m[48;2;48;53;63m▀[0m[38;2;48;53;63m[48;2;48;53;63m▀[0m[38;2;48;53;63m[48;2;48;53;63m▀[0m[38;2;48;53;63m[48;2;48;53;63m▀[0m[38;2;48;53;63m[48;2;48;53;63m▀[0m[38;2;48;53;63m[48;2;48;53;63m▀[0m[38;2;48;53;63m[48;2;48;53;63m▀[0m[38;2;48;53;63m[48;2;48;53;63m▀[0m[38;2;50;56;66m[48;2;49;54;64m▀[0m[38;2;45;50;60m[48;2;47;52;61m▀[0m[38;2;26;27;30m[48;2;38;39;47m▀[0m[38;2;22;22;24m[48;2;30;28;34m▀[0m[38;2;38;41;48m[48;2;22;23;25m▀[0m[38;2;46;51;60m[48;2;30;32;36m▀[0m[38;2;48;53;63m[48;2;48;53;63m▀[0m[38;2;49;54;64m[48;2;51;57;68m▀[0m[38;2;48;53;63m[48;2;48;53;63m▀[0m[38;2;47;52;62m[48;2;48;53;62m▀[0m[38;2;46;52;61m[48;2;48;53;62m▀[0m[38;2;45;51;59m[48;2;47;52;62m▀[0m[38;2;49;54;65m[48;2;48;53;63m▀[0m[38;2;63;65;81m[48;2;51;56;67m▀[0m[38;2;70;72;91m[48;2;53;57;69m▀[0m[38;2;71;74;92m[48;2;53;58;70m▀[0m[38;2;61;63;78m[48;2;51;56;68m▀[0m[38;2;44;43;54m[48;2;47;52;62m▀[0m[38;2;35;34;41m[48;2;43;44;54m▀[0m[38;2;36;30;42m[48;2;36;32;42m▀[0m[38;2;34;34;34m[48;2;30;27;37m▀[0m   
[38;2;35;35;42m[48;2;36;33;41m▀[0m[38;2;38;36;46m[48;2;40;39;48m▀[0m[38;2;40;40;49m[48;2;46;50;59m▀[0m[38;2;45;45;54m[48;2;48;53;63m▀[0m[38;2;43;43;53m[48;2;47;52;62m▀[0m[38;2;46;49;59m[48;2;48;52;62m▀[0m[38;2;49;55;65m[48;2;48;53;63m▀[0m[38;2;49;55;65m[48;2;49;54;65m▀[0m[38;2;49;54;65m[48;2;50;55;66m▀[0m[38;2;50;55;66m[48;2;51;58;68m▀[0m[38;2;48;53;62m[48;2;43;47;56m▀[0m[38;2;43;47;55m[48;2;24;26;28m▀[0m[38;2;31;33;37m[48;2;15;15;15m▀[0m[38;2;15;15;15m[48;2;15;15;15m▀[0m[38;2;6;3;0m[48;2;0;0;0m▀[0m[38;2;0;0;0m▄[0m[38;2;11;11;9m[48;2;11;11;10m▀[0m[38;2;19;20;21m[48;2;19;20;21m▀[0m[38;2;39;43;50m[48;2;39;43;50m▀[0m[38;2;50;56;66m[48;2;50;56;66m▀[0m[38;2;49;54;64m[48;2;49;54;64m▀[0m[38;2;48;53;63m[48;2;48;53;63m▀[0m[38;2;48;53;63m[48;2;48;53;63m▀[0m[38;2;48;53;63m[48;2;48;53;63m▀[0m[38;2;48;53;63m[48;2;48;53;63m▀[0m[38;2;48;53;63m[48;2;48;53;63m▀[0m[38;2;48;53;63m[48;2;48;53;63m▀[0m[38;2;48;53;63m[48;2;48;53;63m▀[0m[38;2;48;53;63m[48;2;48;53;63m▀[0m[38;2;48;53;63m[48;2;48;53;63m▀[0m[38;2;48;53;63m[48;2;48;53;63m▀[0m[38;2;48;53;63m[48;2;48;53;63m▀[0m[38;2;48;53;63m[48;2;48;53;63m▀[0m[38;2;48;53;63m[48;2;48;53;63m▀[0m[38;2;48;53;63m[48;2;48;53;63m▀[0m[38;2;48;53;63m[48;2;48;53;63m▀[0m[38;2;48;53;63m[48;2;48;53;63m▀[0m[38;2;48;53;63m[48;2;48;53;63m▀[0m[38;2;48;53;63m[48;2;48;53;63m▀[0m[38;2;48;53;63m[48;2;48;53;63m▀[0m[38;2;48;53;63m[48;2;48;53;63m▀[0m[38;2;48;53;63m[48;2;48;53;63m▀[0m[38;2;48;53;63m[48;2;48;53;63m▀[0m[38;2;48;53;63m[48;2;48;53;63m▀[0m[38;2;48;53;63m[48;2;48;53;63m▀[0m[38;2;48;53;63m[48;2;48;53;63m▀[0m[38;2;48;53;63m[48;2;48;53;63m▀[0m[38;2;48;53;63m[48;2;48;53;63m▀[0m[38;2;48;53;63m[48;2;48;53;63m▀[0m[38;2;48;53;63m[48;2;48;53;63m▀[0m[38;2;48;53;63m[48;2;48;53;63m▀[0m[38;2;48;53;63m[48;2;48;53;63m▀[0m[38;2;48;53;63m[48;2;48;53;63m▀[0m[38;2;48;53;63m[48;2;48;53;63m▀[0m[38;2;48;53;63m[48;2;48;53;63m▀[0m[38;2;48;53;63m[48;2;48;53;63m▀[0m[38;2;48;53;63m[48;2;48;53;63m▀[0m[38;2;46;51;61m[48;2;46;51;61m▀[0m[38;2;43;43;54m[48;2;43;43;53m▀[0m[38;2;33;31;40m[48;2;35;32;42m▀[0m[38;2;16;14;14m[48;2;33;33;38m▀[0m[38;2;20;20;20m[48;2;10;10;6m▀[0m[38;2;36;40;46m[48;2;16;17;17m▀[0m[38;2;45;50;59m[48;2;33;35;40m▀[0m[38;2;49;54;64m[48;2;50;55;64m▀[0m[38;2;50;55;66m[48;2;52;57;68m▀[0m[38;2;49;54;65m[48;2;49;55;65m▀[0m[38;2;49;54;64m[48;2;49;54;64m▀[0m[38;2;48;53;63m[48;2;48;53;63m▀[0m[38;2;47;52;61m[48;2;48;53;63m▀[0m[38;2;46;51;61m[48;2;48;53;63m▀[0m[38;2;46;51;61m[48;2;48;53;63m▀[0m[38;2;47;53;63m[48;2;48;53;63m▀[0m[38;2;49;55;65m[48;2;48;53;63m▀[0m[38;2;48;51;62m[48;2;49;54;64m▀[0m[38;2;42;42;52m[48;2;47;52;62m▀[0m[38;2;38;38;48m[48;2;43;44;53m▀[0m[38;2;35;31;39m[48;2;36;32;42m▀[0m[38;2;39;19;39m[48;2;38;33;38m▀[0m 
[38;2;40;38;47m[48;2;36;34;42m▀[0m[38;2;44;44;54m[48;2;40;40;49m▀[0m[38;2;50;54;65m[48;2;47;51;61m▀[0m[38;2;51;57;68m[48;2;49;54;64m▀[0m[38;2;50;56;67m[48;2;48;53;63m▀[0m[38;2;51;56;67m[48;2;50;55;66m▀[0m[38;2;49;54;65m[48;2;47;51;61m▀[0m[38;2;41;44;52m[48;2;27;29;33m▀[0m[38;2;35;38;44m[48;2;15;15;14m▀[0m[38;2;37;41;47m[48;2;17;17;17m▀[0m[38;2;30;33;38m[48;2;15;15;16m▀[0m[38;2;16;18;18m[48;2;14;14;14m▀[0m[38;2;8;5;2m[48;2;0;0;0m▀[0m  [38;2;0;0;0m[48;2;0;0;0m▀[0m[38;2;11;11;10m[48;2;11;11;10m▀[0m[38;2;19;20;21m[48;2;19;20;21m▀[0m[38;2;39;43;50m[48;2;39;43;50m▀[0m[38;2;50;56;66m[48;2;50;56;66m▀[0m[38;2;49;54;64m[48;2;49;54;64m▀[0m[38;2;48;53;63m[48;2;48;53;63m▀[0m[38;2;48;53;63m[48;2;48;53;63m▀[0m[38;2;48;53;63m[48;2;48;53;63m▀[0m[38;2;48;53;63m[48;2;48;53;63m▀[0m[38;2;48;53;63m[48;2;48;53;63m▀[0m[38;2;48;53;63m[48;2;48;53;63m▀[0m[38;2;48;53;63m[48;2;48;53;63m▀[0m[38;2;48;53;63m[48;2;48;53;63m▀[0m[38;2;48;53;63m[48;2;48;53;63m▀[0m[38;2;48;53;63m[48;2;48;53;63m▀[0m[38;2;48;53;63m[48;2;48;53;63m▀[0m[38;2;48;53;63m[48;2;48;53;63m▀[0m[38;2;48;53;63m[48;2;48;53;63m▀[0m[38;2;48;53;63m[48;2;48;53;63m▀[0m[38;2;48;53;63m[48;2;48;53;63m▀[0m[38;2;48;53;63m[48;2;48;53;63m▀[0m[38;2;48;53;63m[48;2;48;53;63m▀[0m[38;2;48;53;63m[48;2;48;53;63m▀[0m[38;2;48;53;63m[48;2;48;53;63m▀[0m[38;2;48;53;63m[48;2;48;53;63m▀[0m[38;2;48;53;63m[48;2;48;53;63m▀[0m[38;2;48;53;63m[48;2;48;53;63m▀[0m[38;2;48;53;63m[48;2;48;53;63m▀[0m[38;2;48;53;63m[48;2;48;53;63m▀[0m[38;2;48;53;63m[48;2;48;53;63m▀[0m[38;2;48;53;63m[48;2;48;53;63m▀[0m[38;2;48;53;63m[48;2;48;53;63m▀[0m[38;2;48;53;63m[48;2;48;53;63m▀[0m[38;2;48;53;63m[48;2;48;53;63m▀[0m[38;2;48;53;63m[48;2;48;53;63m▀[0m[38;2;48;53;63m[48;2;48;53;63m▀[0m[38;2;48;53;63m[48;2;48;53;63m▀[0m[38;2;48;53;63m[48;2;48;53;63m▀[0m[38;2;48;53;62m[48;2;47;52;61m▀[0m[38;2;48;53;63m[48;2;48;53;63m▀[0m[38;2;55;60;72m[48;2;64;68;84m▀[0m[38;2;56;60;73m[48;2;69;71;90m▀[0m[38;2;46;46;57m[48;2;50;49;62m▀[0m[38;2;35;32;42m[48;2;34;31;40m▀[0m[38;2;67;53;80m[48;2;34;28;39m▀[0m[38;2;0;0;0m[48;2;0;0;0m▀[0m[38;2;9;9;7m[48;2;0;0;0m▀[0m[38;2;25;25;28m[48;2;16;16;16m▀[0m[38;2;36;39;44m[48;2;17;17;17m▀[0m[38;2;37;40;46m[48;2;16;16;15m▀[0m[38;2;36;40;45m[48;2;17;19;19m▀[0m[38;2;45;49;58m[48;2;37;40;48m▀[0m[38;2;51;56;67m[48;2;50;55;66m▀[0m[38;2;50;55;66m[48;2;49;54;64m▀[0m[38;2;49;54;65m[48;2;48;53;63m▀[0m[38;2;48;53;63m[48;2;48;53;63m▀[0m[38;2;48;53;63m[48;2;48;53;63m▀[0m[38;2;48;53;63m[48;2;48;53;63m▀[0m[38;2;49;54;64m[48;2;48;53;63m▀[0m[38;2;49;54;64m[48;2;48;53;63m▀[0m[38;2;48;51;61m[48;2;49;54;64m▀[0m[38;2;41;41;51m[48;2;47;51;61m▀[0m[38;2;39;37;46m[48;2;40;40;49m▀[0m[38;2;36;34;41m[48;2;36;34;42m▀[0m
[38;2;37;34;41m▀[0m[38;2;33;33;40m[48;2;13;13;8m▀[0m[38;2;31;33;37m[48;2;15;15;15m▀[0m[38;2;33;35;40m[48;2;15;15;14m▀[0m[38;2;32;34;39m[48;2;14;14;13m▀[0m[38;2;33;36;41m[48;2;15;15;14m▀[0m[38;2;31;32;37m[48;2;14;14;14m▀[0m[38;2;22;23;25m[48;2;16;16;16m▀[0m[38;2;8;8;6m▀[0m[38;2;10;10;8m▀[0m[38;2;11;11;8m▀[0m[38;2;0;0;0m▀[0m   [38;2;0;0;0m[48;2;0;0;0m▀[0m[38;2;11;11;9m[48;2;12;12;10m▀[0m[38;2;20;21;22m[48;2;18;19;20m▀[0m[38;2;41;45;53m[48;2;37;41;48m▀[0m[38;2;52;58;69m[48;2;49;54;64m▀[0m[38;2;49;54;65m[48;2;49;54;64m▀[0m[38;2;48;53;63m[48;2;48;53;63m▀[0m[38;2;48;53;63m[48;2;48;53;63m▀[0m[38;2;48;53;63m[48;2;48;53;63m▀[0m[38;2;48;53;63m[48;2;48;53;63m▀[0m[38;2;48;53;63m[48;2;48;53;63m▀[0m[38;2;48;53;63m[48;2;48;53;63m▀[0m[38;2;48;53;63m[48;2;48;53;63m▀[0m[38;2;48;53;63m[48;2;48;53;63m▀[0m[38;2;48;53;63m[48;2;48;53;63m▀[0m[38;2;48;53;63m[48;2;48;53;63m▀[0m[38;2;48;53;63m[48;2;48;53;63m▀[0m[38;2;48;53;63m[48;2;48;53;63m▀[0m[38;2;48;53;63m[48;2;48;53;63m▀[0m[38;2;48;53;63m[48;2;48;53;63m▀[0m[38;2;48;53;63m[48;2;48;53;63m▀[0m[38;2;48;53;63m[48;2;48;53;63m▀[0m[38;2;48;53;63m[48;2;48;53;63m▀[0m[38;2;48;53;63m[48;2;48;53;63m▀[0m[38;2;48;53;63m[48;2;48;53;63m▀[0m[38;2;48;53;63m[48;2;48;53;63m▀[0m[38;2;48;53;63m[48;2;48;53;63m▀[0m[38;2;48;53;63m[48;2;48;53;63m▀[0m[38;2;48;53;63m[48;2;48;53;63m▀[0m[38;2;48;53;63m[48;2;48;53;63m▀[0m[38;2;48;53;63m[48;2;48;53;63m▀[0m[38;2;48;53;63m[48;2;48;53;63m▀[0m[38;2;48;53;63m[48;2;48;53;63m▀[0m[38;2;48;53;63m[48;2;48;53;63m▀[0m[38;2;48;53;63m[48;2;48;53;63m▀[0m[38;2;48;53;63m[48;2;48;53;63m▀[0m[38;2;48;53;63m[48;2;48;53;63m▀[0m[38;2;48;53;63m[48;2;48;53;63m▀[0m[38;2;48;53;63m[48;2;48;53;63m▀[0m[38;2;47;52;61m[48;2;47;52;61m▀[0m[38;2;48;53;63m[48;2;48;53;63m▀[0m[38;2;60;65;81m[48;2;67;71;87m▀[0m[38;2;64;66;86m[48;2;74;76;95m▀[0m[38;2;48;47;61m[48;2;52;51;64m▀[0m[38;2;34;31;40m[48;2;34;31;40m▀[0m[38;2;33;27;38m[48;2;34;28;39m▀[0m  [38;2;13;13;13m▀[0m[38;2;10;10;10m▀[0m[38;2;10;10;6m▀[0m[38;2;14;14;12m[48;2;0;0;0m▀[0m[38;2;25;28;31m[48;2;14;13;13m▀[0m[38;2;33;35;40m[48;2;15;14;13m▀[0m[38;2;31;33;37m[48;2;12;12;10m▀[0m[38;2;36;39;45m[48;2;21;23;26m▀[0m[38;2;48;53;63m[48;2;42;46;55m▀[0m[38;2;51;57;68m[48;2;48;54;64m▀[0m[38;2;50;55;66m[48;2;46;51;61m▀[0m[38;2;50;55;66m[48;2;46;51;61m▀[0m[38;2;50;55;66m[48;2;46;51;61m▀[0m[38;2;51;57;68m[48;2;47;52;62m▀[0m[38;2;50;55;65m[48;2;45;49;59m▀[0m[38;2;44;44;54m[48;2;39;39;48m▀[0m[38;2;40;38;47m[48;2;35;33;42m▀[0m
 [38;2;0;0;0m▀[0m[38;2;13;10;10m▀[0m[38;2;12;12;12m▀[0m[38;2;12;12;9m▀[0m[38;2;12;12;12m▀[0m[38;2;12;9;9m▀[0m[38;2;11;11;11m▀[0m       [38;2;0;0;0m▀[0m[38;2;10;10;10m▀[0m[38;2;18;18;20m[48;2;0;0;0m▀[0m[38;2;23;24;27m[48;2;10;10;7m▀[0m[38;2;32;35;39m[48;2;21;22;22m▀[0m[38;2;45;49;58m[48;2;43;47;54m▀[0m[38;2;49;55;65m[48;2;50;56;66m▀[0m[38;2;48;53;63m[48;2;48;53;63m▀[0m[38;2;48;53;63m[48;2;48;53;63m▀[0m[38;2;48;53;63m[48;2;48;53;63m▀[0m[38;2;48;53;63m[48;2;48;53;63m▀[0m[38;2;48;53;63m[48;2;48;53;63m▀[0m[38;2;48;53;63m[48;2;48;53;63m▀[0m[38;2;48;53;63m[48;2;48;53;63m▀[0m[38;2;48;53;63m[48;2;48;53;63m▀[0m[38;2;48;53;63m[48;2;48;53;63m▀[0m[38;2;48;53;63m[48;2;48;53;63m▀[0m[38;2;48;53;63m[48;2;48;53;63m▀[0m[38;2;48;53;63m[48;2;48;53;63m▀[0m[38;2;48;53;63m[48;2;48;53;63m▀[0m[38;2;48;53;63m[48;2;48;53;63m▀[0m[38;2;48;53;63m[48;2;48;53;63m▀[0m[38;2;48;53;63m[48;2;48;53;63m▀[0m[38;2;48;53;63m[48;2;48;53;63m▀[0m[38;2;48;53;63m[48;2;48;53;63m▀[0m[38;2;48;53;63m[48;2;48;53;63m▀[0m[38;2;48;53;63m[48;2;48;53;63m▀[0m[38;2;48;53;63m[48;2;48;53;63m▀[0m[38;2;48;53;63m[48;2;48;53;63m▀[0m[38;2;48;53;63m[48;2;48;53;63m▀[0m[38;2;48;53;63m[48;2;48;53;63m▀[0m[38;2;48;53;63m[48;2;48;53;63m▀[0m[38;2;48;53;63m[48;2;48;53;63m▀[0m[38;2;48;53;63m[48;2;48;53;63m▀[0m[38;2;48;53;63m[48;2;48;53;63m▀[0m[38;2;48;53;63m[48;2;48;53;63m▀[0m[38;2;48;53;63m[48;2;48;53;63m▀[0m[38;2;48;53;63m[48;2;48;53;63m▀[0m[38;2;48;53;63m[48;2;48;53;63m▀[0m[38;2;42;47;57m[48;2;42;46;57m▀[0m[38;2;48;53;62m[48;2;52;57;68m▀[0m[38;2;107;110;124m[48;2;135;136;150m▀[0m[38;2;134;133;150m[48;2;172;169;184m▀[0m[38;2;72;70;82m[48;2;85;82;94m▀[0m[38;2;27;26;35m[48;2;25;24;32m▀[0m[38;2;28;22;34m[48;2;22;22;28m▀[0m      [38;2;10;10;10m▀[0m[38;2;12;12;9m▀[0m[38;2;9;9;6m▀[0m[38;2;19;19;19m[48;2;13;13;13m▀[0m[38;2;25;26;29m[48;2;13;13;12m▀[0m[38;2;29;31;35m[48;2;15;14;14m▀[0m[38;2;28;29;33m[48;2;14;12;12m▀[0m[38;2;28;29;33m[48;2;14;12;12m▀[0m[38;2;28;29;33m[48;2;14;12;12m▀[0m[38;2;29;30;34m[48;2;15;14;14m▀[0m[38;2;27;28;31m[48;2;14;14;12m▀[0m[38;2;30;30;35m[48;2;5;5;5m▀[0m[38;2;36;33;42m▀[0m
                 [38;2;17;17;17m[48;2;11;11;11m▀[0m[38;2;11;11;9m[48;2;12;12;10m▀[0m[38;2;22;23;24m[48;2;24;25;26m▀[0m[38;2;43;47;55m[48;2;44;48;56m▀[0m[38;2;50;56;66m[48;2;51;57;67m▀[0m[38;2;48;53;63m[48;2;48;53;63m▀[0m[38;2;48;53;63m[48;2;48;53;63m▀[0m[38;2;48;53;63m[48;2;48;53;63m▀[0m[38;2;48;53;63m[48;2;48;53;63m▀[0m[38;2;48;53;63m[48;2;48;53;63m▀[0m[38;2;48;53;63m[48;2;48;53;63m▀[0m[38;2;48;53;63m[48;2;48;53;63m▀[0m[38;2;48;53;63m[48;2;48;53;63m▀[0m[38;2;48;53;63m[48;2;48;53;63m▀[0m[38;2;48;53;63m[48;2;48;53;63m▀[0m[38;2;48;53;63m[48;2;48;53;63m▀[0m[38;2;48;53;63m[48;2;48;53;63m▀[0m[38;2;48;53;63m[48;2;48;53;63m▀[0m[38;2;48;53;63m[48;2;48;53;63m▀[0m[38;2;48;53;63m[48;2;48;53;63m▀[0m[38;2;48;53;63m[48;2;48;53;63m▀[0m[38;2;48;53;63m[48;2;48;53;63m▀[0m[38;2;48;53;63m[48;2;48;53;63m▀[0m[38;2;48;53;63m[48;2;48;53;63m▀[0m[38;2;48;53;63m[48;2;48;53;63m▀[0m[38;2;48;53;63m[48;2;48;53;63m▀[0m[38;2;48;53;63m[48;2;48;53;63m▀[0m[38;2;48;53;63m[48;2;48;53;63m▀[0m[38;2;48;53;63m[48;2;48;53;63m▀[0m[38;2;48;53;63m[48;2;48;53;63m▀[0m[38;2;48;53;63m[48;2;48;53;63m▀[0m[38;2;48;53;63m[48;2;48;53;63m▀[0m[38;2;48;53;63m[48;2;48;53;63m▀[0m[38;2;48;53;63m[48;2;48;53;63m▀[0m[38;2;48;53;63m[48;2;48;53;63m▀[0m[38;2;47;52;62m[48;2;46;51;61m▀[0m[38;2;47;52;62m[48;2;45;51;60m▀[0m[38;2;47;51;64m[48;2;67;70;84m▀[0m[38;2;61;64;81m[48;2;100;100;120m▀[0m[38;2;137;137;155m[48;2;156;153;173m▀[0m[38;2;168;165;181m[48;2;167;164;180m▀[0m[38;2;83;80;92m[48;2;83;80;92m▀[0m[38;2;25;24;32m[48;2;25;24;32m▀[0m[38;2;22;22;28m[48;2;22;22;27m▀[0m         [38;2;0;0;0m▀[0m[38;2;11;11;11m▀[0m[38;2;14;14;9m▀[0m[38;2;14;9;9m▀[0m[38;2;14;9;9m▀[0m[38;2;14;9;9m▀[0m[38;2;14;14;9m▀[0m[38;2;10;10;10m▀[0m[38;2;0;0;0m▀[0m 
                 [38;2;11;11;11m[48;2;19;19;19m▀[0m[38;2;11;11;10m[48;2;13;13;11m▀[0m[38;2;24;25;26m[48;2;21;23;23m▀[0m[38;2;45;49;57m[48;2;33;35;40m▀[0m[38;2;51;58;68m[48;2;41;45;53m▀[0m[38;2;48;53;63m[48;2;47;52;61m▀[0m[38;2;48;53;63m[48;2;49;54;64m▀[0m[38;2;48;53;63m[48;2;48;53;63m▀[0m[38;2;48;53;63m[48;2;48;53;63m▀[0m[38;2;48;53;63m[48;2;48;53;63m▀[0m[38;2;48;53;63m[48;2;48;53;63m▀[0m[38;2;48;53;63m[48;2;48;53;63m▀[0m[38;2;48;53;63m[48;2;48;53;63m▀[0m[38;2;48;53;63m[48;2;48;53;63m▀[0m[38;2;48;53;63m[48;2;48;53;63m▀[0m[38;2;48;53;63m[48;2;48;53;63m▀[0m[38;2;48;53;63m[48;2;48;53;63m▀[0m[38;2;48;53;63m[48;2;48;53;63m▀[0m[38;2;48;53;63m[48;2;48;53;63m▀[0m[38;2;48;53;63m[48;2;48;53;63m▀[0m[38;2;48;53;63m[48;2;48;53;63m▀[0m[38;2;48;53;63m[48;2;48;53;63m▀[0m[38;2;48;53;63m[48;2;48;53;63m▀[0m[38;2;48;53;63m[48;2;48;53;63m▀[0m[38;2;48;53;63m[48;2;48;53;63m▀[0m[38;2;48;53;63m[48;2;48;53;63m▀[0m[38;2;48;53;63m[48;2;48;53;63m▀[0m[38;2;48;53;63m[48;2;48;53;63m▀[0m[38;2;48;53;63m[48;2;48;53;63m▀[0m[38;2;48;53;63m[48;2;48;53;63m▀[0m[38;2;48;53;63m[48;2;48;53;63m▀[0m[38;2;48;53;63m[48;2;48;53;63m▀[0m[38;2;48;53;63m[48;2;48;53;63m▀[0m[38;2;48;53;63m[48;2;48;53;63m▀[0m[38;2;48;53;63m[48;2;48;53;62m▀[0m[38;2;43;48;58m[48;2;44;49;60m▀[0m[38;2;43;48;58m[48;2;48;52;65m▀[0m[38;2;99;101;114m[48;2;113;113;129m▀[0m[38;2;163;159;177m[48;2;178;174;191m▀[0m[38;2;186;182;200m[48;2;167;164;183m▀[0m[38;2;166;163;179m[48;2;128;126;145m▀[0m[38;2;82;79;92m[48;2;75;75;87m▀[0m[38;2;25;24;32m[48;2;25;23;33m▀[0m[38;2;21;21;27m[48;2;18;18;27m▀[0m                   
                 [38;2;0;0;0m▀[0m[38;2;0;0;0m▀[0m[38;2;15;15;15m[48;2;7;7;7m▀[0m[38;2;14;14;13m[48;2;11;10;9m▀[0m[38;2;27;29;32m[48;2;26;27;30m▀[0m[38;2;45;50;59m[48;2;46;51;60m▀[0m[38;2;50;56;66m[48;2;51;57;67m▀[0m[38;2;48;53;63m[48;2;48;53;63m▀[0m[38;2;48;53;63m[48;2;48;53;63m▀[0m[38;2;48;53;63m[48;2;48;53;63m▀[0m[38;2;48;53;63m[48;2;48;53;63m▀[0m[38;2;48;53;63m[48;2;48;53;63m▀[0m[38;2;48;53;63m[48;2;48;53;63m▀[0m[38;2;48;53;63m[48;2;48;53;63m▀[0m[38;2;48;53;63m[48;2;48;53;63m▀[0m[38;2;48;53;63m[48;2;48;53;63m▀[0m[38;2;48;53;63m[48;2;48;53;63m▀[0m[38;2;48;53;63m[48;2;48;53;63m▀[0m[38;2;48;53;63m[48;2;48;53;63m▀[0m[38;2;48;53;63m[48;2;48;53;63m▀[0m[38;2;48;53;63m[48;2;48;53;63m▀[0m[38;2;48;53;63m[48;2;48;53;63m▀[0m[38;2;48;53;63m[48;2;48;53;63m▀[0m[38;2;48;53;63m[48;2;48;53;63m▀[0m[38;2;48;53;63m[48;2;48;53;63m▀[0m[38;2;48;53;63m[48;2;48;53;63m▀[0m[38;2;48;53;63m[48;2;48;53;63m▀[0m[38;2;48;53;63m[48;2;48;53;63m▀[0m[38;2;48;53;63m[48;2;48;53;63m▀[0m[38;2;48;53;63m[48;2;48;53;63m▀[0m[38;2;48;53;63m[48;2;48;53;63m▀[0m[38;2;48;53;63m[48;2;48;53;63m▀[0m[38;2;48;53;63m[48;2;49;54;64m▀[0m[38;2;47;52;62m[48;2;44;49;59m▀[0m[38;2;47;52;61m[48;2;37;42;51m▀[0m[38;2;51;55;68m[48;2;64;67;80m▀[0m[38;2;64;67;85m[48;2;113;112;131m▀[0m[38;2;123;122;141m[48;2;166;164;181m▀[0m[38;2;170;167;185m[48;2;187;185;198m▀[0m[38;2;124;124;143m[48;2;105;104;116m▀[0m[38;2;69;71;91m[48;2;28;29;39m▀[0m[38;2;62;65;81m[48;2;20;20;28m▀[0m[38;2;51;51;51m▀[0m[38;2;0;0;0m▀[0m                   
                   [38;2;11;11;11m[48;2;15;15;15m▀[0m[38;2;13;13;12m[48;2;13;13;13m▀[0m[38;2;25;27;30m[48;2;29;29;35m▀[0m[38;2;45;49;58m[48;2;41;41;50m▀[0m[38;2;50;56;66m[48;2;47;50;60m▀[0m[38;2;48;53;63m[48;2;48;53;63m▀[0m[38;2;48;53;63m[48;2;49;54;63m▀[0m[38;2;48;53;63m[48;2;48;53;63m▀[0m[38;2;48;53;63m[48;2;48;53;63m▀[0m[38;2;48;53;63m[48;2;48;53;63m▀[0m[38;2;48;53;63m[48;2;48;53;63m▀[0m[38;2;48;53;63m[48;2;48;53;63m▀[0m[38;2;48;53;63m[48;2;48;53;63m▀[0m[38;2;48;53;63m[48;2;48;53;63m▀[0m[38;2;48;53;63m[48;2;48;53;63m▀[0m[38;2;48;53;63m[48;2;48;53;63m▀[0m[38;2;48;53;63m[48;2;48;53;63m▀[0m[38;2;48;53;63m[48;2;48;53;63m▀[0m[38;2;48;53;63m[48;2;48;53;63m▀[0m[38;2;48;53;63m[48;2;48;53;63m▀[0m[38;2;48;53;63m[48;2;48;53;63m▀[0m[38;2;48;53;63m[48;2;48;53;63m▀[0m[38;2;48;53;63m[48;2;48;53;63m▀[0m[38;2;48;53;63m[48;2;48;53;63m▀[0m[38;2;48;53;63m[48;2;48;53;63m▀[0m[38;2;48;53;63m[48;2;48;53;63m▀[0m[38;2;48;53;63m[48;2;48;53;63m▀[0m[38;2;48;53;63m[48;2;48;53;63m▀[0m[38;2;48;53;63m[48;2;48;53;63m▀[0m[38;2;48;53;63m[48;2;47;52;61m▀[0m[38;2;48;53;63m[48;2;41;47;56m▀[0m[38;2;46;51;61m[48;2;61;65;76m▀[0m[38;2;45;49;60m[48;2;108;108;123m▀[0m[38;2;94;96;109m[48;2;164;163;176m▀[0m[38;2;170;167;183m[48;2;222;220;227m▀[0m[38;2;213;210;223m[48;2;248;247;251m▀[0m[38;2;211;209;217m[48;2;249;248;250m▀[0m[38;2;98;97;101m[48;2;113;113;113m▀[0m[38;2;3;3;3m[48;2;1;1;1m▀[0m[38;2;0;0;0m[48;2;0;0;0m▀[0m                     
                     [38;2;32;28;41m[48;2;15;15;18m▀[0m[38;2;32;30;38m[48;2;18;18;19m▀[0m[38;2;42;43;52m[48;2;34;35;41m▀[0m[38;2;48;53;63m[48;2;49;54;64m▀[0m[38;2;49;54;64m[48;2;49;55;65m▀[0m[38;2;48;53;63m[48;2;46;51;61m▀[0m[38;2;48;53;63m[48;2;46;51;61m▀[0m[38;2;48;53;63m[48;2;46;52;61m▀[0m[38;2;48;53;63m[48;2;46;51;61m▀[0m[38;2;48;53;63m[48;2;47;52;61m▀[0m[38;2;48;53;63m[48;2;48;53;63m▀[0m[38;2;48;53;63m[48;2;48;53;63m▀[0m[38;2;48;53;63m[48;2;48;53;63m▀[0m[38;2;48;53;63m[48;2;48;53;63m▀[0m[38;2;48;53;63m[48;2;48;53;63m▀[0m[38;2;48;53;63m[48;2;48;53;63m▀[0m[38;2;48;53;63m[48;2;48;53;63m▀[0m[38;2;48;53;63m[48;2;48;53;63m▀[0m[38;2;48;53;63m[48;2;48;53;63m▀[0m[38;2;48;53;63m[48;2;48;53;63m▀[0m[38;2;48;53;63m[48;2;48;53;63m▀[0m[38;2;48;53;63m[48;2;48;53;63m▀[0m[38;2;48;53;63m[48;2;48;53;63m▀[0m[38;2;48;53;63m[48;2;48;53;63m▀[0m[38;2;48;53;63m[48;2;48;53;63m▀[0m[38;2;48;53;63m[48;2;48;53;63m▀[0m[38;2;48;53;63m[48;2;48;54;63m▀[0m[38;2;46;52;61m[48;2;48;54;64m▀[0m[38;2;40;45;55m[48;2;46;50;65m▀[0m[38;2;78;81;94m[48;2;91;92;109m▀[0m[38;2;161;158;175m[48;2;180;177;191m▀[0m[38;2;219;216;227m[48;2;237;235;241m▀[0m[38;2;255;254;254m[48;2;255;255;255m▀[0m[38;2;248;248;249m[48;2;195;195;203m▀[0m[38;2;230;230;232m[48;2;112;113;129m▀[0m[38;2;110;110;111m[48;2;76;76;89m▀[0m[38;2;3;3;3m[48;2;4;4;4m▀[0m[38;2;0;0;0m[48;2;0;0;0m▀[0m                     
                     [38;2;10;10;6m[48;2;10;10;10m▀[0m[38;2;11;11;10m[48;2;14;14;11m▀[0m[38;2;27;28;31m[48;2;23;22;25m▀[0m[38;2;44;48;56m[48;2;35;34;43m▀[0m[38;2;51;55;67m[48;2;54;55;69m▀[0m[38;2;53;58;70m[48;2;69;71;90m▀[0m[38;2;53;58;70m[48;2;69;72;90m▀[0m[38;2;53;58;70m[48;2;68;70;88m▀[0m[38;2;54;58;70m[48;2;70;71;90m▀[0m[38;2;52;56;68m[48;2;63;66;82m▀[0m[38;2;48;53;63m[48;2;49;55;65m▀[0m[38;2;47;52;62m[48;2;45;51;59m▀[0m[38;2;47;52;62m[48;2;47;52;61m▀[0m[38;2;48;53;63m[48;2;47;52;62m▀[0m[38;2;48;53;63m[48;2;48;53;63m▀[0m[38;2;48;53;63m[48;2;48;53;63m▀[0m[38;2;48;53;63m[48;2;48;53;63m▀[0m[38;2;48;53;63m[48;2;48;53;63m▀[0m[38;2;48;53;63m[48;2;48;53;63m▀[0m[38;2;48;53;63m[48;2;48;53;63m▀[0m[38;2;48;53;63m[48;2;48;53;63m▀[0m[38;2;48;53;63m[48;2;48;53;63m▀[0m[38;2;48;53;63m[48;2;48;53;63m▀[0m[38;2;48;53;63m[48;2;48;53;63m▀[0m[38;2;49;54;64m[48;2;50;55;65m▀[0m[38;2;48;53;63m[48;2;47;53;63m▀[0m[38;2;40;45;54m[48;2;27;28;37m▀[0m[38;2;46;50;61m[48;2;44;43;53m▀[0m[38;2;74;75;93m[48;2;122;120;136m▀[0m[38;2;128;127;145m[48;2;188;186;201m▀[0m[38;2;205;203;212m[48;2;237;237;240m▀[0m[38;2;248;247;249m[48;2;254;254;254m▀[0m[38;2;255;255;255m[48;2;255;255;255m▀[0m[38;2;168;169;180m[48;2;172;173;184m▀[0m[38;2;56;59;80m[48;2;69;71;93m▀[0m[38;2;35;38;65m[48;2;47;50;75m▀[0m                       
                     [38;2;20;20;24m[48;2;31;31;38m▀[0m[38;2;21;21;23m[48;2;33;31;40m▀[0m[38;2;34;33;40m[48;2;52;52;65m▀[0m[38;2;47;46;58m[48;2;70;71;89m▀[0m[38;2;62;63;80m[48;2;72;74;94m▀[0m[38;2;73;75;96m[48;2;71;73;92m▀[0m[38;2;73;76;96m[48;2;71;73;92m▀[0m[38;2;73;74;94m[48;2;71;73;92m▀[0m[38;2;74;75;96m[48;2;71;73;92m▀[0m[38;2;69;71;89m[48;2;71;73;92m▀[0m[38;2;58;62;76m[48;2;70;72;91m▀[0m[38;2;55;60;72m[48;2;71;73;92m▀[0m[38;2;56;60;74m[48;2;71;73;92m▀[0m[38;2;52;56;68m[48;2;59;63;77m▀[0m[38;2;47;52;62m[48;2;47;52;62m▀[0m[38;2;47;52;62m[48;2;47;52;61m▀[0m[38;2;48;53;63m[48;2;48;53;63m▀[0m[38;2;48;53;63m[48;2;48;53;63m▀[0m[38;2;48;53;63m[48;2;48;53;63m▀[0m[38;2;48;53;63m[48;2;48;53;63m▀[0m[38;2;48;53;63m[48;2;48;53;63m▀[0m[38;2;48;53;63m[48;2;48;53;63m▀[0m[38;2;49;54;65m[48;2;50;55;65m▀[0m[38;2;49;55;65m[48;2;49;54;64m▀[0m[38;2;41;45;54m[48;2;32;34;43m▀[0m[38;2;40;42;52m[48;2;39;37;46m▀[0m[38;2;60;59;69m[48;2;119;116;129m▀[0m[38;2;97;94;106m[48;2;173;170;188m▀[0m[38;2;152;149;165m[48;2;168;165;183m▀[0m[38;2;203;201;214m[48;2;191;188;201m▀[0m[38;2;248;248;248m[48;2;243;242;244m▀[0m[38;2;255;255;255m[48;2;255;255;255m▀[0m[38;2;255;255;255m[48;2;255;255;255m▀[0m[38;2;167;168;174m[48;2;147;147;148m▀[0m[38;2;49;51;63m[48;2;16;16;17m▀[0m[38;2;28;30;44m[48;2;2;2;2m▀[0m                       
                     [38;2;31;31;38m[48;2;31;31;38m▀[0m[38;2;35;33;43m[48;2;34;32;41m▀[0m[38;2;55;55;70m[48;2;53;53;67m▀[0m[38;2;73;76;94m[48;2;71;73;91m▀[0m[38;2;74;76;97m[48;2;73;75;95m▀[0m[38;2;71;73;92m[48;2;71;73;92m▀[0m[38;2;71;73;92m[48;2;71;73;92m▀[0m[38;2;71;73;92m[48;2;71;73;92m▀[0m[38;2;71;73;92m[48;2;71;73;92m▀[0m[38;2;71;73;92m[48;2;71;73;92m▀[0m[38;2;72;74;94m[48;2;71;73;92m▀[0m[38;2;73;75;95m[48;2;71;73;92m▀[0m[38;2;73;75;94m[48;2;71;73;92m▀[0m[38;2;67;70;87m[48;2;72;74;94m▀[0m[38;2;59;63;77m[48;2;71;73;93m▀[0m[38;2;52;56;68m[48;2;57;61;75m▀[0m[38;2;48;53;63m[48;2;47;52;62m▀[0m[38;2;48;53;63m[48;2;47;52;62m▀[0m[38;2;48;53;63m[48;2;48;53;63m▀[0m[38;2;48;53;63m[48;2;48;53;63m▀[0m[38;2;49;55;65m[48;2;49;54;65m▀[0m[38;2;51;57;67m[48;2;49;54;64m▀[0m[38;2;35;40;47m[48;2;28;30;35m▀[0m[38;2;23;26;30m[48;2;18;17;18m▀[0m[38;2;57;58;65m[48;2;99;98;106m▀[0m[38;2;107;103;117m[48;2;178;175;192m▀[0m[38;2;156;153;169m[48;2;179;176;193m▀[0m[38;2;183;179;198m[48;2;171;167;185m▀[0m[38;2;171;168;186m[48;2;168;165;183m▀[0m[38;2;188;185;199m[48;2;185;182;198m▀[0m[38;2;232;230;236m[48;2;216;213;224m▀[0m[38;2;204;204;207m[48;2;144;143;149m▀[0m[38;2;145;145;145m[48;2;21;21;22m▀[0m[38;2;93;93;91m[48;2;0;0;0m▀[0m[38;2;5;5;3m▀[0m[38;2;0;0;0m▀[0m                       
                   [38;2;63;0;63m▄[0m[38;2;36;36;36m▄[0m[38;2;25;25;29m[48;2;36;36;44m▀[0m[38;2;31;29;37m[48;2;38;36;46m▀[0m[38;2;52;51;65m[48;2;55;55;70m▀[0m[38;2;71;73;91m[48;2;71;73;91m▀[0m[38;2;73;75;95m[48;2;73;75;95m▀[0m[38;2;71;73;92m[48;2;71;73;92m▀[0m[38;2;71;73;92m[48;2;71;73;92m▀[0m[38;2;71;73;92m[48;2;71;73;92m▀[0m[38;2;71;73;92m[48;2;71;73;92m▀[0m[38;2;71;73;92m[48;2;71;73;92m▀[0m[38;2;71;73;92m[48;2;71;73;92m▀[0m[38;2;71;73;92m[48;2;71;73;92m▀[0m[38;2;71;73;92m[48;2;72;74;93m▀[0m[38;2;73;75;96m[48;2;71;73;93m▀[0m[38;2;74;75;96m[48;2;69;71;90m▀[0m[38;2;58;62;76m[48;2;56;61;74m▀[0m[38;2;47;52;62m[48;2;47;52;62m▀[0m[38;2;49;54;64m[48;2;45;50;59m▀[0m[38;2;51;57;67m[48;2;46;50;59m▀[0m[38;2;52;58;69m[48;2;46;52;61m▀[0m[38;2;40;44;53m[48;2;32;35;42m▀[0m[38;2;23;25;28m[48;2;14;15;16m▀[0m[38;2;54;53;58m[48;2;83;81;89m▀[0m[38;2;107;105;115m[48;2;177;174;192m▀[0m[38;2;151;148;162m[48;2;184;181;199m▀[0m[38;2;180;177;194m[48;2;171;168;185m▀[0m[38;2;176;173;191m[48;2;171;168;185m▀[0m[38;2;171;167;184m[48;2;171;168;185m▀[0m[38;2;169;166;183m[48;2;172;169;186m▀[0m[38;2;181;178;196m[48;2;171;168;185m▀[0m[38;2;203;200;217m[48;2;164;161;178m▀[0m[38;2;132;130;140m[48;2;108;106;117m▀[0m[38;2;15;14;15m[48;2;24;23;24m▀[0m[38;2;0;0;0m[48;2;0;0;0m▀[0m                         
                   [38;2;30;30;38m[48;2;29;23;35m▀[0m[38;2;34;31;39m[48;2;33;30;38m▀[0m[38;2;46;46;59m[48;2;51;50;64m▀[0m[38;2;60;60;76m[48;2;70;73;91m▀[0m[38;2;68;70;88m[48;2;74;78;97m▀[0m[38;2;71;73;92m[48;2;71;73;92m▀[0m[38;2;72;74;93m[48;2;71;73;92m▀[0m[38;2;71;73;92m[48;2;71;73;92m▀[0m[38;2;71;73;92m[48;2;72;74;93m▀[0m[38;2;71;73;92m[48;2;72;74;94m▀[0m[38;2;71;73;92m[48;2;72;74;94m▀[0m[38;2;71;73;92m[48;2;73;75;94m▀[0m[38;2;71;73;92m[48;2;73;75;95m▀[0m[38;2;73;75;95m[48;2;67;69;88m▀[0m[38;2;76;78;98m[48;2;56;59;77m▀[0m[38;2;67;70;87m[48;2;45;49;62m▀[0m[38;2;56;61;74m[48;2;38;43;50m▀[0m[38;2;53;59;71m[48;2;41;47;54m▀[0m[38;2;48;53;63m[48;2;39;43;50m▀[0m[38;2;32;35;39m[48;2;23;24;25m▀[0m[38;2;23;24;26m[48;2;10;8;6m▀[0m[38;2;23;24;26m[48;2;8;7;5m▀[0m[38;2;30;31;37m[48;2;30;31;37m▀[0m[38;2;47;49;61m[48;2;67;69;87m▀[0m[38;2;107;107;122m[48;2;122;122;142m▀[0m[38;2;175;172;189m[48;2;174;171;188m▀[0m[38;2;181;177;195m[48;2;179;176;193m▀[0m[38;2;171;168;185m[48;2;171;168;185m▀[0m[38;2;171;168;185m[48;2;171;168;185m▀[0m[38;2;172;170;186m[48;2;173;170;187m▀[0m[38;2;179;176;194m[48;2;183;180;198m▀[0m[38;2;146;143;158m[48;2;132;130;144m▀[0m[38;2;73;72;79m[48;2;23;23;27m▀[0m[38;2;40;40;44m[48;2;0;0;0m▀[0m[38;2;20;20;20m▀[0m[38;2;0;0;0m▀[0m                         
                 [38;2;36;36;36m▄[0m[38;2;35;30;43m▄[0m[38;2;31;23;31m[48;2;45;43;54m▀[0m[38;2;31;29;36m[48;2;47;46;59m▀[0m[38;2;48;47;60m[48;2;59;59;75m▀[0m[38;2;68;70;89m[48;2;71;73;92m▀[0m[38;2;73;77;96m[48;2;75;77;97m▀[0m[38;2;71;73;92m[48;2;73;75;95m▀[0m[38;2;71;73;92m[48;2;75;77;97m▀[0m[38;2;71;73;92m[48;2;72;74;94m▀[0m[38;2;73;75;95m[48;2;55;59;76m▀[0m[38;2;75;77;97m[48;2;44;48;64m▀[0m[38;2;75;77;97m[48;2;45;49;65m▀[0m[38;2;77;79;99m[48;2;44;49;66m▀[0m[38;2;78;80;102m[48;2;43;48;68m▀[0m[38;2;52;54;72m[48;2;63;60;55m▀[0m[38;2;12;16;26m[48;2;90;75;36m▀[0m[38;2;6;10;16m[48;2;73;56;30m▀[0m[38;2;14;17;20m[48;2;42;28;27m▀[0m[38;2;20;22;24m[48;2;21;16;17m▀[0m[38;2;20;21;23m[48;2;6;8;8m▀[0m[38;2;19;19;19m[48;2;7;7;7m▀[0m[38;2;6;6;6m▀[0m[38;2;6;6;6m▀[0m[38;2;48;51;63m[48;2;77;77;106m▀[0m[38;2;65;67;87m[48;2;66;67;87m▀[0m[38;2;125;125;145m[48;2;98;98;113m▀[0m[38;2;180;177;195m[48;2;120;118;130m▀[0m[38;2;182;179;196m[48;2;151;150;167m▀[0m[38;2;171;168;185m[48;2;171;171;191m▀[0m[38;2;171;168;185m[48;2;171;171;192m▀[0m[38;2;173;170;187m[48;2;170;170;191m▀[0m[38;2;183;180;197m[48;2;176;177;201m▀[0m[38;2;132;130;146m[48;2;150;144;154m▀[0m[38;2;23;26;34m[48;2;93;73;54m▀[0m[38;2;0;0;0m[48;2;75;49;24m▀[0m[38;2;104;70;59m▄[0m[38;2;108;71;68m▄[0m[38;2;103;66;59m▄[0m[38;2;103;56;56m▄[0m                       
                 [38;2;38;38;38m[48;2;21;21;21m▀[0m[38;2;34;31;40m[48;2;24;23;28m▀[0m[38;2;47;45;56m[48;2;37;35;42m▀[0m[38;2;66;67;85m[48;2;47;48;58m▀[0m[38;2;75;77;97m[48;2;51;52;63m▀[0m[38;2;73;75;95m[48;2;47;49;59m▀[0m[38;2;73;75;95m[48;2;47;48;59m▀[0m[38;2;73;75;95m[48;2;47;48;59m▀[0m[38;2;78;79;100m[48;2;39;44;58m▀[0m[38;2;70;72;92m[48;2;43;45;54m▀[0m[38;2;33;36;45m[48;2;87;66;44m▀[0m[38;2;8;11;13m[48;2;117;79;36m▀[0m[38;2;10;12;16m[48;2;114;78;37m▀[0m[38;2;5;10;17m[48;2;106;73;36m▀[0m[38;2;0;4;15m[48;2;98;67;32m▀[0m[38;2;97;82;42m[48;2;160;116;52m▀[0m[38;2;236;190;82m[48;2;252;189;83m▀[0m[38;2;203;154;82m[48;2;247;186;89m▀[0m[38;2;110;70;60m[48;2;196;147;80m▀[0m[38;2;85;52;52m[48;2;177;127;79m▀[0m[38;2;0;0;0m[48;2;131;84;69m▀[0m[38;2;0;0;0m[48;2;119;71;71m▀[0m  [38;2;63;63;63m▀[0m[38;2;72;72;91m▀[0m[38;2;15;15;18m[48;2;0;0;0m▀[0m[38;2;23;23;24m[48;2;0;0;0m▀[0m[38;2;103;103;114m[48;2;99;83;72m▀[0m[38;2;174;174;194m[48;2;196;162;137m▀[0m[38;2;176;176;196m[48;2;199;165;138m▀[0m[38;2;169;169;191m[48;2;189;157;133m▀[0m[38;2;167;172;198m[48;2;187;158;137m▀[0m[38;2;179;163;161m[48;2;200;157;119m▀[0m[38;2;203;144;82m[48;2;225;156;80m▀[0m[38;2;176;115;56m[48;2;208;137;67m▀[0m[38;2;122;82;64m[48;2;171;113;70m▀[0m[38;2;119;78;69m[48;2;184;130;78m▀[0m[38;2;117;77;63m[48;2;189;141;80m▀[0m[38;2;116;74;63m[48;2;152;109;69m▀[0m[38;2;99;59;59m▄[0m[38;2;110;66;66m▄[0m[38;2;105;63;60m▄[0m[38;2;63;31;63m▄[0m                   
                 [38;2;12;12;12m[48;2;0;0;0m▀[0m[38;2;15;15;15m[48;2;13;13;13m▀[0m[38;2;17;17;17m[48;2;14;14;11m▀[0m[38;2;16;16;15m[48;2;9;9;7m▀[0m[38;2;16;16;15m[48;2;9;7;4m▀[0m[38;2;16;16;15m[48;2;9;9;7m▀[0m[38;2;16;16;15m[48;2;9;9;7m▀[0m[38;2;16;16;15m[48;2;9;9;7m▀[0m[38;2;3;8;13m[48;2;57;40;34m▀[0m[38;2;25;22;18m[48;2;88;60;46m▀[0m[38;2;145;100;51m[48;2;104;73;45m▀[0m[38;2;225;152;72m[48;2;111;78;41m▀[0m[38;2;218;148;70m[48;2;105;75;39m▀[0m[38;2;213;144;69m[48;2;127;88;49m▀[0m[38;2;214;144;69m[48;2;171;116;70m▀[0m[38;2;211;141;68m[48;2;179;119;75m▀[0m[38;2;211;141;68m[48;2;167;110;70m▀[0m[38;2;240;179;80m[48;2;187;132;78m▀[0m[38;2;254;203;89m[48;2;192;144;80m▀[0m[38;2;188;140;80m[48;2;165;119;73m▀[0m[38;2;115;75;63m[48;2;114;75;62m▀[0m[38;2;108;66;62m[48;2;112;67;67m▀[0m  [38;2;109;72;60m▄[0m[38;2;255;0;0m[48;2;116;76;63m▀[0m[38;2;2;2;9m[48;2;136;91;59m▀[0m[38;2;14;15;15m[48;2;142;98;50m▀[0m[38;2;123;85;45m[48;2;193;130;60m▀[0m[38;2;219;148;70m[48;2;231;153;67m▀[0m[38;2;222;150;70m[48;2;233;154;67m▀[0m[38;2;213;144;68m[48;2;229;152;66m▀[0m[38;2;213;144;68m[48;2;229;151;66m▀[0m[38;2;213;144;68m[48;2;228;151;67m▀[0m[38;2;213;144;69m[48;2;225;150;71m▀[0m[38;2;211;141;68m[48;2;237;167;77m▀[0m[38;2;213;143;68m[48;2;255;192;85m▀[0m[38;2;242;180;80m[48;2;255;212;90m▀[0m[38;2;255;204;89m[48;2;255;219;92m▀[0m[38;2;180;136;76m[48;2;239;189;88m▀[0m[38;2;120;78;65m[48;2;213;164;84m▀[0m[38;2;129;85;70m[48;2;217;173;87m▀[0m[38;2;122;81;64m[48;2;197;150;78m▀[0m[38;2;124;86;65m[48;2;153;108;73m▀[0m[38;2;0;0;0m[48;2;108;67;62m▀[0m[38;2;106;63;63m▄[0m                 
                         [38;2;149;99;77m[48;2;170;108;85m▀[0m[38;2;126;85;67m[48;2;133;88;70m▀[0m[38;2;53;39;34m[48;2;48;33;33m▀[0m[38;2;0;4;8m[48;2;0;0;3m▀[0m[38;2;0;2;7m[48;2;0;0;3m▀[0m[38;2;32;25;25m[48;2;18;18;22m▀[0m[38;2;103;70;58m[48;2;96;66;59m▀[0m[38;2;126;83;68m[48;2;121;81;70m▀[0m[38;2;118;78;64m[48;2;110;73;66m▀[0m[38;2;124;82;68m[48;2;118;77;66m▀[0m[38;2;115;76;62m[48;2;105;67;63m▀[0m[38;2;115;72;60m[48;2;99;55;55m▀[0m    [38;2;114;73;63m[48;2;129;85;68m▀[0m[38;2;118;79;64m[48;2;125;83;66m▀[0m[38;2;169;114;72m[48;2;115;79;58m▀[0m[38;2;205;138;67m[48;2;77;56;33m▀[0m[38;2;205;139;65m[48;2;70;51;29m▀[0m[38;2;196;133;64m[48;2;69;51;30m▀[0m[38;2;196;133;64m[48;2;69;51;30m▀[0m[38;2;196;133;65m[48;2;69;51;30m▀[0m[38;2;196;133;65m[48;2;69;51;30m▀[0m[38;2;196;131;64m[48;2;69;50;30m▀[0m[38;2;194;129;64m[48;2;69;50;30m▀[0m[38;2;211;153;71m[48;2;70;55;31m▀[0m[38;2;235;188;83m[48;2;80;67;35m▀[0m[38;2;240;196;86m[48;2;118;92;53m▀[0m[38;2;244;194;87m[48;2;160;116;72m▀[0m[38;2;248;197;88m[48;2;166;120;74m▀[0m[38;2;250;201;88m[48;2;163;120;72m▀[0m[38;2;250;208;90m[48;2;163;122;73m▀[0m[38;2;231;181;86m[48;2;159;115;73m▀[0m[38;2;159;112;76m[48;2;142;97;72m▀[0m[38;2;110;69;63m[48;2;119;77;63m▀[0m[38;2;104;69;57m[48;2;115;81;57m▀[0m                 
                                         [38;2;139;90;69m▀[0m[38;2;129;85;67m▀[0m[38;2;81;57;48m▀[0m[38;2;1;7;13m▀[0m[38;2;0;1;8m▀[0m[38;2;0;6;12m▀[0m[38;2;0;6;12m▀[0m[38;2;0;6;12m▀[0m[38;2;0;6;12m▀[0m[38;2;0;6;12m▀[0m[38;2;0;6;12m▀[0m[38;2;0;1;9m▀[0m[38;2;0;0;8m▀[0m[38;2;51;34;35m▀[0m[38;2;113;73;64m▀[0m[38;2;119;75;66m▀[0m[38;2;112;72;63m▀[0m[38;2;112;71;63m▀[0m[38;2;116;76;64m▀[0m[38;2;129;86;69m▀[0m[38;2;124;82;64m▀[0m[38;2;121;85;60m▀[0m                 
[0m