                                       [38;2;88;49;90m▄[0m[38;2;97;57;106m[48;2;150;93;181m▀[0m[38;2;98;57;105m[48;2;152;95;185m▀[0m[38;2;87;50;91m▄[0m                                     
                                       [38;2;0;0;0m[48;2;0;0;0m▀[0m[38;2;94;60;121m[48;2;75;43;90m▀[0m[38;2;158;98;192m[48;2;182;111;228m▀[0m[38;2;87;50;91m[48;2;150;93;182m▀[0m[38;2;88;50;90m▄[0m                                    
                                       [38;2;0;0;0m[48;2;0;0;0m▀[0m[38;2;75;43;90m[48;2;77;44;93m▀[0m[38;2;178;108;221m[48;2;165;94;199m▀[0m[38;2;186;120;240m[48;2;167;102;208m▀[0m[38;2;149;92;181m[48;2;186;120;240m▀[0m[38;2;87;51;91m[48;2;150;93;183m▀[0m[38;2;88;49;90m▄[0m                                  
                                       [38;2;90;53;96m▀[0m[38;2;133;77;154m[48;2;0;0;0m▀[0m[38;2;160;92;194m[48;2;74;43;90m▀[0m[38;2;155;89;187m[48;2;166;96;202m▀[0m[38;2;167;101;207m[48;2;155;89;187m▀[0m[38;2;186;120;240m[48;2;166;101;207m▀[0m[38;2;146;91;179m[48;2;182;117;233m▀[0m[38;2;97;56;103m[48;2;178;116;233m▀[0m[38;2;97;56;105m[48;2;193;108;205m▀[0m[38;2;215;97;159m▄[0m[38;2;223;102;171m▄[0m[38;2;212;98;164m▄[0m                             
                                        [38;2;0;0;0m▀[0m[38;2;74;43;90m[48;2;0;0;0m▀[0m[38;2;166;96;202m[48;2;72;41;87m▀[0m[38;2;156;90;189m[48;2;167;96;202m▀[0m[38;2;156;90;189m[48;2;156;90;189m▀[0m[38;2;155;89;187m[48;2;156;90;189m▀[0m[38;2;162;99;207m[48;2;153;90;190m▀[0m[38;2;207;126;220m[48;2;178;93;179m▀[0m[38;2;251;141;195m[48;2;216;97;161m▀[0m[38;2;247;141;198m[48;2;225;112;176m▀[0m[38;2;235;125;186m[48;2;248;142;199m▀[0m[38;2;211;95;162m[48;2;246;139;197m▀[0m[38;2;221;102;170m[48;2;247;141;198m▀[0m[38;2;212;97;164m[48;2;236;127;187m▀[0m[38;2;211;95;162m▄[0m[38;2;220;101;169m▄[0m[38;2;213;97;164m▄[0m                       
                                          [38;2;0;0;0m▀[0m[38;2;69;40;84m[48;2;0;0;0m▀[0m[38;2;167;96;202m[48;2;39;23;41m▀[0m[38;2;156;90;189m[48;2;129;75;148m▀[0m[38;2;153;90;190m[48;2;160;92;195m▀[0m[38;2;178;93;179m[48;2;153;90;190m▀[0m[38;2;217;99;162m[48;2;177;93;180m▀[0m[38;2;213;98;164m[48;2;217;99;162m▀[0m[38;2;213;98;164m[48;2;213;98;164m▀[0m[38;2;212;96;163m[48;2;213;98;164m▀[0m[38;2;223;111;174m[48;2;213;98;164m▀[0m[38;2;248;142;199m[48;2;213;98;164m▀[0m[38;2;246;139;197m[48;2;212;97;163m▀[0m[38;2;247;140;198m[48;2;222;108;172m▀[0m[38;2;238;129;189m[48;2;248;150;201m▀[0m[38;2;217;98;166m[48;2;246;175;206m▀[0m[38;2;212;97;163m[48;2;246;165;203m▀[0m[38;2;252;140;201m▄[0m[38;2;246;139;196m▄[0m                   
                                             [38;2;110;64;120m▀[0m[38;2;66;38;71m▀[0m[38;2;0;0;0m▀[0m[38;2;78;36;60m[48;2;0;0;0m▀[0m[38;2;229;105;176m[48;2;0;0;0m▀[0m[38;2;213;98;164m[48;2;0;0;0m▀[0m[38;2;213;98;164m[48;2;0;0;0m▀[0m[38;2;213;98;164m[48;2;66;30;51m▀[0m[38;2;213;98;164m[48;2;229;105;176m▀[0m[38;2;213;98;164m[48;2;213;98;164m▀[0m[38;2;212;97;163m[48;2;213;98;164m▀[0m[38;2;221;107;172m[48;2;213;98;164m▀[0m[38;2;248;150;201m[48;2;212;97;163m▀[0m[38;2;246;173;205m[48;2;220;106;171m▀[0m[38;2;248;181;209m[48;2;248;148;201m▀[0m[38;2;255;197;223m[48;2;248;182;209m▀[0m[38;2;245;133;194m[48;2;255;198;223m▀[0m[38;2;245;134;195m▄[0m                 
                                                    [38;2;0;0;0m▀[0m[38;2;0;0;0m▀[0m[38;2;0;0;0m▀[0m[38;2;0;0;0m▀[0m[38;2;0;0;0m▀[0m[38;2;0;0;0m▀[0m[38;2;47;21;36m[48;2;0;0;0m▀[0m[38;2;235;113;182m[48;2;0;0;0m▀[0m[38;2;248;148;200m[48;2;41;18;31m▀[0m[38;2;248;182;209m[48;2;233;118;182m▀[0m[38;2;255;199;223m[48;2;250;184;211m▀[0m[38;2;245;134;194m[48;2;255;199;222m▀[0m[38;2;245;134;195m▄[0m               
                                                       [38;2;210;97;161m▄[0m[38;2;229;105;176m▄[0m[38;2;213;98;164m▄[0m[38;2;213;98;164m▄[0m[38;2;213;98;164m▄[0m[38;2;0;0;0m[48;2;218;100;168m▀[0m[38;2;45;31;37m[48;2;169;76;130m▀[0m[38;2;255;189;222m[48;2;28;22;24m▀[0m[38;2;255;208;224m[48;2;255;188;221m▀[0m[38;2;255;197;221m[48;2;255;208;223m▀[0m[38;2;245;133;195m[48;2;255;198;221m▀[0m[38;2;244;134;194m▄[0m             
      [38;2;97;56;106m▄[0m[38;2;98;57;106m▄[0m[38;2;102;59;110m▄[0m[38;2;102;51;102m▄[0m                                        [38;2;213;97;163m▄[0m[38;2;227;102;174m▄[0m[38;2;213;96;164m[48;2;223;121;177m▀[0m[38;2;229;105;176m[48;2;248;177;208m▀[0m[38;2;212;95;163m[48;2;246;172;205m▀[0m[38;2;222;118;175m[48;2;246;172;205m▀[0m[38;2;248;177;208m[48;2;246;172;205m▀[0m[38;2;246;172;205m[48;2;246;172;205m▀[0m[38;2;246;172;205m[48;2;246;172;205m▀[0m[38;2;246;172;205m[48;2;246;172;205m▀[0m[38;2;246;172;205m[48;2;246;172;205m▀[0m[38;2;246;172;205m[48;2;246;172;205m▀[0m[38;2;246;172;205m[48;2;246;172;205m▀[0m[38;2;246;171;205m[48;2;246;172;205m▀[0m[38;2;248;178;208m[48;2;246;172;205m▀[0m[38;2;253;194;217m[48;2;248;178;208m▀[0m[38;2;210;91;160m[48;2;253;195;218m▀[0m[38;2;210;90;160m▄[0m            
   [38;2;96;55;103m▄[0m[38;2;98;56;106m[48;2;177;113;226m▀[0m[38;2;96;55;103m[48;2;180;115;230m▀[0m[38;2;176;112;224m[48;2;180;115;230m▀[0m[38;2;180;115;230m[48;2;180;115;230m▀[0m[38;2;183;117;235m[48;2;180;115;230m▀[0m[38;2;109;64;121m[48;2;184;118;236m▀[0m[38;2;88;55;99m[48;2;110;65;122m▀[0m[38;2;91;51;91m▄[0m                                   [38;2;208;93;158m▄[0m[38;2;211;97;162m[48;2;241;119;188m▀[0m[38;2;227;102;174m[48;2;248;154;202m▀[0m[38;2;224;123;178m[48;2;246;176;206m▀[0m[38;2;248;177;208m[48;2;246;161;202m▀[0m[38;2;246;172;205m[48;2;247;138;198m▀[0m[38;2;246;172;205m[48;2;236;127;187m▀[0m[38;2;246;173;205m[48;2;211;95;162m▀[0m[38;2;246;163;203m[48;2;213;98;164m▀[0m[38;2;247;138;197m[48;2;213;98;164m▀[0m[38;2;238;129;189m[48;2;213;98;164m▀[0m[38;2;211;95;162m[48;2;213;98;164m▀[0m[38;2;213;98;164m[48;2;213;98;164m▀[0m[38;2;213;98;164m[48;2;213;98;164m▀[0m[38;2;213;98;164m[48;2;213;98;164m▀[0m[38;2;212;97;163m[48;2;213;98;164m▀[0m[38;2;218;104;169m[48;2;213;98;164m▀[0m[38;2;248;146;200m[48;2;213;97;164m▀[0m[38;2;246;174;205m[48;2;217;103;168m▀[0m[38;2;248;177;208m[48;2;248;145;200m▀[0m[38;2;253;196;218m[48;2;248;179;208m▀[0m[38;2;210;92;160m[48;2;247;196;221m▀[0m[38;2;150;83;187m▄[0m          
 [38;2;0;0;0m▄[0m[38;2;0;0;0m[48;2;153;88;186m▀[0m[38;2;176;113;225m[48;2;156;90;189m▀[0m[38;2;157;91;191m[48;2;156;90;189m▀[0m[38;2;156;90;189m[48;2;156;90;189m▀[0m[38;2;156;90;189m[48;2;156;90;189m▀[0m[38;2;155;89;187m[48;2;156;90;189m▀[0m[38;2;178;113;227m[48;2;155;89;187m▀[0m[38;2;184;118;236m[48;2;178;113;227m▀[0m[38;2;110;65;122m[48;2;184;118;236m▀[0m[38;2;91;51;91m[48;2;111;66;124m▀[0m[38;2;91;54;91m▄[0m                                [38;2;209;89;158m▄[0m[38;2;207;87;157m[48;2;241;134;192m▀[0m[38;2;241;133;191m[48;2;248;179;208m▀[0m[38;2;248;179;208m[48;2;248;162;204m▀[0m[38;2;247;162;204m[48;2;234;122;185m▀[0m[38;2;235;123;185m[48;2;211;95;162m▀[0m[38;2;211;95;162m[48;2;213;98;164m▀[0m[38;2;213;98;164m[48;2;213;98;164m▀[0m[38;2;213;98;164m[48;2;213;98;164m▀[0m[38;2;213;98;164m[48;2;213;98;164m▀[0m[38;2;213;98;164m[48;2;213;98;164m▀[0m[38;2;213;98;164m[48;2;213;98;164m▀[0m[38;2;213;98;164m[48;2;213;98;164m▀[0m[38;2;213;98;164m[48;2;213;98;164m▀[0m[38;2;213;98;164m[48;2;213;98;164m▀[0m[38;2;213;98;164m[48;2;213;98;164m▀[0m[38;2;213;98;164m[48;2;213;98;164m▀[0m[38;2;213;98;164m[48;2;213;98;164m▀[0m[38;2;213;98;164m[48;2;214;98;165m▀[0m[38;2;213;98;164m[48;2;206;96;155m▀[0m[38;2;213;97;164m[48;2;124;63;73m▀[0m[38;2;220;105;170m[48;2;0;0;0m▀[0m[38;2;218;125;175m[48;2;27;15;22m▀[0m[38;2;10;3;7m[48;2;255;151;210m▀[0m[38;2;225;103;172m[48;2;224;158;187m▀[0m[38;2;0;0;0m▄[0m         
[38;2;98;57;106m▄[0m[38;2;0;0;0m[48;2;155;90;188m▀[0m[38;2;153;88;186m[48;2;156;90;189m▀[0m[38;2;156;90;189m[48;2;156;90;189m▀[0m[38;2;156;90;189m[48;2;156;90;189m▀[0m[38;2;156;90;189m[48;2;156;90;189m▀[0m[38;2;156;90;189m[48;2;156;90;189m▀[0m[38;2;156;90;189m[48;2;156;90;189m▀[0m[38;2;156;90;189m[48;2;156;90;189m▀[0m[38;2;155;89;187m[48;2;155;89;187m▀[0m[38;2;182;116;232m[48;2;182;116;232m▀[0m[38;2;112;66;124m[48;2;112;66;124m▀[0m[38;2;91;54;91m[48;2;91;54;91m▀[0m                              [38;2;134;64;76m▄[0m[38;2;134;60;74m[48;2;200;105;142m▀[0m[38;2;199;120;144m[48;2;255;161;210m▀[0m[38;2;255;183;215m[48;2;233;145;189m▀[0m[38;2;233;144;189m[48;2;211;93;161m▀[0m[38;2;211;93;161m[48;2;213;98;164m▀[0m[38;2;213;98;164m[48;2;213;98;164m▀[0m[38;2;213;98;164m[48;2;213;98;164m▀[0m[38;2;213;98;164m[48;2;213;98;164m▀[0m[38;2;213;98;164m[48;2;213;98;164m▀[0m[38;2;213;98;164m[48;2;213;98;164m▀[0m[38;2;213;98;164m[48;2;213;98;164m▀[0m[38;2;213;98;164m[48;2;213;98;164m▀[0m[38;2;213;98;164m[48;2;213;98;164m▀[0m[38;2;213;98;164m[48;2;213;98;164m▀[0m[38;2;213;98;164m[48;2;213;98;164m▀[0m[38;2;213;98;164m[48;2;213;98;164m▀[0m[38;2;213;98;164m[48;2;213;98;164m▀[0m[38;2;213;98;164m[48;2;213;98;164m▀[0m[38;2;214;98;165m[48;2;214;98;165m▀[0m[38;2;202;92;151m[48;2;202;92;151m▀[0m[38;2;151;88;96m[48;2;155;92;100m▀[0m[38;2;216;206;189m[48;2;178;167;151m▀[0m[38;2;254;253;252m[48;2;20;22;22m▀[0m[38;2;179;164;148m[48;2;255;251;255m▀[0m[38;2;0;0;0m[48;2;214;94;162m▀[0m[38;2;21;9;16m[48;2;248;145;200m▀[0m[38;2;223;103;172m[48;2;245;168;203m▀[0m[38;2;211;94;162m▄[0m        
[38;2;0;0;0m[48;2;0;0;0m▀[0m[38;2;154;89;187m[48;2;154;89;187m▀[0m[38;2;156;90;189m[48;2;156;90;189m▀[0m[38;2;156;90;189m[48;2;156;90;189m▀[0m[38;2;156;90;189m[48;2;156;90;189m▀[0m[38;2;156;90;189m[48;2;156;90;189m▀[0m[38;2;156;90;189m[48;2;156;90;189m▀[0m[38;2;156;90;189m[48;2;156;90;189m▀[0m[38;2;156;90;189m[48;2;156;90;189m▀[0m[38;2;156;90;189m[48;2;163;94;198m▀[0m[38;2;159;92;193m[48;2;7;4;12m▀[0m[38;2;109;63;120m[48;2;132;66;79m▀[0m[38;2;91;54;100m[48;2;150;75;91m▀[0m[38;2;157;78;95m▄[0m[38;2;150;75;90m▄[0m                           [38;2;138;71;79m[48;2;138;71;79m▀[0m[38;2;185;87;127m[48;2;187;90;129m▀[0m[38;2;233;120;185m[48;2;217;100;169m▀[0m[38;2;235;125;186m[48;2;213;98;164m▀[0m[38;2;211;95;162m[48;2;213;98;164m▀[0m[38;2;213;98;164m[48;2;213;98;164m▀[0m[38;2;213;98;164m[48;2;213;98;164m▀[0m[38;2;213;98;164m[48;2;213;98;164m▀[0m[38;2;213;98;164m[48;2;213;98;164m▀[0m[38;2;213;98;164m[48;2;213;98;164m▀[0m[38;2;213;98;164m[48;2;213;98;164m▀[0m[38;2;213;98;164m[48;2;213;98;164m▀[0m[38;2;213;98;164m[48;2;213;98;164m▀[0m[38;2;213;98;164m[48;2;213;98;164m▀[0m[38;2;213;98;164m[48;2;213;98;164m▀[0m[38;2;213;98;164m[48;2;213;98;164m▀[0m[38;2;213;98;164m[48;2;213;98;164m▀[0m[38;2;213;98;164m[48;2;213;98;164m▀[0m[38;2;213;98;164m[48;2;213;98;164m▀[0m[38;2;214;98;166m[48;2;214;98;166m▀[0m[38;2;201;92;150m[48;2;201;92;150m▀[0m[38;2;156;94;101m[48;2;156;94;101m▀[0m[38;2;175;165;148m[48;2;176;166;149m▀[0m[38;2;25;26;27m[48;2;18;16;15m▀[0m[38;2;236;236;236m[48;2;189;174;158m▀[0m[38;2;15;16;16m[48;2;18;20;20m▀[0m[38;2;255;249;251m[48;2;255;250;251m▀[0m[38;2;152;74;92m[48;2;151;71;91m▀[0m[38;2;249;171;208m[48;2;251;145;203m▀[0m[38;2;211;94;162m[48;2;240;167;198m▀[0m[38;2;143;70;85m▄[0m       
[38;2;0;0;0m[48;2;0;0;0m▀[0m[38;2;154;89;187m[48;2;154;89;187m▀[0m[38;2;156;90;189m[48;2;156;90;189m▀[0m[38;2;156;90;189m[48;2;156;90;189m▀[0m[38;2;156;90;189m[48;2;156;90;189m▀[0m[38;2;156;90;189m[48;2;156;90;189m▀[0m[38;2;156;90;189m[48;2;156;90;189m▀[0m[38;2;156;90;189m[48;2;156;90;189m▀[0m[38;2;163;94;197m[48;2;156;90;189m▀[0m[38;2;2;3;7m[48;2;163;94;198m▀[0m[38;2;191;87;146m[48;2;14;8;17m▀[0m[38;2;245;136;195m[48;2;0;0;0m▀[0m[38;2;246;139;197m[48;2;0;0;0m▀[0m[38;2;252;143;203m[48;2;216;122;173m▀[0m[38;2;161;83;104m[48;2;249;141;200m▀[0m[38;2;147;73;88m[48;2;246;139;197m▀[0m[38;2;158;79;96m[48;2;252;143;204m▀[0m[38;2;144;75;86m[48;2;165;85;108m▀[0m[38;2;156;78;94m▄[0m[38;2;147;76;91m▄[0m                     [38;2;140;71;79m[48;2;140;71;79m▀[0m[38;2;188;90;130m[48;2;188;90;130m▀[0m[38;2;217;100;169m[48;2;217;100;169m▀[0m[38;2;213;98;164m[48;2;213;98;164m▀[0m[38;2;213;98;164m[48;2;213;98;164m▀[0m[38;2;213;98;164m[48;2;213;98;164m▀[0m[38;2;213;98;164m[48;2;213;98;164m▀[0m[38;2;213;98;164m[48;2;213;98;164m▀[0m[38;2;213;98;164m[48;2;213;98;164m▀[0m[38;2;213;98;164m[48;2;213;98;164m▀[0m[38;2;213;98;164m[48;2;213;98;164m▀[0m[38;2;213;98;164m[48;2;213;98;164m▀[0m[38;2;213;98;164m[48;2;213;98;164m▀[0m[38;2;213;98;164m[48;2;213;98;164m▀[0m[38;2;213;98;164m[48;2;213;98;164m▀[0m[38;2;213;98;164m[48;2;213;98;164m▀[0m[38;2;213;98;164m[48;2;213;98;164m▀[0m[38;2;213;98;164m[48;2;213;98;164m▀[0m[38;2;213;98;164m[48;2;213;98;164m▀[0m[38;2;213;98;164m[48;2;213;98;164m▀[0m[38;2;214;98;166m[48;2;213;98;164m▀[0m[38;2;201;92;150m[48;2;214;98;165m▀[0m[38;2;156;94;101m[48;2;202;92;151m▀[0m[38;2;179;169;152m[48;2;155;92;100m▀[0m[38;2;0;0;0m[48;2;178;168;152m▀[0m[38;2;0;0;0m[48;2;14;13;12m▀[0m[38;2;23;22;20m[48;2;209;187;172m▀[0m[38;2;210;187;172m[48;2;151;70;93m▀[0m[38;2;151;70;92m[48;2;216;99;168m▀[0m[38;2;219;102;170m[48;2;213;98;164m▀[0m[38;2;248;144;200m[48;2;215;103;167m▀[0m[38;2;241;168;199m[48;2;248;175;207m▀[0m[38;2;144;70;86m[48;2;242;167;200m▀[0m[38;2;144;70;86m▄[0m     
[38;2;0;0;0m▀[0m[38;2;154;89;187m[48;2;0;0;0m▀[0m[38;2;156;90;189m[48;2;153;88;186m▀[0m[38;2;156;90;189m[48;2;156;90;189m▀[0m[38;2;156;90;189m[48;2;156;90;189m▀[0m[38;2;156;90;189m[48;2;156;90;189m▀[0m[38;2;156;90;189m[48;2;156;90;189m▀[0m[38;2;156;90;189m[48;2;156;90;189m▀[0m[38;2;156;90;189m[48;2;158;91;193m▀[0m[38;2;159;92;193m[48;2;107;62;117m▀[0m[38;2;108;63;119m[48;2;88;55;99m▀[0m[38;2;91;51;102m▀[0m [38;2;0;0;0m▀[0m[38;2;0;0;0m▀[0m[38;2;210;119;168m[48;2;0;0;0m▀[0m[38;2;250;141;200m[48;2;0;0;0m▀[0m[38;2;246;139;197m[48;2;204;115;163m▀[0m[38;2;253;143;204m[48;2;251;142;201m▀[0m[38;2;167;87;111m[48;2;246;139;197m▀[0m[38;2;156;78;94m[48;2;253;144;205m▀[0m[38;2;147;76;89m[48;2;181;94;120m▀[0m[38;2;136;68;76m▄[0m                 [38;2;139;70;80m[48;2;139;70;80m▀[0m[38;2;189;90;131m[48;2;189;90;131m▀[0m[38;2;217;100;169m[48;2;217;100;169m▀[0m[38;2;213;98;164m[48;2;213;98;164m▀[0m[38;2;213;98;164m[48;2;213;98;164m▀[0m[38;2;213;98;164m[48;2;213;98;164m▀[0m[38;2;213;98;164m[48;2;213;98;164m▀[0m[38;2;213;98;164m[48;2;213;98;164m▀[0m[38;2;213;98;164m[48;2;213;98;164m▀[0m[38;2;213;98;164m[48;2;213;98;164m▀[0m[38;2;213;98;164m[48;2;213;98;164m▀[0m[38;2;213;98;164m[48;2;213;98;164m▀[0m[38;2;213;98;164m[48;2;213;98;164m▀[0m[38;2;213;98;164m[48;2;213;98;164m▀[0m[38;2;213;98;164m[48;2;213;98;164m▀[0m[38;2;213;98;164m[48;2;213;98;164m▀[0m[38;2;213;98;164m[48;2;213;98;164m▀[0m[38;2;213;98;164m[48;2;213;98;164m▀[0m[38;2;213;98;164m[48;2;213;98;164m▀[0m[38;2;213;98;164m[48;2;213;98;164m▀[0m[38;2;213;98;164m[48;2;213;98;164m▀[0m[38;2;213;98;164m[48;2;213;98;164m▀[0m[38;2;214;98;165m[48;2;213;98;164m▀[0m[38;2;202;92;151m[48;2;214;98;165m▀[0m[38;2;152;89;97m[48;2;203;94;152m▀[0m[38;2;208;196;177m[48;2;154;76;96m▀[0m[38;2;206;190;173m[48;2;208;96;158m▀[0m[38;2;198;176;162m[48;2;152;75;94m▀[0m[38;2;151;70;93m[48;2;216;99;168m▀[0m[38;2;216;99;168m[48;2;213;98;164m▀[0m[38;2;213;98;164m[48;2;213;98;164m▀[0m[38;2;213;98;164m[48;2;213;98;164m▀[0m[38;2;215;100;166m[48;2;213;98;164m▀[0m[38;2;247;142;199m[48;2;213;98;164m▀[0m[38;2;242;169;201m[48;2;214;100;165m▀[0m[38;2;146;72;87m[48;2;247;141;198m▀[0m[38;2;147;73;90m[48;2;244;170;202m▀[0m[38;2;147;73;88m▄[0m[38;2;148;73;90m▄[0m 
 [38;2;0;0;0m▀[0m[38;2;153;88;186m[48;2;0;0;0m▀[0m[38;2;156;90;189m[48;2;152;88;184m▀[0m[38;2;156;90;189m[48;2;156;90;189m▀[0m[38;2;156;90;189m[48;2;156;90;189m▀[0m[38;2;156;90;189m[48;2;161;93;195m▀[0m[38;2;156;90;189m[48;2;9;5;11m▀[0m[38;2;163;94;197m[48;2;0;0;0m▀[0m[38;2;12;7;15m[48;2;0;0;0m▀[0m[38;2;0;0;0m▀[0m      [38;2;0;0;0m▀[0m[38;2;201;113;161m[48;2;0;0;0m▀[0m[38;2;252;142;201m[48;2;198;112;158m▀[0m[38;2;246;139;197m[48;2;252;142;202m▀[0m[38;2;253;144;205m[48;2;246;139;197m▀[0m[38;2;182;95;122m[48;2;253;144;205m▀[0m[38;2;135;67;75m[48;2;183;96;123m▀[0m[38;2;135;67;75m▄[0m              [38;2;140;71;81m▄[0m[38;2;139;70;80m[48;2;189;90;132m▀[0m[38;2;189;90;131m[48;2;217;100;169m▀[0m[38;2;217;100;169m[48;2;213;98;164m▀[0m[38;2;213;98;164m[48;2;213;98;164m▀[0m[38;2;213;98;164m[48;2;213;98;164m▀[0m[38;2;213;98;164m[48;2;213;98;164m▀[0m[38;2;213;98;164m[48;2;213;98;164m▀[0m[38;2;213;98;164m[48;2;213;98;164m▀[0m[38;2;213;98;164m[48;2;213;98;164m▀[0m[38;2;213;98;164m[48;2;213;98;164m▀[0m[38;2;213;98;164m[48;2;213;98;164m▀[0m[38;2;213;98;164m[48;2;213;98;164m▀[0m[38;2;213;98;164m[48;2;213;98;164m▀[0m[38;2;213;98;164m[48;2;213;98;164m▀[0m[38;2;213;98;164m[48;2;213;98;164m▀[0m[38;2;213;98;164m[48;2;213;98;164m▀[0m[38;2;213;98;164m[48;2;213;98;164m▀[0m[38;2;213;98;164m[48;2;213;98;164m▀[0m[38;2;213;98;164m[48;2;213;98;164m▀[0m[38;2;213;98;164m[48;2;213;98;164m▀[0m[38;2;213;98;164m[48;2;213;98;164m▀[0m[38;2;213;98;164m[48;2;213;98;164m▀[0m[38;2;213;98;164m[48;2;213;98;164m▀[0m[38;2;213;98;164m[48;2;213;98;164m▀[0m[38;2;213;98;164m[48;2;213;98;164m▀[0m[38;2;213;98;164m[48;2;213;98;164m▀[0m[38;2;213;98;164m[48;2;213;98;164m▀[0m[38;2;213;98;164m[48;2;215;99;166m▀[0m[38;2;213;98;164m[48;2;192;88;148m▀[0m[38;2;215;99;165m[48;2;0;0;0m▀[0m[38;2;196;90;151m[48;2;0;0;0m▀[0m[38;2;0;0;0m▀[0m[38;2;0;0;0m▀[0m[38;2;0;0;0m▀[0m[38;2;9;4;7m[48;2;0;0;0m▀[0m[38;2;218;100;168m[48;2;0;0;0m▀[0m[38;2;214;99;165m[48;2;0;0;0m▀[0m[38;2;247;140;198m[48;2;0;0;0m▀[0m[38;2;244;171;203m[48;2;0;0;0m▀[0m[38;2;0;0;0m▀[0m
   [38;2;100;58;108m▀[0m[38;2;3;2;4m▀[0m[38;2;0;0;0m▀[0m[38;2;0;0;0m▀[0m[38;2;0;0;0m▀[0m           [38;2;0;0;0m▀[0m[38;2;194;110;156m[48;2;0;0;0m▀[0m[38;2;252;143;202m[48;2;191;108;153m▀[0m[38;2;246;139;197m[48;2;253;143;203m▀[0m[38;2;253;144;205m[48;2;246;139;197m▀[0m[38;2;185;97;125m[48;2;253;144;205m▀[0m[38;2;136;64;75m[48;2;186;98;127m▀[0m[38;2;136;64;78m▄[0m            [38;2;140;71;81m[48;2;140;71;81m▀[0m[38;2;189;90;132m[48;2;189;90;132m▀[0m[38;2;217;100;169m[48;2;217;100;169m▀[0m[38;2;213;98;164m[48;2;213;98;164m▀[0m[38;2;213;98;164m[48;2;213;98;164m▀[0m[38;2;213;98;164m[48;2;213;98;164m▀[0m[38;2;213;98;164m[48;2;213;98;164m▀[0m[38;2;213;98;164m[48;2;213;98;164m▀[0m[38;2;213;98;164m[48;2;213;98;164m▀[0m[38;2;213;98;164m[48;2;213;98;164m▀[0m[38;2;213;98;164m[48;2;213;98;164m▀[0m[38;2;213;98;164m[48;2;222;102;171m▀[0m[38;2;222;102;171m[48;2;144;66;111m▀[0m[38;2;147;68;113m[48;2;0;0;0m▀[0m[38;2;0;0;0m▀[0m[38;2;0;0;0m▀[0m[38;2;0;0;0m▀[0m[38;2;53;25;41m[48;2;0;0;0m▀[0m[38;2;228;105;176m[48;2;0;0;0m▀[0m[38;2;213;98;164m[48;2;48;22;37m▀[0m[38;2;213;98;164m[48;2;228;105;176m▀[0m[38;2;213;98;164m[48;2;213;98;164m▀[0m[38;2;213;98;164m[48;2;213;98;164m▀[0m[38;2;213;98;164m[48;2;213;98;164m▀[0m[38;2;213;98;164m[48;2;213;98;164m▀[0m[38;2;213;98;164m[48;2;216;99;166m▀[0m[38;2;213;98;164m[48;2;184;85;142m▀[0m[38;2;216;99;166m[48;2;0;0;0m▀[0m[38;2;189;87;146m[48;2;0;0;0m▀[0m[38;2;0;0;0m▀[0m           
                    [38;2;0;0;0m▀[0m[38;2;163;73;125m[48;2;0;0;0m▀[0m[38;2;244;132;194m[48;2;163;75;125m▀[0m[38;2;247;140;198m[48;2;217;98;167m▀[0m[38;2;253;144;205m[48;2;237;128;188m▀[0m[38;2;186;98;127m[48;2;254;145;206m▀[0m[38;2;136;64;78m[48;2;188;99;128m▀[0m[38;2;135;64;77m▄[0m          [38;2;139;70;80m▄[0m[38;2;140;71;81m[48;2;190;91;133m▀[0m[38;2;189;90;132m[48;2;217;100;169m▀[0m[38;2;217;100;169m[48;2;213;98;164m▀[0m[38;2;213;98;164m[48;2;213;98;164m▀[0m[38;2;213;98;164m[48;2;213;98;164m▀[0m[38;2;213;98;164m[48;2;213;98;164m▀[0m[38;2;213;98;164m[48;2;213;98;164m▀[0m[38;2;213;98;164m[48;2;213;98;164m▀[0m[38;2;213;98;164m[48;2;213;98;164m▀[0m[38;2;213;98;164m[48;2;213;98;164m▀[0m[38;2;223;102;171m[48;2;218;100;167m▀[0m[38;2;141;65;109m[48;2;178;87;149m▀[0m[38;2;0;0;0m[48;2;85;53;98m▀[0m      [38;2;0;0;0m▀[0m[38;2;0;0;0m[48;2;0;0;0m▀[0m[38;2;0;0;0m[48;2;42;19;32m▀[0m[38;2;39;18;30m[48;2;232;107;179m▀[0m[38;2;231;106;178m[48;2;177;81;136m▀[0m[38;2;179;83;138m[48;2;0;0;0m▀[0m[38;2;0;0;0m▀[0m[38;2;0;0;0m▀[0m              
                     [38;2;0;0;0m▀[0m[38;2;163;75;125m[48;2;0;0;0m▀[0m[38;2;219;101;169m[48;2;160;73;123m▀[0m[38;2;213;98;164m[48;2;220;101;169m▀[0m[38;2;218;100;169m[48;2;213;98;164m▀[0m[38;2;178;87;118m[48;2;218;100;169m▀[0m[38;2;138;71;80m[48;2;179;87;119m▀[0m[38;2;139;71;80m▄[0m         [38;2;139;70;80m[48;2;139;70;80m▀[0m[38;2;190;91;133m[48;2;190;91;133m▀[0m[38;2;217;100;169m[48;2;217;100;169m▀[0m[38;2;213;98;164m[48;2;213;98;164m▀[0m[38;2;213;98;164m[48;2;213;98;164m▀[0m[38;2;213;98;164m[48;2;213;98;164m▀[0m[38;2;213;98;164m[48;2;213;98;164m▀[0m[38;2;213;98;164m[48;2;213;98;164m▀[0m[38;2;213;98;164m[48;2;213;98;164m▀[0m[38;2;213;98;164m[48;2;213;98;164m▀[0m[38;2;223;103;172m[48;2;218;100;167m▀[0m[38;2;128;56;95m[48;2;167;79;137m▀[0m[38;2;69;52;85m[48;2;141;94;163m▀[0m[38;2;167;117;191m[48;2;159;113;184m▀[0m[38;2;0;0;0m[48;2;0;0;0m▀[0m     [38;2;0;0;0m[48;2;0;0;0m▀[0m[38;2;45;21;34m[48;2;50;23;38m▀[0m[38;2;233;107;179m[48;2;186;86;143m▀[0m[38;2;174;80;134m[48;2;0;0;0m▀[0m[38;2;0;0;0m▀[0m                 
                      [38;2;0;0;0m[48;2;0;0;0m▀[0m[38;2;160;73;123m[48;2;160;73;123m▀[0m[38;2;220;101;169m[48;2;220;101;169m▀[0m[38;2;213;98;164m[48;2;214;91;163m▀[0m[38;2;218;100;169m[48;2;213;168;175m▀[0m[38;2;179;87;119m[48;2;157;143;128m▀[0m[38;2;139;71;80m[48;2;111;96;90m▀[0m        [38;2;139;70;81m▄[0m[38;2;139;70;80m[48;2;191;91;134m▀[0m[38;2;190;91;133m[48;2;217;99;169m▀[0m[38;2;217;100;169m[48;2;213;98;164m▀[0m[38;2;213;98;164m[48;2;213;98;164m▀[0m[38;2;213;98;164m[48;2;213;98;164m▀[0m[38;2;213;98;164m[48;2;213;98;164m▀[0m[38;2;213;98;164m[48;2;213;98;164m▀[0m[38;2;213;98;164m[48;2;213;98;164m▀[0m[38;2;213;98;164m[48;2;213;98;164m▀[0m[38;2;223;103;172m[48;2;223;103;172m▀[0m[38;2;126;56;93m[48;2;127;58;95m▀[0m[38;2;52;36;75m[48;2;42;26;59m▀[0m[38;2;162;101;200m[48;2;144;83;169m▀[0m[38;2;126;76;146m[48;2;128;78;149m▀[0m[38;2;131;84;168m[48;2;131;84;168m▀[0m[38;2;0;0;0m[48;2;0;0;0m▀[0m   [38;2;0;0;0m[48;2;0;0;0m▀[0m[38;2;53;24;41m[48;2;53;24;41m▀[0m[38;2;183;84;141m[48;2;183;84;141m▀[0m[38;2;0;0;0m[48;2;0;0;0m▀[0m                   
                       [38;2;0;0;0m[48;2;0;0;0m▀[0m[38;2;157;65;120m[48;2;151;139;126m▀[0m[38;2;215;167;175m[48;2;212;196;178m▀[0m[38;2;205;192;172m[48;2;204;196;173m▀[0m[38;2;209;198;178m[48;2;215;128;172m▀[0m[38;2;177;117;123m[48;2;180;84;120m▀[0m[38;2;142;59;80m[48;2;139;71;80m▀[0m       [38;2;139;70;81m[48;2;139;70;81m▀[0m[38;2;191;91;134m[48;2;191;91;134m▀[0m[38;2;217;99;169m[48;2;217;99;169m▀[0m[38;2;213;98;164m[48;2;213;98;164m▀[0m[38;2;213;98;164m[48;2;213;98;164m▀[0m[38;2;213;98;164m[48;2;213;98;164m▀[0m[38;2;213;98;164m[48;2;213;98;164m▀[0m[38;2;213;98;164m[48;2;213;98;164m▀[0m[38;2;213;98;164m[48;2;213;98;164m▀[0m[38;2;213;98;164m[48;2;224;103;172m▀[0m[38;2;223;103;172m[48;2;124;56;92m▀[0m[38;2;130;59;99m[48;2;45;28;62m▀[0m[38;2;16;11;22m[48;2;144;83;170m▀[0m[38;2;124;71;140m[48;2;120;70;136m▀[0m[38;2;175;105;218m[48;2;110;63;134m▀[0m[38;2;126;81;162m[48;2;0;0;0m▀[0m[38;2;0;0;0m▀[0m  [38;2;0;0;0m[48;2;0;0;0m▀[0m[38;2;57;26;44m[48;2;57;26;44m▀[0m[38;2;181;83;139m[48;2;181;83;139m▀[0m[38;2;0;0;0m[48;2;0;0;0m▀[0m                    
                       [38;2;0;0;0m[48;2;0;0;0m▀[0m[38;2;151;139;126m[48;2;157;72;121m▀[0m[38;2;212;202;179m[48;2;220;101;170m▀[0m[38;2;211;125;166m[48;2;213;98;164m▀[0m[38;2;218;96;169m[48;2;214;91;163m▀[0m[38;2;180;87;121m[48;2;214;166;175m▀[0m[38;2;139;71;80m[48;2;159;146;131m▀[0m[38;2;113;96;87m▄[0m     [38;2;141;70;81m[48;2;141;70;81m▀[0m[38;2;192;91;135m[48;2;192;91;135m▀[0m[38;2;217;99;168m[48;2;217;99;168m▀[0m[38;2;213;98;164m[48;2;213;98;164m▀[0m[38;2;213;98;164m[48;2;213;98;164m▀[0m[38;2;213;98;164m[48;2;213;98;164m▀[0m[38;2;213;98;164m[48;2;213;98;164m▀[0m[38;2;213;98;164m[48;2;213;98;164m▀[0m[38;2;213;98;164m[48;2;213;98;164m▀[0m[38;2;213;98;164m[48;2;213;98;164m▀[0m[38;2;224;103;172m[48;2;224;103;172m▀[0m[38;2;126;58;96m[48;2;124;57;97m▀[0m[38;2;18;12;23m[48;2;46;24;26m▀[0m[38;2;133;77;152m[48;2;107;53;65m▀[0m[38;2;108;62;131m[48;2;0;0;0m▀[0m[38;2;0;0;0m▀[0m    [38;2;0;0;0m▀[0m[38;2;57;26;44m[48;2;0;0;0m▀[0m[38;2;181;83;139m[48;2;0;0;0m▀[0m[38;2;0;0;0m▀[0m                    
                        [38;2;0;0;0m[48;2;0;0;0m▀[0m[38;2;153;71;118m[48;2;148;136;124m▀[0m[38;2;221;95;169m[48;2;213;196;178m▀[0m[38;2;207;161;170m[48;2;205;189;172m▀[0m[38;2;211;199;178m[48;2;205;189;172m▀[0m[38;2;160;142;130m[48;2;209;197;178m▀[0m[38;2;113;96;87m[48;2;179;120;126m▀[0m[38;2;141;59;78m▄[0m  [38;2;140;71;82m▄[0m[38;2;140;72;80m[48;2;193;92;137m▀[0m[38;2;192;91;136m[48;2;217;99;168m▀[0m[38;2;217;99;168m[48;2;213;98;164m▀[0m[38;2;213;98;164m[48;2;213;98;164m▀[0m[38;2;213;98;164m[48;2;213;98;164m▀[0m[38;2;213;98;164m[48;2;213;98;164m▀[0m[38;2;213;98;164m[48;2;213;98;164m▀[0m[38;2;213;98;164m[48;2;213;98;164m▀[0m[38;2;213;98;164m[48;2;213;98;164m▀[0m[38;2;213;98;164m[48;2;213;98;164m▀[0m[38;2;224;103;173m[48;2;224;103;173m▀[0m[38;2;123;56;93m[48;2;123;56;93m▀[0m[38;2;22;15;29m[48;2;22;15;29m▀[0m[38;2;110;64;119m[48;2;110;64;119m▀[0m[38;2;63;37;69m[48;2;63;37;69m▀[0m[38;2;0;0;0m[48;2;0;0;0m▀[0m                             
                        [38;2;0;0;0m▀[0m[38;2;148;136;124m[48;2;0;0;0m▀[0m[38;2;213;196;178m[48;2;150;69;116m▀[0m[38;2;204;196;173m[48;2;221;102;170m▀[0m[38;2;210;127;167m[48;2;213;98;164m▀[0m[38;2;213;94;164m[48;2;213;98;164m▀[0m[38;2;218;100;169m[48;2;213;98;164m▀[0m[38;2;172;83;117m[48;2;213;98;164m▀[0m[38;2;145;73;86m[48;2;213;98;164m▀[0m[38;2;143;72;85m[48;2;213;98;164m▀[0m[38;2;186;88;133m[48;2;213;98;164m▀[0m[38;2;217;99;168m[48;2;213;98;164m▀[0m[38;2;213;98;164m[48;2;213;98;164m▀[0m[38;2;213;98;164m[48;2;213;98;164m▀[0m[38;2;213;98;164m[48;2;213;98;164m▀[0m[38;2;213;98;164m[48;2;213;98;164m▀[0m[38;2;213;98;164m[48;2;213;98;164m▀[0m[38;2;213;98;164m[48;2;213;98;164m▀[0m[38;2;213;98;164m[48;2;213;98;164m▀[0m[38;2;213;98;164m[48;2;213;98;164m▀[0m[38;2;225;103;173m[48;2;225;103;173m▀[0m[38;2;120;54;90m[48;2;125;57;96m▀[0m[38;2;29;19;36m[48;2;0;0;0m▀[0m[38;2;67;39;73m▀[0m[38;2;0;0;0m▀[0m[38;2;0;0;0m▀[0m                              
                         [38;2;0;0;0m▀[0m[38;2;150;69;116m[48;2;0;0;0m▀[0m[38;2;221;102;170m[48;2;147;68;113m▀[0m[38;2;213;98;164m[48;2;222;102;171m▀[0m[38;2;213;98;164m[48;2;213;98;164m▀[0m[38;2;213;98;164m[48;2;213;98;164m▀[0m[38;2;213;98;164m[48;2;213;98;164m▀[0m[38;2;213;98;164m[48;2;213;98;164m▀[0m[38;2;213;98;164m[48;2;213;98;164m▀[0m[38;2;213;98;164m[48;2;213;98;164m▀[0m[38;2;213;98;164m[48;2;213;98;164m▀[0m[38;2;213;98;164m[48;2;213;98;164m▀[0m[38;2;213;98;164m[48;2;213;98;164m▀[0m[38;2;213;98;164m[48;2;213;98;164m▀[0m[38;2;213;98;164m[48;2;213;98;164m▀[0m[38;2;213;98;164m[48;2;213;98;164m▀[0m[38;2;213;98;164m[48;2;213;98;164m▀[0m[38;2;213;98;164m[48;2;225;104;174m▀[0m[38;2;225;104;173m[48;2;118;54;91m▀[0m[38;2;121;56;94m[48;2;0;0;0m▀[0m[38;2;0;0;0m▀[0m                                  
                           [38;2;0;0;0m▀[0m[38;2;144;66;111m[48;2;0;0;0m▀[0m[38;2;222;102;171m[48;2;141;65;109m▀[0m[38;2;213;98;164m[48;2;223;102;171m▀[0m[38;2;213;98;164m[48;2;213;98;164m▀[0m[38;2;213;98;164m[48;2;213;98;164m▀[0m[38;2;213;98;164m[48;2;213;98;164m▀[0m[38;2;213;98;164m[48;2;213;98;164m▀[0m[38;2;213;98;164m[48;2;213;98;164m▀[0m[38;2;213;98;164m[48;2;213;98;164m▀[0m[38;2;213;98;164m[48;2;213;98;164m▀[0m[38;2;213;98;164m[48;2;213;98;164m▀[0m[38;2;213;98;164m[48;2;226;104;174m▀[0m[38;2;213;98;164m[48;2;108;50;83m▀[0m[38;2;226;104;174m[48;2;0;0;0m▀[0m[38;2;115;53;88m[48;2;0;0;0m▀[0m[38;2;0;0;0m▀[0m                                    
                             [38;2;0;0;0m▀[0m[38;2;0;0;0m▀[0m[38;2;135;62;104m[48;2;0;0;0m▀[0m[38;2;223;103;172m[48;2;0;0;0m▀[0m[38;2;213;98;164m[48;2;0;0;0m▀[0m[38;2;213;98;164m[48;2;0;0;0m▀[0m[38;2;213;98;164m[48;2;0;0;0m▀[0m[38;2;227;105;175m[48;2;0;0;0m▀[0m[38;2;98;45;76m[48;2;0;0;0m▀[0m[38;2;0;0;0m▀[0m[38;2;0;0;0m▀[0m[38;2;0;0;0m▀[0m                                       
[0m