                                       [38;2;76;191;172m▄[0m[38;2;76;191;172m[48;2;76;191;172m▀[0m[38;2;76;191;172m[48;2;76;191;172m▀[0m[38;2;76;191;172m▀[0m[38;2;76;191;172m▀[0m                    
                                      [38;2;76;191;172m▄[0m[38;2;76;191;172m[48;2;76;191;172m▀[0m[38;2;76;191;172m[48;2;76;191;172m▀[0m                       
                                 [38;2;76;191;172m▄[0m[38;2;76;191;172m▄[0m[38;2;76;191;172m▄[0m[38;2;76;191;172m[48;2;119;217;184m▀[0m[38;2;76;191;172m[48;2;170;242;206m▀[0m[38;2;76;191;172m[48;2;119;217;184m▀[0m[38;2;76;191;172m[48;2;76;191;172m▀[0m                        
                               [38;2;76;191;172m▄[0m[38;2;76;191;172m[48;2;76;191;172m▀[0m[38;2;76;191;172m[48;2;119;217;184m▀[0m[38;2;119;217;184m[48;2;170;242;206m▀[0m[38;2;170;242;206m[48;2;119;217;184m▀[0m[38;2;76;191;172m[48;2;76;191;172m▀[0m[38;2;76;191;172m▀[0m[38;2;76;191;172m▀[0m                         
                               [38;2;76;191;172m[48;2;76;191;172m▀[0m[38;2;76;191;172m[48;2;76;191;172m▀[0m[38;2;170;242;206m[48;2;119;217;184m▀[0m[38;2;170;242;206m[48;2;170;242;206m▀[0m[38;2;119;217;184m[48;2;170;242;206m▀[0m[38;2;76;191;172m[48;2;76;191;172m▀[0m[38;2;76;191;172m▄[0m[38;2;76;191;172m▄[0m                         
                                [38;2;76;191;172m▀[0m[38;2;76;191;172m[48;2;76;191;172m▀[0m[38;2;170;242;206m[48;2;170;242;206m▀[0m[38;2;170;242;206m[48;2;170;242;206m▀[0m[38;2;170;242;206m[48;2;170;242;206m▀[0m[38;2;76;191;172m[48;2;119;217;184m▀[0m[38;2;76;191;172m[48;2;76;191;172m▀[0m[38;2;76;191;172m[48;2;76;191;172m▀[0m                        
                          [38;2;76;191;172m▄[0m[38;2;76;191;172m▄[0m[38;2;76;191;172m▄[0m[38;2;76;191;172m▄[0m[38;2;76;191;172m▄[0m[38;2;76;191;172m▄[0m[38;2;76;191;172m[48;2;76;191;172m▀[0m[38;2;76;191;172m[48;2;76;191;172m▀[0m[38;2;170;242;206m[48;2;170;242;206m▀[0m[38;2;170;242;206m[48;2;170;242;206m▀[0m[38;2;170;242;206m[48;2;170;242;206m▀[0m[38;2;170;242;206m[48;2;119;217;184m▀[0m[38;2;76;191;172m[48;2;76;191;172m▀[0m[38;2;76;191;172m[48;2;76;191;172m▀[0m                        
                        [38;2;76;191;172m▄[0m[38;2;76;191;172m[48;2;76;191;172m▀[0m[38;2;76;191;172m[48;2;76;191;172m▀[0m[38;2;76;191;172m[48;2;119;217;184m▀[0m[38;2;76;191;172m[48;2;170;242;206m▀[0m[38;2;76;191;172m[48;2;170;242;206m▀[0m[38;2;76;191;172m[48;2;170;242;206m▀[0m[38;2;76;191;172m[48;2;170;242;206m▀[0m[38;2;76;191;172m[48;2;170;242;206m▀[0m[38;2;170;242;206m[48;2;170;242;206m▀[0m[38;2;170;242;206m[48;2;170;242;206m▀[0m[38;2;170;242;206m[48;2;170;242;206m▀[0m[38;2;170;242;206m[48;2;170;242;206m▀[0m[38;2;76;191;172m[48;2;76;191;172m▀[0m[38;2;76;191;172m[48;2;76;191;172m▀[0m[38;2;76;191;172m▄[0m[38;2;76;191;172m▄[0m                       
                        [38;2;76;191;172m[48;2;76;191;172m▀[0m[38;2;76;191;172m[48;2;76;191;172m▀[0m[38;2;119;217;184m[48;2;170;242;206m▀[0m[38;2;170;242;206m[48;2;170;242;206m▀[0m[38;2;170;242;206m[48;2;170;242;206m▀[0m[38;2;170;242;206m[48;2;119;217;184m▀[0m[38;2;170;242;206m[48;2;119;217;184m▀[0m[38;2;170;242;206m[48;2;119;217;184m▀[0m[38;2;170;242;206m[48;2;170;242;206m▀[0m[38;2;170;242;206m[48;2;170;242;206m▀[0m[38;2;170;242;206m[48;2;170;242;206m▀[0m[38;2;170;242;206m[48;2;170;242;206m▀[0m[38;2;170;242;206m[48;2;170;242;206m▀[0m[38;2;170;242;206m[48;2;170;242;206m▀[0m[38;2;76;191;172m[48;2;170;242;206m▀[0m[38;2;76;191;172m[48;2;119;217;184m▀[0m[38;2;76;191;172m[48;2;76;191;172m▀[0m[38;2;76;191;172m[48;2;76;191;172m▀[0m[38;2;76;191;172m▄[0m                     
                        [38;2;76;191;172m[48;2;76;191;172m▀[0m[38;2;76;191;172m[48;2;76;191;172m▀[0m[38;2;170;242;206m[48;2;170;242;206m▀[0m[38;2;170;242;206m[48;2;170;242;206m▀[0m[38;2;119;217;184m[48;2;119;217;184m▀[0m[38;2;41;166;166m[48;2;41;166;166m▀[0m[38;2;41;166;166m[48;2;41;166;166m▀[0m[38;2;41;166;166m[48;2;41;166;166m▀[0m[38;2;119;217;184m[48;2;119;217;184m▀[0m[38;2;170;242;206m[48;2;119;217;184m▀[0m[38;2;170;242;206m[48;2;119;217;184m▀[0m[38;2;170;242;206m[48;2;119;217;184m▀[0m[38;2;170;242;206m[48;2;170;242;206m▀[0m[38;2;170;242;206m[48;2;170;242;206m▀[0m[38;2;170;242;206m[48;2;170;242;206m▀[0m[38;2;170;242;206m[48;2;170;242;206m▀[0m[38;2;119;217;184m[48;2;170;242;206m▀[0m[38;2;76;191;172m[48;2;76;191;172m▀[0m[38;2;76;191;172m[48;2;76;191;172m▀[0m                     
                         [38;2;76;191;172m[48;2;76;191;172m▀[0m[38;2;170;242;206m[48;2;170;242;206m▀[0m[38;2;170;242;206m[48;2;170;242;206m▀[0m[38;2;119;217;184m[48;2;119;217;184m▀[0m[38;2;41;166;166m[48;2;41;166;166m▀[0m[38;2;41;166;166m[48;2;41;166;166m▀[0m[38;2;41;166;166m[48;2;41;166;166m▀[0m[38;2;119;217;184m[48;2;41;166;166m▀[0m[38;2;41;166;166m[48;2;119;217;184m▀[0m[38;2;41;166;166m[48;2;41;166;166m▀[0m[38;2;41;166;166m[48;2;41;166;166m▀[0m[38;2;119;217;184m[48;2;119;217;184m▀[0m[38;2;170;242;206m[48;2;170;242;206m▀[0m[38;2;170;242;206m[48;2;170;242;206m▀[0m[38;2;170;242;206m[48;2;170;242;206m▀[0m[38;2;170;242;206m[48;2;119;217;184m▀[0m[38;2;76;191;172m[48;2;76;191;172m▀[0m[38;2;76;191;172m[48;2;76;191;172m▀[0m                     
                       [38;2;76;191;172m▄[0m[38;2;76;191;172m[48;2;76;191;172m▀[0m[38;2;119;217;184m[48;2;119;217;184m▀[0m[38;2;170;242;206m[48;2;170;242;206m▀[0m[38;2;170;242;206m[48;2;119;217;184m▀[0m[38;2;119;217;184m[48;2;41;166;166m▀[0m[38;2;41;166;166m[48;2;41;166;166m▀[0m[38;2;41;166;166m[48;2;41;166;166m▀[0m[38;2;41;166;166m[48;2;41;166;166m▀[0m[38;2;41;166;166m[48;2;41;166;166m▀[0m[38;2;41;166;166m[48;2;41;166;166m▀[0m[38;2;41;166;166m[48;2;41;166;166m▀[0m[38;2;41;166;166m[48;2;41;166;166m▀[0m[38;2;119;217;184m[48;2;119;217;184m▀[0m[38;2;170;242;206m[48;2;119;217;184m▀[0m[38;2;170;242;206m[48;2;76;191;172m▀[0m[38;2;119;217;184m[48;2;76;191;172m▀[0m[38;2;76;191;172m[48;2;76;191;172m▀[0m[38;2;76;191;172m▀[0m                      
                       [38;2;76;191;172m▀[0m[38;2;76;191;172m[48;2;76;191;172m▀[0m[38;2;76;191;172m[48;2;76;191;172m▀[0m[38;2;119;217;184m[48;2;76;191;172m▀[0m[38;2;119;217;184m[48;2;119;217;184m▀[0m[38;2;41;166;166m[48;2;41;166;166m▀[0m[38;2;41;166;166m[48;2;41;166;166m▀[0m[38;2;41;166;166m[48;2;41;166;166m▀[0m[38;2;41;166;166m[48;2;41;166;166m▀[0m[38;2;41;166;166m[48;2;119;217;184m▀[0m[38;2;41;166;166m[48;2;119;217;184m▀[0m[38;2;119;217;184m[48;2;170;242;206m▀[0m[38;2;119;217;184m[48;2;170;242;206m▀[0m[38;2;170;242;206m[48;2;119;217;184m▀[0m[38;2;76;191;172m[48;2;76;191;172m▀[0m                          
                         [38;2;76;191;172m▀[0m[38;2;119;217;184m[48;2;76;191;172m▀[0m[38;2;41;166;166m[48;2;76;191;172m▀[0m[38;2;41;166;166m[48;2;41;166;166m▀[0m[38;2;41;166;166m[48;2;41;166;166m▀[0m[38;2;41;166;166m[48;2;119;217;184m▀[0m[38;2;119;217;184m[48;2;76;191;172m▀[0m[38;2;76;191;172m▀[0m[38;2;76;191;172m[48;2;76;191;172m▀[0m[38;2;76;191;172m[48;2;76;191;172m▀[0m[38;2;76;191;172m[48;2;76;191;172m▀[0m[38;2;76;191;172m▀[0m                           
                         [38;2;89;89;89m[48;2;89;89;89m▀[0m[38;2;191;191;191m[48;2;248;248;248m▀[0m[38;2;191;191;191m[48;2;191;191;191m▀[0m[38;2;76;191;172m[48;2;16;16;16m▀[0m[38;2;76;191;172m▀[0m[38;2;76;191;172m▀[0m                     [38;2;89;89;89m▄[0m[38;2;89;89;89m▄[0m[38;2;16;16;16m▄[0m         
                       [38;2;89;89;89m▄[0m[38;2;89;89;89m[48;2;248;248;248m▀[0m[38;2;248;248;248m[48;2;248;248;248m▀[0m[38;2;248;248;248m[48;2;248;248;248m▀[0m[38;2;16;16;16m[48;2;16;16;16m▀[0m      [38;2;16;16;16m[48;2;16;16;16m▀[0m[38;2;89;89;89m[48;2;248;248;248m▀[0m[38;2;89;89;89m[48;2;248;248;248m▀[0m[38;2;89;89;89m▄[0m[38;2;89;89;89m▄[0m         [38;2;89;89;89m▄[0m[38;2;89;89;89m▄[0m[38;2;89;89;89m[48;2;248;248;248m▀[0m[38;2;89;89;89m[48;2;248;248;248m▀[0m[38;2;248;248;248m[48;2;248;248;248m▀[0m[38;2;248;248;248m[48;2;248;248;248m▀[0m[38;2;16;16;16m[48;2;16;16;16m▀[0m         
            [38;2;76;191;172m▄[0m         [38;2;89;89;89m▄[0m[38;2;89;89;89m[48;2;248;248;248m▀[0m[38;2;248;248;248m[48;2;248;248;248m▀[0m[38;2;248;248;248m[48;2;16;16;16m▀[0m[38;2;16;16;16m▀[0m       [38;2;16;16;16m▀[0m[38;2;191;191;191m[48;2;16;16;16m▀[0m[38;2;248;248;248m[48;2;248;248;248m▀[0m[38;2;248;248;248m[48;2;248;248;248m▀[0m[38;2;248;248;248m[48;2;248;248;248m▀[0m[38;2;89;89;89m[48;2;248;248;248m▀[0m[38;2;89;89;89m[48;2;89;89;89m▀[0m[38;2;89;89;89m▄[0m[38;2;89;89;89m[48;2;248;248;248m▀[0m[38;2;89;89;89m[48;2;248;248;248m▀[0m[38;2;89;89;89m[48;2;248;248;248m▀[0m[38;2;89;89;89m[48;2;248;248;248m▀[0m[38;2;89;89;89m[48;2;248;248;248m▀[0m[38;2;89;89;89m[48;2;140;140;140m▀[0m[38;2;191;191;191m[48;2;248;248;248m▀[0m[38;2;248;248;248m[48;2;248;248;248m▀[0m[38;2;248;248;248m[48;2;248;248;248m▀[0m[38;2;248;248;248m[48;2;248;248;248m▀[0m[38;2;248;248;248m[48;2;248;248;248m▀[0m[38;2;248;248;248m[48;2;248;248;248m▀[0m[38;2;16;16;16m[48;2;16;16;16m▀[0m         
            [38;2;76;191;172m[48;2;76;191;172m▀[0m       [38;2;39;31;44m▄[0m[38;2;89;89;89m[48;2;39;31;44m▀[0m[38;2;248;248;248m[48;2;39;31;44m▀[0m[38;2;248;248;248m[48;2;248;248;248m▀[0m[38;2;248;248;248m[48;2;16;16;16m▀[0m[38;2;16;16;16m▀[0m         [38;2;16;16;16m▀[0m[38;2;191;191;191m[48;2;16;16;16m▀[0m[38;2;248;248;248m[48;2;248;248;248m▀[0m[38;2;248;248;248m[48;2;248;248;248m▀[0m[38;2;89;89;89m[48;2;248;248;248m▀[0m[38;2;248;248;248m[48;2;248;248;248m▀[0m[38;2;248;248;248m[48;2;248;248;248m▀[0m[38;2;248;248;248m[48;2;248;248;248m▀[0m[38;2;248;248;248m[48;2;248;248;248m▀[0m[38;2;248;248;248m[48;2;248;248;248m▀[0m[38;2;248;248;248m[48;2;248;248;248m▀[0m[38;2;248;248;248m[48;2;248;248;248m▀[0m[38;2;248;248;248m[48;2;248;248;248m▀[0m[38;2;248;248;248m[48;2;191;191;191m▀[0m[38;2;248;248;248m[48;2;248;248;248m▀[0m[38;2;248;248;248m[48;2;248;248;248m▀[0m[38;2;248;248;248m[48;2;248;248;248m▀[0m[38;2;248;248;248m[48;2;248;248;248m▀[0m[38;2;248;248;248m[48;2;191;191;191m▀[0m[38;2;16;16;16m[48;2;16;16;16m▀[0m         
           [38;2;76;191;172m▄[0m[38;2;76;191;172m[48;2;170;242;206m▀[0m[38;2;76;191;172m[48;2;76;191;172m▀[0m   [38;2;39;31;44m▄[0m[38;2;39;31;44m[48;2;69;53;81m▀[0m[38;2;39;31;44m[48;2;104;78;114m▀[0m[38;2;104;78;114m[48;2;104;78;114m▀[0m[38;2;104;78;114m[48;2;104;78;114m▀[0m[38;2;104;78;114m[48;2;104;78;114m▀[0m[38;2;39;31;44m[48;2;104;78;114m▀[0m[38;2;39;31;44m▄[0m           [38;2;16;16;16m[48;2;16;16;16m▀[0m[38;2;248;248;248m[48;2;191;191;191m▀[0m[38;2;248;248;248m[48;2;248;248;248m▀[0m[38;2;248;248;248m[48;2;248;248;248m▀[0m[38;2;248;248;248m[48;2;248;248;248m▀[0m[38;2;248;248;248m[48;2;248;248;248m▀[0m[38;2;248;248;248m[48;2;248;248;248m▀[0m[38;2;248;248;248m[48;2;248;248;248m▀[0m[38;2;248;248;248m[48;2;248;248;248m▀[0m[38;2;248;248;248m[48;2;248;248;248m▀[0m[38;2;248;248;248m[48;2;248;248;248m▀[0m[38;2;248;248;248m[48;2;191;191;191m▀[0m[38;2;191;191;191m[48;2;191;191;191m▀[0m[38;2;248;248;248m[48;2;191;191;191m▀[0m[38;2;248;248;248m[48;2;191;191;191m▀[0m[38;2;191;191;191m[48;2;191;191;191m▀[0m[38;2;191;191;191m[48;2;191;191;191m▀[0m[38;2;89;89;89m[48;2;89;89;89m▀[0m[38;2;191;191;191m[48;2;191;191;191m▀[0m[38;2;89;89;89m[48;2;248;248;248m▀[0m[38;2;89;89;89m▄[0m       
          [38;2;76;191;172m[48;2;76;191;172m▀[0m[38;2;76;191;172m[48;2;170;242;206m▀[0m[38;2;170;242;206m[48;2;119;217;184m▀[0m[38;2;76;191;172m[48;2;76;191;172m▀[0m  [38;2;16;16;16m[48;2;16;16;16m▀[0m[38;2;69;53;81m[48;2;39;31;44m▀[0m[38;2;39;31;44m[48;2;191;191;191m▀[0m[38;2;69;53;81m[48;2;39;31;44m▀[0m[38;2;104;78;114m[48;2;69;53;81m▀[0m[38;2;104;78;114m[48;2;104;78;114m▀[0m[38;2;104;78;114m[48;2;104;78;114m▀[0m[38;2;104;78;114m[48;2;104;78;114m▀[0m[38;2;39;31;44m[48;2;39;31;44m▀[0m          [38;2;16;16;16m[48;2;16;16;16m▀[0m[38;2;191;191;191m[48;2;191;191;191m▀[0m[38;2;191;191;191m[48;2;191;191;191m▀[0m[38;2;191;191;191m[48;2;191;191;191m▀[0m[38;2;248;248;248m[48;2;191;191;191m▀[0m[38;2;248;248;248m[48;2;191;191;191m▀[0m[38;2;248;248;248m[48;2;191;191;191m▀[0m[38;2;248;248;248m[48;2;191;191;191m▀[0m[38;2;248;248;248m[48;2;191;191;191m▀[0m[38;2;248;248;248m[48;2;191;191;191m▀[0m[38;2;191;191;191m[48;2;191;191;191m▀[0m[38;2;191;191;191m[48;2;191;191;191m▀[0m[38;2;191;191;191m[48;2;191;191;191m▀[0m[38;2;191;191;191m[48;2;191;191;191m▀[0m[38;2;89;89;89m[48;2;89;89;89m▀[0m[38;2;191;191;191m[48;2;191;191;191m▀[0m[38;2;191;191;191m[48;2;191;191;191m▀[0m[38;2;191;191;191m[48;2;191;191;191m▀[0m[38;2;191;191;191m[48;2;191;191;191m▀[0m[38;2;191;191;191m[48;2;191;191;191m▀[0m[38;2;248;248;248m[48;2;191;191;191m▀[0m[38;2;89;89;89m[48;2;248;248;248m▀[0m[38;2;89;89;89m▄[0m      
         [38;2;76;191;172m[48;2;76;191;172m▀[0m[38;2;76;191;172m[48;2;119;217;184m▀[0m[38;2;170;242;206m[48;2;170;242;206m▀[0m[38;2;76;191;172m[48;2;76;191;172m▀[0m   [38;2;16;16;16m[48;2;89;89;89m▀[0m[38;2;89;89;89m[48;2;191;191;191m▀[0m[38;2;191;191;191m[48;2;191;191;191m▀[0m[38;2;39;31;44m[48;2;16;16;16m▀[0m[38;2;69;53;81m[48;2;69;53;81m▀[0m[38;2;104;78;114m[48;2;69;53;81m▀[0m[38;2;104;78;114m[48;2;104;78;114m▀[0m[38;2;104;78;114m[48;2;104;78;114m▀[0m[38;2;104;78;114m[48;2;104;78;114m▀[0m[38;2;39;31;44m[48;2;39;31;44m▀[0m       [38;2;16;16;16m▄[0m[38;2;16;16;16m[48;2;191;191;191m▀[0m[38;2;191;191;191m[48;2;191;191;191m▀[0m[38;2;191;191;191m[48;2;191;191;191m▀[0m[38;2;191;191;191m[48;2;191;191;191m▀[0m[38;2;191;191;191m[48;2;191;191;191m▀[0m[38;2;191;191;191m[48;2;191;191;191m▀[0m[38;2;191;191;191m[48;2;191;191;191m▀[0m[38;2;191;191;191m[48;2;191;191;191m▀[0m[38;2;191;191;191m[48;2;191;191;191m▀[0m[38;2;191;191;191m[48;2;191;191;191m▀[0m[38;2;191;191;191m[48;2;191;191;191m▀[0m[38;2;191;191;191m[48;2;191;191;191m▀[0m[38;2;191;191;191m[48;2;191;191;191m▀[0m[38;2;191;191;191m[48;2;191;191;191m▀[0m[38;2;191;191;191m[48;2;191;191;191m▀[0m[38;2;191;191;191m[48;2;191;191;191m▀[0m[38;2;89;89;89m[48;2;191;191;191m▀[0m[38;2;191;191;191m[48;2;89;89;89m▀[0m[38;2;191;191;191m[48;2;191;191;191m▀[0m[38;2;191;191;191m[48;2;191;191;191m▀[0m[38;2;191;191;191m[48;2;191;191;191m▀[0m[38;2;191;191;191m[48;2;191;191;191m▀[0m[38;2;248;248;248m[48;2;248;248;248m▀[0m[38;2;89;89;89m[48;2;89;89;89m▀[0m[38;2;39;31;44m▄[0m[38;2;39;31;44m▄[0m[38;2;39;31;44m▄[0m[38;2;39;31;44m▄[0m  
        [38;2;76;191;172m[48;2;76;191;172m▀[0m[38;2;76;191;172m[48;2;76;191;172m▀[0m[38;2;170;242;206m[48;2;170;242;206m▀[0m[38;2;76;191;172m[48;2;76;191;172m▀[0m   [38;2;89;89;89m[48;2;89;89;89m▀[0m[38;2;191;191;191m[48;2;248;248;248m▀[0m[38;2;248;248;248m[48;2;248;248;248m▀[0m[38;2;89;89;89m[48;2;16;16;16m▀[0m[38;2;16;16;16m▀[0m[38;2;69;53;81m[48;2;16;16;16m▀[0m[38;2;69;53;81m[48;2;69;53;81m▀[0m[38;2;69;53;81m[48;2;69;53;81m▀[0m[38;2;104;78;114m[48;2;69;53;81m▀[0m[38;2;104;78;114m[48;2;69;53;81m▀[0m[38;2;104;78;114m[48;2;104;78;114m▀[0m[38;2;39;31;44m[48;2;104;78;114m▀[0m[38;2;39;31;44m▄[0m     [38;2;16;16;16m[48;2;16;16;16m▀[0m[38;2;191;191;191m[48;2;191;191;191m▀[0m[38;2;191;191;191m[48;2;89;89;89m▀[0m[38;2;191;191;191m[48;2;191;191;191m▀[0m[38;2;191;191;191m[48;2;191;191;191m▀[0m[38;2;191;191;191m[48;2;191;191;191m▀[0m[38;2;191;191;191m[48;2;191;191;191m▀[0m[38;2;191;191;191m[48;2;191;191;191m▀[0m[38;2;191;191;191m[48;2;191;191;191m▀[0m[38;2;191;191;191m[48;2;191;191;191m▀[0m[38;2;191;191;191m[48;2;191;191;191m▀[0m[38;2;191;191;191m[48;2;191;191;191m▀[0m[38;2;191;191;191m[48;2;191;191;191m▀[0m[38;2;191;191;191m[48;2;191;191;191m▀[0m[38;2;191;191;191m[48;2;191;191;191m▀[0m[38;2;191;191;191m[48;2;191;191;191m▀[0m[38;2;191;191;191m[48;2;89;89;89m▀[0m[38;2;191;191;191m[48;2;191;191;191m▀[0m[38;2;16;16;16m[48;2;16;16;16m▀[0m[38;2;191;191;191m[48;2;191;191;191m▀[0m[38;2;191;191;191m[48;2;191;191;191m▀[0m[38;2;191;191;191m[48;2;39;31;44m▀[0m[38;2;191;191;191m[48;2;39;31;44m▀[0m[38;2;39;31;44m[48;2;104;78;114m▀[0m[38;2;39;31;44m[48;2;104;78;114m▀[0m[38;2;104;78;114m[48;2;104;78;114m▀[0m[38;2;104;78;114m[48;2;104;78;114m▀[0m[38;2;104;78;114m[48;2;104;78;114m▀[0m[38;2;104;78;114m[48;2;104;78;114m▀[0m[38;2;39;31;44m[48;2;104;78;114m▀[0m[38;2;16;16;16m▄[0m
    [38;2;76;191;172m[48;2;76;191;172m▀[0m   [38;2;76;191;172m[48;2;76;191;172m▀[0m[38;2;76;191;172m[48;2;119;217;184m▀[0m[38;2;170;242;206m[48;2;170;242;206m▀[0m[38;2;76;191;172m[48;2;76;191;172m▀[0m[38;2;76;191;172m▄[0m[38;2;76;191;172m▄[0m[38;2;89;89;89m[48;2;248;248;248m▀[0m[38;2;248;248;248m[48;2;248;248;248m▀[0m[38;2;248;248;248m[48;2;16;16;16m▀[0m[38;2;16;16;16m▀[0m   [38;2;16;16;16m▀[0m[38;2;16;16;16m▀[0m[38;2;69;53;81m[48;2;16;16;16m▀[0m[38;2;69;53;81m[48;2;16;16;16m▀[0m[38;2;69;53;81m[48;2;69;53;81m▀[0m[38;2;69;53;81m[48;2;69;53;81m▀[0m[38;2;104;78;114m[48;2;69;53;81m▀[0m[38;2;39;31;44m[48;2;69;53;81m▀[0m[38;2;39;31;44m[48;2;69;53;81m▀[0m[38;2;39;31;44m▄[0m[38;2;39;31;44m▄[0m  [38;2;16;16;16m▀[0m[38;2;89;89;89m[48;2;16;16;16m▀[0m[38;2;191;191;191m[48;2;191;191;191m▀[0m[38;2;191;191;191m[48;2;191;191;191m▀[0m[38;2;191;191;191m[48;2;191;191;191m▀[0m[38;2;191;191;191m[48;2;191;191;191m▀[0m[38;2;191;191;191m[48;2;191;191;191m▀[0m[38;2;191;191;191m[48;2;191;191;191m▀[0m[38;2;191;191;191m[48;2;191;191;191m▀[0m[38;2;191;191;191m[48;2;191;191;191m▀[0m[38;2;191;191;191m[48;2;191;191;191m▀[0m[38;2;191;191;191m[48;2;191;191;191m▀[0m[38;2;191;191;191m[48;2;191;191;191m▀[0m[38;2;191;191;191m[48;2;191;191;191m▀[0m[38;2;191;191;191m[48;2;191;191;191m▀[0m[38;2;89;89;89m[48;2;89;89;89m▀[0m[38;2;89;89;89m[48;2;191;191;191m▀[0m[38;2;191;191;191m[48;2;39;31;44m▀[0m[38;2;191;191;191m[48;2;39;31;44m▀[0m[38;2;39;31;44m[48;2;69;53;81m▀[0m[38;2;104;78;114m[48;2;69;53;81m▀[0m[38;2;104;78;114m[48;2;69;53;81m▀[0m[38;2;69;53;81m[48;2;69;53;81m▀[0m[38;2;69;53;81m[48;2;69;53;81m▀[0m[38;2;16;16;16m[48;2;69;53;81m▀[0m[38;2;16;16;16m[48;2;69;53;81m▀[0m[38;2;16;16;16m[48;2;16;16;16m▀[0m[38;2;16;16;16m▀[0m[38;2;16;16;16m▀[0m 
   [38;2;76;191;172m▄[0m[38;2;76;191;172m[48;2;119;217;184m▀[0m[38;2;76;191;172m▄[0m  [38;2;76;191;172m[48;2;76;191;172m▀[0m[38;2;170;242;206m[48;2;170;242;206m▀[0m[38;2;170;242;206m[48;2;170;242;206m▀[0m[38;2;170;242;206m[48;2;119;217;184m▀[0m[38;2;119;217;184m[48;2;41;166;166m▀[0m[38;2;41;166;166m[48;2;41;166;166m▀[0m[38;2;76;191;172m[48;2;41;166;166m▀[0m[38;2;76;191;172m[48;2;119;217;184m▀[0m[38;2;16;16;16m[48;2;76;191;172m▀[0m        [38;2;16;16;16m▀[0m[38;2;16;16;16m▀[0m[38;2;69;53;81m[48;2;16;16;16m▀[0m[38;2;69;53;81m[48;2;16;16;16m▀[0m[38;2;69;53;81m[48;2;69;53;81m▀[0m[38;2;69;53;81m[48;2;69;53;81m▀[0m[38;2;69;53;81m[48;2;69;53;81m▀[0m[38;2;39;31;44m[48;2;69;53;81m▀[0m[38;2;39;31;44m[48;2;69;53;81m▀[0m[38;2;39;31;44m▄[0m[38;2;39;31;44m▄[0m[38;2;16;16;16m[48;2;39;31;44m▀[0m[38;2;191;191;191m[48;2;191;191;191m▀[0m[38;2;191;191;191m[48;2;191;191;191m▀[0m[38;2;191;191;191m[48;2;39;31;44m▀[0m[38;2;191;191;191m[48;2;39;31;44m▀[0m[38;2;191;191;191m[48;2;39;31;44m▀[0m[38;2;191;191;191m[48;2;39;31;44m▀[0m[38;2;191;191;191m[48;2;39;31;44m▀[0m[38;2;191;191;191m[48;2;39;31;44m▀[0m[38;2;191;191;191m[48;2;39;31;44m▀[0m[38;2;191;191;191m[48;2;191;191;191m▀[0m[38;2;191;191;191m[48;2;191;191;191m▀[0m[38;2;191;191;191m[48;2;39;31;44m▀[0m[38;2;191;191;191m[48;2;39;31;44m▀[0m[38;2;39;31;44m[48;2;69;53;81m▀[0m[38;2;69;53;81m[48;2;69;53;81m▀[0m[38;2;69;53;81m[48;2;69;53;81m▀[0m[38;2;69;53;81m[48;2;69;53;81m▀[0m[38;2;69;53;81m[48;2;69;53;81m▀[0m[38;2;69;53;81m[48;2;16;16;16m▀[0m[38;2;69;53;81m[48;2;16;16;16m▀[0m[38;2;69;53;81m[48;2;16;16;16m▀[0m[38;2;69;53;81m[48;2;16;16;16m▀[0m[38;2;69;53;81m[48;2;16;16;16m▀[0m[38;2;69;53;81m[48;2;69;53;81m▀[0m[38;2;16;16;16m[48;2;248;248;248m▀[0m[38;2;16;16;16m▄[0m 
  [38;2;76;191;172m▄[0m[38;2;76;191;172m[48;2;76;191;172m▀[0m[38;2;170;242;206m[48;2;170;242;206m▀[0m[38;2;76;191;172m[48;2;76;191;172m▀[0m[38;2;76;191;172m▄[0m[38;2;76;191;172m[48;2;76;191;172m▀[0m[38;2;119;217;184m[48;2;170;242;206m▀[0m[38;2;170;242;206m[48;2;119;217;184m▀[0m[38;2;119;217;184m[48;2;41;166;166m▀[0m[38;2;41;166;166m[48;2;41;166;166m▀[0m[38;2;41;166;166m[48;2;41;166;166m▀[0m[38;2;41;166;166m[48;2;41;166;166m▀[0m[38;2;119;217;184m[48;2;119;217;184m▀[0m[38;2;170;242;206m[48;2;170;242;206m▀[0m[38;2;76;191;172m[48;2;119;217;184m▀[0m[38;2;76;191;172m[48;2;76;191;172m▀[0m           [38;2;16;16;16m▀[0m[38;2;16;16;16m▀[0m[38;2;69;53;81m[48;2;16;16;16m▀[0m[38;2;69;53;81m[48;2;16;16;16m▀[0m[38;2;69;53;81m[48;2;69;53;81m▀[0m[38;2;69;53;81m[48;2;69;53;81m▀[0m[38;2;69;53;81m[48;2;69;53;81m▀[0m[38;2;69;53;81m[48;2;69;53;81m▀[0m[38;2;39;31;44m[48;2;69;53;81m▀[0m[38;2;39;31;44m[48;2;179;143;152m▀[0m[38;2;179;143;152m[48;2;179;143;152m▀[0m[38;2;69;53;81m[48;2;69;53;81m▀[0m[38;2;69;53;81m[48;2;69;53;81m▀[0m[38;2;179;143;152m[48;2;179;143;152m▀[0m[38;2;179;143;152m[48;2;179;143;152m▀[0m[38;2;179;143;152m[48;2;179;143;152m▀[0m[38;2;69;53;81m[48;2;39;31;44m▀[0m[38;2;39;31;44m[48;2;69;53;81m▀[0m[38;2;39;31;44m[48;2;69;53;81m▀[0m[38;2;69;53;81m[48;2;69;53;81m▀[0m[38;2;69;53;81m[48;2;69;53;81m▀[0m[38;2;69;53;81m[48;2;69;53;81m▀[0m[38;2;69;53;81m[48;2;16;16;16m▀[0m[38;2;69;53;81m[48;2;16;16;16m▀[0m[38;2;16;16;16m[48;2;191;191;191m▀[0m[38;2;16;16;16m[48;2;191;191;191m▀[0m[38;2;191;191;191m[48;2;191;191;191m▀[0m[38;2;191;191;191m[48;2;191;191;191m▀[0m[38;2;248;248;248m[48;2;191;191;191m▀[0m[38;2;248;248;248m[48;2;248;248;248m▀[0m[38;2;89;89;89m[48;2;89;89;89m▀[0m[38;2;16;16;16m▀[0m[38;2;16;16;16m▀[0m[38;2;16;16;16m▀[0m 
 [38;2;76;191;172m[48;2;76;191;172m▀[0m[38;2;76;191;172m[48;2;119;217;184m▀[0m[38;2;170;242;206m[48;2;170;242;206m▀[0m[38;2;170;242;206m[48;2;170;242;206m▀[0m[38;2;170;242;206m[48;2;170;242;206m▀[0m[38;2;170;242;206m[48;2;119;217;184m▀[0m[38;2;170;242;206m[48;2;119;217;184m▀[0m[38;2;119;217;184m[48;2;41;166;166m▀[0m[38;2;41;166;166m[48;2;41;166;166m▀[0m[38;2;41;166;166m[48;2;41;166;166m▀[0m[38;2;41;166;166m[48;2;41;166;166m▀[0m[38;2;41;166;166m[48;2;41;166;166m▀[0m[38;2;41;166;166m[48;2;119;217;184m▀[0m[38;2;119;217;184m[48;2;170;242;206m▀[0m[38;2;170;242;206m[48;2;119;217;184m▀[0m[38;2;119;217;184m[48;2;76;191;172m▀[0m[38;2;76;191;172m[48;2;76;191;172m▀[0m               [38;2;16;16;16m▀[0m[38;2;16;16;16m▀[0m[38;2;69;53;81m[48;2;16;16;16m▀[0m[38;2;39;31;44m[48;2;69;53;81m▀[0m[38;2;69;53;81m[48;2;69;53;81m▀[0m[38;2;179;143;152m[48;2;69;53;81m▀[0m[38;2;69;53;81m[48;2;69;53;81m▀[0m[38;2;69;53;81m[48;2;69;53;81m▀[0m[38;2;179;143;152m[48;2;69;53;81m▀[0m[38;2;179;143;152m[48;2;69;53;81m▀[0m[38;2;179;143;152m[48;2;69;53;81m▀[0m[38;2;69;53;81m[48;2;69;53;81m▀[0m[38;2;69;53;81m[48;2;69;53;81m▀[0m[38;2;69;53;81m[48;2;69;53;81m▀[0m[38;2;69;53;81m[48;2;69;53;81m▀[0m[38;2;69;53;81m[48;2;69;53;81m▀[0m[38;2;69;53;81m[48;2;16;16;16m▀[0m[38;2;16;16;16m[48;2;191;191;191m▀[0m[38;2;191;191;191m[48;2;191;191;191m▀[0m[38;2;89;89;89m[48;2;191;191;191m▀[0m[38;2;191;191;191m[48;2;89;89;89m▀[0m[38;2;191;191;191m[48;2;191;191;191m▀[0m[38;2;191;191;191m[48;2;191;191;191m▀[0m[38;2;191;191;191m[48;2;191;191;191m▀[0m[38;2;191;191;191m[48;2;191;191;191m▀[0m[38;2;248;248;248m[48;2;191;191;191m▀[0m[38;2;89;89;89m[48;2;248;248;248m▀[0m[38;2;89;89;89m▄[0m   
[38;2;76;191;172m[48;2;76;191;172m▀[0m[38;2;76;191;172m[48;2;119;217;184m▀[0m[38;2;170;242;206m[48;2;170;242;206m▀[0m[38;2;170;242;206m[48;2;119;217;184m▀[0m[38;2;119;217;184m[48;2;41;166;166m▀[0m[38;2;119;217;184m[48;2;41;166;166m▀[0m[38;2;41;166;166m[48;2;41;166;166m▀[0m[38;2;41;166;166m[48;2;41;166;166m▀[0m[38;2;41;166;166m[48;2;41;166;166m▀[0m[38;2;41;166;166m[48;2;41;166;166m▀[0m[38;2;41;166;166m[48;2;41;166;166m▀[0m[38;2;41;166;166m[48;2;41;166;166m▀[0m[38;2;41;166;166m[48;2;41;166;166m▀[0m[38;2;119;217;184m[48;2;119;217;184m▀[0m[38;2;170;242;206m[48;2;170;242;206m▀[0m[38;2;76;191;172m[48;2;76;191;172m▀[0m[38;2;76;191;172m▀[0m                 [38;2;16;16;16m▄[0m[38;2;16;16;16m[48;2;69;53;81m▀[0m[38;2;69;53;81m[48;2;69;53;81m▀[0m[38;2;179;143;152m[48;2;69;53;81m▀[0m[38;2;69;53;81m[48;2;69;53;81m▀[0m[38;2;69;53;81m[48;2;69;53;81m▀[0m[38;2;69;53;81m[48;2;69;53;81m▀[0m[38;2;69;53;81m[48;2;69;53;81m▀[0m[38;2;69;53;81m[48;2;69;53;81m▀[0m[38;2;69;53;81m[48;2;69;53;81m▀[0m[38;2;69;53;81m[48;2;69;53;81m▀[0m[38;2;69;53;81m[48;2;69;53;81m▀[0m[38;2;69;53;81m[48;2;69;53;81m▀[0m[38;2;69;53;81m[48;2;69;53;81m▀[0m[38;2;16;16;16m[48;2;16;16;16m▀[0m[38;2;16;16;16m▀[0m[38;2;191;191;191m[48;2;16;16;16m▀[0m[38;2;191;191;191m[48;2;16;16;16m▀[0m[38;2;191;191;191m[48;2;191;191;191m▀[0m[38;2;89;89;89m[48;2;191;191;191m▀[0m[38;2;191;191;191m[48;2;89;89;89m▀[0m[38;2;89;89;89m[48;2;191;191;191m▀[0m[38;2;89;89;89m[48;2;191;191;191m▀[0m[38;2;191;191;191m[48;2;89;89;89m▀[0m[38;2;191;191;191m[48;2;191;191;191m▀[0m[38;2;191;191;191m[48;2;191;191;191m▀[0m[38;2;89;89;89m[48;2;89;89;89m▀[0m   
[38;2;76;191;172m[48;2;76;191;172m▀[0m[38;2;170;242;206m[48;2;170;242;206m▀[0m[38;2;170;242;206m[48;2;170;242;206m▀[0m[38;2;119;217;184m[48;2;119;217;184m▀[0m[38;2;41;166;166m[48;2;41;166;166m▀[0m[38;2;41;166;166m[48;2;41;166;166m▀[0m[38;2;41;166;166m[48;2;41;166;166m▀[0m[38;2;41;166;166m[48;2;119;217;184m▀[0m[38;2;41;166;166m[48;2;41;166;166m▀[0m[38;2;41;166;166m[48;2;41;166;166m▀[0m[38;2;41;166;166m[48;2;41;166;166m▀[0m[38;2;41;166;166m[48;2;41;166;166m▀[0m[38;2;41;166;166m[48;2;41;166;166m▀[0m[38;2;119;217;184m[48;2;119;217;184m▀[0m[38;2;170;242;206m[48;2;170;242;206m▀[0m[38;2;76;191;172m[48;2;76;191;172m▀[0m                 [38;2;16;16;16m▄[0m[38;2;16;16;16m[48;2;69;53;81m▀[0m[38;2;69;53;81m[48;2;69;53;81m▀[0m[38;2;179;143;152m[48;2;69;53;81m▀[0m[38;2;69;53;81m[48;2;69;53;81m▀[0m[38;2;69;53;81m[48;2;69;53;81m▀[0m[38;2;69;53;81m[48;2;69;53;81m▀[0m[38;2;69;53;81m[48;2;69;53;81m▀[0m[38;2;69;53;81m[48;2;69;53;81m▀[0m[38;2;69;53;81m[48;2;69;53;81m▀[0m[38;2;69;53;81m[48;2;69;53;81m▀[0m[38;2;69;53;81m[48;2;69;53;81m▀[0m[38;2;69;53;81m[48;2;69;53;81m▀[0m[38;2;69;53;81m[48;2;179;143;152m▀[0m[38;2;16;16;16m[48;2;16;16;16m▀[0m    [38;2;16;16;16m▀[0m[38;2;191;191;191m[48;2;16;16;16m▀[0m[38;2;191;191;191m[48;2;16;16;16m▀[0m[38;2;191;191;191m[48;2;16;16;16m▀[0m[38;2;191;191;191m[48;2;16;16;16m▀[0m[38;2;16;16;16m▀[0m[38;2;16;16;16m▀[0m[38;2;16;16;16m▀[0m    
[38;2;76;191;172m[48;2;76;191;172m▀[0m[38;2;170;242;206m[48;2;119;217;184m▀[0m[38;2;170;242;206m[48;2;170;242;206m▀[0m[38;2;119;217;184m[48;2;170;242;206m▀[0m[38;2;41;166;166m[48;2;119;217;184m▀[0m[38;2;41;166;166m[48;2;119;217;184m▀[0m[38;2;41;166;166m[48;2;119;217;184m▀[0m[38;2;41;166;166m[48;2;119;217;184m▀[0m[38;2;119;217;184m[48;2;119;217;184m▀[0m[38;2;41;166;166m[48;2;41;166;166m▀[0m[38;2;41;166;166m[48;2;41;166;166m▀[0m[38;2;41;166;166m[48;2;41;166;166m▀[0m[38;2;41;166;166m[48;2;41;166;166m▀[0m[38;2;119;217;184m[48;2;119;217;184m▀[0m[38;2;170;242;206m[48;2;119;217;184m▀[0m[38;2;76;191;172m[48;2;76;191;172m▀[0m                [38;2;16;16;16m▄[0m[38;2;16;16;16m[48;2;69;53;81m▀[0m[38;2;69;53;81m[48;2;179;143;152m▀[0m[38;2;179;143;152m[48;2;179;143;152m▀[0m[38;2;179;143;152m[48;2;179;143;152m▀[0m[38;2;179;143;152m[48;2;179;143;152m▀[0m[38;2;179;143;152m[48;2;179;143;152m▀[0m[38;2;69;53;81m[48;2;179;143;152m▀[0m[38;2;69;53;81m[48;2;69;53;81m▀[0m[38;2;69;53;81m[48;2;69;53;81m▀[0m[38;2;69;53;81m[48;2;69;53;81m▀[0m[38;2;69;53;81m[48;2;69;53;81m▀[0m[38;2;69;53;81m[48;2;69;53;81m▀[0m[38;2;179;143;152m[48;2;179;143;152m▀[0m[38;2;16;16;16m[48;2;16;16;16m▀[0m                 
 [38;2;119;217;184m[48;2;76;191;172m▀[0m[38;2;170;242;206m[48;2;119;217;184m▀[0m[38;2;170;242;206m[48;2;170;242;206m▀[0m[38;2;170;242;206m[48;2;170;242;206m▀[0m[38;2;170;242;206m[48;2;170;242;206m▀[0m[38;2;170;242;206m[48;2;170;242;206m▀[0m[38;2;170;242;206m[48;2;170;242;206m▀[0m[38;2;119;217;184m[48;2;170;242;206m▀[0m[38;2;41;166;166m[48;2;119;217;184m▀[0m[38;2;41;166;166m[48;2;119;217;184m▀[0m[38;2;41;166;166m[48;2;119;217;184m▀[0m[38;2;119;217;184m[48;2;170;242;206m▀[0m[38;2;170;242;206m[48;2;119;217;184m▀[0m[38;2;76;191;172m[48;2;76;191;172m▀[0m[38;2;76;191;172m▀[0m [38;2;16;16;16m[48;2;16;16;16m▀[0m[38;2;39;31;44m[48;2;69;53;81m▀[0m[38;2;39;31;44m▄[0m  [38;2;39;31;44m▄[0m[38;2;39;31;44m[48;2;104;78;114m▀[0m[38;2;39;31;44m[48;2;39;31;44m▀[0m    [38;2;16;16;16m▄[0m[38;2;16;16;16m▄[0m[38;2;16;16;16m[48;2;179;143;152m▀[0m[38;2;179;143;152m[48;2;179;143;152m▀[0m[38;2;179;143;152m[48;2;179;143;152m▀[0m[38;2;179;143;152m[48;2;179;143;152m▀[0m[38;2;69;53;81m[48;2;69;53;81m▀[0m[38;2;69;53;81m[48;2;69;53;81m▀[0m[38;2;69;53;81m[48;2;69;53;81m▀[0m[38;2;179;143;152m[48;2;179;143;152m▀[0m[38;2;179;143;152m[48;2;179;143;152m▀[0m[38;2;69;53;81m[48;2;69;53;81m▀[0m[38;2;69;53;81m[48;2;69;53;81m▀[0m[38;2;69;53;81m[48;2;69;53;81m▀[0m[38;2;69;53;81m[48;2;69;53;81m▀[0m[38;2;179;143;152m[48;2;179;143;152m▀[0m[38;2;16;16;16m[48;2;16;16;16m▀[0m                  
 [38;2;76;191;172m▀[0m[38;2;76;191;172m[48;2;76;191;172m▀[0m[38;2;119;217;184m[48;2;76;191;172m▀[0m[38;2;170;242;206m[48;2;76;191;172m▀[0m[38;2;170;242;206m[48;2;119;217;184m▀[0m[38;2;170;242;206m[48;2;119;217;184m▀[0m[38;2;170;242;206m[48;2;170;242;206m▀[0m[38;2;170;242;206m[48;2;170;242;206m▀[0m[38;2;170;242;206m[48;2;170;242;206m▀[0m[38;2;170;242;206m[48;2;119;217;184m▀[0m[38;2;170;242;206m[48;2;119;217;184m▀[0m[38;2;119;217;184m[48;2;76;191;172m▀[0m[38;2;76;191;172m[48;2;76;191;172m▀[0m[38;2;76;191;172m▀[0m  [38;2;16;16;16m▀[0m[38;2;69;53;81m[48;2;16;16;16m▀[0m[38;2;69;53;81m[48;2;69;53;81m▀[0m[38;2;39;31;44m[48;2;69;53;81m▀[0m[38;2;39;31;44m[48;2;104;78;114m▀[0m[38;2;104;78;114m[48;2;104;78;114m▀[0m[38;2;104;78;114m[48;2;104;78;114m▀[0m[38;2;39;31;44m[48;2;104;78;114m▀[0m[38;2;39;31;44m▄[0m[38;2;39;31;44m▄[0m[38;2;16;16;16m[48;2;104;78;114m▀[0m[38;2;16;16;16m[48;2;104;78;114m▀[0m[38;2;104;78;114m[48;2;69;53;81m▀[0m[38;2;69;53;81m[48;2;69;53;81m▀[0m[38;2;69;53;81m[48;2;69;53;81m▀[0m[38;2;69;53;81m[48;2;69;53;81m▀[0m[38;2;69;53;81m[48;2;69;53;81m▀[0m[38;2;179;143;152m[48;2;69;53;81m▀[0m[38;2;179;143;152m[48;2;179;143;152m▀[0m[38;2;179;143;152m[48;2;179;143;152m▀[0m[38;2;179;143;152m[48;2;179;143;152m▀[0m[38;2;179;143;152m[48;2;179;143;152m▀[0m[38;2;179;143;152m[48;2;69;53;81m▀[0m[38;2;69;53;81m[48;2;69;53;81m▀[0m[38;2;69;53;81m[48;2;69;53;81m▀[0m[38;2;69;53;81m[48;2;69;53;81m▀[0m[38;2;69;53;81m[48;2;39;31;44m▀[0m[38;2;179;143;152m[48;2;39;31;44m▀[0m[38;2;16;16;16m[48;2;16;16;16m▀[0m                  
   [38;2;76;191;172m▀[0m[38;2;76;191;172m▀[0m[38;2;76;191;172m[48;2;76;191;172m▀[0m[38;2;76;191;172m[48;2;76;191;172m▀[0m[38;2;76;191;172m[48;2;76;191;172m▀[0m[38;2;76;191;172m[48;2;76;191;172m▀[0m[38;2;76;191;172m[48;2;76;191;172m▀[0m[38;2;76;191;172m[48;2;76;191;172m▀[0m[38;2;76;191;172m▀[0m[38;2;76;191;172m▀[0m     [38;2;16;16;16m▀[0m[38;2;69;53;81m[48;2;16;16;16m▀[0m[38;2;69;53;81m[48;2;69;53;81m▀[0m[38;2;69;53;81m[48;2;69;53;81m▀[0m[38;2;69;53;81m[48;2;69;53;81m▀[0m[38;2;104;78;114m[48;2;69;53;81m▀[0m[38;2;104;78;114m[48;2;69;53;81m▀[0m[38;2;104;78;114m[48;2;69;53;81m▀[0m[38;2;104;78;114m[48;2;69;53;81m▀[0m[38;2;69;53;81m[48;2;69;53;81m▀[0m[38;2;69;53;81m[48;2;69;53;81m▀[0m[38;2;69;53;81m[48;2;69;53;81m▀[0m[38;2;69;53;81m[48;2;69;53;81m▀[0m[38;2;69;53;81m[48;2;69;53;81m▀[0m[38;2;69;53;81m[48;2;69;53;81m▀[0m[38;2;69;53;81m[48;2;69;53;81m▀[0m[38;2;69;53;81m[48;2;69;53;81m▀[0m[38;2;69;53;81m[48;2;69;53;81m▀[0m[38;2;69;53;81m[48;2;69;53;81m▀[0m[38;2;69;53;81m[48;2;69;53;81m▀[0m[38;2;69;53;81m[48;2;69;53;81m▀[0m[38;2;69;53;81m[48;2;69;53;81m▀[0m[38;2;69;53;81m[48;2;69;53;81m▀[0m[38;2;69;53;81m[48;2;69;53;81m▀[0m[38;2;69;53;81m[48;2;69;53;81m▀[0m[38;2;69;53;81m[48;2;69;53;81m▀[0m[38;2;69;53;81m[48;2;69;53;81m▀[0m[38;2;39;31;44m[48;2;69;53;81m▀[0m[38;2;39;31;44m[48;2;69;53;81m▀[0m[38;2;39;31;44m▄[0m                
                    [38;2;16;16;16m▀[0m[38;2;16;16;16m▀[0m[38;2;69;53;81m[48;2;16;16;16m▀[0m[38;2;69;53;81m[48;2;16;16;16m▀[0m[38;2;69;53;81m[48;2;16;16;16m▀[0m[38;2;69;53;81m[48;2;69;53;81m▀[0m[38;2;69;53;81m[48;2;69;53;81m▀[0m[38;2;69;53;81m[48;2;69;53;81m▀[0m[38;2;69;53;81m[48;2;69;53;81m▀[0m[38;2;69;53;81m[48;2;69;53;81m▀[0m[38;2;69;53;81m[48;2;69;53;81m▀[0m[38;2;69;53;81m[48;2;69;53;81m▀[0m[38;2;69;53;81m[48;2;69;53;81m▀[0m[38;2;69;53;81m[48;2;69;53;81m▀[0m[38;2;69;53;81m[48;2;69;53;81m▀[0m[38;2;69;53;81m[48;2;69;53;81m▀[0m[38;2;69;53;81m[48;2;69;53;81m▀[0m[38;2;69;53;81m[48;2;69;53;81m▀[0m[38;2;69;53;81m[48;2;39;31;44m▀[0m[38;2;69;53;81m[48;2;69;53;81m▀[0m[38;2;69;53;81m[48;2;69;53;81m▀[0m[38;2;69;53;81m[48;2;69;53;81m▀[0m[38;2;69;53;81m[48;2;69;53;81m▀[0m[38;2;69;53;81m[48;2;69;53;81m▀[0m[38;2;69;53;81m[48;2;69;53;81m▀[0m[38;2;69;53;81m[48;2;69;53;81m▀[0m[38;2;69;53;81m[48;2;69;53;81m▀[0m[38;2;69;53;81m[48;2;69;53;81m▀[0m[38;2;39;31;44m[48;2;69;53;81m▀[0m[38;2;39;31;44m▄[0m              
                         [38;2;16;16;16m▀[0m[38;2;16;16;16m▀[0m[38;2;16;16;16m[48;2;16;16;16m▀[0m[38;2;16;16;16m[48;2;69;53;81m▀[0m[38;2;69;53;81m[48;2;16;16;16m▀[0m[38;2;69;53;81m[48;2;16;16;16m▀[0m[38;2;69;53;81m[48;2;16;16;16m▀[0m[38;2;69;53;81m[48;2;16;16;16m▀[0m[38;2;69;53;81m[48;2;16;16;16m▀[0m[38;2;69;53;81m[48;2;16;16;16m▀[0m[38;2;69;53;81m[48;2;16;16;16m▀[0m[38;2;69;53;81m[48;2;16;16;16m▀[0m[38;2;69;53;81m[48;2;16;16;16m▀[0m[38;2;69;53;81m[48;2;16;16;16m▀[0m[38;2;39;31;44m[48;2;16;16;16m▀[0m[38;2;69;53;81m[48;2;16;16;16m▀[0m[38;2;69;53;81m[48;2;16;16;16m▀[0m[38;2;69;53;81m[48;2;69;53;81m▀[0m[38;2;69;53;81m[48;2;69;53;81m▀[0m[38;2;69;53;81m[48;2;69;53;81m▀[0m[38;2;69;53;81m[48;2;69;53;81m▀[0m[38;2;69;53;81m[48;2;69;53;81m▀[0m[38;2;69;53;81m[48;2;69;53;81m▀[0m[38;2;69;53;81m[48;2;69;53;81m▀[0m[38;2;39;31;44m[48;2;69;53;81m▀[0m[38;2;39;31;44m▄[0m             
                            [38;2;16;16;16m[48;2;16;16;16m▀[0m[38;2;69;53;81m[48;2;69;53;81m▀[0m[38;2;69;53;81m[48;2;69;53;81m▀[0m[38;2;69;53;81m[48;2;69;53;81m▀[0m[38;2;69;53;81m[48;2;16;16;16m▀[0m[38;2;16;16;16m▀[0m        [38;2;16;16;16m▀[0m[38;2;16;16;16m▀[0m[38;2;16;16;16m▀[0m[38;2;69;53;81m[48;2;16;16;16m▀[0m[38;2;69;53;81m[48;2;69;53;81m▀[0m[38;2;69;53;81m[48;2;69;53;81m▀[0m[38;2;69;53;81m[48;2;69;53;81m▀[0m[38;2;69;53;81m[48;2;69;53;81m▀[0m[38;2;39;31;44m[48;2;69;53;81m▀[0m[38;2;16;16;16m▄[0m            
                             [38;2;16;16;16m▀[0m[38;2;16;16;16m▀[0m[38;2;16;16;16m▀[0m             [38;2;16;16;16m▀[0m[38;2;69;53;81m[48;2;16;16;16m▀[0m[38;2;69;53;81m[48;2;16;16;16m▀[0m[38;2;69;53;81m[48;2;16;16;16m▀[0m[38;2;69;53;81m[48;2;16;16;16m▀[0m[38;2;39;31;44m[48;2;16;16;16m▀[0m[38;2;16;16;16m▀[0m            
[0m