                                                                           [38;2;106;160;65m▄[0m[38;2;111;160;69m[48;2;136;187;85m▀[0m[38;2;112;165;68m[48;2;159;198;100m▀[0m[38;2;111;163;67m▄[0m 
                                                                           [38;2;107;161;64m[48;2;99;152;59m▀[0m[38;2;139;190;86m[48;2;133;186;82m▀[0m[38;2;163;202;104m[48;2;170;207;109m▀[0m[38;2;107;159;64m[48;2;144;186;94m▀[0m[38;2;40;85;55m▄[0m
                                                                          [38;2;107;156;64m[48;2;106;158;65m▀[0m[38;2;135;185;84m[48;2;146;198;91m▀[0m[38;2;159;200;102m[48;2;172;207;111m▀[0m[38;2;170;206;109m[48;2;168;205;108m▀[0m[38;2;156;194;104m[48;2;154;192;102m▀[0m[38;2;43;90;58m[48;2;41;86;56m▀[0m
                                                                         [38;2;107;161;67m▄[0m[38;2;100;154;60m[48;2;128;178;79m▀[0m[38;2;139;190;87m[48;2;152;197;96m▀[0m[38;2;170;206;110m[48;2;169;205;109m▀[0m[38;2;168;205;108m[48;2;170;207;110m▀[0m[38;2;154;192;102m[48;2;154;192;102m▀[0m[38;2;41;86;56m[48;2;41;86;56m▀[0m
                                                                         [38;2;106;160;65m[48;2;104;159;64m▀[0m[38;2;153;203;97m[48;2;145;194;92m▀[0m[38;2;173;208;112m[48;2;173;209;113m▀[0m[38;2;161;200;104m[48;2;150;192;96m▀[0m[38;2;155;195;98m[48;2;116;167;70m▀[0m[38;2;157;194;104m[48;2;149;189;97m▀[0m[38;2;41;86;56m[48;2;42;88;58m▀[0m
                                                                        [38;2;109;170;60m[48;2;106;161;64m▀[0m[38;2;114;166;70m[48;2;153;200;97m▀[0m[38;2;149;196;94m[48;2;174;209;113m▀[0m[38;2;169;206;110m[48;2;145;188;92m▀[0m[38;2;147;190;93m[48;2;109;164;66m▀[0m[38;2;109;162;67m[48;2;102;154;68m▀[0m[38;2;95;147;64m[48;2;36;80;55m▀[0m[38;2;43;86;56m▀[0m
                                                                       [38;2;0;255;0m[48;2;107;161;65m▀[0m[38;2;107;160;65m[48;2;152;196;97m▀[0m[38;2;150;196;95m[48;2;171;208;111m▀[0m[38;2;173;208;112m[48;2;142;186;90m▀[0m[38;2;146;189;93m[48;2;110;163;67m▀[0m[38;2;111;165;67m[48;2;115;169;69m▀[0m[38;2;102;154;68m[48;2;104;157;69m▀[0m[38;2;39;83;56m[48;2;39;83;56m▀[0m 
                                                                       [38;2;108;161;65m[48;2;105;159;63m▀[0m[38;2;155;199;98m[48;2;156;199;100m▀[0m[38;2;174;209;114m[48;2;144;188;92m▀[0m[38;2;142;186;90m[48;2;115;167;71m▀[0m[38;2;111;165;66m[48;2;117;170;70m▀[0m[38;2;98;149;68m[48;2;100;153;70m▀[0m[38;2;46;90;56m[48;2;37;80;55m▀[0m[38;2;42;85;53m▀[0m 
                                                                      [38;2;35;80;54m[48;2;27;72;49m▀[0m[38;2;133;176;90m[48;2;144;184;101m▀[0m[38;2;174;210;111m[48;2;150;192;94m▀[0m[38;2;137;182;86m[48;2;119;169;73m▀[0m[38;2;112;165;66m[48;2;116;169;69m▀[0m[38;2;97;149;68m[48;2;89;140;67m▀[0m[38;2;55;102;59m[48;2;33;76;55m▀[0m[38;2;40;81;54m▀[0m  
                                                                    [38;2;0;0;0m[48;2;0;0;0m▀[0m[38;2;40;83;54m[48;2;41;85;56m▀[0m[38;2;102;143;81m[48;2;161;199;107m▀[0m[38;2;164;200;109m[48;2;154;196;97m▀[0m[38;2;130;178;81m[48;2;121;171;75m▀[0m[38;2;108;161;66m[48;2;114;166;68m▀[0m[38;2;119;173;70m[48;2;102;154;69m▀[0m[38;2;94;147;69m[48;2;71;120;63m▀[0m[38;2;37;80;56m[48;2;36;80;56m▀[0m   
                                                                   [38;2;63;63;63m▄[0m[38;2;42;88;57m▄[0m[38;2;34;79;52m[48;2;72;114;68m▀[0m[38;2;157;193;105m[48;2;146;187;96m▀[0m[38;2;124;174;76m[48;2;123;173;75m▀[0m[38;2;110;163;67m[48;2;111;164;68m▀[0m[38;2;119;171;70m[48;2;119;171;70m▀[0m[38;2;81;131;67m[48;2;85;137;68m▀[0m[38;2;29;71;54m[48;2;36;79;55m▀[0m    
                                                                  [38;2;0;85;85m▄[0m[38;2;21;85;42m[48;2;46;93;60m▀[0m[38;2;46;93;60m[48;2;57;100;62m▀[0m[38;2;171;208;110m[48;2;158;196;103m▀[0m[38;2;119;170;72m[48;2;120;170;74m▀[0m[38;2;111;163;67m[48;2;112;164;68m▀[0m[38;2;114;166;69m[48;2;118;171;70m▀[0m[38;2;111;163;69m[48;2;74;124;66m▀[0m[38;2;78;128;66m[48;2;32;72;54m▀[0m[38;2;36;79;55m▀[0m    
                                                                  [38;2;29;72;51m[48;2;37;82;52m▀[0m[38;2;54;100;63m[48;2;50;96;60m▀[0m[38;2;167;205;107m[48;2;114;165;69m▀[0m[38;2;115;166;70m[48;2;113;165;69m▀[0m[38;2;112;165;69m[48;2;113;165;69m▀[0m[38;2;113;165;69m[48;2;113;165;69m▀[0m[38;2;118;171;70m[48;2;118;172;70m▀[0m[38;2;76;126;66m[48;2;77;127;66m▀[0m[38;2;36;78;55m[48;2;36;78;55m▀[0m     
                                                                 [38;2;30;76;45m▄[0m[38;2;30;71;51m[48;2;64;108;67m▀[0m[38;2;45;92;58m[48;2;156;193;103m▀[0m[38;2;113;165;69m[48;2;113;165;69m▀[0m[38;2;113;165;69m[48;2;113;165;69m▀[0m[38;2;113;165;69m[48;2;113;165;69m▀[0m[38;2;118;170;70m[48;2;121;174;70m▀[0m[38;2;72;121;65m[48;2;72;123;68m▀[0m[38;2;42;84;57m[48;2;34;76;55m▀[0m[38;2;31;95;63m▀[0m     
                                                                 [38;2;35;79;52m[48;2;24;66;48m▀[0m[38;2;59;107;65m[48;2;51;99;61m▀[0m[38;2;130;178;78m[48;2;114;167;68m▀[0m[38;2;113;165;69m[48;2;113;165;69m▀[0m[38;2;113;165;69m[48;2;113;165;69m▀[0m[38;2;116;168;70m[48;2;117;169;70m▀[0m[38;2;74;123;65m[48;2;62;112;66m▀[0m[38;2;50;96;59m[48;2;35;77;56m▀[0m[38;2;34;81;57m▀[0m      
                                                                [38;2;35;76;56m[48;2;35;79;55m▀[0m[38;2;59;108;61m[48;2;66;118;67m▀[0m[38;2;93;144;67m[48;2;121;174;70m▀[0m[38;2;114;166;69m[48;2;113;165;69m▀[0m[38;2;113;165;69m[48;2;113;165;69m▀[0m[38;2;113;165;69m[48;2;114;167;69m▀[0m[38;2;123;177;72m[48;2;87;138;67m▀[0m[38;2;49;75;43m[48;2;35;46;30m▀[0m[38;2;15;27;27m[48;2;0;0;6m▀[0m       
                                                               [38;2;37;82;52m▄[0m[38;2;27;69;55m[48;2;54;101;61m▀[0m[38;2;60;109;64m[48;2;80;130;66m▀[0m[38;2;117;170;70m[48;2;116;168;70m▀[0m[38;2;113;165;69m[48;2;113;165;69m▀[0m[38;2;113;165;69m[48;2;113;165;69m▀[0m[38;2;115;168;69m[48;2;118;172;70m▀[0m[38;2;52;102;63m[48;2;48;83;50m▀[0m[38;2;39;104;71m[48;2;27;55;41m▀[0m        
                                                              [38;2;40;80;53m▄[0m[38;2;31;76;55m[48;2;47;92;58m▀[0m[38;2;73;124;68m[48;2;77;126;66m▀[0m[38;2;122;175;70m[48;2;117;170;70m▀[0m[38;2;113;165;69m[48;2;113;165;69m▀[0m[38;2;113;165;69m[48;2;113;165;69m▀[0m[38;2;113;165;69m[48;2;113;165;69m▀[0m[38;2;102;155;70m[48;2;41;80;54m▀[0m[38;2;27;31;21m[48;2;45;105;75m▀[0m[38;2;0;0;6m▀[0m        
                                                              [38;2;35;78;55m[48;2;35;78;55m▀[0m[38;2;80;131;68m[48;2;77;127;66m▀[0m[38;2;120;173;70m[48;2;118;171;70m▀[0m[38;2;113;165;69m[48;2;113;165;69m▀[0m[38;2;113;165;69m[48;2;113;165;69m▀[0m[38;2;113;166;69m[48;2;113;166;69m▀[0m[38;2;113;165;69m[48;2;112;164;69m▀[0m[38;2;20;21;17m[48;2;21;24;19m▀[0m[38;2;8;0;8m[48;2;8;0;8m▀[0m         
                                                             [38;2;35;79;55m▄[0m[38;2;34;76;55m[48;2;81;132;66m▀[0m[38;2;76;126;66m[48;2;114;166;70m▀[0m[38;2;118;171;70m[48;2;113;166;69m▀[0m[38;2;113;165;69m[48;2;113;165;69m▀[0m[38;2;114;166;69m[48;2;114;167;70m▀[0m[38;2;109;161;69m[48;2;107;156;66m▀[0m[38;2;47;91;58m[48;2;18;21;19m▀[0m[38;2;38;63;38m[48;2;23;0;23m▀[0m[38;2;0;0;0m▀[0m         
                                                             [38;2;34;78;56m[48;2;29;71;54m▀[0m[38;2;85;137;68m[48;2;82;133;67m▀[0m[38;2;119;171;70m[48;2;118;170;70m▀[0m[38;2;113;165;69m[48;2;113;165;69m▀[0m[38;2;113;165;69m[48;2;115;168;70m▀[0m[38;2;115;168;71m[48;2;103;150;64m▀[0m[38;2;113;166;69m[48;2;35;47;27m▀[0m[38;2;17;15;16m[48;2;16;16;16m▀[0m[38;2;18;0;18m[48;2;0;0;0m▀[0m          
                                                            [38;2;38;80;56m[48;2;37;79;55m▀[0m[38;2;77;125;64m[48;2;95;147;69m▀[0m[38;2;106;158;69m[48;2;119;171;70m▀[0m[38;2;115;167;69m[48;2;113;165;69m▀[0m[38;2;113;165;69m[48;2;115;166;69m▀[0m[38;2;117;171;70m[48;2;107;159;70m▀[0m[38;2;104;149;63m[48;2;69;116;61m▀[0m[38;2;8;3;12m[48;2;12;9;14m▀[0m            
         [38;2;0;0;0m▄[0m[38;2;27;74;49m▄[0m                                                [38;2;38;82;54m▄[0m[38;2;32;75;54m[48;2;64;110;61m▀[0m[38;2;90;140;67m[48;2;100;152;68m▀[0m[38;2;117;169;70m[48;2;116;168;70m▀[0m[38;2;113;165;69m[48;2;113;165;69m▀[0m[38;2;117;170;70m[48;2;118;172;71m▀[0m[38;2;95;140;63m[48;2;94;134;58m▀[0m[38;2;19;41;34m[48;2;7;0;9m▀[0m             
        [38;2;34;68;51m[48;2;26;76;53m▀[0m[38;2;57;104;65m[48;2;67;115;71m▀[0m[38;2;79;125;74m[48;2;174;210;110m▀[0m[38;2;28;75;50m[48;2;71;117;70m▀[0m[38;2;49;94;57m▄[0m[38;2;42;85;42m▄[0m            [38;2;92;69;69m▄[0m[38;2;108;89;82m[48;2;146;132;128m▀[0m[38;2;125;104;100m[48;2;174;156;153m▀[0m[38;2;104;85;85m[48;2;147;133;130m▀[0m[38;2;112;97;90m▄[0m [38;2;0;0;0m▄[0m[38;2;111;90;85m▄[0m                        [38;2;39;85;56m▄[0m[38;2;36;78;55m[48;2;52;97;58m▀[0m[38;2;101;154;70m[48;2;101;153;68m▀[0m[38;2;120;172;71m[48;2;106;157;68m▀[0m[38;2;114;166;69m[48;2;106;157;68m▀[0m[38;2;114;166;69m[48;2;118;171;71m▀[0m[38;2;110;164;70m[48;2;88;137;64m▀[0m[38;2;80;122;58m[48;2;26;61;47m▀[0m[38;2;9;6;12m▀[0m             
        [38;2;28;76;52m[48;2;28;76;52m▀[0m[38;2;61;107;66m[48;2;61;107;66m▀[0m[38;2;171;207;109m[48;2;171;207;109m▀[0m[38;2;173;209;110m[48;2;166;203;107m▀[0m[38;2;55;102;65m[48;2;59;103;64m▀[0m[38;2;30;75;52m[48;2;39;85;56m▀[0m[38;2;0;85;85m▄[0m         [38;2;115;115;92m▄[0m[38;2;110;88;77m[48;2;117;99;96m▀[0m[38;2;128;112;108m[48;2;229;224;223m▀[0m[38;2;218;211;210m[48;2;215;214;214m▀[0m[38;2;253;254;254m[48;2;182;177;177m▀[0m[38;2;211;202;200m[48;2;167;157;155m▀[0m[38;2;112;93;88m[48;2;120;104;100m▀[0m[38;2;0;0;0m[48;2;110;86;86m▀[0m[38;2;136;118;118m[48;2;150;134;131m▀[0m[38;2;146;130;126m[48;2;252;253;253m▀[0m[38;2;111;95;87m[48;2;137;121;117m▀[0m[38;2;127;110;102m▄[0m[38;2;127;127;127m▄[0m                     [38;2;40;84;56m[48;2;40;84;56m▀[0m[38;2;107;159;69m[48;2;103;154;68m▀[0m[38;2;122;175;70m[48;2;117;170;69m▀[0m[38;2;60;106;59m[48;2;64;111;60m▀[0m[38;2;74;122;63m[48;2;79;128;63m▀[0m[38;2;124;179;73m[48;2;121;174;72m▀[0m[38;2;82;117;53m[48;2;79;112;51m▀[0m[38;2;5;0;8m[48;2;6;2;12m▀[0m              
        [38;2;28;76;52m[48;2;28;76;52m▀[0m[38;2;61;107;66m[48;2;61;107;66m▀[0m[38;2;170;207;109m[48;2;170;207;109m▀[0m[38;2;166;203;107m[48;2;168;204;108m▀[0m[38;2;171;207;109m[48;2;172;208;109m▀[0m[38;2;63;109;67m[48;2;59;106;66m▀[0m[38;2;31;76;49m[48;2;25;70;45m▀[0m         [38;2;120;103;99m[48;2;121;102;99m▀[0m[38;2;176;169;168m[48;2;179;172;171m▀[0m[38;2;186;182;183m[48;2;186;182;184m▀[0m[38;2;184;180;180m[48;2;184;180;180m▀[0m[38;2;184;180;180m[48;2;184;180;180m▀[0m[38;2;187;184;184m[48;2;193;188;188m▀[0m[38;2;167;159;158m[48;2;130;128;128m▀[0m[38;2;120;101;97m[48;2;41;40;40m▀[0m[38;2;131;115;112m[48;2;190;184;184m▀[0m[38;2;189;185;186m[48;2;187;183;183m▀[0m[38;2;252;253;253m[48;2;255;255;255m▀[0m[38;2;139;123;119m[48;2;135;119;115m▀[0m[38;2;110;96;89m[48;2;127;110;102m▀[0m                   [38;2;95;95;95m▄[0m[38;2;87;84;82m▄[0m[38;2;40;84;56m[48;2;176;174;172m▀[0m[38;2;107;159;69m[48;2;197;192;190m▀[0m[38;2;58;104;59m[48;2;74;107;86m▀[0m[38;2;86;134;64m[48;2;80;133;56m▀[0m[38;2;123;179;73m[48;2;122;179;71m▀[0m[38;2;72;102;47m[48;2;72;102;47m▀[0m[38;2;5;0;10m[48;2;5;0;10m▀[0m               
        [38;2;27;77;54m[48;2;25;76;51m▀[0m[38;2;65;113;70m[48;2;55;99;62m▀[0m[38;2;174;211;110m[48;2;71;116;68m▀[0m[38;2;119;169;73m[48;2;108;162;66m▀[0m[38;2;164;202;105m[48;2;166;203;107m▀[0m[38;2;161;199;106m[48;2;177;213;113m▀[0m[38;2;72;118;71m[48;2;68;116;71m▀[0m[38;2;27;73;48m[48;2;14;60;42m▀[0m        [38;2;117;98;98m[48;2;120;100;94m▀[0m[38;2;134;116;112m[48;2;27;21;19m▀[0m[38;2;176;168;166m[48;2;146;143;142m▀[0m[38;2;186;183;183m[48;2;197;193;193m▀[0m[38;2;184;180;180m[48;2;183;179;179m▀[0m[38;2;193;188;188m[48;2;188;185;185m▀[0m[38;2;126;124;124m[48;2;157;150;149m▀[0m[38;2;31;32;32m[48;2;114;102;99m▀[0m[38;2;194;190;190m[48;2;188;185;185m▀[0m[38;2;184;180;180m[48;2;184;180;180m▀[0m[38;2;191;187;187m[48;2;181;177;177m▀[0m[38;2;242;240;240m[48;2;255;255;255m▀[0m[38;2;53;54;53m[48;2;56;57;58m▀[0m[38;2;0;0;0m[48;2;0;0;0m▀[0m                  [38;2;95;95;95m▀[0m[38;2;87;84;82m[48;2;80;77;75m▀[0m[38;2;184;180;179m[48;2;186;182;181m▀[0m[38;2;205;200;201m[48;2;119;116;114m▀[0m[38;2;101;101;98m[48;2;152;148;147m▀[0m[38;2;144;143;140m[48;2;199;193;196m▀[0m[38;2;160;194;127m[48;2;110;113;103m▀[0m[38;2;71;106;42m[48;2;19;29;10m▀[0m[38;2;5;0;9m[48;2;7;0;7m▀[0m               
         [38;2;22;66;44m[48;2;32;74;49m▀[0m[38;2;47;93;60m[48;2;52;97;62m▀[0m[38;2;151;192;96m[48;2;169;205;109m▀[0m[38;2;128;176;80m[48;2;109;162;66m▀[0m[38;2;162;201;104m[48;2;157;196;100m▀[0m[38;2;148;186;101m[48;2;181;216;114m▀[0m[38;2;80;125;73m[48;2;91;137;80m▀[0m[38;2;28;73;51m[48;2;28;75;51m▀[0m     [38;2;85;85;85m▀[0m[38;2;121;103;99m[48;2;133;114;110m▀[0m[38;2;218;212;211m[48;2;214;212;211m▀[0m[38;2;159;156;156m[48;2;207;204;205m▀[0m[38;2;63;63;63m[48;2;105;95;92m▀[0m[38;2;139;136;137m[48;2;57;53;51m▀[0m[38;2;199;194;194m[48;2;128;127;127m▀[0m[38;2;186;183;183m[48;2;193;190;190m▀[0m[38;2;164;155;154m[48;2;177;171;171m▀[0m[38;2;131;115;112m[48;2;165;157;156m▀[0m[38;2;187;184;184m[48;2;186;182;182m▀[0m[38;2;184;180;180m[48;2;183;178;178m▀[0m[38;2;190;186;186m[48;2;157;143;140m▀[0m[38;2;91;91;91m[48;2;16;16;15m▀[0m[38;2;36;39;39m[48;2;0;0;0m▀[0m[38;2;0;0;0m▀[0m                 [38;2;85;85;70m[48;2;78;78;68m▀[0m[38;2;94;91;88m[48;2;99;95;93m▀[0m[38;2;160;156;155m[48;2;193;189;189m▀[0m[38;2;193;189;189m[48;2;203;199;199m▀[0m[38;2;95;92;91m[48;2;93;90;89m▀[0m[38;2;164;160;159m[48;2;159;155;154m▀[0m[38;2;209;205;205m[48;2;216;212;212m▀[0m[38;2;95;92;94m[48;2;104;102;102m▀[0m[38;2;0;0;0m[48;2;0;0;0m▀[0m                
 [38;2;33;57;39m▄[0m[38;2;34;57;39m▄[0m[38;2;26;40;26m▄[0m     [38;2;30;77;46m[48;2;28;70;42m▀[0m[38;2;55;103;65m[48;2;52;96;61m▀[0m[38;2;174;211;110m[48;2;114;157;88m▀[0m[38;2;143;186;90m[48;2;167;203;108m▀[0m[38;2;162;200;104m[48;2;167;204;108m▀[0m[38;2;176;212;112m[48;2;171;207;109m▀[0m[38;2;81;127;75m[48;2;125;166;92m▀[0m[38;2;15;63;45m[48;2;73;117;70m▀[0m[38;2;30;73;51m▄[0m  [38;2;30;45;45m▄[0m[38;2;34;61;41m▄[0m[38;2;33;53;37m[48;2;40;74;49m▀[0m[38;2;137;114;112m[48;2;18;48;29m▀[0m[38;2;145;133;130m[48;2;110;90;86m▀[0m[38;2;186;181;182m[48;2;154;142;140m▀[0m[38;2;178;170;168m[48;2;188;184;184m▀[0m[38;2;89;78;76m[48;2;170;162;160m▀[0m[38;2;117;110;109m[48;2;169;160;159m▀[0m[38;2;193;189;189m[48;2;186;182;182m▀[0m[38;2;185;181;181m[48;2;184;180;180m▀[0m[38;2;187;184;184m[48;2;184;181;181m▀[0m[38;2;186;182;182m[48;2;182;177;177m▀[0m[38;2;183;179;179m[48;2;150;140;138m▀[0m[38;2;59;51;49m[48;2;54;47;45m▀[0m[38;2;6;6;6m[48;2;125;105;100m▀[0m[38;2;0;0;0m[48;2;255;255;255m▀[0m                 [38;2;76;76;76m▄[0m[38;2;51;51;25m[48;2;100;98;96m▀[0m[38;2;89;85;83m[48;2;137;134;133m▀[0m[38;2;189;185;185m[48;2;191;187;187m▀[0m[38;2;141;137;136m[48;2;80;77;75m▀[0m[38;2;137;134;133m[48;2;175;171;171m▀[0m[38;2;185;181;181m[48;2;217;213;213m▀[0m[38;2;139;136;136m[48;2;75;73;73m▀[0m[38;2;64;63;63m[48;2;0;0;0m▀[0m[38;2;0;0;0m▀[0m                
[38;2;14;14;14m[48;2;17;16;17m▀[0m[38;2;32;55;38m[48;2;31;52;37m▀[0m[38;2;42;76;51m[48;2;37;71;48m▀[0m[38;2;37;65;43m[48;2;41;74;50m▀[0m[38;2;30;40;30m[48;2;36;60;41m▀[0m[38;2;29;49;39m▄[0m    [38;2;0;0;19m▄[0m[38;2;25;54;40m[48;2;13;9;12m▀[0m[38;2;163;200;105m[48;2;129;165;91m▀[0m[38;2;171;208;110m[48;2;154;196;99m▀[0m[38;2;166;203;107m[48;2;165;203;106m▀[0m[38;2;182;217;114m[48;2;175;210;111m▀[0m[38;2;104;149;86m[48;2;108;153;82m▀[0m[38;2;26;71;50m[48;2;44;87;50m▀[0m[38;2;28;45;37m▄[0m[38;2;32;49;37m▄[0m[38;2;30;45;37m[48;2;33;55;38m▀[0m[38;2;37;64;44m[48;2;37;68;46m▀[0m[38;2;45;90;58m[48;2;44;88;57m▀[0m[38;2;36;61;43m[48;2;34;65;43m▀[0m[38;2;93;82;75m▄[0m[38;2;115;95;91m[48;2;140;125;122m▀[0m[38;2;152;140;137m[48;2;136;120;117m▀[0m[38;2;181;176;176m[48;2;165;156;156m▀[0m[38;2;188;184;185m[48;2;187;183;184m▀[0m[38;2;184;180;180m[48;2;184;180;180m▀[0m[38;2;184;180;180m[48;2;184;180;180m▀[0m[38;2;185;181;181m[48;2;184;180;180m▀[0m[38;2;179;174;174m[48;2;185;181;181m▀[0m[38;2;139;126;123m[48;2;188;185;186m▀[0m[38;2;153;139;136m[48;2;188;185;186m▀[0m[38;2;159;145;141m[48;2;190;187;187m▀[0m[38;2;121;106;99m[48;2;171;158;155m▀[0m[38;2;115;94;88m[48;2;172;157;153m▀[0m[38;2;92;81;69m[48;2;145;130;126m▀[0m[38;2;85;63;53m▄[0m             [38;2;75;75;75m▄[0m[38;2;66;66;60m[48;2;98;96;93m▀[0m[38;2;107;104;102m[48;2;126;123;121m▀[0m[38;2;200;196;196m[48;2;192;188;188m▀[0m[38;2;191;187;187m[48;2;190;186;186m▀[0m[38;2;125;121;120m[48;2;197;193;193m▀[0m[38;2;182;178;178m[48;2;203;199;199m▀[0m[38;2;157;154;154m[48;2;50;50;50m▀[0m[38;2;67;65;65m[48;2;0;0;0m▀[0m[38;2;0;0;0m▀[0m                 
[38;2;16;15;16m[48;2;16;15;16m▀[0m[38;2;32;54;38m[48;2;32;54;38m▀[0m[38;2;15;14;15m[48;2;19;23;20m▀[0m[38;2;37;70;47m[48;2;34;64;43m▀[0m[38;2;44;82;54m[48;2;45;92;59m▀[0m[38;2;33;57;40m[48;2;40;75;50m▀[0m[38;2;31;55;37m[48;2;37;63;44m▀[0m[38;2;28;56;37m[48;2;34;58;40m▀[0m[38;2;34;46;34m▄[0m[38;2;34;57;34m▄[0m[38;2;28;0;28m[48;2;37;60;37m▀[0m[38;2;19;22;19m[48;2;35;61;42m▀[0m[38;2;31;69;48m[48;2;34;58;40m▀[0m[38;2;85;132;58m[48;2;26;48;37m▀[0m[38;2;146;189;93m[48;2;82;128;56m▀[0m[38;2;170;206;109m[48;2;145;189;92m▀[0m[38;2;150;196;92m[48;2;178;216;114m▀[0m[38;2;82;120;58m[48;2;106;134;76m▀[0m[38;2;29;53;40m[48;2;27;57;40m▀[0m[38;2;37;64;44m[48;2;46;92;59m▀[0m[38;2;38;69;47m[48;2;44;89;58m▀[0m[38;2;45;91;59m[48;2;43;88;57m▀[0m[38;2;44;88;57m[48;2;44;88;58m▀[0m[38;2;55;92;64m[48;2;124;106;103m▀[0m[38;2;132;120;114m[48;2;182;176;177m▀[0m[38;2;181;174;175m[48;2;185;182;183m▀[0m[38;2;190;187;188m[48;2;184;180;180m▀[0m[38;2;186;182;182m[48;2;184;180;180m▀[0m[38;2;184;180;180m[48;2;184;180;180m▀[0m[38;2;184;180;180m[48;2;184;180;180m▀[0m[38;2;184;180;180m[48;2;184;180;180m▀[0m[38;2;184;180;180m[48;2;184;180;180m▀[0m[38;2;184;180;180m[48;2;184;180;180m▀[0m[38;2;184;180;180m[48;2;184;180;180m▀[0m[38;2;184;180;180m[48;2;184;180;180m▀[0m[38;2;181;177;177m[48;2;184;180;180m▀[0m[38;2;239;238;239m[48;2;177;172;172m▀[0m[38;2;255;255;255m[48;2;235;234;234m▀[0m[38;2;198;188;185m[48;2;255;255;255m▀[0m[38;2;131;115;111m[48;2;196;185;183m▀[0m[38;2;110;88;88m[48;2;109;88;85m▀[0m            [38;2;73;73;70m[48;2;72;72;69m▀[0m[38;2;121;116;114m[48;2;113;109;107m▀[0m[38;2;201;197;197m[48;2;195;191;191m▀[0m[38;2;190;186;186m[48;2;190;186;186m▀[0m[38;2;190;186;186m[48;2;190;186;186m▀[0m[38;2;190;186;186m[48;2;191;187;187m▀[0m[38;2;204;200;200m[48;2;187;184;184m▀[0m[38;2;62;61;61m[48;2;60;58;58m▀[0m[38;2;0;0;0m[48;2;0;0;0m▀[0m                  
[38;2;16;15;16m[48;2;0;0;0m▀[0m[38;2;30;51;36m[48;2;15;14;14m▀[0m[38;2;34;60;41m[48;2;30;49;35m▀[0m[38;2;18;21;19m[48;2;33;54;38m▀[0m[38;2;33;60;41m[48;2;40;76;50m▀[0m[38;2;46;92;59m[48;2;45;90;58m▀[0m[38;2;45;91;58m[48;2;44;88;57m▀[0m[38;2;41;79;52m[48;2;44;88;57m▀[0m[38;2;33;56;39m[48;2;44;87;57m▀[0m[38;2;34;58;40m[48;2;44;88;57m▀[0m[38;2;35;60;41m[48;2;44;88;57m▀[0m[38;2;44;89;57m[48;2;44;88;57m▀[0m[38;2;44;89;57m[48;2;44;88;57m▀[0m[38;2;45;91;58m[48;2;44;88;57m▀[0m[38;2;29;54;41m[48;2;45;89;58m▀[0m[38;2;80;122;55m[48;2;28;56;40m▀[0m[38;2;155;201;96m[48;2;114;143;80m▀[0m[38;2;110;138;78m[48;2;155;202;96m▀[0m[38;2;28;59;40m[48;2;79;121;55m▀[0m[38;2;45;89;58m[48;2;30;56;41m▀[0m[38;2;44;88;57m[48;2;42;90;56m▀[0m[38;2;43;88;57m[48;2;49;89;59m▀[0m[38;2;47;89;59m[48;2;126;110;105m▀[0m[38;2;123;108;103m[48;2;181;177;177m▀[0m[38;2;179;173;173m[48;2;185;181;181m▀[0m[38;2;185;181;182m[48;2;184;180;180m▀[0m[38;2;184;180;180m[48;2;184;180;180m▀[0m[38;2;184;180;180m[48;2;184;180;180m▀[0m[38;2;184;180;180m[48;2;184;180;180m▀[0m[38;2;184;180;180m[48;2;184;180;180m▀[0m[38;2;184;180;180m[48;2;184;180;180m▀[0m[38;2;184;180;180m[48;2;184;180;180m▀[0m[38;2;184;180;180m[48;2;184;180;180m▀[0m[38;2;184;180;180m[48;2;184;180;180m▀[0m[38;2;184;180;180m[48;2;184;180;180m▀[0m[38;2;184;180;180m[48;2;184;180;180m▀[0m[38;2;180;175;175m[48;2;184;180;180m▀[0m[38;2;234;233;233m[48;2;180;176;176m▀[0m[38;2;254;254;254m[48;2;229;228;228m▀[0m[38;2;192;181;179m[48;2;254;254;254m▀[0m[38;2;115;95;92m[48;2;202;193;191m▀[0m[38;2;102;102;102m[48;2;110;92;87m▀[0m          [38;2;85;85;85m[48;2;77;74;71m▀[0m[38;2;80;80;77m[48;2;123;119;118m▀[0m[38;2;116;112;110m[48;2;196;192;192m▀[0m[38;2;195;191;191m[48;2;190;186;186m▀[0m[38;2;190;186;186m[48;2;190;186;186m▀[0m[38;2;190;186;186m[48;2;190;186;186m▀[0m[38;2;198;194;194m[48;2;198;194;194m▀[0m[38;2;42;41;41m[48;2;45;44;44m▀[0m[38;2;0;0;0m[48;2;0;0;0m▀[0m                   
 [38;2;15;12;13m[48;2;15;15;15m▀[0m[38;2;31;51;36m[48;2;17;18;17m▀[0m[38;2;34;58;40m[48;2;30;48;34m▀[0m[38;2;32;55;39m[48;2;35;60;41m▀[0m[38;2;40;76;50m[48;2;24;34;26m▀[0m[38;2;46;92;59m[48;2;29;50;35m▀[0m[38;2;44;88;57m[48;2;48;97;62m▀[0m[38;2;44;88;57m[48;2;45;92;59m▀[0m[38;2;44;88;57m[48;2;44;88;57m▀[0m[38;2;44;88;57m[48;2;44;88;57m▀[0m[38;2;44;88;57m[48;2;44;88;57m▀[0m[38;2;44;88;57m[48;2;44;88;57m▀[0m[38;2;44;88;57m[48;2;45;90;58m▀[0m[38;2;44;88;57m[48;2;41;89;56m▀[0m[38;2;44;88;57m[48;2;33;67;44m▀[0m[38;2;38;68;48m[48;2;18;41;29m▀[0m[38;2;80;117;56m[48;2;66;108;47m▀[0m[38;2;85;131;57m[48;2;117;150;76m▀[0m[38;2;44;57;48m[48;2;143;128;131m▀[0m[38;2;119;103;98m[48;2;239;235;235m▀[0m[38;2;115;101;95m[48;2;231;226;226m▀[0m[38;2;127;109;105m[48;2;124;107;103m▀[0m[38;2;182;178;178m[48;2;182;177;177m▀[0m[38;2;185;181;181m[48;2;185;181;181m▀[0m[38;2;184;180;180m[48;2;184;180;180m▀[0m[38;2;184;180;180m[48;2;184;180;180m▀[0m[38;2;184;180;180m[48;2;184;180;180m▀[0m[38;2;184;180;180m[48;2;184;180;180m▀[0m[38;2;184;180;180m[48;2;184;180;180m▀[0m[38;2;184;180;180m[48;2;184;180;180m▀[0m[38;2;184;180;180m[48;2;184;180;180m▀[0m[38;2;184;180;180m[48;2;184;180;180m▀[0m[38;2;184;180;180m[48;2;184;180;180m▀[0m[38;2;184;180;180m[48;2;184;180;180m▀[0m[38;2;184;180;180m[48;2;184;180;180m▀[0m[38;2;184;180;180m[48;2;184;180;180m▀[0m[38;2;179;175;175m[48;2;179;175;175m▀[0m[38;2;229;228;228m[48;2;229;228;228m▀[0m[38;2;255;255;255m[48;2;255;255;255m▀[0m[38;2;204;195;193m[48;2;204;194;192m▀[0m[38;2;109;91;87m[48;2;108;91;88m▀[0m      [38;2;78;73;70m▄[0m[38;2;80;76;74m▄[0m[38;2;76;73;72m▄[0m[38;2;76;73;71m▄[0m[38;2;69;66;63m[48;2;129;124;123m▀[0m[38;2;121;117;116m[48;2;192;188;189m▀[0m[38;2;198;194;194m[48;2;191;187;187m▀[0m[38;2;190;186;186m[48;2;190;186;186m▀[0m[38;2;190;186;186m[48;2;190;186;186m▀[0m[38;2;190;186;186m[48;2;193;188;188m▀[0m[38;2;205;201;201m[48;2;54;53;53m▀[0m[38;2;47;46;46m[48;2;21;21;21m▀[0m[38;2;0;0;0m[48;2;0;0;0m▀[0m                   
  [38;2;13;12;13m[48;2;15;11;15m▀[0m[38;2;30;48;34m[48;2;19;24;20m▀[0m[38;2;35;60;41m[48;2;30;49;35m▀[0m[38;2;31;52;36m[48;2;35;61;41m▀[0m[38;2;25;37;28m[48;2;31;50;36m▀[0m[38;2;20;25;22m[48;2;26;39;29m▀[0m[38;2;26;42;31m[48;2;25;37;28m▀[0m[38;2;48;97;62m[48;2;23;33;26m▀[0m[38;2;46;93;60m[48;2;23;33;26m▀[0m[38;2;46;93;60m[48;2;23;33;26m▀[0m[38;2;45;91;59m[48;2;26;60;38m▀[0m[38;2;27;61;38m[48;2;78;78;68m▀[0m[38;2;86;90;77m[48;2;153;142;141m▀[0m[38;2;100;90;82m[48;2;170;160;160m▀[0m[38;2;136;131;128m[48;2;192;184;185m▀[0m[38;2;103;122;102m[48;2;112;121;115m▀[0m[38;2;67;79;53m[48;2;23;52;32m▀[0m[38;2;174;154;155m[48;2;100;115;97m▀[0m[38;2;255;255;255m[48;2;173;154;155m▀[0m[38;2;197;194;194m[48;2;137;124;121m▀[0m[38;2;125;108;104m[48;2;116;98;94m▀[0m[38;2;182;178;177m[48;2;186;183;183m▀[0m[38;2;185;181;181m[48;2;186;182;182m▀[0m[38;2;184;180;180m[48;2;184;180;180m▀[0m[38;2;184;180;180m[48;2;184;180;180m▀[0m[38;2;184;180;180m[48;2;184;180;180m▀[0m[38;2;184;180;180m[48;2;184;180;180m▀[0m[38;2;184;180;180m[48;2;184;180;180m▀[0m[38;2;184;180;180m[48;2;184;180;180m▀[0m[38;2;184;180;180m[48;2;184;180;180m▀[0m[38;2;184;180;180m[48;2;184;180;180m▀[0m[38;2;184;180;180m[48;2;184;180;180m▀[0m[38;2;184;180;180m[48;2;184;180;180m▀[0m[38;2;184;180;180m[48;2;184;180;180m▀[0m[38;2;184;180;180m[48;2;184;180;180m▀[0m[38;2;179;175;175m[48;2;182;178;178m▀[0m[38;2;233;232;232m[48;2;195;192;192m▀[0m[38;2;255;255;255m[48;2;238;238;238m▀[0m[38;2;196;190;189m[48;2;193;187;193m▀[0m[38;2;123;90;78m[48;2;156;123;74m▀[0m[38;2;137;74;45m[48;2;212;153;39m▀[0m[38;2;131;69;51m▄[0m[38;2;148;87;48m▄[0m[38;2;77;76;73m▄[0m[38;2;79;76;75m[48;2;156;152;152m▀[0m[38;2;65;63;59m[48;2;203;202;201m▀[0m[38;2;191;190;189m[48;2;255;255;255m▀[0m[38;2;225;224;224m[48;2;231;229;229m▀[0m[38;2;225;225;224m[48;2;214;211;211m▀[0m[38;2;153;152;150m[48;2;194;191;191m▀[0m[38;2;78;75;73m[48;2;169;165;164m▀[0m[38;2;134;130;129m[48;2;149;146;144m▀[0m[38;2;202;198;198m[48;2;125;122;120m▀[0m[38;2;190;186;186m[48;2;202;198;198m▀[0m[38;2;190;186;186m[48;2;197;193;194m▀[0m[38;2;193;188;188m[48;2;201;195;196m▀[0m[38;2;26;26;26m[48;2;31;31;31m▀[0m[38;2;0;0;0m[48;2;0;0;0m▀[0m                    
   [38;2;8;0;4m[48;2;33;57;40m▀[0m[38;2;18;22;19m[48;2;25;34;26m▀[0m[38;2;28;44;32m[48;2;32;53;37m▀[0m[38;2;33;55;39m[48;2;40;73;49m▀[0m[38;2;36;64;44m[48;2;40;77;51m▀[0m[38;2;39;74;49m[48;2;46;92;59m▀[0m[38;2;31;54;38m[48;2;46;93;60m▀[0m[38;2;31;55;38m[48;2;46;93;60m▀[0m[38;2;31;55;38m[48;2;47;97;62m▀[0m[38;2;80;81;71m[48;2;120;103;98m▀[0m[38;2;153;143;141m[48;2;181;175;174m▀[0m[38;2;184;179;179m[48;2;187;183;183m▀[0m[38;2;187;184;185m[48;2;190;186;186m▀[0m[38;2;199;196;196m[48;2;135;133;133m▀[0m[38;2;150;145;142m[48;2;116;103;103m▀[0m[38;2;59;71;56m[48;2;96;89;82m▀[0m[38;2;37;71;46m[48;2;20;56;32m▀[0m[38;2;79;91;73m[48;2;53;93;62m▀[0m[38;2;132;113;110m[48;2;143;120;120m▀[0m[38;2;205;199;197m[48;2;230;230;230m▀[0m[38;2;150;138;136m[48;2;116;97;92m▀[0m[38;2;180;176;175m[48;2;186;180;180m▀[0m[38;2;185;181;181m[48;2;187;183;184m▀[0m[38;2;184;180;180m[48;2;184;180;180m▀[0m[38;2;184;180;180m[48;2;184;180;180m▀[0m[38;2;184;180;180m[48;2;184;180;180m▀[0m[38;2;184;180;180m[48;2;184;180;180m▀[0m[38;2;184;180;180m[48;2;184;180;180m▀[0m[38;2;184;180;180m[48;2;184;180;180m▀[0m[38;2;184;180;180m[48;2;184;180;180m▀[0m[38;2;184;180;180m[48;2;184;180;180m▀[0m[38;2;184;180;180m[48;2;184;180;180m▀[0m[38;2;184;180;180m[48;2;184;180;180m▀[0m[38;2;184;180;180m[48;2;184;180;180m▀[0m[38;2;184;180;180m[48;2;184;180;180m▀[0m[38;2;176;172;171m[48;2;186;183;184m▀[0m[38;2;234;235;235m[48;2;192;188;189m▀[0m[38;2;197;193;204m[48;2;163;140;134m▀[0m[38;2;164;137;72m[48;2;155;107;57m▀[0m[38;2;255;217;36m[48;2;179;138;37m▀[0m[38;2;214;157;50m[48;2;140;119;43m▀[0m[38;2;110;85;72m[48;2;150;151;156m▀[0m[38;2;154;151;150m[48;2;208;203;203m▀[0m[38;2;193;189;189m[48;2;191;187;187m▀[0m[38;2;222;220;220m[48;2;186;182;182m▀[0m[38;2;218;216;216m[48;2;185;181;181m▀[0m[38;2;194;191;191m[48;2;204;200;200m▀[0m[38;2;201;197;197m[48;2;137;134;134m▀[0m[38;2;141;138;138m[48;2;85;84;84m▀[0m[38;2;71;70;70m[48;2;93;91;91m▀[0m[38;2;102;100;100m[48;2;95;94;94m▀[0m[38;2;157;154;153m[48;2;89;87;87m▀[0m[38;2;133;129;128m[48;2;54;52;51m▀[0m[38;2;123;119;118m[48;2;145;141;140m▀[0m[38;2;125;121;120m[48;2;133;129;128m▀[0m[38;2;9;9;9m[48;2;141;141;141m▀[0m[38;2;0;0;0m[48;2;94;92;90m▀[0m[38;2;70;66;64m▄[0m[38;2;60;52;52m▄[0m                  
 [38;2;36;61;42m[48;2;27;44;31m▀[0m[38;2;32;53;37m[48;2;38;66;46m▀[0m[38;2;35;66;44m[48;2;44;87;56m▀[0m[38;2;40;73;49m[48;2;46;92;59m▀[0m[38;2;42;81;53m[48;2;44;89;58m▀[0m[38;2;45;92;59m[48;2;44;88;57m▀[0m[38;2;45;90;58m[48;2;44;88;57m▀[0m[38;2;44;88;57m[48;2;44;88;57m▀[0m[38;2;44;88;57m[48;2;44;89;57m▀[0m[38;2;43;86;56m[48;2;42;84;54m▀[0m[38;2;33;60;41m[48;2;14;11;13m▀[0m[38;2;140;130;126m[48;2;178;175;175m▀[0m[38;2;181;175;175m[48;2;187;183;183m▀[0m[38;2;185;181;181m[48;2;184;180;180m▀[0m[38;2;197;193;193m[48;2;192;188;188m▀[0m[38;2;68;67;67m[48;2;116;114;114m▀[0m[38;2;49;40;38m[48;2;67;62;60m▀[0m[38;2;122;110;104m[48;2;92;77;75m▀[0m[38;2;61;77;60m[48;2;78;72;66m▀[0m[38;2;45;78;53m[48;2;28;58;38m▀[0m[38;2;100;105;92m[48;2;45;91;59m▀[0m[38;2;157;148;146m[48;2;124;106;101m▀[0m[38;2;180;169;167m[48;2;245;245;246m▀[0m[38;2;121;117;117m[48;2;10;10;10m▀[0m[38;2;167;164;164m[48;2;160;158;158m▀[0m[38;2;183;179;179m[48;2;210;207;207m▀[0m[38;2;181;176;176m[48;2;204;202;202m▀[0m[38;2;180;176;176m[48;2;205;203;203m▀[0m[38;2;182;178;178m[48;2;195;192;192m▀[0m[38;2;184;180;180m[48;2;180;175;175m▀[0m[38;2;184;180;180m[48;2;182;178;178m▀[0m[38;2;184;180;180m[48;2;184;180;180m▀[0m[38;2;184;180;180m[48;2;184;180;180m▀[0m[38;2;184;180;180m[48;2;184;180;180m▀[0m[38;2;184;180;180m[48;2;184;180;180m▀[0m[38;2;184;180;180m[48;2;184;180;180m▀[0m[38;2;186;182;183m[48;2;187;184;185m▀[0m[38;2;170;163;162m[48;2;152;141;139m▀[0m[38;2;128;114;112m[48;2;154;141;138m▀[0m[38;2;117;87;76m[48;2;142;132;135m▀[0m[38;2;162;105;56m[48;2;151;118;77m▀[0m[38;2;135;82;23m[48;2;172;122;33m▀[0m[38;2;1;9;25m[48;2;32;30;35m▀[0m[38;2;127;125;125m[48;2;30;24;23m▀[0m[38;2;117;115;115m[48;2;32;27;25m▀[0m[38;2;195;191;191m[48;2;125;122;122m▀[0m[38;2;200;196;196m[48;2;130;127;127m▀[0m[38;2;205;200;200m[48;2;138;136;136m▀[0m[38;2;143;141;141m[48;2;51;47;46m▀[0m[38;2;78;78;78m[48;2;119;111;110m▀[0m[38;2;138;136;136m[48;2;183;174;172m▀[0m[38;2;219;215;216m[48;2;179;172;172m▀[0m[38;2;170;167;167m[48;2;186;183;183m▀[0m[38;2;58;57;57m[48;2;126;124;124m▀[0m[38;2;19;19;19m[48;2;1;2;2m▀[0m[38;2;133;131;131m[48;2;10;10;10m▀[0m[38;2;195;191;191m[48;2;193;189;189m▀[0m[38;2;246;245;245m[48;2;187;182;182m▀[0m[38;2;152;149;148m[48;2;191;187;187m▀[0m[38;2;161;157;157m[48;2;255;255;255m▀[0m[38;2;122;119;119m[48;2;195;194;193m▀[0m[38;2;31;31;25m[48;2;113;112;109m▀[0m[38;2;69;63;63m▄[0m                
 [38;2;13;8;12m[48;2;15;13;14m▀[0m[38;2;38;71;47m[48;2;31;52;37m▀[0m[38;2;42;82;54m[48;2;34;58;40m▀[0m[38;2;43;86;56m[48;2;39;74;49m▀[0m[38;2;44;89;57m[48;2;44;88;57m▀[0m[38;2;44;88;57m[48;2;44;88;57m▀[0m[38;2;44;88;57m[48;2;44;88;57m▀[0m[38;2;44;88;57m[48;2;44;88;57m▀[0m[38;2;44;89;57m[48;2;44;89;57m▀[0m[38;2;42;84;54m[48;2;42;84;54m▀[0m[38;2;16;16;16m[48;2;16;16;16m▀[0m[38;2;174;170;170m[48;2;174;170;170m▀[0m[38;2;186;182;182m[48;2;186;182;182m▀[0m[38;2;184;180;180m[48;2;184;180;180m▀[0m[38;2;183;179;179m[48;2;184;180;180m▀[0m[38;2;202;197;197m[48;2;183;179;179m▀[0m[38;2;127;124;124m[48;2;189;185;185m▀[0m[38;2;34;33;34m[48;2;202;197;197m▀[0m[38;2;39;43;40m[48;2;155;151;151m▀[0m[38;2;23;47;31m[48;2;25;24;25m▀[0m[38;2;42;73;49m[48;2;46;41;42m▀[0m[38;2;127;110;106m[48;2;126;108;104m▀[0m[38;2;165;157;156m[48;2;136;120;115m▀[0m[38;2;66;66;65m[48;2;254;253;252m▀[0m[38;2;220;220;220m[48;2;255;255;255m▀[0m[38;2;255;255;255m[48;2;252;252;252m▀[0m[38;2;255;255;255m[48;2;252;252;252m▀[0m[38;2;255;255;255m[48;2;252;252;252m▀[0m[38;2;234;232;232m[48;2;254;254;254m▀[0m[38;2;194;192;192m[48;2;255;255;255m▀[0m[38;2;196;192;192m[48;2;243;242;242m▀[0m[38;2;183;179;179m[48;2;180;176;176m▀[0m[38;2;184;180;180m[48;2;184;180;180m▀[0m[38;2;184;180;180m[48;2;184;180;180m▀[0m[38;2;184;180;180m[48;2;184;180;180m▀[0m[38;2;184;180;180m[48;2;184;180;180m▀[0m[38;2;184;180;180m[48;2;184;180;180m▀[0m[38;2;182;179;179m[48;2;184;180;180m▀[0m[38;2;227;227;227m[48;2;177;172;172m▀[0m[38;2;210;204;202m[48;2;210;208;208m▀[0m[38;2;143;129;130m[48;2;255;255;255m▀[0m[38;2;147;137;142m[48;2;255;255;255m▀[0m[38;2;161;146;141m[48;2;255;255;255m▀[0m[38;2;161;145;142m[48;2;255;255;255m▀[0m[38;2;160;146;142m[48;2;251;251;251m▀[0m[38;2;59;59;59m[48;2;255;255;255m▀[0m[38;2;55;55;55m[48;2;255;255;255m▀[0m[38;2;34;36;36m[48;2;207;203;203m▀[0m[38;2;115;103;101m[48;2;188;183;183m▀[0m[38;2;144;127;123m[48;2;187;184;184m▀[0m[38;2;130;114;110m[48;2;192;188;190m▀[0m[38;2;156;144;142m[48;2;164;156;155m▀[0m[38;2;137;132;131m[48;2;132;114;110m▀[0m[38;2;11;7;7m[48;2;140;123;120m▀[0m[38;2;123;105;105m▄[0m[38;2;21;21;21m▀[0m[38;2;150;147;147m[48;2;3;3;3m▀[0m[38;2;188;184;184m[48;2;175;172;172m▀[0m[38;2;187;183;183m[48;2;193;189;189m▀[0m[38;2;225;224;223m[48;2;182;178;178m▀[0m[38;2;255;255;255m[48;2;241;240;240m▀[0m[38;2;179;178;176m[48;2;185;184;182m▀[0m[38;2;65;63;60m[48;2;86;85;81m▀[0m[38;2;0;0;0m▄[0m               
 [38;2;14;11;12m▀[0m[38;2;39;73;48m[48;2;13;8;13m▀[0m[38;2;46;93;60m[48;2;38;72;48m▀[0m[38;2;36;65;44m[48;2;38;69;46m▀[0m[38;2;38;70;47m[48;2;38;71;47m▀[0m[38;2;45;90;58m[48;2;45;90;58m▀[0m[38;2;44;88;57m[48;2;44;88;57m▀[0m[38;2;44;88;57m[48;2;44;88;57m▀[0m[38;2;44;89;57m[48;2;44;89;57m▀[0m[38;2;42;84;54m[48;2;42;84;54m▀[0m[38;2;16;16;16m[48;2;16;16;16m▀[0m[38;2;174;170;170m[48;2;174;170;170m▀[0m[38;2;186;182;182m[48;2;186;182;182m▀[0m[38;2;184;180;180m[48;2;184;180;180m▀[0m[38;2;184;180;180m[48;2;184;180;180m▀[0m[38;2;184;180;180m[48;2;184;180;180m▀[0m[38;2;184;180;180m[48;2;184;180;180m▀[0m[38;2;184;180;180m[48;2;184;180;180m▀[0m[38;2;186;182;182m[48;2;189;185;185m▀[0m[38;2;190;186;186m[48;2;155;151;151m▀[0m[38;2;175;169;169m[48;2;20;20;20m▀[0m[38;2;130;114;110m[48;2;187;183;183m▀[0m[38;2;249;248;249m[48;2;182;177;177m▀[0m[38;2;253;253;253m[48;2;244;244;244m▀[0m[38;2;252;252;252m[48;2;252;252;252m▀[0m[38;2;252;252;252m[48;2;251;251;251m▀[0m[38;2;252;252;252m[48;2;251;251;251m▀[0m[38;2;252;252;252m[48;2;251;251;251m▀[0m[38;2;253;253;253m[48;2;254;254;254m▀[0m[38;2;253;254;254m[48;2;231;230;230m▀[0m[38;2;235;234;234m[48;2;178;174;174m▀[0m[38;2;180;176;176m[48;2;184;180;180m▀[0m[38;2;184;180;180m[48;2;184;180;180m▀[0m[38;2;184;180;180m[48;2;184;180;180m▀[0m[38;2;184;180;180m[48;2;184;180;180m▀[0m[38;2;184;180;180m[48;2;184;180;180m▀[0m[38;2;184;180;180m[48;2;184;180;180m▀[0m[38;2;184;180;180m[48;2;184;180;180m▀[0m[38;2;184;180;180m[48;2;184;180;180m▀[0m[38;2;179;175;175m[48;2;184;180;180m▀[0m[38;2;204;200;200m[48;2;184;180;180m▀[0m[38;2;251;250;250m[48;2;183;179;179m▀[0m[38;2;249;248;248m[48;2;183;179;179m▀[0m[38;2;243;243;243m[48;2;183;179;179m▀[0m[38;2;180;176;176m[48;2;184;180;180m▀[0m[38;2;181;177;177m[48;2;184;180;180m▀[0m[38;2;181;177;177m[48;2;184;180;180m▀[0m[38;2;183;179;179m[48;2;184;180;180m▀[0m[38;2;184;180;180m[48;2;184;180;180m▀[0m[38;2;184;180;180m[48;2;184;180;180m▀[0m[38;2;184;180;180m[48;2;184;180;180m▀[0m[38;2;185;181;181m[48;2;184;180;180m▀[0m[38;2;188;185;186m[48;2;186;182;183m▀[0m[38;2;179;172;171m[48;2;176;169;168m▀[0m[38;2;122;104;100m[48;2;122;104;99m▀[0m[38;2;0;0;0m[48;2;0;0;0m▀[0m[38;2;13;13;13m[48;2;13;13;13m▀[0m[38;2;176;173;173m[48;2;176;173;173m▀[0m[38;2;193;189;189m[48;2;193;189;189m▀[0m[38;2;185;181;181m[48;2;190;186;186m▀[0m[38;2;228;225;225m[48;2;185;181;181m▀[0m[38;2;255;255;255m[48;2;240;238;238m▀[0m[38;2;157;157;157m[48;2;156;157;157m▀[0m[38;2;0;0;0m[48;2;0;0;0m▀[0m               
  [38;2;12;9;12m[48;2;12;12;12m▀[0m[38;2;38;71;48m[48;2;17;15;17m▀[0m[38;2;46;94;60m[48;2;36;68;46m▀[0m[38;2;38;69;46m[48;2;39;72;48m▀[0m[38;2;37;68;45m[48;2;37;67;45m▀[0m[38;2;45;90;58m[48;2;45;91;59m▀[0m[38;2;44;88;57m[48;2;44;88;57m▀[0m[38;2;44;89;57m[48;2;44;89;57m▀[0m[38;2;42;84;54m[48;2;42;84;54m▀[0m[38;2;16;16;16m[48;2;15;12;14m▀[0m[38;2;174;170;170m[48;2;182;178;178m▀[0m[38;2;186;182;182m[48;2;187;183;183m▀[0m[38;2;184;180;180m[48;2;184;180;180m▀[0m[38;2;184;180;180m[48;2;184;180;180m▀[0m[38;2;184;180;180m[48;2;184;180;180m▀[0m[38;2;184;180;180m[48;2;184;180;180m▀[0m[38;2;184;180;180m[48;2;191;186;186m▀[0m[38;2;190;186;186m[48;2;142;139;139m▀[0m[38;2;158;154;154m[48;2;44;42;42m▀[0m[38;2;17;16;16m[48;2;176;172;172m▀[0m[38;2;186;182;182m[48;2;184;180;180m▀[0m[38;2;184;180;180m[48;2;184;180;180m▀[0m[38;2;186;182;182m[48;2;183;179;179m▀[0m[38;2;186;183;183m[48;2;183;179;179m▀[0m[38;2;186;183;183m[48;2;183;179;179m▀[0m[38;2;186;183;183m[48;2;183;179;179m▀[0m[38;2;186;183;183m[48;2;183;179;179m▀[0m[38;2;186;183;183m[48;2;183;179;179m▀[0m[38;2;186;182;182m[48;2;184;180;180m▀[0m[38;2;184;180;180m[48;2;184;180;180m▀[0m[38;2;184;180;180m[48;2;184;180;180m▀[0m[38;2;184;180;180m[48;2;187;184;184m▀[0m[38;2;184;180;180m[48;2;184;180;180m▀[0m[38;2;184;180;180m[48;2;184;180;180m▀[0m[38;2;184;180;180m[48;2;184;180;180m▀[0m[38;2;184;180;180m[48;2;184;180;180m▀[0m[38;2;184;180;180m[48;2;184;180;180m▀[0m[38;2;184;180;180m[48;2;184;180;180m▀[0m[38;2;184;180;180m[48;2;184;180;180m▀[0m[38;2;184;180;180m[48;2;184;180;180m▀[0m[38;2;184;180;180m[48;2;184;180;180m▀[0m[38;2;184;180;180m[48;2;184;180;180m▀[0m[38;2;184;180;180m[48;2;184;180;180m▀[0m[38;2;184;180;180m[48;2;184;180;180m▀[0m[38;2;184;180;180m[48;2;184;180;180m▀[0m[38;2;184;180;180m[48;2;184;180;180m▀[0m[38;2;184;180;180m[48;2;184;180;180m▀[0m[38;2;184;180;180m[48;2;184;180;180m▀[0m[38;2;184;180;180m[48;2;184;180;180m▀[0m[38;2;184;180;180m[48;2;184;180;180m▀[0m[38;2;184;180;180m[48;2;187;184;184m▀[0m[38;2;186;182;184m[48;2;173;166;164m▀[0m[38;2;178;171;170m[48;2;126;109;105m▀[0m[38;2;122;103;99m[48;2;115;104;92m▀[0m[38;2;0;0;0m[48;2;0;0;0m▀[0m[38;2;13;13;13m[48;2;13;13;13m▀[0m[38;2;176;173;173m[48;2;176;173;173m▀[0m[38;2;193;189;189m[48;2;193;189;189m▀[0m[38;2;190;186;186m[48;2;190;186;186m▀[0m[38;2;185;181;181m[48;2;190;186;186m▀[0m[38;2;241;239;239m[48;2;206;201;201m▀[0m[38;2;157;158;158m[48;2;120;118;118m▀[0m[38;2;0;0;0m[48;2;0;0;0m▀[0m               
   [38;2;12;6;11m[48;2;15;10;10m▀[0m[38;2;36;66;45m[48;2;19;26;22m▀[0m[38;2;46;93;60m[48;2;37;70;47m▀[0m[38;2;39;72;48m[48;2;42;82;53m▀[0m[38;2;38;68;46m[48;2;37;65;44m▀[0m[38;2;45;90;58m[48;2;45;90;58m▀[0m[38;2;44;88;57m[48;2;44;88;57m▀[0m[38;2;44;87;56m[48;2;44;88;57m▀[0m[38;2;39;76;50m[48;2;46;93;60m▀[0m[38;2;39;40;39m[48;2;4;6;5m▀[0m[38;2;165;161;161m[48;2;171;167;167m▀[0m[38;2;187;183;183m[48;2;191;187;187m▀[0m[38;2;184;180;180m[48;2;186;183;184m▀[0m[38;2;186;182;182m[48;2;166;155;154m▀[0m[38;2;192;189;189m[48;2;83;74;73m▀[0m[38;2;200;195;195m[48;2;97;96;96m▀[0m[38;2;135;132;132m[48;2;157;154;154m▀[0m[38;2;30;29;29m[48;2;31;30;30m▀[0m[38;2;195;191;191m[48;2;192;188;188m▀[0m[38;2;184;180;180m[48;2;184;180;180m▀[0m[38;2;184;180;180m[48;2;184;180;180m▀[0m[38;2;184;180;180m[48;2;184;180;180m▀[0m[38;2;184;180;180m[48;2;184;180;180m▀[0m[38;2;184;180;180m[48;2;184;180;180m▀[0m[38;2;184;180;180m[48;2;184;180;180m▀[0m[38;2;184;180;180m[48;2;184;180;180m▀[0m[38;2;184;180;180m[48;2;184;180;180m▀[0m[38;2;184;180;180m[48;2;184;180;180m▀[0m[38;2;185;182;182m[48;2;184;181;181m▀[0m[38;2;178;172;172m[48;2;183;178;178m▀[0m[38;2;132;117;113m[48;2;165;157;156m▀[0m[38;2;187;184;184m[48;2;140;126;123m▀[0m[38;2;184;180;180m[48;2;181;176;176m▀[0m[38;2;184;180;180m[48;2;185;181;181m▀[0m[38;2;184;180;180m[48;2;184;180;180m▀[0m[38;2;184;180;180m[48;2;184;180;180m▀[0m[38;2;184;180;180m[48;2;184;180;180m▀[0m[38;2;184;180;180m[48;2;184;180;180m▀[0m[38;2;184;180;180m[48;2;184;180;180m▀[0m[38;2;184;180;180m[48;2;184;180;180m▀[0m[38;2;184;180;180m[48;2;184;180;180m▀[0m[38;2;184;180;180m[48;2;184;180;180m▀[0m[38;2;184;180;180m[48;2;184;180;180m▀[0m[38;2;184;180;180m[48;2;184;180;180m▀[0m[38;2;184;180;180m[48;2;184;180;180m▀[0m[38;2;184;180;180m[48;2;184;180;180m▀[0m[38;2;184;180;180m[48;2;184;180;180m▀[0m[38;2;184;180;180m[48;2;184;180;180m▀[0m[38;2;184;180;180m[48;2;184;180;180m▀[0m[38;2;187;184;184m[48;2;188;186;186m▀[0m[38;2;172;164;162m[48;2;178;171;169m▀[0m[38;2;119;99;96m[48;2;120;101;98m▀[0m [38;2;0;0;0m▀[0m[38;2;13;13;13m[48;2;0;1;1m▀[0m[38;2;176;173;173m[48;2;175;172;172m▀[0m[38;2;193;189;189m[48;2;193;189;189m▀[0m[38;2;190;186;186m[48;2;190;186;186m▀[0m[38;2;190;186;186m[48;2;189;185;185m▀[0m[38;2;201;196;196m[48;2;210;204;204m▀[0m[38;2;115;113;113m[48;2;125;122;122m▀[0m[38;2;0;0;0m[48;2;0;0;0m▀[0m               
    [38;2;13;9;12m[48;2;17;17;17m▀[0m[38;2;23;30;25m[48;2;15;11;13m▀[0m[38;2;25;36;28m[48;2;11;4;9m▀[0m[38;2;30;49;35m[48;2;26;40;31m▀[0m[38;2;46;94;61m[48;2;42;79;53m▀[0m[38;2;45;90;58m[48;2;40;74;49m▀[0m[38;2;44;89;58m[48;2;37;69;46m▀[0m[38;2;37;67;45m[48;2;32;52;37m▀[0m[38;2;25;40;29m[48;2;40;75;50m▀[0m[38;2;58;56;57m[48;2;20;48;29m▀[0m[38;2;170;165;166m[48;2;71;75;73m▀[0m[38;2;201;198;199m[48;2;130;120;119m▀[0m[38;2;148;135;133m[48;2;126;109;106m▀[0m[38;2;142;132;130m[48;2;196;186;184m▀[0m[38;2;131;132;132m[48;2;227;227;227m▀[0m[38;2;38;37;37m[48;2;95;95;95m▀[0m[38;2;42;41;41m[48;2;3;2;2m▀[0m[38;2;204;200;200m[48;2;87;85;85m▀[0m[38;2;184;180;180m[48;2;189;186;187m▀[0m[38;2;184;180;180m[48;2;188;185;185m▀[0m[38;2;184;180;180m[48;2;184;180;181m▀[0m[38;2;184;180;180m[48;2;184;180;180m▀[0m[38;2;184;180;180m[48;2;184;180;180m▀[0m[38;2;184;180;180m[48;2;184;180;180m▀[0m[38;2;184;180;180m[48;2;184;180;180m▀[0m[38;2;184;180;180m[48;2;184;180;180m▀[0m[38;2;184;180;180m[48;2;184;180;180m▀[0m[38;2;184;180;180m[48;2;184;180;180m▀[0m[38;2;185;182;182m[48;2;184;180;180m▀[0m[38;2;183;180;180m[48;2;183;179;179m▀[0m[38;2;118;100;95m[48;2;158;149;147m▀[0m[38;2;184;180;179m[48;2;146;134;131m▀[0m[38;2;186;182;182m[48;2;189;183;183m▀[0m[38;2;184;180;180m[48;2;188;184;184m▀[0m[38;2;184;180;180m[48;2;184;180;180m▀[0m[38;2;184;180;180m[48;2;184;180;180m▀[0m[38;2;184;180;180m[48;2;184;180;180m▀[0m[38;2;184;180;180m[48;2;184;180;180m▀[0m[38;2;184;180;180m[48;2;184;180;180m▀[0m[38;2;184;180;180m[48;2;184;180;180m▀[0m[38;2;184;180;180m[48;2;184;180;180m▀[0m[38;2;184;180;180m[48;2;184;180;180m▀[0m[38;2;184;180;180m[48;2;184;180;180m▀[0m[38;2;184;180;180m[48;2;184;180;180m▀[0m[38;2;184;180;180m[48;2;184;180;180m▀[0m[38;2;184;180;180m[48;2;184;180;180m▀[0m[38;2;184;180;180m[48;2;183;179;179m▀[0m[38;2;186;182;183m[48;2;198;194;194m▀[0m[38;2;177;170;169m[48;2;148;142;141m▀[0m[38;2;148;134;129m[48;2;43;35;33m▀[0m[38;2;120;102;99m▀[0m[38;2;0;0;0m[48;2;0;0;0m▀[0m[38;2;21;21;21m[48;2;12;12;12m▀[0m[38;2;127;124;124m[48;2;196;192;192m▀[0m[38;2;185;182;182m[48;2;201;197;197m▀[0m[38;2;198;194;194m[48;2;144;141;140m▀[0m[38;2;192;188;188m[48;2;175;171;170m▀[0m[38;2;198;193;193m[48;2;214;209;209m▀[0m[38;2;133;130;130m[48;2;98;96;96m▀[0m[38;2;55;55;55m[48;2;0;0;0m▀[0m[38;2;0;0;0m▀[0m               
       [38;2;32;65;41m▀[0m[38;2;34;56;39m▀[0m[38;2;30;51;36m[48;2;34;61;42m▀[0m[38;2;33;54;38m[48;2;39;72;48m▀[0m[38;2;38;71;47m[48;2;45;92;59m▀[0m[38;2;44;89;58m[48;2;44;88;57m▀[0m[38;2;49;98;63m[48;2;46;92;59m▀[0m[38;2;1;12;5m[48;2;4;13;7m▀[0m[38;2;129;120;121m[48;2;174;172;174m▀[0m[38;2;146;129;126m[48;2;215;208;206m▀[0m[38;2;178;168;166m[48;2;182;172;169m▀[0m[38;2;255;255;255m[48;2;209;204;203m▀[0m[38;2;236;236;236m[48;2;240;240;240m▀[0m[38;2;113;113;113m[48;2;255;255;255m▀[0m[38;2;115;115;114m[48;2;255;255;255m▀[0m[38;2;150;139;137m[48;2;168;156;153m▀[0m[38;2;149;138;136m[48;2;169;157;154m▀[0m[38;2;181;176;175m[48;2;183;178;177m▀[0m[38;2;185;181;181m[48;2;184;180;181m▀[0m[38;2;184;180;180m[48;2;184;180;180m▀[0m[38;2;184;180;180m[48;2;184;180;180m▀[0m[38;2;184;180;180m[48;2;184;180;180m▀[0m[38;2;184;180;180m[48;2;184;180;180m▀[0m[38;2;184;180;180m[48;2;184;180;180m▀[0m[38;2;184;180;180m[48;2;184;180;180m▀[0m[38;2;184;180;180m[48;2;184;180;180m▀[0m[38;2;184;180;180m[48;2;184;180;180m▀[0m[38;2;189;185;186m[48;2;184;180;180m▀[0m[38;2;153;141;139m[48;2;193;190;190m▀[0m[38;2;98;95;95m[48;2;79;78;78m▀[0m[38;2;169;166;166m[48;2;100;98;98m▀[0m[38;2;198;194;194m[48;2;116;114;114m▀[0m[38;2;188;184;184m[48;2;159;156;156m▀[0m[38;2;183;179;179m[48;2;196;192;192m▀[0m[38;2;184;180;180m[48;2;192;188;188m▀[0m[38;2;184;180;180m[48;2;192;188;188m▀[0m[38;2;184;180;180m[48;2;192;188;188m▀[0m[38;2;184;180;180m[48;2;192;188;188m▀[0m[38;2;184;180;180m[48;2;192;188;188m▀[0m[38;2;184;180;180m[48;2;192;188;188m▀[0m[38;2;184;180;180m[48;2;192;188;188m▀[0m[38;2;183;179;179m[48;2;197;192;192m▀[0m[38;2;191;187;187m[48;2;141;138;138m▀[0m[38;2;200;196;196m[48;2;128;126;126m▀[0m[38;2;158;155;155m[48;2;73;72;72m▀[0m[38;2;72;71;72m[48;2;0;0;0m▀[0m[38;2;0;0;0m▀[0m[38;2;0;0;0m[48;2;0;0;0m▀[0m[38;2;29;29;29m[48;2;38;38;38m▀[0m[38;2;101;99;99m[48;2;213;208;208m▀[0m[38;2;199;195;195m[48;2;131;129;129m▀[0m[38;2;158;154;153m[48;2;60;58;56m▀[0m[38;2;45;43;42m[48;2;66;64;64m▀[0m[38;2;163;159;159m[48;2;124;122;122m▀[0m[38;2;157;154;154m[48;2;59;59;59m▀[0m[38;2;67;66;66m[48;2;0;0;0m▀[0m[38;2;0;0;0m▀[0m                
        [38;2;35;53;40m[48;2;33;56;37m▀[0m[38;2;38;66;45m[48;2;36;61;42m▀[0m[38;2;41;81;54m[48;2;34;60;41m▀[0m[38;2;41;78;52m[48;2;34;60;41m▀[0m[38;2;44;88;57m[48;2;41;80;52m▀[0m[38;2;46;91;59m[48;2;44;88;57m▀[0m[38;2;20;41;26m[48;2;47;93;60m▀[0m[38;2;90;90;88m[48;2;4;18;8m▀[0m[38;2;210;209;210m[48;2;103;99;100m▀[0m[38;2;196;189;187m[48;2;197;193;193m▀[0m[38;2;138;126;124m[48;2;187;184;184m▀[0m[38;2;196;193;194m[48;2;183;178;178m▀[0m[38;2;236;235;235m[48;2;179;175;175m▀[0m[38;2;235;234;234m[48;2;179;175;175m▀[0m[38;2;243;244;244m[48;2;179;175;175m▀[0m[38;2;245;245;246m[48;2;179;175;175m▀[0m[38;2;190;186;186m[48;2;184;180;180m▀[0m[38;2;183;179;179m[48;2;184;180;180m▀[0m[38;2;184;180;180m[48;2;184;180;180m▀[0m[38;2;184;180;180m[48;2;184;180;180m▀[0m[38;2;184;180;180m[48;2;184;180;180m▀[0m[38;2;184;180;180m[48;2;184;180;180m▀[0m[38;2;184;180;180m[48;2;184;180;180m▀[0m[38;2;184;180;180m[48;2;184;180;180m▀[0m[38;2;184;180;180m[48;2;184;180;180m▀[0m[38;2;184;180;180m[48;2;184;180;180m▀[0m[38;2;184;180;180m[48;2;184;180;180m▀[0m[38;2;183;179;179m[48;2;184;180;180m▀[0m[38;2;204;199;199m[48;2;183;179;179m▀[0m[38;2;85;84;84m[48;2;198;195;196m▀[0m[38;2;27;23;22m[48;2;166;151;148m▀[0m[38;2;91;88;87m[48;2;62;53;50m▀[0m[38;2;147;144;144m[48;2;0;0;0m▀[0m[38;2;140;137;137m[48;2;2;2;2m▀[0m[38;2;138;135;135m[48;2;12;12;12m▀[0m[38;2;133;130;130m[48;2;38;37;37m▀[0m[38;2;134;131;131m[48;2;36;35;35m▀[0m[38;2;134;131;131m[48;2;36;35;35m▀[0m[38;2;134;131;131m[48;2;36;35;35m▀[0m[38;2;134;131;131m[48;2;35;35;35m▀[0m[38;2;140;136;136m[48;2;41;41;41m▀[0m[38;2;53;52;51m[48;2;107;106;104m▀[0m[38;2;0;0;0m[48;2;135;132;128m▀[0m[38;2;0;0;0m[48;2;109;91;91m▀[0m  [38;2;5;5;5m[48;2;19;19;19m▀[0m[38;2;32;31;31m[48;2;15;15;15m▀[0m[38;2;143;140;140m[48;2;0;1;1m▀[0m[38;2;1;1;1m▀[0m[38;2;0;1;1m[48;2;8;8;8m▀[0m[38;2;191;187;187m[48;2;146;143;143m▀[0m[38;2;61;60;60m[48;2;58;57;57m▀[0m[38;2;0;0;0m[48;2;2;2;2m▀[0m                  
        [38;2;32;54;37m▀[0m[38;2;36;62;42m[48;2;31;42;42m▀[0m[38;2;44;88;57m[48;2;35;59;41m▀[0m[38;2;45;90;58m[48;2;44;88;57m▀[0m[38;2;34;59;40m[48;2;44;90;59m▀[0m[38;2;42;82;53m[48;2;34;59;40m▀[0m[38;2;37;67;45m[48;2;42;82;54m▀[0m[38;2;12;21;15m[48;2;39;72;48m▀[0m[38;2;100;97;98m[48;2;9;20;13m▀[0m[38;2;185;181;181m[48;2;86;84;84m▀[0m[38;2;186;182;182m[48;2;191;187;187m▀[0m[38;2;184;180;180m[48;2;185;181;181m▀[0m[38;2;184;180;180m[48;2;184;180;180m▀[0m[38;2;184;180;180m[48;2;184;180;180m▀[0m[38;2;184;180;180m[48;2;184;180;180m▀[0m[38;2;184;180;180m[48;2;184;180;180m▀[0m[38;2;184;180;180m[48;2;184;180;180m▀[0m[38;2;184;180;180m[48;2;184;180;180m▀[0m[38;2;184;180;180m[48;2;184;180;180m▀[0m[38;2;184;180;180m[48;2;184;180;180m▀[0m[38;2;184;180;180m[48;2;184;180;180m▀[0m[38;2;184;180;180m[48;2;184;180;180m▀[0m[38;2;184;180;180m[48;2;184;180;180m▀[0m[38;2;184;180;180m[48;2;184;180;180m▀[0m[38;2;184;180;180m[48;2;184;180;180m▀[0m[38;2;184;180;180m[48;2;184;180;180m▀[0m[38;2;184;180;180m[48;2;184;180;180m▀[0m[38;2;184;180;180m[48;2;184;180;180m▀[0m[38;2;185;181;181m[48;2;186;183;183m▀[0m[38;2;185;181;181m[48;2;146;131;128m▀[0m[38;2;153;138;135m[48;2;115;92;92m▀[0m[38;2;123;104;99m▀[0m [38;2;0;0;0m[48;2;0;0;0m▀[0m[38;2;60;59;59m[48;2;58;57;57m▀[0m[38;2;211;207;207m[48;2;201;197;197m▀[0m[38;2;199;195;195m[48;2;190;186;186m▀[0m[38;2;199;195;195m[48;2;190;186;186m▀[0m[38;2;199;195;195m[48;2;190;186;186m▀[0m[38;2;196;191;191m[48;2;190;186;186m▀[0m[38;2;248;246;246m[48;2;184;179;179m▀[0m[38;2;255;255;255m[48;2;245;244;244m▀[0m[38;2;168;166;164m[48;2;163;161;160m▀[0m[38;2;69;65;63m[48;2;69;65;63m▀[0m       [38;2;4;4;4m▀[0m[38;2;15;15;15m▀[0m[38;2;18;18;18m▀[0m                  
         [38;2;32;49;41m[48;2;0;0;0m▀[0m[38;2;35;60;41m[48;2;37;56;37m▀[0m[38;2;44;88;57m[48;2;35;60;41m▀[0m[38;2;44;88;57m[48;2;44;89;58m▀[0m[38;2;45;90;58m[48;2;39;68;46m▀[0m[38;2;35;63;43m[48;2;32;54;36m▀[0m[38;2;32;52;37m[48;2;36;54;36m▀[0m[38;2;41;79;52m[48;2;33;58;41m▀[0m[38;2;22;47;30m[48;2;33;59;40m▀[0m[38;2;74;70;72m[48;2;18;15;18m▀[0m[38;2;197;193;193m[48;2;21;20;21m▀[0m[38;2;185;181;181m[48;2;51;48;49m▀[0m[38;2;184;180;180m[48;2;198;194;194m▀[0m[38;2;184;180;180m[48;2;190;186;186m▀[0m[38;2;184;180;180m[48;2;186;183;183m▀[0m[38;2;184;180;180m[48;2;184;180;180m▀[0m[38;2;184;180;180m[48;2;184;180;180m▀[0m[38;2;184;180;180m[48;2;184;180;180m▀[0m[38;2;184;180;180m[48;2;184;180;180m▀[0m[38;2;184;180;180m[48;2;184;180;180m▀[0m[38;2;184;180;180m[48;2;184;180;180m▀[0m[38;2;184;180;180m[48;2;185;181;181m▀[0m[38;2;184;180;180m[48;2;186;183;183m▀[0m[38;2;184;180;180m[48;2;187;184;184m▀[0m[38;2;184;180;180m[48;2;184;180;180m▀[0m[38;2;184;180;180m[48;2;134;117;113m▀[0m[38;2;187;183;183m[48;2;138;120;116m▀[0m[38;2;142;126;123m[48;2;125;110;105m▀[0m[38;2;121;104;96m[48;2;85;85;85m▀[0m   [38;2;0;0;0m[48;2;0;0;0m▀[0m[38;2;58;57;57m[48;2;11;11;11m▀[0m[38;2;202;198;198m[48;2;51;51;51m▀[0m[38;2;190;186;186m[48;2;198;196;198m▀[0m[38;2;190;186;186m[48;2;192;190;191m▀[0m[38;2;190;186;186m[48;2;191;190;191m▀[0m[38;2;190;186;186m[48;2;196;192;192m▀[0m[38;2;190;186;186m[48;2;204;199;199m▀[0m[38;2;198;194;195m[48;2;129;128;127m▀[0m[38;2;137;133;132m[48;2;82;82;80m▀[0m[38;2;76;72;70m[48;2;255;255;255m▀[0m                            
           [38;2;32;49;41m▀[0m[38;2;35;62;43m[48;2;30;51;35m▀[0m[38;2;34;57;41m[48;2;0;0;0m▀[0m[38;2;51;51;51m▀[0m [38;2;26;53;40m▀[0m[38;2;31;63;47m▀[0m[38;2;26;44;32m[48;2;3;41;32m▀[0m[38;2;34;61;42m[48;2;31;69;47m▀[0m[38;2;38;72;49m[48;2;35;88;59m▀[0m[38;2;34;30;33m[48;2;17;55;43m▀[0m[38;2;38;38;37m[48;2;15;14;12m▀[0m[38;2;121;109;114m[48;2;207;143;32m▀[0m[38;2;182;178;178m[48;2;138;122;117m▀[0m[38;2;188;185;186m[48;2;147;132;133m▀[0m[38;2;192;188;188m[48;2;69;68;69m▀[0m[38;2;194;190;190m[48;2;42;43;45m▀[0m[38;2;194;190;190m[48;2;45;45;45m▀[0m[38;2;194;191;191m[48;2;85;80;84m▀[0m[38;2;169;163;165m[48;2;171;140;105m▀[0m[38;2;122;109;114m[48;2;217;150;28m▀[0m[38;2;127;115;119m[48;2;205;142;38m▀[0m[38;2;131;118;116m[48;2;137;88;59m▀[0m[38;2;120;97;97m▀[0m[38;2;123;106;98m▀[0m[38;2;127;127;127m▀[0m   [38;2;0;5;11m▄[0m[38;2;3;7;11m[48;2;57;40;27m▀[0m[38;2;2;8;12m[48;2;127;78;45m▀[0m[38;2;27;23;20m[48;2;125;76;45m▀[0m[38;2;158;104;69m[48;2;137;82;44m▀[0m[38;2;159;104;69m[48;2;32;23;17m▀[0m[38;2;155;102;68m[48;2;149;88;49m▀[0m[38;2;42;40;38m[48;2;136;81;44m▀[0m[38;2;25;30;34m[48;2;33;23;18m▀[0m[38;2;123;81;53m[48;2;34;26;21m▀[0m[38;2;76;51;33m[48;2;39;28;21m▀[0m[38;2;0;6;10m[48;2;0;8;8m▀[0m                            
                [38;2;148;85;60m▄[0m[38;2;130;79;51m[48;2;201;127;44m▀[0m[38;2;134;82;55m[48;2;226;148;34m▀[0m[38;2;105;73;51m[48;2;208;133;32m▀[0m[38;2;130;102;54m[48;2;188;124;30m▀[0m[38;2;199;176;46m[48;2;101;83;23m▀[0m[38;2;1;6;15m[48;2;152;106;19m▀[0m[38;2;231;156;17m[48;2;231;157;20m▀[0m[38;2;214;150;39m[48;2;252;171;16m▀[0m[38;2;69;57;40m[48;2;25;19;9m▀[0m[38;2;82;50;39m[48;2;165;126;40m▀[0m[38;2;71;36;23m[48;2;139;106;35m▀[0m[38;2;0;0;0m[48;2;0;0;9m▀[0m[38;2;19;17;27m[48;2;0;0;9m▀[0m[38;2;105;78;35m[48;2;77;56;15m▀[0m[38;2;253;171;15m[48;2;251;171;20m▀[0m[38;2;230;154;21m[48;2;224;151;24m▀[0m[38;2;143;85;49m[48;2;136;80;52m▀[0m[38;2;144;87;50m▄[0m[38;2;135;75;50m[48;2;210;155;45m▀[0m[38;2;136;77;52m[48;2;236;176;48m▀[0m[38;2;146;81;56m[48;2;243;185;49m▀[0m[38;2;124;72;52m[48;2;202;135;53m▀[0m[38;2;171;96;65m▄[0m[38;2;0;6;10m[48;2;0;2;6m▀[0m[38;2;63;43;30m[48;2;65;45;31m▀[0m[38;2;160;96;53m[48;2;165;99;55m▀[0m[38;2;151;91;51m[48;2;154;92;52m▀[0m[38;2;143;86;49m[48;2;146;88;50m▀[0m[38;2;103;64;39m[48;2;152;91;52m▀[0m[38;2;45;33;24m[48;2;95;60;36m▀[0m[38;2;59;40;28m[48;2;18;18;18m▀[0m[38;2;37;28;21m[48;2;0;6;6m▀[0m[38;2;0;6;13m▀[0m[38;2;0;0;0m[48;2;16;16;16m▀[0m[38;2;16;16;16m▄[0m                            
                [38;2;73;46;34m[48;2;3;9;12m▀[0m[38;2;105;72;30m[48;2;0;0;13m▀[0m[38;2;174;122;16m[48;2;62;46;17m▀[0m[38;2;255;181;18m[48;2;151;105;20m▀[0m[38;2;229;156;18m[48;2;162;112;20m▀[0m[38;2;119;82;17m[48;2;255;180;20m▀[0m[38;2;249;169;20m[48;2;245;166;20m▀[0m[38;2;234;159;20m[48;2;234;159;20m▀[0m[38;2;239;163;20m[48;2;233;158;20m▀[0m[38;2;139;95;18m[48;2;255;179;20m▀[0m[38;2;241;178;27m[48;2;186;126;19m▀[0m[38;2;121;93;25m[48;2;78;54;17m▀[0m[38;2;0;0;13m[48;2;0;0;16m▀[0m[38;2;0;0;14m[48;2;71;50;17m▀[0m[38;2;70;52;18m[48;2;152;106;19m▀[0m[38;2;251;171;20m[48;2;243;165;20m▀[0m[38;2;230;156;21m[48;2;235;160;20m▀[0m[38;2;188;122;36m[48;2;238;162;18m▀[0m[38;2;149;88;55m[48;2;183;118;37m▀[0m[38;2;255;206;41m[48;2;255;204;42m▀[0m[38;2;144;119;27m[48;2;125;103;27m▀[0m[38;2;118;102;24m[48;2;96;80;25m▀[0m[38;2;96;66;33m[48;2;105;94;26m▀[0m[38;2;70;37;35m[48;2;67;55;20m▀[0m[38;2;0;0;0m[48;2;0;0;6m▀[0m[38;2;48;34;25m[48;2;0;4;8m▀[0m[38;2;79;51;33m[48;2;20;19;18m▀[0m[38;2;81;52;33m[48;2;85;55;34m▀[0m[38;2;149;90;51m[48;2;157;94;52m▀[0m[38;2;146;88;50m[48;2;145;87;50m▀[0m[38;2;166;99;55m[48;2;89;56;35m▀[0m[38;2;33;26;22m[48;2;17;17;17m▀[0m[38;2;0;0;9m[48;2;0;0;8m▀[0m[38;2;0;6;12m[48;2;70;45;30m▀[0m[38;2;13;14;15m[48;2;47;34;26m▀[0m[38;2;17;15;15m[48;2;9;11;13m▀[0m                            
                  [38;2;0;0;15m▀[0m[38;2;0;0;16m▀[0m[38;2;28;25;16m[48;2;0;0;17m▀[0m[38;2;171;119;20m[48;2;0;1;16m▀[0m[38;2;166;114;19m[48;2;0;5;15m▀[0m[38;2;241;163;20m[48;2;176;121;19m▀[0m[38;2;239;163;20m[48;2;248;169;20m▀[0m[38;2;188;129;19m[48;2;46;36;18m▀[0m[38;2;52;39;17m[48;2;0;0;12m▀[0m[38;2;0;0;12m▀[0m[38;2;0;0;16m[48;2;0;0;15m▀[0m[38;2;116;82;21m[48;2;93;66;18m▀[0m[38;2;255;183;20m[48;2;210;144;20m▀[0m[38;2;232;158;20m[48;2;239;162;20m▀[0m[38;2;234;159;20m[48;2;240;163;20m▀[0m[38;2;234;159;20m[48;2;240;163;20m▀[0m[38;2;240;164;18m[48;2;241;163;20m▀[0m[38;2;255;192;33m[48;2;186;126;18m▀[0m[38;2;255;207;35m[48;2;181;122;18m▀[0m[38;2;255;208;35m[48;2;181;120;17m▀[0m[38;2;255;229;42m[48;2;194;146;29m▀[0m[38;2;185;153;36m[48;2;209;180;38m▀[0m[38;2;77;61;21m[48;2;130;106;29m▀[0m[38;2;0;0;10m[48;2;4;4;13m▀[0m[38;2;48;33;25m[48;2;0;0;15m▀[0m[38;2;118;74;43m[48;2;1;9;13m▀[0m[38;2;108;67;40m[48;2;14;15;15m▀[0m[38;2;151;91;51m[48;2;117;73;43m▀[0m[38;2;57;39;27m[48;2;125;77;45m▀[0m[38;2;62;41;28m[48;2;126;77;45m▀[0m[38;2;61;41;29m[48;2;134;82;47m▀[0m[38;2;107;67;41m[48;2;46;33;24m▀[0m[38;2;68;44;30m[48;2;0;0;7m▀[0m[38;2;0;5;11m▀[0m                            
                       [38;2;0;1;14m▀[0m[38;2;191;131;19m[48;2;4;8;16m▀[0m[38;2;61;45;18m[48;2;0;6;13m▀[0m[38;2;0;0;12m▀[0m  [38;2;0;0;13m[48;2;0;0;13m▀[0m[38;2;73;54;18m[48;2;86;62;19m▀[0m[38;2;247;167;20m[48;2;190;130;19m▀[0m[38;2;200;136;20m[48;2;0;0;15m▀[0m[38;2;202;138;20m[48;2;5;8;15m▀[0m[38;2;203;139;20m[48;2;5;8;15m▀[0m[38;2;16;16;16m[48;2;0;0;0m▀[0m[38;2;0;3;15m▀[0m[38;2;0;5;15m▀[0m[38;2;0;3;15m▀[0m[38;2;0;1;14m▀[0m[38;2;7;9;16m▀[0m[38;2;17;17;17m▀[0m   [38;2;5;10;12m▀[0m[38;2;5;10;12m▀[0m[38;2;5;10;12m▀[0m[38;2;7;11;14m▀[0m[38;2;4;9;14m▀[0m                              
                              [38;2;9;12;15m▀[0m[38;2;11;13;16m▀[0m                                                
[0m