                                       [38;2;41;49;74m▄[0m[38;2;41;49;74m[48;2;65;65;82m▀[0m[38;2;41;49;74m[48;2;41;49;74m▀[0m  
                       [38;2;41;49;74m[48;2;16;16;16m▀[0m[38;2;41;49;74m[48;2;98;98;123m▀[0m[38;2;41;49;74m▄[0m[38;2;41;49;74m▄[0m            [38;2;41;49;74m[48;2;41;49;74m▀[0m[38;2;98;98;123m[48;2;98;98;123m▀[0m[38;2;16;16;16m[48;2;16;16;16m▀[0m  
                       [38;2;16;16;16m▀[0m[38;2;65;65;82m[48;2;16;16;16m▀[0m[38;2;98;98;123m[48;2;65;65;82m▀[0m[38;2;98;98;123m[48;2;98;98;123m▀[0m[38;2;41;49;74m[48;2;98;98;123m▀[0m[38;2;65;65;82m▄[0m[38;2;65;65;82m▄[0m        [38;2;41;49;74m[48;2;41;49;74m▀[0m[38;2;65;65;82m[48;2;98;98;123m▀[0m[38;2;98;98;123m[48;2;98;98;123m▀[0m[38;2;65;65;82m[48;2;65;65;82m▀[0m[38;2;16;16;16m[48;2;16;16;16m▀[0m 
                        [38;2;16;16;16m[48;2;16;16;16m▀[0m[38;2;65;65;82m[48;2;65;65;82m▀[0m[38;2;65;65;82m[48;2;65;65;82m▀[0m[38;2;98;98;123m[48;2;65;65;82m▀[0m[38;2;98;98;123m[48;2;65;65;82m▀[0m[38;2;98;98;123m[48;2;98;98;123m▀[0m[38;2;65;65;82m[48;2;238;213;82m▀[0m[38;2;65;65;82m▄[0m      [38;2;41;49;74m[48;2;41;49;74m▀[0m[38;2;98;98;123m[48;2;98;98;123m▀[0m[38;2;65;65;82m[48;2;65;65;82m▀[0m[38;2;65;65;82m[48;2;65;65;82m▀[0m[38;2;16;16;16m[48;2;180;148;41m▀[0m[38;2;16;16;16m▄[0m
                         [38;2;16;16;16m[48;2;16;16;16m▀[0m[38;2;65;65;82m[48;2;65;65;82m▀[0m[38;2;65;65;82m[48;2;180;148;41m▀[0m[38;2;65;65;82m[48;2;180;148;41m▀[0m[38;2;238;213;82m[48;2;180;148;41m▀[0m[38;2;238;213;82m[48;2;238;213;82m▀[0m[38;2;180;148;41m[48;2;238;213;82m▀[0m[38;2;41;49;74m[48;2;41;49;74m▀[0m    [38;2;180;148;41m[48;2;180;148;41m▀[0m[38;2;238;213;82m[48;2;238;213;82m▀[0m[38;2;98;98;123m[48;2;238;213;82m▀[0m[38;2;65;65;82m[48;2;180;148;41m▀[0m[38;2;180;148;41m[48;2;180;148;41m▀[0m[38;2;180;148;41m[48;2;180;148;41m▀[0m[38;2;16;16;16m[48;2;16;16;16m▀[0m
                          [38;2;16;16;16m▀[0m[38;2;180;148;41m[48;2;16;16;16m▀[0m[38;2;180;148;41m[48;2;41;49;74m▀[0m[38;2;180;148;41m[48;2;41;49;74m▀[0m[38;2;180;148;41m[48;2;65;65;82m▀[0m[38;2;98;98;123m[48;2;65;65;82m▀[0m[38;2;65;65;82m[48;2;98;98;123m▀[0m[38;2;41;49;74m[48;2;16;16;16m▀[0m   [38;2;82;82;0m[48;2;16;16;16m▀[0m[38;2;238;213;82m[48;2;65;65;82m▀[0m[38;2;180;148;41m[48;2;180;148;41m▀[0m[38;2;180;148;41m[48;2;180;148;41m▀[0m[38;2;180;148;41m[48;2;41;49;74m▀[0m[38;2;41;49;74m[48;2;41;49;74m▀[0m[38;2;16;16;16m[48;2;16;16;16m▀[0m
                            [38;2;16;16;16m▀[0m[38;2;41;49;74m[48;2;16;16;16m▀[0m[38;2;41;49;74m[48;2;16;16;16m▀[0m[38;2;41;49;74m[48;2;41;49;74m▀[0m[38;2;65;65;82m[48;2;41;49;74m▀[0m[38;2;65;65;82m[48;2;65;65;82m▀[0m[38;2;16;16;16m[48;2;16;16;16m▀[0m  [38;2;16;16;16m[48;2;16;16;16m▀[0m[38;2;65;65;82m[48;2;65;65;82m▀[0m[38;2;65;65;82m[48;2;65;65;82m▀[0m[38;2;41;49;74m[48;2;41;49;74m▀[0m[38;2;41;49;74m[48;2;41;49;74m▀[0m[38;2;16;16;16m[48;2;16;16;16m▀[0m 
[38;2;16;16;16m[48;2;16;16;16m▀[0m[38;2;41;49;74m[48;2;65;65;82m▀[0m[38;2;41;49;74m[48;2;65;65;82m▀[0m[38;2;41;49;74m▄[0m[38;2;41;49;74m▄[0m                          [38;2;16;16;16m▀[0m[38;2;41;49;74m[48;2;16;16;16m▀[0m[38;2;41;49;74m[48;2;16;16;16m▀[0m[38;2;41;49;74m[48;2;98;98;123m▀[0m[38;2;16;16;16m[48;2;98;98;123m▀[0m[38;2;16;16;16m[48;2;98;98;123m▀[0m[38;2;16;16;16m[48;2;98;98;123m▀[0m[38;2;65;65;82m[48;2;16;16;16m▀[0m[38;2;41;49;74m[48;2;41;49;74m▀[0m[38;2;41;49;74m[48;2;41;49;74m▀[0m[38;2;41;49;74m[48;2;16;16;16m▀[0m[38;2;16;16;16m▀[0m 
[38;2;16;16;16m▀[0m[38;2;41;49;74m[48;2;16;16;16m▀[0m[38;2;65;65;82m[48;2;41;49;74m▀[0m[38;2;65;65;82m[48;2;65;65;82m▀[0m[38;2;98;98;123m[48;2;65;65;82m▀[0m[38;2;98;98;123m[48;2;65;65;82m▀[0m[38;2;41;49;74m[48;2;98;98;123m▀[0m[38;2;98;98;123m▄[0m[38;2;41;49;74m▄[0m                     [38;2;41;49;74m▄[0m[38;2;41;49;74m[48;2;98;98;123m▀[0m[38;2;98;98;123m[48;2;98;98;123m▀[0m[38;2;98;98;123m[48;2;98;98;123m▀[0m[38;2;98;98;123m[48;2;98;98;123m▀[0m[38;2;98;98;123m[48;2;98;98;123m▀[0m[38;2;98;98;123m[48;2;98;98;123m▀[0m[38;2;98;98;123m[48;2;65;65;82m▀[0m[38;2;16;16;16m[48;2;41;49;74m▀[0m[38;2;41;49;74m[48;2;41;49;74m▀[0m[38;2;41;49;74m[48;2;65;65;82m▀[0m[38;2;16;16;16m[48;2;16;16;16m▀[0m  
 [38;2;16;16;16m[48;2;16;16;16m▀[0m[38;2;41;49;74m[48;2;41;49;74m▀[0m[38;2;41;49;74m[48;2;41;49;74m▀[0m[38;2;65;65;82m[48;2;41;49;74m▀[0m[38;2;65;65;82m[48;2;65;65;82m▀[0m[38;2;65;65;82m[48;2;65;65;82m▀[0m[38;2;98;98;123m[48;2;65;65;82m▀[0m[38;2;98;98;123m[48;2;65;65;82m▀[0m[38;2;41;49;74m[48;2;98;98;123m▀[0m[38;2;82;82;0m▄[0m                   [38;2;41;49;74m[48;2;41;49;74m▀[0m[38;2;98;98;123m[48;2;65;65;82m▀[0m[38;2;98;98;123m[48;2;65;65;82m▀[0m[38;2;98;98;123m[48;2;65;65;82m▀[0m[38;2;65;65;82m[48;2;65;65;82m▀[0m[38;2;65;65;82m[48;2;65;65;82m▀[0m[38;2;65;65;82m[48;2;65;65;82m▀[0m[38;2;65;65;82m[48;2;65;65;82m▀[0m[38;2;65;65;82m[48;2;65;65;82m▀[0m[38;2;65;65;82m[48;2;65;65;82m▀[0m[38;2;65;65;82m[48;2;65;65;82m▀[0m[38;2;65;65;82m[48;2;65;65;82m▀[0m[38;2;16;16;16m[48;2;16;16;16m▀[0m 
  [38;2;16;16;16m[48;2;16;16;16m▀[0m[38;2;41;49;74m[48;2;41;49;74m▀[0m[38;2;41;49;74m[48;2;41;49;74m▀[0m[38;2;41;49;74m[48;2;41;49;74m▀[0m[38;2;41;49;74m[48;2;41;49;74m▀[0m[38;2;65;65;82m[48;2;41;49;74m▀[0m[38;2;65;65;82m[48;2;65;65;82m▀[0m[38;2;65;65;82m[48;2;65;65;82m▀[0m[38;2;238;213;82m[48;2;238;213;82m▀[0m[38;2;82;82;0m[48;2;238;213;82m▀[0m[38;2;82;82;0m▄[0m                [38;2;16;16;16m[48;2;16;16;16m▀[0m[38;2;65;65;82m[48;2;65;65;82m▀[0m[38;2;65;65;82m[48;2;65;65;82m▀[0m[38;2;65;65;82m[48;2;65;65;82m▀[0m[38;2;65;65;82m[48;2;65;65;82m▀[0m[38;2;65;65;82m[48;2;65;65;82m▀[0m[38;2;65;65;82m[48;2;65;65;82m▀[0m[38;2;65;65;82m[48;2;65;65;82m▀[0m[38;2;65;65;82m[48;2;65;65;82m▀[0m[38;2;65;65;82m[48;2;65;65;82m▀[0m[38;2;65;65;82m[48;2;65;65;82m▀[0m[38;2;65;65;82m[48;2;65;65;82m▀[0m[38;2;65;65;82m[48;2;65;65;82m▀[0m[38;2;41;49;74m[48;2;41;49;74m▀[0m 
   [38;2;82;82;0m[48;2;82;82;0m▀[0m[38;2;41;49;74m[48;2;180;148;41m▀[0m[38;2;41;49;74m[48;2;41;49;74m▀[0m[38;2;41;49;74m[48;2;41;49;74m▀[0m[38;2;41;49;74m[48;2;41;49;74m▀[0m[38;2;41;49;74m[48;2;180;148;41m▀[0m[38;2;180;148;41m[48;2;180;148;41m▀[0m[38;2;180;148;41m[48;2;180;148;41m▀[0m[38;2;238;213;82m[48;2;180;148;41m▀[0m[38;2;82;82;0m[48;2;65;65;82m▀[0m[38;2;16;16;16m[48;2;16;16;16m▀[0m               [38;2;16;16;16m[48;2;41;49;74m▀[0m[38;2;65;65;82m[48;2;65;65;82m▀[0m[38;2;65;65;82m[48;2;65;65;82m▀[0m[38;2;65;65;82m[48;2;65;65;82m▀[0m[38;2;65;65;82m[48;2;65;65;82m▀[0m[38;2;65;65;82m[48;2;65;65;82m▀[0m[38;2;65;65;82m[48;2;65;65;82m▀[0m[38;2;65;65;82m[48;2;65;65;82m▀[0m[38;2;65;65;82m[48;2;65;65;82m▀[0m[38;2;65;65;82m[48;2;65;65;82m▀[0m[38;2;65;65;82m[48;2;65;65;82m▀[0m[38;2;65;65;82m[48;2;65;65;82m▀[0m[38;2;65;65;82m[48;2;65;65;82m▀[0m[38;2;65;65;82m[48;2;65;65;82m▀[0m[38;2;41;49;74m[48;2;41;49;74m▀[0m
    [38;2;82;82;0m▀[0m[38;2;180;148;41m[48;2;82;82;0m▀[0m[38;2;180;148;41m[48;2;180;148;41m▀[0m[38;2;180;148;41m[48;2;180;148;41m▀[0m[38;2;180;148;41m[48;2;180;148;41m▀[0m[38;2;180;148;41m[48;2;65;65;82m▀[0m[38;2;180;148;41m[48;2;41;49;74m▀[0m[38;2;65;65;82m[48;2;41;49;74m▀[0m[38;2;65;65;82m[48;2;65;65;82m▀[0m[38;2;41;49;74m[48;2;65;65;82m▀[0m[38;2;16;16;16m[48;2;16;16;16m▀[0m             [38;2;16;16;16m▄[0m[38;2;65;65;82m[48;2;65;65;82m▀[0m[38;2;65;65;82m[48;2;65;65;82m▀[0m[38;2;65;65;82m[48;2;65;65;82m▀[0m[38;2;65;65;82m[48;2;65;65;82m▀[0m[38;2;65;65;82m[48;2;65;65;82m▀[0m[38;2;65;65;82m[48;2;65;65;82m▀[0m[38;2;65;65;82m[48;2;65;65;82m▀[0m[38;2;65;65;82m[48;2;65;65;82m▀[0m[38;2;65;65;82m[48;2;65;65;82m▀[0m[38;2;65;65;82m[48;2;41;49;74m▀[0m[38;2;65;65;82m[48;2;65;65;82m▀[0m[38;2;65;65;82m[48;2;65;65;82m▀[0m[38;2;65;65;82m[48;2;41;49;74m▀[0m[38;2;65;65;82m[48;2;16;16;16m▀[0m[38;2;41;49;74m▀[0m
      [38;2;82;82;0m▀[0m[38;2;16;16;16m▀[0m[38;2;41;49;74m[48;2;16;16;16m▀[0m[38;2;41;49;74m[48;2;16;16;16m▀[0m[38;2;41;49;74m[48;2;41;49;74m▀[0m[38;2;41;49;74m[48;2;41;49;74m▀[0m[38;2;41;49;74m[48;2;41;49;74m▀[0m[38;2;65;65;82m[48;2;41;49;74m▀[0m[38;2;41;49;74m[48;2;41;49;74m▀[0m[38;2;16;16;16m[48;2;16;16;16m▀[0m[38;2;41;49;74m▄[0m[38;2;41;49;74m▄[0m[38;2;41;49;74m[48;2;98;98;123m▀[0m[38;2;41;49;74m[48;2;98;98;123m▀[0m[38;2;41;49;74m[48;2;98;98;123m▀[0m[38;2;41;49;74m[48;2;98;98;123m▀[0m[38;2;41;49;74m[48;2;98;98;123m▀[0m[38;2;41;49;74m▄[0m[38;2;16;16;16m▄[0m[38;2;16;16;16m▄[0m[38;2;16;16;16m[48;2;41;49;74m▀[0m[38;2;16;16;16m[48;2;65;65;82m▀[0m[38;2;41;49;74m[48;2;65;65;82m▀[0m[38;2;65;65;82m[48;2;65;65;82m▀[0m[38;2;65;65;82m[48;2;65;65;82m▀[0m[38;2;65;65;82m[48;2;65;65;82m▀[0m[38;2;65;65;82m[48;2;65;65;82m▀[0m[38;2;65;65;82m[48;2;65;65;82m▀[0m[38;2;65;65;82m[48;2;65;65;82m▀[0m[38;2;65;65;82m[48;2;65;65;82m▀[0m[38;2;65;65;82m[48;2;65;65;82m▀[0m[38;2;65;65;82m[48;2;41;49;74m▀[0m[38;2;16;16;16m[48;2;16;16;16m▀[0m[38;2;41;49;74m[48;2;16;16;16m▀[0m[38;2;16;16;16m▀[0m[38;2;16;16;16m▀[0m  
          [38;2;16;16;16m▀[0m[38;2;16;16;16m▀[0m[38;2;41;49;74m[48;2;16;16;16m▀[0m[38;2;41;49;74m[48;2;16;16;16m▀[0m[38;2;41;49;74m[48;2;41;49;74m▀[0m[38;2;41;49;74m[48;2;41;49;74m▀[0m[38;2;16;16;16m[48;2;41;49;74m▀[0m[38;2;65;65;82m[48;2;65;65;82m▀[0m[38;2;98;98;123m[48;2;65;65;82m▀[0m[38;2;98;98;123m[48;2;65;65;82m▀[0m[38;2;98;98;123m[48;2;98;98;123m▀[0m[38;2;98;98;123m[48;2;98;98;123m▀[0m[38;2;98;98;123m[48;2;98;98;123m▀[0m[38;2;98;98;123m[48;2;98;98;123m▀[0m[38;2;98;98;123m[48;2;65;65;82m▀[0m[38;2;65;65;82m[48;2;65;65;82m▀[0m[38;2;65;65;82m[48;2;65;65;82m▀[0m[38;2;65;65;82m[48;2;65;65;82m▀[0m[38;2;65;65;82m[48;2;65;65;82m▀[0m[38;2;65;65;82m[48;2;65;65;82m▀[0m[38;2;65;65;82m[48;2;65;65;82m▀[0m[38;2;65;65;82m[48;2;65;65;82m▀[0m[38;2;65;65;82m[48;2;65;65;82m▀[0m[38;2;65;65;82m[48;2;65;65;82m▀[0m[38;2;65;65;82m[48;2;65;65;82m▀[0m[38;2;65;65;82m[48;2;65;65;82m▀[0m[38;2;65;65;82m[48;2;41;49;74m▀[0m[38;2;41;49;74m[48;2;41;49;74m▀[0m[38;2;16;16;16m[48;2;16;16;16m▀[0m     
             [38;2;16;16;16m[48;2;16;16;16m▀[0m[38;2;16;16;16m[48;2;65;65;82m▀[0m[38;2;41;49;74m[48;2;16;16;16m▀[0m[38;2;41;49;74m[48;2;16;16;16m▀[0m[38;2;41;49;74m[48;2;41;49;74m▀[0m[38;2;65;65;82m[48;2;65;65;82m▀[0m[38;2;65;65;82m[48;2;65;65;82m▀[0m[38;2;65;65;82m[48;2;65;65;82m▀[0m[38;2;65;65;82m[48;2;65;65;82m▀[0m[38;2;65;65;82m[48;2;65;65;82m▀[0m[38;2;65;65;82m[48;2;65;65;82m▀[0m[38;2;65;65;82m[48;2;65;65;82m▀[0m[38;2;65;65;82m[48;2;65;65;82m▀[0m[38;2;65;65;82m[48;2;65;65;82m▀[0m[38;2;65;65;82m[48;2;65;65;82m▀[0m[38;2;65;65;82m[48;2;65;65;82m▀[0m[38;2;65;65;82m[48;2;65;65;82m▀[0m[38;2;65;65;82m[48;2;65;65;82m▀[0m[38;2;65;65;82m[48;2;65;65;82m▀[0m[38;2;65;65;82m[48;2;65;65;82m▀[0m[38;2;65;65;82m[48;2;65;65;82m▀[0m[38;2;65;65;82m[48;2;65;65;82m▀[0m[38;2;41;49;74m[48;2;41;49;74m▀[0m[38;2;41;49;74m[48;2;41;49;74m▀[0m[38;2;41;49;74m[48;2;16;16;16m▀[0m[38;2;16;16;16m▀[0m     
            [38;2;16;16;16m[48;2;16;16;16m▀[0m[38;2;65;65;82m[48;2;65;65;82m▀[0m[38;2;65;65;82m[48;2;65;65;82m▀[0m[38;2;65;65;82m[48;2;65;65;82m▀[0m[38;2;16;16;16m[48;2;65;65;82m▀[0m[38;2;65;65;82m[48;2;65;65;82m▀[0m[38;2;65;65;82m[48;2;65;65;82m▀[0m[38;2;65;65;82m[48;2;65;65;82m▀[0m[38;2;65;65;82m[48;2;65;65;82m▀[0m[38;2;65;65;82m[48;2;65;65;82m▀[0m[38;2;65;65;82m[48;2;65;65;82m▀[0m[38;2;65;65;82m[48;2;65;65;82m▀[0m[38;2;65;65;82m[48;2;65;65;82m▀[0m[38;2;65;65;82m[48;2;65;65;82m▀[0m[38;2;65;65;82m[48;2;65;65;82m▀[0m[38;2;65;65;82m[48;2;65;65;82m▀[0m[38;2;65;65;82m[48;2;65;65;82m▀[0m[38;2;65;65;82m[48;2;65;65;82m▀[0m[38;2;65;65;82m[48;2;65;65;82m▀[0m[38;2;65;65;82m[48;2;65;65;82m▀[0m[38;2;65;65;82m[48;2;41;49;74m▀[0m[38;2;65;65;82m[48;2;65;65;82m▀[0m[38;2;65;65;82m[48;2;65;65;82m▀[0m[38;2;65;65;82m[48;2;65;65;82m▀[0m[38;2;41;49;74m[48;2;41;49;74m▀[0m[38;2;16;16;16m[48;2;16;16;16m▀[0m      
           [38;2;16;16;16m▄[0m[38;2;16;16;16m[48;2;41;49;74m▀[0m[38;2;41;49;74m[48;2;41;49;74m▀[0m[38;2;65;65;82m[48;2;41;49;74m▀[0m[38;2;65;65;82m[48;2;16;16;16m▀[0m[38;2;65;65;82m[48;2;41;49;74m▀[0m[38;2;16;16;16m[48;2;16;16;16m▀[0m[38;2;65;65;82m[48;2;65;65;82m▀[0m[38;2;65;65;82m[48;2;65;65;82m▀[0m[38;2;65;65;82m[48;2;65;65;82m▀[0m[38;2;65;65;82m[48;2;65;65;82m▀[0m[38;2;65;65;82m[48;2;65;65;82m▀[0m[38;2;65;65;82m[48;2;65;65;82m▀[0m[38;2;65;65;82m[48;2;16;16;16m▀[0m[38;2;65;65;82m[48;2;65;65;82m▀[0m[38;2;65;65;82m[48;2;65;65;82m▀[0m[38;2;65;65;82m[48;2;65;65;82m▀[0m[38;2;65;65;82m[48;2;41;49;74m▀[0m[38;2;65;65;82m[48;2;41;49;74m▀[0m[38;2;41;49;74m[48;2;41;49;74m▀[0m[38;2;41;49;74m[48;2;16;16;16m▀[0m[38;2;16;16;16m[48;2;41;49;74m▀[0m[38;2;65;65;82m[48;2;65;65;82m▀[0m[38;2;65;65;82m[48;2;65;65;82m▀[0m[38;2;65;65;82m[48;2;238;213;82m▀[0m[38;2;65;65;82m[48;2;180;148;41m▀[0m[38;2;16;16;16m[48;2;16;16;16m▀[0m      
           [38;2;16;16;16m[48;2;16;16;16m▀[0m[38;2;41;49;74m[48;2;41;49;74m▀[0m[38;2;41;49;74m[48;2;41;49;74m▀[0m[38;2;41;49;74m[48;2;41;49;74m▀[0m[38;2;41;49;74m[48;2;41;49;74m▀[0m[38;2;16;16;16m[48;2;16;16;16m▀[0m[38;2;65;65;82m[48;2;65;65;82m▀[0m[38;2;65;65;82m[48;2;65;65;82m▀[0m[38;2;65;65;82m[48;2;65;65;82m▀[0m[38;2;65;65;82m[48;2;238;213;82m▀[0m[38;2;65;65;82m[48;2;238;213;82m▀[0m[38;2;65;65;82m[48;2;65;65;82m▀[0m[38;2;65;65;82m[48;2;65;65;82m▀[0m[38;2;16;16;16m[48;2;16;16;16m▀[0m[38;2;16;16;16m▀[0m[38;2;16;16;16m[48;2;16;16;16m▀[0m[38;2;16;16;16m[48;2;41;49;74m▀[0m[38;2;16;16;16m[48;2;41;49;74m▀[0m[38;2;16;16;16m[48;2;41;49;74m▀[0m[38;2;16;16;16m[48;2;16;16;16m▀[0m[38;2;16;16;16m[48;2;16;16;16m▀[0m[38;2;65;65;82m[48;2;65;65;82m▀[0m[38;2;65;65;82m[48;2;65;65;82m▀[0m[38;2;238;213;82m[48;2;238;213;82m▀[0m[38;2;82;82;0m[48;2;65;65;82m▀[0m[38;2;180;148;41m[48;2;82;82;0m▀[0m[38;2;16;16;16m[48;2;16;16;16m▀[0m      
          [38;2;16;16;16m[48;2;16;16;16m▀[0m[38;2;41;49;74m[48;2;41;49;74m▀[0m[38;2;41;49;74m[48;2;41;49;74m▀[0m[38;2;41;49;74m[48;2;41;49;74m▀[0m[38;2;41;49;74m[48;2;41;49;74m▀[0m[38;2;41;49;74m[48;2;41;49;74m▀[0m[38;2;16;16;16m[48;2;16;16;16m▀[0m[38;2;65;65;82m[48;2;65;65;82m▀[0m[38;2;65;65;82m[48;2;65;65;82m▀[0m[38;2;238;213;82m[48;2;238;213;82m▀[0m[38;2;82;82;0m[48;2;65;65;82m▀[0m[38;2;65;65;82m[48;2;65;65;82m▀[0m[38;2;180;148;41m[48;2;180;148;41m▀[0m[38;2;16;16;16m[48;2;16;16;16m▀[0m  [38;2;16;16;16m[48;2;16;16;16m▀[0m[38;2;41;49;74m[48;2;41;49;74m▀[0m[38;2;41;49;74m[48;2;41;49;74m▀[0m[38;2;41;49;74m[48;2;41;49;74m▀[0m[38;2;16;16;16m[48;2;16;16;16m▀[0m[38;2;16;16;16m▀[0m[38;2;41;49;74m[48;2;16;16;16m▀[0m[38;2;65;65;82m[48;2;65;65;82m▀[0m[38;2;180;148;41m[48;2;180;148;41m▀[0m[38;2;65;65;82m[48;2;41;49;74m▀[0m[38;2;82;82;0m[48;2;82;82;0m▀[0m       
        [38;2;16;16;16m▄[0m[38;2;16;16;16m[48;2;65;65;82m▀[0m[38;2;41;49;74m[48;2;41;49;74m▀[0m[38;2;41;49;74m[48;2;41;49;74m▀[0m[38;2;41;49;74m[48;2;41;49;74m▀[0m[38;2;41;49;74m[48;2;16;16;16m▀[0m[38;2;16;16;16m▀[0m[38;2;16;16;16m[48;2;16;16;16m▀[0m[38;2;41;49;74m[48;2;41;49;74m▀[0m[38;2;41;49;74m[48;2;41;49;74m▀[0m[38;2;238;213;82m[48;2;180;148;41m▀[0m[38;2;82;82;0m[48;2;65;65;82m▀[0m[38;2;65;65;82m[48;2;65;65;82m▀[0m[38;2;180;148;41m[48;2;82;82;0m▀[0m[38;2;16;16;16m▀[0m   [38;2;16;16;16m▀[0m[38;2;41;49;74m[48;2;16;16;16m▀[0m[38;2;41;49;74m[48;2;41;49;74m▀[0m[38;2;41;49;74m[48;2;41;49;74m▀[0m[38;2;16;16;16m[48;2;16;16;16m▀[0m [38;2;16;16;16m[48;2;16;16;16m▀[0m[38;2;41;49;74m[48;2;41;49;74m▀[0m[38;2;41;49;74m[48;2;41;49;74m▀[0m[38;2;180;148;41m[48;2;41;49;74m▀[0m[38;2;16;16;16m[48;2;16;16;16m▀[0m       
        [38;2;16;16;16m[48;2;16;16;16m▀[0m[38;2;65;65;82m[48;2;65;65;82m▀[0m[38;2;65;65;82m[48;2;65;65;82m▀[0m[38;2;41;49;74m[48;2;16;16;16m▀[0m[38;2;16;16;16m▀[0m [38;2;16;16;16m▄[0m[38;2;16;16;16m[48;2;65;65;82m▀[0m[38;2;65;65;82m[48;2;65;65;82m▀[0m[38;2;41;49;74m[48;2;65;65;82m▀[0m[38;2;16;16;16m[48;2;41;49;74m▀[0m[38;2;180;148;41m[48;2;16;16;16m▀[0m[38;2;82;82;0m▀[0m      [38;2;16;16;16m[48;2;16;16;16m▀[0m[38;2;41;49;74m[48;2;41;49;74m▀[0m[38;2;41;49;74m[48;2;41;49;74m▀[0m[38;2;16;16;16m[48;2;65;65;82m▀[0m[38;2;16;16;16m▄[0m [38;2;16;16;16m[48;2;16;16;16m▀[0m[38;2;41;49;74m[48;2;41;49;74m▀[0m[38;2;41;49;74m[48;2;41;49;74m▀[0m[38;2;16;16;16m[48;2;16;16;16m▀[0m       
        [38;2;16;16;16m[48;2;16;16;16m▀[0m[38;2;65;65;82m[48;2;65;65;82m▀[0m[38;2;65;65;82m[48;2;65;65;82m▀[0m[38;2;16;16;16m[48;2;16;16;16m▀[0m  [38;2;16;16;16m[48;2;16;16;16m▀[0m[38;2;65;65;82m[48;2;65;65;82m▀[0m[38;2;65;65;82m[48;2;65;65;82m▀[0m[38;2;65;65;82m[48;2;16;16;16m▀[0m[38;2;16;16;16m▀[0m         [38;2;16;16;16m▀[0m[38;2;41;49;74m[48;2;16;16;16m▀[0m[38;2;41;49;74m[48;2;16;16;16m▀[0m[38;2;41;49;74m[48;2;16;16;16m▀[0m[38;2;16;16;16m[48;2;16;16;16m▀[0m[38;2;16;16;16m[48;2;16;16;16m▀[0m[38;2;41;49;74m[48;2;41;49;74m▀[0m[38;2;41;49;74m[48;2;41;49;74m▀[0m[38;2;41;49;74m[48;2;65;65;82m▀[0m[38;2;16;16;16m[48;2;16;16;16m▀[0m      
        [38;2;16;16;16m[48;2;16;16;16m▀[0m[38;2;65;65;82m[48;2;41;49;74m▀[0m[38;2;41;49;74m[48;2;41;49;74m▀[0m[38;2;41;49;74m[48;2;41;49;74m▀[0m[38;2;16;16;16m[48;2;16;16;16m▀[0m [38;2;16;16;16m[48;2;16;16;16m▀[0m[38;2;65;65;82m[48;2;65;65;82m▀[0m[38;2;65;65;82m[48;2;65;65;82m▀[0m[38;2;16;16;16m[48;2;41;49;74m▀[0m[38;2;16;16;16m▄[0m               [38;2;16;16;16m[48;2;16;16;16m▀[0m[38;2;41;49;74m[48;2;16;16;16m▀[0m[38;2;65;65;82m[48;2;41;49;74m▀[0m[38;2;65;65;82m[48;2;41;49;74m▀[0m[38;2;16;16;16m[48;2;41;49;74m▀[0m[38;2;16;16;16m▄[0m    
         [38;2;16;16;16m▀[0m[38;2;16;16;16m▀[0m[38;2;16;16;16m▀[0m  [38;2;16;16;16m▀[0m[38;2;65;65;82m[48;2;16;16;16m▀[0m[38;2;41;49;74m[48;2;41;49;74m▀[0m[38;2;41;49;74m[48;2;41;49;74m▀[0m[38;2;41;49;74m[48;2;41;49;74m▀[0m[38;2;16;16;16m[48;2;16;16;16m▀[0m                [38;2;16;16;16m▀[0m[38;2;16;16;16m▀[0m[38;2;16;16;16m▀[0m[38;2;16;16;16m▀[0m    
                [38;2;16;16;16m▀[0m[38;2;16;16;16m▀[0m[38;2;16;16;16m▀[0m                         
[0m