                        [38;2;65;57;41m▄[0m[38;2;65;57;41m[48;2;115;106;74m▀[0m[38;2;65;57;41m[48;2;90;82;57m▀[0m[38;2;0;0;0m▄[0m        
                      [38;2;65;57;41m▄[0m[38;2;65;57;41m[48;2;115;106;74m▀[0m[38;2;115;106;74m[48;2;115;106;74m▀[0m[38;2;65;57;41m[48;2;90;82;57m▀[0m[38;2;90;82;57m[48;2;90;82;57m▀[0m[38;2;0;0;0m[48;2;0;0;0m▀[0m        
                    [38;2;65;57;41m▄[0m[38;2;65;57;41m[48;2;115;106;74m▀[0m[38;2;115;106;74m[48;2;115;106;74m▀[0m[38;2;115;106;74m[48;2;65;57;41m▀[0m[38;2;65;57;41m[48;2;90;82;57m▀[0m[38;2;90;82;57m[48;2;90;82;57m▀[0m[38;2;90;82;57m[48;2;90;82;57m▀[0m[38;2;90;82;57m[48;2;90;82;57m▀[0m[38;2;0;0;0m[48;2;0;0;0m▀[0m       
                  [38;2;65;57;41m▄[0m[38;2;65;57;41m[48;2;115;106;74m▀[0m[38;2;115;106;74m[48;2;115;106;74m▀[0m[38;2;115;106;74m[48;2;115;106;74m▀[0m[38;2;115;106;74m[48;2;65;57;41m▀[0m[38;2;65;57;41m[48;2;90;82;57m▀[0m[38;2;90;82;57m[48;2;90;82;57m▀[0m[38;2;90;82;57m[48;2;90;82;57m▀[0m[38;2;90;82;57m[48;2;90;82;57m▀[0m[38;2;90;82;57m[48;2;90;82;57m▀[0m[38;2;0;0;0m[48;2;0;0;0m▀[0m       
              [38;2;65;57;41m▄[0m[38;2;65;57;41m▄[0m[38;2;65;57;41m▄[0m[38;2;65;57;41m[48;2;115;106;74m▀[0m[38;2;115;106;74m[48;2;115;106;74m▀[0m[38;2;115;106;74m[48;2;115;106;74m▀[0m[38;2;115;106;74m[48;2;115;106;74m▀[0m[38;2;90;82;57m[48;2;65;57;41m▀[0m[38;2;65;57;41m[48;2;90;82;57m▀[0m[38;2;90;82;57m[48;2;90;82;57m▀[0m[38;2;90;82;57m[48;2;90;82;57m▀[0m[38;2;90;82;57m[48;2;90;82;57m▀[0m[38;2;90;82;57m[48;2;90;82;57m▀[0m[38;2;90;82;57m[48;2;0;0;0m▀[0m[38;2;0;0;0m▀[0m       
          [38;2;65;57;41m▄[0m[38;2;65;57;41m▄[0m[38;2;65;57;41m[48;2;115;106;74m▀[0m[38;2;65;57;41m[48;2;115;106;74m▀[0m[38;2;115;106;74m[48;2;115;106;74m▀[0m[38;2;115;106;74m[48;2;115;106;74m▀[0m[38;2;115;106;74m[48;2;115;106;74m▀[0m[38;2;65;57;41m[48;2;115;106;74m▀[0m[38;2;65;57;41m[48;2;90;82;57m▀[0m[38;2;115;106;74m[48;2;90;82;57m▀[0m[38;2;65;57;41m[48;2;0;0;0m▀[0m[38;2;90;82;57m[48;2;90;82;57m▀[0m[38;2;90;82;57m[48;2;90;82;57m▀[0m[38;2;90;82;57m[48;2;90;82;57m▀[0m[38;2;90;82;57m[48;2;90;82;57m▀[0m[38;2;90;82;57m[48;2;90;82;57m▀[0m[38;2;90;82;57m[48;2;90;82;57m▀[0m[38;2;0;0;0m[48;2;0;0;0m▀[0m        
        [38;2;65;57;41m▄[0m[38;2;65;57;41m[48;2;90;82;57m▀[0m[38;2;115;106;74m[48;2;90;82;57m▀[0m[38;2;115;106;74m[48;2;115;106;74m▀[0m[38;2;115;106;74m[48;2;115;106;74m▀[0m[38;2;115;106;74m[48;2;115;106;74m▀[0m[38;2;115;106;74m[48;2;115;106;74m▀[0m[38;2;115;106;74m[48;2;90;82;57m▀[0m[38;2;115;106;74m[48;2;90;82;57m▀[0m[38;2;90;82;57m[48;2;90;82;57m▀[0m[38;2;90;82;57m[48;2;65;57;41m▀[0m[38;2;90;82;57m[48;2;90;82;57m▀[0m[38;2;90;82;57m[48;2;90;82;57m▀[0m[38;2;0;0;0m[48;2;90;82;57m▀[0m[38;2;90;82;57m[48;2;0;0;0m▀[0m[38;2;90;82;57m[48;2;90;82;57m▀[0m[38;2;90;82;57m[48;2;90;82;57m▀[0m[38;2;90;82;57m[48;2;90;82;57m▀[0m[38;2;90;82;57m[48;2;90;82;57m▀[0m[38;2;0;0;0m[48;2;0;0;0m▀[0m        
       [38;2;65;57;41m[48;2;65;57;41m▀[0m[38;2;90;82;57m[48;2;90;82;57m▀[0m[38;2;90;82;57m[48;2;90;82;57m▀[0m[38;2;90;82;57m[48;2;90;82;57m▀[0m[38;2;90;82;57m[48;2;90;82;57m▀[0m[38;2;90;82;57m[48;2;90;82;57m▀[0m[38;2;90;82;57m[48;2;90;82;57m▀[0m[38;2;90;82;57m[48;2;90;82;57m▀[0m[38;2;90;82;57m[48;2;65;57;41m▀[0m[38;2;65;57;41m[48;2;197;180;115m▀[0m[38;2;65;57;41m[48;2;197;180;115m▀[0m[38;2;197;180;115m[48;2;197;180;115m▀[0m[38;2;197;180;115m[48;2;197;180;115m▀[0m[38;2;65;57;41m[48;2;197;180;115m▀[0m[38;2;65;57;41m[48;2;197;180;115m▀[0m[38;2;0;0;0m[48;2;65;57;41m▀[0m[38;2;90;82;57m[48;2;0;0;0m▀[0m[38;2;90;82;57m[48;2;90;82;57m▀[0m[38;2;90;82;57m[48;2;90;82;57m▀[0m[38;2;65;57;41m[48;2;65;57;41m▀[0m         
     [38;2;139;123;74m▄[0m[38;2;65;57;41m[48;2;65;57;41m▀[0m[38;2;90;82;57m[48;2;90;82;57m▀[0m[38;2;90;82;57m[48;2;90;82;57m▀[0m[38;2;90;82;57m[48;2;90;82;57m▀[0m[38;2;90;82;57m[48;2;90;82;57m▀[0m[38;2;90;82;57m[48;2;90;82;57m▀[0m[38;2;90;82;57m[48;2;65;57;41m▀[0m[38;2;65;57;41m[48;2;139;123;74m▀[0m[38;2;65;57;41m[48;2;197;180;115m▀[0m[38;2;197;180;115m[48;2;0;0;0m▀[0m[38;2;197;180;115m[48;2;0;0;0m▀[0m[38;2;0;0;0m[48;2;65;57;41m▀[0m[38;2;0;0;0m[48;2;65;57;41m▀[0m[38;2;0;0;0m[48;2;65;57;41m▀[0m[38;2;197;180;115m[48;2;0;0;0m▀[0m[38;2;197;180;115m[48;2;197;180;115m▀[0m[38;2;197;180;115m[48;2;197;180;115m▀[0m[38;2;0;0;0m[48;2;0;0;0m▀[0m[38;2;90;82;57m[48;2;90;82;57m▀[0m[38;2;90;82;57m[48;2;65;57;41m▀[0m[38;2;65;57;41m▀[0m         
     [38;2;139;123;74m[48;2;139;123;74m▀[0m[38;2;65;57;41m[48;2;197;180;115m▀[0m[38;2;90;82;57m[48;2;65;57;41m▀[0m[38;2;90;82;57m[48;2;65;57;41m▀[0m[38;2;90;82;57m[48;2;65;57;41m▀[0m[38;2;65;57;41m[48;2;197;180;115m▀[0m[38;2;65;57;41m[48;2;197;180;115m▀[0m[38;2;197;180;115m[48;2;197;180;115m▀[0m[38;2;197;180;115m[48;2;0;0;0m▀[0m[38;2;0;0;0m[48;2;65;57;41m▀[0m[38;2;205;41;115m[48;2;205;41;115m▀[0m[38;2;255;255;255m[48;2;205;41;115m▀[0m[38;2;180;180;213m[48;2;255;255;255m▀[0m[38;2;65;57;41m[48;2;65;57;41m▀[0m[38;2;65;57;41m[48;2;65;57;41m▀[0m[38;2;65;57;41m[48;2;65;57;41m▀[0m[38;2;139;123;74m[48;2;65;57;41m▀[0m[38;2;197;180;115m[48;2;197;180;115m▀[0m[38;2;197;180;115m[48;2;197;180;115m▀[0m[38;2;0;0;0m[48;2;0;0;0m▀[0m[38;2;65;57;41m▀[0m          
    [38;2;0;0;0m[48;2;0;0;0m▀[0m[38;2;197;180;115m[48;2;197;180;115m▀[0m[38;2;197;180;115m[48;2;197;180;115m▀[0m[38;2;197;180;115m[48;2;197;180;115m▀[0m[38;2;197;180;115m[48;2;197;180;115m▀[0m[38;2;197;180;115m[48;2;197;180;115m▀[0m[38;2;197;180;115m[48;2;197;180;115m▀[0m[38;2;197;180;115m[48;2;197;180;115m▀[0m[38;2;197;180;115m[48;2;0;0;0m▀[0m[38;2;0;0;0m[48;2;65;57;41m▀[0m[38;2;255;255;255m[48;2;205;41;115m▀[0m[38;2;74;24;65m[48;2;74;24;65m▀[0m[38;2;205;41;115m[48;2;205;41;115m▀[0m[38;2;255;255;255m[48;2;255;255;255m▀[0m[38;2;180;180;213m[48;2;180;180;213m▀[0m[38;2;65;57;41m[48;2;65;57;41m▀[0m[38;2;65;57;41m[48;2;65;57;41m▀[0m[38;2;65;57;41m[48;2;139;123;74m▀[0m[38;2;197;180;115m[48;2;197;180;115m▀[0m[38;2;197;180;115m[48;2;197;180;115m▀[0m[38;2;0;0;0m[48;2;0;0;0m▀[0m           
    [38;2;0;0;0m[48;2;0;0;0m▀[0m[38;2;197;180;115m[48;2;197;180;115m▀[0m[38;2;197;180;115m[48;2;197;180;115m▀[0m[38;2;197;180;115m[48;2;197;180;115m▀[0m[38;2;197;180;115m[48;2;197;180;115m▀[0m[38;2;197;180;115m[48;2;197;180;115m▀[0m[38;2;197;180;115m[48;2;197;180;115m▀[0m[38;2;197;180;115m[48;2;197;180;115m▀[0m[38;2;0;0;0m[48;2;0;0;0m▀[0m[38;2;65;57;41m[48;2;65;57;41m▀[0m[38;2;205;41;115m[48;2;65;57;41m▀[0m[38;2;205;41;115m[48;2;205;41;115m▀[0m[38;2;205;41;115m[48;2;255;255;255m▀[0m[38;2;255;255;255m[48;2;180;180;213m▀[0m[38;2;65;57;41m[48;2;65;57;41m▀[0m[38;2;65;57;41m[48;2;65;57;41m▀[0m[38;2;65;57;41m[48;2;197;180;115m▀[0m[38;2;197;180;115m[48;2;197;180;115m▀[0m[38;2;197;180;115m[48;2;197;180;115m▀[0m[38;2;0;0;0m[48;2;0;0;0m▀[0m[38;2;65;57;41m▄[0m           
 [38;2;65;57;41m▄[0m[38;2;65;57;41m▄[0m[38;2;65;57;41m[48;2;255;255;148m▀[0m[38;2;0;0;0m[48;2;255;255;148m▀[0m[38;2;197;180;115m[48;2;0;0;0m▀[0m[38;2;197;180;115m[48;2;197;180;115m▀[0m[38;2;197;180;115m[48;2;197;180;115m▀[0m[38;2;197;180;115m[48;2;197;180;115m▀[0m[38;2;197;180;115m[48;2;197;180;115m▀[0m[38;2;197;180;115m[48;2;197;180;115m▀[0m[38;2;197;180;115m[48;2;197;180;115m▀[0m[38;2;197;180;115m[48;2;197;180;115m▀[0m[38;2;0;0;0m[48;2;197;180;115m▀[0m[38;2;65;57;41m[48;2;197;180;115m▀[0m[38;2;65;57;41m[48;2;197;180;115m▀[0m[38;2;65;57;41m[48;2;197;180;115m▀[0m[38;2;65;57;41m[48;2;197;180;115m▀[0m[38;2;197;180;115m[48;2;65;57;41m▀[0m[38;2;0;0;0m[48;2;197;189;98m▀[0m[38;2;0;0;0m[48;2;65;57;41m▀[0m[38;2;197;180;115m[48;2;65;57;41m▀[0m[38;2;65;57;41m[48;2;164;82;131m▀[0m[38;2;164;82;131m[48;2;164;82;131m▀[0m[38;2;164;82;131m[48;2;164;82;131m▀[0m[38;2;65;57;41m[48;2;164;82;131m▀[0m[38;2;0;0;0m▄[0m         
[38;2;65;57;41m▀[0m[38;2;197;189;98m[48;2;65;57;41m▀[0m[38;2;255;255;148m[48;2;65;57;41m▀[0m[38;2;255;255;148m[48;2;65;57;41m▀[0m[38;2;255;255;148m[48;2;197;189;98m▀[0m[38;2;0;0;0m[48;2;197;189;98m▀[0m[38;2;115;106;74m[48;2;0;0;0m▀[0m[38;2;197;180;115m[48;2;197;180;115m▀[0m[38;2;197;180;115m[48;2;197;180;115m▀[0m[38;2;197;180;115m[48;2;90;82;57m▀[0m[38;2;90;82;57m[48;2;139;123;74m▀[0m[38;2;90;82;57m[48;2;197;180;115m▀[0m[38;2;197;180;115m[48;2;197;180;115m▀[0m[38;2;197;180;115m[48;2;139;123;74m▀[0m[38;2;197;180;115m[48;2;0;0;0m▀[0m[38;2;197;180;115m[48;2;0;0;0m▀[0m[38;2;0;0;0m[48;2;255;255;148m▀[0m[38;2;90;82;57m[48;2;255;255;148m▀[0m[38;2;255;255;148m[48;2;255;255;148m▀[0m[38;2;255;255;148m[48;2;255;255;148m▀[0m[38;2;255;255;148m[48;2;255;255;148m▀[0m[38;2;197;189;98m[48;2;255;255;148m▀[0m[38;2;65;57;41m[48;2;255;255;148m▀[0m[38;2;164;82;131m[48;2;0;0;0m▀[0m[38;2;164;82;131m[48;2;164;82;131m▀[0m[38;2;164;82;131m[48;2;90;82;57m▀[0m[38;2;0;0;0m[48;2;197;180;115m▀[0m[38;2;65;57;41m▄[0m        
    [38;2;65;57;41m▀[0m[38;2;65;57;41m▀[0m[38;2;65;57;41m▀[0m[38;2;0;0;0m▀[0m[38;2;65;57;41m[48;2;65;57;41m▀[0m[38;2;197;180;115m[48;2;0;0;0m▀[0m[38;2;197;180;115m[48;2;0;0;0m▀[0m[38;2;139;123;74m[48;2;0;0;0m▀[0m[38;2;0;0;0m[48;2;139;123;74m▀[0m[38;2;0;0;0m[48;2;139;123;74m▀[0m[38;2;65;57;41m[48;2;139;123;74m▀[0m[38;2;197;189;98m[48;2;65;57;41m▀[0m[38;2;197;189;98m[48;2;65;57;41m▀[0m[38;2;197;189;98m[48;2;0;0;0m▀[0m[38;2;255;255;148m[48;2;0;0;0m▀[0m[38;2;255;255;148m[48;2;0;0;0m▀[0m[38;2;197;189;98m[48;2;0;0;0m▀[0m[38;2;0;0;0m[48;2;164;82;131m▀[0m[38;2;0;0;0m[48;2;65;57;41m▀[0m[38;2;164;82;131m[48;2;65;57;41m▀[0m[38;2;90;82;57m[48;2;197;180;115m▀[0m[38;2;197;180;115m[48;2;197;180;115m▀[0m[38;2;197;180;115m[48;2;197;180;115m▀[0m[38;2;197;180;115m[48;2;197;180;115m▀[0m[38;2;65;57;41m[48;2;197;180;115m▀[0m[38;2;65;57;41m▄[0m      
    [38;2;65;57;41m[48;2;0;0;0m▀[0m[38;2;0;0;0m[48;2;197;180;115m▀[0m[38;2;139;123;74m[48;2;0;0;0m▀[0m[38;2;139;123;74m[48;2;197;180;115m▀[0m[38;2;65;57;41m[48;2;197;180;115m▀[0m[38;2;164;82;131m[48;2;65;57;41m▀[0m[38;2;164;82;131m[48;2;115;65;90m▀[0m[38;2;164;82;131m[48;2;164;82;131m▀[0m[38;2;90;82;57m[48;2;164;82;131m▀[0m[38;2;90;82;57m[48;2;164;82;131m▀[0m[38;2;90;82;57m[48;2;164;82;131m▀[0m[38;2;164;82;131m[48;2;164;82;131m▀[0m[38;2;164;82;131m[48;2;164;82;131m▀[0m[38;2;65;57;41m[48;2;0;0;0m▀[0m[38;2;197;180;115m[48;2;139;123;74m▀[0m[38;2;65;57;41m[48;2;0;0;0m▀[0m[38;2;0;0;0m[48;2;197;180;115m▀[0m[38;2;65;57;41m[48;2;0;0;0m▀[0m[38;2;197;180;115m[48;2;197;180;115m▀[0m[38;2;197;180;115m[48;2;197;180;115m▀[0m[38;2;197;180;115m[48;2;197;180;115m▀[0m[38;2;197;180;115m[48;2;197;180;115m▀[0m[38;2;197;180;115m[48;2;197;180;115m▀[0m[38;2;197;180;115m[48;2;197;180;115m▀[0m[38;2;197;180;115m[48;2;197;180;115m▀[0m[38;2;65;57;41m[48;2;197;180;115m▀[0m[38;2;0;0;0m▄[0m     
   [38;2;65;57;41m▀[0m[38;2;197;180;115m[48;2;65;57;41m▀[0m[38;2;197;180;115m[48;2;0;0;0m▀[0m[38;2;197;180;115m[48;2;197;180;115m▀[0m[38;2;197;180;115m[48;2;65;57;41m▀[0m[38;2;197;180;115m[48;2;139;123;74m▀[0m[38;2;139;123;74m[48;2;139;123;74m▀[0m[38;2;0;0;0m[48;2;139;123;74m▀[0m[38;2;0;0;0m[48;2;65;57;41m▀[0m[38;2;115;65;90m[48;2;0;0;0m▀[0m[38;2;164;82;131m[48;2;115;65;90m▀[0m[38;2;164;82;131m[48;2;115;65;90m▀[0m[38;2;164;82;131m[48;2;115;65;90m▀[0m[38;2;0;0;0m[48;2;90;82;57m▀[0m[38;2;197;180;115m[48;2;0;0;0m▀[0m[38;2;139;123;74m[48;2;0;0;0m▀[0m[38;2;139;123;74m[48;2;139;123;74m▀[0m[38;2;197;180;115m[48;2;139;123;74m▀[0m[38;2;197;180;115m[48;2;197;180;115m▀[0m[38;2;197;180;115m[48;2;197;180;115m▀[0m[38;2;197;180;115m[48;2;139;123;74m▀[0m[38;2;197;180;115m[48;2;0;0;0m▀[0m[38;2;197;180;115m[48;2;90;82;57m▀[0m[38;2;90;82;57m[48;2;197;180;115m▀[0m[38;2;197;180;115m[48;2;197;180;115m▀[0m[38;2;197;180;115m[48;2;197;180;115m▀[0m[38;2;197;180;115m[48;2;197;180;115m▀[0m[38;2;0;0;0m[48;2;197;180;115m▀[0m[38;2;65;57;41m[48;2;0;0;0m▀[0m[38;2;65;57;41m▄[0m   
      [38;2;0;0;0m▀[0m[38;2;65;57;41m▀[0m[38;2;0;0;0m▀[0m[38;2;0;0;0m▀[0m[38;2;65;57;41m▀[0m [38;2;0;0;0m[48;2;65;57;41m▀[0m[38;2;90;82;57m[48;2;0;0;0m▀[0m[38;2;115;65;90m[48;2;90;82;57m▀[0m[38;2;90;82;57m[48;2;139;123;74m▀[0m[38;2;139;123;74m[48;2;139;123;74m▀[0m[38;2;139;123;74m[48;2;139;123;74m▀[0m[38;2;139;123;74m[48;2;139;123;74m▀[0m[38;2;0;0;0m[48;2;139;123;74m▀[0m[38;2;0;0;0m[48;2;139;123;74m▀[0m[38;2;0;0;0m[48;2;139;123;74m▀[0m[38;2;0;0;0m[48;2;139;123;74m▀[0m[38;2;0;0;0m[48;2;197;180;115m▀[0m[38;2;197;180;115m[48;2;197;180;115m▀[0m[38;2;197;180;115m[48;2;197;180;115m▀[0m[38;2;197;180;115m[48;2;197;180;115m▀[0m[38;2;197;180;115m[48;2;197;180;115m▀[0m[38;2;197;180;115m[48;2;197;180;115m▀[0m[38;2;197;180;115m[48;2;197;180;115m▀[0m[38;2;197;180;115m[48;2;197;180;115m▀[0m[38;2;0;0;0m[48;2;0;0;0m▀[0m[38;2;139;123;74m[48;2;139;123;74m▀[0m[38;2;65;57;41m[48;2;139;123;74m▀[0m[38;2;65;57;41m[48;2;139;123;74m▀[0m[38;2;65;57;41m▄[0m
           [38;2;65;57;41m▄[0m[38;2;65;57;41m[48;2;197;180;115m▀[0m[38;2;197;180;115m[48;2;197;180;115m▀[0m[38;2;0;0;0m[48;2;197;180;115m▀[0m[38;2;139;123;74m[48;2;65;57;41m▀[0m[38;2;139;123;74m[48;2;139;123;74m▀[0m[38;2;139;123;74m[48;2;139;123;74m▀[0m[38;2;139;123;74m[48;2;139;123;74m▀[0m[38;2;139;123;74m[48;2;139;123;74m▀[0m[38;2;139;123;74m[48;2;139;123;74m▀[0m[38;2;139;123;74m[48;2;0;0;0m▀[0m[38;2;90;82;57m[48;2;139;123;74m▀[0m[38;2;197;180;115m[48;2;139;123;74m▀[0m[38;2;197;180;115m[48;2;197;180;115m▀[0m[38;2;197;180;115m[48;2;197;180;115m▀[0m[38;2;197;180;115m[48;2;197;180;115m▀[0m[38;2;197;180;115m[48;2;197;180;115m▀[0m[38;2;197;180;115m[48;2;197;180;115m▀[0m[38;2;197;180;115m[48;2;139;123;74m▀[0m[38;2;139;123;74m[48;2;139;123;74m▀[0m[38;2;0;0;0m[48;2;0;0;0m▀[0m[38;2;139;123;74m[48;2;139;123;74m▀[0m[38;2;139;123;74m[48;2;139;123;74m▀[0m[38;2;139;123;74m[48;2;65;57;41m▀[0m[38;2;65;57;41m▀[0m
           [38;2;65;57;41m▀[0m[38;2;197;180;115m[48;2;0;0;0m▀[0m[38;2;197;180;115m[48;2;197;180;115m▀[0m[38;2;197;180;115m[48;2;197;180;115m▀[0m[38;2;197;180;115m[48;2;139;123;74m▀[0m[38;2;139;123;74m[48;2;139;123;74m▀[0m[38;2;65;57;41m[48;2;139;123;74m▀[0m[38;2;139;123;74m[48;2;65;57;41m▀[0m[38;2;139;123;74m[48;2;65;57;41m▀[0m[38;2;139;123;74m[48;2;65;57;41m▀[0m[38;2;0;0;0m[48;2;65;57;41m▀[0m[38;2;139;123;74m[48;2;0;0;0m▀[0m[38;2;139;123;74m[48;2;139;123;74m▀[0m[38;2;139;123;74m[48;2;139;123;74m▀[0m[38;2;197;180;115m[48;2;139;123;74m▀[0m[38;2;197;180;115m[48;2;139;123;74m▀[0m[38;2;139;123;74m[48;2;139;123;74m▀[0m[38;2;139;123;74m[48;2;139;123;74m▀[0m[38;2;139;123;74m[48;2;139;123;74m▀[0m[38;2;0;0;0m[48;2;0;0;0m▀[0m[38;2;65;57;41m▀[0m[38;2;65;57;41m▀[0m   
            [38;2;0;0;0m▄[0m[38;2;0;0;0m[48;2;139;123;74m▀[0m[38;2;139;123;74m[48;2;197;180;115m▀[0m[38;2;139;123;74m[48;2;197;180;115m▀[0m[38;2;139;123;74m[48;2;139;123;74m▀[0m[38;2;139;123;74m[48;2;65;57;41m▀[0m[38;2;139;123;74m[48;2;65;57;41m▀[0m[38;2;65;57;41m▀[0m  [38;2;0;0;0m▀[0m[38;2;139;123;74m[48;2;0;0;0m▀[0m[38;2;139;123;74m[48;2;0;0;0m▀[0m[38;2;139;123;74m[48;2;139;123;74m▀[0m[38;2;139;123;74m[48;2;139;123;74m▀[0m[38;2;139;123;74m[48;2;139;123;74m▀[0m[38;2;139;123;74m[48;2;65;57;41m▀[0m[38;2;0;0;0m▀[0m      
            [38;2;0;0;0m▀[0m[38;2;197;180;115m[48;2;0;0;0m▀[0m[38;2;65;57;41m[48;2;0;0;0m▀[0m[38;2;197;180;115m[48;2;0;0;0m▀[0m[38;2;139;123;74m[48;2;0;0;0m▀[0m[38;2;65;57;41m▀[0m      [38;2;139;123;74m[48;2;0;0;0m▀[0m[38;2;197;180;115m[48;2;197;180;115m▀[0m[38;2;197;180;115m[48;2;90;82;57m▀[0m[38;2;139;123;74m[48;2;197;180;115m▀[0m[38;2;65;57;41m[48;2;139;123;74m▀[0m[38;2;0;0;0m[48;2;0;0;0m▀[0m      
                         [38;2;0;0;0m▀[0m[38;2;0;0;0m▀[0m[38;2;0;0;0m▀[0m[38;2;0;0;0m▀[0m       
[0m