                                       [38;2;182;75;23m▄[0m[38;2;186;78;22m[48;2;232;112;23m▀[0m[38;2;185;79;24m[48;2;243;128;17m▀[0m                                      
                                      [38;2;184;77;24m▄[0m[38;2;174;68;24m[48;2;209;97;22m▀[0m[38;2;248;121;24m[48;2;241;120;22m▀[0m[38;2;255;151;14m[48;2;234;120;18m▀[0m                                      
                                      [38;2;184;77;23m[48;2;183;77;24m▀[0m[38;2;252;130;20m[48;2;244;125;20m▀[0m[38;2;244;125;20m[48;2;244;125;20m▀[0m[38;2;178;72;24m[48;2;184;77;24m▀[0m[38;2;127;127;0m▄[0m                                     
                                      [38;2;183;77;24m[48;2;183;77;23m▀[0m[38;2;240;121;20m[48;2;248;126;20m▀[0m[38;2;254;143;16m[48;2;255;149;14m▀[0m[38;2;240;125;18m[48;2;250;133;18m▀[0m[38;2;188;80;24m[48;2;187;79;26m▀[0m[38;2;183;81;30m[48;2;148;63;42m▀[0m                                    
                                      [38;2;184;77;25m▀[0m[38;2;219;104;21m[48;2;175;69;25m▀[0m[38;2;242;129;19m[48;2;226;107;24m▀[0m[38;2;251;137;17m[48;2;255;145;15m▀[0m[38;2;218;107;20m[48;2;255;143;15m▀[0m[38;2;199;85;24m[48;2;233;112;24m▀[0m[38;2;151;56;28m[48;2;199;86;25m▀[0m[38;2;164;65;24m▄[0m                                  
                                       [38;2;181;74;24m[48;2;181;74;24m▀[0m[38;2;228;110;23m[48;2;228;110;23m▀[0m[38;2;255;143;15m[48;2;255;143;15m▀[0m[38;2;255;139;16m[48;2;255;139;16m▀[0m[38;2;255;144;16m[48;2;255;139;16m▀[0m[38;2;233;113;23m[48;2;254;142;15m▀[0m[38;2;189;80;23m[48;2;234;116;21m▀[0m[38;2;187;68;17m[48;2;181;75;24m▀[0m                                 
                                       [38;2;181;74;24m[48;2;175;69;25m▀[0m[38;2;228;110;23m[48;2;226;108;24m▀[0m[38;2;255;143;15m[48;2;255;143;15m▀[0m[38;2;255;139;16m[48;2;255;139;16m▀[0m[38;2;255;139;16m[48;2;255;139;16m▀[0m[38;2;255;144;15m[48;2;255;141;16m▀[0m[38;2;238;118;22m[48;2;247;132;18m▀[0m[38;2;176;70;24m[48;2;222;110;20m▀[0m[38;2;185;80;24m▄[0m[38;2;198;85;28m▄[0m                               
                                      [38;2;183;77;22m[48;2;182;76;23m▀[0m[38;2;208;97;22m[48;2;247;126;20m▀[0m[38;2;238;122;20m[48;2;255;145;14m▀[0m[38;2;255;142;15m[48;2;255;139;16m▀[0m[38;2;255;139;16m[48;2;255;139;16m▀[0m[38;2;255;139;16m[48;2;255;139;16m▀[0m[38;2;255;139;16m[48;2;255;139;16m▀[0m[38;2;255;144;16m[48;2;255;142;16m▀[0m[38;2;253;133;19m[48;2;245;128;19m▀[0m[38;2;188;80;25m[48;2;185;79;24m▀[0m[38;2;191;79;15m[48;2;187;85;17m▀[0m                               
                                    [38;2;0;0;0m[48;2;183;81;30m▀[0m[38;2;204;102;51m[48;2;187;80;24m▀[0m[38;2;185;78;24m[48;2;241;125;18m▀[0m[38;2;239;121;20m[48;2;253;140;16m▀[0m[38;2;255;143;15m[48;2;255;139;16m▀[0m[38;2;255;139;16m[48;2;255;139;16m▀[0m[38;2;255;139;16m[48;2;255;139;16m▀[0m[38;2;255;139;16m[48;2;255;139;16m▀[0m[38;2;255;139;16m[48;2;255;139;16m▀[0m[38;2;255;142;16m[48;2;255;142;16m▀[0m[38;2;245;128;19m[48;2;245;128;19m▀[0m[38;2;185;79;24m[48;2;185;79;24m▀[0m[38;2;187;85;17m[48;2;187;85;17m▀[0m                               
                                   [38;2;178;76;25m▄[0m[38;2;148;63;42m[48;2;204;91;25m▀[0m[38;2;186;79;25m[48;2;221;109;20m▀[0m[38;2;250;133;18m[48;2;251;136;17m▀[0m[38;2;255;143;16m[48;2;255;141;16m▀[0m[38;2;255;139;16m[48;2;255;139;16m▀[0m[38;2;255;139;16m[48;2;255;139;16m▀[0m[38;2;255;139;16m[48;2;255;139;16m▀[0m[38;2;255;139;16m[48;2;255;139;16m▀[0m[38;2;255;139;16m[48;2;255;139;16m▀[0m[38;2;255;142;16m[48;2;255;144;16m▀[0m[38;2;245;128;19m[48;2;252;132;19m▀[0m[38;2;185;79;24m[48;2;186;80;24m▀[0m[38;2;187;85;17m[48;2;191;79;15m▀[0m                               
                                   [38;2;180;75;27m[48;2;180;74;25m▀[0m[38;2;221;99;26m[48;2;207;93;24m▀[0m[38;2;255;142;15m[48;2;254;138;16m▀[0m[38;2;255;141;16m[48;2;255;140;16m▀[0m[38;2;255;139;16m[48;2;255;139;16m▀[0m[38;2;255;139;16m[48;2;255;139;16m▀[0m[38;2;255;139;16m[48;2;255;139;16m▀[0m[38;2;255;139;16m[48;2;255;139;16m▀[0m[38;2;255;139;16m[48;2;255;139;16m▀[0m[38;2;255;140;16m[48;2;255;143;15m▀[0m[38;2;250;135;17m[48;2;235;117;21m▀[0m[38;2;230;115;20m[48;2;176;71;25m▀[0m[38;2;186;80;25m▀[0m[38;2;185;92;23m▀[0m                               
                                   [38;2;180;74;25m[48;2;182;75;27m▀[0m[38;2;207;93;24m[48;2;219;99;25m▀[0m[38;2;254;138;16m[48;2;255;142;15m▀[0m[38;2;255;140;16m[48;2;255;141;16m▀[0m[38;2;255;139;16m[48;2;255;139;16m▀[0m[38;2;255;139;16m[48;2;255;139;16m▀[0m[38;2;255;139;16m[48;2;255;139;16m▀[0m[38;2;255;139;16m[48;2;255;139;16m▀[0m[38;2;255;139;16m[48;2;255;139;16m▀[0m[38;2;255;143;15m[48;2;255;143;15m▀[0m[38;2;236;118;21m[48;2;236;118;21m▀[0m[38;2;181;75;24m[48;2;181;75;24m▀[0m                                 
                  [38;2;186;81;23m[48;2;185;79;24m▀[0m[38;2;190;83;22m[48;2;185;79;23m▀[0m               [38;2;184;79;26m▀[0m[38;2;203;90;24m[48;2;156;78;39m▀[0m[38;2;213;103;21m[48;2;190;80;26m▀[0m[38;2;250;134;17m[48;2;251;134;18m▀[0m[38;2;255;141;16m[48;2;255;143;16m▀[0m[38;2;255;139;16m[48;2;255;139;16m▀[0m[38;2;255;139;16m[48;2;255;139;16m▀[0m[38;2;255;139;16m[48;2;255;139;16m▀[0m[38;2;255;139;16m[48;2;255;139;16m▀[0m[38;2;255;143;15m[48;2;255;141;15m▀[0m[38;2;235;116;21m[48;2;244;128;19m▀[0m[38;2;174;70;25m[48;2;211;100;22m▀[0m[38;2;186;78;23m▄[0m[38;2;170;85;0m▄[0m                               
                  [38;2;200;94;23m[48;2;255;150;15m▀[0m[38;2;205;94;23m[48;2;255;137;21m▀[0m[38;2;181;79;22m[48;2;184;78;25m▀[0m[38;2;255;0;0m[48;2;191;63;0m▀[0m              [38;2;177;77;22m▀[0m[38;2;188;80;23m▀[0m[38;2;236;122;18m[48;2;182;75;24m▀[0m[38;2;252;138;17m[48;2;239;121;20m▀[0m[38;2;255;140;16m[48;2;255;143;15m▀[0m[38;2;255;139;16m[48;2;255;139;16m▀[0m[38;2;255;139;16m[48;2;255;139;16m▀[0m[38;2;255;139;16m[48;2;255;139;16m▀[0m[38;2;255;139;16m[48;2;255;139;16m▀[0m[38;2;255;144;16m[48;2;255;142;16m▀[0m[38;2;252;133;19m[48;2;245;128;19m▀[0m[38;2;185;79;25m[48;2;188;81;24m▀[0m[38;2;185;69;23m[48;2;191;85;21m▀[0m[38;2;255;127;0m▄[0m                       [38;2;127;127;0m▄[0m[38;2;178;76;25m▄[0m[38;2;255;0;0m▄[0m    
                 [38;2;181;75;24m▄[0m[38;2;255;148;13m[48;2;243;124;20m▀[0m[38;2;255;136;21m[48;2;249;131;20m▀[0m[38;2;184;78;24m[48;2;184;78;24m▀[0m[38;2;191;63;0m[48;2;191;63;0m▀[0m                [38;2;183;76;24m[48;2;182;76;24m▀[0m[38;2;245;124;20m[48;2;201;91;22m▀[0m[38;2;255;145;15m[48;2;235;117;19m▀[0m[38;2;255;138;16m[48;2;255;148;23m▀[0m[38;2;255;137;14m[48;2;248;170;53m▀[0m[38;2;255;139;16m[48;2;255;140;17m▀[0m[38;2;255;139;16m[48;2;255;136;13m▀[0m[38;2;255;139;16m[48;2;255;139;16m▀[0m[38;2;254;140;16m[48;2;255;142;16m▀[0m[38;2;246;131;17m[48;2;254;138;17m▀[0m[38;2;200;89;23m[48;2;202;88;25m▀[0m[38;2;185;78;27m[48;2;164;63;26m▀[0m                       [38;2;191;86;28m[48;2;183;81;25m▀[0m[38;2;189;82;23m[48;2;190;80;25m▀[0m[38;2;184;79;26m[48;2;159;63;15m▀[0m    
    [38;2;178;76;25m▄[0m[38;2;190;83;22m▄[0m[38;2;187;85;34m▄[0m          [38;2;181;75;24m[48;2;181;75;24m▀[0m[38;2;246;124;22m[48;2;239;120;21m▀[0m[38;2;246;128;19m[48;2;249;134;18m▀[0m[38;2;179;74;24m[48;2;206;97;21m▀[0m[38;2;192;83;21m▄[0m[38;2;182;72;18m▄[0m                [38;2;175;70;25m[48;2;178;71;25m▀[0m[38;2;226;106;20m[48;2;227;107;20m▀[0m[38;2;255;151;25m[48;2;255;150;24m▀[0m[38;2;245;183;68m[48;2;246;181;66m▀[0m[38;2;249;165;47m[48;2;244;186;71m▀[0m[38;2;253;145;23m[48;2;252;153;32m▀[0m[38;2;255;137;14m[48;2;255;136;13m▀[0m[38;2;255;140;16m[48;2;255;139;16m▀[0m[38;2;254;138;16m[48;2;255;139;16m▀[0m[38;2;229;117;20m[48;2;255;145;15m▀[0m[38;2;211;96;24m[48;2;231;107;25m▀[0m[38;2;178;72;24m[48;2;178;74;26m▀[0m           [38;2;194;85;24m▄[0m[38;2;189;81;22m▄[0m[38;2;204;102;51m▄[0m        [38;2;227;116;22m[48;2;255;150;17m▀[0m[38;2;224;113;20m[48;2;255;146;15m▀[0m[38;2;207;93;25m[48;2;221;99;27m▀[0m[38;2;182;72;24m[48;2;173;68;26m▀[0m   
    [38;2;187;85;25m[48;2;187;76;25m▀[0m[38;2;199;86;25m[48;2;189;82;24m▀[0m[38;2;190;85;25m[48;2;191;85;26m▀[0m          [38;2;181;75;24m[48;2;181;75;24m▀[0m[38;2;236;118;21m[48;2;236;118;21m▀[0m[38;2;255;146;15m[48;2;255;145;15m▀[0m[38;2;255;138;17m[48;2;250;134;17m▀[0m[38;2;203;88;25m[48;2;193;84;24m▀[0m[38;2;179;75;23m[48;2;177;71;23m▀[0m               [38;2;173;71;20m[48;2;183;76;24m▀[0m[38;2;191;82;24m[48;2;238;120;20m▀[0m[38;2;231;112;19m[48;2;255;141;13m▀[0m[38;2;255;149;23m[48;2;253;146;24m▀[0m[38;2;246;181;66m[48;2;246;181;66m▀[0m[38;2;245;183;68m[48;2;245;183;68m▀[0m[38;2;252;152;31m[48;2;252;152;31m▀[0m[38;2;255;136;13m[48;2;255;136;13m▀[0m[38;2;255;139;16m[48;2;255;139;16m▀[0m[38;2;255;139;16m[48;2;255;139;16m▀[0m[38;2;255;141;16m[48;2;255;141;16m▀[0m[38;2;218;101;24m[48;2;218;101;24m▀[0m[38;2;179;73;25m[48;2;179;73;25m▀[0m           [38;2;185;80;21m[48;2;186;79;22m▀[0m[38;2;195;84;25m[48;2;188;81;24m▀[0m[38;2;195;75;30m[48;2;191;79;31m▀[0m        [38;2;249;139;17m[48;2;179;75;23m▀[0m[38;2;248;133;17m[48;2;193;84;24m▀[0m[38;2;214;99;24m[48;2;253;137;17m▀[0m[38;2;193;84;25m[48;2;225;107;23m▀[0m[38;2;191;79;31m[48;2;181;75;24m▀[0m  
   [38;2;180;75;26m[48;2;167;65;25m▀[0m[38;2;208;93;25m[48;2;213;93;26m▀[0m[38;2;245;132;17m[48;2;255;142;16m▀[0m[38;2;255;156;16m[48;2;218;103;23m▀[0m[38;2;179;75;27m▄[0m       [38;2;178;76;25m▄[0m[38;2;185;79;24m▄[0m[38;2;176;72;25m[48;2;227;113;20m▀[0m[38;2;235;116;21m[48;2;249;134;18m▀[0m[38;2;255;144;15m[48;2;255;140;16m▀[0m[38;2;254;139;16m[48;2;255;140;16m▀[0m[38;2;246;132;17m[48;2;255;142;16m▀[0m[38;2;211;96;23m[48;2;221;101;25m▀[0m[38;2;179;75;27m[48;2;180;75;25m▀[0m            [38;2;180;85;31m[48;2;204;93;25m▀[0m[38;2;187;80;24m[48;2;208;90;26m▀[0m[38;2;251;130;19m[48;2;109;59;16m▀[0m[38;2;255;141;13m[48;2;200;110;11m▀[0m[38;2;253;153;32m[48;2;255;167;36m▀[0m[38;2;246;177;62m[48;2;250;188;71m▀[0m[38;2;246;180;65m[48;2;255;190;68m▀[0m[38;2;255;192;71m[48;2;101;78;36m▀[0m[38;2;255;156;32m[48;2;211;120;19m▀[0m[38;2;255;135;13m[48;2;255;148;15m▀[0m[38;2;255;139;16m[48;2;255;142;16m▀[0m[38;2;255;139;16m[48;2;255;146;17m▀[0m[38;2;255;144;15m[48;2;232;112;22m▀[0m[38;2;229;106;25m[48;2;239;104;25m▀[0m[38;2;179;73;26m[48;2;223;87;31m▀[0m          [38;2;179;73;25m[48;2;169;65;27m▀[0m[38;2;224;104;23m[48;2;232;107;25m▀[0m[38;2;247;132;16m[48;2;255;148;14m▀[0m[38;2;255;136;17m[48;2;255;136;17m▀[0m        [38;2;179;75;23m[48;2;179;75;23m▀[0m[38;2;192;83;24m[48;2;193;84;24m▀[0m[38;2;254;138;17m[48;2;251;135;17m▀[0m[38;2;227;107;24m[48;2;245;132;18m▀[0m[38;2;175;69;25m[48;2;224;107;21m▀[0m[38;2;185;78;24m▄[0m 
  [38;2;182;72;25m[48;2;178;72;24m▀[0m[38;2;210;96;24m[48;2;234;111;24m▀[0m[38;2;228;115;20m[48;2;255;147;14m▀[0m[38;2;255;139;16m[48;2;255;140;16m▀[0m[38;2;225;103;25m[48;2;213;97;24m▀[0m[38;2;179;75;26m[48;2;179;75;26m▀[0m       [38;2;191;79;15m[48;2;187;85;17m▀[0m[38;2;187;80;25m[48;2;185;79;24m▀[0m[38;2;252;133;19m[48;2;245;128;19m▀[0m[38;2;255;144;16m[48;2;255;142;16m▀[0m[38;2;255;139;16m[48;2;255;139;16m▀[0m[38;2;255;140;16m[48;2;255;140;16m▀[0m[38;2;255;140;16m[48;2;255;142;15m▀[0m[38;2;211;94;24m[48;2;223;108;22m▀[0m[38;2;171;71;25m[48;2;199;90;24m▀[0m[38;2;182;72;21m▄[0m        [38;2;15;15;15m[48;2;15;14;15m▀[0m[38;2;16;16;16m[48;2;24;25;23m▀[0m[38;2;7;3;7m[48;2;27;29;24m▀[0m[38;2;255;85;0m[48;2;34;41;34m▀[0m[38;2;114;53;20m[48;2;2;9;14m▀[0m[38;2;24;28;27m[48;2;47;55;40m▀[0m[38;2;87;54;17m[48;2;3;17;24m▀[0m[38;2;193;131;36m[48;2;105;74;30m▀[0m[38;2;237;178;67m[48;2;226;154;48m▀[0m[38;2;142;106;43m[48;2;0;1;12m▀[0m[38;2;21;28;26m[48;2;46;55;40m▀[0m[38;2;95;59;18m[48;2;1;16;25m▀[0m[38;2;210;120;15m[48;2;105;61;16m▀[0m[38;2;247;135;14m[48;2;177;105;23m▀[0m[38;2;143;79;15m[48;2;0;13;22m▀[0m[38;2;115;54;21m[48;2;2;11;16m▀[0m[38;2;38;23;19m[48;2;15;17;18m▀[0m[38;2;0;5;11m[48;2;15;15;15m▀[0m         [38;2;182;76;23m[48;2;180;73;24m▀[0m[38;2;214;100;22m[48;2;246;122;22m▀[0m[38;2;236;117;21m[48;2;252;134;18m▀[0m[38;2;226;114;19m[48;2;180;75;25m▀[0m[38;2;221;119;17m[48;2;187;85;17m▀[0m       [38;2;173;69;23m▄[0m[38;2;167;63;23m[48;2;201;89;22m▀[0m[38;2;190;81;24m[48;2;207;97;22m▀[0m[38;2;250;133;17m[48;2;251;135;17m▀[0m[38;2;255;148;14m[48;2;255;145;15m▀[0m[38;2;245;123;22m[48;2;235;117;21m▀[0m[38;2;183;77;23m[48;2;181;75;24m▀[0m 
 [38;2;185;69;23m[48;2;183;77;24m▀[0m[38;2;187;77;23m[48;2;234;117;21m▀[0m[38;2;225;108;23m[48;2;253;141;15m▀[0m[38;2;255;143;15m[48;2;255;140;16m▀[0m[38;2;255;140;16m[48;2;255;140;16m▀[0m[38;2;213;97;24m[48;2;213;97;24m▀[0m[38;2;179;75;26m[48;2;179;75;26m▀[0m       [38;2;187;85;17m[48;2;187;85;17m▀[0m[38;2;187;79;24m[48;2;192;81;24m▀[0m[38;2;246;128;19m[48;2;253;131;18m▀[0m[38;2;255;142;16m[48;2;255;143;16m▀[0m[38;2;255;139;16m[48;2;255;143;15m▀[0m[38;2;254;139;16m[48;2;239;132;18m▀[0m[38;2;243;134;17m[48;2;61;62;40m▀[0m[38;2;255;144;15m[48;2;222;128;20m▀[0m[38;2;234;113;23m[48;2;238;114;21m▀[0m[38;2;181;75;25m[48;2;180;74;24m▀[0m        [38;2;12;11;12m[48;2;23;0;23m▀[0m[38;2;34;38;29m[48;2;13;13;15m▀[0m[38;2;53;62;44m[48;2;29;33;27m▀[0m[38;2;47;54;40m[48;2;52;60;43m▀[0m[38;2;18;18;17m[48;2;47;55;40m▀[0m[38;2;45;52;38m[48;2;49;57;41m▀[0m[38;2;15;27;28m[48;2;47;55;40m▀[0m[38;2;113;65;15m[48;2;53;57;39m▀[0m[38;2;220;120;16m[48;2;59;61;39m▀[0m[38;2;15;17;17m[48;2;47;55;40m▀[0m[38;2;45;53;40m[48;2;49;57;41m▀[0m[38;2;27;29;24m[48;2;48;55;40m▀[0m[38;2;26;32;27m[48;2;50;58;42m▀[0m[38;2;45;58;45m[48;2;42;49;36m▀[0m[38;2;47;54;39m[48;2;17;16;16m▀[0m[38;2;18;18;17m[48;2;17;17;18m▀[0m[38;2;15;15;15m[48;2;17;17;17m▀[0m[38;2;16;16;16m[48;2;0;0;0m▀[0m       [38;2;191;63;0m▄[0m[38;2;176;78;19m[48;2;184;78;25m▀[0m[38;2;188;79;24m[48;2;238;122;19m▀[0m[38;2;237;119;21m[48;2;254;144;15m▀[0m[38;2;250;132;18m[48;2;245;128;19m▀[0m[38;2;185;79;24m[48;2;185;79;24m▀[0m[38;2;187;85;17m[48;2;187;85;17m▀[0m       [38;2;180;75;25m[48;2;179;75;26m▀[0m[38;2;220;100;25m[48;2;214;97;24m▀[0m[38;2;255;142;16m[48;2;255;140;16m▀[0m[38;2;255;140;16m[48;2;255;140;16m▀[0m[38;2;255;143;15m[48;2;255;139;16m▀[0m[38;2;237;119;21m[48;2;254;141;16m▀[0m[38;2;187;80;23m[48;2;235;121;18m▀[0m[38;2;182;72;18m[48;2;186;80;24m▀[0m
 [38;2;184;77;23m[48;2;183;76;24m▀[0m[38;2;240;120;21m[48;2;236;118;21m▀[0m[38;2;255;144;15m[48;2;255;143;15m▀[0m[38;2;255;140;16m[48;2;255;139;16m▀[0m[38;2;255;140;16m[48;2;255;139;16m▀[0m[38;2;210;94;25m[48;2;237;123;19m▀[0m[38;2;170;67;26m[48;2;216;102;23m▀[0m[38;2;180;74;22m▄[0m      [38;2;51;34;17m[48;2;0;17;17m▀[0m[38;2;53;28;17m[48;2;5;10;14m▀[0m[38;2;75;61;33m[48;2;23;41;37m▀[0m[38;2;203;120;23m[48;2;101;79;36m▀[0m[38;2;229;130;19m[48;2;115;83;33m▀[0m[38;2;77;69;38m[48;2;32;51;43m▀[0m[38;2;41;54;42m[48;2;48;57;41m▀[0m[38;2;237;136;20m[48;2;111;70;21m▀[0m[38;2;255;122;22m[48;2;164;79;18m▀[0m[38;2;182;74;24m[48;2;183;75;26m▀[0m        [38;2;74;86;74m▄[0m[38;2;0;0;0m[48;2;93;110;93m▀[0m[38;2;7;2;4m[48;2;71;81;71m▀[0m[38;2;22;22;19m[48;2;57;67;59m▀[0m[38;2;39;44;30m[48;2;130;162;129m▀[0m[38;2;36;48;38m[48;2;173;143;66m▀[0m[38;2;43;53;39m[48;2;98;95;61m▀[0m[38;2;41;52;39m[48;2;92;94;65m▀[0m[38;2;29;46;40m[48;2;166;130;53m▀[0m[38;2;36;49;40m[48;2;158;126;55m▀[0m[38;2;46;53;38m[48;2;67;82;70m▀[0m[38;2;41;53;41m[48;2;135;115;60m▀[0m[38;2;23;33;30m[48;2;165;126;46m▀[0m[38;2;6;10;15m[48;2;120;92;44m▀[0m[38;2;9;7;9m[48;2;47;56;51m▀[0m[38;2;0;0;0m[48;2;81;96;83m▀[0m[38;2;0;0;0m[48;2;135;165;135m▀[0m        [38;2;191;63;0m[48;2;191;63;0m▀[0m[38;2;183;78;25m[48;2;184;78;24m▀[0m[38;2;245;127;19m[48;2;242;125;19m▀[0m[38;2;255;147;15m[48;2;255;144;15m▀[0m[38;2;244;127;19m[48;2;251;135;17m▀[0m[38;2;180;75;24m[48;2;224;112;20m▀[0m[38;2;200;88;23m▄[0m[38;2;180;75;22m▄[0m      [38;2;179;75;26m[48;2;179;75;26m▀[0m[38;2;213;97;24m[48;2;213;97;24m▀[0m[38;2;255;140;16m[48;2;255;140;16m▀[0m[38;2;255;140;16m[48;2;255;145;14m▀[0m[38;2;255;139;16m[48;2;255;141;15m▀[0m[38;2;255;143;16m[48;2;255;142;16m▀[0m[38;2;241;126;18m[48;2;238;124;18m▀[0m[38;2;191;82;25m[48;2;186;80;24m▀[0m
[38;2;186;82;20m▄[0m[38;2;180;74;24m[48;2;193;85;23m▀[0m[38;2;235;117;21m[48;2;239;121;20m▀[0m[38;2;255;143;15m[48;2;255;142;15m▀[0m[38;2;255;139;16m[48;2;255;139;16m▀[0m[38;2;255;139;16m[48;2;255;139;16m▀[0m[38;2;255;146;14m[48;2;255;143;15m▀[0m[38;2;240;116;24m[48;2;228;110;23m▀[0m[38;2;181;73;24m[48;2;181;74;24m▀[0m      [38;2;15;15;15m[48;2;19;19;19m▀[0m[38;2;15;14;15m[48;2;14;13;14m▀[0m[38;2;44;50;37m[48;2;38;43;33m▀[0m[38;2;43;56;44m[48;2;49;56;40m▀[0m[38;2;37;52;42m[48;2;49;57;41m▀[0m[38;2;50;57;41m[48;2;49;57;41m▀[0m[38;2;49;58;41m[48;2;49;59;41m▀[0m[38;2;8;16;21m[48;2;23;24;21m▀[0m[38;2;0;0;11m[48;2;12;10;12m▀[0m     [38;2;51;68;51m▄[0m[38;2;63;63;63m[48;2;97;119;97m▀[0m[38;2;79;90;79m[48;2;114;138;114m▀[0m[38;2;70;82;70m[48;2;110;131;110m▀[0m[38;2;127;155;127m[48;2;174;217;174m▀[0m[38;2;117;140;117m[48;2;139;172;139m▀[0m[38;2;98;116;98m[48;2;129;158;131m▀[0m[38;2;142;176;145m[48;2;210;255;209m▀[0m[38;2;204;255;215m[48;2;206;239;180m▀[0m[38;2;212;185;100m[48;2;90;118;108m▀[0m[38;2;162;137;76m[48;2;183;147;70m▀[0m[38;2;185;153;79m[48;2;255;189;62m▀[0m[38;2;255;193;65m[48;2;245;180;65m▀[0m[38;2;255;188;67m[48;2;246;180;65m▀[0m[38;2;156;139;84m[48;2;255;189;62m▀[0m[38;2;180;150;80m[48;2;121;120;85m▀[0m[38;2;237;180;68m[48;2;148;127;73m▀[0m[38;2;236;186;83m[48;2;250;205;96m▀[0m[38;2;127;160;135m[48;2;202;255;212m▀[0m[38;2;138;168;139m[48;2;210;255;210m▀[0m[38;2;56;68;56m[48;2;83;101;83m▀[0m[38;2;0;0;0m[48;2;25;28;25m▀[0m[38;2;8;4;8m[48;2;21;23;21m▀[0m[38;2;0;0;0m▄[0m    [38;2;170;85;42m▄[0m[38;2;191;82;19m▄[0m[38;2;180;75;24m[48;2;194;87;23m▀[0m[38;2;241;124;19m[48;2;244;127;19m▀[0m[38;2;255;143;15m[48;2;255;142;15m▀[0m[38;2;255;142;16m[48;2;255;141;16m▀[0m[38;2;255;140;17m[48;2;252;136;17m▀[0m[38;2;214;95;26m[48;2;199;88;24m▀[0m[38;2;183;75;23m[48;2;178;76;26m▀[0m      [38;2;187;78;26m[48;2;153;65;23m▀[0m[38;2;221;100;24m[48;2;195;91;23m▀[0m[38;2;254;139;16m[48;2;255;139;16m▀[0m[38;2;188;113;24m[48;2;51;58;41m▀[0m[38;2;237;132;18m[48;2;155;100;28m▀[0m[38;2;255;146;15m[48;2;243;142;16m▀[0m[38;2;239;124;18m[48;2;236;123;17m▀[0m[38;2;194;83;24m[48;2;160;70;23m▀[0m
[38;2;187;80;24m[48;2;188;81;24m▀[0m[38;2;239;124;18m[48;2;239;125;18m▀[0m[38;2;255;142;16m[48;2;255;142;16m▀[0m[38;2;255;139;16m[48;2;255;139;16m▀[0m[38;2;255;139;16m[48;2;255;139;16m▀[0m[38;2;255;139;16m[48;2;255;139;16m▀[0m[38;2;255;143;15m[48;2;255;143;15m▀[0m[38;2;228;110;23m[48;2;228;110;23m▀[0m[38;2;181;74;24m[48;2;181;74;24m▀[0m        [38;2;13;11;13m[48;2;12;11;12m▀[0m[38;2;35;39;30m[48;2;36;41;31m▀[0m[38;2;51;60;43m[48;2;55;64;45m▀[0m[38;2;49;57;41m[48;2;48;56;40m▀[0m[38;2;49;58;41m[48;2;21;22;20m▀[0m[38;2;23;24;21m[48;2;17;17;13m▀[0m[38;2;13;10;13m[48;2;0;0;0m▀[0m    [38;2;0;0;0m[48;2;69;79;69m▀[0m[38;2;76;89;76m[48;2;131;166;131m▀[0m[38;2;123;148;123m[48;2;210;243;210m▀[0m[38;2;203;253;203m[48;2;243;248;243m▀[0m[38;2;202;252;202m[48;2;108;128;108m▀[0m[38;2;108;129;108m[48;2;198;204;198m▀[0m[38;2;142;174;142m[48;2;241;245;241m▀[0m[38;2;204;255;210m[48;2;247;235;195m▀[0m[38;2;204;238;181m[48;2;243;181;59m▀[0m[38;2;247;182;66m[48;2;255;185;62m▀[0m[38;2;107;112;85m[48;2;100;111;88m▀[0m[38;2;179;148;76m[48;2;175;146;77m▀[0m[38;2;255;185;63m[48;2;255;185;63m▀[0m[38;2;246;180;65m[48;2;246;180;65m▀[0m[38;2;246;180;65m[48;2;246;180;65m▀[0m[38;2;255;184;64m[48;2;247;180;65m▀[0m[38;2;128;123;84m[48;2;240;178;66m▀[0m[38;2;154;131;72m[48;2;164;141;77m▀[0m[38;2;245;200;94m[48;2;133;126;83m▀[0m[38;2;195;249;201m[48;2;242;194;88m▀[0m[38;2;197;246;198m[48;2;200;242;190m▀[0m[38;2;206;255;206m[48;2;199;251;203m▀[0m[38;2;145;178;145m[48;2;198;247;198m▀[0m[38;2;61;69;61m[48;2;155;191;155m▀[0m[38;2;11;11;11m[48;2;67;77;67m▀[0m[38;2;0;0;0m[48;2;4;3;4m▀[0m[38;2;0;0;0m▄[0m  [38;2;179;75;23m[48;2;175;73;22m▀[0m[38;2;194;85;24m[48;2;195;85;24m▀[0m[38;2;251;134;17m[48;2;251;135;17m▀[0m[38;2;255;141;16m[48;2;255;141;16m▀[0m[38;2;255;139;16m[48;2;255;139;16m▀[0m[38;2;255;141;16m[48;2;255;139;16m▀[0m[38;2;252;136;17m[48;2;255;139;16m▀[0m[38;2;200;89;24m[48;2;248;135;17m▀[0m[38;2;183;79;25m[48;2;216;100;24m▀[0m[38;2;255;0;0m[48;2;178;73;26m▀[0m     [38;2;0;0;15m[48;2;9;7;12m▀[0m[38;2;61;40;17m[48;2;27;27;22m▀[0m[38;2;254;138;16m[48;2;76;70;39m▀[0m[38;2;74;67;38m[48;2;52;58;41m▀[0m[38;2;25;48;44m[48;2;44;55;41m▀[0m[38;2;157;101;29m[48;2;64;65;41m▀[0m[38;2;207;112;14m[48;2;62;56;34m▀[0m[38;2;5;11;16m[48;2;13;14;16m▀[0m
[38;2;197;82;23m[48;2;121;71;34m▀[0m[38;2;245;128;17m[48;2;195;100;24m▀[0m[38;2;255;143;16m[48;2;255;137;17m▀[0m[38;2;255;142;16m[48;2;229;126;15m▀[0m[38;2;255;148;16m[48;2;146;82;15m▀[0m[38;2;255;139;16m[48;2;253;138;16m▀[0m[38;2;255;142;15m[48;2;255;153;15m▀[0m[38;2;237;113;23m[48;2;178;92;20m▀[0m[38;2;194;79;24m[48;2;95;38;21m▀[0m       [38;2;11;11;13m▄[0m[38;2;12;12;12m[48;2;9;7;11m▀[0m[38;2;23;24;21m[48;2;26;29;23m▀[0m[38;2;26;28;24m[48;2;33;37;29m▀[0m[38;2;23;24;21m[48;2;31;35;28m▀[0m[38;2;13;12;14m[48;2;33;38;29m▀[0m[38;2;12;11;14m[48;2;36;41;32m▀[0m[38;2;9;9;9m[48;2;24;27;22m▀[0m[38;2;4;0;4m▄[0m [38;2;18;20;18m▄[0m[38;2;82;91;82m[48;2;82;114;82m▀[0m[38;2;140;174;140m[48;2;170;223;170m▀[0m[38;2;207;236;207m[48;2;244;255;244m▀[0m[38;2;253;255;253m[48;2;237;231;235m▀[0m[38;2;255;255;255m[48;2;155;159;151m▀[0m[38;2;78;94;78m[48;2;163;171;162m▀[0m[38;2;212;215;212m[48;2;232;234;232m▀[0m[38;2;255;255;255m[48;2;255;255;255m▀[0m[38;2;255;247;236m[48;2;255;255;255m▀[0m[38;2;240;217;175m[48;2;235;247;255m▀[0m[38;2;140;130;84m[48;2;83;105;98m▀[0m[38;2;182;149;73m[48;2;224;169;65m▀[0m[38;2;231;173;68m[48;2;255;186;63m▀[0m[38;2;249;182;64m[48;2;245;180;65m▀[0m[38;2;246;180;65m[48;2;246;180;65m▀[0m[38;2;246;180;65m[48;2;246;180;65m▀[0m[38;2;246;180;65m[48;2;246;180;65m▀[0m[38;2;255;187;62m[48;2;255;187;65m▀[0m[38;2;167;144;80m[48;2;155;130;66m▀[0m[38;2;115;116;84m[48;2;100;98;65m▀[0m[38;2;251;185;67m[48;2;251;186;69m▀[0m[38;2;198;247;198m[48;2;223;212;129m▀[0m[38;2;195;249;203m[48;2;202;240;185m▀[0m[38;2;207;255;206m[48;2;199;253;204m▀[0m[38;2;163;201;163m[48;2;179;222;179m▀[0m[38;2;87;102;87m[48;2;140;171;140m▀[0m[38;2;150;187;150m[48;2;159;196;159m▀[0m[38;2;33;37;33m[48;2;116;142;116m▀[0m[38;2;0;0;0m[48;2;95;116;95m▀[0m[38;2;67;90;82m▄[0m[38;2;175;79;22m[48;2;212;70;14m▀[0m[38;2;193;84;24m[48;2;203;88;24m▀[0m[38;2;250;134;17m[48;2;255;139;16m▀[0m[38;2;255;141;16m[48;2;255;145;15m▀[0m[38;2;255;142;15m[48;2;203;118;22m▀[0m[38;2;255;144;14m[48;2;178;108;25m▀[0m[38;2;255;139;16m[48;2;255;145;14m▀[0m[38;2;255;143;16m[48;2;255;142;16m▀[0m[38;2;225;104;25m[48;2;226;104;25m▀[0m[38;2;178;72;24m[48;2;204;81;27m▀[0m     [38;2;16;8;16m▀[0m[38;2;16;18;18m[48;2;7;7;7m▀[0m[38;2;19;27;25m[48;2;16;15;16m▀[0m[38;2;46;54;39m[48;2;48;55;39m▀[0m[38;2;53;61;43m[48;2;54;63;45m▀[0m[38;2;36;44;34m[48;2;34;38;29m▀[0m[38;2;15;21;23m[48;2;11;9;11m▀[0m[38;2;16;12;16m▀[0m
[38;2;24;43;37m[48;2;8;11;15m▀[0m[38;2;147;68;28m[48;2;149;68;24m▀[0m[38;2;214;102;19m[48;2;94;46;21m▀[0m[38;2;127;77;17m[48;2;1;20;26m▀[0m[38;2;25;27;22m[48;2;76;71;41m▀[0m[38;2;255;140;15m[48;2;239;133;18m▀[0m[38;2;206;122;15m[48;2;52;36;18m▀[0m[38;2;73;47;16m[48;2;2;10;18m▀[0m[38;2;0;0;16m[48;2;16;16;16m▀[0m    [38;2;0;0;0m▄[0m[38;2;0;0;0m[48;2;16;16;16m▀[0m[38;2;16;13;16m[48;2;22;23;21m▀[0m[38;2;24;26;22m[48;2;49;57;41m▀[0m[38;2;26;27;24m[48;2;51;60;43m▀[0m[38;2;34;38;29m[48;2;33;37;30m▀[0m[38;2;42;49;36m[48;2;18;18;18m▀[0m[38;2;42;49;36m[48;2;16;17;16m▀[0m[38;2;44;50;37m[48;2;14;14;15m▀[0m[38;2;45;52;38m[48;2;11;10;12m▀[0m[38;2;34;38;30m[48;2;34;40;30m▀[0m[38;2;27;30;25m[48;2;52;61;43m▀[0m[38;2;29;35;23m[48;2;41;48;34m▀[0m[38;2;17;16;17m[48;2;26;30;26m▀[0m[38;2;113;166;113m[48;2;183;226;183m▀[0m[38;2;180;238;180m[48;2;200;249;200m▀[0m[38;2;238;255;238m[48;2;193;241;193m▀[0m[38;2;192;202;190m[48;2;144;184;142m▀[0m[38;2;40;47;31m[48;2;55;61;48m▀[0m[38;2;255;252;254m[48;2;239;244;239m▀[0m[38;2;255;255;255m[48;2;251;255;252m▀[0m[38;2;255;255;255m[48;2;253;252;245m▀[0m[38;2;255;252;245m[48;2;255;232;184m▀[0m[38;2;232;218;190m[48;2;221;158;44m▀[0m[38;2;80;94;80m[48;2;47;55;39m▀[0m[38;2;214;163;64m[48;2;209;157;60m▀[0m[38;2;254;185;65m[48;2;255;186;66m▀[0m[38;2;246;180;65m[48;2;246;180;65m▀[0m[38;2;246;180;65m[48;2;246;180;65m▀[0m[38;2;246;180;65m[48;2;246;180;65m▀[0m[38;2;246;180;65m[48;2;246;180;65m▀[0m[38;2;255;189;67m[48;2;255;190;67m▀[0m[38;2;142;114;51m[48;2;145;117;53m▀[0m[38;2;80;75;43m[48;2;76;74;44m▀[0m[38;2;255;188;65m[48;2;238;174;63m▀[0m[38;2;255;176;50m[48;2;237;172;62m▀[0m[38;2;211;229;163m[48;2;207;230;167m▀[0m[38;2;193;250;205m[48;2;195;251;205m▀[0m[38;2;204;255;204m[48;2;201;251;201m▀[0m[38;2;190;237;190m[48;2;185;230;185m▀[0m[38;2;79;91;79m[48;2;98;117;98m▀[0m[38;2;196;245;196m[48;2;178;221;178m▀[0m[38;2;153;186;153m[48;2;145;177;145m▀[0m[38;2;68;87;80m[48;2;91;108;90m▀[0m[38;2;241;53;0m[48;2;0;0;0m▀[0m[38;2;149;67;22m[48;2;9;14;17m▀[0m[38;2;195;112;23m[48;2;25;44;41m▀[0m[38;2;248;143;16m[48;2;194;115;25m▀[0m[38;2;151;97;29m[48;2;166;104;27m▀[0m[38;2;56;59;40m[48;2;27;49;44m▀[0m[38;2;207;122;21m[48;2;52;58;41m▀[0m[38;2;255;144;15m[48;2;236;133;19m▀[0m[38;2;185;88;22m[48;2;68;43;15m▀[0m[38;2;103;45;21m[48;2;2;11;18m▀[0m[38;2;12;12;12m[48;2;18;18;17m▀[0m[38;2;15;15;15m▄[0m    [38;2;7;7;7m▀[0m[38;2;17;17;17m▀[0m[38;2;38;44;32m[48;2;11;11;13m▀[0m[38;2;50;58;42m[48;2;42;48;36m▀[0m[38;2;36;40;31m[48;2;38;43;33m▀[0m[38;2;13;11;13m[48;2;13;11;13m▀[0m 
[38;2;15;14;15m[48;2;15;15;15m▀[0m[38;2;45;48;35m[48;2;16;20;18m▀[0m[38;2;53;59;41m[48;2;37;43;33m▀[0m[38;2;47;55;40m[48;2;52;60;43m▀[0m[38;2;50;58;41m[48;2;48;57;41m▀[0m[38;2;57;60;40m[48;2;44;56;42m▀[0m[38;2;52;60;43m[48;2;28;32;26m▀[0m[38;2;30;33;27m[48;2;19;19;19m▀[0m[38;2;11;11;12m[48;2;8;8;16m▀[0m   [38;2;12;10;12m▄[0m[38;2;9;9;11m[48;2;29;33;27m▀[0m[38;2;23;25;22m[48;2;47;55;40m▀[0m[38;2;49;58;41m[48;2;48;57;41m▀[0m[38;2;51;60;43m[48;2;25;27;23m▀[0m[38;2;20;21;19m[48;2;9;9;9m▀[0m[38;2;57;65;58m[48;2;54;63;49m▀[0m[38;2;83;98;80m[48;2;63;73;55m▀[0m[38;2;44;52;36m[48;2;52;61;42m▀[0m[38;2;36;18;36m▀[0m[38;2;0;0;0m▀[0m[38;2;17;17;17m[48;2;8;8;8m▀[0m[38;2;15;12;15m[48;2;5;1;5m▀[0m[38;2;30;40;30m[48;2;32;42;32m▀[0m[38;2;106;162;106m[48;2;109;169;109m▀[0m[38;2;196;249;196m[48;2;118;146;119m▀[0m[38;2;135;162;135m[48;2;54;80;55m▀[0m[38;2;67;81;65m[48;2;106;69;79m▀[0m[38;2;40;52;33m[48;2;206;96;146m▀[0m[38;2;53;67;47m[48;2;187;95;135m▀[0m[38;2;194;240;194m[48;2;79;89;69m▀[0m[38;2;201;255;214m[48;2;160;214;174m▀[0m[38;2;224;211;131m[48;2;238;223;131m▀[0m[38;2;255;182;61m[48;2;255;185;54m▀[0m[38;2;222;165;61m[48;2;221;165;62m▀[0m[38;2;49;57;41m[48;2;49;57;41m▀[0m[38;2;209;157;60m[48;2;209;157;60m▀[0m[38;2;255;186;66m[48;2;255;185;66m▀[0m[38;2;246;180;65m[48;2;252;184;66m▀[0m[38;2;246;180;65m[48;2;255;188;66m▀[0m[38;2;246;180;65m[48;2;246;180;65m▀[0m[38;2;246;180;65m[48;2;255;194;68m▀[0m[38;2;255;192;68m[48;2;122;111;39m▀[0m[38;2;156;124;53m[48;2;118;79;82m▀[0m[38;2;30;46;34m[48;2;206;98;150m▀[0m[38;2;54;63;41m[48;2;181;91;134m▀[0m[38;2;90;102;83m[48;2;47;61;45m▀[0m[38;2;177;218;176m[48;2;86;110;89m▀[0m[38;2;204;255;205m[48;2;163;200;163m▀[0m[38;2;197;246;197m[48;2;203;253;203m▀[0m[38;2;197;246;197m[48;2;198;247;198m▀[0m[38;2;195;243;195m[48;2;201;251;201m▀[0m[38;2;104;125;104m[48;2;109;131;109m▀[0m[38;2;167;205;167m[48;2;62;73;62m▀[0m[38;2;137;170;137m[48;2;49;57;46m▀[0m[38;2;2;0;2m[48;2;37;42;31m▀[0m[38;2;17;17;16m[48;2;16;16;16m▀[0m[38;2;44;52;38m[48;2;45;52;38m▀[0m[38;2;56;61;41m[48;2;46;58;42m▀[0m[38;2;54;59;40m[48;2;46;56;41m▀[0m[38;2;48;57;41m[48;2;49;57;41m▀[0m[38;2;49;57;41m[48;2;49;57;41m▀[0m[38;2;58;62;41m[48;2;45;57;43m▀[0m[38;2;23;24;20m[48;2;20;22;20m▀[0m[38;2;33;37;30m[48;2;33;37;29m▀[0m[38;2;41;46;35m[48;2;52;60;43m▀[0m[38;2;12;11;14m[48;2;39;45;33m▀[0m[38;2;13;13;14m▄[0m[38;2;0;0;0m▄[0m   [38;2;0;0;0m[48;2;63;63;63m▀[0m[38;2;12;12;13m[48;2;43;50;37m▀[0m[38;2;43;49;37m[48;2;32;35;28m▀[0m[38;2;54;61;45m[48;2;19;20;19m▀[0m[38;2;0;0;0m▀[0m 
 [38;2;11;10;11m[48;2;12;12;12m▀[0m[38;2;36;40;31m[48;2;28;31;25m▀[0m[38;2;53;62;44m[48;2;43;50;37m▀[0m[38;2;49;57;41m[48;2;51;60;43m▀[0m[38;2;49;58;41m[48;2;49;58;41m▀[0m[38;2;23;23;21m[48;2;24;27;23m▀[0m[38;2;10;7;10m[48;2;12;12;12m▀[0m    [38;2;12;11;12m[48;2;11;8;11m▀[0m[38;2;33;37;30m[48;2;32;36;29m▀[0m[38;2;54;63;46m[48;2;49;57;41m▀[0m[38;2;49;58;42m[48;2;35;39;30m▀[0m[38;2;19;18;18m[48;2;18;18;18m▀[0m[38;2;0;0;0m[48;2;0;0;0m▀[0m[38;2;59;70;46m[48;2;39;43;33m▀[0m[38;2;47;54;39m[48;2;35;40;31m▀[0m[38;2;25;27;22m[48;2;27;31;25m▀[0m[38;2;13;11;13m[48;2;32;36;28m▀[0m[38;2;0;0;23m[48;2;22;22;20m▀[0m[38;2;7;7;15m▄[0m[38;2;5;0;5m[48;2;5;0;5m▀[0m[38;2;33;44;34m[48;2;33;44;34m▀[0m[38;2;106;164;106m[48;2;106;164;106m▀[0m[38;2;61;81;58m[48;2;40;62;36m▀[0m[38;2;118;74;88m[48;2;187;90;133m▀[0m[38;2;200;96;142m[48;2;255;113;181m▀[0m[38;2;251;112;178m[48;2;233;107;166m▀[0m[38;2;227;104;161m[48;2;219;102;156m▀[0m[38;2;47;43;34m[48;2;57;56;45m▀[0m[38;2;168;219;174m[48;2;117;148;113m▀[0m[38;2;166;184;132m[48;2;78;104;86m▀[0m[38;2;170;126;45m[48;2;71;67;38m▀[0m[38;2;242;177;64m[48;2;156;124;54m▀[0m[38;2;50;57;41m[48;2;50;57;41m▀[0m[38;2;220;164;61m[48;2;142;115;52m▀[0m[38;2;255;201;69m[48;2;168;138;57m▀[0m[38;2;203;153;60m[48;2;108;94;48m▀[0m[38;2;145;117;53m[48;2;51;58;41m▀[0m[38;2;255;189;67m[48;2;162;128;55m▀[0m[38;2;143;118;49m[48;2;30;49;32m▀[0m[38;2;130;83;89m[48;2;178;88;136m▀[0m[38;2;190;91;143m[48;2;255;114;181m▀[0m[38;2;248;111;176m[48;2;228;105;163m▀[0m[38;2;235;107;167m[48;2;232;106;165m▀[0m[38;2;163;86;117m[48;2;255;114;184m▀[0m[38;2;70;60;57m[48;2;83;52;58m▀[0m[38;2;128;164;129m[48;2;114;153;114m▀[0m[38;2;207;255;208m[48;2;208;255;209m▀[0m[38;2;198;247;198m[48;2;198;247;198m▀[0m[38;2;199;248;199m[48;2;199;248;199m▀[0m[38;2;118;143;118m[48;2;88;105;88m▀[0m[38;2;31;33;31m[48;2;33;37;32m▀[0m[38;2;17;17;15m[48;2;37;41;31m▀[0m[38;2;48;55;40m[48;2;48;55;40m▀[0m[38;2;17;17;17m[48;2;15;15;15m▀[0m[38;2;47;55;40m[48;2;33;37;29m▀[0m[38;2;51;60;43m[48;2;47;56;40m▀[0m[38;2;49;57;41m[48;2;51;60;43m▀[0m[38;2;50;58;41m[48;2;46;53;39m▀[0m[38;2;51;60;43m[48;2;36;41;31m▀[0m[38;2;52;62;44m[48;2;38;44;33m▀[0m[38;2;22;24;21m[48;2;20;22;20m▀[0m[38;2;34;38;29m[48;2;27;30;24m▀[0m[38;2;54;64;45m[48;2;43;50;37m▀[0m[38;2;49;57;41m[48;2;51;60;43m▀[0m[38;2;37;42;32m[48;2;51;61;43m▀[0m[38;2;22;22;19m[48;2;23;24;21m▀[0m[38;2;13;8;13m[48;2;10;7;10m▀[0m  [38;2;63;63;63m[48;2;63;63;63m▀[0m[38;2;52;61;43m[48;2;50;59;42m▀[0m[38;2;28;31;25m[48;2;29;32;26m▀[0m[38;2;9;9;11m[48;2;11;11;13m▀[0m  
  [38;2;7;7;9m▀[0m[38;2;23;26;22m[48;2;13;10;13m▀[0m[38;2;46;54;39m[48;2;20;21;20m▀[0m[38;2;50;58;42m[48;2;49;57;41m▀[0m[38;2;58;78;49m[48;2;52;57;41m▀[0m[38;2;0;0;0m▄[0m  [38;2;0;0;0m[48;2;0;0;0m▀[0m[38;2;13;13;13m[48;2;13;13;14m▀[0m[38;2;18;18;17m[48;2;40;46;34m▀[0m[38;2;37;42;32m[48;2;53;62;44m▀[0m[38;2;43;50;36m[48;2;42;48;36m▀[0m[38;2;12;10;12m[48;2;14;13;14m▀[0m[38;2;0;0;0m▄[0m[38;2;17;17;17m[48;2;12;12;13m▀[0m[38;2;16;16;16m[48;2;38;43;32m▀[0m[38;2;29;32;26m[48;2;42;48;36m▀[0m[38;2;47;56;40m[48;2;12;12;13m▀[0m[38;2;51;61;43m▀[0m[38;2;22;23;21m▀[0m[38;2;7;7;11m[48;2;127;127;0m▀[0m[38;2;0;0;0m[48;2;7;2;7m▀[0m[38;2;33;44;34m[48;2;33;43;33m▀[0m[38;2;108;167;108m[48;2;105;162;105m▀[0m[38;2;53;74;49m[48;2;98;120;98m▀[0m[38;2;149;82;109m[48;2;48;68;46m▀[0m[38;2;224;103;159m[48;2;126;75;92m▀[0m[38;2;241;109;171m[48;2;244;110;173m▀[0m[38;2;222;104;159m[48;2;216;101;154m▀[0m[38;2;57;56;45m[48;2;57;57;45m▀[0m[38;2;56;72;51m[48;2;171;218;171m▀[0m[38;2;54;65;49m[48;2;116;150;122m▀[0m[38;2;52;58;40m[48;2;110;89;38m▀[0m[38;2;68;69;43m[48;2;236;174;63m▀[0m[38;2;49;57;41m[48;2;50;57;41m▀[0m[38;2;66;67;43m[48;2;212;159;60m▀[0m[38;2;70;71;44m[48;2;255;197;68m▀[0m[38;2;59;63;42m[48;2;165;129;55m▀[0m[38;2;48;56;41m[48;2;73;73;44m▀[0m[38;2;70;70;43m[48;2;252;184;65m▀[0m[38;2;74;76;39m[48;2;255;190;68m▀[0m[38;2;158;90;111m[48;2;98;93;38m▀[0m[38;2;220;102;160m[48;2;118;71;94m▀[0m[38;2;237;108;169m[48;2;244;110;173m▀[0m[38;2;232;106;165m[48;2;215;102;154m▀[0m[38;2;206;99;147m[48;2;55;58;45m▀[0m[38;2;77;57;58m[48;2;69;86;69m▀[0m[38;2;122;159;123m[48;2;152;186;153m▀[0m[38;2;208;255;208m[48;2;205;255;205m▀[0m[38;2;199;248;199m[48;2;199;248;199m▀[0m[38;2;203;253;203m[48;2;197;245;197m▀[0m[38;2;41;48;41m[48;2;44;52;44m▀[0m[38;2;27;30;22m[48;2;30;33;24m▀[0m[38;2;53;62;45m[48;2;39;45;34m▀[0m[38;2;43;51;37m[48;2;12;12;14m▀[0m [38;2;11;8;11m▀[0m[38;2;34;40;30m[48;2;11;10;13m▀[0m[38;2;50;58;42m[48;2;34;38;30m▀[0m[38;2;41;47;35m[48;2;44;51;37m▀[0m[38;2;13;11;13m[48;2;15;14;15m▀[0m[38;2;13;13;15m[48;2;25;25;25m▀[0m[38;2;12;12;12m▀[0m[38;2;8;5;10m▀[0m[38;2;23;26;22m[48;2;13;10;13m▀[0m[38;2;46;54;39m[48;2;20;20;20m▀[0m[38;2;49;58;41m[48;2;48;56;41m▀[0m[38;2;28;30;25m[48;2;53;62;43m▀[0m[38;2;18;18;18m[48;2;30;34;27m▀[0m[38;2;9;9;9m[48;2;11;11;12m▀[0m[38;2;0;0;0m▄[0m[38;2;56;56;56m▄[0m[38;2;50;59;42m[48;2;50;59;42m▀[0m[38;2;29;32;26m[48;2;29;32;26m▀[0m[38;2;11;11;13m[48;2;11;11;13m▀[0m  
   [38;2;12;9;12m[48;2;11;11;11m▀[0m[38;2;22;22;21m[48;2;19;19;19m▀[0m[38;2;50;58;42m[48;2;24;27;22m▀[0m[38;2;53;62;44m[48;2;50;58;43m▀[0m[38;2;49;57;40m[48;2;51;59;42m▀[0m  [38;2;0;0;0m[48;2;0;0;0m▀[0m[38;2;13;13;14m[48;2;13;13;14m▀[0m[38;2;39;45;34m[48;2;39;45;34m▀[0m[38;2;53;62;44m[48;2;53;62;44m▀[0m[38;2;42;48;36m[48;2;42;48;36m▀[0m[38;2;14;13;14m[48;2;15;13;15m▀[0m[38;2;0;0;0m▀[0m[38;2;10;9;12m[48;2;42;47;36m▀[0m[38;2;38;43;32m[48;2;34;39;30m▀[0m[38;2;43;49;37m[48;2;31;34;27m▀[0m[38;2;11;10;12m[48;2;44;50;37m▀[0m[38;2;52;60;42m▄[0m[38;2;52;61;43m▄[0m[38;2;48;56;41m[48;2;53;62;44m▀[0m[38;2;53;61;44m[48;2;45;52;38m▀[0m[38;2;41;48;34m[48;2;19;20;18m▀[0m[38;2;28;33;28m[48;2;17;16;17m▀[0m[38;2;175;218;175m[48;2;195;242;195m▀[0m[38;2;120;148;121m[48;2;192;238;192m▀[0m[38;2;62;64;55m[48;2;163;204;163m▀[0m[38;2;56;46;41m[48;2;118;152;116m▀[0m[38;2;74;72;61m[48;2;48;62;42m▀[0m[38;2;175;217;174m[48;2;193;241;192m▀[0m[38;2;196;252;208m[48;2;199;255;213m▀[0m[38;2;213;205;126m[48;2;229;209;120m▀[0m[38;2;241;171;54m[48;2;255;180;49m▀[0m[38;2;225;167;62m[48;2;221;165;62m▀[0m[38;2;49;57;41m[48;2;49;57;41m▀[0m[38;2;210;158;60m[48;2;209;157;60m▀[0m[38;2;255;188;66m[48;2;255;186;66m▀[0m[38;2;239;175;64m[48;2;249;182;65m▀[0m[38;2;229;169;63m[48;2;252;184;66m▀[0m[38;2;248;181;65m[48;2;246;180;65m▀[0m[38;2;249;182;65m[48;2;246;180;65m▀[0m[38;2;239;179;64m[48;2;255;192;68m▀[0m[38;2;151;118;57m[48;2;148;120;52m▀[0m[38;2;53;52;51m[48;2;60;66;38m▀[0m[38;2;57;57;53m[48;2;191;147;55m▀[0m[38;2;70;90;80m[48;2;203;157;68m▀[0m[38;2;161;201;163m[48;2;203;230;172m▀[0m[38;2;199;248;198m[48;2;198;253;206m▀[0m[38;2;203;253;203m[48;2;207;255;207m▀[0m[38;2;183;227;182m[48;2;189;236;189m▀[0m[38;2;66;79;59m[48;2;36;41;27m▀[0m[38;2;20;21;19m[48;2;9;7;8m▀[0m[38;2;36;41;31m[48;2;36;40;30m▀[0m[38;2;38;44;33m[48;2;51;60;43m▀[0m[38;2;10;10;13m[48;2;35;39;31m▀[0m[38;2;11;11;12m▄[0m [38;2;13;11;13m[48;2;11;9;12m▀[0m[38;2;35;39;31m[48;2;35;39;31m▀[0m[38;2;50;59;41m[48;2;54;61;44m▀[0m[38;2;11;11;11m▀[0m   [38;2;12;9;12m[48;2;11;11;11m▀[0m[38;2;22;21;21m[48;2;27;27;24m▀[0m[38;2;48;56;41m[48;2;48;56;40m▀[0m[38;2;52;61;43m[48;2;52;61;43m▀[0m[38;2;30;33;27m[48;2;28;31;26m▀[0m[38;2;8;6;10m[48;2;5;1;7m▀[0m[38;2;63;85;53m[48;2;162;185;115m▀[0m[38;2;49;57;41m[48;2;51;59;43m▀[0m[38;2;52;61;44m[48;2;30;33;27m▀[0m[38;2;28;32;26m[48;2;19;21;19m▀[0m[38;2;10;10;12m[48;2;13;13;13m▀[0m  
    [38;2;0;0;15m[48;2;12;12;12m▀[0m[38;2;14;13;14m[48;2;15;15;15m▀[0m[38;2;47;54;40m[48;2;36;40;30m▀[0m[38;2;57;67;47m[48;2;46;53;39m▀[0m[38;2;53;63;42m[48;2;41;47;35m▀[0m[38;2;56;63;46m▄[0m[38;2;51;57;40m▄[0m[38;2;11;10;12m[48;2;26;28;23m▀[0m[38;2;38;44;34m[48;2;43;50;37m▀[0m[38;2;53;62;44m[48;2;53;62;44m▀[0m[38;2;41;47;35m[48;2;40;46;34m▀[0m[38;2;16;15;16m[48;2;17;17;17m▀[0m[38;2;45;52;37m[48;2;53;61;44m▀[0m[38;2;54;64;47m[48;2;52;61;44m▀[0m[38;2;38;44;33m[48;2;62;71;50m▀[0m[38;2;17;19;17m[48;2;0;0;0m▀[0m[38;2;38;42;32m[48;2;13;12;13m▀[0m[38;2;37;41;32m[48;2;12;11;13m▀[0m[38;2;37;41;32m[48;2;12;11;13m▀[0m[38;2;36;41;32m[48;2;13;12;13m▀[0m[38;2;27;29;23m[48;2;12;12;14m▀[0m[38;2;5;3;7m▀[0m[38;2;19;19;19m▀[0m[38;2;90;110;90m[48;2;0;0;0m▀[0m[38;2;186;232;186m[48;2;103;129;103m▀[0m[38;2;228;255;228m[48;2;188;223;192m▀[0m[38;2;161;202;162m[48;2;184;218;167m▀[0m[38;2;40;54;43m[48;2;110;95;48m▀[0m[38;2;194;242;193m[48;2;164;200;160m▀[0m[38;2;202;255;208m[48;2;192;240;193m▀[0m[38;2;208;230;166m[48;2;193;254;214m▀[0m[38;2;238;205;107m[48;2;216;232;163m▀[0m[38;2;222;162;58m[48;2;234;163;51m▀[0m[38;2;37;49;40m[48;2;105;92;48m▀[0m[38;2;218;162;61m[48;2;170;133;55m▀[0m[38;2;255;190;67m[48;2;229;169;63m▀[0m[38;2;245;179;65m[48;2;249;183;66m▀[0m[38;2;246;180;65m[48;2;246;180;65m▀[0m[38;2;246;180;65m[48;2;246;180;65m▀[0m[38;2;246;180;65m[48;2;246;180;65m▀[0m[38;2;255;189;67m[48;2;255;193;68m▀[0m[38;2;143;116;53m[48;2;144;116;53m▀[0m[38;2;84;79;46m[48;2;76;72;42m▀[0m[38;2;255;192;66m[48;2;255;183;63m▀[0m[38;2;255;179;51m[48;2;236;196;96m▀[0m[38;2;212;230;163m[48;2;205;235;176m▀[0m[38;2;198;252;211m[48;2;209;255;217m▀[0m[38;2;174;216;173m[48;2;148;183;145m▀[0m[38;2;121;149;117m[48;2;44;51;36m▀[0m[38;2;135;167;131m[48;2;157;195;157m▀[0m[38;2;74;87;73m[48;2;117;142;117m▀[0m[38;2;38;42;36m[48;2;37;41;37m▀[0m[38;2;40;46;34m[48;2;19;20;16m▀[0m[38;2;52;60;43m[48;2;43;49;37m▀[0m[38;2;35;40;31m[48;2;43;49;36m▀[0m[38;2;52;60;43m[48;2;45;52;38m▀[0m[38;2;19;20;19m[48;2;23;25;22m▀[0m[38;2;34;38;30m[48;2;26;29;24m▀[0m[38;2;48;56;40m[48;2;40;45;34m▀[0m[38;2;10;8;10m[48;2;26;27;23m▀[0m[38;2;15;15;15m▄[0m[38;2;10;10;14m▄[0m[38;2;9;9;9m▄[0m [38;2;72;91;72m[48;2;51;63;63m▀[0m[38;2;48;56;40m[48;2;48;56;40m▀[0m[38;2;51;60;43m[48;2;50;58;42m▀[0m[38;2;41;47;35m[48;2;52;61;44m▀[0m[38;2;24;25;21m[48;2;42;48;36m▀[0m[38;2;23;23;19m[48;2;29;31;26m▀[0m[38;2;51;60;43m[48;2;40;46;34m▀[0m[38;2;20;21;20m[48;2;19;21;19m▀[0m[38;2;10;6;10m[48;2;13;8;13m▀[0m   
      [38;2;13;13;13m[48;2;0;0;0m▀[0m[38;2;12;11;13m[48;2;0;0;0m▀[0m[38;2;27;30;24m[48;2;17;17;17m▀[0m[38;2;50;59;43m[48;2;18;18;18m▀[0m[38;2;48;56;41m[48;2;17;17;17m▀[0m[38;2;48;55;40m[48;2;17;17;17m▀[0m[38;2;46;53;39m[48;2;15;14;15m▀[0m[38;2;49;57;41m[48;2;33;37;29m▀[0m[38;2;40;46;34m[48;2;44;51;37m▀[0m[38;2;16;16;16m[48;2;13;12;14m▀[0m[38;2;48;57;41m[48;2;31;31;31m▀[0m[38;2;59;65;41m▀[0m          [38;2;0;0;0m[48;2;0;0;0m▀[0m[38;2;87;113;96m[48;2;10;10;10m▀[0m[38;2;211;232;166m[48;2;41;45;40m▀[0m[38;2;234;173;65m[48;2;95;109;90m▀[0m[38;2;86;94;74m[48;2;48;55;39m▀[0m[38;2;166;209;170m[48;2;164;203;162m▀[0m[38;2;203;255;213m[48;2;209;255;210m▀[0m[38;2;211;229;162m[48;2;198;251;203m▀[0m[38;2;248;185;70m[48;2;205;238;180m▀[0m[38;2;255;188;65m[48;2;249;182;66m▀[0m[38;2;60;64;42m[48;2;67;67;40m▀[0m[38;2;157;124;55m[48;2;162;128;55m▀[0m[38;2;255;190;67m[48;2;255;191;67m▀[0m[38;2;246;180;65m[48;2;246;180;65m▀[0m[38;2;246;180;65m[48;2;246;180;65m▀[0m[38;2;247;181;65m[48;2;255;187;66m▀[0m[38;2;239;179;65m[48;2;98;88;48m▀[0m[38;2;143;114;51m[48;2;131;101;42m▀[0m[38;2;100;88;46m[48;2;247;202;96m▀[0m[38;2;247;197;89m[48;2;200;252;203m▀[0m[38;2;200;249;198m[48;2;200;250;201m▀[0m[38;2;198;252;205m[48;2;211;255;211m▀[0m[38;2;199;246;198m[48;2;123;152;119m▀[0m[38;2;141;174;138m[48;2;31;35;25m▀[0m[38;2;34;38;27m[48;2;14;14;15m▀[0m[38;2;6;3;6m[48;2;0;0;0m▀[0m[38;2;0;0;0m[48;2;0;0;0m▀[0m [38;2;15;12;15m[48;2;0;0;0m▀[0m[38;2;15;14;15m[48;2;0;0;0m▀[0m[38;2;14;13;14m[48;2;0;0;0m▀[0m[38;2;14;13;14m[48;2;0;0;0m▀[0m[38;2;15;15;15m[48;2;0;0;0m▀[0m[38;2;13;13;14m[48;2;0;0;0m▀[0m[38;2;23;24;21m[48;2;15;15;11m▀[0m[38;2;47;55;39m[48;2;20;20;19m▀[0m[38;2;22;24;21m[48;2;47;55;40m▀[0m[38;2;21;22;20m[48;2;52;61;44m▀[0m[38;2;18;18;16m[48;2;30;34;28m▀[0m[38;2;10;10;10m[48;2;11;10;12m▀[0m[38;2;30;35;30m[48;2;19;20;18m▀[0m[38;2;48;56;40m[48;2;48;56;41m▀[0m[38;2;50;58;42m[48;2;50;58;41m▀[0m[38;2;49;57;41m[48;2;51;60;43m▀[0m[38;2;51;59;42m[48;2;38;43;33m▀[0m[38;2;42;48;36m[48;2;14;14;15m▀[0m[38;2;13;12;13m[48;2;0;0;0m▀[0m[38;2;0;0;19m▀[0m    
        [38;2;18;18;18m▀[0m[38;2;11;11;11m▀[0m[38;2;11;11;11m▀[0m[38;2;11;11;11m▀[0m[38;2;12;10;12m[48;2;12;11;12m▀[0m[38;2;32;36;29m[48;2;34;38;31m▀[0m[38;2;51;59;43m[48;2;54;64;46m▀[0m[38;2;41;48;36m[48;2;48;57;41m▀[0m[38;2;18;18;17m[48;2;18;17;17m▀[0m[38;2;10;10;10m[48;2;10;5;10m▀[0m           [38;2;0;0;0m▀[0m[38;2;15;15;18m[48;2;0;0;0m▀[0m[38;2;28;32;31m[48;2;9;7;9m▀[0m[38;2;20;22;19m[48;2;14;13;15m▀[0m[38;2;39;45;39m[48;2;28;30;23m▀[0m[38;2;35;40;36m[48;2;28;31;22m▀[0m[38;2;95;118;98m[48;2;46;53;42m▀[0m[38;2;218;255;219m[48;2;83;101;86m▀[0m[38;2;217;252;189m[48;2;78;102;89m▀[0m[38;2;236;189;86m[48;2;110;87;44m▀[0m[38;2;128;103;46m[48;2;48;40;23m▀[0m[38;2;141;116;53m[48;2;42;38;25m▀[0m[38;2;255;198;70m[48;2;103;78;33m▀[0m[38;2;255;191;68m[48;2;99;74;32m▀[0m[38;2;255;199;69m[48;2;103;77;33m▀[0m[38;2;101;84;40m[48;2;45;37;22m▀[0m[38;2;124;150;116m[48;2;48;63;57m▀[0m[38;2;192;219;164m[48;2;71;91;78m▀[0m[38;2;37;46;42m[48;2;28;31;22m▀[0m[38;2;44;51;44m[48;2;31;35;25m▀[0m[38;2;48;56;48m[48;2;14;13;13m▀[0m[38;2;33;38;33m[48;2;7;5;8m▀[0m[38;2;15;15;13m[48;2;12;12;16m▀[0m[38;2;13;6;13m▀[0m         [38;2;0;0;0m▀[0m[38;2;17;13;17m▀[0m[38;2;22;23;21m[48;2;11;11;11m▀[0m[38;2;22;23;21m[48;2;8;8;10m▀[0m[38;2;36;40;31m[48;2;26;28;23m▀[0m[38;2;47;55;40m[48;2;30;34;27m▀[0m[38;2;46;54;39m[48;2;30;33;27m▀[0m[38;2;49;57;41m[48;2;48;56;41m▀[0m[38;2;51;60;43m[48;2;54;63;45m▀[0m[38;2;34;38;30m[48;2;31;34;28m▀[0m[38;2;17;19;17m[48;2;9;9;10m▀[0m[38;2;7;7;14m▀[0m      
            [38;2;12;12;12m▀[0m[38;2;25;29;24m[48;2;6;6;9m▀[0m[38;2;42;48;37m[48;2;22;23;21m▀[0m[38;2;50;59;42m[48;2;45;52;38m▀[0m[38;2;32;35;28m[48;2;52;62;44m▀[0m[38;2;20;20;18m[48;2;32;36;29m▀[0m[38;2;6;0;6m[48;2;16;18;16m▀[0m[38;2;10;10;10m▄[0m[38;2;11;11;11m▄[0m           [38;2;14;14;14m▀[0m[38;2;33;38;29m[48;2;13;11;13m▀[0m[38;2;42;48;36m[48;2;11;9;12m▀[0m[38;2;33;36;28m[48;2;24;26;22m▀[0m[38;2;17;17;14m[48;2;47;54;39m▀[0m[38;2;18;18;15m[48;2;45;52;38m▀[0m[38;2;13;20;21m[48;2;51;59;42m▀[0m[38;2;22;27;24m[48;2;52;61;44m▀[0m[38;2;23;27;24m[48;2;52;61;43m▀[0m[38;2;13;20;23m[48;2;52;61;43m▀[0m[38;2;13;21;23m[48;2;52;61;43m▀[0m[38;2;12;20;23m[48;2;52;61;44m▀[0m[38;2;25;29;26m[48;2;47;55;40m▀[0m[38;2;24;25;20m[48;2;47;53;39m▀[0m[38;2;22;24;18m[48;2;38;43;32m▀[0m[38;2;40;45;34m[48;2;12;9;12m▀[0m[38;2;40;46;35m[48;2;12;12;14m▀[0m[38;2;24;27;22m[48;2;14;14;14m▀[0m[38;2;8;8;12m▀[0m              [38;2;6;6;6m▄[0m[38;2;10;8;12m[48;2;17;19;17m▀[0m[38;2;17;17;17m[48;2;33;38;30m▀[0m[38;2;31;35;27m[48;2;53;62;44m▀[0m[38;2;50;59;42m[48;2;43;50;37m▀[0m[38;2;41;47;35m[48;2;20;20;18m▀[0m[38;2;25;27;23m[48;2;7;3;7m▀[0m[38;2;10;10;13m▀[0m       
              [38;2;9;9;9m[48;2;0;0;0m▀[0m[38;2;17;17;17m[48;2;15;15;15m▀[0m[38;2;46;53;39m[48;2;17;17;17m▀[0m[38;2;52;62;44m[48;2;44;51;38m▀[0m[38;2;33;37;29m[48;2;51;59;42m▀[0m[38;2;16;16;16m[48;2;48;57;41m▀[0m[38;2;17;17;16m[48;2;42;49;36m▀[0m[38;2;18;18;18m[48;2;15;15;15m▀[0m[38;2;25;25;25m[48;2;14;14;16m▀[0m[38;2;0;0;0m[48;2;12;9;12m▀[0m           [38;2;14;14;14m▀[0m[38;2;15;14;16m[48;2;14;14;14m▀[0m[38;2;15;14;15m[48;2;16;16;16m▀[0m[38;2;42;48;36m[48;2;17;17;17m▀[0m[38;2;50;57;41m[48;2;17;17;17m▀[0m[38;2;48;55;40m[48;2;17;17;17m▀[0m[38;2;48;55;40m[48;2;17;17;17m▀[0m[38;2;48;55;40m[48;2;17;17;17m▀[0m[38;2;50;57;41m[48;2;17;17;17m▀[0m[38;2;25;28;23m[48;2;17;17;17m▀[0m[38;2;14;13;14m[48;2;16;16;16m▀[0m[38;2;15;15;15m[48;2;0;0;0m▀[0m               [38;2;0;0;0m[48;2;16;16;16m▀[0m[38;2;25;25;25m[48;2;14;14;16m▀[0m[38;2;25;0;25m[48;2;12;11;14m▀[0m[38;2;13;13;13m[48;2;38;44;33m▀[0m[38;2;37;41;31m[48;2;53;62;44m▀[0m[38;2;53;62;44m[48;2;42;48;36m▀[0m[38;2;45;51;37m[48;2;16;17;16m▀[0m[38;2;15;15;16m[48;2;11;11;11m▀[0m[38;2;7;7;7m[48;2;0;0;0m▀[0m         
                [38;2;12;8;12m▀[0m[38;2;22;25;21m[48;2;11;8;11m▀[0m[38;2;26;27;23m[48;2;10;8;10m▀[0m[38;2;35;40;31m[48;2;21;22;19m▀[0m[38;2;53;61;44m[48;2;34;38;30m▀[0m[38;2;44;50;37m[48;2;34;39;30m▀[0m[38;2;44;50;37m[48;2;33;37;29m▀[0m[38;2;47;56;40m[48;2;47;55;40m▀[0m[38;2;34;38;29m[48;2;48;56;41m▀[0m[38;2;10;9;12m[48;2;36;40;31m▀[0m[38;2;13;12;13m[48;2;37;41;32m▀[0m[38;2;0;0;0m[48;2;49;57;42m▀[0m[38;2;52;61;43m▄[0m[38;2;52;61;43m▄[0m[38;2;54;63;45m▄[0m[38;2;51;58;42m▄[0m[38;2;51;61;44m[48;2;35;39;31m▀[0m[38;2;53;62;44m[48;2;35;40;31m▀[0m[38;2;54;64;45m[48;2;37;42;33m▀[0m[38;2;40;45;34m[48;2;29;31;25m▀[0m[38;2;13;13;13m[48;2;14;12;14m▀[0m[38;2;16;15;16m[48;2;16;16;16m▀[0m[38;2;35;40;31m[48;2;47;55;40m▀[0m[38;2;41;47;35m[48;2;54;63;44m▀[0m[38;2;40;45;34m[48;2;51;59;42m▀[0m[38;2;40;45;34m[48;2;51;59;42m▀[0m[38;2;40;45;34m[48;2;51;59;42m▀[0m[38;2;41;47;35m[48;2;55;64;45m▀[0m[38;2;23;26;22m[48;2;29;32;26m▀[0m[38;2;12;12;13m[48;2;11;10;12m▀[0m[38;2;24;26;21m[48;2;22;23;20m▀[0m[38;2;53;62;44m[48;2;37;41;32m▀[0m[38;2;52;61;42m[48;2;35;40;31m▀[0m[38;2;56;65;46m[48;2;36;40;32m▀[0m[38;2;52;62;42m[48;2;39;44;33m▀[0m[38;2;54;65;46m▄[0m[38;2;52;61;43m▄[0m[38;2;52;63;43m▄[0m[38;2;18;18;18m▄[0m[38;2;9;7;11m▄[0m[38;2;11;11;13m▄[0m[38;2;11;11;13m▄[0m[38;2;11;11;13m▄[0m[38;2;9;7;11m▄[0m[38;2;12;12;14m[48;2;30;33;26m▀[0m[38;2;12;10;13m[48;2;37;43;33m▀[0m[38;2;20;22;19m[48;2;41;47;35m▀[0m[38;2;42;49;36m[48;2;53;62;44m▀[0m[38;2;43;49;37m[48;2;36;40;31m▀[0m[38;2;52;61;44m[48;2;34;38;30m▀[0m[38;2;40;45;35m[48;2;24;25;22m▀[0m[38;2;20;20;19m[48;2;6;6;9m▀[0m[38;2;9;9;13m▀[0m           
                   [38;2;12;12;12m▀[0m[38;2;13;13;14m▀[0m[38;2;13;11;13m▀[0m[38;2;10;8;11m▀[0m[38;2;29;33;26m[48;2;13;13;15m▀[0m[38;2;42;49;36m[48;2;14;13;14m▀[0m[38;2;42;48;36m[48;2;13;13;14m▀[0m[38;2;42;48;36m[48;2;13;13;14m▀[0m[38;2;43;49;37m[48;2;13;13;14m▀[0m[38;2;43;49;37m[48;2;13;13;14m▀[0m[38;2;43;49;37m[48;2;13;13;14m▀[0m[38;2;44;50;38m[48;2;13;13;14m▀[0m[38;2;41;47;36m[48;2;13;13;14m▀[0m[38;2;15;14;14m▀[0m[38;2;11;10;11m▀[0m[38;2;13;13;14m▀[0m[38;2;11;9;11m▀[0m [38;2;14;14;14m▀[0m[38;2;35;40;30m[48;2;11;11;13m▀[0m[38;2;47;54;39m[48;2;36;41;31m▀[0m[38;2;50;58;42m[48;2;51;60;43m▀[0m[38;2;49;57;41m[48;2;50;58;41m▀[0m[38;2;49;57;41m[48;2;48;56;41m▀[0m[38;2;42;47;35m[48;2;19;19;19m▀[0m[38;2;25;28;24m[48;2;11;3;11m▀[0m[38;2;13;10;13m▀[0m[38;2;19;0;19m▀[0m[38;2;13;13;14m▀[0m[38;2;13;11;13m▀[0m[38;2;10;7;10m▀[0m[38;2;29;32;26m[48;2;13;13;15m▀[0m[38;2;45;52;39m[48;2;14;13;14m▀[0m[38;2;43;49;37m[48;2;13;13;14m▀[0m[38;2;43;49;37m[48;2;13;12;14m▀[0m[38;2;31;35;28m[48;2;41;47;35m▀[0m[38;2;28;31;25m[48;2;49;57;41m▀[0m[38;2;29;32;26m[48;2;47;55;40m▀[0m[38;2;29;32;26m[48;2;47;55;40m▀[0m[38;2;29;32;26m[48;2;47;55;40m▀[0m[38;2;28;31;25m[48;2;49;57;41m▀[0m[38;2;38;43;33m[48;2;24;27;22m▀[0m[38;2;43;49;37m[48;2;11;10;12m▀[0m[38;2;42;48;36m[48;2;13;13;14m▀[0m[38;2;37;43;33m[48;2;13;13;14m▀[0m[38;2;14;14;14m▀[0m[38;2;11;11;13m▀[0m[38;2;10;10;10m▀[0m             
                       [38;2;0;0;0m▀[0m[38;2;0;0;0m▀[0m[38;2;0;0;0m▀[0m[38;2;0;0;0m▀[0m[38;2;0;0;0m▀[0m[38;2;0;0;0m▀[0m[38;2;0;0;0m▀[0m[38;2;0;0;0m▀[0m[38;2;0;0;0m▀[0m      [38;2;13;13;14m[48;2;13;13;14m▀[0m[38;2;37;42;32m[48;2;39;44;34m▀[0m[38;2;51;60;43m[48;2;52;62;44m▀[0m[38;2;50;58;41m[48;2;50;58;41m▀[0m[38;2;48;56;41m[48;2;50;59;43m▀[0m[38;2;21;21;20m[48;2;22;22;21m▀[0m[38;2;12;9;12m[48;2;12;9;12m▀[0m     [38;2;0;0;0m▀[0m[38;2;0;0;0m▀[0m[38;2;0;0;0m▀[0m[38;2;0;0;0m▀[0m[38;2;15;15;15m[48;2;8;8;17m▀[0m[38;2;17;17;17m[48;2;13;13;13m▀[0m[38;2;16;16;16m[48;2;13;13;13m▀[0m[38;2;16;16;16m[48;2;13;13;13m▀[0m[38;2;16;16;16m[48;2;13;13;13m▀[0m[38;2;17;17;17m[48;2;13;13;13m▀[0m[38;2;15;15;15m[48;2;0;0;0m▀[0m[38;2;0;0;0m▀[0m[38;2;0;0;0m▀[0m[38;2;0;0;0m▀[0m                
                                      [38;2;14;14;14m▀[0m[38;2;22;25;21m[48;2;8;8;11m▀[0m[38;2;38;44;33m[48;2;31;35;28m▀[0m[38;2;47;55;40m[48;2;48;55;40m▀[0m[38;2;26;29;24m[48;2;14;13;14m▀[0m[38;2;19;19;19m[48;2;0;0;18m▀[0m[38;2;9;9;9m▀[0m                                   
                                       [38;2;10;10;12m▀[0m[38;2;28;32;26m[48;2;14;14;14m▀[0m[38;2;39;44;33m[48;2;14;13;14m▀[0m[38;2;14;14;14m▀[0m[38;2;12;12;24m▀[0m                                    
[0m