            [38;2;165;159;223m▄[0m[38;2;165;159;223m[48;2;151;199;221m▀[0m[38;2;165;159;223m[48;2;151;199;221m▀[0m[38;2;165;159;223m[48;2;151;199;221m▀[0m[38;2;165;159;223m▄[0m       
           [38;2;177;104;202m[48;2;177;104;202m▀[0m[38;2;151;199;221m[48;2;151;199;221m▀[0m[38;2;151;199;221m[48;2;151;199;221m▀[0m[38;2;151;199;221m[48;2;165;159;223m▀[0m[38;2;177;104;202m[48;2;165;159;223m▀[0m[38;2;177;104;202m▄[0m       
           [38;2;149;58;28m▄[0m[38;2;177;104;202m[48;2;228;34;18m▀[0m[38;2;165;159;223m[48;2;177;104;202m▀[0m[38;2;165;159;223m[48;2;165;159;223m▀[0m[38;2;165;159;223m[48;2;177;104;202m▀[0m[38;2;177;104;202m▀[0m       
         [38;2;149;58;28m▄[0m[38;2;149;58;28m[48;2;228;34;18m▀[0m[38;2;228;34;18m[48;2;228;34;18m▀[0m[38;2;228;34;18m[48;2;228;34;18m▀[0m[38;2;228;34;18m[48;2;228;34;18m▀[0m[38;2;228;34;18m[48;2;228;34;18m▀[0m[38;2;228;34;18m[48;2;228;34;18m▀[0m[38;2;177;104;202m[48;2;228;34;18m▀[0m[38;2;149;58;28m▄[0m      
         [38;2;149;58;28m[48;2;149;58;28m▀[0m[38;2;228;34;18m[48;2;228;34;18m▀[0m[38;2;228;34;18m[48;2;228;34;18m▀[0m[38;2;228;34;18m[48;2;228;34;18m▀[0m[38;2;228;34;18m[48;2;228;34;18m▀[0m[38;2;228;34;18m[48;2;228;34;18m▀[0m[38;2;228;34;18m[48;2;228;34;18m▀[0m[38;2;228;34;18m[48;2;228;34;18m▀[0m[38;2;228;34;18m[48;2;228;34;18m▀[0m[38;2;149;58;28m[48;2;149;58;28m▀[0m     
         [38;2;27;33;35m▄[0m[38;2;149;58;28m[48;2;27;33;35m▀[0m[38;2;228;34;18m[48;2;27;33;35m▀[0m[38;2;228;34;18m[48;2;228;34;18m▀[0m[38;2;228;34;18m[48;2;228;34;18m▀[0m[38;2;228;34;18m[48;2;149;58;28m▀[0m[38;2;149;58;28m[48;2;149;58;28m▀[0m[38;2;149;58;28m▀[0m[38;2;228;34;18m[48;2;149;58;28m▀[0m[38;2;149;58;28m▀[0m     
     [38;2;27;33;35m▄[0m[38;2;27;33;35m▄[0m[38;2;27;33;35m[48;2;138;47;47m▀[0m[38;2;27;33;35m[48;2;138;47;47m▀[0m[38;2;138;47;47m[48;2;138;47;47m▀[0m[38;2;138;47;47m[48;2;138;47;47m▀[0m[38;2;138;47;47m[48;2;138;47;47m▀[0m[38;2;27;33;35m[48;2;138;47;47m▀[0m[38;2;27;33;35m[48;2;138;47;47m▀[0m[38;2;228;34;18m[48;2;27;33;35m▀[0m[38;2;228;34;18m[48;2;27;33;35m▀[0m[38;2;149;58;28m[48;2;228;34;18m▀[0m[38;2;149;58;28m▄[0m[38;2;149;58;28m▄[0m     
    [38;2;27;33;35m[48;2;70;68;68m▀[0m[38;2;138;47;47m[48;2;99;97;97m▀[0m[38;2;138;47;47m[48;2;99;97;97m▀[0m[38;2;99;97;97m[48;2;99;97;97m▀[0m[38;2;99;97;97m[48;2;99;97;97m▀[0m[38;2;99;97;97m[48;2;99;97;97m▀[0m[38;2;70;68;68m[48;2;70;68;68m▀[0m[38;2;70;68;68m[48;2;70;68;68m▀[0m[38;2;138;47;47m[48;2;70;68;68m▀[0m[38;2;138;47;47m[48;2;70;68;68m▀[0m[38;2;138;47;47m[48;2;138;47;47m▀[0m[38;2;138;47;47m[48;2;138;47;47m▀[0m[38;2;27;33;35m[48;2;138;47;47m▀[0m[38;2;228;34;18m[48;2;27;33;35m▀[0m[38;2;228;34;18m[48;2;228;34;18m▀[0m[38;2;149;58;28m[48;2;228;34;18m▀[0m[38;2;149;58;28m▄[0m   
   [38;2;27;33;35m[48;2;70;68;68m▀[0m[38;2;99;97;97m[48;2;99;97;97m▀[0m[38;2;99;97;97m[48;2;99;97;97m▀[0m[38;2;99;97;97m[48;2;99;97;97m▀[0m[38;2;99;97;97m[48;2;99;97;97m▀[0m[38;2;99;97;97m[48;2;99;97;97m▀[0m[38;2;70;68;68m[48;2;70;68;68m▀[0m[38;2;70;68;68m[48;2;70;68;68m▀[0m[38;2;70;68;68m[48;2;70;68;68m▀[0m[38;2;70;68;68m[48;2;70;68;68m▀[0m[38;2;70;68;68m[48;2;70;68;68m▀[0m[38;2;70;68;68m[48;2;70;68;68m▀[0m[38;2;138;47;47m[48;2;70;68;68m▀[0m[38;2;138;47;47m[48;2;138;47;47m▀[0m[38;2;138;47;47m[48;2;138;47;47m▀[0m[38;2;27;33;35m[48;2;27;33;35m▀[0m[38;2;253;205;13m[48;2;228;34;18m▀[0m[38;2;207;172;7m[48;2;253;205;13m▀[0m[38;2;149;58;28m▄[0m  
  [38;2;70;68;68m[48;2;70;68;68m▀[0m[38;2;99;97;97m[48;2;99;97;97m▀[0m[38;2;99;97;97m[48;2;99;97;97m▀[0m[38;2;99;97;97m[48;2;99;97;97m▀[0m[38;2;99;97;97m[48;2;99;97;97m▀[0m[38;2;99;97;97m[48;2;99;97;97m▀[0m[38;2;70;68;68m[48;2;70;68;68m▀[0m[38;2;70;68;68m[48;2;70;68;68m▀[0m[38;2;70;68;68m[48;2;70;68;68m▀[0m[38;2;70;68;68m[48;2;70;68;68m▀[0m[38;2;70;68;68m[48;2;70;68;68m▀[0m[38;2;70;68;68m[48;2;70;68;68m▀[0m[38;2;70;68;68m[48;2;70;68;68m▀[0m[38;2;70;68;68m[48;2;70;68;68m▀[0m[38;2;70;68;68m[48;2;70;68;68m▀[0m[38;2;27;33;35m[48;2;27;33;35m▀[0m[38;2;228;34;18m[48;2;228;34;18m▀[0m[38;2;228;34;18m[48;2;27;33;35m▀[0m[38;2;27;33;35m[48;2;138;47;47m▀[0m[38;2;207;172;7m[48;2;27;33;35m▀[0m  
 [38;2;70;68;68m▄[0m[38;2;70;68;68m[48;2;99;97;97m▀[0m[38;2;99;97;97m[48;2;27;33;35m▀[0m[38;2;27;33;35m[48;2;15;15;15m▀[0m[38;2;99;97;97m[48;2;27;33;35m▀[0m[38;2;99;97;97m[48;2;99;97;97m▀[0m[38;2;99;97;97m[48;2;99;97;97m▀[0m[38;2;70;68;68m[48;2;70;68;68m▀[0m[38;2;70;68;68m[48;2;27;33;35m▀[0m[38;2;27;33;35m[48;2;15;15;15m▀[0m[38;2;70;68;68m[48;2;27;33;35m▀[0m[38;2;70;68;68m[48;2;70;68;68m▀[0m[38;2;70;68;68m[48;2;70;68;68m▀[0m[38;2;70;68;68m[48;2;70;68;68m▀[0m[38;2;70;68;68m[48;2;70;68;68m▀[0m[38;2;27;33;35m[48;2;27;33;35m▀[0m[38;2;228;34;18m[48;2;27;33;35m▀[0m[38;2;27;33;35m[48;2;70;68;68m▀[0m[38;2;138;47;47m[48;2;70;68;68m▀[0m[38;2;138;47;47m[48;2;138;47;47m▀[0m[38;2;27;33;35m[48;2;138;47;47m▀[0m[38;2;15;15;15m▄[0m 
 [38;2;70;68;68m[48;2;228;34;18m▀[0m[38;2;99;97;97m[48;2;70;68;68m▀[0m[38;2;15;15;15m[48;2;27;33;35m▀[0m[38;2;15;15;15m[48;2;15;15;15m▀[0m[38;2;15;15;15m[48;2;15;15;15m▀[0m[38;2;99;97;97m[48;2;99;97;97m▀[0m[38;2;70;68;68m[48;2;70;68;68m▀[0m[38;2;70;68;68m[48;2;70;68;68m▀[0m[38;2;15;15;15m[48;2;15;15;15m▀[0m[38;2;15;15;15m[48;2;15;15;15m▀[0m[38;2;15;15;15m[48;2;27;33;35m▀[0m[38;2;70;68;68m[48;2;70;68;68m▀[0m[38;2;70;68;68m[48;2;70;68;68m▀[0m[38;2;70;68;68m[48;2;165;159;223m▀[0m[38;2;165;159;223m[48;2;151;199;221m▀[0m[38;2;70;68;68m[48;2;165;159;223m▀[0m[38;2;70;68;68m[48;2;70;68;68m▀[0m[38;2;70;68;68m[48;2;70;68;68m▀[0m[38;2;70;68;68m[48;2;27;33;35m▀[0m[38;2;27;33;35m[48;2;27;33;35m▀[0m[38;2;138;47;47m[48;2;138;47;47m▀[0m[38;2;15;15;15m[48;2;15;15;15m▀[0m 
[38;2;228;34;18m[48;2;228;34;18m▀[0m[38;2;228;34;18m[48;2;228;34;18m▀[0m[38;2;27;33;35m[48;2;27;33;35m▀[0m[38;2;99;97;97m[48;2;70;68;68m▀[0m[38;2;99;97;97m[48;2;99;97;97m▀[0m[38;2;99;97;97m[48;2;99;97;97m▀[0m[38;2;99;97;97m[48;2;99;97;97m▀[0m[38;2;27;33;35m[48;2;15;15;15m▀[0m[38;2;70;68;68m[48;2;70;68;68m▀[0m[38;2;70;68;68m[48;2;70;68;68m▀[0m[38;2;70;68;68m[48;2;70;68;68m▀[0m[38;2;70;68;68m[48;2;70;68;68m▀[0m[38;2;70;68;68m[48;2;70;68;68m▀[0m[38;2;70;68;68m[48;2;70;68;68m▀[0m[38;2;165;159;223m[48;2;15;15;15m▀[0m[38;2;151;199;221m[48;2;15;15;15m▀[0m[38;2;151;199;221m[48;2;151;199;221m▀[0m[38;2;165;159;223m[48;2;165;159;223m▀[0m[38;2;27;33;35m[48;2;27;33;35m▀[0m[38;2;27;33;35m[48;2;27;33;35m▀[0m[38;2;138;47;47m[48;2;138;47;47m▀[0m[38;2;15;15;15m[48;2;15;15;15m▀[0m  
 [38;2;228;34;18m▀[0m[38;2;228;34;18m[48;2;228;34;18m▀[0m[38;2;15;15;15m[48;2;27;33;35m▀[0m[38;2;70;68;68m[48;2;15;15;15m▀[0m[38;2;70;68;68m[48;2;70;68;68m▀[0m[38;2;15;15;15m[48;2;27;33;35m▀[0m[38;2;15;15;15m[48;2;15;15;15m▀[0m[38;2;15;15;15m[48;2;27;33;35m▀[0m[38;2;70;68;68m[48;2;70;68;68m▀[0m[38;2;70;68;68m[48;2;70;68;68m▀[0m[38;2;70;68;68m[48;2;70;68;68m▀[0m[38;2;70;68;68m[48;2;15;15;15m▀[0m[38;2;15;15;15m[48;2;253;205;13m▀[0m[38;2;253;205;13m[48;2;165;159;223m▀[0m[38;2;151;199;221m[48;2;151;199;221m▀[0m[38;2;151;199;221m[48;2;252;252;252m▀[0m[38;2;27;33;35m[48;2;27;33;35m▀[0m[38;2;15;15;15m[48;2;27;33;35m▀[0m[38;2;15;15;15m[48;2;253;205;13m▀[0m[38;2;15;15;15m[48;2;15;15;15m▀[0m   
    [38;2;15;15;15m[48;2;15;15;15m▀[0m[38;2;15;15;15m[48;2;27;33;35m▀[0m[38;2;70;68;68m[48;2;15;15;15m▀[0m[38;2;27;33;35m[48;2;70;68;68m▀[0m[38;2;70;68;68m[48;2;70;68;68m▀[0m[38;2;70;68;68m[48;2;70;68;68m▀[0m[38;2;70;68;68m[48;2;15;15;15m▀[0m[38;2;70;68;68m[48;2;15;15;15m▀[0m[38;2;15;15;15m[48;2;27;33;35m▀[0m[38;2;253;205;13m[48;2;252;252;252m▀[0m[38;2;253;205;13m[48;2;165;159;223m▀[0m[38;2;165;159;223m[48;2;252;252;252m▀[0m[38;2;252;252;252m[48;2;27;33;35m▀[0m[38;2;27;33;35m[48;2;207;172;7m▀[0m[38;2;207;172;7m[48;2;15;15;15m▀[0m[38;2;15;15;15m▀[0m    
     [38;2;15;15;15m▀[0m[38;2;27;33;35m[48;2;15;15;15m▀[0m[38;2;15;15;15m[48;2;27;33;35m▀[0m[38;2;15;15;15m[48;2;27;33;35m▀[0m[38;2;15;15;15m[48;2;27;33;35m▀[0m[38;2;27;33;35m[48;2;27;33;35m▀[0m[38;2;27;33;35m[48;2;27;33;35m▀[0m[38;2;27;33;35m[48;2;27;33;35m▀[0m[38;2;27;33;35m[48;2;27;33;35m▀[0m[38;2;27;33;35m[48;2;27;33;35m▀[0m[38;2;27;33;35m[48;2;207;172;7m▀[0m[38;2;207;172;7m[48;2;15;15;15m▀[0m[38;2;15;15;15m[48;2;207;172;7m▀[0m[38;2;207;172;7m[48;2;207;172;7m▀[0m[38;2;84;40;41m[48;2;84;40;41m▀[0m    
       [38;2;15;15;15m[48;2;84;40;41m▀[0m[38;2;15;15;15m[48;2;149;58;28m▀[0m[38;2;27;33;35m[48;2;15;15;15m▀[0m[38;2;27;33;35m[48;2;15;15;15m▀[0m[38;2;27;33;35m[48;2;15;15;15m▀[0m[38;2;27;33;35m[48;2;15;15;15m▀[0m[38;2;15;15;15m[48;2;228;34;18m▀[0m[38;2;15;15;15m[48;2;228;34;18m▀[0m[38;2;15;15;15m[48;2;149;58;28m▀[0m[38;2;149;58;28m[48;2;149;58;28m▀[0m[38;2;207;172;7m[48;2;149;58;28m▀[0m[38;2;149;58;28m[48;2;84;40;41m▀[0m[38;2;84;40;41m▀[0m    
       [38;2;27;33;35m▄[0m[38;2;15;15;15m[48;2;70;68;68m▀[0m[38;2;228;34;18m[48;2;15;15;15m▀[0m[38;2;207;172;7m[48;2;207;172;7m▀[0m[38;2;253;205;13m[48;2;253;205;13m▀[0m[38;2;228;34;18m[48;2;253;205;13m▀[0m[38;2;253;205;13m[48;2;253;205;13m▀[0m[38;2;228;34;18m[48;2;228;34;18m▀[0m[38;2;15;15;15m[48;2;228;34;18m▀[0m[38;2;84;40;41m[48;2;15;15;15m▀[0m[38;2;15;15;15m[48;2;70;68;68m▀[0m[38;2;15;15;15m[48;2;15;15;15m▀[0m     
    [38;2;27;33;35m▄[0m[38;2;27;33;35m[48;2;99;97;97m▀[0m[38;2;27;33;35m[48;2;99;97;97m▀[0m[38;2;70;68;68m[48;2;70;68;68m▀[0m[38;2;15;15;15m[48;2;15;15;15m▀[0m[38;2;228;34;18m[48;2;253;205;13m▀[0m[38;2;207;172;7m[48;2;207;172;7m▀[0m[38;2;253;205;13m[48;2;253;205;13m▀[0m[38;2;228;34;18m[48;2;228;34;18m▀[0m[38;2;228;34;18m[48;2;253;205;13m▀[0m[38;2;228;34;18m[48;2;228;34;18m▀[0m[38;2;15;15;15m[48;2;228;34;18m▀[0m[38;2;70;68;68m[48;2;15;15;15m▀[0m[38;2;99;97;97m[48;2;99;97;97m▀[0m[38;2;99;97;97m[48;2;99;97;97m▀[0m[38;2;15;15;15m[48;2;99;97;97m▀[0m[38;2;15;15;15m▄[0m[38;2;84;40;41m[48;2;149;58;28m▀[0m[38;2;84;40;41m[48;2;84;40;41m▀[0m 
 [38;2;84;40;41m▄[0m[38;2;84;40;41m[48;2;228;34;18m▀[0m[38;2;84;40;41m[48;2;228;34;18m▀[0m[38;2;138;47;47m[48;2;228;34;18m▀[0m[38;2;138;47;47m[48;2;138;47;47m▀[0m[38;2;99;97;97m[48;2;15;15;15m▀[0m[38;2;15;15;15m[48;2;15;15;15m▀[0m[38;2;228;34;18m[48;2;228;34;18m▀[0m[38;2;228;34;18m[48;2;228;34;18m▀[0m[38;2;207;172;7m[48;2;228;34;18m▀[0m[38;2;207;172;7m[48;2;207;172;7m▀[0m[38;2;253;205;13m[48;2;228;34;18m▀[0m[38;2;228;34;18m[48;2;228;34;18m▀[0m[38;2;228;34;18m[48;2;228;34;18m▀[0m[38;2;149;58;28m[48;2;149;58;28m▀[0m[38;2;149;58;28m[48;2;15;15;15m▀[0m[38;2;15;15;15m▀[0m[38;2;99;97;97m[48;2;15;15;15m▀[0m[38;2;99;97;97m[48;2;138;47;47m▀[0m[38;2;138;47;47m[48;2;138;47;47m▀[0m[38;2;15;15;15m[48;2;138;47;47m▀[0m[38;2;15;15;15m▄[0m 
 [38;2;84;40;41m▀[0m[38;2;228;34;18m[48;2;84;40;41m▀[0m[38;2;228;34;18m[48;2;135;43;29m▀[0m[38;2;135;43;29m[48;2;15;15;15m▀[0m[38;2;15;15;15m▀[0m [38;2;15;15;15m[48;2;15;15;15m▀[0m[38;2;228;34;18m[48;2;228;34;18m▀[0m[38;2;84;40;41m[48;2;70;68;68m▀[0m[38;2;228;34;18m[48;2;84;40;41m▀[0m[38;2;228;34;18m[48;2;84;40;41m▀[0m[38;2;84;40;41m[48;2;70;68;68m▀[0m[38;2;84;40;41m[48;2;70;68;68m▀[0m[38;2;149;58;28m[48;2;84;40;41m▀[0m[38;2;149;58;28m[48;2;149;58;28m▀[0m[38;2;15;15;15m[48;2;149;58;28m▀[0m[38;2;84;40;41m[48;2;15;15;15m▀[0m[38;2;149;58;28m[48;2;149;58;28m▀[0m[38;2;15;15;15m[48;2;15;15;15m▀[0m[38;2;138;47;47m[48;2;149;58;28m▀[0m[38;2;228;34;18m[48;2;228;34;18m▀[0m[38;2;228;34;18m[48;2;228;34;18m▀[0m[38;2;84;40;41m[48;2;84;40;41m▀[0m
  [38;2;84;40;41m▀[0m[38;2;15;15;15m▀[0m    [38;2;15;15;15m[48;2;27;33;35m▀[0m[38;2;70;68;68m[48;2;70;68;68m▀[0m[38;2;70;68;68m[48;2;27;33;35m▀[0m[38;2;70;68;68m[48;2;27;33;35m▀[0m[38;2;70;68;68m[48;2;70;68;68m▀[0m[38;2;70;68;68m[48;2;70;68;68m▀[0m[38;2;70;68;68m[48;2;70;68;68m▀[0m[38;2;15;15;15m[48;2;15;15;15m▀[0m[38;2;149;58;28m[48;2;15;15;15m▀[0m[38;2;149;58;28m[48;2;149;58;28m▀[0m[38;2;149;58;28m[48;2;149;58;28m▀[0m[38;2;15;15;15m[48;2;84;40;41m▀[0m[38;2;84;40;41m▀[0m[38;2;149;58;28m[48;2;15;15;15m▀[0m[38;2;228;34;18m[48;2;15;15;15m▀[0m[38;2;84;40;41m▀[0m
       [38;2;27;33;35m[48;2;27;33;35m▀[0m[38;2;70;68;68m[48;2;99;97;97m▀[0m[38;2;70;68;68m[48;2;70;68;68m▀[0m[38;2;70;68;68m[48;2;15;15;15m▀[0m[38;2;15;15;15m▀[0m[38;2;15;15;15m▀[0m[38;2;70;68;68m[48;2;15;15;15m▀[0m[38;2;70;68;68m[48;2;70;68;68m▀[0m[38;2;70;68;68m[48;2;99;97;97m▀[0m[38;2;15;15;15m[48;2;15;15;15m▀[0m[38;2;84;40;41m▀[0m[38;2;84;40;41m▀[0m     
      [38;2;27;33;35m▄[0m[38;2;27;33;35m[48;2;99;97;97m▀[0m[38;2;99;97;97m[48;2;99;97;97m▀[0m[38;2;99;97;97m[48;2;99;97;97m▀[0m[38;2;15;15;15m[48;2;15;15;15m▀[0m  [38;2;15;15;15m[48;2;15;15;15m▀[0m[38;2;99;97;97m[48;2;99;97;97m▀[0m[38;2;99;97;97m[48;2;99;97;97m▀[0m[38;2;15;15;15m[48;2;99;97;97m▀[0m[38;2;15;15;15m▄[0m      
     [38;2;84;40;41m▄[0m[38;2;27;33;35m[48;2;138;47;47m▀[0m[38;2;99;97;97m[48;2;138;47;47m▀[0m[38;2;99;97;97m[48;2;99;97;97m▀[0m[38;2;15;15;15m[48;2;15;15;15m▀[0m   [38;2;15;15;15m▀[0m[38;2;99;97;97m[48;2;15;15;15m▀[0m[38;2;99;97;97m[48;2;99;97;97m▀[0m[38;2;99;97;97m[48;2;138;47;47m▀[0m[38;2;15;15;15m[48;2;84;40;41m▀[0m      
     [38;2;84;40;41m[48;2;84;40;41m▀[0m[38;2;138;47;47m[48;2;228;34;18m▀[0m[38;2;138;47;47m[48;2;149;58;28m▀[0m[38;2;138;47;47m[48;2;138;47;47m▀[0m[38;2;15;15;15m[48;2;15;15;15m▀[0m    [38;2;15;15;15m[48;2;15;15;15m▀[0m[38;2;138;47;47m[48;2;138;47;47m▀[0m[38;2;138;47;47m[48;2;138;47;47m▀[0m[38;2;138;47;47m[48;2;149;58;28m▀[0m[38;2;84;40;41m[48;2;84;40;41m▀[0m     
    [38;2;84;40;41m[48;2;84;40;41m▀[0m[38;2;228;34;18m[48;2;228;34;18m▀[0m[38;2;228;34;18m[48;2;228;34;18m▀[0m[38;2;228;34;18m[48;2;228;34;18m▀[0m[38;2;228;34;18m[48;2;228;34;18m▀[0m[38;2;15;15;15m[48;2;15;15;15m▀[0m    [38;2;15;15;15m[48;2;15;15;15m▀[0m[38;2;228;34;18m[48;2;228;34;18m▀[0m[38;2;228;34;18m[48;2;228;34;18m▀[0m[38;2;228;34;18m[48;2;228;34;18m▀[0m[38;2;228;34;18m[48;2;228;34;18m▀[0m[38;2;84;40;41m[48;2;84;40;41m▀[0m    
    [38;2;15;15;15m▀[0m[38;2;15;15;15m▀[0m[38;2;15;15;15m▀[0m[38;2;15;15;15m▀[0m[38;2;15;15;15m▀[0m     [38;2;15;15;15m▀[0m[38;2;228;34;18m[48;2;15;15;15m▀[0m[38;2;228;34;18m[48;2;15;15;15m▀[0m[38;2;228;34;18m[48;2;15;15;15m▀[0m[38;2;228;34;18m[48;2;15;15;15m▀[0m[38;2;84;40;41m[48;2;15;15;15m▀[0m    
[0m