                    [38;2;62;102;43m▄[0m[38;2;62;102;43m[48;2;156;224;95m▀[0m[38;2;24;24;24m[48;2;24;24;24m▀[0m              
                   [38;2;62;102;43m▄[0m[38;2;62;102;43m[48;2;156;224;95m▀[0m[38;2;156;224;95m[48;2;156;224;95m▀[0m[38;2;24;24;24m[48;2;24;24;24m▀[0m              
                  [38;2;62;102;43m▄[0m[38;2;62;102;43m[48;2;156;224;95m▀[0m[38;2;156;224;95m[48;2;156;224;95m▀[0m[38;2;62;102;43m[48;2;24;24;24m▀[0m               
                  [38;2;62;102;43m[48;2;62;102;43m▀[0m[38;2;156;224;95m[48;2;156;224;95m▀[0m[38;2;156;224;95m[48;2;62;102;43m▀[0m[38;2;24;24;24m▀[0m               
                 [38;2;62;102;43m[48;2;62;102;43m▀[0m[38;2;156;224;95m[48;2;156;224;95m▀[0m[38;2;156;224;95m[48;2;156;224;95m▀[0m[38;2;24;24;24m[48;2;24;24;24m▀[0m                
                [38;2;62;102;43m▄[0m[38;2;62;102;43m[48;2;156;224;95m▀[0m[38;2;156;224;95m[48;2;156;224;95m▀[0m[38;2;62;102;43m[48;2;24;24;24m▀[0m                 
                [38;2;62;102;43m[48;2;62;102;43m▀[0m[38;2;156;224;95m[48;2;156;224;95m▀[0m[38;2;107;168;53m[48;2;62;102;43m▀[0m[38;2;24;24;24m▀[0m                 
               [38;2;62;102;43m[48;2;62;102;43m▀[0m[38;2;156;224;95m[48;2;156;224;95m▀[0m[38;2;156;224;95m[48;2;156;224;95m▀[0m[38;2;24;24;24m[48;2;24;24;24m▀[0m                  
               [38;2;62;102;43m[48;2;62;102;43m▀[0m[38;2;156;224;95m[48;2;156;224;95m▀[0m[38;2;107;168;53m[48;2;62;102;43m▀[0m[38;2;24;24;24m▀[0m                  
              [38;2;62;102;43m[48;2;62;102;43m▀[0m[38;2;156;224;95m[48;2;156;224;95m▀[0m[38;2;156;224;95m[48;2;156;224;95m▀[0m[38;2;24;24;24m[48;2;24;24;24m▀[0m                   
        [38;2;130;102;74m▄[0m[38;2;130;102;74m▄[0m    [38;2;62;102;43m[48;2;62;102;43m▀[0m[38;2;156;224;95m[48;2;107;168;53m▀[0m[38;2;107;168;53m[48;2;107;168;53m▀[0m[38;2;24;24;24m[48;2;24;24;24m▀[0m                   
       [38;2;130;102;74m[48;2;130;102;74m▀[0m[38;2;255;206;94m[48;2;255;206;94m▀[0m[38;2;255;206;94m[48;2;255;206;94m▀[0m[38;2;130;102;74m[48;2;130;102;74m▀[0m  [38;2;62;102;43m[48;2;62;102;43m▀[0m[38;2;107;168;53m[48;2;107;168;53m▀[0m[38;2;107;168;53m[48;2;107;168;53m▀[0m[38;2;62;102;43m[48;2;62;102;43m▀[0m [38;2;130;102;74m▄[0m[38;2;130;102;74m▄[0m[38;2;130;102;74m[48;2;255;206;94m▀[0m[38;2;130;102;74m[48;2;255;206;94m▀[0m[38;2;130;102;74m[48;2;255;206;94m▀[0m[38;2;24;24;24m▄[0m             
      [38;2;130;102;74m[48;2;130;102;74m▀[0m[38;2;255;206;94m[48;2;255;206;94m▀[0m[38;2;255;206;94m[48;2;255;206;94m▀[0m[38;2;255;206;94m[48;2;255;206;94m▀[0m[38;2;255;206;94m[48;2;255;206;94m▀[0m[38;2;130;102;74m[48;2;130;102;74m▀[0m [38;2;62;102;43m[48;2;62;102;43m▀[0m[38;2;107;168;53m[48;2;107;168;53m▀[0m[38;2;107;168;53m[48;2;107;168;53m▀[0m[38;2;62;102;43m[48;2;130;102;74m▀[0m[38;2;130;102;74m[48;2;255;206;94m▀[0m[38;2;255;206;94m[48;2;255;206;94m▀[0m[38;2;255;206;94m[48;2;255;206;94m▀[0m[38;2;255;206;94m[48;2;255;206;94m▀[0m[38;2;255;206;94m[48;2;255;206;94m▀[0m[38;2;255;206;94m[48;2;255;206;94m▀[0m[38;2;24;24;24m[48;2;24;24;24m▀[0m             
      [38;2;130;102;74m[48;2;130;102;74m▀[0m[38;2;255;206;94m[48;2;255;206;94m▀[0m[38;2;255;206;94m[48;2;255;206;94m▀[0m[38;2;255;206;94m[48;2;247;247;247m▀[0m[38;2;255;206;94m[48;2;255;206;94m▀[0m[38;2;130;102;74m[48;2;130;102;74m▀[0m[38;2;62;102;43m[48;2;62;102;43m▀[0m[38;2;107;168;53m[48;2;107;168;53m▀[0m[38;2;107;168;53m[48;2;107;168;53m▀[0m[38;2;107;168;53m[48;2;130;102;74m▀[0m[38;2;130;102;74m[48;2;255;206;94m▀[0m[38;2;255;206;94m[48;2;255;206;94m▀[0m[38;2;255;206;94m[48;2;255;206;94m▀[0m[38;2;255;206;94m[48;2;255;206;94m▀[0m[38;2;255;206;94m[48;2;255;206;94m▀[0m[38;2;255;206;94m[48;2;255;206;94m▀[0m[38;2;130;102;74m[48;2;24;24;24m▀[0m              
       [38;2;130;102;74m[48;2;130;102;74m▀[0m[38;2;255;206;94m[48;2;255;206;94m▀[0m[38;2;24;24;24m[48;2;255;206;94m▀[0m[38;2;255;206;94m[48;2;255;206;94m▀[0m[38;2;255;206;94m[48;2;255;206;94m▀[0m[38;2;24;24;24m[48;2;24;24;24m▀[0m[38;2;107;168;53m[48;2;107;168;53m▀[0m[38;2;107;168;53m[48;2;24;24;24m▀[0m[38;2;130;102;74m[48;2;255;206;94m▀[0m[38;2;255;206;94m[48;2;255;206;94m▀[0m[38;2;247;247;247m[48;2;24;24;24m▀[0m[38;2;255;206;94m[48;2;255;206;94m▀[0m[38;2;255;206;94m[48;2;255;206;94m▀[0m[38;2;255;206;94m[48;2;255;206;94m▀[0m[38;2;130;102;74m[48;2;24;24;24m▀[0m               
        [38;2;130;102;74m[48;2;130;102;74m▀[0m[38;2;255;206;94m[48;2;255;206;94m▀[0m[38;2;255;206;94m[48;2;255;206;94m▀[0m[38;2;255;206;94m[48;2;255;206;94m▀[0m[38;2;24;24;24m[48;2;24;24;24m▀[0m[38;2;107;168;53m[48;2;107;168;53m▀[0m[38;2;24;24;24m[48;2;24;24;24m▀[0m[38;2;255;206;94m[48;2;255;206;94m▀[0m[38;2;255;206;94m[48;2;255;206;94m▀[0m[38;2;255;206;94m[48;2;255;206;94m▀[0m[38;2;255;206;94m[48;2;255;206;94m▀[0m[38;2;255;206;94m[48;2;130;102;74m▀[0m[38;2;130;102;74m▀[0m                
       [38;2;62;102;43m▄[0m[38;2;62;102;43m▄[0m[38;2;130;102;74m[48;2;62;102;43m▀[0m[38;2;255;206;94m[48;2;62;102;43m▀[0m[38;2;255;206;94m[48;2;62;102;43m▀[0m[38;2;130;102;74m[48;2;62;102;43m▀[0m[38;2;107;168;53m[48;2;107;168;53m▀[0m[38;2;24;24;24m[48;2;130;102;74m▀[0m[38;2;255;206;94m[48;2;255;206;94m▀[0m[38;2;255;206;94m[48;2;255;206;94m▀[0m[38;2;255;206;94m[48;2;24;24;24m▀[0m[38;2;24;24;24m▀[0m                  
    [38;2;62;102;43m▄[0m[38;2;62;102;43m[48;2;156;224;95m▀[0m[38;2;62;102;43m[48;2;156;224;95m▀[0m[38;2;156;224;95m[48;2;156;224;95m▀[0m[38;2;156;224;95m[48;2;156;224;95m▀[0m[38;2;156;224;95m[48;2;156;224;95m▀[0m[38;2;156;224;95m[48;2;156;224;95m▀[0m[38;2;156;224;95m[48;2;156;224;95m▀[0m[38;2;156;224;95m[48;2;156;224;95m▀[0m[38;2;62;102;43m[48;2;156;224;95m▀[0m[38;2;62;102;43m[48;2;156;224;95m▀[0m[38;2;130;102;74m[48;2;107;168;53m▀[0m[38;2;130;102;74m[48;2;24;24;24m▀[0m                    
   [38;2;62;102;43m[48;2;62;102;43m▀[0m[38;2;156;224;95m[48;2;156;224;95m▀[0m[38;2;156;224;95m[48;2;156;224;95m▀[0m[38;2;107;168;53m[48;2;156;224;95m▀[0m[38;2;156;224;95m[48;2;156;224;95m▀[0m[38;2;156;224;95m[48;2;156;224;95m▀[0m[38;2;62;102;43m[48;2;156;224;95m▀[0m[38;2;156;224;95m[48;2;156;224;95m▀[0m[38;2;156;224;95m[48;2;156;224;95m▀[0m[38;2;156;224;95m[48;2;156;224;95m▀[0m[38;2;156;224;95m[48;2;156;224;95m▀[0m[38;2;156;224;95m[48;2;156;224;95m▀[0m[38;2;156;224;95m[48;2;156;224;95m▀[0m[38;2;107;168;53m[48;2;62;102;43m▀[0m[38;2;130;102;74m[48;2;181;154;125m▀[0m[38;2;24;24;24m▄[0m                  
   [38;2;62;102;43m▀[0m[38;2;156;224;95m[48;2;62;102;43m▀[0m[38;2;156;224;95m[48;2;62;102;43m▀[0m[38;2;62;102;43m[48;2;181;154;125m▀[0m[38;2;62;102;43m[48;2;181;154;125m▀[0m[38;2;62;102;43m[48;2;181;154;125m▀[0m[38;2;62;102;43m[48;2;181;154;125m▀[0m[38;2;156;224;95m[48;2;62;102;43m▀[0m[38;2;156;224;95m[48;2;62;102;43m▀[0m[38;2;156;224;95m[48;2;156;224;95m▀[0m[38;2;156;224;95m[48;2;156;224;95m▀[0m[38;2;156;224;95m[48;2;156;224;95m▀[0m[38;2;156;224;95m[48;2;62;102;43m▀[0m[38;2;62;102;43m[48;2;181;154;125m▀[0m[38;2;181;154;125m[48;2;181;154;125m▀[0m[38;2;181;154;125m[48;2;181;154;125m▀[0m[38;2;24;24;24m[48;2;24;24;24m▀[0m[38;2;133;71;3m▄[0m                
    [38;2;133;71;3m▄[0m[38;2;24;24;24m[48;2;133;71;3m▀[0m[38;2;181;154;125m[48;2;24;24;24m▀[0m[38;2;181;154;125m[48;2;181;154;125m▀[0m[38;2;181;154;125m[48;2;181;154;125m▀[0m[38;2;181;154;125m[48;2;181;154;125m▀[0m[38;2;181;154;125m[48;2;181;154;125m▀[0m[38;2;181;154;125m[48;2;181;154;125m▀[0m[38;2;62;102;43m[48;2;181;154;125m▀[0m[38;2;62;102;43m[48;2;181;154;125m▀[0m[38;2;62;102;43m[48;2;181;154;125m▀[0m[38;2;181;154;125m[48;2;181;154;125m▀[0m[38;2;181;154;125m[48;2;181;154;125m▀[0m[38;2;181;154;125m[48;2;133;71;3m▀[0m[38;2;181;154;125m[48;2;133;71;3m▀[0m[38;2;24;24;24m[48;2;133;71;3m▀[0m[38;2;214;168;12m[48;2;133;71;3m▀[0m[38;2;133;71;3m[48;2;214;168;12m▀[0m[38;2;133;71;3m▄[0m[38;2;133;71;3m▄[0m             
 [38;2;133;71;3m▄[0m[38;2;133;71;3m[48;2;253;204;23m▀[0m[38;2;133;71;3m[48;2;253;204;23m▀[0m[38;2;253;204;23m[48;2;255;234;81m▀[0m[38;2;253;204;23m[48;2;255;234;81m▀[0m[38;2;253;204;23m[48;2;255;234;81m▀[0m[38;2;24;24;24m[48;2;253;204;23m▀[0m[38;2;130;102;74m[48;2;253;204;23m▀[0m[38;2;181;154;125m[48;2;24;24;24m▀[0m[38;2;181;154;125m[48;2;24;24;24m▀[0m[38;2;181;154;125m[48;2;130;102;74m▀[0m[38;2;181;154;125m[48;2;133;71;3m▀[0m[38;2;181;154;125m[48;2;133;71;3m▀[0m[38;2;133;71;3m[48;2;253;204;23m▀[0m[38;2;133;71;3m[48;2;253;204;23m▀[0m[38;2;133;71;3m[48;2;253;204;23m▀[0m[38;2;253;204;23m[48;2;253;204;23m▀[0m[38;2;253;204;23m[48;2;253;204;23m▀[0m[38;2;253;204;23m[48;2;253;204;23m▀[0m[38;2;214;168;12m[48;2;253;204;23m▀[0m[38;2;214;168;12m[48;2;253;204;23m▀[0m[38;2;214;168;12m[48;2;214;168;12m▀[0m[38;2;214;168;12m[48;2;214;168;12m▀[0m[38;2;133;71;3m[48;2;214;168;12m▀[0m[38;2;133;71;3m▄[0m           
[38;2;133;71;3m▄[0m[38;2;133;71;3m[48;2;253;204;23m▀[0m[38;2;253;204;23m[48;2;253;204;23m▀[0m[38;2;255;234;81m[48;2;253;204;23m▀[0m[38;2;247;247;247m[48;2;255;234;81m▀[0m[38;2;247;247;247m[48;2;255;234;81m▀[0m[38;2;255;234;81m[48;2;255;234;81m▀[0m[38;2;255;234;81m[48;2;253;204;23m▀[0m[38;2;253;204;23m[48;2;253;204;23m▀[0m[38;2;253;204;23m[48;2;253;204;23m▀[0m[38;2;214;168;12m[48;2;253;204;23m▀[0m[38;2;133;71;3m[48;2;253;204;23m▀[0m[38;2;253;204;23m[48;2;253;204;23m▀[0m[38;2;253;204;23m[48;2;253;204;23m▀[0m[38;2;253;204;23m[48;2;253;204;23m▀[0m[38;2;253;204;23m[48;2;253;204;23m▀[0m[38;2;253;204;23m[48;2;253;204;23m▀[0m[38;2;253;204;23m[48;2;253;204;23m▀[0m[38;2;253;204;23m[48;2;253;204;23m▀[0m[38;2;253;204;23m[48;2;253;204;23m▀[0m[38;2;253;204;23m[48;2;253;204;23m▀[0m[38;2;253;204;23m[48;2;253;204;23m▀[0m[38;2;253;204;23m[48;2;253;204;23m▀[0m[38;2;214;168;12m[48;2;214;168;12m▀[0m[38;2;214;168;12m[48;2;214;168;12m▀[0m[38;2;133;71;3m[48;2;214;168;12m▀[0m[38;2;133;71;3m▄[0m          
[38;2;133;71;3m[48;2;133;71;3m▀[0m[38;2;253;204;23m[48;2;253;204;23m▀[0m[38;2;253;204;23m[48;2;253;204;23m▀[0m[38;2;253;204;23m[48;2;253;204;23m▀[0m[38;2;253;204;23m[48;2;214;168;12m▀[0m[38;2;253;204;23m[48;2;253;204;23m▀[0m[38;2;253;204;23m[48;2;253;204;23m▀[0m[38;2;253;204;23m[48;2;253;204;23m▀[0m[38;2;253;204;23m[48;2;253;204;23m▀[0m[38;2;253;204;23m[48;2;214;168;12m▀[0m[38;2;253;204;23m[48;2;253;204;23m▀[0m[38;2;253;204;23m[48;2;253;204;23m▀[0m[38;2;253;204;23m[48;2;253;204;23m▀[0m[38;2;253;204;23m[48;2;253;204;23m▀[0m[38;2;253;204;23m[48;2;253;204;23m▀[0m[38;2;253;204;23m[48;2;253;204;23m▀[0m[38;2;253;204;23m[48;2;253;204;23m▀[0m[38;2;253;204;23m[48;2;253;204;23m▀[0m[38;2;253;204;23m[48;2;253;204;23m▀[0m[38;2;253;204;23m[48;2;253;204;23m▀[0m[38;2;253;204;23m[48;2;214;168;12m▀[0m[38;2;253;204;23m[48;2;214;168;12m▀[0m[38;2;214;168;12m[48;2;214;168;12m▀[0m[38;2;214;168;12m[48;2;214;168;12m▀[0m[38;2;214;168;12m[48;2;214;168;12m▀[0m[38;2;214;168;12m[48;2;214;168;12m▀[0m[38;2;133;71;3m[48;2;133;71;3m▀[0m  [38;2;172;44;21m▄[0m    [38;2;172;44;21m▄[0m[38;2;172;44;21m▄[0m 
 [38;2;133;71;3m[48;2;133;71;3m▀[0m[38;2;253;204;23m[48;2;253;204;23m▀[0m[38;2;253;204;23m[48;2;253;204;23m▀[0m[38;2;214;168;12m[48;2;133;71;3m▀[0m[38;2;133;71;3m[48;2;213;137;2m▀[0m[38;2;253;204;23m[48;2;133;71;3m▀[0m[38;2;253;204;23m[48;2;253;204;23m▀[0m[38;2;253;204;23m[48;2;253;204;23m▀[0m[38;2;133;71;3m[48;2;133;71;3m▀[0m[38;2;214;168;12m[48;2;133;71;3m▀[0m[38;2;253;204;23m[48;2;253;204;23m▀[0m[38;2;253;204;23m[48;2;253;204;23m▀[0m[38;2;253;204;23m[48;2;253;204;23m▀[0m[38;2;253;204;23m[48;2;253;204;23m▀[0m[38;2;253;204;23m[48;2;133;71;3m▀[0m[38;2;214;168;12m[48;2;133;71;3m▀[0m[38;2;253;204;23m[48;2;253;204;23m▀[0m[38;2;253;204;23m[48;2;253;204;23m▀[0m[38;2;214;168;12m[48;2;133;71;3m▀[0m[38;2;133;71;3m[48;2;213;137;2m▀[0m[38;2;214;168;12m[48;2;133;71;3m▀[0m[38;2;214;168;12m[48;2;133;71;3m▀[0m[38;2;214;168;12m[48;2;214;168;12m▀[0m[38;2;214;168;12m[48;2;214;168;12m▀[0m[38;2;214;168;12m[48;2;133;71;3m▀[0m[38;2;133;71;3m▀[0m [38;2;172;44;21m[48;2;172;44;21m▀[0m[38;2;245;104;44m[48;2;245;104;44m▀[0m[38;2;172;44;21m[48;2;172;44;21m▀[0m [38;2;172;44;21m▄[0m[38;2;172;44;21m[48;2;245;104;44m▀[0m[38;2;245;104;44m[48;2;245;104;44m▀[0m[38;2;172;44;21m[48;2;24;24;24m▀[0m 
[38;2;133;71;3m[48;2;133;71;3m▀[0m[38;2;253;204;23m[48;2;253;204;23m▀[0m[38;2;253;204;23m[48;2;255;234;81m▀[0m[38;2;253;204;23m[48;2;253;204;23m▀[0m[38;2;133;71;3m[48;2;253;204;23m▀[0m[38;2;213;137;2m[48;2;133;71;3m▀[0m[38;2;213;137;2m[48;2;213;137;2m▀[0m[38;2;133;71;3m[48;2;213;137;2m▀[0m[38;2;133;71;3m[48;2;213;137;2m▀[0m[38;2;213;137;2m[48;2;213;137;2m▀[0m[38;2;213;137;2m[48;2;213;137;2m▀[0m[38;2;133;71;3m[48;2;213;137;2m▀[0m[38;2;253;204;23m[48;2;133;71;3m▀[0m[38;2;253;204;23m[48;2;133;71;3m▀[0m[38;2;133;71;3m[48;2;213;137;2m▀[0m[38;2;213;137;2m[48;2;213;137;2m▀[0m[38;2;133;71;3m[48;2;133;71;3m▀[0m[38;2;253;204;23m[48;2;253;204;23m▀[0m[38;2;253;204;23m[48;2;253;204;23m▀[0m[38;2;133;71;3m[48;2;253;204;23m▀[0m[38;2;213;137;2m[48;2;133;71;3m▀[0m[38;2;213;137;2m[48;2;213;137;2m▀[0m[38;2;213;137;2m[48;2;213;137;2m▀[0m[38;2;133;71;3m[48;2;213;137;2m▀[0m[38;2;133;71;3m[48;2;213;137;2m▀[0m[38;2;24;24;24m[48;2;24;24;24m▀[0m  [38;2;24;24;24m[48;2;24;24;24m▀[0m[38;2;245;104;44m[48;2;245;104;44m▀[0m[38;2;245;104;44m[48;2;245;104;44m▀[0m[38;2;172;44;21m[48;2;172;44;21m▀[0m[38;2;245;104;44m[48;2;245;104;44m▀[0m[38;2;245;104;44m[48;2;245;104;44m▀[0m[38;2;245;104;44m[48;2;172;44;21m▀[0m[38;2;24;24;24m▀[0m 
[38;2;133;71;3m▀[0m[38;2;253;204;23m[48;2;24;24;24m▀[0m[38;2;255;234;81m[48;2;253;204;23m▀[0m[38;2;253;204;23m[48;2;214;168;12m▀[0m[38;2;214;168;12m[48;2;24;24;24m▀[0m[38;2;133;71;3m[48;2;253;204;23m▀[0m[38;2;213;137;2m[48;2;213;137;2m▀[0m[38;2;213;137;2m[48;2;213;137;2m▀[0m[38;2;213;137;2m[48;2;213;137;2m▀[0m[38;2;213;137;2m[48;2;213;137;2m▀[0m[38;2;213;137;2m[48;2;213;137;2m▀[0m[38;2;213;137;2m[48;2;213;137;2m▀[0m[38;2;213;137;2m[48;2;213;137;2m▀[0m[38;2;213;137;2m[48;2;213;137;2m▀[0m[38;2;213;137;2m[48;2;213;137;2m▀[0m[38;2;133;71;3m[48;2;133;71;3m▀[0m[38;2;253;204;23m[48;2;253;204;23m▀[0m[38;2;253;204;23m[48;2;255;234;81m▀[0m[38;2;253;204;23m[48;2;253;204;23m▀[0m[38;2;253;204;23m[48;2;253;204;23m▀[0m[38;2;253;204;23m[48;2;253;204;23m▀[0m[38;2;133;71;3m[48;2;133;71;3m▀[0m[38;2;213;137;2m[48;2;213;137;2m▀[0m[38;2;213;137;2m[48;2;213;137;2m▀[0m[38;2;213;137;2m[48;2;133;71;3m▀[0m[38;2;24;24;24m▀[0m   [38;2;24;24;24m[48;2;24;24;24m▀[0m[38;2;245;104;44m[48;2;245;104;44m▀[0m[38;2;172;44;21m[48;2;245;104;44m▀[0m[38;2;245;104;44m[48;2;245;104;44m▀[0m[38;2;245;104;44m[48;2;24;24;24m▀[0m[38;2;24;24;24m▀[0m  
  [38;2;24;24;24m▀[0m[38;2;24;24;24m[48;2;133;71;3m▀[0m[38;2;253;204;23m[48;2;253;204;23m▀[0m[38;2;253;204;23m[48;2;253;204;23m▀[0m[38;2;253;204;23m[48;2;253;204;23m▀[0m[38;2;213;137;2m[48;2;253;204;23m▀[0m[38;2;213;137;2m[48;2;253;204;23m▀[0m[38;2;213;137;2m[48;2;213;137;2m▀[0m[38;2;213;137;2m[48;2;213;137;2m▀[0m[38;2;213;137;2m[48;2;213;137;2m▀[0m[38;2;213;137;2m[48;2;213;137;2m▀[0m[38;2;213;137;2m[48;2;253;204;23m▀[0m[38;2;253;204;23m[48;2;253;204;23m▀[0m[38;2;133;71;3m[48;2;253;204;23m▀[0m[38;2;253;204;23m[48;2;133;71;3m▀[0m[38;2;255;234;81m[48;2;253;204;23m▀[0m[38;2;253;204;23m[48;2;253;204;23m▀[0m[38;2;253;204;23m[48;2;214;168;12m▀[0m[38;2;214;168;12m[48;2;24;24;24m▀[0m[38;2;133;71;3m[48;2;253;204;23m▀[0m[38;2;213;137;2m[48;2;213;137;2m▀[0m[38;2;213;137;2m[48;2;213;137;2m▀[0m[38;2;24;24;24m[48;2;24;24;24m▀[0m   [38;2;62;102;43m▄[0m[38;2;62;102;43m▄[0m[38;2;24;24;24m[48;2;107;168;53m▀[0m[38;2;245;104;44m[48;2;107;168;53m▀[0m[38;2;24;24;24m[48;2;107;168;53m▀[0m[38;2;62;102;43m[48;2;107;168;53m▀[0m[38;2;62;102;43m[48;2;130;102;74m▀[0m[38;2;62;102;43m▄[0m 
   [38;2;133;71;3m▀[0m[38;2;253;204;23m[48;2;133;71;3m▀[0m[38;2;213;137;2m[48;2;213;137;2m▀[0m[38;2;253;204;23m[48;2;213;137;2m▀[0m[38;2;253;204;23m[48;2;253;204;23m▀[0m[38;2;253;204;23m[48;2;253;204;23m▀[0m[38;2;253;204;23m[48;2;253;204;23m▀[0m[38;2;253;204;23m[48;2;253;204;23m▀[0m[38;2;253;204;23m[48;2;253;204;23m▀[0m[38;2;253;204;23m[48;2;253;204;23m▀[0m[38;2;253;204;23m[48;2;253;204;23m▀[0m[38;2;253;204;23m[48;2;253;204;23m▀[0m[38;2;253;204;23m[48;2;253;204;23m▀[0m[38;2;253;204;23m[48;2;253;204;23m▀[0m[38;2;24;24;24m[48;2;213;137;2m▀[0m[38;2;24;24;24m[48;2;213;137;2m▀[0m[38;2;24;24;24m[48;2;214;168;12m▀[0m[38;2;253;204;23m[48;2;253;204;23m▀[0m[38;2;253;204;23m[48;2;253;204;23m▀[0m[38;2;253;204;23m[48;2;253;204;23m▀[0m[38;2;133;71;3m[48;2;24;24;24m▀[0m[38;2;107;168;53m[48;2;107;168;53m▀[0m[38;2;62;102;43m[48;2;107;168;53m▀[0m[38;2;62;102;43m[48;2;107;168;53m▀[0m[38;2;62;102;43m[48;2;107;168;53m▀[0m[38;2;107;168;53m[48;2;130;102;74m▀[0m[38;2;107;168;53m[48;2;130;102;74m▀[0m[38;2;107;168;53m[48;2;130;102;74m▀[0m[38;2;107;168;53m[48;2;130;102;74m▀[0m[38;2;130;102;74m[48;2;181;154;125m▀[0m[38;2;130;102;74m[48;2;181;154;125m▀[0m[38;2;181;154;125m[48;2;24;24;24m▀[0m[38;2;181;154;125m[48;2;24;24;24m▀[0m[38;2;62;102;43m▀[0m
    [38;2;133;71;3m▀[0m[38;2;213;137;2m[48;2;133;71;3m▀[0m[38;2;213;137;2m[48;2;213;137;2m▀[0m[38;2;213;137;2m[48;2;213;137;2m▀[0m[38;2;253;204;23m[48;2;213;137;2m▀[0m[38;2;253;204;23m[48;2;214;168;12m▀[0m[38;2;253;204;23m[48;2;253;204;23m▀[0m[38;2;253;204;23m[48;2;253;204;23m▀[0m[38;2;253;204;23m[48;2;253;204;23m▀[0m[38;2;253;204;23m[48;2;253;204;23m▀[0m[38;2;253;204;23m[48;2;213;137;2m▀[0m[38;2;253;204;23m[48;2;213;137;2m▀[0m[38;2;213;137;2m[48;2;213;137;2m▀[0m[38;2;213;137;2m[48;2;213;137;2m▀[0m[38;2;213;137;2m[48;2;213;137;2m▀[0m[38;2;213;137;2m[48;2;213;137;2m▀[0m[38;2;214;168;12m[48;2;213;137;2m▀[0m[38;2;253;204;23m[48;2;253;204;23m▀[0m[38;2;133;71;3m[48;2;133;71;3m▀[0m[38;2;130;102;74m[48;2;133;71;3m▀[0m[38;2;107;168;53m[48;2;130;102;74m▀[0m[38;2;107;168;53m[48;2;130;102;74m▀[0m[38;2;107;168;53m[48;2;130;102;74m▀[0m[38;2;130;102;74m[48;2;181;154;125m▀[0m[38;2;181;154;125m[48;2;181;154;125m▀[0m[38;2;181;154;125m[48;2;181;154;125m▀[0m[38;2;181;154;125m[48;2;181;154;125m▀[0m[38;2;181;154;125m[48;2;24;24;24m▀[0m[38;2;24;24;24m▀[0m[38;2;24;24;24m▀[0m   
   [38;2;133;71;3m▄[0m[38;2;133;71;3m[48;2;253;204;23m▀[0m[38;2;253;204;23m[48;2;253;204;23m▀[0m[38;2;133;71;3m[48;2;253;204;23m▀[0m[38;2;213;137;2m[48;2;214;168;12m▀[0m[38;2;213;137;2m[48;2;213;137;2m▀[0m[38;2;213;137;2m[48;2;213;137;2m▀[0m[38;2;213;137;2m[48;2;213;137;2m▀[0m[38;2;213;137;2m[48;2;213;137;2m▀[0m[38;2;213;137;2m[48;2;213;137;2m▀[0m[38;2;213;137;2m[48;2;213;137;2m▀[0m[38;2;213;137;2m[48;2;213;137;2m▀[0m[38;2;213;137;2m[48;2;213;137;2m▀[0m[38;2;213;137;2m[48;2;213;137;2m▀[0m[38;2;213;137;2m[48;2;213;137;2m▀[0m[38;2;213;137;2m[48;2;213;137;2m▀[0m[38;2;213;137;2m[48;2;213;137;2m▀[0m[38;2;213;137;2m[48;2;214;168;12m▀[0m[38;2;133;71;3m[48;2;253;204;23m▀[0m[38;2;214;168;12m[48;2;253;204;23m▀[0m[38;2;214;168;12m[48;2;214;168;12m▀[0m[38;2;133;71;3m[48;2;214;168;12m▀[0m[38;2;181;154;125m[48;2;133;71;3m▀[0m[38;2;181;154;125m[48;2;24;24;24m▀[0m[38;2;181;154;125m[48;2;24;24;24m▀[0m[38;2;181;154;125m[48;2;24;24;24m▀[0m[38;2;24;24;24m▀[0m[38;2;24;24;24m▀[0m      
  [38;2;133;71;3m[48;2;133;71;3m▀[0m[38;2;253;204;23m[48;2;214;168;12m▀[0m[38;2;253;204;23m[48;2;253;204;23m▀[0m[38;2;253;204;23m[48;2;253;204;23m▀[0m[38;2;253;204;23m[48;2;253;204;23m▀[0m[38;2;253;204;23m[48;2;253;204;23m▀[0m[38;2;253;204;23m[48;2;253;204;23m▀[0m[38;2;214;168;12m[48;2;253;204;23m▀[0m[38;2;213;137;2m[48;2;253;204;23m▀[0m[38;2;213;137;2m[48;2;253;204;23m▀[0m[38;2;213;137;2m[48;2;253;204;23m▀[0m[38;2;213;137;2m[48;2;253;204;23m▀[0m[38;2;213;137;2m[48;2;253;204;23m▀[0m[38;2;213;137;2m[48;2;253;204;23m▀[0m[38;2;213;137;2m[48;2;253;204;23m▀[0m[38;2;213;137;2m[48;2;253;204;23m▀[0m[38;2;214;168;12m[48;2;253;204;23m▀[0m[38;2;253;204;23m[48;2;253;204;23m▀[0m[38;2;253;204;23m[48;2;253;204;23m▀[0m[38;2;253;204;23m[48;2;253;204;23m▀[0m[38;2;253;204;23m[48;2;253;204;23m▀[0m[38;2;253;204;23m[48;2;214;168;12m▀[0m[38;2;214;168;12m[48;2;214;168;12m▀[0m[38;2;214;168;12m[48;2;214;168;12m▀[0m[38;2;133;71;3m[48;2;133;71;3m▀[0m          
   [38;2;133;71;3m▀[0m[38;2;133;71;3m▀[0m[38;2;214;168;12m[48;2;24;24;24m▀[0m[38;2;253;204;23m[48;2;24;24;24m▀[0m[38;2;253;204;23m[48;2;24;24;24m▀[0m[38;2;253;204;23m[48;2;24;24;24m▀[0m[38;2;253;204;23m[48;2;133;71;3m▀[0m[38;2;253;204;23m[48;2;253;204;23m▀[0m[38;2;253;204;23m[48;2;253;204;23m▀[0m[38;2;253;204;23m[48;2;253;204;23m▀[0m[38;2;253;204;23m[48;2;255;234;81m▀[0m[38;2;255;234;81m[48;2;255;234;81m▀[0m[38;2;255;234;81m[48;2;255;234;81m▀[0m[38;2;255;234;81m[48;2;253;204;23m▀[0m[38;2;253;204;23m[48;2;253;204;23m▀[0m[38;2;253;204;23m[48;2;214;168;12m▀[0m[38;2;253;204;23m[48;2;133;71;3m▀[0m[38;2;253;204;23m[48;2;24;24;24m▀[0m[38;2;214;168;12m[48;2;24;24;24m▀[0m[38;2;214;168;12m[48;2;24;24;24m▀[0m[38;2;133;71;3m▀[0m[38;2;24;24;24m▀[0m[38;2;24;24;24m▀[0m           
          [38;2;24;24;24m▀[0m[38;2;24;24;24m▀[0m[38;2;253;204;23m[48;2;24;24;24m▀[0m[38;2;253;204;23m[48;2;24;24;24m▀[0m[38;2;253;204;23m[48;2;24;24;24m▀[0m[38;2;214;168;12m[48;2;24;24;24m▀[0m[38;2;214;168;12m[48;2;24;24;24m▀[0m[38;2;24;24;24m▀[0m[38;2;24;24;24m▀[0m                  
[0m