                                              [38;2;143;165;151m[48;2;143;165;151m▀[0m[38;2;109;128;119m[48;2;232;237;220m▀[0m[38;2;21;21;21m▄[0m                                 
                                              [38;2;143;165;151m[48;2;143;165;151m▀[0m[38;2;254;254;254m[48;2;254;254;254m▀[0m[38;2;109;128;119m[48;2;143;165;151m▀[0m[38;2;21;21;21m▄[0m                                
                                         [38;2;109;128;119m▄[0m[38;2;181;193;184m▄[0m   [38;2;143;165;151m[48;2;143;165;151m▀[0m[38;2;232;237;220m[48;2;109;128;119m▀[0m[38;2;143;165;151m[48;2;21;21;21m▀[0m[38;2;21;21;21m[48;2;143;165;151m▀[0m[38;2;21;21;21m▄[0m                               
                                         [38;2;109;128;119m[48;2;109;128;119m▀[0m[38;2;181;193;184m[48;2;181;193;184m▀[0m[38;2;109;128;119m▄[0m[38;2;109;128;119m▄[0m[38;2;109;128;119m▄[0m[38;2;143;165;151m[48;2;109;128;119m▀[0m[38;2;109;128;119m[48;2;109;128;119m▀[0m[38;2;181;193;184m[48;2;181;193;184m▀[0m[38;2;21;21;21m[48;2;21;21;21m▀[0m[38;2;21;21;21m[48;2;143;165;151m▀[0m[38;2;21;21;21m▄[0m                              
                                         [38;2;109;128;119m[48;2;109;128;119m▀[0m[38;2;109;128;119m[48;2;181;193;184m▀[0m[38;2;254;254;254m[48;2;232;237;220m▀[0m[38;2;254;254;254m[48;2;232;237;220m▀[0m[38;2;181;193;184m[48;2;143;165;151m▀[0m[38;2;181;193;184m[48;2;255;164;48m▀[0m[38;2;109;128;119m[48;2;109;128;119m▀[0m[38;2;181;193;184m[48;2;181;193;184m▀[0m[38;2;21;21;21m[48;2;181;193;184m▀[0m[38;2;143;165;151m[48;2;21;21;21m▀[0m[38;2;21;21;21m[48;2;21;21;21m▀[0m[38;2;21;21;21m▄[0m                             
                                         [38;2;109;128;119m[48;2;109;128;119m▀[0m[38;2;255;164;48m[48;2;109;128;119m▀[0m[38;2;232;237;220m[48;2;143;165;151m▀[0m[38;2;232;237;220m[48;2;143;165;151m▀[0m[38;2;255;164;48m[48;2;181;193;184m▀[0m[38;2;109;128;119m[48;2;232;237;220m▀[0m[38;2;109;128;119m[48;2;109;128;119m▀[0m[38;2;181;193;184m[48;2;181;193;184m▀[0m[38;2;181;193;184m[48;2;181;193;184m▀[0m[38;2;143;165;151m[48;2;143;165;151m▀[0m[38;2;181;193;184m[48;2;181;193;184m▀[0m[38;2;21;21;21m[48;2;21;21;21m▀[0m                             
                                        [38;2;109;128;119m[48;2;109;128;119m▀[0m[38;2;232;237;220m[48;2;232;237;220m▀[0m[38;2;143;165;151m[48;2;143;165;151m▀[0m[38;2;232;237;220m[48;2;232;237;220m▀[0m[38;2;232;237;220m[48;2;232;237;220m▀[0m[38;2;232;237;220m[48;2;232;237;220m▀[0m[38;2;232;237;220m[48;2;232;237;220m▀[0m[38;2;109;128;119m[48;2;109;128;119m▀[0m[38;2;181;193;184m[48;2;181;193;184m▀[0m[38;2;181;193;184m[48;2;181;193;184m▀[0m[38;2;143;165;151m[48;2;181;193;184m▀[0m[38;2;181;193;184m[48;2;143;165;151m▀[0m[38;2;21;21;21m[48;2;181;193;184m▀[0m[38;2;21;21;21m▄[0m                            
                                        [38;2;109;128;119m[48;2;143;165;151m▀[0m[38;2;232;237;220m[48;2;232;237;220m▀[0m[38;2;143;165;151m[48;2;226;122;84m▀[0m[38;2;181;193;184m[48;2;183;73;31m▀[0m[38;2;226;122;84m[48;2;226;122;84m▀[0m[38;2;183;73;31m[48;2;181;193;184m▀[0m[38;2;226;122;84m[48;2;232;237;220m▀[0m[38;2;109;128;119m[48;2;109;128;119m▀[0m[38;2;181;193;184m[48;2;181;193;184m▀[0m[38;2;181;193;184m[48;2;181;193;184m▀[0m[38;2;181;193;184m[48;2;181;193;184m▀[0m[38;2;143;165;151m[48;2;143;165;151m▀[0m[38;2;232;237;220m[48;2;232;237;220m▀[0m[38;2;21;21;21m[48;2;21;21;21m▀[0m                            
                                       [38;2;109;128;119m[48;2;109;128;119m▀[0m[38;2;232;237;220m[48;2;232;237;220m▀[0m[38;2;143;165;151m[48;2;143;165;151m▀[0m[38;2;232;237;220m[48;2;232;237;220m▀[0m[38;2;232;237;220m[48;2;232;237;220m▀[0m[38;2;232;237;220m[48;2;232;237;220m▀[0m[38;2;232;237;220m[48;2;232;237;220m▀[0m[38;2;232;237;220m[48;2;232;237;220m▀[0m[38;2;109;128;119m[48;2;109;128;119m▀[0m[38;2;181;193;184m[48;2;181;193;184m▀[0m[38;2;181;193;184m[48;2;181;193;184m▀[0m[38;2;181;193;184m[48;2;181;193;184m▀[0m[38;2;181;193;184m[48;2;181;193;184m▀[0m[38;2;143;165;151m[48;2;143;165;151m▀[0m[38;2;21;21;21m[48;2;232;237;220m▀[0m[38;2;21;21;21m▄[0m                           
                                       [38;2;109;128;119m[48;2;143;165;151m▀[0m[38;2;232;237;220m[48;2;232;237;220m▀[0m[38;2;143;165;151m[48;2;226;122;84m▀[0m[38;2;181;193;184m[48;2;183;73;31m▀[0m[38;2;226;122;84m[48;2;226;122;84m▀[0m[38;2;226;122;84m[48;2;181;193;184m▀[0m[38;2;183;73;31m[48;2;232;237;220m▀[0m[38;2;226;122;84m[48;2;232;237;220m▀[0m[38;2;109;128;119m[48;2;109;128;119m▀[0m[38;2;181;193;184m[48;2;181;193;184m▀[0m[38;2;181;193;184m[48;2;181;193;184m▀[0m[38;2;181;193;184m[48;2;181;193;184m▀[0m[38;2;181;193;184m[48;2;181;193;184m▀[0m[38;2;181;193;184m[48;2;181;193;184m▀[0m[38;2;143;165;151m[48;2;143;165;151m▀[0m[38;2;21;21;21m[48;2;21;21;21m▀[0m                           
                                      [38;2;109;128;119m[48;2;109;128;119m▀[0m[38;2;232;237;220m[48;2;232;237;220m▀[0m[38;2;143;165;151m[48;2;143;165;151m▀[0m[38;2;232;237;220m[48;2;232;237;220m▀[0m[38;2;232;237;220m[48;2;232;237;220m▀[0m[38;2;232;237;220m[48;2;232;237;220m▀[0m[38;2;232;237;220m[48;2;232;237;220m▀[0m[38;2;232;237;220m[48;2;232;237;220m▀[0m[38;2;232;237;220m[48;2;232;237;220m▀[0m[38;2;109;128;119m[48;2;109;128;119m▀[0m[38;2;181;193;184m[48;2;181;193;184m▀[0m[38;2;181;193;184m[48;2;181;193;184m▀[0m[38;2;181;193;184m[48;2;181;193;184m▀[0m[38;2;181;193;184m[48;2;181;193;184m▀[0m[38;2;181;193;184m[48;2;181;193;184m▀[0m[38;2;181;193;184m[48;2;143;165;151m▀[0m[38;2;21;21;21m[48;2;21;21;21m▀[0m                           
                                      [38;2;109;128;119m[48;2;143;165;151m▀[0m[38;2;232;237;220m[48;2;232;237;220m▀[0m[38;2;143;165;151m[48;2;181;193;184m▀[0m[38;2;232;237;220m[48;2;219;89;40m▀[0m[38;2;232;237;220m[48;2;226;122;84m▀[0m[38;2;181;193;184m[48;2;226;122;84m▀[0m[38;2;219;89;40m[48;2;183;73;31m▀[0m[38;2;226;122;84m[48;2;226;122;84m▀[0m[38;2;226;122;84m[48;2;181;193;184m▀[0m[38;2;109;128;119m[48;2;109;128;119m▀[0m[38;2;181;193;184m[48;2;181;193;184m▀[0m[38;2;181;193;184m[48;2;181;193;184m▀[0m[38;2;181;193;184m[48;2;181;193;184m▀[0m[38;2;181;193;184m[48;2;181;193;184m▀[0m[38;2;181;193;184m[48;2;181;193;184m▀[0m[38;2;143;165;151m[48;2;143;165;151m▀[0m[38;2;181;193;184m[48;2;181;193;184m▀[0m[38;2;21;21;21m[48;2;21;21;21m▀[0m                          
                                     [38;2;109;128;119m[48;2;109;128;119m▀[0m[38;2;232;237;220m[48;2;232;237;220m▀[0m[38;2;226;122;84m[48;2;143;165;151m▀[0m[38;2;226;122;84m[48;2;232;237;220m▀[0m[38;2;183;73;31m[48;2;232;237;220m▀[0m[38;2;181;193;184m[48;2;232;237;220m▀[0m[38;2;232;237;220m[48;2;232;237;220m▀[0m[38;2;232;237;220m[48;2;232;237;220m▀[0m[38;2;232;237;220m[48;2;232;237;220m▀[0m[38;2;232;237;220m[48;2;232;237;220m▀[0m[38;2;109;128;119m[48;2;109;128;119m▀[0m[38;2;181;193;184m[48;2;181;193;184m▀[0m[38;2;181;193;184m[48;2;181;193;184m▀[0m[38;2;181;193;184m[48;2;181;193;184m▀[0m[38;2;181;193;184m[48;2;181;193;184m▀[0m[38;2;181;193;184m[48;2;181;193;184m▀[0m[38;2;143;165;151m[48;2;143;165;151m▀[0m[38;2;181;193;184m[48;2;181;193;184m▀[0m[38;2;21;21;21m[48;2;21;21;21m▀[0m                          
                                     [38;2;109;128;119m[48;2;143;165;151m▀[0m[38;2;232;237;220m[48;2;232;237;220m▀[0m[38;2;143;165;151m[48;2;143;165;151m▀[0m[38;2;232;237;220m[48;2;232;237;220m▀[0m[38;2;232;237;220m[48;2;232;237;220m▀[0m[38;2;232;237;220m[48;2;232;237;220m▀[0m[38;2;232;237;220m[48;2;232;237;220m▀[0m[38;2;232;237;220m[48;2;232;237;220m▀[0m[38;2;232;237;220m[48;2;232;237;220m▀[0m[38;2;232;237;220m[48;2;232;237;220m▀[0m[38;2;109;128;119m[48;2;109;128;119m▀[0m[38;2;181;193;184m[48;2;181;193;184m▀[0m[38;2;181;193;184m[48;2;181;193;184m▀[0m[38;2;181;193;184m[48;2;181;193;184m▀[0m[38;2;181;193;184m[48;2;181;193;184m▀[0m[38;2;143;165;151m[48;2;143;165;151m▀[0m[38;2;181;193;184m[48;2;181;193;184m▀[0m[38;2;181;193;184m[48;2;181;193;184m▀[0m[38;2;21;21;21m[48;2;181;193;184m▀[0m[38;2;21;21;21m▄[0m                         
                                    [38;2;109;128;119m[48;2;109;128;119m▀[0m[38;2;232;237;220m[48;2;232;237;220m▀[0m[38;2;143;165;151m[48;2;143;165;151m▀[0m[38;2;232;237;220m[48;2;232;237;220m▀[0m[38;2;232;237;220m[48;2;232;237;220m▀[0m[38;2;232;237;220m[48;2;232;237;220m▀[0m[38;2;232;237;220m[48;2;181;193;184m▀[0m[38;2;232;237;220m[48;2;181;193;184m▀[0m[38;2;232;237;220m[48;2;226;122;84m▀[0m[38;2;232;237;220m[48;2;219;89;40m▀[0m[38;2;232;237;220m[48;2;226;122;84m▀[0m[38;2;109;128;119m[48;2;109;128;119m▀[0m[38;2;181;193;184m[48;2;181;193;184m▀[0m[38;2;181;193;184m[48;2;181;193;184m▀[0m[38;2;181;193;184m[48;2;181;193;184m▀[0m[38;2;181;193;184m[48;2;181;193;184m▀[0m[38;2;143;165;151m[48;2;181;193;184m▀[0m[38;2;232;237;220m[48;2;143;165;151m▀[0m[38;2;232;237;220m[48;2;232;237;220m▀[0m[38;2;181;193;184m[48;2;232;237;220m▀[0m[38;2;21;21;21m[48;2;21;21;21m▀[0m                         
                                    [38;2;109;128;119m[48;2;143;165;151m▀[0m[38;2;232;237;220m[48;2;232;237;220m▀[0m[38;2;181;193;184m[48;2;226;122;84m▀[0m[38;2;181;193;184m[48;2;219;89;40m▀[0m[38;2;226;122;84m[48;2;226;122;84m▀[0m[38;2;226;122;84m[48;2;226;122;84m▀[0m[38;2;219;89;40m[48;2;183;73;31m▀[0m[38;2;226;122;84m[48;2;226;122;84m▀[0m[38;2;226;122;84m[48;2;181;193;184m▀[0m[38;2;183;73;31m[48;2;232;237;220m▀[0m[38;2;181;193;184m[48;2;232;237;220m▀[0m[38;2;109;128;119m[48;2;109;128;119m▀[0m[38;2;181;193;184m[48;2;181;193;184m▀[0m[38;2;181;193;184m[48;2;181;193;184m▀[0m[38;2;181;193;184m[48;2;181;193;184m▀[0m[38;2;181;193;184m[48;2;181;193;184m▀[0m[38;2;181;193;184m[48;2;181;193;184m▀[0m[38;2;181;193;184m[48;2;181;193;184m▀[0m[38;2;143;165;151m[48;2;143;165;151m▀[0m[38;2;232;237;220m[48;2;232;237;220m▀[0m[38;2;21;21;21m[48;2;232;237;220m▀[0m[38;2;21;21;21m▄[0m                        
                                   [38;2;109;128;119m[48;2;109;128;119m▀[0m[38;2;232;237;220m[48;2;232;237;220m▀[0m[38;2;226;122;84m[48;2;143;165;151m▀[0m[38;2;226;122;84m[48;2;232;237;220m▀[0m[38;2;183;73;31m[48;2;232;237;220m▀[0m[38;2;181;193;184m[48;2;232;237;220m▀[0m[38;2;232;237;220m[48;2;232;237;220m▀[0m[38;2;232;237;220m[48;2;232;237;220m▀[0m[38;2;232;237;220m[48;2;232;237;220m▀[0m[38;2;232;237;220m[48;2;232;237;220m▀[0m[38;2;232;237;220m[48;2;232;237;220m▀[0m[38;2;232;237;220m[48;2;232;237;220m▀[0m[38;2;109;128;119m[48;2;109;128;119m▀[0m[38;2;181;193;184m[48;2;181;193;184m▀[0m[38;2;181;193;184m[48;2;181;193;184m▀[0m[38;2;181;193;184m[48;2;181;193;184m▀[0m[38;2;181;193;184m[48;2;181;193;184m▀[0m[38;2;181;193;184m[48;2;181;193;184m▀[0m[38;2;181;193;184m[48;2;181;193;184m▀[0m[38;2;181;193;184m[48;2;181;193;184m▀[0m[38;2;143;165;151m[48;2;181;193;184m▀[0m[38;2;232;237;220m[48;2;143;165;151m▀[0m[38;2;21;21;21m[48;2;21;21;21m▀[0m                        
                                   [38;2;109;128;119m[48;2;143;165;151m▀[0m[38;2;232;237;220m[48;2;232;237;220m▀[0m[38;2;143;165;151m[48;2;143;165;151m▀[0m[38;2;232;237;220m[48;2;232;237;220m▀[0m[38;2;232;237;220m[48;2;232;237;220m▀[0m[38;2;232;237;220m[48;2;232;237;220m▀[0m[38;2;232;237;220m[48;2;232;237;220m▀[0m[38;2;232;237;220m[48;2;232;237;220m▀[0m[38;2;232;237;220m[48;2;232;237;220m▀[0m[38;2;232;237;220m[48;2;232;237;220m▀[0m[38;2;232;237;220m[48;2;232;237;220m▀[0m[38;2;232;237;220m[48;2;232;237;220m▀[0m[38;2;109;128;119m[48;2;109;128;119m▀[0m[38;2;181;193;184m[48;2;181;193;184m▀[0m[38;2;181;193;184m[48;2;181;193;184m▀[0m[38;2;181;193;184m[48;2;181;193;184m▀[0m[38;2;181;193;184m[48;2;181;193;184m▀[0m[38;2;181;193;184m[48;2;181;193;184m▀[0m[38;2;181;193;184m[48;2;181;193;184m▀[0m[38;2;181;193;184m[48;2;181;193;184m▀[0m[38;2;181;193;184m[48;2;181;193;184m▀[0m[38;2;143;165;151m[48;2;181;193;184m▀[0m[38;2;21;21;21m[48;2;21;21;21m▀[0m                        
                                  [38;2;109;128;119m[48;2;109;128;119m▀[0m[38;2;232;237;220m[48;2;232;237;220m▀[0m[38;2;143;165;151m[48;2;143;165;151m▀[0m[38;2;232;237;220m[48;2;232;237;220m▀[0m[38;2;232;237;220m[48;2;232;237;220m▀[0m[38;2;232;237;220m[48;2;232;237;220m▀[0m[38;2;232;237;220m[48;2;181;193;184m▀[0m[38;2;232;237;220m[48;2;219;89;40m▀[0m[38;2;232;237;220m[48;2;226;122;84m▀[0m[38;2;181;193;184m[48;2;226;122;84m▀[0m[38;2;219;89;40m[48;2;183;73;31m▀[0m[38;2;226;122;84m[48;2;226;122;84m▀[0m[38;2;226;122;84m[48;2;226;122;84m▀[0m[38;2;109;128;119m[48;2;109;128;119m▀[0m[38;2;181;193;184m[48;2;181;193;184m▀[0m[38;2;181;193;184m[48;2;181;193;184m▀[0m[38;2;181;193;184m[48;2;181;193;184m▀[0m[38;2;181;193;184m[48;2;181;193;184m▀[0m[38;2;181;193;184m[48;2;181;193;184m▀[0m[38;2;181;193;184m[48;2;181;193;184m▀[0m[38;2;181;193;184m[48;2;181;193;184m▀[0m[38;2;181;193;184m[48;2;181;193;184m▀[0m[38;2;181;193;184m[48;2;181;193;184m▀[0m[38;2;181;193;184m[48;2;143;165;151m▀[0m[38;2;21;21;21m[48;2;21;21;21m▀[0m                       
                                 [38;2;109;128;119m▄[0m[38;2;143;165;151m[48;2;232;237;220m▀[0m[38;2;232;237;220m[48;2;226;122;84m▀[0m[38;2;143;165;151m[48;2;226;122;84m▀[0m[38;2;181;193;184m[48;2;226;122;84m▀[0m[38;2;219;89;40m[48;2;183;73;31m▀[0m[38;2;226;122;84m[48;2;226;122;84m▀[0m[38;2;226;122;84m[48;2;226;122;84m▀[0m[38;2;183;73;31m[48;2;181;193;184m▀[0m[38;2;226;122;84m[48;2;232;237;220m▀[0m[38;2;226;122;84m[48;2;232;237;220m▀[0m[38;2;181;193;184m[48;2;254;254;254m▀[0m[38;2;232;237;220m[48;2;254;254;254m▀[0m[38;2;232;237;220m[48;2;254;254;254m▀[0m[38;2;109;128;119m[48;2;109;128;119m▀[0m[38;2;181;193;184m[48;2;181;193;184m▀[0m[38;2;181;193;184m[48;2;181;193;184m▀[0m[38;2;181;193;184m[48;2;181;193;184m▀[0m[38;2;181;193;184m[48;2;181;193;184m▀[0m[38;2;181;193;184m[48;2;181;193;184m▀[0m[38;2;181;193;184m[48;2;181;193;184m▀[0m[38;2;181;193;184m[48;2;181;193;184m▀[0m[38;2;181;193;184m[48;2;181;193;184m▀[0m[38;2;181;193;184m[48;2;181;193;184m▀[0m[38;2;143;165;151m[48;2;143;165;151m▀[0m[38;2;21;21;21m[48;2;21;21;21m▀[0m                       
                                 [38;2;109;128;119m[48;2;109;128;119m▀[0m[38;2;232;237;220m[48;2;143;165;151m▀[0m[38;2;226;122;84m[48;2;232;237;220m▀[0m[38;2;226;122;84m[48;2;232;237;220m▀[0m[38;2;181;193;184m[48;2;254;254;254m▀[0m[38;2;232;237;220m[48;2;254;254;254m▀[0m[38;2;232;237;220m[48;2;254;254;254m▀[0m[38;2;254;254;254m[48;2;254;254;254m▀[0m[38;2;254;254;254m[48;2;254;254;254m▀[0m[38;2;254;254;254m[48;2;254;254;254m▀[0m[38;2;254;254;254m[48;2;181;193;184m▀[0m[38;2;254;254;254m[48;2;143;165;151m▀[0m[38;2;181;193;184m[48;2;232;237;220m▀[0m[38;2;143;165;151m[48;2;232;237;220m▀[0m[38;2;109;128;119m[48;2;109;128;119m▀[0m[38;2;181;193;184m[48;2;181;193;184m▀[0m[38;2;181;193;184m[48;2;181;193;184m▀[0m[38;2;181;193;184m[48;2;181;193;184m▀[0m[38;2;181;193;184m[48;2;181;193;184m▀[0m[38;2;181;193;184m[48;2;181;193;184m▀[0m[38;2;181;193;184m[48;2;181;193;184m▀[0m[38;2;181;193;184m[48;2;181;193;184m▀[0m[38;2;181;193;184m[48;2;181;193;184m▀[0m[38;2;143;165;151m[48;2;143;165;151m▀[0m[38;2;181;193;184m[48;2;181;193;184m▀[0m[38;2;21;21;21m[48;2;181;193;184m▀[0m[38;2;21;21;21m▄[0m         [38;2;109;128;119m▄[0m[38;2;109;128;119m[48;2;232;237;220m▀[0m[38;2;109;128;119m[48;2;232;237;220m▀[0m[38;2;21;21;21m▄[0m         
                                [38;2;109;128;119m[48;2;109;128;119m▀[0m[38;2;232;237;220m[48;2;232;237;220m▀[0m[38;2;143;165;151m[48;2;232;237;220m▀[0m[38;2;254;254;254m[48;2;181;193;184m▀[0m[38;2;254;254;254m[48;2;181;193;184m▀[0m[38;2;254;254;254m[48;2;181;193;184m▀[0m[38;2;254;254;254m[48;2;181;193;184m▀[0m[38;2;254;254;254m[48;2;232;237;220m▀[0m[38;2;181;193;184m[48;2;232;237;220m▀[0m[38;2;181;193;184m[48;2;232;237;220m▀[0m[38;2;232;237;220m[48;2;232;237;220m▀[0m[38;2;232;237;220m[48;2;232;237;220m▀[0m[38;2;232;237;220m[48;2;143;165;151m▀[0m[38;2;143;165;151m[48;2;226;122;84m▀[0m[38;2;219;89;40m[48;2;226;122;84m▀[0m[38;2;109;128;119m[48;2;143;165;151m▀[0m[38;2;181;193;184m[48;2;181;193;184m▀[0m[38;2;181;193;184m[48;2;181;193;184m▀[0m[38;2;181;193;184m[48;2;181;193;184m▀[0m[38;2;181;193;184m[48;2;181;193;184m▀[0m[38;2;181;193;184m[48;2;181;193;184m▀[0m[38;2;181;193;184m[48;2;181;193;184m▀[0m[38;2;181;193;184m[48;2;181;193;184m▀[0m[38;2;181;193;184m[48;2;143;165;151m▀[0m[38;2;143;165;151m[48;2;181;193;184m▀[0m[38;2;181;193;184m[48;2;181;193;184m▀[0m[38;2;181;193;184m[48;2;181;193;184m▀[0m[38;2;21;21;21m[48;2;21;21;21m▀[0m       [38;2;109;128;119m▄[0m[38;2;109;128;119m[48;2;254;254;254m▀[0m[38;2;232;237;220m[48;2;66;85;116m▀[0m[38;2;66;85;116m[48;2;94;116;158m▀[0m[38;2;54;65;77m[48;2;54;65;77m▀[0m[38;2;21;21;21m[48;2;21;21;21m▀[0m         
   [38;2;143;165;151m[48;2;37;42;57m▀[0m[38;2;143;165;151m[48;2;54;65;77m▀[0m[38;2;143;165;151m[48;2;54;65;77m▀[0m[38;2;143;165;151m[48;2;54;65;77m▀[0m[38;2;143;165;151m[48;2;54;65;77m▀[0m[38;2;143;165;151m▄[0m[38;2;143;165;151m▄[0m[38;2;143;165;151m▄[0m[38;2;143;165;151m▄[0m                   [38;2;109;128;119m▄[0m[38;2;109;128;119m[48;2;226;122;84m▀[0m[38;2;219;89;40m[48;2;232;237;220m▀[0m[38;2;232;237;220m[48;2;109;128;119m▀[0m[38;2;232;237;220m[48;2;232;237;220m▀[0m[38;2;232;237;220m[48;2;232;237;220m▀[0m[38;2;232;237;220m[48;2;232;237;220m▀[0m[38;2;232;237;220m[48;2;232;237;220m▀[0m[38;2;232;237;220m[48;2;232;237;220m▀[0m[38;2;232;237;220m[48;2;232;237;220m▀[0m[38;2;232;237;220m[48;2;232;237;220m▀[0m[38;2;232;237;220m[48;2;232;237;220m▀[0m[38;2;232;237;220m[48;2;232;237;220m▀[0m[38;2;181;193;184m[48;2;232;237;220m▀[0m[38;2;219;89;40m[48;2;232;237;220m▀[0m[38;2;226;122;84m[48;2;181;193;184m▀[0m[38;2;143;165;151m[48;2;143;165;151m▀[0m[38;2;181;193;184m[48;2;181;193;184m▀[0m[38;2;181;193;184m[48;2;181;193;184m▀[0m[38;2;181;193;184m[48;2;181;193;184m▀[0m[38;2;181;193;184m[48;2;181;193;184m▀[0m[38;2;181;193;184m[48;2;181;193;184m▀[0m[38;2;181;193;184m[48;2;181;193;184m▀[0m[38;2;181;193;184m[48;2;181;193;184m▀[0m[38;2;143;165;151m[48;2;143;165;151m▀[0m[38;2;181;193;184m[48;2;232;237;220m▀[0m[38;2;181;193;184m[48;2;181;193;184m▀[0m[38;2;181;193;184m[48;2;181;193;184m▀[0m[38;2;21;21;21m[48;2;21;21;21m▀[0m     [38;2;109;128;119m▄[0m[38;2;109;128;119m[48;2;254;254;254m▀[0m[38;2;254;254;254m[48;2;66;85;116m▀[0m[38;2;66;85;116m[48;2;66;85;116m▀[0m[38;2;66;85;116m[48;2;66;85;116m▀[0m[38;2;94;116;158m[48;2;94;116;158m▀[0m[38;2;54;65;77m[48;2;54;65;77m▀[0m[38;2;21;21;21m[48;2;21;21;21m▀[0m         
    [38;2;37;42;57m▀[0m[38;2;54;65;77m[48;2;37;42;57m▀[0m[38;2;54;65;77m[48;2;54;65;77m▀[0m[38;2;54;65;77m[48;2;109;128;119m▀[0m[38;2;54;65;77m[48;2;109;128;119m▀[0m[38;2;54;65;77m[48;2;109;128;119m▀[0m[38;2;54;65;77m[48;2;109;128;119m▀[0m[38;2;54;65;77m[48;2;109;128;119m▀[0m[38;2;143;165;151m[48;2;181;193;184m▀[0m[38;2;143;165;151m[48;2;181;193;184m▀[0m[38;2;143;165;151m[48;2;181;193;184m▀[0m[38;2;143;165;151m[48;2;181;193;184m▀[0m[38;2;143;165;151m▄[0m[38;2;143;165;151m▄[0m[38;2;143;165;151m▄[0m           [38;2;109;128;119m▄[0m[38;2;109;128;119m[48;2;232;237;220m▀[0m[38;2;232;237;220m[48;2;232;237;220m▀[0m[38;2;109;128;119m[48;2;109;128;119m▀[0m[38;2;219;89;40m[48;2;219;89;40m▀[0m[38;2;109;128;119m[48;2;143;165;151m▀[0m[38;2;232;237;220m[48;2;109;128;119m▀[0m[38;2;232;237;220m[48;2;232;237;220m▀[0m[38;2;232;237;220m[48;2;232;237;220m▀[0m[38;2;232;237;220m[48;2;232;237;220m▀[0m[38;2;232;237;220m[48;2;232;237;220m▀[0m[38;2;232;237;220m[48;2;232;237;220m▀[0m[38;2;232;237;220m[48;2;232;237;220m▀[0m[38;2;232;237;220m[48;2;232;237;220m▀[0m[38;2;232;237;220m[48;2;232;237;220m▀[0m[38;2;232;237;220m[48;2;232;237;220m▀[0m[38;2;232;237;220m[48;2;232;237;220m▀[0m[38;2;143;165;151m[48;2;232;237;220m▀[0m[38;2;181;193;184m[48;2;143;165;151m▀[0m[38;2;181;193;184m[48;2;181;193;184m▀[0m[38;2;181;193;184m[48;2;181;193;184m▀[0m[38;2;181;193;184m[48;2;181;193;184m▀[0m[38;2;181;193;184m[48;2;181;193;184m▀[0m[38;2;181;193;184m[48;2;181;193;184m▀[0m[38;2;181;193;184m[48;2;181;193;184m▀[0m[38;2;181;193;184m[48;2;181;193;184m▀[0m[38;2;143;165;151m[48;2;143;165;151m▀[0m[38;2;232;237;220m[48;2;232;237;220m▀[0m[38;2;232;237;220m[48;2;232;237;220m▀[0m[38;2;181;193;184m[48;2;232;237;220m▀[0m[38;2;21;21;21m[48;2;21;21;21m▀[0m  [38;2;109;128;119m▄[0m[38;2;109;128;119m[48;2;254;254;254m▀[0m[38;2;254;254;254m[48;2;66;85;116m▀[0m[38;2;66;85;116m[48;2;66;85;116m▀[0m[38;2;66;85;116m[48;2;66;85;116m▀[0m[38;2;66;85;116m[48;2;66;85;116m▀[0m[38;2;66;85;116m[48;2;66;85;116m▀[0m[38;2;94;116;158m[48;2;94;116;158m▀[0m[38;2;54;65;77m[48;2;21;21;21m▀[0m[38;2;21;21;21m▀[0m         
      [38;2;37;42;57m[48;2;37;42;57m▀[0m[38;2;21;21;21m[48;2;54;65;77m▀[0m[38;2;232;237;220m[48;2;109;128;119m▀[0m[38;2;232;237;220m[48;2;232;237;220m▀[0m[38;2;232;237;220m[48;2;232;237;220m▀[0m[38;2;232;237;220m[48;2;232;237;220m▀[0m[38;2;232;237;220m[48;2;232;237;220m▀[0m[38;2;232;237;220m[48;2;232;237;220m▀[0m[38;2;232;237;220m[48;2;232;237;220m▀[0m[38;2;232;237;220m[48;2;232;237;220m▀[0m[38;2;232;237;220m[48;2;232;237;220m▀[0m[38;2;181;193;184m[48;2;232;237;220m▀[0m[38;2;181;193;184m[48;2;232;237;220m▀[0m[38;2;143;165;151m[48;2;232;237;220m▀[0m[38;2;143;165;151m[48;2;181;193;184m▀[0m[38;2;109;128;119m▄[0m       [38;2;109;128;119m▄[0m[38;2;109;128;119m[48;2;232;237;220m▀[0m[38;2;232;237;220m[48;2;232;237;220m▀[0m[38;2;109;128;119m[48;2;109;128;119m▀[0m[38;2;219;89;40m[48;2;219;89;40m▀[0m[38;2;183;73;31m[48;2;183;73;31m▀[0m[38;2;143;165;151m[48;2;226;122;84m▀[0m[38;2;181;193;184m[48;2;181;193;184m▀[0m[38;2;181;193;184m[48;2;143;165;151m▀[0m[38;2;232;237;220m[48;2;232;237;220m▀[0m[38;2;232;237;220m[48;2;232;237;220m▀[0m[38;2;232;237;220m[48;2;232;237;220m▀[0m[38;2;232;237;220m[48;2;232;237;220m▀[0m[38;2;232;237;220m[48;2;232;237;220m▀[0m[38;2;232;237;220m[48;2;232;237;220m▀[0m[38;2;232;237;220m[48;2;232;237;220m▀[0m[38;2;232;237;220m[48;2;232;237;220m▀[0m[38;2;232;237;220m[48;2;232;237;220m▀[0m[38;2;232;237;220m[48;2;232;237;220m▀[0m[38;2;143;165;151m[48;2;143;165;151m▀[0m[38;2;181;193;184m[48;2;181;193;184m▀[0m[38;2;181;193;184m[48;2;181;193;184m▀[0m[38;2;181;193;184m[48;2;181;193;184m▀[0m[38;2;181;193;184m[48;2;181;193;184m▀[0m[38;2;181;193;184m[48;2;181;193;184m▀[0m[38;2;181;193;184m[48;2;181;193;184m▀[0m[38;2;181;193;184m[48;2;181;193;184m▀[0m[38;2;181;193;184m[48;2;181;193;184m▀[0m[38;2;143;165;151m[48;2;143;165;151m▀[0m[38;2;232;237;220m[48;2;232;237;220m▀[0m[38;2;232;237;220m[48;2;232;237;220m▀[0m[38;2;21;21;21m[48;2;232;237;220m▀[0m[38;2;109;128;119m▄[0m[38;2;109;128;119m[48;2;254;254;254m▀[0m[38;2;254;254;254m[48;2;109;128;119m▀[0m[38;2;66;85;116m[48;2;66;85;116m▀[0m[38;2;54;65;77m[48;2;66;85;116m▀[0m[38;2;66;85;116m[48;2;54;65;77m▀[0m[38;2;66;85;116m[48;2;54;65;77m▀[0m[38;2;66;85;116m[48;2;66;85;116m▀[0m[38;2;66;85;116m[48;2;94;116;158m▀[0m[38;2;54;65;77m[48;2;54;65;77m▀[0m[38;2;21;21;21m[48;2;37;42;57m▀[0m[38;2;54;65;77m[48;2;66;85;116m▀[0m[38;2;54;65;77m[48;2;66;85;116m▀[0m[38;2;54;65;77m[48;2;66;85;116m▀[0m[38;2;54;65;77m[48;2;66;85;116m▀[0m[38;2;54;65;77m▄[0m[38;2;54;65;77m▄[0m[38;2;54;65;77m▄[0m   
  [38;2;54;65;77m▄[0m[38;2;54;65;77m▄[0m[38;2;54;65;77m[48;2;94;116;158m▀[0m[38;2;54;65;77m[48;2;94;116;158m▀[0m[38;2;54;65;77m[48;2;54;65;77m▀[0m[38;2;54;65;77m[48;2;54;65;77m▀[0m[38;2;21;21;21m[48;2;21;21;21m▀[0m[38;2;232;237;220m[48;2;109;128;119m▀[0m[38;2;232;237;220m[48;2;232;237;220m▀[0m[38;2;232;237;220m[48;2;232;237;220m▀[0m[38;2;232;237;220m[48;2;232;237;220m▀[0m[38;2;232;237;220m[48;2;232;237;220m▀[0m[38;2;232;237;220m[48;2;232;237;220m▀[0m[38;2;232;237;220m[48;2;232;237;220m▀[0m[38;2;232;237;220m[48;2;232;237;220m▀[0m[38;2;232;237;220m[48;2;232;237;220m▀[0m[38;2;232;237;220m[48;2;232;237;220m▀[0m[38;2;232;237;220m[48;2;232;237;220m▀[0m[38;2;232;237;220m[48;2;232;237;220m▀[0m[38;2;109;128;119m[48;2;232;237;220m▀[0m[38;2;109;128;119m▄[0m   [38;2;143;165;151m▄[0m[38;2;143;165;151m▄[0m[38;2;143;165;151m[48;2;232;237;220m▀[0m[38;2;109;128;119m[48;2;143;165;151m▀[0m[38;2;232;237;220m[48;2;232;237;220m▀[0m[38;2;109;128;119m[48;2;109;128;119m▀[0m[38;2;181;193;184m[48;2;219;89;40m▀[0m[38;2;183;73;31m[48;2;183;73;31m▀[0m[38;2;232;237;220m[48;2;232;237;220m▀[0m[38;2;226;122;84m[48;2;226;122;84m▀[0m[38;2;143;165;151m[48;2;143;165;151m▀[0m[38;2;254;254;254m[48;2;254;254;254m▀[0m[38;2;143;165;151m[48;2;254;254;254m▀[0m[38;2;232;237;220m[48;2;143;165;151m▀[0m[38;2;232;237;220m[48;2;232;237;220m▀[0m[38;2;232;237;220m[48;2;232;237;220m▀[0m[38;2;232;237;220m[48;2;232;237;220m▀[0m[38;2;232;237;220m[48;2;232;237;220m▀[0m[38;2;232;237;220m[48;2;232;237;220m▀[0m[38;2;232;237;220m[48;2;232;237;220m▀[0m[38;2;232;237;220m[48;2;232;237;220m▀[0m[38;2;232;237;220m[48;2;232;237;220m▀[0m[38;2;181;193;184m[48;2;232;237;220m▀[0m[38;2;181;193;184m[48;2;143;165;151m▀[0m[38;2;181;193;184m[48;2;181;193;184m▀[0m[38;2;181;193;184m[48;2;181;193;184m▀[0m[38;2;181;193;184m[48;2;181;193;184m▀[0m[38;2;181;193;184m[48;2;181;193;184m▀[0m[38;2;181;193;184m[48;2;109;128;119m▀[0m[38;2;181;193;184m[48;2;109;128;119m▀[0m[38;2;181;193;184m[48;2;181;193;184m▀[0m[38;2;181;193;184m[48;2;181;193;184m▀[0m[38;2;143;165;151m[48;2;143;165;151m▀[0m[38;2;232;237;220m[48;2;232;237;220m▀[0m[38;2;109;128;119m[48;2;109;128;119m▀[0m[38;2;254;254;254m[48;2;232;237;220m▀[0m[38;2;232;237;220m[48;2;181;193;184m▀[0m[38;2;109;128;119m[48;2;181;193;184m▀[0m[38;2;54;65;77m[48;2;109;128;119m▀[0m[38;2;94;116;158m[48;2;54;65;77m▀[0m[38;2;66;85;116m[48;2;54;65;77m▀[0m[38;2;66;85;116m[48;2;94;116;158m▀[0m[38;2;54;65;77m[48;2;94;116;158m▀[0m[38;2;94;116;158m[48;2;54;65;77m▀[0m[38;2;54;65;77m[48;2;37;42;57m▀[0m[38;2;54;65;77m[48;2;66;85;116m▀[0m[38;2;66;85;116m[48;2;66;85;116m▀[0m[38;2;66;85;116m[48;2;66;85;116m▀[0m[38;2;66;85;116m[48;2;94;116;158m▀[0m[38;2;66;85;116m[48;2;94;116;158m▀[0m[38;2;66;85;116m[48;2;37;42;57m▀[0m[38;2;66;85;116m[48;2;37;42;57m▀[0m[38;2;66;85;116m[48;2;54;65;77m▀[0m[38;2;37;42;57m[48;2;54;65;77m▀[0m[38;2;37;42;57m[48;2;54;65;77m▀[0m[38;2;37;42;57m[48;2;21;21;21m▀[0m
[38;2;54;65;77m[48;2;21;21;21m▀[0m[38;2;54;65;77m[48;2;54;65;77m▀[0m[38;2;94;116;158m[48;2;54;65;77m▀[0m[38;2;94;116;158m[48;2;54;65;77m▀[0m[38;2;54;65;77m[48;2;54;65;77m▀[0m[38;2;54;65;77m[48;2;37;42;57m▀[0m[38;2;54;65;77m[48;2;37;42;57m▀[0m[38;2;37;42;57m[48;2;66;85;116m▀[0m[38;2;66;85;116m[48;2;66;85;116m▀[0m[38;2;21;21;21m[48;2;21;21;21m▀[0m[38;2;232;237;220m[48;2;232;237;220m▀[0m[38;2;232;237;220m[48;2;232;237;220m▀[0m[38;2;232;237;220m[48;2;232;237;220m▀[0m[38;2;232;237;220m[48;2;232;237;220m▀[0m[38;2;232;237;220m[48;2;232;237;220m▀[0m[38;2;232;237;220m[48;2;232;237;220m▀[0m[38;2;232;237;220m[48;2;232;237;220m▀[0m[38;2;232;237;220m[48;2;232;237;220m▀[0m[38;2;232;237;220m[48;2;232;237;220m▀[0m[38;2;232;237;220m[48;2;232;237;220m▀[0m[38;2;232;237;220m[48;2;232;237;220m▀[0m[38;2;232;237;220m[48;2;232;237;220m▀[0m[38;2;109;128;119m[48;2;232;237;220m▀[0m[38;2;143;165;151m[48;2;109;128;119m▀[0m[38;2;143;165;151m[48;2;94;116;158m▀[0m[38;2;143;165;151m[48;2;232;237;220m▀[0m[38;2;94;116;158m[48;2;232;237;220m▀[0m[38;2;232;237;220m[48;2;94;116;158m▀[0m[38;2;143;165;151m[48;2;143;165;151m▀[0m[38;2;232;237;220m[48;2;232;237;220m▀[0m[38;2;109;128;119m[48;2;109;128;119m▀[0m[38;2;181;193;184m[48;2;219;89;40m▀[0m[38;2;219;89;40m[48;2;183;73;31m▀[0m[38;2;219;89;40m[48;2;226;122;84m▀[0m[38;2;226;122;84m[48;2;226;122;84m▀[0m[38;2;232;237;220m[48;2;232;237;220m▀[0m[38;2;226;122;84m[48;2;226;122;84m▀[0m[38;2;181;193;184m[48;2;143;165;151m▀[0m[38;2;254;254;254m[48;2;254;254;254m▀[0m[38;2;181;193;184m[48;2;254;254;254m▀[0m[38;2;181;193;184m[48;2;143;165;151m▀[0m[38;2;232;237;220m[48;2;232;237;220m▀[0m[38;2;232;237;220m[48;2;232;237;220m▀[0m[38;2;232;237;220m[48;2;232;237;220m▀[0m[38;2;232;237;220m[48;2;232;237;220m▀[0m[38;2;232;237;220m[48;2;232;237;220m▀[0m[38;2;232;237;220m[48;2;232;237;220m▀[0m[38;2;232;237;220m[48;2;232;237;220m▀[0m[38;2;232;237;220m[48;2;232;237;220m▀[0m[38;2;143;165;151m[48;2;181;193;184m▀[0m[38;2;181;193;184m[48;2;181;193;184m▀[0m[38;2;181;193;184m[48;2;181;193;184m▀[0m[38;2;181;193;184m[48;2;181;193;184m▀[0m[38;2;181;193;184m[48;2;181;193;184m▀[0m[38;2;232;237;220m[48;2;232;237;220m▀[0m[38;2;94;116;158m[48;2;94;116;158m▀[0m[38;2;109;128;119m[48;2;232;237;220m▀[0m[38;2;109;128;119m[48;2;232;237;220m▀[0m[38;2;109;128;119m[48;2;94;116;158m▀[0m[38;2;109;128;119m[48;2;109;128;119m▀[0m[38;2;232;237;220m[48;2;181;193;184m▀[0m[38;2;181;193;184m[48;2;181;193;184m▀[0m[38;2;181;193;184m[48;2;181;193;184m▀[0m[38;2;181;193;184m[48;2;181;193;184m▀[0m[38;2;109;128;119m[48;2;109;128;119m▀[0m[38;2;54;65;77m[48;2;54;65;77m▀[0m[38;2;54;65;77m[48;2;54;65;77m▀[0m[38;2;54;65;77m[48;2;54;65;77m▀[0m[38;2;54;65;77m[48;2;54;65;77m▀[0m[38;2;54;65;77m[48;2;37;42;57m▀[0m[38;2;37;42;57m[48;2;54;65;77m▀[0m[38;2;37;42;57m[48;2;54;65;77m▀[0m[38;2;37;42;57m[48;2;54;65;77m▀[0m[38;2;54;65;77m[48;2;54;65;77m▀[0m[38;2;54;65;77m[48;2;54;65;77m▀[0m[38;2;54;65;77m[48;2;54;65;77m▀[0m[38;2;54;65;77m[48;2;54;65;77m▀[0m[38;2;54;65;77m[48;2;54;65;77m▀[0m[38;2;54;65;77m[48;2;21;21;21m▀[0m[38;2;37;42;57m[48;2;21;21;21m▀[0m[38;2;21;21;21m▀[0m 
 [38;2;21;21;21m▀[0m[38;2;21;21;21m▀[0m[38;2;54;65;77m[48;2;37;42;57m▀[0m[38;2;37;42;57m[48;2;66;85;116m▀[0m[38;2;66;85;116m[48;2;66;85;116m▀[0m[38;2;66;85;116m[48;2;66;85;116m▀[0m[38;2;66;85;116m[48;2;66;85;116m▀[0m[38;2;66;85;116m[48;2;66;85;116m▀[0m[38;2;66;85;116m[48;2;66;85;116m▀[0m[38;2;109;128;119m[48;2;21;21;21m▀[0m[38;2;232;237;220m[48;2;254;254;254m▀[0m[38;2;232;237;220m[48;2;254;254;254m▀[0m[38;2;232;237;220m[48;2;254;254;254m▀[0m[38;2;232;237;220m[48;2;254;254;254m▀[0m[38;2;232;237;220m[48;2;232;237;220m▀[0m[38;2;232;237;220m[48;2;232;237;220m▀[0m[38;2;232;237;220m[48;2;232;237;220m▀[0m[38;2;232;237;220m[48;2;232;237;220m▀[0m[38;2;232;237;220m[48;2;232;237;220m▀[0m[38;2;232;237;220m[48;2;232;237;220m▀[0m[38;2;232;237;220m[48;2;232;237;220m▀[0m[38;2;232;237;220m[48;2;232;237;220m▀[0m[38;2;109;128;119m[48;2;232;237;220m▀[0m[38;2;232;237;220m[48;2;232;237;220m▀[0m[38;2;94;116;158m[48;2;66;85;116m▀[0m[38;2;232;237;220m[48;2;232;237;220m▀[0m[38;2;143;165;151m[48;2;143;165;151m▀[0m[38;2;232;237;220m[48;2;232;237;220m▀[0m[38;2;109;128;119m[48;2;109;128;119m▀[0m[38;2;181;193;184m[48;2;219;89;40m▀[0m[38;2;219;89;40m[48;2;183;73;31m▀[0m[38;2;183;73;31m[48;2;226;122;84m▀[0m[38;2;226;122;84m[48;2;226;122;84m▀[0m[38;2;226;122;84m[48;2;232;237;220m▀[0m[38;2;232;237;220m[48;2;226;122;84m▀[0m[38;2;226;122;84m[48;2;232;237;220m▀[0m[38;2;143;165;151m[48;2;226;122;84m▀[0m[38;2;254;254;254m[48;2;181;193;184m▀[0m[38;2;254;254;254m[48;2;254;254;254m▀[0m[38;2;254;254;254m[48;2;254;254;254m▀[0m[38;2;143;165;151m[48;2;254;254;254m▀[0m[38;2;232;237;220m[48;2;181;193;184m▀[0m[38;2;232;237;220m[48;2;232;237;220m▀[0m[38;2;232;237;220m[48;2;232;237;220m▀[0m[38;2;232;237;220m[48;2;232;237;220m▀[0m[38;2;232;237;220m[48;2;232;237;220m▀[0m[38;2;232;237;220m[48;2;232;237;220m▀[0m[38;2;232;237;220m[48;2;232;237;220m▀[0m[38;2;232;237;220m[48;2;232;237;220m▀[0m[38;2;143;165;151m[48;2;143;165;151m▀[0m[38;2;181;193;184m[48;2;181;193;184m▀[0m[38;2;181;193;184m[48;2;181;193;184m▀[0m[38;2;232;237;220m[48;2;232;237;220m▀[0m[38;2;94;116;158m[48;2;66;85;116m▀[0m[38;2;232;237;220m[48;2;232;237;220m▀[0m[38;2;232;237;220m[48;2;232;237;220m▀[0m[38;2;232;237;220m[48;2;94;116;158m▀[0m[38;2;109;128;119m[48;2;109;128;119m▀[0m[38;2;181;193;184m[48;2;181;193;184m▀[0m[38;2;181;193;184m[48;2;181;193;184m▀[0m[38;2;181;193;184m[48;2;181;193;184m▀[0m[38;2;181;193;184m[48;2;181;193;184m▀[0m[38;2;181;193;184m[48;2;181;193;184m▀[0m[38;2;109;128;119m[48;2;109;128;119m▀[0m[38;2;54;65;77m[48;2;54;65;77m▀[0m[38;2;54;65;77m[48;2;54;65;77m▀[0m[38;2;54;65;77m[48;2;54;65;77m▀[0m[38;2;54;65;77m[48;2;66;85;116m▀[0m[38;2;66;85;116m[48;2;66;85;116m▀[0m[38;2;66;85;116m[48;2;66;85;116m▀[0m[38;2;37;42;57m[48;2;66;85;116m▀[0m[38;2;54;65;77m[48;2;37;42;57m▀[0m[38;2;54;65;77m[48;2;54;65;77m▀[0m[38;2;54;65;77m[48;2;54;65;77m▀[0m[38;2;54;65;77m[48;2;21;21;21m▀[0m[38;2;37;42;57m[48;2;21;21;21m▀[0m[38;2;21;21;21m▀[0m    
 [38;2;109;128;119m▄[0m[38;2;37;42;57m[48;2;109;128;119m▀[0m[38;2;66;85;116m[48;2;109;128;119m▀[0m[38;2;66;85;116m[48;2;109;128;119m▀[0m[38;2;66;85;116m[48;2;109;128;119m▀[0m[38;2;66;85;116m[48;2;109;128;119m▀[0m[38;2;66;85;116m[48;2;109;128;119m▀[0m[38;2;66;85;116m[48;2;109;128;119m▀[0m[38;2;109;128;119m[48;2;181;193;184m▀[0m[38;2;109;128;119m[48;2;181;193;184m▀[0m[38;2;181;193;184m[48;2;181;193;184m▀[0m[38;2;181;193;184m[48;2;181;193;184m▀[0m[38;2;181;193;184m[48;2;181;193;184m▀[0m[38;2;181;193;184m[48;2;181;193;184m▀[0m[38;2;232;237;220m[48;2;181;193;184m▀[0m[38;2;254;254;254m[48;2;181;193;184m▀[0m[38;2;254;254;254m[48;2;181;193;184m▀[0m[38;2;254;254;254m[48;2;181;193;184m▀[0m[38;2;254;254;254m[48;2;181;193;184m▀[0m[38;2;254;254;254m[48;2;181;193;184m▀[0m[38;2;232;237;220m[48;2;181;193;184m▀[0m[38;2;232;237;220m[48;2;109;128;119m▀[0m[38;2;232;237;220m[48;2;181;193;184m▀[0m[38;2;181;193;184m[48;2;66;85;116m▀[0m[38;2;181;193;184m[48;2;232;237;220m▀[0m[38;2;232;237;220m[48;2;143;165;151m▀[0m[38;2;143;165;151m[48;2;232;237;220m▀[0m[38;2;109;128;119m[48;2;109;128;119m▀[0m[38;2;181;193;184m[48;2;219;89;40m▀[0m[38;2;219;89;40m[48;2;219;89;40m▀[0m[38;2;183;73;31m[48;2;219;89;40m▀[0m[38;2;226;122;84m[48;2;226;122;84m▀[0m[38;2;232;237;220m[48;2;232;237;220m▀[0m[38;2;226;122;84m[48;2;226;122;84m▀[0m[38;2;226;122;84m[48;2;226;122;84m▀[0m[38;2;232;237;220m[48;2;232;237;220m▀[0m[38;2;226;122;84m[48;2;226;122;84m▀[0m[38;2;143;165;151m[48;2;143;165;151m▀[0m[38;2;254;254;254m[48;2;232;237;220m▀[0m[38;2;254;254;254m[48;2;254;254;254m▀[0m[38;2;254;254;254m[48;2;254;254;254m▀[0m[38;2;143;165;151m[48;2;232;237;220m▀[0m[38;2;181;193;184m[48;2;143;165;151m▀[0m[38;2;232;237;220m[48;2;232;237;220m▀[0m[38;2;232;237;220m[48;2;232;237;220m▀[0m[38;2;232;237;220m[48;2;232;237;220m▀[0m[38;2;232;237;220m[48;2;232;237;220m▀[0m[38;2;232;237;220m[48;2;232;237;220m▀[0m[38;2;232;237;220m[48;2;232;237;220m▀[0m[38;2;143;165;151m[48;2;232;237;220m▀[0m[38;2;181;193;184m[48;2;181;193;184m▀[0m[38;2;181;193;184m[48;2;181;193;184m▀[0m[38;2;232;237;220m[48;2;181;193;184m▀[0m[38;2;66;85;116m[48;2;232;237;220m▀[0m[38;2;232;237;220m[48;2;66;85;116m▀[0m[38;2;232;237;220m[48;2;232;237;220m▀[0m[38;2;94;116;158m[48;2;66;85;116m▀[0m[38;2;109;128;119m[48;2;109;128;119m▀[0m[38;2;181;193;184m[48;2;181;193;184m▀[0m[38;2;181;193;184m[48;2;181;193;184m▀[0m[38;2;181;193;184m[48;2;181;193;184m▀[0m[38;2;181;193;184m[48;2;181;193;184m▀[0m[38;2;181;193;184m[48;2;181;193;184m▀[0m[38;2;109;128;119m[48;2;109;128;119m▀[0m[38;2;54;65;77m[48;2;37;42;57m▀[0m[38;2;37;42;57m[48;2;66;85;116m▀[0m[38;2;66;85;116m[48;2;66;85;116m▀[0m[38;2;66;85;116m[48;2;66;85;116m▀[0m[38;2;66;85;116m[48;2;66;85;116m▀[0m[38;2;66;85;116m[48;2;66;85;116m▀[0m[38;2;66;85;116m[48;2;66;85;116m▀[0m[38;2;94;116;158m[48;2;66;85;116m▀[0m[38;2;37;42;57m[48;2;94;116;158m▀[0m[38;2;21;21;21m[48;2;37;42;57m▀[0m       
 [38;2;21;21;21m▀[0m[38;2;181;193;184m[48;2;21;21;21m▀[0m[38;2;181;193;184m[48;2;21;21;21m▀[0m[38;2;181;193;184m[48;2;181;193;184m▀[0m[38;2;181;193;184m[48;2;181;193;184m▀[0m[38;2;181;193;184m[48;2;181;193;184m▀[0m[38;2;181;193;184m[48;2;181;193;184m▀[0m[38;2;181;193;184m[48;2;181;193;184m▀[0m[38;2;181;193;184m[48;2;181;193;184m▀[0m[38;2;181;193;184m[48;2;181;193;184m▀[0m[38;2;181;193;184m[48;2;181;193;184m▀[0m[38;2;181;193;184m[48;2;181;193;184m▀[0m[38;2;181;193;184m[48;2;181;193;184m▀[0m[38;2;181;193;184m[48;2;181;193;184m▀[0m[38;2;181;193;184m[48;2;181;193;184m▀[0m[38;2;181;193;184m[48;2;181;193;184m▀[0m[38;2;181;193;184m[48;2;181;193;184m▀[0m[38;2;181;193;184m[48;2;181;193;184m▀[0m[38;2;181;193;184m[48;2;181;193;184m▀[0m[38;2;181;193;184m[48;2;181;193;184m▀[0m[38;2;181;193;184m[48;2;109;128;119m▀[0m[38;2;109;128;119m[48;2;21;21;21m▀[0m[38;2;181;193;184m[48;2;21;21;21m▀[0m[38;2;21;21;21m▀[0m[38;2;21;21;21m▀[0m[38;2;143;165;151m[48;2;143;165;151m▀[0m[38;2;139;55;24m[48;2;139;55;24m▀[0m[38;2;181;193;184m[48;2;181;193;184m▀[0m[38;2;219;89;40m[48;2;219;89;40m▀[0m[38;2;183;73;31m[48;2;183;73;31m▀[0m[38;2;226;122;84m[48;2;232;237;220m▀[0m[38;2;232;237;220m[48;2;226;122;84m▀[0m[38;2;226;122;84m[48;2;226;122;84m▀[0m[38;2;226;122;84m[48;2;226;122;84m▀[0m[38;2;226;122;84m[48;2;226;122;84m▀[0m[38;2;226;122;84m[48;2;226;122;84m▀[0m[38;2;232;237;220m[48;2;232;237;220m▀[0m[38;2;226;122;84m[48;2;226;122;84m▀[0m[38;2;181;193;184m[48;2;143;165;151m▀[0m[38;2;254;254;254m[48;2;232;237;220m▀[0m[38;2;254;254;254m[48;2;254;254;254m▀[0m[38;2;254;254;254m[48;2;254;254;254m▀[0m[38;2;232;237;220m[48;2;232;237;220m▀[0m[38;2;143;165;151m[48;2;181;193;184m▀[0m[38;2;232;237;220m[48;2;181;193;184m▀[0m[38;2;232;237;220m[48;2;232;237;220m▀[0m[38;2;232;237;220m[48;2;232;237;220m▀[0m[38;2;232;237;220m[48;2;232;237;220m▀[0m[38;2;232;237;220m[48;2;232;237;220m▀[0m[38;2;232;237;220m[48;2;232;237;220m▀[0m[38;2;181;193;184m[48;2;181;193;184m▀[0m[38;2;181;193;184m[48;2;181;193;184m▀[0m[38;2;109;128;119m[48;2;181;193;184m▀[0m[38;2;181;193;184m[48;2;109;128;119m▀[0m[38;2;66;85;116m[48;2;109;128;119m▀[0m[38;2;181;193;184m[48;2;181;193;184m▀[0m[38;2;66;85;116m[48;2;181;193;184m▀[0m[38;2;232;237;220m[48;2;66;85;116m▀[0m[38;2;109;128;119m[48;2;21;21;21m▀[0m[38;2;181;193;184m[48;2;181;193;184m▀[0m[38;2;181;193;184m[48;2;181;193;184m▀[0m[38;2;181;193;184m[48;2;181;193;184m▀[0m[38;2;181;193;184m[48;2;181;193;184m▀[0m[38;2;181;193;184m[48;2;181;193;184m▀[0m[38;2;109;128;119m[48;2;181;193;184m▀[0m[38;2;54;65;77m[48;2;181;193;184m▀[0m[38;2;54;65;77m[48;2;181;193;184m▀[0m[38;2;66;85;116m[48;2;109;128;119m▀[0m[38;2;66;85;116m[48;2;54;65;77m▀[0m[38;2;66;85;116m[48;2;54;65;77m▀[0m[38;2;66;85;116m[48;2;66;85;116m▀[0m[38;2;66;85;116m[48;2;66;85;116m▀[0m[38;2;66;85;116m[48;2;66;85;116m▀[0m[38;2;94;116;158m[48;2;66;85;116m▀[0m[38;2;37;42;57m[48;2;94;116;158m▀[0m[38;2;37;42;57m▄[0m     
    [38;2;21;21;21m▀[0m[38;2;21;21;21m▀[0m[38;2;181;193;184m[48;2;21;21;21m▀[0m[38;2;181;193;184m[48;2;21;21;21m▀[0m[38;2;181;193;184m[48;2;21;21;21m▀[0m[38;2;181;193;184m[48;2;181;193;184m▀[0m[38;2;181;193;184m[48;2;181;193;184m▀[0m[38;2;181;193;184m[48;2;181;193;184m▀[0m[38;2;181;193;184m[48;2;181;193;184m▀[0m[38;2;181;193;184m[48;2;181;193;184m▀[0m[38;2;181;193;184m[48;2;181;193;184m▀[0m[38;2;181;193;184m[48;2;181;193;184m▀[0m[38;2;181;193;184m[48;2;181;193;184m▀[0m[38;2;181;193;184m[48;2;181;193;184m▀[0m[38;2;181;193;184m[48;2;21;21;21m▀[0m[38;2;181;193;184m[48;2;21;21;21m▀[0m[38;2;143;165;151m[48;2;21;21;21m▀[0m[38;2;109;128;119m▀[0m   [38;2;143;165;151m[48;2;143;165;151m▀[0m[38;2;139;55;24m[48;2;139;55;24m▀[0m[38;2;181;193;184m[48;2;181;193;184m▀[0m[38;2;219;89;40m[48;2;232;237;220m▀[0m[38;2;219;89;40m[48;2;183;73;31m▀[0m[38;2;219;89;40m[48;2;232;237;220m▀[0m[38;2;232;237;220m[48;2;226;122;84m▀[0m[38;2;232;237;220m[48;2;226;122;84m▀[0m[38;2;232;237;220m[48;2;226;122;84m▀[0m[38;2;232;237;220m[48;2;226;122;84m▀[0m[38;2;232;237;220m[48;2;226;122;84m▀[0m[38;2;232;237;220m[48;2;226;122;84m▀[0m[38;2;232;237;220m[48;2;232;237;220m▀[0m[38;2;232;237;220m[48;2;232;237;220m▀[0m[38;2;143;165;151m[48;2;226;122;84m▀[0m[38;2;232;237;220m[48;2;181;193;184m▀[0m[38;2;232;237;220m[48;2;232;237;220m▀[0m[38;2;254;254;254m[48;2;254;254;254m▀[0m[38;2;232;237;220m[48;2;232;237;220m▀[0m[38;2;232;237;220m[48;2;232;237;220m▀[0m[38;2;181;193;184m[48;2;143;165;151m▀[0m[38;2;232;237;220m[48;2;232;237;220m▀[0m[38;2;232;237;220m[48;2;232;237;220m▀[0m[38;2;232;237;220m[48;2;232;237;220m▀[0m[38;2;232;237;220m[48;2;232;237;220m▀[0m[38;2;232;237;220m[48;2;232;237;220m▀[0m[38;2;232;237;220m[48;2;232;237;220m▀[0m[38;2;181;193;184m[48;2;181;193;184m▀[0m[38;2;181;193;184m[48;2;143;165;151m▀[0m[38;2;181;193;184m[48;2;143;165;151m▀[0m[38;2;181;193;184m[48;2;232;237;220m▀[0m[38;2;109;128;119m[48;2;232;237;220m▀[0m[38;2;109;128;119m[48;2;232;237;220m▀[0m[38;2;66;85;116m[48;2;109;128;119m▀[0m[38;2;181;193;184m[48;2;109;128;119m▀[0m[38;2;21;21;21m[48;2;109;128;119m▀[0m[38;2;21;21;21m[48;2;181;193;184m▀[0m[38;2;181;193;184m[48;2;21;21;21m▀[0m[38;2;181;193;184m[48;2;21;21;21m▀[0m[38;2;181;193;184m[48;2;181;193;184m▀[0m[38;2;181;193;184m[48;2;181;193;184m▀[0m[38;2;181;193;184m[48;2;181;193;184m▀[0m[38;2;181;193;184m[48;2;181;193;184m▀[0m[38;2;181;193;184m[48;2;181;193;184m▀[0m[38;2;181;193;184m[48;2;181;193;184m▀[0m[38;2;181;193;184m[48;2;181;193;184m▀[0m[38;2;109;128;119m[48;2;181;193;184m▀[0m[38;2;109;128;119m[48;2;181;193;184m▀[0m[38;2;54;65;77m[48;2;181;193;184m▀[0m[38;2;54;65;77m[48;2;181;193;184m▀[0m[38;2;66;85;116m[48;2;21;21;21m▀[0m[38;2;66;85;116m[48;2;21;21;21m▀[0m[38;2;37;42;57m[48;2;21;21;21m▀[0m    
         [38;2;21;21;21m▀[0m[38;2;21;21;21m▀[0m[38;2;21;21;21m▀[0m[38;2;21;21;21m▀[0m[38;2;21;21;21m▀[0m[38;2;21;21;21m▀[0m[38;2;21;21;21m▀[0m[38;2;21;21;21m▀[0m[38;2;21;21;21m▀[0m      [38;2;139;55;24m▄[0m[38;2;139;55;24m[48;2;219;89;40m▀[0m[38;2;181;193;184m[48;2;181;193;184m▀[0m[38;2;219;89;40m[48;2;219;89;40m▀[0m[38;2;219;89;40m[48;2;183;73;31m▀[0m[38;2;183;73;31m[48;2;232;237;220m▀[0m[38;2;232;237;220m[48;2;226;122;84m▀[0m[38;2;226;122;84m[48;2;232;237;220m▀[0m[38;2;226;122;84m[48;2;226;122;84m▀[0m[38;2;226;122;84m[48;2;226;122;84m▀[0m[38;2;226;122;84m[48;2;226;122;84m▀[0m[38;2;226;122;84m[48;2;232;237;220m▀[0m[38;2;232;237;220m[48;2;226;122;84m▀[0m[38;2;226;122;84m[48;2;226;122;84m▀[0m[38;2;232;237;220m[48;2;232;237;220m▀[0m[38;2;226;122;84m[48;2;226;122;84m▀[0m[38;2;143;165;151m[48;2;143;165;151m▀[0m[38;2;232;237;220m[48;2;232;237;220m▀[0m[38;2;232;237;220m[48;2;232;237;220m▀[0m[38;2;232;237;220m[48;2;232;237;220m▀[0m[38;2;232;237;220m[48;2;232;237;220m▀[0m[38;2;143;165;151m[48;2;143;165;151m▀[0m[38;2;232;237;220m[48;2;232;237;220m▀[0m[38;2;232;237;220m[48;2;232;237;220m▀[0m[38;2;232;237;220m[48;2;232;237;220m▀[0m[38;2;232;237;220m[48;2;232;237;220m▀[0m[38;2;232;237;220m[48;2;232;237;220m▀[0m[38;2;232;237;220m[48;2;109;128;119m▀[0m[38;2;109;128;119m[48;2;232;237;220m▀[0m[38;2;232;237;220m[48;2;232;237;220m▀[0m[38;2;232;237;220m[48;2;232;237;220m▀[0m[38;2;232;237;220m[48;2;232;237;220m▀[0m[38;2;232;237;220m[48;2;232;237;220m▀[0m[38;2;232;237;220m[48;2;232;237;220m▀[0m[38;2;232;237;220m[48;2;232;237;220m▀[0m[38;2;232;237;220m[48;2;181;193;184m▀[0m[38;2;181;193;184m[48;2;181;193;184m▀[0m[38;2;109;128;119m[48;2;181;193;184m▀[0m[38;2;109;128;119m[48;2;21;21;21m▀[0m[38;2;109;128;119m[48;2;21;21;21m▀[0m[38;2;21;21;21m▀[0m[38;2;21;21;21m▀[0m[38;2;21;21;21m▀[0m[38;2;181;193;184m[48;2;21;21;21m▀[0m[38;2;181;193;184m[48;2;21;21;21m▀[0m[38;2;181;193;184m[48;2;21;21;21m▀[0m[38;2;181;193;184m[48;2;21;21;21m▀[0m[38;2;181;193;184m[48;2;21;21;21m▀[0m[38;2;21;21;21m[48;2;109;128;119m▀[0m[38;2;21;21;21m▀[0m[38;2;21;21;21m▀[0m       
                       [38;2;139;55;24m▄[0m[38;2;139;55;24m[48;2;219;89;40m▀[0m[38;2;181;193;184m[48;2;181;193;184m▀[0m[38;2;219;89;40m[48;2;219;89;40m▀[0m[38;2;232;237;220m[48;2;232;237;220m▀[0m[38;2;183;73;31m[48;2;219;89;40m▀[0m[38;2;226;122;84m[48;2;226;122;84m▀[0m[38;2;226;122;84m[48;2;226;122;84m▀[0m[38;2;232;237;220m[48;2;232;237;220m▀[0m[38;2;226;122;84m[48;2;226;122;84m▀[0m[38;2;226;122;84m[48;2;226;122;84m▀[0m[38;2;226;122;84m[48;2;232;237;220m▀[0m[38;2;232;237;220m[48;2;226;122;84m▀[0m[38;2;226;122;84m[48;2;226;122;84m▀[0m[38;2;226;122;84m[48;2;226;122;84m▀[0m[38;2;232;237;220m[48;2;226;122;84m▀[0m[38;2;226;122;84m[48;2;232;237;220m▀[0m[38;2;143;165;151m[48;2;226;122;84m▀[0m[38;2;232;237;220m[48;2;181;193;184m▀[0m[38;2;232;237;220m[48;2;232;237;220m▀[0m[38;2;232;237;220m[48;2;232;237;220m▀[0m[38;2;232;237;220m[48;2;232;237;220m▀[0m[38;2;143;165;151m[48;2;181;193;184m▀[0m[38;2;232;237;220m[48;2;232;237;220m▀[0m[38;2;232;237;220m[48;2;232;237;220m▀[0m[38;2;232;237;220m[48;2;232;237;220m▀[0m[38;2;232;237;220m[48;2;232;237;220m▀[0m[38;2;109;128;119m[48;2;109;128;119m▀[0m[38;2;232;237;220m[48;2;232;237;220m▀[0m[38;2;232;237;220m[48;2;232;237;220m▀[0m[38;2;232;237;220m[48;2;232;237;220m▀[0m[38;2;232;237;220m[48;2;232;237;220m▀[0m[38;2;232;237;220m[48;2;232;237;220m▀[0m[38;2;232;237;220m[48;2;232;237;220m▀[0m[38;2;232;237;220m[48;2;232;237;220m▀[0m[38;2;232;237;220m[48;2;181;193;184m▀[0m[38;2;181;193;184m[48;2;181;193;184m▀[0m[38;2;181;193;184m[48;2;181;193;184m▀[0m[38;2;181;193;184m[48;2;181;193;184m▀[0m[38;2;181;193;184m[48;2;181;193;184m▀[0m[38;2;181;193;184m[48;2;181;193;184m▀[0m[38;2;21;21;21m[48;2;181;193;184m▀[0m[38;2;21;21;21m[48;2;181;193;184m▀[0m[38;2;21;21;21m▄[0m    [38;2;109;128;119m[48;2;109;128;119m▀[0m[38;2;143;165;151m[48;2;143;165;151m▀[0m[38;2;109;128;119m[48;2;109;128;119m▀[0m        
                     [38;2;143;165;151m▄[0m[38;2;143;165;151m[48;2;139;55;24m▀[0m[38;2;139;55;24m[48;2;219;89;40m▀[0m[38;2;219;89;40m[48;2;181;193;184m▀[0m[38;2;181;193;184m[48;2;232;237;220m▀[0m[38;2;219;89;40m[48;2;232;237;220m▀[0m[38;2;183;73;31m[48;2;183;73;31m▀[0m[38;2;226;122;84m[48;2;232;237;220m▀[0m[38;2;226;122;84m[48;2;232;237;220m▀[0m[38;2;226;122;84m[48;2;232;237;220m▀[0m[38;2;232;237;220m[48;2;232;237;220m▀[0m[38;2;226;122;84m[48;2;232;237;220m▀[0m[38;2;232;237;220m[48;2;232;237;220m▀[0m[38;2;226;122;84m[48;2;232;237;220m▀[0m[38;2;226;122;84m[48;2;232;237;220m▀[0m[38;2;226;122;84m[48;2;232;237;220m▀[0m[38;2;226;122;84m[48;2;232;237;220m▀[0m[38;2;226;122;84m[48;2;232;237;220m▀[0m[38;2;232;237;220m[48;2;232;237;220m▀[0m[38;2;226;122;84m[48;2;232;237;220m▀[0m[38;2;143;165;151m[48;2;143;165;151m▀[0m[38;2;232;237;220m[48;2;232;237;220m▀[0m[38;2;232;237;220m[48;2;232;237;220m▀[0m[38;2;232;237;220m[48;2;232;237;220m▀[0m[38;2;181;193;184m[48;2;232;237;220m▀[0m[38;2;232;237;220m[48;2;232;237;220m▀[0m[38;2;232;237;220m[48;2;232;237;220m▀[0m[38;2;232;237;220m[48;2;232;237;220m▀[0m[38;2;109;128;119m[48;2;143;165;151m▀[0m[38;2;232;237;220m[48;2;232;237;220m▀[0m[38;2;232;237;220m[48;2;232;237;220m▀[0m[38;2;232;237;220m[48;2;232;237;220m▀[0m[38;2;232;237;220m[48;2;232;237;220m▀[0m[38;2;232;237;220m[48;2;232;237;220m▀[0m[38;2;232;237;220m[48;2;232;237;220m▀[0m[38;2;232;237;220m[48;2;232;237;220m▀[0m[38;2;232;237;220m[48;2;232;237;220m▀[0m[38;2;181;193;184m[48;2;181;193;184m▀[0m[38;2;181;193;184m[48;2;181;193;184m▀[0m[38;2;181;193;184m[48;2;181;193;184m▀[0m[38;2;181;193;184m[48;2;181;193;184m▀[0m[38;2;181;193;184m[48;2;181;193;184m▀[0m[38;2;181;193;184m[48;2;181;193;184m▀[0m[38;2;181;193;184m[48;2;181;193;184m▀[0m[38;2;181;193;184m[48;2;181;193;184m▀[0m[38;2;181;193;184m[48;2;181;193;184m▀[0m[38;2;21;21;21m[48;2;181;193;184m▀[0m[38;2;21;21;21m▄[0m  [38;2;109;128;119m[48;2;109;128;119m▀[0m[38;2;143;165;151m[48;2;143;165;151m▀[0m[38;2;143;165;151m[48;2;143;165;151m▀[0m[38;2;109;128;119m[48;2;109;128;119m▀[0m       
                   [38;2;143;165;151m▄[0m[38;2;143;165;151m[48;2;232;237;220m▀[0m[38;2;232;237;220m[48;2;139;55;24m▀[0m[38;2;139;55;24m[48;2;219;89;40m▀[0m[38;2;219;89;40m[48;2;181;193;184m▀[0m[38;2;181;193;184m[48;2;219;89;40m▀[0m[38;2;219;89;40m[48;2;219;89;40m▀[0m[38;2;219;89;40m[48;2;183;73;31m▀[0m[38;2;219;89;40m[48;2;226;122;84m▀[0m[38;2;226;122;84m[48;2;226;122;84m▀[0m[38;2;226;122;84m[48;2;226;122;84m▀[0m[38;2;226;122;84m[48;2;232;237;220m▀[0m[38;2;232;237;220m[48;2;226;122;84m▀[0m[38;2;232;237;220m[48;2;232;237;220m▀[0m[38;2;226;122;84m[48;2;226;122;84m▀[0m[38;2;226;122;84m[48;2;226;122;84m▀[0m[38;2;226;122;84m[48;2;226;122;84m▀[0m[38;2;226;122;84m[48;2;226;122;84m▀[0m[38;2;226;122;84m[48;2;226;122;84m▀[0m[38;2;226;122;84m[48;2;232;237;220m▀[0m[38;2;232;237;220m[48;2;226;122;84m▀[0m[38;2;232;237;220m[48;2;232;237;220m▀[0m[38;2;226;122;84m[48;2;226;122;84m▀[0m[38;2;181;193;184m[48;2;143;165;151m▀[0m[38;2;232;237;220m[48;2;232;237;220m▀[0m[38;2;232;237;220m[48;2;232;237;220m▀[0m[38;2;232;237;220m[48;2;232;237;220m▀[0m[38;2;232;237;220m[48;2;232;237;220m▀[0m[38;2;232;237;220m[48;2;232;237;220m▀[0m[38;2;232;237;220m[48;2;143;165;151m▀[0m[38;2;143;165;151m[48;2;232;237;220m▀[0m[38;2;232;237;220m[48;2;232;237;220m▀[0m[38;2;232;237;220m[48;2;232;237;220m▀[0m[38;2;232;237;220m[48;2;232;237;220m▀[0m[38;2;232;237;220m[48;2;232;237;220m▀[0m[38;2;232;237;220m[48;2;232;237;220m▀[0m[38;2;232;237;220m[48;2;232;237;220m▀[0m[38;2;232;237;220m[48;2;232;237;220m▀[0m[38;2;181;193;184m[48;2;181;193;184m▀[0m[38;2;181;193;184m[48;2;181;193;184m▀[0m[38;2;181;193;184m[48;2;181;193;184m▀[0m[38;2;181;193;184m[48;2;181;193;184m▀[0m[38;2;181;193;184m[48;2;181;193;184m▀[0m[38;2;181;193;184m[48;2;181;193;184m▀[0m[38;2;181;193;184m[48;2;181;193;184m▀[0m[38;2;181;193;184m[48;2;181;193;184m▀[0m[38;2;181;193;184m[48;2;181;193;184m▀[0m[38;2;181;193;184m[48;2;181;193;184m▀[0m[38;2;181;193;184m[48;2;181;193;184m▀[0m[38;2;181;193;184m[48;2;181;193;184m▀[0m[38;2;21;21;21m[48;2;21;21;21m▀[0m[38;2;109;128;119m[48;2;143;165;151m▀[0m[38;2;143;165;151m[48;2;143;165;151m▀[0m[38;2;143;165;151m[48;2;143;165;151m▀[0m[38;2;143;165;151m[48;2;143;165;151m▀[0m[38;2;109;128;119m[48;2;143;165;151m▀[0m[38;2;21;21;21m▄[0m      
                  [38;2;143;165;151m[48;2;143;165;151m▀[0m[38;2;232;237;220m[48;2;232;237;220m▀[0m[38;2;232;237;220m[48;2;139;55;24m▀[0m[38;2;139;55;24m[48;2;219;89;40m▀[0m[38;2;219;89;40m[48;2;181;193;184m▀[0m[38;2;181;193;184m[48;2;232;237;220m▀[0m[38;2;219;89;40m[48;2;219;89;40m▀[0m[38;2;219;89;40m[48;2;183;73;31m▀[0m[38;2;183;73;31m[48;2;226;122;84m▀[0m[38;2;226;122;84m[48;2;226;122;84m▀[0m[38;2;226;122;84m[48;2;232;237;220m▀[0m[38;2;232;237;220m[48;2;226;122;84m▀[0m[38;2;226;122;84m[48;2;226;122;84m▀[0m[38;2;226;122;84m[48;2;226;122;84m▀[0m[38;2;232;237;220m[48;2;226;122;84m▀[0m[38;2;226;122;84m[48;2;232;237;220m▀[0m[38;2;226;122;84m[48;2;226;122;84m▀[0m[38;2;226;122;84m[48;2;226;122;84m▀[0m[38;2;226;122;84m[48;2;226;122;84m▀[0m[38;2;226;122;84m[48;2;232;237;220m▀[0m[38;2;232;237;220m[48;2;226;122;84m▀[0m[38;2;226;122;84m[48;2;226;122;84m▀[0m[38;2;232;237;220m[48;2;226;122;84m▀[0m[38;2;226;122;84m[48;2;232;237;220m▀[0m[38;2;143;165;151m[48;2;226;122;84m▀[0m[38;2;232;237;220m[48;2;181;193;184m▀[0m[38;2;232;237;220m[48;2;232;237;220m▀[0m[38;2;232;237;220m[48;2;232;237;220m▀[0m[38;2;232;237;220m[48;2;232;237;220m▀[0m[38;2;232;237;220m[48;2;232;237;220m▀[0m[38;2;181;193;184m[48;2;181;193;184m▀[0m[38;2;232;237;220m[48;2;232;237;220m▀[0m[38;2;232;237;220m[48;2;232;237;220m▀[0m[38;2;232;237;220m[48;2;232;237;220m▀[0m[38;2;232;237;220m[48;2;232;237;220m▀[0m[38;2;232;237;220m[48;2;232;237;220m▀[0m[38;2;232;237;220m[48;2;232;237;220m▀[0m[38;2;232;237;220m[48;2;232;237;220m▀[0m[38;2;232;237;220m[48;2;232;237;220m▀[0m[38;2;181;193;184m[48;2;181;193;184m▀[0m[38;2;181;193;184m[48;2;181;193;184m▀[0m[38;2;181;193;184m[48;2;181;193;184m▀[0m[38;2;181;193;184m[48;2;181;193;184m▀[0m[38;2;181;193;184m[48;2;181;193;184m▀[0m[38;2;181;193;184m[48;2;181;193;184m▀[0m[38;2;181;193;184m[48;2;181;193;184m▀[0m[38;2;181;193;184m[48;2;181;193;184m▀[0m[38;2;181;193;184m[48;2;181;193;184m▀[0m[38;2;181;193;184m[48;2;181;193;184m▀[0m[38;2;181;193;184m[48;2;181;193;184m▀[0m[38;2;181;193;184m[48;2;181;193;184m▀[0m[38;2;181;193;184m[48;2;181;193;184m▀[0m[38;2;21;21;21m[48;2;21;21;21m▀[0m[38;2;143;165;151m[48;2;143;165;151m▀[0m[38;2;143;165;151m[48;2;143;165;151m▀[0m[38;2;143;165;151m[48;2;143;165;151m▀[0m[38;2;143;165;151m[48;2;143;165;151m▀[0m[38;2;21;21;21m[48;2;109;128;119m▀[0m      
                 [38;2;143;165;151m[48;2;143;165;151m▀[0m[38;2;232;237;220m[48;2;232;237;220m▀[0m[38;2;232;237;220m[48;2;139;55;24m▀[0m[38;2;139;55;24m[48;2;219;89;40m▀[0m[38;2;219;89;40m[48;2;181;193;184m▀[0m[38;2;181;193;184m[48;2;219;89;40m▀[0m[38;2;219;89;40m[48;2;219;89;40m▀[0m[38;2;181;193;184m[48;2;232;237;220m▀[0m[38;2;183;73;31m[48;2;219;89;40m▀[0m[38;2;226;122;84m[48;2;226;122;84m▀[0m[38;2;226;122;84m[48;2;232;237;220m▀[0m[38;2;232;237;220m[48;2;226;122;84m▀[0m[38;2;226;122;84m[48;2;226;122;84m▀[0m[38;2;226;122;84m[48;2;226;122;84m▀[0m[38;2;226;122;84m[48;2;226;122;84m▀[0m[38;2;226;122;84m[48;2;226;122;84m▀[0m[38;2;232;237;220m[48;2;226;122;84m▀[0m[38;2;226;122;84m[48;2;232;237;220m▀[0m[38;2;226;122;84m[48;2;226;122;84m▀[0m[38;2;232;237;220m[48;2;232;237;220m▀[0m[38;2;226;122;84m[48;2;226;122;84m▀[0m[38;2;226;122;84m[48;2;226;122;84m▀[0m[38;2;226;122;84m[48;2;226;122;84m▀[0m[38;2;226;122;84m[48;2;226;122;84m▀[0m[38;2;232;237;220m[48;2;232;237;220m▀[0m[38;2;226;122;84m[48;2;226;122;84m▀[0m[38;2;143;165;151m[48;2;143;165;151m▀[0m[38;2;232;237;220m[48;2;232;237;220m▀[0m[38;2;232;237;220m[48;2;232;237;220m▀[0m[38;2;232;237;220m[48;2;232;237;220m▀[0m[38;2;232;237;220m[48;2;232;237;220m▀[0m[38;2;181;193;184m[48;2;232;237;220m▀[0m[38;2;232;237;220m[48;2;232;237;220m▀[0m[38;2;232;237;220m[48;2;232;237;220m▀[0m[38;2;232;237;220m[48;2;232;237;220m▀[0m[38;2;232;237;220m[48;2;232;237;220m▀[0m[38;2;232;237;220m[48;2;232;237;220m▀[0m[38;2;232;237;220m[48;2;232;237;220m▀[0m[38;2;232;237;220m[48;2;232;237;220m▀[0m[38;2;232;237;220m[48;2;232;237;220m▀[0m[38;2;181;193;184m[48;2;181;193;184m▀[0m[38;2;181;193;184m[48;2;181;193;184m▀[0m[38;2;181;193;184m[48;2;181;193;184m▀[0m[38;2;181;193;184m[48;2;181;193;184m▀[0m[38;2;181;193;184m[48;2;181;193;184m▀[0m[38;2;181;193;184m[48;2;181;193;184m▀[0m[38;2;181;193;184m[48;2;181;193;184m▀[0m[38;2;181;193;184m[48;2;181;193;184m▀[0m[38;2;181;193;184m[48;2;181;193;184m▀[0m[38;2;181;193;184m[48;2;181;193;184m▀[0m[38;2;181;193;184m[48;2;181;193;184m▀[0m[38;2;181;193;184m[48;2;181;193;184m▀[0m[38;2;181;193;184m[48;2;181;193;184m▀[0m[38;2;181;193;184m[48;2;181;193;184m▀[0m[38;2;21;21;21m[48;2;21;21;21m▀[0m[38;2;143;165;151m[48;2;143;165;151m▀[0m[38;2;143;165;151m[48;2;143;165;151m▀[0m[38;2;143;165;151m[48;2;143;165;151m▀[0m[38;2;143;165;151m[48;2;143;165;151m▀[0m[38;2;21;21;21m[48;2;21;21;21m▀[0m     
                [38;2;143;165;151m[48;2;143;165;151m▀[0m[38;2;232;237;220m[48;2;232;237;220m▀[0m[38;2;232;237;220m[48;2;232;237;220m▀[0m[38;2;139;55;24m[48;2;254;254;254m▀[0m[38;2;139;55;24m[48;2;21;21;21m▀[0m[38;2;181;193;184m[48;2;139;55;24m▀[0m[38;2;219;89;40m[48;2;139;55;24m▀[0m[38;2;219;89;40m[48;2;219;89;40m▀[0m[38;2;183;73;31m[48;2;183;73;31m▀[0m[38;2;226;122;84m[48;2;232;237;220m▀[0m[38;2;232;237;220m[48;2;226;122;84m▀[0m[38;2;226;122;84m[48;2;226;122;84m▀[0m[38;2;226;122;84m[48;2;226;122;84m▀[0m[38;2;226;122;84m[48;2;226;122;84m▀[0m[38;2;226;122;84m[48;2;226;122;84m▀[0m[38;2;226;122;84m[48;2;226;122;84m▀[0m[38;2;226;122;84m[48;2;226;122;84m▀[0m[38;2;226;122;84m[48;2;226;122;84m▀[0m[38;2;232;237;220m[48;2;232;237;220m▀[0m[38;2;232;237;220m[48;2;226;122;84m▀[0m[38;2;226;122;84m[48;2;226;122;84m▀[0m[38;2;226;122;84m[48;2;226;122;84m▀[0m[38;2;226;122;84m[48;2;226;122;84m▀[0m[38;2;226;122;84m[48;2;226;122;84m▀[0m[38;2;226;122;84m[48;2;226;122;84m▀[0m[38;2;226;122;84m[48;2;226;122;84m▀[0m[38;2;232;237;220m[48;2;232;237;220m▀[0m[38;2;226;122;84m[48;2;226;122;84m▀[0m[38;2;181;193;184m[48;2;143;165;151m▀[0m[38;2;232;237;220m[48;2;232;237;220m▀[0m[38;2;232;237;220m[48;2;232;237;220m▀[0m[38;2;232;237;220m[48;2;232;237;220m▀[0m[38;2;232;237;220m[48;2;232;237;220m▀[0m[38;2;232;237;220m[48;2;232;237;220m▀[0m[38;2;232;237;220m[48;2;232;237;220m▀[0m[38;2;232;237;220m[48;2;232;237;220m▀[0m[38;2;232;237;220m[48;2;232;237;220m▀[0m[38;2;232;237;220m[48;2;232;237;220m▀[0m[38;2;232;237;220m[48;2;232;237;220m▀[0m[38;2;232;237;220m[48;2;232;237;220m▀[0m[38;2;232;237;220m[48;2;232;237;220m▀[0m[38;2;181;193;184m[48;2;181;193;184m▀[0m[38;2;181;193;184m[48;2;181;193;184m▀[0m[38;2;181;193;184m[48;2;181;193;184m▀[0m[38;2;181;193;184m[48;2;181;193;184m▀[0m[38;2;181;193;184m[48;2;181;193;184m▀[0m[38;2;181;193;184m[48;2;181;193;184m▀[0m[38;2;181;193;184m[48;2;181;193;184m▀[0m[38;2;181;193;184m[48;2;181;193;184m▀[0m[38;2;181;193;184m[48;2;181;193;184m▀[0m[38;2;181;193;184m[48;2;181;193;184m▀[0m[38;2;181;193;184m[48;2;181;193;184m▀[0m[38;2;181;193;184m[48;2;181;193;184m▀[0m[38;2;181;193;184m[48;2;181;193;184m▀[0m[38;2;181;193;184m[48;2;181;193;184m▀[0m[38;2;181;193;184m[48;2;181;193;184m▀[0m[38;2;21;21;21m[48;2;21;21;21m▀[0m[38;2;143;165;151m[48;2;143;165;151m▀[0m[38;2;143;165;151m[48;2;143;165;151m▀[0m[38;2;143;165;151m[48;2;143;165;151m▀[0m[38;2;109;128;119m[48;2;143;165;151m▀[0m[38;2;21;21;21m▄[0m    
               [38;2;143;165;151m▄[0m[38;2;143;165;151m[48;2;232;237;220m▀[0m[38;2;232;237;220m[48;2;232;237;220m▀[0m[38;2;232;237;220m[48;2;232;237;220m▀[0m[38;2;254;254;254m[48;2;254;254;254m▀[0m[38;2;181;193;184m[48;2;181;193;184m▀[0m[38;2;21;21;21m[48;2;181;193;184m▀[0m[38;2;183;73;31m[48;2;21;21;21m▀[0m[38;2;139;55;24m[48;2;183;73;31m▀[0m[38;2;139;55;24m[48;2;139;55;24m▀[0m[38;2;183;73;31m[48;2;219;89;40m▀[0m[38;2;183;73;31m[48;2;181;193;184m▀[0m[38;2;183;73;31m[48;2;219;89;40m▀[0m[38;2;183;73;31m[48;2;219;89;40m▀[0m[38;2;183;73;31m[48;2;219;89;40m▀[0m[38;2;183;73;31m[48;2;219;89;40m▀[0m[38;2;183;73;31m[48;2;219;89;40m▀[0m[38;2;219;89;40m[48;2;219;89;40m▀[0m[38;2;219;89;40m[48;2;219;89;40m▀[0m[38;2;219;89;40m[48;2;181;193;184m▀[0m[38;2;219;89;40m[48;2;181;193;184m▀[0m[38;2;219;89;40m[48;2;219;89;40m▀[0m[38;2;183;73;31m[48;2;219;89;40m▀[0m[38;2;183;73;31m[48;2;219;89;40m▀[0m[38;2;183;73;31m[48;2;219;89;40m▀[0m[38;2;183;73;31m[48;2;219;89;40m▀[0m[38;2;183;73;31m[48;2;219;89;40m▀[0m[38;2;183;73;31m[48;2;181;193;184m▀[0m[38;2;183;73;31m[48;2;183;73;31m▀[0m[38;2;143;165;151m[48;2;183;73;31m▀[0m[38;2;232;237;220m[48;2;143;165;151m▀[0m[38;2;232;237;220m[48;2;181;193;184m▀[0m[38;2;232;237;220m[48;2;181;193;184m▀[0m[38;2;232;237;220m[48;2;181;193;184m▀[0m[38;2;181;193;184m[48;2;181;193;184m▀[0m[38;2;232;237;220m[48;2;232;237;220m▀[0m[38;2;232;237;220m[48;2;232;237;220m▀[0m[38;2;232;237;220m[48;2;232;237;220m▀[0m[38;2;232;237;220m[48;2;232;237;220m▀[0m[38;2;232;237;220m[48;2;232;237;220m▀[0m[38;2;232;237;220m[48;2;232;237;220m▀[0m[38;2;232;237;220m[48;2;232;237;220m▀[0m[38;2;181;193;184m[48;2;181;193;184m▀[0m[38;2;181;193;184m[48;2;181;193;184m▀[0m[38;2;181;193;184m[48;2;181;193;184m▀[0m[38;2;181;193;184m[48;2;181;193;184m▀[0m[38;2;181;193;184m[48;2;181;193;184m▀[0m[38;2;181;193;184m[48;2;181;193;184m▀[0m[38;2;181;193;184m[48;2;181;193;184m▀[0m[38;2;181;193;184m[48;2;181;193;184m▀[0m[38;2;181;193;184m[48;2;181;193;184m▀[0m[38;2;181;193;184m[48;2;181;193;184m▀[0m[38;2;181;193;184m[48;2;181;193;184m▀[0m[38;2;181;193;184m[48;2;181;193;184m▀[0m[38;2;181;193;184m[48;2;181;193;184m▀[0m[38;2;181;193;184m[48;2;181;193;184m▀[0m[38;2;181;193;184m[48;2;181;193;184m▀[0m[38;2;21;21;21m[48;2;21;21;21m▀[0m[38;2;143;165;151m[48;2;232;237;220m▀[0m[38;2;143;165;151m[48;2;232;237;220m▀[0m[38;2;232;237;220m[48;2;181;193;184m▀[0m[38;2;232;237;220m[48;2;181;193;184m▀[0m[38;2;21;21;21m[48;2;21;21;21m▀[0m    
               [38;2;143;165;151m[48;2;143;165;151m▀[0m[38;2;232;237;220m[48;2;232;237;220m▀[0m[38;2;232;237;220m[48;2;232;237;220m▀[0m[38;2;232;237;220m[48;2;232;237;220m▀[0m[38;2;254;254;254m[48;2;181;193;184m▀[0m[38;2;181;193;184m[48;2;181;193;184m▀[0m[38;2;181;193;184m[48;2;181;193;184m▀[0m[38;2;181;193;184m[48;2;181;193;184m▀[0m[38;2;21;21;21m[48;2;181;193;184m▀[0m[38;2;183;73;31m[48;2;21;21;21m▀[0m[38;2;139;55;24m[48;2;183;73;31m▀[0m[38;2;219;89;40m[48;2;139;55;24m▀[0m[38;2;181;193;184m[48;2;219;89;40m▀[0m[38;2;219;89;40m[48;2;181;193;184m▀[0m[38;2;219;89;40m[48;2;181;193;184m▀[0m[38;2;219;89;40m[48;2;219;89;40m▀[0m[38;2;219;89;40m[48;2;219;89;40m▀[0m[38;2;219;89;40m[48;2;219;89;40m▀[0m[38;2;181;193;184m[48;2;181;193;184m▀[0m[38;2;219;89;40m[48;2;219;89;40m▀[0m[38;2;219;89;40m[48;2;219;89;40m▀[0m[38;2;181;193;184m[48;2;219;89;40m▀[0m[38;2;219;89;40m[48;2;181;193;184m▀[0m[38;2;219;89;40m[48;2;219;89;40m▀[0m[38;2;219;89;40m[48;2;219;89;40m▀[0m[38;2;219;89;40m[48;2;219;89;40m▀[0m[38;2;219;89;40m[48;2;219;89;40m▀[0m[38;2;181;193;184m[48;2;181;193;184m▀[0m[38;2;183;73;31m[48;2;183;73;31m▀[0m[38;2;183;73;31m[48;2;183;73;31m▀[0m[38;2;183;73;31m[48;2;183;73;31m▀[0m[38;2;183;73;31m[48;2;183;73;31m▀[0m[38;2;143;165;151m[48;2;183;73;31m▀[0m[38;2;143;165;151m[48;2;181;193;184m▀[0m[38;2;143;165;151m[48;2;143;165;151m▀[0m[38;2;232;237;220m[48;2;232;237;220m▀[0m[38;2;232;237;220m[48;2;232;237;220m▀[0m[38;2;232;237;220m[48;2;232;237;220m▀[0m[38;2;232;237;220m[48;2;232;237;220m▀[0m[38;2;232;237;220m[48;2;232;237;220m▀[0m[38;2;232;237;220m[48;2;232;237;220m▀[0m[38;2;232;237;220m[48;2;232;237;220m▀[0m[38;2;181;193;184m[48;2;232;237;220m▀[0m[38;2;181;193;184m[48;2;181;193;184m▀[0m[38;2;181;193;184m[48;2;181;193;184m▀[0m[38;2;181;193;184m[48;2;181;193;184m▀[0m[38;2;181;193;184m[48;2;181;193;184m▀[0m[38;2;181;193;184m[48;2;181;193;184m▀[0m[38;2;181;193;184m[48;2;181;193;184m▀[0m[38;2;181;193;184m[48;2;181;193;184m▀[0m[38;2;181;193;184m[48;2;181;193;184m▀[0m[38;2;181;193;184m[48;2;181;193;184m▀[0m[38;2;181;193;184m[48;2;181;193;184m▀[0m[38;2;181;193;184m[48;2;181;193;184m▀[0m[38;2;181;193;184m[48;2;181;193;184m▀[0m[38;2;181;193;184m[48;2;181;193;184m▀[0m[38;2;181;193;184m[48;2;181;193;184m▀[0m[38;2;21;21;21m[48;2;21;21;21m▀[0m[38;2;181;193;184m[48;2;21;21;21m▀[0m[38;2;181;193;184m[48;2;21;21;21m▀[0m[38;2;21;21;21m▀[0m[38;2;21;21;21m▀[0m     
               [38;2;143;165;151m[48;2;109;128;119m▀[0m[38;2;232;237;220m[48;2;232;237;220m▀[0m[38;2;232;237;220m[48;2;232;237;220m▀[0m[38;2;254;254;254m[48;2;254;254;254m▀[0m[38;2;181;193;184m[48;2;181;193;184m▀[0m[38;2;181;193;184m[48;2;181;193;184m▀[0m[38;2;181;193;184m[48;2;181;193;184m▀[0m[38;2;181;193;184m[48;2;181;193;184m▀[0m[38;2;181;193;184m[48;2;181;193;184m▀[0m[38;2;181;193;184m[48;2;181;193;184m▀[0m[38;2;21;21;21m[48;2;181;193;184m▀[0m[38;2;183;73;31m[48;2;21;21;21m▀[0m[38;2;139;55;24m[48;2;183;73;31m▀[0m[38;2;219;89;40m[48;2;139;55;24m▀[0m[38;2;219;89;40m[48;2;219;89;40m▀[0m[38;2;181;193;184m[48;2;219;89;40m▀[0m[38;2;219;89;40m[48;2;181;193;184m▀[0m[38;2;181;193;184m[48;2;219;89;40m▀[0m[38;2;219;89;40m[48;2;219;89;40m▀[0m[38;2;219;89;40m[48;2;219;89;40m▀[0m[38;2;219;89;40m[48;2;219;89;40m▀[0m[38;2;219;89;40m[48;2;219;89;40m▀[0m[38;2;219;89;40m[48;2;219;89;40m▀[0m[38;2;181;193;184m[48;2;219;89;40m▀[0m[38;2;181;193;184m[48;2;219;89;40m▀[0m[38;2;219;89;40m[48;2;181;193;184m▀[0m[38;2;219;89;40m[48;2;219;89;40m▀[0m[38;2;181;193;184m[48;2;181;193;184m▀[0m[38;2;183;73;31m[48;2;183;73;31m▀[0m[38;2;183;73;31m[48;2;181;193;184m▀[0m[38;2;183;73;31m[48;2;143;165;151m▀[0m[38;2;181;193;184m[48;2;183;73;31m▀[0m[38;2;143;165;151m[48;2;183;73;31m▀[0m[38;2;183;73;31m[48;2;183;73;31m▀[0m[38;2;183;73;31m[48;2;183;73;31m▀[0m[38;2;143;165;151m[48;2;143;165;151m▀[0m[38;2;232;237;220m[48;2;232;237;220m▀[0m[38;2;232;237;220m[48;2;232;237;220m▀[0m[38;2;232;237;220m[48;2;232;237;220m▀[0m[38;2;232;237;220m[48;2;232;237;220m▀[0m[38;2;232;237;220m[48;2;232;237;220m▀[0m[38;2;232;237;220m[48;2;232;237;220m▀[0m[38;2;232;237;220m[48;2;232;237;220m▀[0m[38;2;181;193;184m[48;2;143;165;151m▀[0m[38;2;181;193;184m[48;2;181;193;184m▀[0m[38;2;181;193;184m[48;2;181;193;184m▀[0m[38;2;181;193;184m[48;2;181;193;184m▀[0m[38;2;181;193;184m[48;2;181;193;184m▀[0m[38;2;181;193;184m[48;2;181;193;184m▀[0m[38;2;181;193;184m[48;2;181;193;184m▀[0m[38;2;181;193;184m[48;2;181;193;184m▀[0m[38;2;181;193;184m[48;2;181;193;184m▀[0m[38;2;181;193;184m[48;2;181;193;184m▀[0m[38;2;181;193;184m[48;2;181;193;184m▀[0m[38;2;181;193;184m[48;2;181;193;184m▀[0m[38;2;181;193;184m[48;2;143;165;151m▀[0m[38;2;181;193;184m[48;2;181;193;184m▀[0m[38;2;21;21;21m[48;2;21;21;21m▀[0m         
               [38;2;109;128;119m[48;2;109;128;119m▀[0m[38;2;232;237;220m[48;2;232;237;220m▀[0m[38;2;232;237;220m[48;2;232;237;220m▀[0m[38;2;254;254;254m[48;2;254;254;254m▀[0m[38;2;181;193;184m[48;2;143;165;151m▀[0m[38;2;181;193;184m[48;2;181;193;184m▀[0m[38;2;181;193;184m[48;2;181;193;184m▀[0m[38;2;181;193;184m[48;2;181;193;184m▀[0m[38;2;181;193;184m[48;2;181;193;184m▀[0m[38;2;181;193;184m[48;2;181;193;184m▀[0m[38;2;181;193;184m[48;2;181;193;184m▀[0m[38;2;181;193;184m[48;2;181;193;184m▀[0m[38;2;21;21;21m[48;2;181;193;184m▀[0m[38;2;21;21;21m[48;2;181;193;184m▀[0m[38;2;21;21;21m[48;2;181;193;184m▀[0m[38;2;181;193;184m[48;2;21;21;21m▀[0m[38;2;181;193;184m[48;2;21;21;21m▀[0m[38;2;181;193;184m[48;2;21;21;21m▀[0m[38;2;181;193;184m[48;2;219;89;40m▀[0m[38;2;181;193;184m[48;2;219;89;40m▀[0m[38;2;181;193;184m[48;2;219;89;40m▀[0m[38;2;181;193;184m[48;2;219;89;40m▀[0m[38;2;181;193;184m[48;2;219;89;40m▀[0m[38;2;181;193;184m[48;2;219;89;40m▀[0m[38;2;181;193;184m[48;2;219;89;40m▀[0m[38;2;181;193;184m[48;2;219;89;40m▀[0m[38;2;181;193;184m[48;2;219;89;40m▀[0m[38;2;181;193;184m[48;2;219;89;40m▀[0m[38;2;143;165;151m[48;2;183;73;31m▀[0m[38;2;183;73;31m[48;2;183;73;31m▀[0m[38;2;183;73;31m[48;2;21;21;21m▀[0m[38;2;183;73;31m[48;2;21;21;21m▀[0m[38;2;183;73;31m[48;2;21;21;21m▀[0m[38;2;21;21;21m▀[0m[38;2;21;21;21m▀[0m[38;2;109;128;119m[48;2;109;128;119m▀[0m[38;2;232;237;220m[48;2;232;237;220m▀[0m[38;2;232;237;220m[48;2;232;237;220m▀[0m[38;2;232;237;220m[48;2;232;237;220m▀[0m[38;2;232;237;220m[48;2;232;237;220m▀[0m[38;2;232;237;220m[48;2;232;237;220m▀[0m[38;2;232;237;220m[48;2;232;237;220m▀[0m[38;2;232;237;220m[48;2;232;237;220m▀[0m[38;2;143;165;151m[48;2;181;193;184m▀[0m[38;2;181;193;184m[48;2;181;193;184m▀[0m[38;2;181;193;184m[48;2;181;193;184m▀[0m[38;2;181;193;184m[48;2;181;193;184m▀[0m[38;2;181;193;184m[48;2;181;193;184m▀[0m[38;2;181;193;184m[48;2;181;193;184m▀[0m[38;2;181;193;184m[48;2;181;193;184m▀[0m[38;2;181;193;184m[48;2;181;193;184m▀[0m[38;2;143;165;151m[48;2;143;165;151m▀[0m[38;2;181;193;184m[48;2;181;193;184m▀[0m[38;2;181;193;184m[48;2;181;193;184m▀[0m[38;2;181;193;184m[48;2;181;193;184m▀[0m[38;2;143;165;151m[48;2;143;165;151m▀[0m[38;2;181;193;184m[48;2;181;193;184m▀[0m[38;2;21;21;21m[48;2;21;21;21m▀[0m         
                [38;2;109;128;119m[48;2;109;128;119m▀[0m[38;2;232;237;220m[48;2;232;237;220m▀[0m[38;2;232;237;220m[48;2;232;237;220m▀[0m[38;2;143;165;151m[48;2;143;165;151m▀[0m[38;2;181;193;184m[48;2;181;193;184m▀[0m[38;2;181;193;184m[48;2;181;193;184m▀[0m[38;2;181;193;184m[48;2;181;193;184m▀[0m[38;2;181;193;184m[48;2;181;193;184m▀[0m[38;2;181;193;184m[48;2;181;193;184m▀[0m[38;2;181;193;184m[48;2;181;193;184m▀[0m[38;2;181;193;184m[48;2;181;193;184m▀[0m[38;2;181;193;184m[48;2;181;193;184m▀[0m[38;2;181;193;184m[48;2;181;193;184m▀[0m[38;2;181;193;184m[48;2;181;193;184m▀[0m[38;2;21;21;21m[48;2;21;21;21m▀[0m  [38;2;21;21;21m▀[0m[38;2;21;21;21m▀[0m[38;2;21;21;21m▀[0m[38;2;21;21;21m▀[0m[38;2;21;21;21m▀[0m[38;2;21;21;21m▀[0m[38;2;21;21;21m▀[0m[38;2;21;21;21m▀[0m[38;2;21;21;21m▀[0m[38;2;21;21;21m▀[0m[38;2;21;21;21m▀[0m[38;2;21;21;21m▀[0m      [38;2;109;128;119m[48;2;109;128;119m▀[0m[38;2;232;237;220m[48;2;232;237;220m▀[0m[38;2;232;237;220m[48;2;232;237;220m▀[0m[38;2;232;237;220m[48;2;232;237;220m▀[0m[38;2;232;237;220m[48;2;232;237;220m▀[0m[38;2;232;237;220m[48;2;232;237;220m▀[0m[38;2;232;237;220m[48;2;232;237;220m▀[0m[38;2;232;237;220m[48;2;232;237;220m▀[0m[38;2;181;193;184m[48;2;143;165;151m▀[0m[38;2;181;193;184m[48;2;181;193;184m▀[0m[38;2;181;193;184m[48;2;181;193;184m▀[0m[38;2;181;193;184m[48;2;181;193;184m▀[0m[38;2;181;193;184m[48;2;181;193;184m▀[0m[38;2;181;193;184m[48;2;181;193;184m▀[0m[38;2;181;193;184m[48;2;181;193;184m▀[0m[38;2;143;165;151m[48;2;143;165;151m▀[0m[38;2;181;193;184m[48;2;181;193;184m▀[0m[38;2;181;193;184m[48;2;181;193;184m▀[0m[38;2;181;193;184m[48;2;181;193;184m▀[0m[38;2;143;165;151m[48;2;143;165;151m▀[0m[38;2;181;193;184m[48;2;181;193;184m▀[0m[38;2;21;21;21m[48;2;21;21;21m▀[0m         
              [38;2;109;128;119m[48;2;109;128;119m▀[0m[38;2;109;128;119m[48;2;232;237;220m▀[0m[38;2;109;128;119m[48;2;232;237;220m▀[0m[38;2;232;237;220m[48;2;232;237;220m▀[0m[38;2;232;237;220m[48;2;232;237;220m▀[0m[38;2;232;237;220m[48;2;232;237;220m▀[0m[38;2;181;193;184m[48;2;181;193;184m▀[0m[38;2;181;193;184m[48;2;181;193;184m▀[0m[38;2;181;193;184m[48;2;181;193;184m▀[0m[38;2;181;193;184m[48;2;181;193;184m▀[0m[38;2;181;193;184m[48;2;181;193;184m▀[0m[38;2;181;193;184m[48;2;181;193;184m▀[0m[38;2;181;193;184m[48;2;181;193;184m▀[0m[38;2;181;193;184m[48;2;181;193;184m▀[0m[38;2;181;193;184m[48;2;181;193;184m▀[0m[38;2;21;21;21m[48;2;21;21;21m▀[0m                     [38;2;109;128;119m[48;2;109;128;119m▀[0m[38;2;232;237;220m[48;2;232;237;220m▀[0m[38;2;232;237;220m[48;2;232;237;220m▀[0m[38;2;232;237;220m[48;2;232;237;220m▀[0m[38;2;232;237;220m[48;2;232;237;220m▀[0m[38;2;232;237;220m[48;2;232;237;220m▀[0m[38;2;232;237;220m[48;2;232;237;220m▀[0m[38;2;232;237;220m[48;2;232;237;220m▀[0m[38;2;143;165;151m[48;2;181;193;184m▀[0m[38;2;181;193;184m[48;2;181;193;184m▀[0m[38;2;181;193;184m[48;2;181;193;184m▀[0m[38;2;181;193;184m[48;2;181;193;184m▀[0m[38;2;181;193;184m[48;2;181;193;184m▀[0m[38;2;181;193;184m[48;2;181;193;184m▀[0m[38;2;181;193;184m[48;2;181;193;184m▀[0m[38;2;143;165;151m[48;2;143;165;151m▀[0m[38;2;181;193;184m[48;2;181;193;184m▀[0m[38;2;181;193;184m[48;2;181;193;184m▀[0m[38;2;181;193;184m[48;2;181;193;184m▀[0m[38;2;143;165;151m[48;2;232;237;220m▀[0m[38;2;181;193;184m[48;2;109;128;119m▀[0m[38;2;21;21;21m[48;2;21;21;21m▀[0m         
              [38;2;21;21;21m▀[0m[38;2;21;21;21m▀[0m[38;2;109;128;119m▀[0m[38;2;232;237;220m[48;2;21;21;21m▀[0m[38;2;232;237;220m[48;2;21;21;21m▀[0m[38;2;232;237;220m[48;2;232;237;220m▀[0m[38;2;143;165;151m[48;2;143;165;151m▀[0m[38;2;181;193;184m[48;2;181;193;184m▀[0m[38;2;181;193;184m[48;2;181;193;184m▀[0m[38;2;181;193;184m[48;2;143;165;151m▀[0m[38;2;181;193;184m[48;2;21;21;21m▀[0m[38;2;181;193;184m[48;2;21;21;21m▀[0m[38;2;109;128;119m[48;2;181;193;184m▀[0m[38;2;109;128;119m[48;2;181;193;184m▀[0m[38;2;21;21;21m[48;2;181;193;184m▀[0m[38;2;21;21;21m▄[0m[38;2;21;21;21m▄[0m                   [38;2;109;128;119m[48;2;109;128;119m▀[0m[38;2;109;128;119m[48;2;232;237;220m▀[0m[38;2;109;128;119m[48;2;109;128;119m▀[0m[38;2;232;237;220m[48;2;232;237;220m▀[0m[38;2;232;237;220m[48;2;232;237;220m▀[0m[38;2;232;237;220m[48;2;232;237;220m▀[0m[38;2;232;237;220m[48;2;232;237;220m▀[0m[38;2;232;237;220m[48;2;232;237;220m▀[0m[38;2;232;237;220m[48;2;232;237;220m▀[0m[38;2;232;237;220m[48;2;232;237;220m▀[0m[38;2;181;193;184m[48;2;143;165;151m▀[0m[38;2;181;193;184m[48;2;181;193;184m▀[0m[38;2;181;193;184m[48;2;181;193;184m▀[0m[38;2;181;193;184m[48;2;181;193;184m▀[0m[38;2;181;193;184m[48;2;181;193;184m▀[0m[38;2;181;193;184m[48;2;143;165;151m▀[0m[38;2;143;165;151m[48;2;232;237;220m▀[0m[38;2;181;193;184m[48;2;109;128;119m▀[0m[38;2;181;193;184m[48;2;181;193;184m▀[0m[38;2;143;165;151m[48;2;143;165;151m▀[0m[38;2;232;237;220m[48;2;232;237;220m▀[0m[38;2;109;128;119m[48;2;181;193;184m▀[0m[38;2;21;21;21m[48;2;109;128;119m▀[0m[38;2;109;128;119m▄[0m[38;2;109;128;119m▄[0m       
                   [38;2;21;21;21m▀[0m[38;2;21;21;21m▀[0m[38;2;21;21;21m▀[0m[38;2;21;21;21m▀[0m   [38;2;21;21;21m▀[0m[38;2;21;21;21m▀[0m[38;2;21;21;21m▀[0m                     [38;2;21;21;21m▀[0m[38;2;21;21;21m▀[0m[38;2;21;21;21m▀[0m[38;2;232;237;220m[48;2;21;21;21m▀[0m[38;2;232;237;220m[48;2;21;21;21m▀[0m[38;2;232;237;220m[48;2;232;237;220m▀[0m[38;2;232;237;220m[48;2;232;237;220m▀[0m[38;2;232;237;220m[48;2;232;237;220m▀[0m[38;2;232;237;220m[48;2;232;237;220m▀[0m[38;2;232;237;220m[48;2;232;237;220m▀[0m[38;2;143;165;151m[48;2;143;165;151m▀[0m[38;2;181;193;184m[48;2;181;193;184m▀[0m[38;2;181;193;184m[48;2;181;193;184m▀[0m[38;2;181;193;184m[48;2;181;193;184m▀[0m[38;2;181;193;184m[48;2;143;165;151m▀[0m[38;2;143;165;151m[48;2;232;237;220m▀[0m[38;2;232;237;220m[48;2;232;237;220m▀[0m[38;2;109;128;119m[48;2;181;193;184m▀[0m[38;2;181;193;184m[48;2;109;128;119m▀[0m[38;2;143;165;151m[48;2;109;128;119m▀[0m[38;2;232;237;220m[48;2;21;21;21m▀[0m[38;2;232;237;220m[48;2;21;21;21m▀[0m[38;2;232;237;220m[48;2;21;21;21m▀[0m[38;2;181;193;184m[48;2;109;128;119m▀[0m[38;2;181;193;184m[48;2;181;193;184m▀[0m[38;2;109;128;119m[48;2;232;237;220m▀[0m[38;2;109;128;119m[48;2;181;193;184m▀[0m[38;2;109;128;119m[48;2;181;193;184m▀[0m[38;2;109;128;119m▄[0m[38;2;109;128;119m▄[0m  
                                                       [38;2;21;21;21m▀[0m[38;2;21;21;21m▀[0m[38;2;21;21;21m▀[0m[38;2;21;21;21m▀[0m[38;2;21;21;21m▀[0m[38;2;21;21;21m▀[0m[38;2;21;21;21m▀[0m[38;2;21;21;21m▀[0m[38;2;21;21;21m▀[0m[38;2;21;21;21m▀[0m[38;2;21;21;21m▀[0m[38;2;232;237;220m[48;2;21;21;21m▀[0m[38;2;232;237;220m[48;2;21;21;21m▀[0m[38;2;181;193;184m[48;2;109;128;119m▀[0m[38;2;181;193;184m[48;2;232;237;220m▀[0m[38;2;109;128;119m[48;2;232;237;220m▀[0m[38;2;109;128;119m[48;2;181;193;184m▀[0m[38;2;109;128;119m▄[0m[38;2;109;128;119m▄[0m[38;2;21;21;21m▀[0m[38;2;21;21;21m▀[0m[38;2;21;21;21m▀[0m[38;2;21;21;21m▀[0m    
                                                                     [38;2;109;128;119m▀[0m[38;2;109;128;119m▀[0m[38;2;232;237;220m[48;2;109;128;119m▀[0m[38;2;232;237;220m[48;2;109;128;119m▀[0m[38;2;181;193;184m[48;2;109;128;119m▀[0m[38;2;109;128;119m▀[0m[38;2;109;128;119m▀[0m      
[0m