                         [38;2;24;123;0m▄[0m[38;2;24;123;0m[48;2;164;255;65m▀[0m[38;2;24;123;0m[48;2;164;255;65m▀[0m[38;2;24;123;0m[48;2;164;255;65m▀[0m[38;2;24;123;0m[48;2;123;213;57m▀[0m[38;2;24;123;0m▄[0m[38;2;24;123;0m▄[0m         
                         [38;2;24;123;0m▀[0m[38;2;164;255;65m[48;2;16;16;16m▀[0m[38;2;164;255;65m[48;2;16;16;16m▀[0m[38;2;164;255;65m[48;2;16;16;16m▀[0m[38;2;164;255;65m[48;2;123;213;57m▀[0m[38;2;164;255;65m[48;2;164;255;65m▀[0m[38;2;123;213;57m[48;2;164;255;65m▀[0m[38;2;24;123;0m[48;2;164;255;65m▀[0m[38;2;24;123;0m▄[0m       
                             [38;2;16;16;16m▀[0m[38;2;16;16;16m▀[0m[38;2;164;255;65m[48;2;16;16;16m▀[0m[38;2;164;255;65m[48;2;164;255;65m▀[0m[38;2;164;255;65m[48;2;164;255;65m▀[0m[38;2;24;123;0m[48;2;123;213;57m▀[0m[38;2;24;123;0m▄[0m     
                            [38;2;24;123;0m▄[0m[38;2;24;123;0m▄[0m[38;2;24;123;0m▄[0m[38;2;24;123;0m▄[0m[38;2;16;16;16m[48;2;24;123;0m▀[0m[38;2;164;255;65m[48;2;16;16;16m▀[0m[38;2;164;255;65m[48;2;164;255;65m▀[0m[38;2;24;123;0m[48;2;123;213;57m▀[0m[38;2;24;123;0m▄[0m    
                        [38;2;24;123;0m▄[0m[38;2;24;123;0m▄[0m[38;2;24;123;0m[48;2;123;213;57m▀[0m[38;2;24;123;0m[48;2;123;213;57m▀[0m[38;2;82;172;32m[48;2;123;213;57m▀[0m[38;2;82;172;32m[48;2;82;172;32m▀[0m[38;2;82;172;32m[48;2;82;172;32m▀[0m[38;2;82;172;32m[48;2;82;172;32m▀[0m[38;2;82;172;32m[48;2;82;172;32m▀[0m[38;2;24;123;0m[48;2;82;172;32m▀[0m[38;2;164;255;65m[48;2;123;213;57m▀[0m[38;2;164;255;65m[48;2;164;255;65m▀[0m[38;2;24;123;0m[48;2;24;123;0m▀[0m    
      [38;2;24;123;0m▄[0m               [38;2;16;16;16m▄[0m[38;2;16;16;16m[48;2;123;213;57m▀[0m[38;2;123;213;57m[48;2;123;213;57m▀[0m[38;2;123;213;57m[48;2;123;213;57m▀[0m[38;2;123;213;57m[48;2;16;16;16m▀[0m[38;2;82;172;32m[48;2;16;16;16m▀[0m[38;2;16;16;16m▀[0m[38;2;16;16;16m▀[0m[38;2;16;16;16m▀[0m[38;2;16;16;16m▀[0m[38;2;16;16;16m▀[0m[38;2;82;172;32m[48;2;16;16;16m▀[0m[38;2;82;172;32m[48;2;82;172;32m▀[0m[38;2;164;255;65m[48;2;123;213;57m▀[0m[38;2;123;213;57m[48;2;123;213;57m▀[0m[38;2;24;123;0m[48;2;16;16;16m▀[0m   
     [38;2;24;123;0m[48;2;24;123;0m▀[0m[38;2;123;213;57m[48;2;123;213;57m▀[0m[38;2;24;123;0m[48;2;24;123;0m▀[0m              [38;2;16;16;16m▀[0m[38;2;123;213;57m[48;2;16;16;16m▀[0m[38;2;123;213;57m[48;2;16;16;16m▀[0m[38;2;16;16;16m▀[0m        [38;2;16;16;16m[48;2;16;16;16m▀[0m[38;2;123;213;57m[48;2;123;213;57m▀[0m[38;2;123;213;57m[48;2;123;213;57m▀[0m[38;2;16;16;16m[48;2;16;16;16m▀[0m   
    [38;2;24;123;0m[48;2;24;123;0m▀[0m[38;2;123;213;57m[48;2;123;213;57m▀[0m[38;2;123;213;57m[48;2;123;213;57m▀[0m[38;2;24;123;0m[48;2;123;213;57m▀[0m[38;2;24;123;0m▄[0m                         [38;2;16;16;16m[48;2;16;16;16m▀[0m[38;2;123;213;57m[48;2;123;213;57m▀[0m[38;2;123;213;57m[48;2;123;213;57m▀[0m[38;2;16;16;16m[48;2;16;16;16m▀[0m   
    [38;2;24;123;0m[48;2;24;123;0m▀[0m[38;2;57;98;115m[48;2;57;98;115m▀[0m[38;2;123;213;57m[48;2;57;98;115m▀[0m[38;2;123;213;57m[48;2;123;213;57m▀[0m[38;2;123;213;57m[48;2;123;213;57m▀[0m[38;2;24;123;0m[48;2;123;213;57m▀[0m[38;2;24;123;0m[48;2;123;213;57m▀[0m[38;2;24;123;0m▄[0m                 [38;2;24;123;0m▄[0m[38;2;24;123;0m[48;2;123;213;57m▀[0m[38;2;16;16;16m[48;2;16;16;16m▀[0m   [38;2;16;16;16m[48;2;16;16;16m▀[0m[38;2;123;213;57m[48;2;123;213;57m▀[0m[38;2;123;213;57m[48;2;123;213;57m▀[0m[38;2;16;16;16m[48;2;16;16;16m▀[0m  
    [38;2;24;123;0m[48;2;24;123;0m▀[0m[38;2;74;139;164m[48;2;74;139;164m▀[0m[38;2;57;98;115m[48;2;74;139;164m▀[0m[38;2;123;213;57m[48;2;57;98;115m▀[0m[38;2;123;213;57m[48;2;123;213;57m▀[0m[38;2;123;213;57m[48;2;123;213;57m▀[0m[38;2;123;213;57m[48;2;24;123;0m▀[0m[38;2;123;213;57m[48;2;24;123;0m▀[0m[38;2;24;123;0m[48;2;16;16;16m▀[0m[38;2;16;16;16m▄[0m[38;2;16;16;16m▄[0m[38;2;16;16;16m▄[0m    [38;2;16;16;16m▄[0m[38;2;16;16;16m▄[0m[38;2;16;16;16m▄[0m[38;2;24;123;0m▄[0m[38;2;24;123;0m[48;2;164;255;65m▀[0m[38;2;24;123;0m[48;2;164;255;65m▀[0m[38;2;24;123;0m[48;2;164;255;65m▀[0m[38;2;24;123;0m[48;2;164;255;65m▀[0m[38;2;24;123;0m[48;2;123;213;57m▀[0m[38;2;123;213;57m[48;2;123;213;57m▀[0m[38;2;123;213;57m[48;2;123;213;57m▀[0m[38;2;16;16;16m[48;2;16;16;16m▀[0m    [38;2;16;16;16m[48;2;16;16;16m▀[0m[38;2;123;213;57m[48;2;123;213;57m▀[0m[38;2;123;213;57m[48;2;123;213;57m▀[0m[38;2;16;16;16m[48;2;16;16;16m▀[0m 
     [38;2;57;98;115m[48;2;57;98;115m▀[0m[38;2;74;139;164m[48;2;74;139;164m▀[0m[38;2;57;98;115m[48;2;24;123;0m▀[0m[38;2;24;123;0m[48;2;164;255;65m▀[0m[38;2;24;123;0m[48;2;164;255;65m▀[0m[38;2;164;255;65m[48;2;164;255;65m▀[0m[38;2;164;255;65m[48;2;164;255;65m▀[0m[38;2;164;255;65m[48;2;164;255;65m▀[0m[38;2;123;213;57m[48;2;164;255;65m▀[0m[38;2;123;213;57m[48;2;164;255;65m▀[0m[38;2;123;213;57m[48;2;123;213;57m▀[0m[38;2;16;16;16m[48;2;24;123;0m▀[0m[38;2;16;16;16m[48;2;24;123;0m▀[0m[38;2;16;16;16m[48;2;123;213;57m▀[0m[38;2;16;16;16m[48;2;123;213;57m▀[0m[38;2;164;255;65m[48;2;123;213;57m▀[0m[38;2;164;255;65m[48;2;123;213;57m▀[0m[38;2;164;255;65m[48;2;164;255;65m▀[0m[38;2;164;255;65m[48;2;164;255;65m▀[0m[38;2;164;255;65m[48;2;164;255;65m▀[0m[38;2;164;255;65m[48;2;123;213;57m▀[0m[38;2;164;255;65m[48;2;57;98;115m▀[0m[38;2;123;213;57m[48;2;57;98;115m▀[0m[38;2;123;213;57m[48;2;57;98;115m▀[0m[38;2;123;213;57m[48;2;82;172;32m▀[0m[38;2;16;16;16m[48;2;16;16;16m▀[0m      [38;2;16;16;16m[48;2;16;16;16m▀[0m[38;2;123;213;57m[48;2;123;213;57m▀[0m[38;2;123;213;57m[48;2;123;213;57m▀[0m[38;2;16;16;16m[48;2;16;16;16m▀[0m
      [38;2;24;123;0m[48;2;24;123;0m▀[0m[38;2;164;255;65m[48;2;164;255;65m▀[0m[38;2;164;255;65m[48;2;255;123;0m▀[0m[38;2;255;123;0m[48;2;255;255;255m▀[0m[38;2;164;255;65m[48;2;255;123;0m▀[0m[38;2;164;255;65m[48;2;164;255;65m▀[0m[38;2;164;255;65m[48;2;164;255;65m▀[0m[38;2;164;255;65m[48;2;164;255;65m▀[0m[38;2;164;255;65m[48;2;164;255;65m▀[0m[38;2;123;213;57m[48;2;164;255;65m▀[0m[38;2;123;213;57m[48;2;123;213;57m▀[0m[38;2;123;213;57m[48;2;123;213;57m▀[0m[38;2;123;213;57m[48;2;123;213;57m▀[0m[38;2;123;213;57m[48;2;123;213;57m▀[0m[38;2;123;213;57m[48;2;24;123;0m▀[0m[38;2;123;213;57m[48;2;57;98;115m▀[0m[38;2;24;123;0m[48;2;57;98;115m▀[0m[38;2;57;98;115m[48;2;57;98;115m▀[0m[38;2;57;98;115m[48;2;57;98;115m▀[0m[38;2;57;98;115m[48;2;57;98;115m▀[0m[38;2;57;98;115m[48;2;74;139;164m▀[0m[38;2;57;98;115m[48;2;57;98;115m▀[0m[38;2;57;98;115m[48;2;16;16;16m▀[0m[38;2;16;16;16m▀[0m       [38;2;16;16;16m[48;2;16;16;16m▀[0m[38;2;123;213;57m[48;2;123;213;57m▀[0m[38;2;123;213;57m[48;2;123;213;57m▀[0m[38;2;16;16;16m[48;2;16;16;16m▀[0m
     [38;2;123;65;197m▄[0m[38;2;16;16;16m[48;2;197;197;197m▀[0m[38;2;164;255;65m[48;2;164;255;65m▀[0m[38;2;255;123;0m[48;2;164;255;65m▀[0m[38;2;255;123;0m[48;2;197;65;0m▀[0m[38;2;197;65;0m[48;2;123;213;57m▀[0m[38;2;164;255;65m[48;2;164;255;65m▀[0m[38;2;164;255;65m[48;2;164;255;65m▀[0m[38;2;164;255;65m[48;2;164;255;65m▀[0m[38;2;164;255;65m[48;2;164;255;65m▀[0m[38;2;164;255;65m[48;2;164;255;65m▀[0m[38;2;123;213;57m[48;2;123;213;57m▀[0m[38;2;123;213;57m[48;2;123;213;57m▀[0m[38;2;123;213;57m[48;2;24;123;0m▀[0m[38;2;24;123;0m[48;2;57;98;115m▀[0m[38;2;57;98;115m[48;2;57;98;115m▀[0m[38;2;57;98;115m[48;2;57;98;115m▀[0m[38;2;57;98;115m[48;2;57;98;115m▀[0m[38;2;57;98;115m[48;2;57;98;115m▀[0m[38;2;74;139;164m[48;2;74;139;164m▀[0m[38;2;74;139;164m[48;2;74;139;164m▀[0m[38;2;74;139;164m[48;2;16;16;16m▀[0m[38;2;16;16;16m▀[0m        [38;2;24;123;0m▄[0m[38;2;16;16;16m[48;2;82;172;32m▀[0m[38;2;82;172;32m[48;2;82;172;32m▀[0m[38;2;123;213;57m[48;2;82;172;32m▀[0m[38;2;16;16;16m[48;2;16;16;16m▀[0m
  [38;2;24;123;0m▄[0m[38;2;24;123;0m▄[0m[38;2;24;123;0m[48;2;123;213;57m▀[0m[38;2;16;16;16m[48;2;16;16;16m▀[0m[38;2;123;65;197m[48;2;16;16;16m▀[0m[38;2;164;255;65m[48;2;164;255;65m▀[0m[38;2;164;255;65m[48;2;164;255;65m▀[0m[38;2;164;255;65m[48;2;164;255;65m▀[0m[38;2;164;255;65m[48;2;164;255;65m▀[0m[38;2;164;255;65m[48;2;164;255;65m▀[0m[38;2;164;255;65m[48;2;16;16;16m▀[0m[38;2;16;16;16m[48;2;255;255;255m▀[0m[38;2;16;16;16m[48;2;16;16;16m▀[0m[38;2;16;16;16m[48;2;123;65;197m▀[0m[38;2;123;213;57m[48;2;123;213;57m▀[0m[38;2;123;213;57m[48;2;123;213;57m▀[0m[38;2;123;213;57m[48;2;123;213;57m▀[0m[38;2;57;98;115m[48;2;16;16;16m▀[0m[38;2;57;98;115m[48;2;16;16;16m▀[0m[38;2;57;98;115m[48;2;57;98;115m▀[0m[38;2;57;98;115m[48;2;16;16;16m▀[0m[38;2;74;139;164m[48;2;16;16;16m▀[0m[38;2;16;16;16m▀[0m[38;2;16;16;16m▀[0m         [38;2;24;123;0m▄[0m[38;2;24;123;0m[48;2;82;172;32m▀[0m[38;2;82;172;32m[48;2;82;172;32m▀[0m[38;2;82;172;32m[48;2;82;172;32m▀[0m[38;2;16;16;16m[48;2;16;16;16m▀[0m 
[38;2;24;123;0m▄[0m[38;2;24;123;0m[48;2;123;213;57m▀[0m[38;2;123;213;57m[48;2;82;172;32m▀[0m[38;2;123;213;57m[48;2;24;123;0m▀[0m[38;2;82;172;32m[48;2;82;172;32m▀[0m[38;2;16;16;16m[48;2;16;16;16m▀[0m[38;2;164;255;65m[48;2;164;255;65m▀[0m[38;2;164;255;65m[48;2;16;16;16m▀[0m[38;2;164;255;65m[48;2;123;213;57m▀[0m[38;2;164;255;65m[48;2;164;255;65m▀[0m[38;2;164;255;65m[48;2;164;255;65m▀[0m[38;2;16;16;16m[48;2;82;172;32m▀[0m[38;2;123;65;197m[48;2;16;16;16m▀[0m[38;2;197;197;197m[48;2;16;16;16m▀[0m[38;2;123;65;197m[48;2;16;16;16m▀[0m[38;2;123;65;197m[48;2;123;213;57m▀[0m[38;2;123;213;57m[48;2;123;213;57m▀[0m[38;2;123;213;57m[48;2;123;213;57m▀[0m[38;2;123;213;57m[48;2;123;213;57m▀[0m[38;2;123;213;57m[48;2;123;213;57m▀[0m[38;2;123;213;57m[48;2;123;213;57m▀[0m[38;2;16;16;16m[48;2;123;213;57m▀[0m[38;2;16;16;16m[48;2;123;213;57m▀[0m[38;2;16;16;16m▄[0m    [38;2;24;123;0m▄[0m[38;2;24;123;0m▄[0m[38;2;24;123;0m▄[0m[38;2;16;16;16m▄[0m[38;2;16;16;16m▄[0m[38;2;16;16;16m[48;2;82;172;32m▀[0m[38;2;16;16;16m[48;2;82;172;32m▀[0m[38;2;82;172;32m[48;2;82;172;32m▀[0m[38;2;82;172;32m[48;2;82;172;32m▀[0m[38;2;82;172;32m[48;2;16;16;16m▀[0m[38;2;16;16;16m▀[0m  
 [38;2;16;16;16m▀[0m[38;2;16;16;16m▀[0m[38;2;16;16;16m▀[0m[38;2;82;172;32m[48;2;16;16;16m▀[0m[38;2;82;172;32m[48;2;16;16;16m▀[0m[38;2;16;16;16m▀[0m[38;2;164;255;65m[48;2;16;16;16m▀[0m[38;2;164;255;65m[48;2;164;255;65m▀[0m[38;2;164;255;65m[48;2;164;255;65m▀[0m[38;2;164;255;65m[48;2;123;213;57m▀[0m[38;2;164;255;65m[48;2;123;213;57m▀[0m[38;2;123;213;57m[48;2;123;213;57m▀[0m[38;2;123;213;57m[48;2;123;213;57m▀[0m[38;2;123;213;57m[48;2;123;213;57m▀[0m[38;2;123;213;57m[48;2;123;213;57m▀[0m[38;2;123;213;57m[48;2;123;213;57m▀[0m[38;2;123;213;57m[48;2;16;16;16m▀[0m[38;2;123;213;57m[48;2;123;213;57m▀[0m[38;2;123;213;57m[48;2;123;213;57m▀[0m[38;2;123;213;57m[48;2;164;255;65m▀[0m[38;2;164;255;65m[48;2;164;255;65m▀[0m[38;2;123;213;57m[48;2;164;255;65m▀[0m[38;2;164;255;65m[48;2;164;255;65m▀[0m[38;2;16;16;16m[48;2;164;255;65m▀[0m[38;2;24;123;0m▄[0m[38;2;24;123;0m[48;2;164;255;65m▀[0m[38;2;24;123;0m[48;2;164;255;65m▀[0m[38;2;164;255;65m[48;2;164;255;65m▀[0m[38;2;164;255;65m[48;2;164;255;65m▀[0m[38;2;164;255;65m[48;2;164;255;65m▀[0m[38;2;123;213;57m[48;2;164;255;65m▀[0m[38;2;164;255;65m[48;2;123;213;57m▀[0m[38;2;24;123;0m[48;2;164;255;65m▀[0m[38;2;24;123;0m[48;2;123;213;57m▀[0m[38;2;82;172;32m[48;2;16;16;16m▀[0m[38;2;16;16;16m▀[0m    
        [38;2;16;16;16m▀[0m[38;2;16;16;16m▀[0m[38;2;123;213;57m[48;2;24;123;0m▀[0m[38;2;123;213;57m[48;2;24;123;0m▀[0m[38;2;123;213;57m[48;2;24;123;0m▀[0m[38;2;123;213;57m[48;2;24;123;0m▀[0m[38;2;123;213;57m[48;2;123;213;57m▀[0m[38;2;123;213;57m[48;2;123;213;57m▀[0m[38;2;123;213;57m[48;2;82;172;32m▀[0m[38;2;16;16;16m[48;2;24;123;0m▀[0m[38;2;123;213;57m[48;2;16;16;16m▀[0m[38;2;164;255;65m[48;2;164;255;65m▀[0m[38;2;24;123;0m[48;2;16;16;16m▀[0m[38;2;164;255;65m[48;2;16;16;16m▀[0m[38;2;164;255;65m[48;2;164;255;65m▀[0m[38;2;164;255;65m[48;2;164;255;65m▀[0m[38;2;164;255;65m[48;2;164;255;65m▀[0m[38;2;24;123;0m[48;2;164;255;65m▀[0m[38;2;164;255;65m[48;2;24;123;0m▀[0m[38;2;164;255;65m[48;2;164;255;65m▀[0m[38;2;164;255;65m[48;2;164;255;65m▀[0m[38;2;164;255;65m[48;2;164;255;65m▀[0m[38;2;164;255;65m[48;2;123;213;57m▀[0m[38;2;123;213;57m[48;2;123;213;57m▀[0m[38;2;164;255;65m[48;2;123;213;57m▀[0m[38;2;123;213;57m[48;2;123;213;57m▀[0m[38;2;164;255;65m[48;2;123;213;57m▀[0m[38;2;123;213;57m[48;2;123;213;57m▀[0m[38;2;16;16;16m[48;2;16;16;16m▀[0m    
            [38;2;16;16;16m[48;2;16;16;16m▀[0m[38;2;82;172;32m[48;2;82;172;32m▀[0m[38;2;82;172;32m[48;2;82;172;32m▀[0m[38;2;82;172;32m[48;2;82;172;32m▀[0m[38;2;82;172;32m[48;2;82;172;32m▀[0m[38;2;82;172;32m[48;2;82;172;32m▀[0m[38;2;82;172;32m[48;2;82;172;32m▀[0m[38;2;16;16;16m[48;2;123;213;57m▀[0m[38;2;16;16;16m[48;2;123;213;57m▀[0m[38;2;164;255;65m[48;2;123;213;57m▀[0m[38;2;16;16;16m[48;2;123;213;57m▀[0m[38;2;16;16;16m[48;2;164;255;65m▀[0m[38;2;164;255;65m[48;2;16;16;16m▀[0m[38;2;164;255;65m[48;2;16;16;16m▀[0m[38;2;24;123;0m[48;2;24;123;0m▀[0m[38;2;164;255;65m[48;2;123;213;57m▀[0m[38;2;164;255;65m[48;2;123;213;57m▀[0m[38;2;123;213;57m[48;2;123;213;57m▀[0m[38;2;123;213;57m[48;2;123;213;57m▀[0m[38;2;123;213;57m[48;2;123;213;57m▀[0m[38;2;123;213;57m[48;2;123;213;57m▀[0m[38;2;123;213;57m[48;2;123;213;57m▀[0m[38;2;123;213;57m[48;2;123;213;57m▀[0m[38;2;123;213;57m[48;2;123;213;57m▀[0m[38;2;123;213;57m[48;2;123;213;57m▀[0m[38;2;16;16;16m[48;2;16;16;16m▀[0m   
            [38;2;16;16;16m[48;2;82;172;32m▀[0m[38;2;82;172;32m[48;2;24;123;0m▀[0m[38;2;82;172;32m[48;2;82;172;32m▀[0m[38;2;82;172;32m[48;2;82;172;32m▀[0m[38;2;82;172;32m[48;2;123;213;57m▀[0m[38;2;82;172;32m[48;2;123;213;57m▀[0m[38;2;123;213;57m[48;2;123;213;57m▀[0m[38;2;123;213;57m[48;2;123;213;57m▀[0m[38;2;123;213;57m[48;2;123;213;57m▀[0m[38;2;123;213;57m[48;2;123;213;57m▀[0m[38;2;123;213;57m[48;2;123;213;57m▀[0m[38;2;123;213;57m[48;2;123;213;57m▀[0m[38;2;123;213;57m[48;2;123;213;57m▀[0m[38;2;123;213;57m[48;2;123;213;57m▀[0m[38;2;123;213;57m[48;2;123;213;57m▀[0m[38;2;123;213;57m[48;2;123;213;57m▀[0m[38;2;123;213;57m[48;2;123;213;57m▀[0m[38;2;123;213;57m[48;2;123;213;57m▀[0m[38;2;123;213;57m[48;2;123;213;57m▀[0m[38;2;123;213;57m[48;2;123;213;57m▀[0m[38;2;123;213;57m[48;2;123;213;57m▀[0m[38;2;123;213;57m[48;2;123;213;57m▀[0m[38;2;123;213;57m[48;2;123;213;57m▀[0m[38;2;123;213;57m[48;2;123;213;57m▀[0m[38;2;123;213;57m[48;2;123;213;57m▀[0m[38;2;16;16;16m[48;2;16;16;16m▀[0m   
          [38;2;16;16;16m▄[0m[38;2;16;16;16m[48;2;82;172;32m▀[0m[38;2;82;172;32m[48;2;82;172;32m▀[0m[38;2;82;172;32m[48;2;82;172;32m▀[0m[38;2;123;213;57m[48;2;24;123;0m▀[0m[38;2;123;213;57m[48;2;123;213;57m▀[0m[38;2;123;213;57m[48;2;123;213;57m▀[0m[38;2;123;213;57m[48;2;123;213;57m▀[0m[38;2;123;213;57m[48;2;123;213;57m▀[0m[38;2;123;213;57m[48;2;123;213;57m▀[0m[38;2;123;213;57m[48;2;123;213;57m▀[0m[38;2;123;213;57m[48;2;123;213;57m▀[0m[38;2;123;213;57m[48;2;123;213;57m▀[0m[38;2;123;213;57m[48;2;123;213;57m▀[0m[38;2;123;213;57m[48;2;82;172;32m▀[0m[38;2;123;213;57m[48;2;24;123;0m▀[0m[38;2;82;172;32m[48;2;24;123;0m▀[0m[38;2;24;123;0m[48;2;24;123;0m▀[0m[38;2;24;123;0m[48;2;16;16;16m▀[0m[38;2;24;123;0m[48;2;16;16;16m▀[0m[38;2;24;123;0m[48;2;24;123;0m▀[0m[38;2;123;213;57m[48;2;16;16;16m▀[0m[38;2;123;213;57m[48;2;123;213;57m▀[0m[38;2;123;213;57m[48;2;123;213;57m▀[0m[38;2;123;213;57m[48;2;123;213;57m▀[0m[38;2;123;213;57m[48;2;123;213;57m▀[0m[38;2;123;213;57m[48;2;123;213;57m▀[0m[38;2;24;123;0m[48;2;123;213;57m▀[0m[38;2;24;123;0m▄[0m  
       [38;2;24;123;0m▄[0m[38;2;24;123;0m[48;2;123;213;57m▀[0m[38;2;16;16;16m[48;2;123;213;57m▀[0m[38;2;82;172;32m[48;2;123;213;57m▀[0m[38;2;82;172;32m[48;2;82;172;32m▀[0m[38;2;82;172;32m[48;2;82;172;32m▀[0m[38;2;82;172;32m[48;2;82;172;32m▀[0m[38;2;82;172;32m[48;2;16;16;16m▀[0m[38;2;24;123;0m[48;2;16;16;16m▀[0m[38;2;82;172;32m[48;2;24;123;0m▀[0m[38;2;123;213;57m[48;2;82;172;32m▀[0m[38;2;123;213;57m[48;2;123;213;57m▀[0m[38;2;123;213;57m[48;2;123;213;57m▀[0m[38;2;123;213;57m[48;2;123;213;57m▀[0m[38;2;123;213;57m[48;2;123;213;57m▀[0m[38;2;123;213;57m[48;2;123;213;57m▀[0m[38;2;82;172;32m[48;2;16;16;16m▀[0m[38;2;24;123;0m[48;2;16;16;16m▀[0m[38;2;24;123;0m▀[0m[38;2;16;16;16m▀[0m[38;2;16;16;16m[48;2;16;16;16m▀[0m[38;2;24;123;0m[48;2;24;123;0m▀[0m[38;2;24;123;0m[48;2;24;123;0m▀[0m[38;2;24;123;0m[48;2;24;123;0m▀[0m[38;2;16;16;16m[48;2;24;123;0m▀[0m[38;2;16;16;16m[48;2;16;16;16m▀[0m[38;2;123;213;57m[48;2;16;16;16m▀[0m[38;2;123;213;57m[48;2;16;16;16m▀[0m[38;2;123;213;57m[48;2;123;213;57m▀[0m[38;2;123;213;57m[48;2;123;213;57m▀[0m[38;2;123;213;57m[48;2;123;213;57m▀[0m[38;2;24;123;0m[48;2;123;213;57m▀[0m[38;2;24;123;0m▄[0m 
      [38;2;24;123;0m[48;2;24;123;0m▀[0m[38;2;123;213;57m[48;2;82;172;32m▀[0m[38;2;123;213;57m[48;2;123;213;57m▀[0m[38;2;123;213;57m[48;2;82;172;32m▀[0m[38;2;82;172;32m[48;2;24;123;0m▀[0m[38;2;82;172;32m[48;2;16;16;16m▀[0m[38;2;24;123;0m▀[0m[38;2;16;16;16m▀[0m   [38;2;16;16;16m[48;2;16;16;16m▀[0m[38;2;123;213;57m[48;2;123;213;57m▀[0m[38;2;123;213;57m[48;2;123;213;57m▀[0m[38;2;123;213;57m[48;2;123;213;57m▀[0m[38;2;123;213;57m[48;2;123;213;57m▀[0m[38;2;123;213;57m[48;2;16;16;16m▀[0m[38;2;16;16;16m▀[0m    [38;2;16;16;16m[48;2;16;16;16m▀[0m[38;2;24;123;0m[48;2;24;123;0m▀[0m[38;2;24;123;0m[48;2;24;123;0m▀[0m[38;2;24;123;0m[48;2;16;16;16m▀[0m[38;2;16;16;16m▀[0m  [38;2;16;16;16m[48;2;16;16;16m▀[0m[38;2;123;213;57m[48;2;123;213;57m▀[0m[38;2;123;213;57m[48;2;123;213;57m▀[0m[38;2;123;213;57m[48;2;123;213;57m▀[0m[38;2;24;123;0m[48;2;24;123;0m▀[0m 
     [38;2;24;123;0m[48;2;24;123;0m▀[0m[38;2;82;172;32m[48;2;82;172;32m▀[0m[38;2;82;172;32m[48;2;82;172;32m▀[0m[38;2;82;172;32m[48;2;16;16;16m▀[0m[38;2;16;16;16m▀[0m       [38;2;16;16;16m[48;2;16;16;16m▀[0m[38;2;123;213;57m[48;2;123;213;57m▀[0m[38;2;123;213;57m[48;2;123;213;57m▀[0m[38;2;123;213;57m[48;2;123;213;57m▀[0m[38;2;16;16;16m[48;2;16;16;16m▀[0m      [38;2;16;16;16m[48;2;16;16;16m▀[0m[38;2;24;123;0m[48;2;24;123;0m▀[0m[38;2;24;123;0m[48;2;24;123;0m▀[0m[38;2;16;16;16m[48;2;16;16;16m▀[0m   [38;2;16;16;16m[48;2;16;16;16m▀[0m[38;2;123;213;57m[48;2;123;213;57m▀[0m[38;2;123;213;57m[48;2;123;213;57m▀[0m[38;2;123;213;57m[48;2;123;213;57m▀[0m[38;2;24;123;0m[48;2;16;16;16m▀[0m 
      [38;2;24;123;0m[48;2;24;123;0m▀[0m[38;2;82;172;32m[48;2;16;16;16m▀[0m[38;2;16;16;16m▀[0m       [38;2;16;16;16m[48;2;16;16;16m▀[0m[38;2;123;213;57m[48;2;123;213;57m▀[0m[38;2;123;213;57m[48;2;164;255;65m▀[0m[38;2;164;255;65m[48;2;164;255;65m▀[0m[38;2;16;16;16m[48;2;16;16;16m▀[0m     [38;2;16;16;16m▄[0m[38;2;16;16;16m[48;2;24;123;0m▀[0m[38;2;24;123;0m[48;2;24;123;0m▀[0m[38;2;24;123;0m[48;2;24;123;0m▀[0m[38;2;16;16;16m[48;2;16;16;16m▀[0m   [38;2;24;123;0m▄[0m[38;2;24;123;0m[48;2;164;255;65m▀[0m[38;2;164;255;65m[48;2;164;255;65m▀[0m[38;2;164;255;65m[48;2;164;255;65m▀[0m[38;2;16;16;16m[48;2;16;16;16m▀[0m[38;2;16;16;16m▀[0m 
                [38;2;16;16;16m[48;2;16;16;16m▀[0m[38;2;164;255;65m[48;2;164;255;65m▀[0m[38;2;164;255;65m[48;2;164;255;65m▀[0m[38;2;123;213;57m[48;2;16;16;16m▀[0m[38;2;16;16;16m▀[0m     [38;2;16;16;16m▀[0m[38;2;16;16;16m▀[0m[38;2;16;16;16m▀[0m[38;2;16;16;16m▀[0m    [38;2;16;16;16m▀[0m[38;2;123;213;57m[48;2;16;16;16m▀[0m[38;2;24;123;0m[48;2;16;16;16m▀[0m[38;2;123;213;57m[48;2;16;16;16m▀[0m[38;2;16;16;16m▀[0m  
               [38;2;16;16;16m[48;2;16;16;16m▀[0m[38;2;164;255;65m[48;2;164;255;65m▀[0m[38;2;164;255;65m[48;2;164;255;65m▀[0m[38;2;164;255;65m[48;2;16;16;16m▀[0m[38;2;16;16;16m▀[0m                     
                [38;2;16;16;16m▀[0m[38;2;16;16;16m▀[0m                       
[0m