                   [38;2;16;16;16m▄[0m[38;2;16;16;16m▄[0m [38;2;4;4;4m▄[0m[38;2;12;12;12m[48;2;67;65;65m▀[0m[38;2;13;13;13m[48;2;86;81;81m▀[0m[38;2;12;12;12m[48;2;82;79;79m▀[0m[38;2;12;12;12m[48;2;79;75;75m▀[0m[38;2;9;9;9m[48;2;24;24;24m▀[0m[38;2;0;0;0m▄[0m                                                   
                   [38;2;15;15;15m[48;2;15;15;15m▀[0m[38;2;14;14;14m[48;2;13;13;13m▀[0m[38;2;25;25;25m[48;2;27;26;26m▀[0m[38;2;57;54;54m[48;2;92;88;88m▀[0m[38;2;70;67;67m[48;2;36;33;33m▀[0m[38;2;72;69;69m[48;2;2;4;4m▀[0m[38;2;71;67;67m[48;2;12;12;12m▀[0m[38;2;67;64;64m[48;2;21;21;21m▀[0m[38;2;44;42;42m[48;2;64;60;60m▀[0m[38;2;26;24;24m[48;2;39;38;38m▀[0m[38;2;10;10;10m[48;2;9;9;9m▀[0m                                                  
                    [38;2;16;16;16m[48;2;21;21;21m▀[0m[38;2;17;17;17m[48;2;17;17;17m▀[0m[38;2;16;16;16m[48;2;5;5;5m▀[0m[38;2;17;17;17m[48;2;0;0;0m▀[0m[38;2;9;9;9m[48;2;17;17;17m▀[0m[38;2;28;27;27m[48;2;20;17;17m▀[0m[38;2;65;62;62m[48;2;26;25;25m▀[0m[38;2;68;64;64m[48;2;57;54;54m▀[0m[38;2;36;35;35m[48;2;63;60;60m▀[0m[38;2;10;10;10m[48;2;43;41;41m▀[0m[38;2;0;0;0m[48;2;9;9;9m▀[0m                                                 
                         [38;2;0;0;0m[48;2;6;6;6m▀[0m[38;2;16;16;16m[48;2;18;18;18m▀[0m[38;2;84;79;79m[48;2;72;68;68m▀[0m[38;2;80;76;76m[48;2;81;77;77m▀[0m[38;2;57;54;54m[48;2;75;71;71m▀[0m[38;2;41;39;39m[48;2;63;60;60m▀[0m[38;2;18;18;18m[48;2;19;19;19m▀[0m[38;2;12;12;12m[48;2;7;7;7m▀[0m                                               
                          [38;2;0;0;0m▄[0m[38;2;4;5;5m[48;2;8;10;10m▀[0m[38;2;72;69;69m[48;2;75;72;72m▀[0m[38;2;100;95;95m[48;2;98;93;93m▀[0m[38;2;58;55;55m[48;2;60;58;58m▀[0m[38;2;23;23;23m[48;2;63;60;60m▀[0m[38;2;15;15;15m[48;2;28;27;27m▀[0m[38;2;0;0;0m[48;2;8;8;8m▀[0m                                              
                          [38;2;0;0;0m▀[0m[38;2;8;12;12m▀[0m[38;2;32;30;30m[48;2;0;0;0m▀[0m[38;2;61;58;58m[48;2;44;42;42m▀[0m[38;2;92;88;88m[48;2;106;100;100m▀[0m[38;2;68;65;65m[48;2;64;61;61m▀[0m[38;2;57;55;55m[48;2;66;63;63m▀[0m[38;2;34;33;33m[48;2;56;54;54m▀[0m[38;2;7;7;7m[48;2;32;31;31m▀[0m[38;2;15;15;15m▄[0m[38;2;13;13;13m▄[0m                                           
                            [38;2;6;6;6m[48;2;6;6;6m▀[0m[38;2;47;45;45m[48;2;46;44;44m▀[0m[38;2;104;99;99m[48;2;107;101;101m▀[0m[38;2;73;70;70m[48;2;104;99;99m▀[0m[38;2;65;62;62m[48;2;74;71;71m▀[0m[38;2;68;65;65m[48;2;64;61;61m▀[0m[38;2;58;56;56m[48;2;55;53;53m▀[0m[38;2;16;16;16m[48;2;16;16;16m▀[0m[38;2;12;12;12m[48;2;11;11;11m▀[0m[38;2;0;0;0m▄[0m                                          
                            [38;2;6;6;6m[48;2;6;6;6m▀[0m[38;2;46;44;44m[48;2;46;44;44m▀[0m[38;2;107;101;101m[48;2;107;101;101m▀[0m[38;2;105;100;100m[48;2;104;99;99m▀[0m[38;2;74;71;71m[48;2;72;69;69m▀[0m[38;2;61;59;59m[48;2;59;57;57m▀[0m[38;2;64;61;61m[48;2;64;62;62m▀[0m[38;2;57;54;54m[48;2;66;63;63m▀[0m[38;2;17;21;21m[48;2;91;40;40m▀[0m[38;2;0;6;6m[48;2;44;19;19m▀[0m[38;2;0;5;5m▄[0m       [38;2;10;10;10m▄[0m[38;2;13;13;13m▄[0m[38;2;16;16;16m▄[0m[38;2;18;18;18m▄[0m                              
                [38;2;0;12;12m[48;2;3;11;11m▀[0m[38;2;21;18;18m[48;2;23;19;19m▀[0m[38;2;108;37;37m[48;2;140;53;53m▀[0m[38;2;121;33;33m[48;2;151;55;55m▀[0m[38;2;110;33;33m▄[0m[38;2;114;38;38m▄[0m     [38;2;12;12;12m▄[0m[38;2;1;1;1m[48;2;15;15;15m▀[0m[38;2;43;42;42m[48;2;52;49;49m▀[0m[38;2;107;101;101m[48;2;106;101;101m▀[0m[38;2;103;98;98m[48;2;102;97;97m▀[0m[38;2;84;80;80m[48;2;107;101;101m▀[0m[38;2;69;66;66m[48;2;86;82;82m▀[0m[38;2;62;60;60m[48;2;61;59;59m▀[0m[38;2;64;61;61m[48;2;64;61;61m▀[0m[38;2;109;55;55m[48;2;51;61;61m▀[0m[38;2;107;45;45m[48;2;166;74;74m▀[0m[38;2;69;31;31m[48;2;170;60;60m▀[0m[38;2;6;13;13m[48;2;5;12;12m▀[0m[38;2;0;0;0m[48;2;0;14;14m▀[0m  [38;2;0;0;0m▄[0m[38;2;11;11;11m▄[0m[38;2;3;3;3m[48;2;17;16;16m▀[0m[38;2;28;27;27m[48;2;50;49;49m▀[0m[38;2;31;31;31m[48;2;57;55;55m▀[0m[38;2;15;15;15m[48;2;13;13;13m▀[0m[38;2;19;19;19m[48;2;10;10;10m▀[0m                              
                [38;2;0;3;3m[48;2;0;0;0m▀[0m[38;2;26;21;21m[48;2;23;17;17m▀[0m[38;2;238;108;108m[48;2;68;37;37m▀[0m[38;2;184;74;74m[48;2;191;86;86m▀[0m[38;2;119;39;39m[48;2;236;110;110m▀[0m[38;2;122;42;42m[48;2;210;89;89m▀[0m[38;2;123;41;41m▄[0m[38;2;74;16;16m▄[0m  [38;2;0;0;0m[48;2;0;0;0m▀[0m[38;2;9;11;11m[48;2;9;10;10m▀[0m[38;2;66;64;64m[48;2;71;68;68m▀[0m[38;2;105;100;100m[48;2;110;105;105m▀[0m[38;2;102;97;97m[48;2;102;97;97m▀[0m[38;2;102;97;97m[48;2;102;97;97m▀[0m[38;2;105;100;100m[48;2;105;100;100m▀[0m[38;2;85;81;81m[48;2;85;81;81m▀[0m[38;2;61;59;59m[48;2;61;59;59m▀[0m[38;2;64;61;61m[48;2;64;61;61m▀[0m[38;2;59;62;62m[48;2;63;61;61m▀[0m[38;2;114;55;55m[48;2;66;58;58m▀[0m[38;2;104;36;36m[48;2;114;60;60m▀[0m[38;2;3;12;12m[48;2;164;59;59m▀[0m[38;2;0;0;0m[48;2;13;15;15m▀[0m[38;2;0;0;0m▄[0m[38;2;4;0;0m▄[0m[38;2;7;7;7m[48;2;20;19;19m▀[0m[38;2;13;13;13m[48;2;52;49;49m▀[0m[38;2;52;50;50m[48;2;66;63;63m▀[0m[38;2;70;67;67m[48;2;48;46;46m▀[0m[38;2;53;51;51m[48;2;23;23;23m▀[0m[38;2;13;13;13m[48;2;11;11;11m▀[0m[38;2;10;10;10m[48;2;0;0;0m▀[0m                              
                  [38;2;0;0;0m▀[0m[38;2;108;52;52m[48;2;0;0;0m▀[0m[38;2;194;98;98m[48;2;92;46;46m▀[0m[38;2;255;120;120m[48;2;255;115;115m▀[0m[38;2;202;86;86m[48;2;255;113;113m▀[0m[38;2;145;53;53m[48;2;196;79;79m▀[0m[38;2;86;24;24m[48;2;139;51;51m▀[0m[38;2;78;24;24m▄[0m[38;2;13;13;13m▄[0m[38;2;3;5;5m[48;2;27;27;27m▀[0m[38;2;67;64;64m[48;2;77;73;73m▀[0m[38;2;108;103;103m[48;2;107;102;102m▀[0m[38;2;102;97;97m[48;2;102;97;97m▀[0m[38;2;102;97;97m[48;2;102;97;97m▀[0m[38;2;107;102;102m[48;2;99;94;94m▀[0m[38;2;86;82;82m[48;2;80;77;77m▀[0m[38;2;61;59;59m[48;2;62;59;59m▀[0m[38;2;64;61;61m[48;2;64;61;61m▀[0m[38;2;64;61;61m[48;2;64;61;61m▀[0m[38;2;52;61;61m[48;2;61;62;62m▀[0m[38;2;103;64;64m[48;2;73;55;55m▀[0m[38;2;193;63;63m[48;2;121;48;48m▀[0m[38;2;122;48;48m[48;2;234;81;81m▀[0m[38;2;58;25;25m[48;2;79;33;33m▀[0m[38;2;17;23;23m[48;2;21;33;33m▀[0m[38;2;46;44;44m[48;2;71;68;68m▀[0m[38;2;67;64;64m[48;2;64;61;61m▀[0m[38;2;71;68;68m[48;2;59;56;56m▀[0m[38;2;39;37;37m[48;2;35;34;34m▀[0m[38;2;7;7;7m[48;2;10;10;10m▀[0m                                
         [38;2;0;0;0m[48;2;9;9;9m▀[0m[38;2;0;0;0m[48;2;10;10;10m▀[0m[38;2;0;0;0m[48;2;9;10;10m▀[0m[38;2;0;0;0m[48;2;9;10;10m▀[0m[38;2;0;0;0m[48;2;9;10;10m▀[0m[38;2;0;0;0m[48;2;10;10;10m▀[0m[38;2;0;0;0m[48;2;5;10;10m▀[0m[38;2;0;0;0m[48;2;0;11;11m▀[0m[38;2;0;0;0m[48;2;1;10;10m▀[0m[38;2;0;0;0m▄[0m[38;2;0;9;9m[48;2;0;0;0m▀[0m[38;2;89;38;38m[48;2;29;17;17m▀[0m[38;2;225;78;78m[48;2;68;32;32m▀[0m[38;2;215;74;74m[48;2;223;77;77m▀[0m[38;2;255;111;111m[48;2;230;82;82m▀[0m[38;2;206;86;86m[48;2;246;101;101m▀[0m[38;2;95;33;33m[48;2;191;88;88m▀[0m[38;2;16;17;17m[48;2;15;16;16m▀[0m[38;2;89;86;86m[48;2;91;87;87m▀[0m[38;2;107;101;101m[48;2;108;103;103m▀[0m[38;2;102;97;97m[48;2;102;97;97m▀[0m[38;2;102;97;97m[48;2;102;97;97m▀[0m[38;2;103;98;98m[48;2;105;100;100m▀[0m[38;2;74;71;71m[48;2;74;71;71m▀[0m[38;2;61;59;59m[48;2;60;59;59m▀[0m[38;2;64;61;61m[48;2;64;61;61m▀[0m[38;2;64;61;61m[48;2;64;61;61m▀[0m[38;2;64;61;61m[48;2;64;61;61m▀[0m[38;2;64;61;61m[48;2;64;61;61m▀[0m[38;2;58;60;60m[48;2;61;62;62m▀[0m[38;2;75;62;62m[48;2;69;60;60m▀[0m[38;2;213;78;78m[48;2;137;49;49m▀[0m[38;2;81;32;32m[48;2;190;65;65m▀[0m[38;2;24;31;31m[48;2;119;47;47m▀[0m[38;2;67;64;64m[48;2;20;27;27m▀[0m[38;2;64;61;61m[48;2;67;64;64m▀[0m[38;2;25;26;26m[48;2;28;28;28m▀[0m[38;2;8;11;11m[48;2;8;10;10m▀[0m                                 
[38;2;15;15;15m▄[0m[38;2;18;18;18m[48;2;14;14;14m▀[0m[38;2;14;16;16m[48;2;28;27;27m▀[0m[38;2;10;10;10m[48;2;32;31;31m▀[0m[38;2;8;8;8m▄[0m[38;2;3;3;3m▄[0m[38;2;3;3;3m[48;2;42;40;40m▀[0m[38;2;4;6;6m[48;2;42;41;41m▀[0m[38;2;22;20;20m[48;2;20;20;20m▀[0m[38;2;69;66;66m[48;2;74;70;70m▀[0m[38;2;79;75;75m[48;2;82;77;77m▀[0m[38;2;74;71;71m[48;2;87;83;83m▀[0m[38;2;72;68;68m[48;2;99;94;94m▀[0m[38;2;72;69;69m[48;2;98;93;93m▀[0m[38;2;66;69;69m[48;2;90;92;92m▀[0m[38;2;112;61;61m[48;2;138;82;82m▀[0m[38;2;159;54;54m[48;2;194;79;79m▀[0m[38;2;142;50;50m[48;2;190;88;88m▀[0m[38;2;31;13;13m[48;2;62;52;52m▀[0m[38;2;0;5;5m[48;2;69;39;39m▀[0m[38;2;0;6;6m[48;2;94;37;37m▀[0m[38;2;0;11;11m[48;2;87;36;36m▀[0m[38;2;73;33;33m[48;2;73;32;32m▀[0m[38;2;195;67;67m[48;2;124;47;47m▀[0m[38;2;255;94;94m[48;2;202;69;69m▀[0m[38;2;189;77;77m[48;2;180;63;63m▀[0m[38;2;13;16;16m[48;2;5;13;13m▀[0m[38;2;66;64;64m[48;2;51;52;52m▀[0m[38;2;98;93;93m[48;2;82;77;77m▀[0m[38;2;107;102;102m[48;2;92;88;88m▀[0m[38;2;102;98;98m[48;2;86;83;83m▀[0m[38;2;81;77;77m[48;2;63;60;60m▀[0m[38;2;67;64;64m[48;2;63;60;60m▀[0m[38;2;63;60;60m[48;2;64;61;61m▀[0m[38;2;64;61;61m[48;2;64;61;61m▀[0m[38;2;64;61;61m[48;2;64;61;61m▀[0m[38;2;64;61;61m[48;2;64;61;61m▀[0m[38;2;64;61;61m[48;2;64;61;61m▀[0m[38;2;63;61;61m[48;2;64;61;61m▀[0m[38;2;65;61;61m[48;2;63;61;61m▀[0m[38;2;76;52;52m[48;2;52;61;61m▀[0m[38;2;201;76;76m[48;2;184;76;76m▀[0m[38;2;146;52;52m[48;2;143;52;52m▀[0m[38;2;3;13;13m[48;2;3;12;12m▀[0m[38;2;35;34;34m[48;2;13;13;13m▀[0m[38;2;23;23;23m[48;2;7;7;7m▀[0m[38;2;11;11;11m▀[0m                                 
[38;2;15;15;15m[48;2;21;21;21m▀[0m[38;2;13;13;13m[48;2;21;21;21m▀[0m[38;2;39;37;37m[48;2;12;12;12m▀[0m[38;2;58;56;56m[48;2;27;26;26m▀[0m[38;2;22;22;22m[48;2;63;60;60m▀[0m[38;2;16;16;16m[48;2;67;64;64m▀[0m[38;2;69;66;66m[48;2;42;39;39m▀[0m[38;2;82;78;78m[48;2;15;15;15m▀[0m[38;2;12;12;12m[48;2;21;21;21m▀[0m[38;2;10;11;11m[48;2;0;0;0m▀[0m[38;2;6;7;7m[48;2;0;0;0m▀[0m[38;2;30;29;29m[48;2;16;16;16m▀[0m[38;2;60;58;58m[48;2;19;19;19m▀[0m[38;2;57;55;55m[48;2;18;18;18m▀[0m[38;2;62;58;58m[48;2;56;53;53m▀[0m[38;2;58;59;59m[48;2;68;65;65m▀[0m[38;2;64;69;69m[48;2;65;62;62m▀[0m[38;2;93;96;96m[48;2;65;63;63m▀[0m[38;2;96;99;99m[48;2;66;63;63m▀[0m[38;2;174;85;85m[48;2;70;62;62m▀[0m[38;2;220;76;76m[48;2;72;62;62m▀[0m[38;2;214;79;79m[48;2;72;62;62m▀[0m[38;2;218;80;80m[48;2;72;62;62m▀[0m[38;2;46;28;28m[48;2;67;62;62m▀[0m[38;2;97;42;42m[48;2;31;35;35m▀[0m[38;2;175;62;62m[48;2;67;28;28m▀[0m[38;2;36;23;23m[48;2;213;75;75m▀[0m[38;2;53;51;51m[48;2;45;24;24m▀[0m[38;2;61;59;59m[48;2;36;41;41m▀[0m[38;2;62;59;59m[48;2;68;64;64m▀[0m[38;2;62;59;59m[48;2;64;61;61m▀[0m[38;2;64;61;61m[48;2;64;61;61m▀[0m[38;2;64;61;61m[48;2;64;61;61m▀[0m[38;2;64;61;61m[48;2;64;61;61m▀[0m[38;2;64;61;61m[48;2;64;61;61m▀[0m[38;2;64;61;61m[48;2;64;61;61m▀[0m[38;2;64;61;61m[48;2;64;61;61m▀[0m[38;2;64;61;61m[48;2;64;61;61m▀[0m[38;2;64;61;61m[48;2;64;61;61m▀[0m[38;2;63;61;61m[48;2;63;61;61m▀[0m[38;2;57;60;60m[48;2;57;60;60m▀[0m[38;2;187;76;76m[48;2;188;77;77m▀[0m[38;2;144;52;52m[48;2;146;54;54m▀[0m[38;2;2;12;12m[48;2;0;10;10m▀[0m[38;2;14;15;15m[48;2;0;0;0m▀[0m[38;2;12;12;12m▀[0m                                  
  [38;2;0;0;0m▀[0m[38;2;20;20;20m[48;2;0;0;0m▀[0m[38;2;31;30;30m[48;2;9;9;9m▀[0m[38;2;33;32;32m[48;2;11;11;11m▀[0m[38;2;23;22;22m[48;2;9;9;9m▀[0m[38;2;0;0;0m▀[0m   [38;2;12;12;12m▀[0m[38;2;7;11;11m▀[0m[38;2;7;7;7m▀[0m[38;2;26;25;25m[48;2;10;10;10m▀[0m[38;2;29;28;28m[48;2;7;7;7m▀[0m[38;2;39;37;37m[48;2;19;21;21m▀[0m[38;2;67;64;64m[48;2;44;42;42m▀[0m[38;2;64;60;60m[48;2;65;61;61m▀[0m[38;2;60;60;60m[48;2;66;63;63m▀[0m[38;2;59;61;61m[48;2;64;61;61m▀[0m[38;2;59;61;61m[48;2;64;61;61m▀[0m[38;2;59;60;60m[48;2;64;61;61m▀[0m[38;2;66;63;63m[48;2;64;61;61m▀[0m[38;2;55;57;57m[48;2;68;64;64m▀[0m[38;2;51;43;43m[48;2;58;57;57m▀[0m[38;2;69;29;29m[48;2;25;33;33m▀[0m[38;2;16;11;11m[48;2;36;37;37m▀[0m[38;2;43;42;42m[48;2;37;35;35m▀[0m[38;2;71;67;67m[48;2;48;46;46m▀[0m[38;2;64;61;61m[48;2;68;65;65m▀[0m[38;2;64;61;61m[48;2;64;61;61m▀[0m[38;2;64;61;61m[48;2;64;61;61m▀[0m[38;2;64;61;61m[48;2;64;61;61m▀[0m[38;2;64;61;61m[48;2;64;61;61m▀[0m[38;2;64;61;61m[48;2;64;61;61m▀[0m[38;2;64;61;61m[48;2;64;61;61m▀[0m[38;2;64;61;61m[48;2;64;61;61m▀[0m[38;2;64;61;61m[48;2;64;61;61m▀[0m[38;2;64;61;61m[48;2;64;61;61m▀[0m[38;2;60;61;61m[48;2;67;65;65m▀[0m[38;2;142;60;60m[48;2;56;36;36m▀[0m[38;2;94;35;35m[48;2;76;30;30m▀[0m[38;2;5;12;12m[48;2;127;49;49m▀[0m[38;2;122;43;43m[48;2;178;63;63m▀[0m[38;2;121;43;43m[48;2;180;63;63m▀[0m[38;2;119;41;41m[48;2;179;63;63m▀[0m[38;2;119;41;41m[48;2;179;63;63m▀[0m[38;2;119;41;41m[48;2;179;63;63m▀[0m[38;2;119;41;41m[48;2;179;63;63m▀[0m[38;2;128;45;45m[48;2;188;66;66m▀[0m[38;2;120;40;40m[48;2;156;55;55m▀[0m[38;2;110;39;39m▄[0m[38;2;117;41;41m▄[0m[38;2;125;43;43m▄[0m[38;2;115;40;40m▄[0m                        
                [38;2;0;7;7m▀[0m[38;2;13;13;13m[48;2;63;63;63m▀[0m[38;2;49;47;47m[48;2;11;12;12m▀[0m[38;2;62;59;59m[48;2;47;45;45m▀[0m[38;2;65;62;62m[48;2;67;64;64m▀[0m[38;2;64;61;61m[48;2;64;61;61m▀[0m[38;2;64;61;61m[48;2;64;61;61m▀[0m[38;2;64;61;61m[48;2;64;61;61m▀[0m[38;2;64;61;61m[48;2;64;61;61m▀[0m[38;2;65;62;62m[48;2;64;61;61m▀[0m[38;2;67;64;64m[48;2;64;61;61m▀[0m[38;2;70;67;67m[48;2;64;61;61m▀[0m[38;2;38;36;36m[48;2;68;65;65m▀[0m[38;2;29;28;28m[48;2;47;45;45m▀[0m[38;2;55;52;52m[48;2;18;18;18m▀[0m[38;2;64;61;61m[48;2;60;57;57m▀[0m[38;2;66;63;63m[48;2;65;62;62m▀[0m[38;2;65;62;62m[48;2;63;60;60m▀[0m[38;2;64;61;61m[48;2;64;61;61m▀[0m[38;2;64;61;61m[48;2;64;61;61m▀[0m[38;2;64;61;61m[48;2;64;61;61m▀[0m[38;2;65;62;62m[48;2;63;60;60m▀[0m[38;2;66;63;63m[48;2;65;62;62m▀[0m[38;2;64;61;61m[48;2;58;56;56m▀[0m[38;2;54;53;53m[48;2;10;16;16m▀[0m[38;2;43;31;31m[48;2;154;56;56m▀[0m[38;2;131;49;49m[48;2;231;80;80m▀[0m[38;2;241;83;83m[48;2;217;76;76m▀[0m[38;2;223;78;78m[48;2;217;76;76m▀[0m[38;2;223;78;78m[48;2;217;76;76m▀[0m[38;2;223;78;78m[48;2;217;76;76m▀[0m[38;2;223;78;78m[48;2;217;76;76m▀[0m[38;2;223;78;78m[48;2;217;76;76m▀[0m[38;2;223;78;78m[48;2;217;76;76m▀[0m[38;2;230;80;80m[48;2;216;76;76m▀[0m[38;2;200;70;70m[48;2;215;75;75m▀[0m[38;2;156;55;55m[48;2;214;75;75m▀[0m[38;2;161;56;56m[48;2;214;75;75m▀[0m[38;2;171;59;59m[48;2;220;77;77m▀[0m[38;2;146;51;51m[48;2;169;60;60m▀[0m[38;2;125;45;45m[48;2;124;44;44m▀[0m[38;2;129;43;43m[48;2;126;44;44m▀[0m[38;2;145;36;36m[48;2;127;42;42m▀[0m                     
                 [38;2;42;42;42m[48;2;0;0;0m▀[0m[38;2;11;12;12m[48;2;12;15;15m▀[0m[38;2;49;47;47m[48;2;28;26;26m▀[0m[38;2;69;66;66m[48;2;49;47;47m▀[0m[38;2;64;61;61m[48;2;69;66;66m▀[0m[38;2;64;61;61m[48;2;64;61;61m▀[0m[38;2;64;61;61m[48;2;64;61;61m▀[0m[38;2;64;61;61m[48;2;64;61;61m▀[0m[38;2;64;61;61m[48;2;64;61;61m▀[0m[38;2;64;61;61m[48;2;64;61;61m▀[0m[38;2;64;61;61m[48;2;64;61;61m▀[0m[38;2;65;62;62m[48;2;64;61;61m▀[0m[38;2;64;61;61m[48;2;66;63;63m▀[0m[38;2;53;51;51m[48;2;64;61;61m▀[0m[38;2;22;21;21m[48;2;45;43;43m▀[0m[38;2;15;15;15m[48;2;44;41;41m▀[0m[38;2;41;39;39m[48;2;40;38;38m▀[0m[38;2;70;67;67m[48;2;31;31;31m▀[0m[38;2;67;64;64m[48;2;20;29;29m▀[0m[38;2;70;67;67m[48;2;31;32;32m▀[0m[38;2;39;38;38m[48;2;40;38;38m▀[0m[38;2;16;17;17m[48;2;44;42;42m▀[0m[38;2;19;19;19m[48;2;44;42;42m▀[0m[38;2;12;13;13m[48;2;46;44;44m▀[0m[38;2;19;15;15m[48;2;36;42;42m▀[0m[38;2;124;47;47m[48;2;58;38;38m▀[0m[38;2;241;83;83m[48;2;92;35;35m▀[0m[38;2;229;80;80m[48;2;88;35;35m▀[0m[38;2;229;80;80m[48;2;88;35;35m▀[0m[38;2;229;80;80m[48;2;88;35;35m▀[0m[38;2;229;80;80m[48;2;88;35;35m▀[0m[38;2;229;80;80m[48;2;88;35;35m▀[0m[38;2;234;81;81m[48;2;91;36;36m▀[0m[38;2;182;62;62m[48;2;64;25;25m▀[0m[38;2;100;37;37m[48;2;42;29;29m▀[0m[38;2;34;20;20m[48;2;36;42;42m▀[0m[38;2;41;22;22m[48;2;37;42;42m▀[0m[38;2;45;25;25m[48;2;10;17;17m▀[0m[38;2;58;28;28m[48;2;0;7;7m▀[0m[38;2;197;57;57m[48;2;0;8;8m▀[0m[38;2;206;60;60m[48;2;0;5;5m▀[0m[38;2;170;85;85m[48;2;0;0;0m▀[0m                     
                   [38;2;5;5;5m▀[0m[38;2;26;26;26m[48;2;6;6;6m▀[0m[38;2;53;50;50m[48;2;19;18;18m▀[0m[38;2;65;62;62m[48;2;57;54;54m▀[0m[38;2;67;64;64m[48;2;59;57;57m▀[0m[38;2;65;62;62m[48;2;62;59;59m▀[0m[38;2;64;61;61m[48;2;65;62;62m▀[0m[38;2;64;61;61m[48;2;64;61;61m▀[0m[38;2;64;61;61m[48;2;64;61;61m▀[0m[38;2;64;61;61m[48;2;64;61;61m▀[0m[38;2;64;61;61m[48;2;65;62;62m▀[0m[38;2;65;61;61m[48;2;64;61;61m▀[0m[38;2;69;66;66m[48;2;59;56;56m▀[0m[38;2;75;70;70m[48;2;60;58;58m▀[0m[38;2;35;40;40m[48;2;39;37;37m▀[0m[38;2;16;11;11m[48;2;78;33;33m▀[0m[38;2;83;34;34m[48;2;230;80;80m▀[0m[38;2;22;13;13m[48;2;51;25;25m▀[0m[38;2;41;41;41m[48;2;33;39;39m▀[0m[38;2;72;68;68m[48;2;68;64;64m▀[0m[38;2;68;64;64m[48;2;64;61;61m▀[0m[38;2;68;64;64m[48;2;64;61;61m▀[0m[38;2;72;67;67m[48;2;64;61;61m▀[0m[38;2;47;49;49m[48;2;65;62;62m▀[0m[38;2;15;25;25m[48;2;67;64;64m▀[0m[38;2;18;27;27m[48;2;67;64;64m▀[0m[38;2;18;27;27m[48;2;67;64;64m▀[0m[38;2;18;27;27m[48;2;67;64;64m▀[0m[38;2;18;27;27m[48;2;67;64;64m▀[0m[38;2;18;27;27m[48;2;67;64;64m▀[0m[38;2;18;27;27m[48;2;67;64;64m▀[0m[38;2;19;27;27m[48;2;67;64;64m▀[0m[38;2;42;44;44m[48;2;66;63;63m▀[0m[38;2;71;67;67m[48;2;64;61;61m▀[0m[38;2;68;65;65m[48;2;64;61;61m▀[0m[38;2;38;39;39m[48;2;61;64;64m▀[0m[38;2;42;26;26m[48;2;92;54;54m▀[0m[38;2;72;30;30m[48;2;157;56;56m▀[0m[38;2;91;38;38m[48;2;207;77;77m▀[0m[38;2;27;20;20m[48;2;51;26;26m▀[0m[38;2;0;5;5m[48;2;29;19;19m▀[0m[38;2;0;8;8m[48;2;44;25;25m▀[0m[38;2;0;6;6m[48;2;38;22;22m▀[0m[38;2;13;20;20m▄[0m[38;2;0;9;9m▄[0m[38;2;0;0;0m▄[0m               
                    [38;2;0;0;0m▀[0m[38;2;19;19;19m[48;2;0;0;0m▀[0m[38;2;17;17;17m[48;2;8;8;8m▀[0m[38;2;15;15;15m[48;2;8;8;8m▀[0m[38;2;41;40;40m[48;2;23;23;23m▀[0m[38;2;68;65;65m[48;2;30;30;30m▀[0m[38;2;65;62;62m[48;2;29;28;28m▀[0m[38;2;65;62;62m[48;2;20;23;23m▀[0m[38;2;65;62;62m[48;2;14;19;18m▀[0m[38;2;67;64;64m[48;2;12;18;17m▀[0m[38;2;60;58;58m[48;2;12;17;16m▀[0m[38;2;21;20;20m[48;2;10;10;5m▀[0m[38;2;3;12;12m[48;2;0;4;4m▀[0m[38;2;104;43;43m[48;2;110;44;44m▀[0m[38;2;229;79;79m[48;2;209;74;74m▀[0m[38;2;222;78;78m[48;2;63;30;30m▀[0m[38;2;47;24;24m[48;2;35;19;19m▀[0m[38;2;34;40;40m[48;2;18;20;20m▀[0m[38;2;69;65;65m[48;2;42;40;40m▀[0m[38;2;64;61;61m[48;2;69;66;66m▀[0m[38;2;64;61;61m[48;2;64;61;61m▀[0m[38;2;64;61;61m[48;2;64;61;61m▀[0m[38;2;64;61;61m[48;2;64;61;61m▀[0m[38;2;64;61;61m[48;2;64;61;61m▀[0m[38;2;64;61;61m[48;2;64;61;61m▀[0m[38;2;64;61;61m[48;2;64;61;61m▀[0m[38;2;64;61;61m[48;2;64;61;61m▀[0m[38;2;64;61;61m[48;2;64;61;61m▀[0m[38;2;64;61;61m[48;2;64;61;61m▀[0m[38;2;64;61;61m[48;2;64;61;61m▀[0m[38;2;64;61;61m[48;2;64;61;61m▀[0m[38;2;64;61;61m[48;2;64;61;61m▀[0m[38;2;64;61;61m[48;2;64;61;61m▀[0m[38;2;64;61;61m[48;2;64;61;61m▀[0m[38;2;64;61;61m[48;2;64;61;61m▀[0m[38;2;65;61;61m[48;2;63;61;61m▀[0m[38;2;66;61;61m[48;2;61;61;61m▀[0m[38;2;72;61;61m[48;2;60;60;60m▀[0m[38;2;114;44;44m[48;2;78;58;58m▀[0m[38;2;185;62;62m[48;2;99;63;63m▀[0m[38;2;230;79;79m[48;2;109;69;69m▀[0m[38;2;191;67;67m[48;2;106;63;63m▀[0m[38;2;19;17;17m[48;2;104;38;38m▀[0m[38;2;5;13;13m[48;2;175;59;59m▀[0m[38;2;8;14;14m[48;2;112;42;42m▀[0m[38;2;0;6;6m▄[0m[38;2;12;12;12m▄[0m[38;2;0;0;0m▄[0m            
                        [38;2;9;9;9m▀[0m[38;2;9;11;11m▀[0m[38;2;13;11;11m▀[0m[38;2;66;38;43m[48;2;144;76;88m▀[0m[38;2;104;66;73m[48;2;214;130;145m▀[0m[38;2;125;84;90m[48;2;255;170;185m▀[0m[38;2;112;74;81m[48;2;225;146;160m▀[0m[38;2;20;20;22m[48;2;20;21;22m▀[0m[38;2;91;37;37m[48;2;171;57;57m▀[0m[38;2;185;65;65m[48;2;236;85;85m▀[0m[38;2;190;65;65m[48;2;152;67;67m▀[0m[38;2;0;8;8m[48;2;28;28;28m▀[0m[38;2;92;56;62m▄[0m[38;2;0;0;0m[48;2;80;51;56m▀[0m[38;2;7;12;11m[48;2;66;46;50m▀[0m[38;2;32;34;33m[48;2;61;43;46m▀[0m[38;2;64;62;62m[48;2;53;50;50m▀[0m[38;2;66;63;63m[48;2;62;59;59m▀[0m[38;2;64;61;61m[48;2;66;63;63m▀[0m[38;2;64;61;61m[48;2;65;62;62m▀[0m[38;2;64;61;61m[48;2;64;61;61m▀[0m[38;2;64;61;61m[48;2;64;61;61m▀[0m[38;2;64;61;61m[48;2;64;61;61m▀[0m[38;2;64;61;61m[48;2;64;61;61m▀[0m[38;2;64;61;61m[48;2;64;61;61m▀[0m[38;2;64;61;61m[48;2;64;61;61m▀[0m[38;2;64;61;61m[48;2;64;61;61m▀[0m[38;2;64;61;61m[48;2;64;61;61m▀[0m[38;2;64;61;61m[48;2;64;61;61m▀[0m[38;2;64;61;61m[48;2;64;61;61m▀[0m[38;2;64;61;61m[48;2;64;61;61m▀[0m[38;2;64;61;61m[48;2;64;61;61m▀[0m[38;2;64;61;61m[48;2;64;61;61m▀[0m[38;2;64;61;61m[48;2;65;62;62m▀[0m[38;2;61;62;62m[48;2;66;63;63m▀[0m[38;2;58;63;63m[48;2;58;55;55m▀[0m[38;2;55;63;63m[48;2;53;50;50m▀[0m[38;2;62;62;62m[48;2;53;51;51m▀[0m[38;2;103;57;57m[48;2;49;52;52m▀[0m[38;2;155;73;73m[48;2;43;50;50m▀[0m[38;2;105;60;60m[48;2;48;51;51m▀[0m[38;2;36;40;40m[48;2;61;58;58m▀[0m[38;2;40;39;39m[48;2;68;65;65m▀[0m[38;2;17;17;17m[48;2;36;34;34m▀[0m[38;2;8;8;8m[48;2;29;28;28m▀[0m[38;2;9;9;9m[48;2;25;23;23m▀[0m[38;2;4;9;9m▄[0m         
                          [38;2;153;102;102m▀[0m[38;2;133;72;82m[48;2;128;68;77m▀[0m[38;2;201;123;137m[48;2;212;130;144m▀[0m[38;2;241;156;170m[48;2;172;113;123m▀[0m[38;2;200;130;143m[48;2;35;29;30m▀[0m[38;2;22;23;24m[48;2;67;68;68m▀[0m[38;2;163;55;55m[48;2;87;73;73m▀[0m[38;2;169;87;87m[48;2;131;122;122m▀[0m[38;2;81;94;94m[48;2;191;196;195m▀[0m[38;2;96;95;95m[48;2;230;229;229m▀[0m[38;2;130;77;86m[48;2;151;100;109m▀[0m[38;2;198;119;133m[48;2;187;110;124m▀[0m[38;2;248;160;176m[48;2;250;162;177m▀[0m[38;2;217;140;153m[48;2;225;145;159m▀[0m[38;2;29;23;24m[48;2;23;16;17m▀[0m[38;2;40;41;40m[48;2;5;8;7m▀[0m[38;2;65;63;63m[48;2;18;18;18m▀[0m[38;2;63;60;60m[48;2;30;29;29m▀[0m[38;2;64;61;61m[48;2;67;64;64m▀[0m[38;2;64;61;61m[48;2;68;65;65m▀[0m[38;2;64;61;61m[48;2;65;62;62m▀[0m[38;2;64;61;61m[48;2;64;61;61m▀[0m[38;2;64;61;61m[48;2;64;61;61m▀[0m[38;2;64;61;61m[48;2;64;61;61m▀[0m[38;2;64;61;61m[48;2;64;61;61m▀[0m[38;2;64;61;61m[48;2;64;61;61m▀[0m[38;2;64;61;61m[48;2;64;61;61m▀[0m[38;2;64;61;61m[48;2;67;64;64m▀[0m[38;2;64;61;61m[48;2;67;64;64m▀[0m[38;2;64;61;61m[48;2;70;66;66m▀[0m[38;2;64;61;61m[48;2;56;54;54m▀[0m[38;2;63;60;60m[48;2;22;21;21m▀[0m[38;2;66;63;63m[48;2;23;23;23m▀[0m[38;2;31;31;31m[48;2;19;19;19m▀[0m[38;2;11;11;11m[48;2;8;8;8m▀[0m[38;2;14;14;14m[48;2;8;8;8m▀[0m[38;2;14;14;14m[48;2;8;8;8m▀[0m[38;2;14;14;14m[48;2;8;8;8m▀[0m[38;2;11;11;11m[48;2;8;8;8m▀[0m[38;2;24;24;24m[48;2;18;18;18m▀[0m[38;2;64;61;61m[48;2;23;23;23m▀[0m[38;2;64;61;61m[48;2;21;20;20m▀[0m[38;2;68;65;65m[48;2;51;48;48m▀[0m[38;2;51;48;48m[48;2;70;66;66m▀[0m[38;2;15;15;15m[48;2;54;52;52m▀[0m[38;2;23;23;23m[48;2;19;19;19m▀[0m[38;2;0;0;0m[48;2;12;12;12m▀[0m       
                         [38;2;131;72;80m[48;2;129;69;77m▀[0m[38;2;144;80;91m[48;2;154;86;97m▀[0m[38;2;190;115;129m[48;2;225;143;158m▀[0m[38;2;236;151;165m[48;2;253;165;180m▀[0m[38;2;149;96;105m[48;2;146;91;101m▀[0m[38;2;13;21;19m[48;2;19;23;22m▀[0m[38;2;184;185;185m[48;2;250;250;250m▀[0m[38;2;160;166;166m[48;2;218;218;218m▀[0m[38;2;181;185;185m[48;2;219;221;221m▀[0m[38;2;246;248;248m[48;2;249;245;246m▀[0m[38;2;255;255;255m[48;2;208;185;189m▀[0m[38;2;149;100;108m[48;2;174;111;122m▀[0m[38;2;191;110;125m[48;2;218;133;148m▀[0m[38;2;193;125;137m[48;2;155;100;109m▀[0m[38;2;89;65;69m[48;2;8;17;15m▀[0m[38;2;123;122;122m[48;2;210;211;211m▀[0m[38;2;77;78;78m[48;2;186;186;186m▀[0m[38;2;30;30;30m[48;2;143;143;143m▀[0m[38;2;5;5;5m[48;2;47;47;47m▀[0m[38;2;35;33;33m[48;2;5;5;5m▀[0m[38;2;33;32;32m[48;2;6;6;6m▀[0m[38;2;52;51;51m[48;2;33;32;32m▀[0m[38;2;70;66;66m[48;2;51;48;48m▀[0m[38;2;67;64;64m[48;2;47;45;45m▀[0m[38;2;67;64;64m[48;2;47;45;45m▀[0m[38;2;67;64;64m[48;2;47;45;45m▀[0m[38;2;69;66;66m[48;2;49;47;47m▀[0m[38;2;63;60;60m[48;2;42;40;40m▀[0m[38;2;35;34;34m[48;2;10;12;12m▀[0m[38;2;34;33;33m[48;2;9;9;9m▀[0m[38;2;37;35;35m[48;2;11;11;11m▀[0m[38;2;29;28;28m[48;2;10;10;10m▀[0m[38;2;8;8;8m▀[0m[38;2;8;10;10m▀[0m[38;2;9;9;9m▀[0m     [38;2;0;0;0m▀[0m[38;2;10;10;10m▀[0m[38;2;5;5;5m▀[0m[38;2;25;25;25m[48;2;2;5;5m▀[0m[38;2;51;49;49m[48;2;27;27;27m▀[0m[38;2;66;63;63m[48;2;49;46;46m▀[0m[38;2;17;17;17m[48;2;37;36;36m▀[0m[38;2;4;4;4m[48;2;22;22;22m▀[0m[38;2;2;2;2m▄[0m[38;2;0;0;0m[48;2;20;20;20m▀[0m[38;2;11;11;11m[48;2;37;36;36m▀[0m[38;2;11;11;11m[48;2;39;38;38m▀[0m[38;2;8;8;8m[48;2;27;27;27m▀[0m[38;2;12;12;12m▄[0m[38;2;17;17;17m▄[0m
                         [38;2;129;72;81m[48;2;127;71;81m▀[0m[38;2;144;80;91m[48;2;144;80;91m▀[0m[38;2;219;139;153m[48;2;223;143;157m▀[0m[38;2;239;153;168m[48;2;175;99;112m▀[0m[38;2;152;99;108m[48;2;173;131;138m▀[0m[38;2;55;59;58m[48;2;241;244;243m▀[0m[38;2;231;232;232m[48;2;193;194;194m▀[0m[38;2;213;213;213m[48;2;230;230;230m▀[0m[38;2;224;227;227m[48;2;254;254;254m▀[0m[38;2;228;215;217m[48;2;226;214;216m▀[0m[38;2;134;66;78m[48;2;140;76;87m▀[0m[38;2;215;134;148m[48;2;212;132;146m▀[0m[38;2;252;164;179m[48;2;251;162;178m▀[0m[38;2;155;99;109m[48;2;157;100;110m▀[0m[38;2;22;24;25m[48;2;19;22;22m▀[0m[38;2;233;233;233m[48;2;230;230;230m▀[0m[38;2;255;255;255m[48;2;255;255;255m▀[0m[38;2;203;203;203m[48;2;253;253;253m▀[0m[38;2;96;96;96m[48;2;218;218;218m▀[0m[38;2;155;155;155m[48;2;90;90;90m▀[0m[38;2;72;72;72m▄[0m[38;2;13;13;13m[48;2;0;0;0m▀[0m[38;2;13;13;13m[48;2;0;0;0m▀[0m[38;2;12;12;12m[48;2;0;0;0m▀[0m[38;2;12;12;12m[48;2;0;0;0m▀[0m[38;2;12;12;12m[48;2;0;0;0m▀[0m[38;2;13;13;13m[48;2;0;0;0m▀[0m[38;2;13;13;13m[48;2;0;0;0m▀[0m                [38;2;3;3;3m[48;2;0;0;0m▀[0m[38;2;19;17;17m[48;2;15;15;15m▀[0m[38;2;60;57;57m[48;2;15;15;15m▀[0m[38;2;36;34;34m[48;2;51;49;49m▀[0m[38;2;19;18;18m[48;2;69;66;66m▀[0m[38;2;30;30;30m[48;2;55;52;52m▀[0m[38;2;61;58;58m[48;2;18;18;18m▀[0m[38;2;65;62;62m[48;2;18;18;18m▀[0m[38;2;35;34;34m[48;2;17;17;17m▀[0m[38;2;12;12;12m[48;2;0;0;0m▀[0m[38;2;16;16;16m[48;2;31;31;31m▀[0m
                  [38;2;70;70;70m▄[0m[38;2;73;73;73m▄[0m[38;2;69;69;69m▄[0m[38;2;69;69;69m▄[0m[38;2;67;69;69m▄[0m[38;2;104;45;45m▄[0m[38;2;109;32;29m[48;2;173;65;65m▀[0m[38;2;128;48;52m[48;2;194;84;87m▀[0m[38;2;143;79;90m[48;2;141;78;89m▀[0m[38;2;228;146;160m[48;2;228;146;160m▀[0m[38;2;104;62;69m[48;2;82;51;57m▀[0m[38;2;101;97;97m[48;2;73;82;81m▀[0m[38;2;255;255;255m[48;2;254;254;254m▀[0m[38;2;192;192;192m[48;2;193;193;193m▀[0m[38;2;232;232;232m[48;2;231;231;231m▀[0m[38;2;255;255;255m[48;2;255;255;255m▀[0m[38;2;226;214;216m[48;2;226;214;216m▀[0m[38;2;140;76;88m[48;2;140;76;88m▀[0m[38;2;223;139;154m[48;2;227;142;157m▀[0m[38;2;129;82;90m[48;2;85;53;58m▀[0m[38;2;89;81;83m[48;2;65;75;73m▀[0m[38;2;202;203;203m[48;2;255;255;255m▀[0m[38;2;245;245;245m[48;2;250;250;250m▀[0m[38;2;250;250;250m[48;2;248;248;248m▀[0m[38;2;255;255;255m[48;2;251;251;251m▀[0m[38;2;225;225;225m[48;2;237;237;237m▀[0m[38;2;82;82;82m[48;2;171;171;171m▀[0m[38;2;37;37;37m[48;2;113;120;120m▀[0m[38;2;45;76;76m▄[0m                        [38;2;9;9;9m▀[0m[38;2;26;26;26m[48;2;11;11;11m▀[0m[38;2;33;32;32m[48;2;12;12;12m▀[0m[38;2;26;26;26m[48;2;10;10;10m▀[0m[38;2;8;8;8m▀[0m[38;2;8;8;8m▀[0m[38;2;12;12;12m▀[0m  
           [38;2;85;85;85m▄[0m[38;2;76;76;76m▄[0m[38;2;76;76;76m▄[0m[38;2;70;70;70m[48;2;94;94;94m▀[0m[38;2;75;75;75m[48;2;103;103;103m▀[0m[38;2;62;62;62m[48;2;93;93;93m▀[0m[38;2;77;77;77m[48;2;103;103;103m▀[0m[38;2;122;122;122m[48;2;234;234;234m▀[0m[38;2;139;139;139m[48;2;255;255;255m▀[0m[38;2;134;134;134m[48;2;252;252;252m▀[0m[38;2;134;134;134m[48;2;254;255;255m▀[0m[38;2;134;136;136m[48;2;255;255;255m▀[0m[38;2;126;64;64m[48;2;149;90;90m▀[0m[38;2;207;81;81m[48;2;188;67;67m▀[0m[38;2;244;114;116m[48;2;237;110;112m▀[0m[38;2;137;73;84m[48;2;144;84;95m▀[0m[38;2;232;148;162m[48;2;220;141;155m▀[0m[38;2;90;56;62m[48;2;83;52;57m▀[0m[38;2;79;85;84m[48;2;79;85;84m▀[0m[38;2;254;254;254m[48;2;254;254;254m▀[0m[38;2;191;191;191m[48;2;195;195;195m▀[0m[38;2;231;231;231m[48;2;232;232;232m▀[0m[38;2;255;255;255m[48;2;255;255;255m▀[0m[38;2;225;213;215m[48;2;227;215;217m▀[0m[38;2;137;71;83m[48;2;144;82;94m▀[0m[38;2;228;142;157m[48;2;224;140;155m▀[0m[38;2;95;60;66m[48;2;92;57;63m▀[0m[38;2;70;76;75m[48;2;70;76;75m▀[0m[38;2;255;255;255m[48;2;255;255;255m▀[0m[38;2;249;249;249m[48;2;249;249;249m▀[0m[38;2;248;248;248m[48;2;248;248;248m▀[0m[38;2;247;247;247m[48;2;248;248;248m▀[0m[38;2;253;254;254m[48;2;249;251;251m▀[0m[38;2;255;255;255m[48;2;244;241;241m▀[0m[38;2;137;123;123m[48;2;155;83;83m▀[0m[38;2;85;51;51m[48;2;138;39;39m▀[0m[38;2;112;35;35m[48;2;132;47;47m▀[0m[38;2;113;28;28m▄[0m                               
          [38;2;71;71;71m▄[0m[38;2;76;76;76m[48;2;145;145;145m▀[0m[38;2;82;82;82m[48;2;202;202;202m▀[0m[38;2;75;75;75m[48;2;195;195;195m▀[0m[38;2;200;200;200m[48;2;246;246;246m▀[0m[38;2;238;238;238m[48;2;255;255;255m▀[0m[38;2;231;231;231m[48;2;255;255;255m▀[0m[38;2;232;232;232m[48;2;255;255;255m▀[0m[38;2;247;247;247m[48;2;248;248;248m▀[0m[38;2;250;250;250m[48;2;255;255;255m▀[0m[38;2;250;250;250m[48;2;255;255;255m▀[0m[38;2;255;255;255m[48;2;207;207;207m▀[0m[38;2;255;255;255m[48;2;104;105;105m▀[0m[38;2;159;97;97m[48;2;53;37;37m▀[0m[38;2;168;40;40m[48;2;136;37;37m▀[0m[38;2;236;120;120m[48;2;252;126;126m▀[0m[38;2;232;227;228m[48;2;249;254;254m▀[0m[38;2;66;59;61m[48;2;70;76;75m▀[0m[38;2;0;0;0m[48;2;112;114;113m▀[0m[38;2;82;83;83m[48;2;202;201;202m▀[0m[38;2;255;255;255m[48;2;250;250;250m▀[0m[38;2;243;243;243m[48;2;251;251;251m▀[0m[38;2;246;246;246m[48;2;249;249;249m▀[0m[38;2;249;249;249m[48;2;247;247;247m▀[0m[38;2;247;248;247m[48;2;255;255;255m▀[0m[38;2;235;228;229m[48;2;255;255;255m▀[0m[38;2;179;116;127m[48;2;78;59;62m▀[0m[38;2;54;22;28m[48;2;3;0;0m▀[0m[38;2;76;80;80m[48;2;81;82;82m▀[0m[38;2;255;255;255m[48;2;255;255;255m▀[0m[38;2;249;249;249m[48;2;249;249;249m▀[0m[38;2;248;248;248m[48;2;253;253;253m▀[0m[38;2;255;255;255m[48;2;213;193;193m▀[0m[38;2;233;227;227m[48;2;170;101;101m▀[0m[38;2;134;65;65m[48;2;205;82;82m▀[0m[38;2;218;94;94m[48;2;249;111;111m▀[0m[38;2;242;115;115m[48;2;255;122;122m▀[0m[38;2;215;91;91m[48;2;250;114;114m▀[0m[38;2;114;38;38m[48;2;203;87;87m▀[0m[38;2;255;63;63m[48;2;43;26;26m▀[0m[38;2;0;4;4m▄[0m                             
          [38;2;71;71;71m[48;2;72;72;72m▀[0m[38;2;173;173;173m[48;2;153;153;153m▀[0m[38;2;255;255;255m[48;2;234;234;234m▀[0m[38;2;255;255;255m[48;2;227;227;227m▀[0m[38;2;231;231;231m[48;2;198;198;198m▀[0m[38;2;234;234;234m[48;2;220;220;220m▀[0m[38;2;249;249;249m[48;2;253;253;253m▀[0m[38;2;248;248;248m[48;2;250;250;250m▀[0m[38;2;255;255;255m[48;2;228;228;228m▀[0m[38;2;200;200;200m[48;2;83;83;83m▀[0m[38;2;145;145;145m[48;2;0;0;0m▀[0m[38;2;104;104;104m[48;2;3;3;3m▀[0m[38;2;0;0;0m▀[0m[38;2;0;0;0m▀[0m[38;2;80;27;27m[48;2;0;0;0m▀[0m[38;2;178;103;103m[48;2;63;70;70m▀[0m[38;2;246;247;247m[48;2;251;251;251m▀[0m[38;2;99;101;101m[48;2;102;102;102m▀[0m[38;2;178;178;178m[48;2;116;116;116m▀[0m[38;2;255;255;255m[48;2;198;198;198m▀[0m[38;2;248;248;248m[48;2;252;252;252m▀[0m[38;2;248;248;248m[48;2;248;248;248m▀[0m[38;2;248;248;248m[48;2;248;248;248m▀[0m[38;2;251;251;251m[48;2;255;255;255m▀[0m[38;2;238;238;238m[48;2;211;211;211m▀[0m[38;2;184;184;184m[48;2;71;71;71m▀[0m[38;2;114;119;118m[48;2;235;235;235m▀[0m[38;2;54;56;56m[48;2;155;155;155m▀[0m[38;2;99;99;99m[48;2;122;122;122m▀[0m[38;2;255;255;255m[48;2;255;255;255m▀[0m[38;2;249;249;249m[48;2;250;250;250m▀[0m[38;2;255;255;255m[48;2;250;250;250m▀[0m[38;2;188;154;154m[48;2;186;154;154m▀[0m[38;2;135;31;31m[48;2;142;44;44m▀[0m[38;2;255;120;120m[48;2;255;116;116m▀[0m[38;2;255;118;118m[48;2;255;117;117m▀[0m[38;2;255;114;114m[48;2;255;116;116m▀[0m[38;2;255;120;120m[48;2;250;116;116m▀[0m[38;2;255;116;116m[48;2;219;105;105m▀[0m[38;2;39;25;25m[48;2;43;32;32m▀[0m[38;2;0;0;0m[48;2;26;28;28m▀[0m[38;2;67;67;67m▄[0m                            
          [38;2;63;63;63m▀[0m[38;2;92;92;92m[48;2;56;56;56m▀[0m[38;2;97;97;97m[48;2;71;71;71m▀[0m[38;2;90;90;90m[48;2;86;86;86m▀[0m[38;2;214;214;214m[48;2;230;230;230m▀[0m[38;2;254;254;254m[48;2;255;255;255m▀[0m[38;2;255;255;255m[48;2;218;218;218m▀[0m[38;2;244;244;244m[48;2;59;59;59m▀[0m[38;2;50;50;50m[48;2;12;12;12m▀[0m[38;2;5;5;5m[48;2;0;0;0m▀[0m[38;2;0;0;0m▀[0m[38;2;0;0;0m▀[0m [38;2;0;0;0m▄[0m[38;2;0;0;0m[48;2;0;0;0m▀[0m[38;2;73;73;73m[48;2;10;10;10m▀[0m[38;2;253;253;253m[48;2;65;65;65m▀[0m[38;2;111;111;111m[48;2;172;172;172m▀[0m[38;2;18;18;18m[48;2;93;93;93m▀[0m[38;2;90;90;90m[48;2;107;107;107m▀[0m[38;2;255;255;255m[48;2;255;255;255m▀[0m[38;2;249;249;249m[48;2;249;249;249m▀[0m[38;2;248;248;248m[48;2;248;248;248m▀[0m[38;2;255;255;255m[48;2;255;255;255m▀[0m[38;2;214;214;214m[48;2;215;215;215m▀[0m[38;2;81;81;81m[48;2;68;68;68m▀[0m[38;2;181;181;181m[48;2;46;46;46m▀[0m[38;2;124;124;124m[48;2;52;52;52m▀[0m[38;2;123;123;123m[48;2;114;114;114m▀[0m[38;2;255;255;255m[48;2;209;209;209m▀[0m[38;2;252;252;252m[48;2;205;205;205m▀[0m[38;2;214;220;220m[48;2;198;205;205m▀[0m[38;2;155;123;123m[48;2;161;127;127m▀[0m[38;2;145;47;47m[48;2;149;44;44m▀[0m[38;2;255;116;116m[48;2;238;89;89m▀[0m[38;2;255;117;117m[48;2;255;118;118m▀[0m[38;2;255;117;117m[48;2;188;104;104m▀[0m[38;2;213;108;108m[48;2;141;129;129m▀[0m[38;2;83;85;85m[48;2;213;218;218m▀[0m[38;2;84;85;85m[48;2;215;216;216m▀[0m[38;2;92;92;92m[48;2;224;224;224m▀[0m[38;2;85;85;85m[48;2;165;165;165m▀[0m[38;2;65;65;65m▄[0m[38;2;75;75;75m▄[0m[38;2;61;61;61m▄[0m                         
            [38;2;0;0;0m▀[0m[38;2;85;85;85m▀[0m[38;2;118;118;118m[48;2;0;0;0m▀[0m[38;2;132;132;132m[48;2;0;0;0m▀[0m[38;2;103;103;103m[48;2;0;0;0m▀[0m[38;2;0;0;0m▀[0m[38;2;0;0;0m▀[0m [38;2;0;0;0m▄[0m[38;2;0;0;0m[48;2;31;31;31m▀[0m[38;2;0;0;0m[48;2;70;70;70m▀[0m[38;2;80;80;80m[48;2;183;183;183m▀[0m[38;2;133;133;133m[48;2;255;255;255m▀[0m[38;2;117;117;117m[48;2;233;233;233m▀[0m[38;2;40;40;40m[48;2;90;90;90m▀[0m[38;2;92;92;92m[48;2;0;0;0m▀[0m[38;2;154;154;154m[48;2;129;129;129m▀[0m[38;2;208;208;208m[48;2;220;220;220m▀[0m[38;2;254;254;254m[48;2;242;242;242m▀[0m[38;2;249;249;249m[48;2;255;255;255m▀[0m[38;2;248;248;248m[48;2;255;255;255m▀[0m[38;2;255;255;255m[48;2;229;229;229m▀[0m[38;2;246;246;246m[48;2;212;212;212m▀[0m[38;2;171;171;171m[48;2;245;245;245m▀[0m[38;2;46;46;46m[48;2;130;130;130m▀[0m[38;2;83;83;83m[48;2;160;160;160m▀[0m[38;2;161;161;161m[48;2;211;211;211m▀[0m[38;2;191;191;191m[48;2;192;192;192m▀[0m[38;2;198;198;198m[48;2;151;151;151m▀[0m[38;2;212;214;214m[48;2;156;155;155m▀[0m[38;2;145;130;130m[48;2;95;97;97m▀[0m[38;2;68;21;21m[48;2;0;0;0m▀[0m[38;2;110;43;43m[48;2;0;10;10m▀[0m[38;2;131;62;62m[48;2;0;6;6m▀[0m[38;2;69;43;43m[48;2;0;0;0m▀[0m[38;2;98;110;110m[48;2;68;66;66m▀[0m[38;2;255;255;255m[48;2;199;199;199m▀[0m[38;2;255;255;255m[48;2;251;251;251m▀[0m[38;2;255;255;255m[48;2;252;252;252m▀[0m[38;2;226;226;226m[48;2;252;252;252m▀[0m[38;2;174;174;174m[48;2;255;255;255m▀[0m[38;2;180;180;180m[48;2;255;255;255m▀[0m[38;2;103;103;103m[48;2;162;162;162m▀[0m[38;2;63;63;63m[48;2;135;135;135m▀[0m[38;2;68;68;68m[48;2;122;122;122m▀[0m[38;2;65;65;65m▄[0m[38;2;0;0;0m▄[0m                     
                    [38;2;0;0;0m[48;2;0;0;0m▀[0m[38;2;45;45;45m[48;2;40;45;45m▀[0m[38;2;247;247;247m[48;2;253;253;253m▀[0m[38;2;255;255;255m[48;2;255;255;255m▀[0m[38;2;255;255;255m[48;2;255;255;255m▀[0m[38;2;216;216;216m[48;2;216;216;216m▀[0m[38;2;85;85;85m[48;2;85;85;85m▀[0m[38;2;176;176;176m[48;2;79;79;79m▀[0m[38;2;0;0;0m[48;2;0;0;0m▀[0m[38;2;66;66;66m[48;2;26;26;26m▀[0m[38;2;195;195;195m[48;2;36;36;36m▀[0m[38;2;235;235;235m[48;2;37;37;37m▀[0m[38;2;246;246;246m[48;2;84;84;84m▀[0m[38;2;166;166;166m[48;2;149;149;149m▀[0m[38;2;97;97;97m[48;2;194;194;194m▀[0m[38;2;190;190;190m[48;2;191;191;191m▀[0m[38;2;197;197;197m[48;2;211;211;211m▀[0m[38;2;188;188;188m[48;2;106;106;106m▀[0m[38;2;189;189;189m[48;2;24;24;24m▀[0m[38;2;170;170;170m[48;2;32;32;32m▀[0m[38;2;22;22;22m[48;2;11;11;11m▀[0m[38;2;4;4;4m[48;2;0;0;0m▀[0m[38;2;9;9;9m[48;2;0;0;0m▀[0m    [38;2;0;0;0m[48;2;0;0;0m▀[0m[38;2;20;20;20m[48;2;6;6;6m▀[0m[38;2;215;215;215m[48;2;26;26;26m▀[0m[38;2;252;252;252m[48;2;190;190;190m▀[0m[38;2;249;249;249m[48;2;255;255;255m▀[0m[38;2;248;248;248m[48;2;248;248;248m▀[0m[38;2;248;248;248m[48;2;248;248;248m▀[0m[38;2;252;252;252m[48;2;249;249;249m▀[0m[38;2;255;255;255m[48;2;250;250;250m▀[0m[38;2;219;219;219m[48;2;250;250;250m▀[0m[38;2;91;91;91m[48;2;226;226;226m▀[0m[38;2;87;87;87m[48;2;104;104;104m▀[0m[38;2;63;63;63m[48;2;55;55;55m▀[0m                    
                    [38;2;97;33;33m[48;2;130;42;42m▀[0m[38;2;92;42;42m[48;2;133;45;45m▀[0m[38;2;72;80;80m[48;2;92;35;35m▀[0m[38;2;220;225;225m[48;2;134;122;122m▀[0m[38;2;255;255;255m[48;2;204;207;207m▀[0m[38;2;215;215;215m[48;2;221;221;221m▀[0m[38;2;85;85;85m[48;2;77;77;77m▀[0m[38;2;68;68;68m[48;2;51;51;51m▀[0m [38;2;0;0;0m▀[0m[38;2;0;0;0m▀[0m[38;2;0;0;0m[48;2;73;73;73m▀[0m[38;2;7;7;7m[48;2;101;101;101m▀[0m[38;2;32;32;32m[48;2;96;96;96m▀[0m[38;2;92;92;92m[48;2;119;119;119m▀[0m[38;2;191;191;191m[48;2;191;191;191m▀[0m[38;2;101;101;101m[48;2;36;36;36m▀[0m[38;2;42;42;42m[48;2;0;0;0m▀[0m[38;2;0;0;0m▀[0m[38;2;0;0;0m▀[0m         [38;2;0;0;0m▀[0m[38;2;69;69;69m[48;2;0;0;0m▀[0m[38;2;158;158;158m[48;2;103;103;103m▀[0m[38;2;253;253;253m[48;2;255;255;255m▀[0m[38;2;248;248;248m[48;2;248;248;248m▀[0m[38;2;248;248;248m[48;2;249;249;249m▀[0m[38;2;250;250;250m[48;2;238;238;238m▀[0m[38;2;255;255;255m[48;2;235;235;235m▀[0m[38;2;253;253;253m[48;2;255;255;255m▀[0m[38;2;212;212;212m[48;2;255;255;255m▀[0m[38;2;138;138;138m[48;2;168;168;168m▀[0m[38;2;70;70;70m[48;2;69;69;69m▀[0m                   
                   [38;2;121;33;33m[48;2;114;38;38m▀[0m[38;2;133;46;46m[48;2;183;73;73m▀[0m[38;2;170;67;67m[48;2;254;119;119m▀[0m[38;2;255;123;123m[48;2;255;119;119m▀[0m[38;2;53;15;15m[48;2;58;23;23m▀[0m[38;2;115;125;125m[48;2;115;124;124m▀[0m[38;2;239;239;239m[48;2;255;255;255m▀[0m[38;2;108;108;108m[48;2;242;242;242m▀[0m[38;2;93;93;93m[48;2;116;116;116m▀[0m[38;2;56;56;56m[48;2;65;65;65m▀[0m[38;2;0;0;0m[48;2;57;57;57m▀[0m[38;2;86;86;86m[48;2;106;106;106m▀[0m[38;2;107;107;107m[48;2;238;238;238m▀[0m[38;2;229;229;229m[48;2;255;255;255m▀[0m[38;2;255;255;255m[48;2;224;224;224m▀[0m[38;2;245;245;245m[48;2;192;192;192m▀[0m[38;2;190;190;190m[48;2;190;190;190m▀[0m[38;2;45;45;45m[48;2;46;46;46m▀[0m[38;2;0;0;0m[48;2;0;0;0m▀[0m            [38;2;0;0;0m[48;2;0;0;0m▀[0m[38;2;100;100;100m[48;2;5;5;5m▀[0m[38;2;225;225;225m[48;2;52;52;52m▀[0m[38;2;247;247;247m[48;2;243;243;243m▀[0m[38;2;253;253;253m[48;2;255;255;255m▀[0m[38;2;206;206;206m[48;2;167;167;167m▀[0m[38;2;181;181;181m[48;2;79;79;79m▀[0m[38;2;228;228;228m[48;2;93;93;93m▀[0m[38;2;233;233;233m[48;2;98;98;98m▀[0m[38;2;148;148;148m[48;2;90;90;90m▀[0m[38;2;71;71;71m[48;2;85;85;85m▀[0m                   
                   [38;2;114;38;38m[48;2;103;32;32m▀[0m[38;2;195;79;79m[48;2;191;75;75m▀[0m[38;2;241;112;112m[48;2;234;108;108m▀[0m[38;2;72;40;40m[48;2;12;14;14m▀[0m[38;2;32;14;14m[48;2;0;0;0m▀[0m[38;2;42;46;46m[48;2;0;0;0m▀[0m[38;2;109;109;109m[48;2;62;62;62m▀[0m[38;2;252;252;252m[48;2;255;255;255m▀[0m[38;2;108;108;108m[48;2;203;203;203m▀[0m[38;2;55;55;55m[48;2;189;188;189m▀[0m[38;2;134;134;134m[48;2;186;188;187m▀[0m[38;2;237;237;237m[48;2;158;163;162m▀[0m[38;2;218;218;218m[48;2;125;131;130m▀[0m[38;2;134;134;134m[48;2;124;130;129m▀[0m[38;2;141;141;141m[48;2;159;162;162m▀[0m[38;2;199;199;199m[48;2;199;199;199m▀[0m[38;2;190;190;190m[48;2;190;190;190m▀[0m[38;2;46;46;46m[48;2;46;46;46m▀[0m[38;2;0;0;0m[48;2;0;0;0m▀[0m             [38;2;0;0;0m[48;2;0;0;0m▀[0m[38;2;47;47;47m[48;2;43;43;43m▀[0m[38;2;255;255;255m[48;2;122;122;122m▀[0m[38;2;255;255;255m[48;2;129;129;129m▀[0m[38;2;181;181;181m[48;2;112;112;112m▀[0m[38;2;71;71;71m[48;2;74;74;74m▀[0m[38;2;68;68;68m▀[0m[38;2;73;73;73m▀[0m[38;2;68;68;68m▀[0m                    
                 [38;2;127;127;127m[48;2;113;56;56m▀[0m[38;2;119;42;42m[48;2;120;40;40m▀[0m[38;2;149;56;56m[48;2;221;95;95m▀[0m[38;2;213;92;92m[48;2;253;125;125m▀[0m[38;2;240;110;110m[48;2;215;99;99m▀[0m[38;2;26;21;21m[48;2;25;20;20m▀[0m[38;2;0;0;0m[48;2;0;4;4m▀[0m[38;2;0;0;0m▀[0m[38;2;62;62;62m[48;2;5;5;5m▀[0m[38;2;190;190;190m[48;2;7;7;7m▀[0m[38;2;199;199;199m[48;2;7;7;7m▀[0m[38;2;198;201;201m[48;2;0;0;0m▀[0m[38;2;167;161;162m[48;2;87;57;62m▀[0m[38;2;110;87;91m[48;2;244;157;171m▀[0m[38;2;115;93;97m[48;2;234;149;165m▀[0m[38;2;185;162;166m[48;2;233;143;159m▀[0m[38;2;206;195;197m[48;2;213;165;174m▀[0m[38;2;194;198;197m[48;2;192;194;194m▀[0m[38;2;196;196;196m[48;2;180;180;180m▀[0m[38;2;48;48;48m[48;2;45;45;45m▀[0m[38;2;0;0;0m[48;2;0;0;0m▀[0m              [38;2;0;0;0m▀[0m[38;2;0;0;0m▀[0m[38;2;0;0;0m▀[0m[38;2;0;0;0m▀[0m                        
                 [38;2;113;56;56m▀[0m[38;2;120;40;40m[48;2;109;35;35m▀[0m[38;2;232;99;99m[48;2;231;97;97m▀[0m[38;2;186;89;89m[48;2;177;84;84m▀[0m[38;2;24;19;19m[48;2;0;4;4m▀[0m[38;2;16;16;16m▀[0m[38;2;0;0;0m▀[0m [38;2;0;0;0m▀[0m[38;2;0;0;0m▀[0m[38;2;0;0;0m▀[0m[38;2;108;57;65m[48;2;138;72;84m▀[0m[38;2;170;101;113m[48;2;183;108;121m▀[0m[38;2;235;152;166m[48;2;233;151;165m▀[0m[38;2;229;147;162m[48;2;228;147;161m▀[0m[38;2;229;147;161m[48;2;227;146;160m▀[0m[38;2;237;156;169m[48;2;249;159;174m▀[0m[38;2;188;129;140m[48;2;202;128;141m▀[0m[38;2;31;31;31m[48;2;9;9;9m▀[0m[38;2;16;16;16m[48;2;0;0;0m▀[0m[38;2;0;0;0m▀[0m                                          
                [38;2;112;40;40m[48;2;112;38;38m▀[0m[38;2;135;49;49m[48;2;145;52;52m▀[0m[38;2;173;69;69m[48;2;253;113;113m▀[0m[38;2;249;113;113m[48;2;234;116;116m▀[0m[38;2;184;87;87m[48;2;151;71;71m▀[0m[38;2;1;8;8m[48;2;1;9;9m▀[0m[38;2;0;0;0m[48;2;0;0;0m▀[0m     [38;2;129;69;78m[48;2;129;69;79m▀[0m[38;2;179;106;119m[48;2;181;107;121m▀[0m[38;2;233;151;165m[48;2;234;152;166m▀[0m[38;2;228;147;161m[48;2;229;148;162m▀[0m[38;2;243;156;171m[48;2;219;141;155m▀[0m[38;2;203;133;144m[48;2;112;76;81m▀[0m[38;2;116;76;83m[48;2;0;0;0m▀[0m[38;2;15;15;15m▀[0m[38;2;0;0;0m▀[0m                                           
                [38;2;111;37;37m[48;2;111;37;37m▀[0m[38;2;137;49;49m[48;2;137;49;49m▀[0m[38;2;255;113;113m[48;2;255;113;113m▀[0m[38;2;110;57;57m[48;2;106;55;55m▀[0m[38;2;3;6;6m[48;2;0;1;1m▀[0m[38;2;0;0;0m▀[0m      [38;2;130;68;78m[48;2;127;68;76m▀[0m[38;2;180;107;120m[48;2;150;85;95m▀[0m[38;2;235;153;167m[48;2;172;101;113m▀[0m[38;2;236;152;167m[48;2;232;149;164m▀[0m[38;2;77;54;58m[48;2;74;52;56m▀[0m[38;2;1;1;1m[48;2;0;0;0m▀[0m[38;2;0;0;0m▀[0m                                             
               [38;2;110;34;34m▄[0m[38;2;93;26;26m[48;2;145;54;54m▀[0m[38;2;129;44;44m[48;2;170;68;68m▀[0m[38;2;255;112;112m[48;2;255;118;118m▀[0m[38;2;109;56;56m[48;2;111;57;57m▀[0m[38;2;0;4;4m[48;2;0;4;4m▀[0m        [38;2;120;62;72m[48;2;127;68;78m▀[0m[38;2;153;85;97m[48;2;157;89;101m▀[0m[38;2;231;148;163m[48;2;233;150;165m▀[0m[38;2;72;52;55m[48;2;104;67;74m▀[0m[38;2;0;0;0m[48;2;25;14;15m▀[0m[38;2;0;0;0m[48;2;39;31;34m▀[0m[38;2;0;0;0m[48;2;77;54;58m▀[0m[38;2;0;0;0m[48;2;83;58;62m▀[0m[38;2;0;0;0m[48;2;58;42;43m▀[0m[38;2;0;0;0m▄[0m                                         
               [38;2;112;37;37m[48;2;112;36;36m▀[0m[38;2;174;67;67m[48;2;175;68;68m▀[0m[38;2;255;119;119m[48;2;251;114;114m▀[0m[38;2;242;116;116m[48;2;63;37;37m▀[0m[38;2;99;52;52m[48;2;19;12;12m▀[0m[38;2;0;5;5m[48;2;0;0;0m▀[0m       [38;2;141;85;85m[48;2;134;73;85m▀[0m[38;2;131;69;80m[48;2;144;79;89m▀[0m[38;2;154;87;99m[48;2;136;74;85m▀[0m[38;2;221;141;155m[48;2;140;76;87m▀[0m[38;2;183;107;121m[48;2;220;138;152m▀[0m[38;2;72;41;47m[48;2;119;80;87m▀[0m[38;2;49;38;40m[48;2;35;28;29m▀[0m[38;2;238;154;168m[48;2;235;152;166m▀[0m[38;2;255;164;179m[48;2;249;160;175m▀[0m[38;2;110;74;80m[48;2;101;68;74m▀[0m[38;2;0;1;0m[48;2;0;0;0m▀[0m                                         
               [38;2;112;36;36m[48;2;112;36;36m▀[0m[38;2;175;68;68m[48;2;175;68;68m▀[0m[38;2;250;113;113m[48;2;250;113;113m▀[0m[38;2;38;25;25m[48;2;46;29;29m▀[0m[38;2;0;0;0m[48;2;0;2;2m▀[0m      [38;2;170;85;85m[48;2;127;85;85m▀[0m[38;2;134;72;82m[48;2;133;72;82m▀[0m[38;2;187;111;126m[48;2;216;133;148m▀[0m[38;2;212;133;146m[48;2;243;159;174m▀[0m[38;2;201;125;138m[48;2;235;152;167m▀[0m[38;2;199;124;137m[48;2;236;154;168m▀[0m[38;2;172;102;114m[48;2;185;114;126m▀[0m[38;2;164;102;113m[48;2;184;111;124m▀[0m[38;2;168;109;120m[48;2;187;112;125m▀[0m[38;2;167;99;111m[48;2;130;68;79m▀[0m[38;2;222;141;156m[48;2;210;132;146m▀[0m[38;2;204;133;145m[48;2;255;166;182m▀[0m[38;2;125;82;90m[48;2;176;115;126m▀[0m[38;2;4;9;9m[48;2;5;10;9m▀[0m[38;2;0;0;0m[48;2;0;0;0m▀[0m                                       
               [38;2;114;36;36m[48;2;112;36;36m▀[0m[38;2;178;69;69m[48;2;175;68;68m▀[0m[38;2;254;115;115m[48;2;251;113;113m▀[0m[38;2;47;29;29m[48;2;46;29;29m▀[0m[38;2;0;2;2m[48;2;0;2;2m▀[0m      [38;2;127;127;127m▀[0m[38;2;134;72;82m[48;2;0;0;0m▀[0m[38;2;192;116;130m[48;2;130;68;78m▀[0m[38;2;227;146;160m[48;2;180;106;119m▀[0m[38;2;230;149;163m[48;2;233;151;165m▀[0m[38;2;229;148;162m[48;2;228;147;161m▀[0m[38;2;239;156;170m[48;2;228;147;161m▀[0m[38;2;195;121;134m[48;2;228;147;161m▀[0m[38;2;143;79;90m[48;2;228;147;161m▀[0m[38;2;156;89;100m[48;2;228;147;161m▀[0m[38;2;216;137;151m[48;2;228;147;161m▀[0m[38;2;246;159;174m[48;2;243;156;171m▀[0m[38;2;165;108;118m[48;2;165;108;118m▀[0m[38;2;5;9;8m[48;2;5;9;8m▀[0m[38;2;0;0;0m[48;2;0;0;0m▀[0m                                       
               [38;2;30;20;20m[48;2;4;13;13m▀[0m[38;2;47;28;28m[48;2;0;11;11m▀[0m[38;2;58;34;34m[48;2;0;2;2m▀[0m[38;2;35;24;24m[48;2;0;0;0m▀[0m[38;2;0;0;0m▀[0m        [38;2;117;58;68m▀[0m[38;2;153;85;97m[48;2;122;56;75m▀[0m[38;2;172;98;111m[48;2;135;71;82m▀[0m[38;2;163;93;105m[48;2;126;66;75m▀[0m[38;2;221;139;153m[48;2;105;69;75m▀[0m[38;2;249;161;176m[48;2;105;73;78m▀[0m[38;2;242;156;171m[48;2;134;90;98m▀[0m[38;2;230;148;162m[48;2;243;157;172m▀[0m[38;2;228;147;161m[48;2;245;157;173m▀[0m[38;2;243;156;171m[48;2;255;165;182m▀[0m[38;2;165;108;118m[48;2;176;115;125m▀[0m[38;2;5;9;8m[48;2;5;10;9m▀[0m[38;2;0;0;0m[48;2;0;0;0m▀[0m                                       
                                [38;2;0;0;0m▀[0m[38;2;0;0;0m▀[0m[38;2;36;28;31m[48;2;6;6;6m▀[0m[38;2;161;106;115m[48;2;6;10;9m▀[0m[38;2;163;107;117m[48;2;6;10;9m▀[0m[38;2;171;112;122m[48;2;6;10;10m▀[0m[38;2;128;85;93m[48;2;5;8;8m▀[0m[38;2;4;9;7m▀[0m[38;2;0;0;0m▀[0m                                       
[0m