           [38;2;23;104;96m▄[0m[38;2;23;104;96m[48;2;45;244;215m▀[0m[38;2;23;104;96m▄[0m                           
     [38;2;23;104;96m▄[0m   [38;2;23;104;96m▄[0m[38;2;23;104;96m[48;2;45;244;215m▀[0m[38;2;45;244;215m[48;2;45;244;215m▀[0m[38;2;45;244;215m[48;2;45;244;215m▀[0m[38;2;23;104;96m[48;2;23;104;96m▀[0m                           
    [38;2;23;104;96m[48;2;23;104;96m▀[0m[38;2;45;244;215m[48;2;45;244;215m▀[0m[38;2;23;104;96m[48;2;45;244;215m▀[0m[38;2;23;104;96m▄[0m[38;2;23;104;96m▄[0m[38;2;23;104;96m[48;2;45;244;215m▀[0m[38;2;45;244;215m[48;2;45;244;215m▀[0m[38;2;204;224;225m[48;2;204;224;225m▀[0m[38;2;45;244;215m[48;2;45;244;215m▀[0m[38;2;27;190;170m[48;2;45;244;215m▀[0m[38;2;23;104;96m[48;2;23;104;96m▀[0m                          
    [38;2;23;104;96m[48;2;23;104;96m▀[0m[38;2;45;244;215m[48;2;45;244;215m▀[0m[38;2;204;224;225m[48;2;204;224;225m▀[0m[38;2;27;190;170m[48;2;61;70;75m▀[0m[38;2;23;104;96m[48;2;61;70;75m▀[0m[38;2;45;244;215m[48;2;61;70;75m▀[0m[38;2;141;188;190m[48;2;141;188;190m▀[0m[38;2;45;244;215m[48;2;45;244;215m▀[0m[38;2;45;244;215m[48;2;45;244;215m▀[0m[38;2;45;244;215m[48;2;27;190;170m▀[0m[38;2;23;104;96m[48;2;23;104;96m▀[0m[38;2;23;104;96m▄[0m[38;2;23;104;96m[48;2;45;244;215m▀[0m[38;2;23;104;96m[48;2;45;244;215m▀[0m[38;2;23;104;96m[48;2;45;244;215m▀[0m[38;2;23;104;96m[48;2;45;244;215m▀[0m[38;2;23;104;96m[48;2;45;244;215m▀[0m[38;2;23;104;96m▄[0m                   
  [38;2;61;70;75m▄[0m[38;2;61;70;75m▄[0m[38;2;61;70;75m[48;2;77;96;118m▀[0m[38;2;61;70;75m[48;2;77;96;118m▀[0m[38;2;61;70;75m[48;2;77;96;118m▀[0m[38;2;77;96;118m[48;2;77;96;118m▀[0m[38;2;77;96;118m[48;2;255;255;49m▀[0m[38;2;77;96;118m[48;2;77;96;118m▀[0m[38;2;61;70;75m[48;2;77;96;118m▀[0m[38;2;61;70;75m[48;2;77;96;118m▀[0m[38;2;27;190;170m[48;2;15;15;15m▀[0m[38;2;23;104;96m[48;2;27;190;170m▀[0m[38;2;45;244;215m[48;2;45;244;215m▀[0m[38;2;45;244;215m[48;2;204;224;225m▀[0m[38;2;204;224;225m[48;2;45;244;215m▀[0m[38;2;204;224;225m[48;2;45;244;215m▀[0m[38;2;45;244;215m[48;2;45;244;215m▀[0m[38;2;45;244;215m[48;2;23;104;96m▀[0m[38;2;23;104;96m▀[0m                    
[38;2;77;96;118m▄[0m[38;2;77;96;118m[48;2;90;134;156m▀[0m[38;2;90;134;156m[48;2;90;134;156m▀[0m[38;2;90;134;156m[48;2;90;134;156m▀[0m[38;2;77;96;118m[48;2;90;134;156m▀[0m[38;2;77;96;118m[48;2;77;96;118m▀[0m[38;2;77;96;118m[48;2;77;96;118m▀[0m[38;2;255;255;49m[48;2;255;255;49m▀[0m[38;2;255;255;49m[48;2;90;134;156m▀[0m[38;2;77;96;118m[48;2;77;96;118m▀[0m[38;2;77;96;118m[48;2;255;255;49m▀[0m[38;2;255;255;49m[48;2;255;255;49m▀[0m[38;2;15;15;15m[48;2;77;96;118m▀[0m[38;2;27;190;170m[48;2;15;15;15m▀[0m[38;2;141;188;190m[48;2;27;190;170m▀[0m[38;2;45;244;215m[48;2;27;190;170m▀[0m[38;2;45;244;215m[48;2;27;190;170m▀[0m[38;2;27;190;170m[48;2;15;15;15m▀[0m[38;2;23;104;96m▀[0m                      
 [38;2;61;70;75m▀[0m[38;2;90;134;156m[48;2;61;70;75m▀[0m[38;2;90;134;156m[48;2;61;70;75m▀[0m[38;2;90;134;156m[48;2;90;134;156m▀[0m[38;2;77;96;118m[48;2;77;96;118m▀[0m[38;2;77;96;118m[48;2;77;96;118m▀[0m[38;2;90;134;156m[48;2;77;96;118m▀[0m[38;2;77;96;118m[48;2;77;96;118m▀[0m[38;2;77;96;118m[48;2;77;96;118m▀[0m[38;2;255;255;49m[48;2;90;134;156m▀[0m[38;2;90;134;156m[48;2;77;96;118m▀[0m[38;2;77;96;118m[48;2;23;104;96m▀[0m[38;2;23;104;96m[48;2;27;190;170m▀[0m[38;2;15;15;15m[48;2;27;190;170m▀[0m[38;2;15;15;15m[48;2;23;104;96m▀[0m[38;2;15;15;15m[48;2;60;83;143m▀[0m[38;2;39;49;88m▄[0m                       
    [38;2;61;70;75m[48;2;23;104;96m▀[0m[38;2;61;70;75m[48;2;141;188;190m▀[0m[38;2;61;70;75m[48;2;23;104;96m▀[0m[38;2;77;96;118m[48;2;61;70;75m▀[0m[38;2;77;96;118m[48;2;61;70;75m▀[0m[38;2;77;96;118m[48;2;61;70;75m▀[0m[38;2;77;96;118m[48;2;61;70;75m▀[0m[38;2;77;96;118m[48;2;15;15;15m▀[0m[38;2;23;104;96m[48;2;27;190;170m▀[0m[38;2;141;188;190m[48;2;45;244;215m▀[0m[38;2;45;244;215m[48;2;141;188;190m▀[0m[38;2;45;244;215m[48;2;204;224;225m▀[0m[38;2;23;104;96m[48;2;45;244;215m▀[0m[38;2;60;83;143m[48;2;23;104;96m▀[0m[38;2;39;49;88m[48;2;60;83;143m▀[0m[38;2;39;49;88m▄[0m                     
   [38;2;23;104;96m[48;2;23;104;96m▀[0m[38;2;27;190;170m[48;2;27;190;170m▀[0m[38;2;27;190;170m[48;2;27;190;170m▀[0m[38;2;23;104;96m[48;2;23;104;96m▀[0m[38;2;27;190;170m[48;2;27;190;170m▀[0m[38;2;141;188;190m[48;2;141;188;190m▀[0m[38;2;27;190;170m[48;2;27;190;170m▀[0m[38;2;23;104;96m[48;2;27;190;170m▀[0m[38;2;15;15;15m[48;2;23;104;96m▀[0m[38;2;27;190;170m[48;2;15;15;15m▀[0m[38;2;45;244;215m[48;2;15;15;15m▀[0m[38;2;45;244;215m[48;2;27;190;170m▀[0m[38;2;45;244;215m[48;2;45;244;215m▀[0m[38;2;204;224;225m[48;2;45;244;215m▀[0m[38;2;45;244;215m[48;2;45;244;215m▀[0m[38;2;23;104;96m[48;2;45;244;215m▀[0m[38;2;85;115;184m[48;2;23;104;96m▀[0m[38;2;39;49;88m[48;2;85;115;184m▀[0m[38;2;39;49;88m▄[0m                   
   [38;2;23;104;96m▀[0m[38;2;27;190;170m[48;2;23;104;96m▀[0m[38;2;23;104;96m▀[0m [38;2;23;104;96m[48;2;23;104;96m▀[0m[38;2;27;190;170m[48;2;27;190;170m▀[0m[38;2;204;224;225m[48;2;204;224;225m▀[0m[38;2;27;190;170m[48;2;23;104;96m▀[0m[38;2;15;15;15m[48;2;15;15;15m▀[0m  [38;2;15;15;15m▀[0m[38;2;15;15;15m▀[0m[38;2;15;15;15m▀[0m[38;2;15;15;15m▀[0m[38;2;15;15;15m▀[0m[38;2;85;115;184m[48;2;39;49;88m▀[0m[38;2;85;115;184m[48;2;85;115;184m▀[0m[38;2;85;115;184m[48;2;85;115;184m▀[0m[38;2;39;49;88m[48;2;85;115;184m▀[0m[38;2;39;49;88m▄[0m[38;2;39;49;88m▄[0m                
        [38;2;23;104;96m[48;2;23;104;96m▀[0m[38;2;27;190;170m[48;2;27;190;170m▀[0m[38;2;15;15;15m[48;2;15;15;15m▀[0m         [38;2;39;49;88m▀[0m[38;2;85;115;184m[48;2;39;49;88m▀[0m[38;2;85;115;184m[48;2;85;115;184m▀[0m[38;2;85;115;184m[48;2;85;115;184m▀[0m[38;2;85;115;184m[48;2;85;115;184m▀[0m[38;2;60;83;143m[48;2;85;115;184m▀[0m[38;2;39;49;88m[48;2;85;115;184m▀[0m[38;2;60;83;143m▄[0m[38;2;39;49;88m▄[0m[38;2;39;49;88m▄[0m           
         [38;2;15;15;15m▀[0m           [38;2;39;49;88m▀[0m[38;2;85;115;184m[48;2;39;49;88m▀[0m[38;2;85;115;184m[48;2;104;140;209m▀[0m[38;2;85;115;184m[48;2;85;115;184m▀[0m[38;2;85;115;184m[48;2;85;115;184m▀[0m[38;2;85;115;184m[48;2;85;115;184m▀[0m[38;2;85;115;184m[48;2;104;140;209m▀[0m[38;2;104;140;209m[48;2;138;173;242m▀[0m[38;2;104;140;209m[48;2;138;173;242m▀[0m[38;2;60;83;143m[48;2;138;173;242m▀[0m[38;2;39;49;88m[48;2;104;140;209m▀[0m[38;2;39;49;88m[48;2;104;140;209m▀[0m[38;2;39;49;88m[48;2;104;140;209m▀[0m[38;2;60;83;143m▄[0m[38;2;39;49;88m▄[0m     
                      [38;2;39;49;88m[48;2;39;49;88m▀[0m[38;2;138;173;242m[48;2;138;173;242m▀[0m[38;2;138;173;242m[48;2;138;173;242m▀[0m[38;2;104;140;209m[48;2;138;173;242m▀[0m[38;2;104;140;209m[48;2;138;173;242m▀[0m[38;2;138;173;242m[48;2;138;173;242m▀[0m[38;2;138;173;242m[48;2;138;173;242m▀[0m[38;2;138;173;242m[48;2;138;173;242m▀[0m[38;2;60;83;143m[48;2;138;173;242m▀[0m[38;2;39;49;88m[48;2;138;173;242m▀[0m[38;2;39;49;88m[48;2;138;173;242m▀[0m[38;2;60;83;143m[48;2;60;83;143m▀[0m[38;2;104;140;209m[48;2;39;49;88m▀[0m[38;2;104;140;209m[48;2;39;49;88m▀[0m[38;2;39;49;88m[48;2;104;140;209m▀[0m[38;2;39;49;88m▄[0m   
                      [38;2;39;49;88m▀[0m[38;2;138;173;242m[48;2;39;49;88m▀[0m[38;2;138;173;242m[48;2;138;173;242m▀[0m[38;2;138;173;242m[48;2;138;173;242m▀[0m[38;2;138;173;242m[48;2;138;173;242m▀[0m[38;2;138;173;242m[48;2;138;173;242m▀[0m[38;2;138;173;242m[48;2;138;173;242m▀[0m[38;2;138;173;242m[48;2;138;173;242m▀[0m[38;2;138;173;242m[48;2;138;173;242m▀[0m[38;2;138;173;242m[48;2;138;173;242m▀[0m[38;2;138;173;242m[48;2;138;173;242m▀[0m[38;2;138;173;242m[48;2;138;173;242m▀[0m[38;2;138;173;242m[48;2;138;173;242m▀[0m[38;2;138;173;242m[48;2;138;173;242m▀[0m[38;2;39;49;88m[48;2;104;140;209m▀[0m[38;2;60;83;143m[48;2;39;49;88m▀[0m[38;2;39;49;88m[48;2;39;49;88m▀[0m  
                       [38;2;39;49;88m[48;2;39;49;88m▀[0m[38;2;104;140;209m[48;2;85;115;184m▀[0m[38;2;138;173;242m[48;2;104;140;209m▀[0m[38;2;138;173;242m[48;2;138;173;242m▀[0m[38;2;138;173;242m[48;2;60;83;143m▀[0m[38;2;138;173;242m[48;2;138;173;242m▀[0m[38;2;138;173;242m[48;2;138;173;242m▀[0m[38;2;138;173;242m[48;2;138;173;242m▀[0m[38;2;138;173;242m[48;2;138;173;242m▀[0m[38;2;138;173;242m[48;2;138;173;242m▀[0m[38;2;138;173;242m[48;2;138;173;242m▀[0m[38;2;138;173;242m[48;2;104;140;209m▀[0m[38;2;138;173;242m[48;2;104;140;209m▀[0m[38;2;104;140;209m[48;2;85;115;184m▀[0m[38;2;85;115;184m[48;2;85;115;184m▀[0m[38;2;39;49;88m[48;2;60;83;143m▀[0m[38;2;39;49;88m[48;2;39;49;88m▀[0m 
                       [38;2;39;49;88m▀[0m[38;2;85;115;184m[48;2;39;49;88m▀[0m[38;2;85;115;184m[48;2;85;115;184m▀[0m[38;2;104;140;209m[48;2;85;115;184m▀[0m[38;2;104;140;209m[48;2;85;115;184m▀[0m[38;2;39;49;88m[48;2;85;115;184m▀[0m[38;2;138;173;242m[48;2;39;49;88m▀[0m[38;2;138;173;242m[48;2;85;115;184m▀[0m[38;2;104;140;209m[48;2;85;115;184m▀[0m[38;2;104;140;209m[48;2;85;115;184m▀[0m[38;2;85;115;184m[48;2;85;115;184m▀[0m[38;2;85;115;184m[48;2;85;115;184m▀[0m[38;2;85;115;184m[48;2;85;115;184m▀[0m[38;2;85;115;184m[48;2;85;115;184m▀[0m[38;2;85;115;184m[48;2;85;115;184m▀[0m[38;2;85;115;184m[48;2;39;49;88m▀[0m[38;2;39;49;88m▀[0m 
                        [38;2;39;49;88m▀[0m[38;2;85;115;184m[48;2;39;49;88m▀[0m[38;2;85;115;184m[48;2;85;115;184m▀[0m[38;2;85;115;184m[48;2;85;115;184m▀[0m[38;2;85;115;184m[48;2;85;115;184m▀[0m[38;2;85;115;184m[48;2;85;115;184m▀[0m[38;2;39;49;88m[48;2;85;115;184m▀[0m[38;2;60;83;143m[48;2;60;83;143m▀[0m[38;2;85;115;184m[48;2;39;49;88m▀[0m[38;2;85;115;184m[48;2;39;49;88m▀[0m[38;2;85;115;184m[48;2;60;83;143m▀[0m[38;2;85;115;184m[48;2;85;115;184m▀[0m[38;2;85;115;184m[48;2;60;83;143m▀[0m[38;2;85;115;184m[48;2;39;49;88m▀[0m[38;2;39;49;88m▀[0m  
                          [38;2;39;49;88m▀[0m[38;2;85;115;184m[48;2;15;15;15m▀[0m[38;2;85;115;184m[48;2;39;49;88m▀[0m[38;2;85;115;184m[48;2;85;115;184m▀[0m[38;2;85;115;184m[48;2;85;115;184m▀[0m[38;2;85;115;184m[48;2;85;115;184m▀[0m[38;2;85;115;184m[48;2;85;115;184m▀[0m[38;2;85;115;184m[48;2;85;115;184m▀[0m[38;2;85;115;184m[48;2;39;49;88m▀[0m[38;2;85;115;184m[48;2;15;15;15m▀[0m[38;2;39;49;88m[48;2;85;115;184m▀[0m[38;2;60;83;143m[48;2;85;115;184m▀[0m[38;2;60;83;143m[48;2;85;115;184m▀[0m[38;2;39;49;88m[48;2;85;115;184m▀[0m[38;2;39;49;88m[48;2;39;49;88m▀[0m
                             [38;2;15;15;15m▀[0m[38;2;15;15;15m▀[0m[38;2;15;15;15m▀[0m[38;2;15;15;15m▀[0m[38;2;15;15;15m▀[0m  [38;2;15;15;15m▀[0m[38;2;85;115;184m[48;2;15;15;15m▀[0m[38;2;85;115;184m[48;2;15;15;15m▀[0m[38;2;39;49;88m▀[0m 
[0m