                              [38;2;125;56;181m▄[0m[38;2;116;53;170m[48;2;143;72;202m▀[0m[38;2;127;59;181m[48;2;152;79;205m▀[0m[38;2;126;59;179m[48;2;152;78;206m▀[0m[38;2;128;61;185m▄[0m[38;2;127;54;182m▄[0m                                            
                              [38;2;124;57;180m[48;2;118;53;173m▀[0m[38;2;151;76;210m[48;2;148;73;208m▀[0m[38;2;183;105;235m[48;2;183;105;235m▀[0m[38;2;175;96;230m[48;2;174;95;230m▀[0m[38;2;129;61;183m[48;2;125;57;181m▀[0m[38;2;125;57;179m[48;2;116;53;170m▀[0m                                            
                            [38;2;127;63;178m[48;2;125;60;182m▀[0m[38;2;131;60;184m[48;2;129;61;184m▀[0m[38;2;142;71;198m[48;2;167;90;222m▀[0m[38;2;158;84;215m[48;2;185;108;237m▀[0m[38;2;182;102;238m[48;2;184;106;237m▀[0m[38;2;176;96;233m[48;2;186;107;238m▀[0m[38;2;144;74;198m[48;2;180;104;232m▀[0m[38;2;143;70;201m[48;2;154;79;212m▀[0m[38;2;127;61;184m[48;2;124;58;180m▀[0m[38;2;85;85;170m[48;2;141;56;198m▀[0m                                          
                          [38;2;127;0;127m▄[0m[38;2;123;57;180m▄[0m[38;2;116;51;172m[48;2;137;68;196m▀[0m[38;2;127;59;183m[48;2;137;68;192m▀[0m[38;2;173;90;234m[48;2;171;88;236m▀[0m[38;2;187;118;229m[48;2;186;122;215m▀[0m[38;2;175;149;173m[48;2;189;188;107m▀[0m[38;2;180;139;194m[48;2;189;164;148m▀[0m[38;2;184;105;237m[48;2;182;101;239m▀[0m[38;2;159;79;222m[48;2;160;81;222m▀[0m[38;2;120;55;177m[48;2;135;66;190m▀[0m[38;2;137;66;193m▄[0m[38;2;127;56;184m▄[0m                                         
                          [38;2;127;63;191m▀[0m[38;2;124;58;181m[48;2;120;56;177m▀[0m[38;2;154;78;211m[48;2;161;81;222m▀[0m[38;2;175;100;227m[48;2;185;108;236m▀[0m[38;2;180;99;248m[48;2;182;99;255m▀[0m[38;2;193;122;206m[48;2;195;117;211m▀[0m[38;2;241;203;66m[48;2;255;204;60m▀[0m[38;2;225;172;120m[48;2;230;193;84m▀[0m[38;2;182;99;245m[48;2;173;138;188m▀[0m[38;2;181;101;243m[48;2;184;119;230m▀[0m[38;2;169;92;222m[48;2;179;97;237m▀[0m[38;2;137;65;193m[48;2;143;68;203m▀[0m[38;2;122;55;180m[48;2;117;52;175m▀[0m                                         
                         [38;2;109;72;182m[48;2;121;57;179m▀[0m[38;2;142;61;193m[48;2;137;66;193m▀[0m[38;2;128;62;184m[48;2;164;89;218m▀[0m[38;2;157;81;215m[48;2;180;101;235m▀[0m[38;2;181;105;233m[48;2;183;104;236m▀[0m[38;2;180;104;245m[48;2;171;138;191m▀[0m[38;2;193;126;200m[48;2;184;176;127m▀[0m[38;2;250;200;66m[48;2;245;207;57m▀[0m[38;2;228;215;51m[48;2;248;220;34m▀[0m[38;2;179;186;112m[48;2;234;205;64m▀[0m[38;2;183;131;205m[48;2;198;135;188m▀[0m[38;2;174;91;237m[48;2;178;98;247m▀[0m[38;2;140;69;196m[48;2;174;98;226m▀[0m[38;2;127;60;183m[48;2;158;82;214m▀[0m[38;2;119;51;170m[48;2;127;60;183m▀[0m[38;2;127;127;255m[48;2;127;54;173m▀[0m                                       
                         [38;2;123;57;180m[48;2;122;56;179m▀[0m[38;2;147;71;207m[48;2;137;66;193m▀[0m[38;2;179;100;234m[48;2;173;96;227m▀[0m[38;2;188;109;245m[48;2;184;106;244m▀[0m[38;2;182;104;238m[48;2;181;103;239m▀[0m[38;2;190;160;149m[48;2;225;168;125m▀[0m[38;2;209;208;69m[48;2;255;220;33m▀[0m[38;2;247;212;48m[48;2;255;215;42m▀[0m[38;2;255;221;30m[48;2;255;219;35m▀[0m[38;2;255;211;47m[48;2;252;209;52m▀[0m[38;2;205;135;181m[48;2;203;135;183m▀[0m[38;2;179;101;251m[48;2;179;100;250m▀[0m[38;2;187;110;239m[48;2;184;107;236m▀[0m[38;2;170;91;230m[48;2;162;86;219m▀[0m[38;2;126;60;183m[48;2;126;60;182m▀[0m[38;2;124;58;176m[48;2;127;56;177m▀[0m                                       
                         [38;2;123;57;180m[48;2;124;56;180m▀[0m[38;2;147;71;207m[48;2;137;65;193m▀[0m[38;2;179;100;234m[48;2;166;89;220m▀[0m[38;2;186;108;246m[48;2;178;100;239m▀[0m[38;2;181;103;239m[48;2;181;103;238m▀[0m[38;2;231;170;119m[48;2;215;166;133m▀[0m[38;2;255;223;25m[48;2;242;217;43m▀[0m[38;2;255;215;41m[48;2;255;215;42m▀[0m[38;2;255;220;33m[48;2;251;218;38m▀[0m[38;2;255;211;47m[48;2;236;205;63m▀[0m[38;2;205;135;181m[48;2;199;135;187m▀[0m[38;2;179;101;251m[48;2;178;98;247m▀[0m[38;2;187;110;239m[48;2;175;99;227m▀[0m[38;2;170;91;229m[48;2;157;83;214m▀[0m[38;2;126;60;182m[48;2;126;61;183m▀[0m[38;2;124;58;176m[48;2;123;52;175m▀[0m                                       
                         [38;2;113;56;170m▀[0m[38;2;140;61;193m▀[0m[38;2;130;62;185m[48;2;121;55;177m▀[0m[38;2;157;79;219m[48;2;161;80;224m▀[0m[38;2;182;102;236m[48;2;185;106;238m▀[0m[38;2;180;156;166m[48;2;179;127;213m▀[0m[38;2;194;200;86m[48;2;182;155;162m▀[0m[38;2;253;214;45m[48;2;219;202;90m▀[0m[38;2;232;210;56m[48;2;205;186;114m▀[0m[38;2;180;187;110m[48;2;174;140;184m▀[0m[38;2;184;132;204m[48;2;185;120;228m▀[0m[38;2;174;92;238m[48;2;178;96;237m▀[0m[38;2;141;69;197m[48;2;142;68;202m▀[0m[38;2;129;61;187m[48;2;115;52;173m▀[0m[38;2;127;56;184m▀[0m[38;2;85;85;170m▀[0m                                       
                          [38;2;159;63;191m[48;2;127;0;127m▀[0m[38;2;125;58;181m[48;2;123;58;182m▀[0m[38;2;153;77;211m[48;2;138;67;194m▀[0m[38;2;177;101;229m[48;2;144;72;201m▀[0m[38;2;186;100;249m[48;2;185;98;247m▀[0m[38;2;181;113;222m[48;2;173;106;217m▀[0m[38;2;164;167;124m[48;2;90;89;92m▀[0m[38;2;169;148;159m[48;2;120;96;138m▀[0m[38;2;184;101;243m[48;2;189;107;243m▀[0m[38;2;186;104;243m[48;2;173;90;235m▀[0m[38;2;169;93;223m[48;2;135;67;191m▀[0m[38;2;136;65;192m[48;2;136;63;195m▀[0m[38;2;122;57;179m[48;2;127;63;178m▀[0m                                         
                           [38;2;127;127;127m▄[0m[38;2;70;0;155m[48;2;127;127;127m▀[0m[38;2;121;49;180m▀[0m[38;2;167;85;228m[48;2;145;70;205m▀[0m[38;2;155;88;204m[48;2;120;58;171m▀[0m[38;2;45;41;58m[48;2;25;19;30m▀[0m[38;2;86;59;113m[48;2;62;34;84m▀[0m[38;2;170;93;226m[48;2;133;64;189m▀[0m[38;2;154;74;217m[48;2;150;71;206m▀[0m[38;2;111;42;174m[48;2;255;255;255m▀[0m[38;2;170;85;170m▄[0m[38;2;255;255;255m▄[0m                                         
                         [38;2;109;97;121m▄[0m[38;2;140;129;152m▄[0m[38;2;133;119;142m[48;2;166;155;173m▀[0m[38;2;151;136;161m[48;2;196;183;203m▀[0m[38;2;139;129;147m[48;2;185;174;192m▀[0m[38;2;152;108;185m[48;2;180;172;183m▀[0m[38;2;82;25;133m[48;2;87;91;79m▀[0m[38;2;5;4;6m[48;2;42;39;44m▀[0m[38;2;13;2;21m[48;2;40;39;40m▀[0m[38;2;131;46;204m[48;2;160;166;148m▀[0m[38;2;141;117;156m[48;2;172;162;177m▀[0m[38;2;152;138;160m[48;2;196;183;203m▀[0m[38;2;139;124;149m[48;2;185;174;192m▀[0m[38;2;129;113;137m[48;2;164;153;171m▀[0m[38;2;127;107;137m▄[0m[38;2;0;0;0m▄[0m                                       
                       [38;2;127;114;140m▄[0m[38;2;139;124;147m▄[0m[38;2;124;111;135m[48;2;181;170;186m▀[0m[38;2;150;136;157m[48;2;216;209;220m▀[0m[38;2;220;216;223m[48;2;247;246;248m▀[0m[38;2;250;249;251m[48;2;255;255;255m▀[0m[38;2;247;246;247m[48;2;255;255;255m▀[0m[38;2;186;179;191m[48;2;229;226;231m▀[0m[38;2;134;120;142m[48;2;207;200;212m▀[0m[38;2;133;120;141m[48;2;209;202;213m▀[0m[38;2;131;117;139m[48;2;207;201;212m▀[0m[38;2;146;133;154m[48;2;212;206;216m▀[0m[38;2;216;212;219m[48;2;243;241;244m▀[0m[38;2;250;249;251m[48;2;255;255;255m▀[0m[38;2;247;246;247m[48;2;255;255;255m▀[0m[38;2;196;186;201m[48;2;238;234;240m▀[0m[38;2;134;119;143m[48;2;193;185;198m▀[0m[38;2;117;107;127m[48;2;165;152;173m▀[0m[38;2;133;121;143m▄[0m                          [38;2;123;106;131m▄[0m[38;2;133;118;142m▄[0m[38;2;129;111;138m▄[0m         
                       [38;2;134;120;140m[48;2;137;124;144m▀[0m[38;2;138;125;148m[48;2;141;129;155m▀[0m[38;2;209;199;214m[48;2;204;196;212m▀[0m[38;2;255;255;255m[48;2;254;254;254m▀[0m[38;2;254;255;254m[48;2;255;255;255m▀[0m[38;2;250;250;250m[48;2;255;255;255m▀[0m[38;2;250;250;249m[48;2;253;253;253m▀[0m[38;2;253;253;252m[48;2;252;252;251m▀[0m[38;2;255;255;255m[48;2;251;251;250m▀[0m[38;2;255;255;254m[48;2;250;251;250m▀[0m[38;2;255;255;255m[48;2;254;255;254m▀[0m[38;2;255;255;255m[48;2;255;255;255m▀[0m[38;2;251;251;251m[48;2;251;252;251m▀[0m[38;2;249;249;249m[48;2;249;249;249m▀[0m[38;2;249;249;249m[48;2;249;249;249m▀[0m[38;2;255;255;255m[48;2;255;255;255m▀[0m[38;2;244;242;244m[48;2;239;237;240m▀[0m[38;2;178;165;186m[48;2;172;159;180m▀[0m[38;2;133;120;143m[48;2;133;119;142m▀[0m                        [38;2;255;255;255m[48;2;127;127;159m▀[0m[38;2;139;115;139m[48;2;134;120;142m▀[0m[38;2;159;147;164m[48;2;185;175;192m▀[0m[38;2;166;153;173m[48;2;234;232;236m▀[0m[38;2;157;146;164m[48;2;199;191;205m▀[0m[38;2;137;127;147m[48;2;138;124;148m▀[0m[38;2;127;127;127m[48;2;136;119;144m▀[0m       
                       [38;2;113;92;99m[48;2;77;49;28m▀[0m[38;2;115;96;100m[48;2;79;55;29m▀[0m[38;2;189;179;180m[48;2;169;155;138m▀[0m[38;2;254;254;254m[48;2;247;248;250m▀[0m[38;2;220;217;223m[48;2;175;166;182m▀[0m[38;2;208;203;212m[48;2;146;135;155m▀[0m[38;2;229;229;234m[48;2;183;179;188m▀[0m[38;2;242;243;245m[48;2;224;224;226m▀[0m[38;2;251;251;251m[48;2;254;254;254m▀[0m[38;2;251;251;251m[48;2;255;255;255m▀[0m[38;2;230;228;233m[48;2;198;192;202m▀[0m[38;2;211;206;217m[48;2;143;129;149m▀[0m[38;2;240;238;241m[48;2;215;211;217m▀[0m[38;2;254;254;253m[48;2;254;254;254m▀[0m[38;2;249;249;249m[48;2;249;249;249m▀[0m[38;2;255;255;255m[48;2;255;255;255m▀[0m[38;2;237;235;238m[48;2;237;235;238m▀[0m[38;2;169;157;177m[48;2;169;157;177m▀[0m[38;2;133;119;142m[48;2;133;119;142m▀[0m                       [38;2;170;85;170m▄[0m[38;2;143;143;175m▄[0m[38;2;128;113;137m[48;2;139;124;147m▀[0m[38;2;195;184;201m[48;2;190;180;196m▀[0m[38;2;255;255;255m[48;2;248;248;248m▀[0m[38;2;212;203;217m[48;2;206;199;211m▀[0m[38;2;133;118;143m[48;2;141;127;150m▀[0m[38;2;141;132;170m[48;2;133;115;133m▀[0m[38;2;63;63;0m▄[0m      
                       [38;2;78;52;26m[48;2;78;58;29m▀[0m[38;2;82;58;30m[48;2;86;62;35m▀[0m[38;2;155;140;126m[48;2;129;112;98m▀[0m[38;2;216;216;226m[48;2;166;158;159m▀[0m[38;2;196;195;209m[48;2;187;184;195m▀[0m[38;2;152;143;147m[48;2;158;150;156m▀[0m[38;2;112;94;77m[48;2;99;78;65m▀[0m[38;2;195;188;180m[48;2;156;143;130m▀[0m[38;2;255;255;255m[48;2;208;202;193m▀[0m[38;2;255;255;255m[48;2;208;202;193m▀[0m[38;2;186;178;171m[48;2;159;146;134m▀[0m[38;2;99;79;65m[48;2;101;81;67m▀[0m[38;2;174;168;170m[48;2;134;122;117m▀[0m[38;2;233;235;243m[48;2;180;174;176m▀[0m[38;2;255;255;255m[48;2;223;219;225m▀[0m[38;2;255;255;255m[48;2;234;231;238m▀[0m[38;2;245;244;246m[48;2;212;207;215m▀[0m[38;2;180;167;188m[48;2;168;156;176m▀[0m[38;2;133;119;142m[48;2;132;118;141m▀[0m                       [38;2;130;117;140m[48;2;131;118;140m▀[0m[38;2;153;141;161m[48;2;165;151;174m▀[0m[38;2;205;198;209m[48;2;235;232;237m▀[0m[38;2;236;233;238m[48;2;255;255;255m▀[0m[38;2;249;249;249m[48;2;249;249;249m▀[0m[38;2;241;239;242m[48;2;255;255;255m▀[0m[38;2;205;199;202m[48;2;237;235;228m▀[0m[38;2;120;99;80m[48;2;123;100;75m▀[0m[38;2;72;48;21m[48;2;66;41;14m▀[0m      
                       [38;2;0;0;0m▀[0m[38;2;95;63;31m▀[0m[38;2;90;65;39m[48;2;62;41;6m▀[0m[38;2;103;80;58m[48;2;85;59;32m▀[0m[38;2;138;123;132m[48;2;105;85;74m▀[0m[38;2;153;142;168m[48;2;129;112;118m▀[0m[38;2;146;132;153m[48;2;148;137;165m▀[0m[38;2;116;98;92m[48;2;131;117;131m▀[0m[38;2;93;70;43m[48;2;113;95;94m▀[0m[38;2;93;70;43m[48;2;113;95;94m▀[0m[38;2;119;101;97m[48;2;131;116;127m▀[0m[38;2;143;130;149m[48;2;148;136;159m▀[0m[38;2;105;86;71m[48;2;132;115;121m▀[0m[38;2;107;86;71m[48;2;102;86;88m▀[0m[38;2;151;138;157m[48;2;66;60;70m▀[0m[38;2;167;154;178m[48;2;92;82;99m▀[0m[38;2;150;137;156m[48;2;134;117;140m▀[0m[38;2;147;141;158m[48;2;0;85;85m▀[0m[38;2;153;153;153m▀[0m                       [38;2;132;118;141m[48;2;132;118;141m▀[0m[38;2;154;141;162m[48;2;154;141;162m▀[0m[38;2;226;222;228m[48;2;226;222;228m▀[0m[38;2;255;255;255m[48;2;255;255;255m▀[0m[38;2;249;249;249m[48;2;250;250;250m▀[0m[38;2;255;255;255m[48;2;231;231;234m▀[0m[38;2;229;226;222m[48;2;213;211;214m▀[0m[38;2;117;95;72m[48;2;196;188;181m▀[0m[38;2;67;42;15m[48;2;156;142;126m▀[0m[38;2;86;65;40m▄[0m[38;2;76;51;25m▄[0m    
                           [38;2;78;54;28m[48;2;71;50;36m▀[0m[38;2;109;87;69m[48;2;109;81;50m▀[0m[38;2;145;128;136m[48;2;153;118;69m▀[0m[38;2;152;137;157m[48;2;153;129;120m▀[0m[38;2;149;137;162m[48;2;143;132;159m▀[0m[38;2;149;137;163m[48;2;146;134;161m▀[0m[38;2;147;135;158m[48;2;145;133;157m▀[0m[38;2;145;132;153m[48;2;143;130;152m▀[0m[38;2;159;146;171m[48;2;155;142;169m▀[0m[38;2;111;102;121m[48;2;111;102;122m▀[0m[38;2;12;13;13m[48;2;18;19;20m▀[0m[38;2;0;0;0m[48;2;0;0;0m▀[0m                          [38;2;132;118;141m[48;2;131;118;143m▀[0m[38;2;156;143;164m[48;2;163;149;171m▀[0m[38;2;228;224;230m[48;2;234;230;235m▀[0m[38;2;255;255;255m[48;2;255;255;255m▀[0m[38;2;251;251;251m[48;2;252;252;252m▀[0m[38;2;203;201;208m[48;2;183;175;189m▀[0m[38;2;189;185;197m[48;2;159;149;167m▀[0m[38;2;255;255;255m[48;2;249;249;253m▀[0m[38;2;202;191;178m[48;2;195;184;170m▀[0m[38;2;87;64;38m[48;2;76;54;27m▀[0m[38;2;68;43;17m[48;2;56;25;0m▀[0m    
                    [38;2;170;85;85m▄[0m[38;2;148;106;63m▄[0m[38;2;156;117;58m▄[0m[38;2;63;63;0m[48;2;159;122;58m▀[0m[38;2;144;102;53m[48;2;162;123;62m▀[0m[38;2;151;103;56m[48;2;173;131;67m▀[0m[38;2;146;105;56m[48;2;171;132;66m▀[0m[38;2;163;141;71m[48;2;242;214;97m▀[0m[38;2;169;142;66m[48;2;238;211;92m▀[0m[38;2;153;111;49m[48;2;165;127;60m▀[0m[38;2;158;136;128m[48;2;178;162;145m▀[0m[38;2;161;153;176m[48;2;191;185;180m▀[0m[38;2;152;129;119m[48;2;161;124;70m▀[0m[38;2;155;138;139m[48;2;172;147;113m▀[0m[38;2;162;155;178m[48;2;195;192;193m▀[0m[38;2;161;139;138m[48;2;183;152;103m▀[0m[38;2;105;85;78m[48;2;123;92;39m▀[0m[38;2;7;7;14m[48;2;33;30;21m▀[0m[38;2;0;0;0m[48;2;17;17;17m▀[0m[38;2;69;46;46m▄[0m[38;2;0;0;0m▄[0m                        [38;2;131;119;140m▀[0m[38;2;153;141;162m▀[0m[38;2;193;185;198m[48;2;131;116;139m▀[0m[38;2;225;220;228m[48;2;185;174;191m▀[0m[38;2;250;250;250m[48;2;247;247;247m▀[0m[38;2;195;190;200m[48;2;223;224;227m▀[0m[38;2;164;156;172m[48;2;189;187;196m▀[0m[38;2;219;218;224m[48;2;182;179;189m▀[0m[38;2;210;205;200m[48;2;222;222;230m▀[0m[38;2;158;145;131m[48;2;251;251;251m▀[0m[38;2;116;94;70m[48;2;154;137;117m▀[0m[38;2;52;26;0m[48;2;84;62;36m▀[0m[38;2;92;69;46m▄[0m[38;2;51;51;0m▄[0m 
                   [38;2;132;89;47m▄[0m[38;2;140;100;53m[48;2;175;134;66m▀[0m[38;2;147;107;56m[48;2;193;157;76m▀[0m[38;2;150;104;55m[48;2;201;164;79m▀[0m[38;2;162;124;61m[48;2;209;175;83m▀[0m[38;2;219;191;88m[48;2;253;231;103m▀[0m[38;2;237;218;99m[48;2;255;250;110m▀[0m[38;2;236;208;95m[48;2;255;240;106m▀[0m[38;2;234;195;92m[48;2;236;200;94m▀[0m[38;2;232;193;90m[48;2;237;200;94m▀[0m[38;2;231;204;92m[48;2;255;240;107m▀[0m[38;2;235;224;118m[48;2;255;248;104m▀[0m[38;2;228;208;119m[48;2;247;220;92m▀[0m[38;2;160;122;61m[48;2;182;142;69m▀[0m[38;2;184;153;84m[48;2;206;170;77m▀[0m[38;2;240;226;129m[48;2;255;239;98m▀[0m[38;2;237;215;103m[48;2;255;243;105m▀[0m[38;2;221;200;87m[48;2;255;248;110m▀[0m[38;2;198;184;84m[48;2;255;252;112m▀[0m[38;2;139;118;62m[48;2;206;185;90m▀[0m[38;2;62;40;35m[48;2;128;105;59m▀[0m[38;2;0;0;23m[48;2;97;70;48m▀[0m[38;2;43;24;31m▄[0m                        [38;2;127;127;255m[48;2;127;127;170m▀[0m[38;2;131;115;140m[48;2;136;120;144m▀[0m[38;2;194;183;203m[48;2;181;166;175m▀[0m[38;2;252;255;255m[48;2;218;206;189m▀[0m[38;2;250;252;255m[48;2;247;241;232m▀[0m[38;2;221;219;223m[48;2;243;242;243m▀[0m[38;2;153;142;160m[48;2;182;173;187m▀[0m[38;2;192;186;199m[48;2;184;176;190m▀[0m[38;2;255;255;255m[48;2;221;217;223m▀[0m[38;2;233;229;223m[48;2;255;255;255m▀[0m[38;2;179;170;158m[48;2;221;216;208m▀[0m[38;2;99;78;54m[48;2;102;78;51m▀[0m[38;2;70;46;20m[48;2;61;39;9m▀[0m 
                 [38;2;138;93;49m▄[0m[38;2;204;102;51m[48;2;155;111;58m▀[0m[38;2;144;103;54m[48;2;203;169;79m▀[0m[38;2;194;156;75m[48;2;243;221;100m▀[0m[38;2;250;227;101m[48;2;255;250;110m▀[0m[38;2;254;238;105m[48;2;255;232;105m▀[0m[38;2;254;232;104m[48;2;253;215;100m▀[0m[38;2;255;233;104m[48;2;255;230;103m▀[0m[38;2;255;233;104m[48;2;255;234;104m▀[0m[38;2;255;233;104m[48;2;255;233;104m▀[0m[38;2;255;232;104m[48;2;255;235;105m▀[0m[38;2;255;232;104m[48;2;255;236;105m▀[0m[38;2;255;233;104m[48;2;255;237;105m▀[0m[38;2;255;237;105m[48;2;255;236;105m▀[0m[38;2;250;224;101m[48;2;254;230;103m▀[0m[38;2;224;179;86m[48;2;249;220;100m▀[0m[38;2;233;196;92m[48;2;251;224;101m▀[0m[38;2;255;235;104m[48;2;255;234;104m▀[0m[38;2;255;235;105m[48;2;255;234;105m▀[0m[38;2;255;233;104m[48;2;255;232;101m▀[0m[38;2;255;233;104m[48;2;255;232;94m▀[0m[38;2;254;243;108m[48;2;255;241;103m▀[0m[38;2;231;208;96m[48;2;255;234;104m▀[0m[38;2;117;94;55m[48;2;209;191;82m▀[0m[38;2;69;46;39m[48;2;158;133;62m▀[0m[38;2;86;65;45m▄[0m[38;2;71;53;41m▄[0m                       [38;2;170;85;170m▀[0m[38;2;148;106;46m[48;2;140;89;4m▀[0m[38;2;156;116;58m[48;2;149;106;45m▀[0m[38;2;220;201;173m[48;2;217;197;168m▀[0m[38;2;255;255;255m[48;2;255;255;255m▀[0m[38;2;253;253;253m[48;2;255;255;255m▀[0m[38;2;200;194;204m[48;2;202;196;206m▀[0m[38;2;149;136;157m[48;2;139;124;147m▀[0m[38;2;230;228;236m[48;2;220;216;224m▀[0m[38;2;216;210;201m[48;2;241;239;235m▀[0m[38;2;99;76;52m[48;2;196;188;179m▀[0m[38;2;66;43;15m[48;2;137;122;104m▀[0m[38;2;80;56;30m▄[0m
            [38;2;113;85;56m[48;2;102;78;53m▀[0m[38;2;86;63;46m[48;2;88;66;45m▀[0m[38;2;83;60;44m[48;2;90;66;45m▀[0m[38;2;72;49;38m[48;2;80;57;41m▀[0m[38;2;60;38;33m[48;2;72;48;37m▀[0m[38;2;149;113;59m[48;2;158;136;68m▀[0m[38;2;195;157;76m[48;2;255;237;106m▀[0m[38;2;250;227;102m[48;2;255;255;112m▀[0m[38;2;254;241;108m[48;2;223;202;93m▀[0m[38;2;226;207;95m[48;2;112;92;54m▀[0m[38;2;194;161;78m[48;2;41;30;26m▀[0m[38;2;191;153;75m[48;2;62;56;32m▀[0m[38;2;244;219;99m[48;2;223;204;92m▀[0m[38;2;255;240;106m[48;2;255;248;110m▀[0m[38;2;255;234;104m[48;2;255;236;105m▀[0m[38;2;255;234;104m[48;2;255;237;105m▀[0m[38;2;253;230;103m[48;2;246;217;98m▀[0m[38;2;249;223;101m[48;2;225;184;88m▀[0m[38;2;253;229;103m[48;2;243;212;98m▀[0m[38;2;255;233;104m[48;2;252;229;102m▀[0m[38;2;252;227;102m[48;2;228;188;90m▀[0m[38;2;253;229;103m[48;2;236;201;93m▀[0m[38;2;255;233;104m[48;2;255;235;104m▀[0m[38;2;255;233;102m[48;2;255;234;95m▀[0m[38;2;255;234;112m[48;2;253;238;144m▀[0m[38;2;254;236;130m[48;2;250;247;234m▀[0m[38;2;255;233;112m[48;2;253;239;152m▀[0m[38;2;255;237;105m[48;2;255;236;110m▀[0m[38;2;255;255;135m[48;2;255;255;225m▀[0m[38;2;199;178;103m[48;2;185;174;166m▀[0m[38;2;86;64;44m[48;2;78;56;38m▀[0m[38;2;69;47;36m[48;2;59;34;17m▀[0m                        [38;2;145;102;31m[48;2;142;95;21m▀[0m[38;2;153;112;51m[48;2;152;109;47m▀[0m[38;2;220;200;171m[48;2;222;202;172m▀[0m[38;2;254;254;255m[48;2;247;250;254m▀[0m[38;2;246;246;247m[48;2;208;207;214m▀[0m[38;2;197;192;202m[48;2;185;182;192m▀[0m[38;2;154;143;162m[48;2;184;181;192m▀[0m[38;2;220;216;221m[48;2;230;229;232m▀[0m[38;2;255;255;255m[48;2;255;255;255m▀[0m[38;2;255;255;255m[48;2;255;255;255m▀[0m[38;2;165;152;136m[48;2;162;149;133m▀[0m[38;2;88;62;34m[48;2;86;61;33m▀[0m
       [38;2;0;0;0m▄[0m[38;2;0;0;15m▄[0m[38;2;0;5;5m[48;2;18;18;16m▀[0m[38;2;4;8;10m[48;2;22;20;18m▀[0m[38;2;0;0;8m[48;2;12;13;15m▀[0m[38;2;56;43;29m[48;2;54;42;28m▀[0m[38;2;127;95;54m[48;2;147;110;57m▀[0m[38;2;169;141;73m[48;2;219;188;87m▀[0m[38;2;180;162;81m[48;2;255;242;108m▀[0m[38;2;171;154;77m[48;2;255;252;110m▀[0m[38;2;175;152;76m[48;2;193;171;83m▀[0m[38;2;170;152;75m[48;2;92;70;46m▀[0m[38;2;163;151;75m[48;2;87;66;45m▀[0m[38;2;157;131;67m[48;2;117;90;52m▀[0m[38;2;122;90;52m[48;2;156;117;60m▀[0m[38;2;30;20;20m[48;2;60;45;29m▀[0m[38;2;30;32;22m[48;2;40;40;25m▀[0m[38;2;218;201;91m[48;2;221;204;92m▀[0m[38;2;255;237;107m[48;2;253;218;101m▀[0m[38;2;243;210;97m[48;2;217;172;84m▀[0m[38;2;252;230;103m[48;2;245;218;99m▀[0m[38;2;245;217;98m[48;2;247;220;100m▀[0m[38;2;220;174;85m[48;2;222;178;86m▀[0m[38;2;241;209;97m[48;2;242;210;97m▀[0m[38;2;252;227;102m[48;2;253;229;103m▀[0m[38;2;221;175;86m[48;2;227;187;89m▀[0m[38;2;234;196;92m[48;2;232;195;91m▀[0m[38;2;255;242;106m[48;2;248;226;101m▀[0m[38;2;255;235;86m[48;2;253;233;102m▀[0m[38;2;253;238;144m[48;2;253;237;148m▀[0m[38;2;250;254;255m[48;2;247;243;232m▀[0m[38;2;252;247;216m[48;2;248;248;253m▀[0m[38;2;252;243;183m[48;2;249;250;255m▀[0m[38;2;252;253;255m[48;2;249;250;255m▀[0m[38;2;219;213;185m[48;2;255;255;197m▀[0m[38;2;167;143;59m[48;2;255;236;112m▀[0m[38;2;127;103;46m[48;2;148;124;66m▀[0m[38;2;74;54;42m[48;2;74;53;38m▀[0m[38;2;63;63;63m[48;2;85;56;56m▀[0m                    [38;2;191;127;63m[48;2;191;127;63m▀[0m[38;2;154;111;45m[48;2;152;110;47m▀[0m[38;2;167;133;88m[48;2;183;150;102m▀[0m[38;2;166;145;127m[48;2;194;191;191m▀[0m[38;2;227;219;216m[48;2;235;237;233m▀[0m[38;2;240;242;253m[48;2;238;234;229m▀[0m[38;2;169;162;178m[48;2;160;148;166m▀[0m[38;2;177;172;185m[48;2;187;180;193m▀[0m[38;2;224;224;227m[48;2;255;255;254m▀[0m[38;2;245;244;246m[48;2;255;255;255m▀[0m[38;2;233;230;226m[48;2;208;202;193m▀[0m[38;2;179;170;159m[48;2;94;72;46m▀[0m[38;2;131;115;97m[48;2;61;37;8m▀[0m[38;2;81;57;30m▀[0m
      [38;2;0;0;5m▄[0m[38;2;0;0;0m[48;2;22;20;18m▀[0m[38;2;1;4;9m[48;2;35;28;22m▀[0m[38;2;41;33;25m[48;2;69;53;37m▀[0m[38;2;78;60;41m[48;2;99;76;49m▀[0m[38;2;76;59;40m[48;2;101;76;49m▀[0m[38;2;82;62;42m[48;2;94;71;47m▀[0m[38;2;104;79;49m[48;2;86;66;45m▀[0m[38;2;149;116;60m[48;2;103;75;46m▀[0m[38;2;201;168;79m[48;2;145;109;57m▀[0m[38;2;255;236;105m[48;2;213;181;84m▀[0m[38;2;245;230;103m[48;2;246;225;101m▀[0m[38;2;215;193;90m[48;2;255;246;109m▀[0m[38;2;214;202;93m[48;2;255;255;112m▀[0m[38;2;187;162;79m[48;2;235;215;98m▀[0m[38;2;103;76;48m[48;2;149;130;68m▀[0m[38;2;26;16;19m[48;2;39;31;25m▀[0m[38;2;44;44;26m[48;2;35;34;22m▀[0m[38;2;224;208;93m[48;2;237;218;98m▀[0m[38;2;236;202;93m[48;2;206;180;84m▀[0m[38;2;181;137;68m[48;2;105;80;43m▀[0m[38;2;234;208;95m[48;2;210;188;86m▀[0m[38;2;251;221;101m[48;2;253;234;106m▀[0m[38;2;220;174;85m[48;2;233;198;92m▀[0m[38;2;243;210;97m[48;2;223;190;88m▀[0m[38;2;255;244;108m[48;2;225;202;92m▀[0m[38;2;249;230;103m[48;2;254;239;106m▀[0m[38;2;214;181;78m[48;2;207;175;73m▀[0m[38;2;179;144;74m[48;2;147;107;62m▀[0m[38;2;230;219;184m[48;2;225;218;223m▀[0m[38;2;249;237;198m[48;2;253;243;227m▀[0m[38;2;228;193;121m[48;2;219;171;77m▀[0m[38;2;238;223;198m[48;2;236;209;133m▀[0m[38;2;250;253;255m[48;2;254;251;212m▀[0m[38;2;249;250;253m[48;2;250;250;246m▀[0m[38;2;255;255;246m[48;2;255;254;241m▀[0m[38;2;248;245;223m[48;2;244;238;203m▀[0m[38;2;145;126;100m[48;2;137;117;91m▀[0m[38;2;74;52;26m[48;2;66;44;25m▀[0m[38;2;85;56;28m▀[0m [38;2;85;85;0m▄[0m[38;2;143;101;55m▄[0m[38;2;158;111;58m▄[0m[38;2;143;102;55m▄[0m[38;2;143;102;55m▄[0m[38;2;149;108;55m▄[0m[38;2;149;105;55m▄[0m[38;2;144;102;51m▄[0m          [38;2;42;25;25m▄[0m[38;2;90;68;43m▄[0m[38;2;141;98;49m[48;2;176;143;70m▀[0m[38;2;190;152;81m[48;2;221;194;87m▀[0m[38;2;239;221;124m[48;2;255;236;97m▀[0m[38;2;251;238;128m[48;2;255;237;88m▀[0m[38;2;250;235;149m[48;2;255;234;108m▀[0m[38;2;228;224;223m[48;2;255;250;189m▀[0m[38;2;236;236;248m[48;2;252;249;228m▀[0m[38;2;255;255;255m[48;2;235;234;238m▀[0m[38;2;255;255;255m[48;2;215;209;204m▀[0m[38;2;218;213;206m[48;2;171;159;145m▀[0m[38;2;103;80;54m[48;2;99;79;55m▀[0m[38;2;66;41;14m[48;2;68;49;19m▀[0m 
    [38;2;167;119;63m▄[0m[38;2;150;107;57m▄[0m[38;2;5;8;12m[48;2;45;31;22m▀[0m[38;2;27;24;20m[48;2;7;6;13m▀[0m[38;2;81;63;42m[48;2;85;65;44m▀[0m[38;2;97;74;48m[48;2;104;79;51m▀[0m[38;2;92;70;46m[48;2;92;70;46m▀[0m[38;2;92;70;46m[48;2;92;70;46m▀[0m[38;2;92;70;46m[48;2;92;70;46m▀[0m[38;2;92;70;46m[48;2;92;70;46m▀[0m[38;2;88;67;45m[48;2;97;74;49m▀[0m[38;2;100;75;47m[48;2;85;63;43m▀[0m[38;2;142;104;55m[48;2;36;22;20m▀[0m[38;2;203;170;80m[48;2;130;112;55m▀[0m[38;2;255;236;105m[48;2;255;239;106m▀[0m[38;2;255;237;105m[48;2;255;239;106m▀[0m[38;2;255;240;107m[48;2;255;238;106m▀[0m[38;2;255;239;106m[48;2;255;242;107m▀[0m[38;2;100;92;46m[48;2;206;199;90m▀[0m[38;2;37;35;23m[48;2;155;143;67m▀[0m[38;2;233;213;96m[48;2;97;89;45m▀[0m[38;2;157;144;68m[48;2;32;29;17m▀[0m[38;2;17;17;16m[48;2;0;2;9m▀[0m[38;2;182;166;77m[48;2;195;178;82m▀[0m[38;2;255;253;112m[48;2;255;255;118m▀[0m[38;2;255;237;105m[48;2;255;240;106m▀[0m[38;2;192;159;76m[48;2;185;150;72m▀[0m[38;2;166;129;64m[48;2;157;117;59m▀[0m[38;2;246;222;100m[48;2;255;229;103m▀[0m[38;2;215;185;78m[48;2;255;247;107m▀[0m[38;2;158;120;66m[48;2;235;206;96m▀[0m[38;2;223;215;208m[48;2;163;145;111m▀[0m[38;2;247;237;218m[48;2;165;148;112m▀[0m[38;2;222;178;92m[48;2;240;211;99m▀[0m[38;2;240;204;78m[48;2;242;203;78m▀[0m[38;2;255;239;127m[48;2;235;202;112m▀[0m[38;2;250;249;238m[48;2;246;243;245m▀[0m[38;2;255;252;201m[48;2;254;249;204m▀[0m[38;2;249;227;98m[48;2;253;230;93m▀[0m[38;2;143;119;60m[48;2;217;202;86m▀[0m[38;2;75;53;39m[48;2;172;151;76m▀[0m[38;2;85;56;56m[48;2;95;74;47m▀[0m[38;2;106;72;45m▄[0m[38;2;155;120;56m[48;2;165;124;61m▀[0m[38;2;157;117;60m[48;2;212;183;85m▀[0m[38;2;168;126;64m[48;2;233;208;95m▀[0m[38;2;157;118;60m[48;2;228;199;92m▀[0m[38;2;157;118;60m[48;2;228;199;92m▀[0m[38;2;162;122;62m[48;2;230;203;93m▀[0m[38;2;161;121;62m[48;2;230;202;93m▀[0m[38;2;155;118;59m[48;2;184;150;72m▀[0m[38;2;141;100;53m▄[0m[38;2;154;110;57m▄[0m[38;2;146;103;54m▄[0m     [38;2;0;0;0m▄[0m[38;2;66;48;37m▄[0m[38;2;70;49;37m[48;2;136;105;60m▀[0m[38;2;101;78;49m[48;2;190;151;77m▀[0m[38;2;214;191;90m[48;2;190;156;76m▀[0m[38;2;255;245;108m[48;2;197;168;79m▀[0m[38;2;255;233;104m[48;2;231;193;91m▀[0m[38;2;255;233;104m[48;2;249;221;101m▀[0m[38;2;255;234;103m[48;2;255;244;106m▀[0m[38;2;255;236;98m[48;2;255;255;106m▀[0m[38;2;233;220;151m[48;2;192;178;96m▀[0m[38;2;185;183;194m[48;2;66;65;73m▀[0m[38;2;123;106;94m[48;2;66;55;48m▀[0m[38;2;82;57;30m[48;2;59;29;0m▀[0m[38;2;85;56;28m▀[0m  
   [38;2;127;87;46m[48;2;140;98;51m▀[0m[38;2;185;142;69m[48;2;192;154;74m▀[0m[38;2;189;151;73m[48;2;250;226;101m▀[0m[38;2;122;108;54m[48;2;244;243;109m▀[0m[38;2;58;54;32m[48;2;203;186;85m▀[0m[38;2;66;52;36m[48;2;37;34;23m▀[0m[38;2;80;60;41m[48;2;30;22;22m▀[0m[38;2;95;72;47m[48;2;98;75;48m▀[0m[38;2;95;72;47m[48;2;99;75;48m▀[0m[38;2;95;72;47m[48;2;99;75;48m▀[0m[38;2;95;72;47m[48;2;98;75;48m▀[0m[38;2;81;61;42m[48;2;30;22;22m▀[0m[38;2;64;49;34m[48;2;37;34;23m▀[0m[38;2;45;42;27m[48;2;202;186;84m▀[0m[38;2;135;129;61m[48;2;244;237;106m▀[0m[38;2;255;238;106m[48;2;255;233;104m▀[0m[38;2;255;239;107m[48;2;255;234;104m▀[0m[38;2;255;233;104m[48;2;255;233;104m▀[0m[38;2;255;233;104m[48;2;255;233;104m▀[0m[38;2;255;255;113m[48;2;255;235;105m▀[0m[38;2;241;221;99m[48;2;254;232;103m▀[0m[38;2;79;73;38m[48;2;239;218;98m▀[0m[38;2;43;42;22m[48;2;235;226;101m▀[0m[38;2;71;66;36m[48;2;229;210;95m▀[0m[38;2;159;145;68m[48;2;64;58;33m▀[0m[38;2;211;209;94m[48;2;72;67;37m▀[0m[38;2;255;239;106m[48;2;255;235;105m▀[0m[38;2;212;186;87m[48;2;255;255;117m▀[0m[38;2;181;147;71m[48;2;225;205;93m▀[0m[38;2;197;177;81m[48;2;59;55;31m▀[0m[38;2;200;199;89m[48;2;12;13;12m▀[0m[38;2;203;188;85m[48;2;30;29;21m▀[0m[38;2;102;81;42m[48;2;62;46;33m▀[0m[38;2;120;98;48m[48;2;141;118;64m▀[0m[38;2;252;232;103m[48;2;250;229;102m▀[0m[38;2;243;204;87m[48;2;242;204;94m▀[0m[38;2;221;178;104m[48;2;223;179;88m▀[0m[38;2;245;235;206m[48;2;249;225;111m▀[0m[38;2;253;245;179m[48;2;255;238;112m▀[0m[38;2;255;233;101m[48;2;255;233;104m▀[0m[38;2;255;254;107m[48;2;255;246;108m▀[0m[38;2;217;195;91m[48;2;204;182;86m▀[0m[38;2;98;75;50m[48;2;88;65;45m▀[0m[38;2;136;103;58m[48;2;174;151;75m▀[0m[38;2;206;172;81m[48;2;255;243;108m▀[0m[38;2;253;231;103m[48;2;255;236;105m▀[0m[38;2;255;247;109m[48;2;255;234;104m▀[0m[38;2;255;241;107m[48;2;255;234;104m▀[0m[38;2;255;241;107m[48;2;255;234;104m▀[0m[38;2;255;244;108m[48;2;255;234;104m▀[0m[38;2;255;244;108m[48;2;255;234;104m▀[0m[38;2;219;189;88m[48;2;252;229;102m▀[0m[38;2;185;147;72m[48;2;248;227;102m▀[0m[38;2;196;157;77m[48;2;249;232;104m▀[0m[38;2;172;136;68m[48;2;209;177;83m▀[0m[38;2;141;99;51m[48;2;150;109;57m▀[0m[38;2;155;113;61m[48;2;160;118;61m▀[0m[38;2;160;116;58m[48;2;159;119;60m▀[0m [38;2;40;30;30m[48;2;60;42;36m▀[0m[38;2;96;72;48m[48;2;112;85;53m▀[0m[38;2;111;87;52m[48;2;201;161;81m▀[0m[38;2;176;138;73m[48;2;198;155;76m▀[0m[38;2;216;171;82m[48;2;161;121;61m▀[0m[38;2;176;134;67m[48;2;198;155;77m▀[0m[38;2;176;132;67m[48;2;224;178;87m▀[0m[38;2;220;172;84m[48;2;227;181;87m▀[0m[38;2;247;210;98m[48;2;245;197;94m▀[0m[38;2;246;226;101m[48;2;206;168;81m▀[0m[38;2;212;205;94m[48;2;63;56;33m▀[0m[38;2;125;114;51m[48;2;17;15;12m▀[0m[38;2;0;0;0m[48;2;0;0;0m▀[0m[38;2;0;0;0m[48;2;0;0;0m▀[0m    
 [38;2;147;102;53m[48;2;143;102;53m▀[0m[38;2;165;126;63m[48;2;173;131;66m▀[0m[38;2;201;167;78m[48;2;248;221;100m▀[0m[38;2;222;188;88m[48;2;237;213;97m▀[0m[38;2;203;171;80m[48;2;163;125;62m▀[0m[38;2;238;222;101m[48;2;210;181;84m▀[0m[38;2;252;237;105m[48;2;254;242;108m▀[0m[38;2;161;158;73m[48;2;251;242;109m▀[0m[38;2;91;82;43m[48;2;160;146;68m▀[0m[38;2;34;25;23m[48;2;28;29;21m▀[0m[38;2;34;23;23m[48;2;27;29;20m▀[0m[38;2;35;27;24m[48;2;24;23;18m▀[0m[38;2;40;32;26m[48;2;18;16;16m▀[0m[38;2;87;79;42m[48;2;166;150;70m▀[0m[38;2;152;147;69m[48;2;255;255;114m▀[0m[38;2;251;231;103m[48;2;255;239;106m▀[0m[38;2;255;249;111m[48;2;255;233;104m▀[0m[38;2;255;233;104m[48;2;255;233;104m▀[0m[38;2;255;233;104m[48;2;255;233;104m▀[0m[38;2;255;233;104m[48;2;255;233;104m▀[0m[38;2;255;233;104m[48;2;255;233;104m▀[0m[38;2;255;232;104m[48;2;255;233;104m▀[0m[38;2;255;235;105m[48;2;255;233;104m▀[0m[38;2;255;244;109m[48;2;255;233;104m▀[0m[38;2;255;254;113m[48;2;255;233;104m▀[0m[38;2;255;241;108m[48;2;255;235;105m▀[0m[38;2;155;151;71m[48;2;255;255;115m▀[0m[38;2;114;104;51m[48;2;202;184;84m▀[0m[38;2;117;109;53m[48;2;32;27;20m▀[0m[38;2;112;117;56m[48;2;10;5;9m▀[0m[38;2;116;108;53m[48;2;44;35;24m▀[0m[38;2;81;64;36m[48;2;145;109;56m▀[0m[38;2;74;52;31m[48;2;177;133;66m▀[0m[38;2;74;56;33m[48;2;161;121;61m▀[0m[38;2;71;50;37m[48;2;107;78;48m▀[0m[38;2;140;118;64m[48;2;129;108;59m▀[0m[38;2;255;242;108m[48;2;225;205;93m▀[0m[38;2;255;232;105m[48;2;245;233;103m▀[0m[38;2;241;207;94m[48;2;255;237;106m▀[0m[38;2;253;228;94m[48;2;255;234;104m▀[0m[38;2;255;234;99m[48;2;255;233;104m▀[0m[38;2;255;233;104m[48;2;255;233;104m▀[0m[38;2;255;239;106m[48;2;255;232;104m▀[0m[38;2;231;212;96m[48;2;255;240;107m▀[0m[38;2;177;158;78m[48;2;255;245;109m▀[0m[38;2;160;138;70m[48;2;160;139;70m▀[0m[38;2;174;158;78m[48;2;110;88;53m▀[0m[38;2;251;230;103m[48;2;215;193;90m▀[0m[38;2;255;246;109m[48;2;244;233;104m▀[0m[38;2;255;233;104m[48;2;255;235;105m▀[0m[38;2;255;233;104m[48;2;255;235;105m▀[0m[38;2;255;233;104m[48;2;255;234;104m▀[0m[38;2;255;233;104m[48;2;255;233;104m▀[0m[38;2;255;237;106m[48;2;255;233;104m▀[0m[38;2;255;241;107m[48;2;255;233;104m▀[0m[38;2;255;243;108m[48;2;255;233;104m▀[0m[38;2;244;220;99m[48;2;255;236;105m▀[0m[38;2;218;186;87m[48;2;255;231;104m▀[0m[38;2;216;172;83m[48;2;243;202;95m▀[0m[38;2;168;129;65m[48;2;188;147;75m▀[0m[38;2;78;58;41m[48;2;111;86;53m▀[0m[38;2;133;103;59m[48;2;169;133;71m▀[0m[38;2;185;146;75m[48;2;212;168;81m▀[0m[38;2;195;152;76m[48;2;161;121;61m▀[0m[38;2;195;152;74m[48;2;175;135;68m▀[0m[38;2;197;154;75m[48;2;215;172;85m▀[0m[38;2;229;182;88m[48;2;223;178;87m▀[0m[38;2;219;174;86m[48;2;178;141;72m▀[0m[38;2;164;129;69m[48;2;92;68;45m▀[0m[38;2;137;108;59m[48;2;31;23;23m▀[0m[38;2;95;76;41m[48;2;0;0;7m▀[0m[38;2;17;12;15m[48;2;0;0;12m▀[0m[38;2;0;0;0m▀[0m      
[38;2;78;57;42m▄[0m[38;2;139;95;49m[48;2;155;126;64m▀[0m[38;2;162;120;61m[48;2;199;166;78m▀[0m[38;2;241;214;97m[48;2;210;178;83m▀[0m[38;2;255;242;108m[48;2;223;201;92m▀[0m[38;2;236;211;95m[48;2;255;239;106m▀[0m[38;2;246;230;103m[48;2;255;251;111m▀[0m[38;2;235;215;98m[48;2;228;205;94m▀[0m[38;2;136;117;63m[48;2;91;69;46m▀[0m[38;2;153;133;67m[48;2;147;125;65m▀[0m[38;2;209;196;89m[48;2;255;254;113m▀[0m[38;2;209;204;91m[48;2;255;255;117m▀[0m[38;2;182;160;75m[48;2;255;229;103m▀[0m[38;2;123;90;48m[48;2;206;170;80m▀[0m[38;2;198;169;79m[48;2;230;206;94m▀[0m[38;2;255;247;110m[48;2;250;232;103m▀[0m[38;2;255;243;108m[48;2;217;189;87m▀[0m[38;2;255;238;106m[48;2;228;201;92m▀[0m[38;2;255;233;104m[48;2;255;234;104m▀[0m[38;2;255;233;104m[48;2;255;234;104m▀[0m[38;2;255;233;104m[48;2;255;235;105m▀[0m[38;2;255;233;104m[48;2;255;241;107m▀[0m[38;2;255;233;104m[48;2;255;237;105m▀[0m[38;2;255;233;104m[48;2;255;233;104m▀[0m[38;2;255;232;104m[48;2;255;236;105m▀[0m[38;2;255;238;106m[48;2;227;204;94m▀[0m[38;2;255;244;108m[48;2;198;175;84m▀[0m[38;2;255;247;109m[48;2;246;225;101m▀[0m[38;2;238;210;96m[48;2;255;242;108m▀[0m[38;2;181;143;72m[48;2;250;213;99m▀[0m[38;2;184;144;72m[48;2;210;169;84m▀[0m[38;2;186;147;72m[48;2;173;134;70m▀[0m[38;2;164;124;63m[48;2;165;124;64m▀[0m[38;2;159;119;60m[48;2;163;121;61m▀[0m[38;2;159;120;61m[48;2;164;123;62m▀[0m[38;2;155;117;60m[48;2;174;132;65m▀[0m[38;2;114;88;48m[48;2;105;79;43m▀[0m[38;2;56;51;30m[48;2;0;0;5m▀[0m[38;2;166;155;72m[48;2;142;132;63m▀[0m[38;2;255;245;109m[48;2;255;255;115m▀[0m[38;2;255;236;105m[48;2;255;240;107m▀[0m[38;2;255;233;104m[48;2;255;234;104m▀[0m[38;2;255;233;104m[48;2;255;233;104m▀[0m[38;2;255;233;104m[48;2;255;233;104m▀[0m[38;2;255;235;105m[48;2;255;235;104m▀[0m[38;2;255;237;105m[48;2;255;237;105m▀[0m[38;2;240;228;102m[48;2;239;221;99m▀[0m[38;2;209;188;88m[48;2;215;187;87m▀[0m[38;2;117;95;55m[48;2;153;131;68m▀[0m[38;2;166;146;72m[48;2;157;136;69m▀[0m[38;2;255;248;110m[48;2;185;167;81m▀[0m[38;2;255;250;110m[48;2;179;162;79m▀[0m[38;2;255;241;107m[48;2;208;187;88m▀[0m[38;2;255;233;104m[48;2;255;238;106m▀[0m[38;2;255;232;104m[48;2;255;244;107m▀[0m[38;2;255;234;104m[48;2;254;233;103m▀[0m[38;2;255;239;106m[48;2;244;217;99m▀[0m[38;2;246;217;99m[48;2;233;195;92m▀[0m[38;2;229;187;90m[48;2;222;175;86m▀[0m[38;2;226;181;87m[48;2;221;175;85m▀[0m[38;2;219;175;85m[48;2;228;182;88m▀[0m[38;2;204;162;81m[48;2;234;187;90m▀[0m[38;2;143;112;62m[48;2;174;138;72m▀[0m[38;2;111;85;51m[48;2;127;98;57m▀[0m[38;2;154;116;59m[48;2;136;103;56m▀[0m[38;2;148;112;59m[48;2;115;86;50m▀[0m[38;2;121;95;57m[48;2;74;56;41m▀[0m[38;2;129;100;60m[48;2;80;61;45m▀[0m[38;2;112;87;51m[48;2;75;57;39m▀[0m[38;2;85;66;47m▀[0m[38;2;22;16;22m▀[0m[38;2;0;0;6m▀[0m[38;2;0;0;0m▀[0m       
[38;2;81;59;43m[48;2;83;60;44m▀[0m[38;2;162;141;72m[48;2;163;141;72m▀[0m[38;2;255;235;105m[48;2;255;244;108m▀[0m[38;2;182;147;71m[48;2;231;208;95m▀[0m[38;2;176;141;69m[48;2;230;203;93m▀[0m[38;2;251;229;102m[48;2;255;240;107m▀[0m[38;2;255;250;110m[48;2;255;249;110m▀[0m[38;2;230;208;95m[48;2;236;211;96m▀[0m[38;2;106;84;51m[48;2;140;106;56m▀[0m[38;2;151;129;66m[48;2;178;149;72m▀[0m[38;2;255;237;106m[48;2;254;233;105m▀[0m[38;2;254;236;105m[48;2;197;166;78m▀[0m[38;2;254;232;104m[48;2;197;165;77m▀[0m[38;2;255;235;105m[48;2;255;235;105m▀[0m[38;2;255;241;107m[48;2;255;225;103m▀[0m[38;2;240;214;97m[48;2;243;201;94m▀[0m[38;2;165;127;63m[48;2;223;192;89m▀[0m[38;2;192;159;76m[48;2;233;210;95m▀[0m[38;2;255;236;105m[48;2;255;234;104m▀[0m[38;2;255;237;105m[48;2;255;242;107m▀[0m[38;2;254;232;104m[48;2;221;199;92m▀[0m[38;2;252;230;103m[48;2;148;125;66m▀[0m[38;2;254;232;104m[48;2;214;190;90m▀[0m[38;2;255;235;105m[48;2;255;255;114m▀[0m[38;2;255;243;108m[48;2;255;250;111m▀[0m[38;2;175;154;75m[48;2;157;141;68m▀[0m[38;2;90;69;46m[48;2;28;22;20m▀[0m[38;2;201;179;84m[48;2;56;51;26m▀[0m[38;2;252;249;109m[48;2;134;132;61m▀[0m[38;2;255;239;106m[48;2;255;247;110m▀[0m[38;2;157;137;71m[48;2;240;235;108m▀[0m[38;2;92;68;44m[48;2;192;172;82m▀[0m[38;2;144;108;56m[48;2;81;66;37m▀[0m[38;2;158;119;60m[48;2;46;35;21m▀[0m[38;2;155;116;59m[48;2;57;47;27m▀[0m[38;2;166;125;63m[48;2;140;106;54m▀[0m[38;2;111;84;45m[48;2;162;122;62m▀[0m[38;2;16;15;15m[48;2;117;89;47m▀[0m[38;2;145;133;63m[48;2;79;68;37m▀[0m[38;2;251;242;109m[48;2;95;90;46m▀[0m[38;2;254;235;105m[48;2;221;185;88m▀[0m[38;2;255;233;104m[48;2;255;228;105m▀[0m[38;2;255;233;104m[48;2;255;238;106m▀[0m[38;2;255;233;104m[48;2;255;241;107m▀[0m[38;2;255;237;105m[48;2;252;229;103m▀[0m[38;2;254;235;105m[48;2;234;198;93m▀[0m[38;2;191;157;75m[48;2;176;136;68m▀[0m[38;2;166;128;64m[48;2;157;118;60m▀[0m[38;2;251;226;101m[48;2;233;194;91m▀[0m[38;2;194;173;83m[48;2;221;183;89m▀[0m[38;2;87;64;44m[48;2;174;136;71m▀[0m[38;2;74;52;40m[48;2;178;138;72m▀[0m[38;2;135;113;62m[48;2;160;128;68m▀[0m[38;2;246;224;101m[48;2;130;110;60m▀[0m[38;2;253;244;107m[48;2;194;167;82m▀[0m[38;2;250;224;101m[48;2;251;208;98m▀[0m[38;2;227;184;89m[48;2;229;183;89m▀[0m[38;2;219;172;85m[48;2;195;152;76m▀[0m[38;2;221;176;86m[48;2;173;133;66m▀[0m[38;2;222;177;86m[48;2;210;167;81m▀[0m[38;2;222;177;86m[48;2;230;183;89m▀[0m[38;2;222;177;86m[48;2;222;177;86m▀[0m[38;2;232;185;89m[48;2;235;187;90m▀[0m[38;2;207;164;82m[48;2;208;165;82m▀[0m[38;2;115;89;54m[48;2;106;81;51m▀[0m[38;2;75;56;42m[48;2;58;43;35m▀[0m              
[38;2;83;61;44m[48;2;86;64;44m▀[0m[38;2;156;131;69m[48;2;148;114;63m▀[0m[38;2;254;228;104m[48;2;235;190;91m▀[0m[38;2;255;244;109m[48;2;255;232;105m▀[0m[38;2;254;232;104m[48;2;229;204;93m▀[0m[38;2;233;207;94m[48;2;165;126;63m▀[0m[38;2;244;225;101m[48;2;211;182;84m▀[0m[38;2;244;222;100m[48;2;254;239;107m▀[0m[38;2;192;158;75m[48;2;252;231;103m▀[0m[38;2;215;185;86m[48;2;253;231;103m▀[0m[38;2;254;232;104m[48;2;255;233;104m▀[0m[38;2;193;160;76m[48;2;251;228;102m▀[0m[38;2;191;161;76m[48;2;251;235;105m▀[0m[38;2;253;234;104m[48;2;255;240;106m▀[0m[38;2;204;173;82m[48;2;107;98;49m▀[0m[38;2;178;143;71m[48;2;45;40;26m▀[0m[38;2;255;231;103m[48;2;227;207;93m▀[0m[38;2;255;250;110m[48;2;255;253;112m▀[0m[38;2;255;234;104m[48;2;255;235;105m▀[0m[38;2;255;252;111m[48;2;255;255;114m▀[0m[38;2;203;182;85m[48;2;197;180;82m▀[0m[38;2;63;48;35m[48;2;25;24;18m▀[0m[38;2;125;110;55m[48;2;5;6;6m▀[0m[38;2;204;199;89m[48;2;61;59;32m▀[0m[38;2;255;247;109m[48;2;244;225;100m▀[0m[38;2;159;147;68m[48;2;170;158;72m▀[0m[38;2;0;4;9m[48;2;8;8;12m▀[0m[38;2;1;0;8m[48;2;62;30;39m▀[0m[38;2;66;53;35m[48;2;74;41;44m▀[0m[38;2;187;172;79m[48;2;27;26;19m▀[0m[38;2;200;203;92m[48;2;21;25;17m▀[0m[38;2;177;166;75m[48;2;22;24;17m▀[0m[38;2;30;31;20m[48;2;9;13;12m▀[0m[38;2;0;0;8m[48;2;46;27;31m▀[0m[38;2;27;18;23m[48;2;85;44;51m▀[0m[38;2;92;69;41m[48;2;32;21;24m▀[0m[38;2;146;111;56m[48;2;55;46;26m▀[0m[38;2;170;127;64m[48;2;153;115;58m▀[0m[38;2;83;61;36m[48;2;168;126;64m▀[0m[38;2;43;32;23m[48;2;128;97;51m▀[0m[38;2;143;111;58m[48;2;30;25;20m▀[0m[38;2;211;177;85m[48;2;101;83;45m▀[0m[38;2;248;222;101m[48;2;229;184;89m▀[0m[38;2;249;225;102m[48;2;230;185;89m▀[0m[38;2;241;208;96m[48;2;223;179;87m▀[0m[38;2;222;176;85m[48;2;222;177;86m▀[0m[38;2;189;145;72m[48;2;224;179;87m▀[0m[38;2;174;133;67m[48;2;209;165;81m▀[0m[38;2;195;151;75m[48;2;162;123;62m▀[0m[38;2;217;171;84m[48;2;182;141;70m▀[0m[38;2;234;187;90m[48;2;227;181;88m▀[0m[38;2;242;194;92m[48;2;226;180;88m▀[0m[38;2;197;155;78m[48;2;227;180;87m▀[0m[38;2;115;87;52m[48;2;221;175;86m▀[0m[38;2;135;104;57m[48;2;91;74;41m▀[0m[38;2;181;143;71m[48;2;41;36;24m▀[0m[38;2;219;174;85m[48;2;192;154;76m▀[0m[38;2;201;158;78m[48;2;237;189;91m▀[0m[38;2;168;128;64m[48;2;216;172;84m▀[0m[38;2;193;151;74m[48;2;172;131;66m▀[0m[38;2;213;169;83m[48;2;173;133;66m▀[0m[38;2;221;177;86m[48;2;219;175;85m▀[0m[38;2;230;183;89m[48;2;225;180;87m▀[0m[38;2;210;167;82m[48;2;223;178;87m▀[0m[38;2;144;112;62m[48;2;224;179;86m▀[0m[38;2;110;85;53m[48;2;168;133;71m▀[0m[38;2;89;68;46m[48;2;88;66;44m▀[0m[38;2;75;60;45m[48;2;78;54;39m▀[0m            
[38;2;83;63;42m▀[0m[38;2;93;70;40m[48;2;0;0;0m▀[0m[38;2;113;91;49m[48;2;13;15;15m▀[0m[38;2;227;208;94m[48;2;198;180;83m▀[0m[38;2;227;203;94m[48;2;218;193;91m▀[0m[38;2;122;90;52m[48;2;80;62;42m▀[0m[38;2;191;165;79m[48;2;176;157;77m▀[0m[38;2;255;239;107m[48;2;253;232;104m▀[0m[38;2;255;223;102m[48;2;201;162;79m▀[0m[38;2;255;224;102m[48;2;216;181;85m▀[0m[38;2;255;234;104m[48;2;255;236;105m▀[0m[38;2;255;240;106m[48;2;255;242;107m▀[0m[38;2;255;239;107m[48;2;245;216;98m▀[0m[38;2;255;220;102m[48;2;201;160;79m▀[0m[38;2;97;83;43m[48;2;94;72;42m▀[0m[38;2;0;4;9m[48;2;10;7;15m▀[0m[38;2;88;85;42m[48;2;0;0;11m▀[0m[38;2;180;166;77m[48;2;98;75;44m▀[0m[38;2;249;212;98m[48;2;190;150;74m▀[0m[38;2;158;148;70m[48;2;53;44;26m▀[0m[38;2;93;82;46m[48;2;11;3;17m▀[0m[38;2;55;33;35m[48;2;91;46;53m▀[0m[38;2;46;19;30m[48;2;104;53;61m▀[0m[38;2;54;33;34m[48;2;81;41;49m▀[0m[38;2;110;101;50m[48;2;17;9;18m▀[0m[38;2;94;82;46m[48;2;40;21;29m▀[0m[38;2;56;31;36m[48;2;97;49;56m▀[0m[38;2;85;43;51m[48;2;96;48;55m▀[0m[38;2;84;42;50m[48;2;88;45;52m▀[0m[38;2;50;23;34m[48;2;82;41;49m▀[0m[38;2;47;20;32m[48;2;81;40;49m▀[0m[38;2;49;24;34m[48;2;84;42;50m▀[0m[38;2;53;30;35m[48;2;94;47;55m▀[0m[38;2;78;42;47m[48;2;98;50;57m▀[0m[38;2;92;47;54m[48;2;88;45;52m▀[0m[38;2;21;12;21m[48;2;24;15;22m▀[0m[38;2;41;36;22m[48;2;48;41;24m▀[0m[38;2;151;113;58m[48;2;152;114;58m▀[0m[38;2;188;141;70m[48;2;160;121;62m▀[0m[38;2;146;110;57m[48;2;121;92;49m▀[0m[38;2;1;3;10m[48;2;44;36;24m▀[0m[38;2;74;61;35m[48;2;112;91;48m▀[0m[38;2;227;178;87m[48;2;227;180;88m▀[0m[38;2;232;182;89m[48;2;221;175;85m▀[0m[38;2;224;178;87m[48;2;215;171;83m▀[0m[38;2;222;177;86m[48;2;222;177;86m▀[0m[38;2;226;181;88m[48;2;222;177;86m▀[0m[38;2;221;176;85m[48;2;224;179;86m▀[0m[38;2;195;153;75m[48;2;231;185;90m▀[0m[38;2;184;142;71m[48;2;192;150;74m▀[0m[38;2;187;146;72m[48;2;153;115;58m▀[0m[38;2;211;168;82m[48;2;200;157;77m▀[0m[38;2;234;187;90m[48;2;235;188;90m▀[0m[38;2;236;188;90m[48;2;231;184;89m▀[0m[38;2;84;69;38m[48;2;88;72;40m▀[0m[38;2;20;19;17m[48;2;28;26;20m▀[0m[38;2;188;150;74m[48;2;190;152;75m▀[0m[38;2;243;194;93m[48;2;240;191;92m▀[0m[38;2;222;178;86m[48;2;219;175;85m▀[0m[38;2;164;125;63m[48;2;177;137;68m▀[0m[38;2;165;125;63m[48;2;174;134;67m▀[0m[38;2;223;179;87m[48;2;211;168;82m▀[0m[38;2;227;182;88m[48;2;221;176;85m▀[0m[38;2;225;180;87m[48;2;225;179;87m▀[0m[38;2;236;189;90m[48;2;231;185;87m▀[0m[38;2;179;142;75m[48;2;172;136;71m▀[0m[38;2;90;68;45m[48;2;87;64;42m▀[0m[38;2;76;55;41m[48;2;76;53;38m▀[0m            
 [38;2;0;0;2m[48;2;0;0;4m▀[0m[38;2;22;21;18m[48;2;23;21;18m▀[0m[38;2;194;159;77m[48;2;117;94;49m▀[0m[38;2;191;155;76m[48;2;102;81;45m▀[0m[38;2;27;23;20m[48;2;8;10;13m▀[0m[38;2;162;150;71m[48;2;161;141;68m▀[0m[38;2;238;219;98m[48;2;227;197;91m▀[0m[38;2;65;57;33m[48;2;16;16;15m▀[0m[38;2;119;107;52m[48;2;92;89;44m▀[0m[38;2;255;239;107m[48;2;255;250;112m▀[0m[38;2;255;255;114m[48;2;255;249;113m▀[0m[38;2;198;183;82m[48;2;178;156;73m▀[0m[38;2;52;45;27m[48;2;4;9;10m▀[0m[38;2;53;29;34m[48;2;39;17;30m▀[0m[38;2;81;41;49m[48;2;103;51;59m▀[0m[38;2;79;38;48m[48;2;101;50;58m▀[0m[38;2;62;39;37m[48;2;68;34;43m▀[0m[38;2;38;35;22m[48;2;30;16;25m▀[0m[38;2;9;14;11m[48;2;32;21;27m▀[0m[38;2;27;17;22m[48;2;51;31;37m▀[0m[38;2;88;45;52m[48;2;81;43;52m▀[0m[38;2;97;49;56m[48;2;84;45;54m▀[0m[38;2;89;45;52m[48;2;85;45;53m▀[0m[38;2;76;39;47m[48;2;94;48;55m▀[0m[38;2;81;41;49m[48;2;96;48;56m▀[0m[38;2;92;47;54m[48;2;89;45;52m▀[0m[38;2;101;51;58m[48;2;64;31;41m▀[0m[38;2;73;37;45m[48;2;71;52;39m▀[0m[38;2;15;8;17m[48;2;108;101;49m▀[0m[38;2;4;1;10m[48;2;104;111;51m▀[0m[38;2;23;12;21m[48;2;100;92;47m▀[0m[38;2;85;43;51m[48;2;55;33;35m▀[0m[38;2;105;53;61m[48;2;47;20;33m▀[0m[38;2;91;47;54m[48;2;51;28;35m▀[0m[38;2;22;14;21m[48;2;37;27;27m▀[0m[38;2;48;41;24m[48;2;82;64;38m▀[0m[38;2;155;116;60m[48;2;165;124;63m▀[0m[38;2;84;65;37m[48;2;56;44;28m▀[0m[38;2;50;41;27m[48;2;17;18;16m▀[0m[38;2;166;133;66m[48;2;201;161;78m▀[0m[38;2;218;174;85m[48;2;253;201;97m▀[0m[38;2;220;176;85m[48;2;222;178;86m▀[0m[38;2;179;138;68m[48;2;166;124;58m▀[0m[38;2;178;137;68m[48;2;165;124;58m▀[0m[38;2;219;175;85m[48;2;219;175;85m▀[0m[38;2;224;179;87m[48;2;228;182;84m▀[0m[38;2;224;179;86m[48;2;220;173;79m▀[0m[38;2;231;186;90m[48;2;200;157;77m▀[0m[38;2;192;150;74m[48;2;187;145;70m▀[0m[38;2;153;114;58m[48;2;187;143;65m▀[0m[38;2;199;157;77m[48;2;219;172;77m▀[0m[38;2;239;191;92m[48;2;204;161;75m▀[0m[38;2;241;192;93m[48;2;140;113;58m▀[0m[38;2;86;70;39m[48;2;105;85;43m▀[0m[38;2;18;18;17m[48;2;120;96;46m▀[0m[38;2;188;150;74m[48;2;205;164;79m▀[0m[38;2;237;189;91m[48;2;229;183;89m▀[0m[38;2;222;177;86m[48;2;222;177;86m▀[0m[38;2;219;173;85m[48;2;234;186;87m▀[0m[38;2;197;155;76m[48;2;207;163;76m▀[0m[38;2;167;127;64m[48;2;154;115;58m▀[0m[38;2;196;153;76m[48;2;193;150;69m▀[0m[38;2;228;182;87m[48;2;226;181;88m▀[0m[38;2;236;187;85m[48;2;198;162;108m▀[0m[38;2;172;134;65m[48;2;167;144;118m▀[0m[38;2;81;58;35m[48;2;130;116;108m▀[0m[38;2;62;40;26m[48;2;113;94;78m▀[0m[38;2;82;56;29m▄[0m[38;2;63;63;0m▄[0m          
  [38;2;0;0;0m▀[0m[38;2;8;10;12m[48;2;0;0;0m▀[0m[38;2;4;7;12m[48;2;0;0;0m▀[0m[38;2;8;10;12m[48;2;7;11;11m▀[0m[38;2;145;116;59m[48;2;47;40;27m▀[0m[38;2;195;155;76m[48;2;72;59;35m▀[0m[38;2;36;29;21m[48;2;118;91;47m▀[0m[38;2;104;99;49m[48;2;108;90;45m▀[0m[38;2;246;229;103m[48;2;71;70;36m▀[0m[38;2;245;203;95m[48;2;66;59;31m▀[0m[38;2;156;123;62m[48;2;64;48;33m▀[0m[38;2;23;21;18m[48;2;69;38;43m▀[0m[38;2;49;25;34m[48;2;82;42;49m▀[0m[38;2;95;48;55m[48;2;90;46;53m▀[0m[38;2;91;46;54m[48;2;82;44;53m▀[0m[38;2;90;46;53m[48;2;75;42;53m▀[0m[38;2;92;47;54m[48;2;87;45;54m▀[0m[38;2;96;48;54m[48;2;162;66;57m▀[0m[38;2;97;48;54m[48;2;199;76;57m▀[0m[38;2;95;47;53m[48;2;189;73;56m▀[0m[38;2;95;47;53m[48;2;196;75;56m▀[0m[38;2;94;47;53m[48;2;173;69;55m▀[0m[38;2;90;46;53m[48;2;95;47;54m▀[0m[38;2;94;48;55m[48;2;76;43;55m▀[0m[38;2;87;44;51m[48;2;77;41;51m▀[0m[38;2;16;6;18m[48;2;13;5;18m▀[0m[38;2;75;73;36m[48;2;77;75;36m▀[0m[38;2;252;231;103m[48;2;255;236;105m▀[0m[38;2;255;255;118m[48;2;255;255;115m▀[0m[38;2;228;209;94m[48;2;252;232;104m▀[0m[38;2;56;52;29m[48;2;199;188;85m▀[0m[38;2;5;5;8m[48;2;151;131;61m▀[0m[38;2;21;20;17m[48;2;111;83;44m▀[0m[38;2;71;55;38m[48;2;138;103;55m▀[0m[38;2;122;92;54m[48;2;116;89;48m▀[0m[38;2;154;115;59m[48;2;54;42;27m▀[0m[38;2;66;52;31m[48;2;110;89;48m▀[0m[38;2;42;37;24m[48;2;182;146;71m▀[0m[38;2;192;154;75m[48;2;221;174;78m▀[0m[38;2;238;189;91m[48;2;207;159;69m▀[0m[38;2;217;173;84m[48;2;173;134;71m▀[0m[38;2;170;131;69m[48;2;171;154;137m▀[0m[38;2;171;132;69m[48;2;191;170;139m▀[0m[38;2;219;175;85m[48;2;223;176;78m▀[0m[38;2;229;184;91m[48;2;213;185;131m▀[0m[38;2;211;168;85m[48;2;185;169;151m▀[0m[38;2;160;121;61m[48;2;151;113;55m▀[0m[38;2;179;139;70m[48;2;165;134;87m▀[0m[38;2;224;181;92m[48;2;198;185;168m▀[0m[38;2;239;192;97m[48;2;214;200;182m▀[0m[38;2;156;126;66m[48;2;142;133;121m▀[0m[38;2;11;13;14m[48;2;11;12;15m▀[0m[38;2;122;100;54m[48;2;87;77;78m▀[0m[38;2;238;190;94m[48;2;188;159;136m▀[0m[38;2;226;180;88m[48;2;221;179;96m▀[0m[38;2;222;177;86m[48;2;234;185;79m▀[0m[38;2;222;177;86m[48;2;225;178;83m▀[0m[38;2;225;180;90m[48;2;181;153;123m▀[0m[38;2;200;158;80m[48;2;157;131;114m▀[0m[38;2;158;119;60m[48;2;157;118;61m▀[0m[38;2;194;151;70m[48;2;159;128;94m▀[0m[38;2;212;173;100m[48;2;165;147;145m▀[0m[38;2;154;137;145m[48;2;173;167;180m▀[0m[38;2;166;162;189m[48;2;189;189;206m▀[0m[38;2;191;188;197m[48;2;190;188;197m▀[0m[38;2;130;111;94m[48;2;124;104;85m▀[0m[38;2;81;57;29m[48;2;73;47;17m▀[0m[38;2;85;56;28m▀[0m          
  [38;2;127;63;63m▄[0m[38;2;103;78;54m[48;2;90;68;45m▀[0m[38;2;120;90;60m[48;2;86;66;44m▀[0m [38;2;25;21;17m[48;2;167;128;62m▀[0m[38;2;59;46;30m[48;2;153;112;62m▀[0m[38;2;142;102;59m[48;2;103;60;55m▀[0m[38;2;101;69;46m[48;2;86;42;53m▀[0m[38;2;15;5;18m[48;2;87;45;52m▀[0m[38;2;10;4;16m[48;2;87;45;52m▀[0m[38;2;41;22;30m[48;2;88;45;52m▀[0m[38;2;93;47;55m[48;2;90;46;53m▀[0m[38;2;91;48;56m[48;2;79;43;53m▀[0m[38;2;91;46;53m[48;2;106;50;54m▀[0m[38;2;122;55;54m[48;2;202;77;56m▀[0m[38;2;125;56;54m[48;2;230;85;57m▀[0m[38;2;132;57;54m[48;2;221;82;57m▀[0m[38;2;206;78;57m[48;2;224;83;57m▀[0m[38;2;243;88;57m[48;2;225;83;57m▀[0m[38;2;235;86;57m[48;2;225;83;57m▀[0m[38;2;246;89;58m[48;2;228;84;58m▀[0m[38;2;228;84;58m[48;2;230;85;58m▀[0m[38;2;151;63;56m[48;2;227;84;58m▀[0m[38;2;131;58;57m[48;2;234;87;59m▀[0m[38;2;123;54;52m[48;2;213;79;55m▀[0m[38;2;29;11;19m[48;2;56;22;21m▀[0m[38;2;69;66;35m[48;2;56;53;31m▀[0m[38;2;237;209;96m[48;2;214;171;84m▀[0m[38;2;255;238;106m[48;2;253;220;100m▀[0m[38;2;255;240;107m[48;2;255;238;105m▀[0m[38;2;255;255;113m[48;2;255;239;106m▀[0m[38;2;239;207;95m[48;2;245;213;98m▀[0m[38;2;183;138;69m[48;2;217;171;84m▀[0m[38;2;175;131;65m[48;2;182;138;69m▀[0m[38;2;107;82;43m[48;2;106;79;43m▀[0m[38;2;4;6;12m[48;2;14;14;15m▀[0m[38;2;133;107;51m[48;2;130;102;45m▀[0m[38;2;250;200;97m[48;2;232;190;105m▀[0m[38;2;222;186;117m[48;2;199;192;187m▀[0m[38;2;180;142;81m[48;2;168;149;132m▀[0m[38;2;150;111;57m[48;2;158;118;59m▀[0m[38;2;193;186;186m[48;2;227;215;199m▀[0m[38;2;217;212;207m[48;2;238;241;248m▀[0m[38;2;212;179;117m[48;2;191;187;194m▀[0m[38;2;209;196;177m[48;2;220;218;221m▀[0m[38;2;201;200;210m[48;2;251;251;250m▀[0m[38;2;184;159;123m[48;2;247;246;245m▀[0m[38;2;192;174;151m[48;2;250;249;248m▀[0m[38;2;204;207;222m[48;2;245;245;246m▀[0m[38;2;205;207;226m[48;2;218;216;224m▀[0m[38;2;130;132;143m[48;2;129;128;136m▀[0m[38;2;10;10;10m[48;2;12;12;12m▀[0m[38;2;82;80;102m[48;2;108;110;119m▀[0m[38;2;175;161;174m[48;2;199;192;191m▀[0m[38;2;200;161;93m[48;2;167;131;77m▀[0m[38;2;207;163;79m[48;2;150;118;87m▀[0m[38;2;197;162;107m[48;2;148;136;155m▀[0m[38;2;165;152;162m[48;2;179;178;197m▀[0m[38;2;150;135;140m[48;2;182;169;156m▀[0m[38;2;156;116;56m[48;2;156;117;58m▀[0m[38;2;152;129;117m[48;2;173;154;132m▀[0m[38;2;159;156;187m[48;2;191;192;207m▀[0m[38;2;188;187;198m[48;2;190;189;199m▀[0m[38;2;198;198;206m[48;2;190;188;197m▀[0m[38;2;188;185;193m[48;2;190;188;197m▀[0m[38;2;145;132;124m[48;2;195;194;205m▀[0m[38;2;111;93;74m[48;2;164;156;154m▀[0m[38;2;98;75;52m[48;2;97;76;52m▀[0m[38;2;85;51;25m[48;2;80;53;26m▀[0m         
 [38;2;85;63;42m[48;2;82;60;43m▀[0m[38;2;97;73;48m[48;2;102;78;51m▀[0m[38;2;125;95;54m[48;2;152;115;60m▀[0m[38;2;121;92;52m[48;2;148;112;58m▀[0m[38;2;91;70;45m[48;2;99;76;49m▀[0m[38;2;151;116;58m[48;2;127;95;55m▀[0m[38;2;165;122;64m[48;2;143;101;59m▀[0m[38;2;99;55;54m[48;2;98;55;54m▀[0m[38;2;84;39;53m[48;2;86;42;53m▀[0m[38;2;94;48;55m[48;2;90;46;53m▀[0m[38;2;95;48;55m[48;2;86;45;53m▀[0m[38;2;87;46;54m[48;2;91;46;53m▀[0m[38;2;78;43;53m[48;2;110;51;54m▀[0m[38;2;133;56;54m[48;2;171;69;54m▀[0m[38;2;195;73;57m[48;2;214;82;54m▀[0m[38;2;235;84;58m[48;2;203;79;54m▀[0m[38;2;242;87;58m[48;2;212;80;56m▀[0m[38;2;231;85;57m[48;2;229;84;58m▀[0m[38;2;226;83;57m[48;2;228;84;57m▀[0m[38;2;232;85;58m[48;2;224;83;57m▀[0m[38;2;238;86;59m[48;2;209;82;56m▀[0m[38;2;147;51;39m[48;2;108;60;39m▀[0m[38;2;74;23;23m[48;2;26;43;24m▀[0m[38;2;79;24;23m[48;2;26;43;25m▀[0m[38;2;169;59;43m[48;2;112;58;38m▀[0m[38;2;242;88;59m[48;2;186;68;48m▀[0m[38;2;68;26;23m[48;2;51;18;20m▀[0m[38;2;54;52;31m[48;2;57;54;31m▀[0m[38;2;212;167;82m[48;2;214;171;83m▀[0m[38;2;241;198;94m[48;2;232;184;89m▀[0m[38;2;235;201;94m[48;2;220;173;85m▀[0m[38;2;235;201;94m[48;2;220;173;85m▀[0m[38;2;233;193;92m[48;2;221;175;85m▀[0m[38;2;224;178;87m[48;2;222;177;86m▀[0m[38;2;218;171;83m[48;2;238;190;92m▀[0m[38;2;134;104;52m[48;2;174;139;66m▀[0m[38;2;2;4;9m[48;2;52;42;25m▀[0m[38;2;113;104;91m[48;2;94;94;103m▀[0m[38;2;230;212;185m[48;2;177;179;195m▀[0m[38;2;226;225;230m[48;2;244;245;246m▀[0m[38;2;219;214;211m[48;2;255;255;255m▀[0m[38;2;211;194;169m[48;2;252;254;255m▀[0m[38;2;193;168;128m[48;2;183;156;115m▀[0m[38;2;197;178;151m[48;2;183;154;111m▀[0m[38;2;221;222;229m[48;2;249;248;246m▀[0m[38;2;242;243;247m[48;2;255;255;255m▀[0m[38;2;254;254;254m[48;2;250;251;250m▀[0m[38;2;254;255;255m[48;2;249;249;249m▀[0m[38;2;254;255;255m[48;2;249;249;249m▀[0m[38;2;251;251;251m[48;2;249;249;249m▀[0m[38;2;238;237;240m[48;2;252;253;252m▀[0m[38;2;205;205;208m[48;2;255;255;255m▀[0m[38;2;159;159;159m[48;2;255;255;255m▀[0m[38;2;97;100;106m[48;2;129;131;134m▀[0m[38;2;79;73;66m[48;2;41;36;27m▀[0m[38;2;149;110;54m[48;2;113;83;38m▀[0m[38;2;176;147;117m[48;2;150;129;100m▀[0m[38;2;181;178;200m[48;2;163;163;172m▀[0m[38;2;191;191;208m[48;2;185;184;195m▀[0m[38;2;189;184;185m[48;2;197;197;211m▀[0m[38;2;177;161;144m[48;2;196;198;213m▀[0m[38;2;172;150;119m[48;2;170;143;106m▀[0m[38;2;175;153;127m[48;2;157;117;60m▀[0m[38;2;187;182;186m[48;2;185;176;174m▀[0m[38;2;191;190;202m[48;2;192;193;207m▀[0m[38;2;190;188;197m[48;2;190;188;197m▀[0m[38;2;201;202;215m[48;2;196;196;206m▀[0m[38;2;170;162;161m[48;2;170;163;164m▀[0m[38;2;96;72;45m[48;2;113;94;76m▀[0m[38;2;69;42;9m[48;2;97;73;50m▀[0m[38;2;75;45;15m▄[0m[38;2;0;0;0m▄[0m       
[38;2;87;65;43m▄[0m[38;2;76;57;41m[48;2;108;83;49m▀[0m[38;2;95;72;48m[48;2;124;94;53m▀[0m[38;2;150;114;59m[48;2;130;91;57m▀[0m[38;2;148;113;57m[48;2;120;80;57m▀[0m[38;2;96;75;46m[48;2;98;63;52m▀[0m[38;2;95;61;51m[48;2;56;31;37m▀[0m[38;2;101;54;56m[48;2;42;16;32m▀[0m[38;2;92;48;53m[48;2;86;43;51m▀[0m[38;2;90;45;53m[48;2;89;47;56m▀[0m[38;2;90;46;53m[48;2;84;44;53m▀[0m[38;2;74;42;53m[48;2;130;56;55m▀[0m[38;2;122;54;54m[48;2;163;67;53m▀[0m[38;2;215;79;57m[48;2;174;77;52m▀[0m[38;2;156;71;50m[48;2;165;117;63m▀[0m[38;2;91;61;43m[48;2;151;149;73m▀[0m[38;2;90;60;43m[48;2;151;150;74m▀[0m[38;2;157;72;51m[48;2;134;98;54m▀[0m[38;2;241;87;59m[48;2;121;42;33m▀[0m[38;2;241;85;59m[48;2;215;73;52m▀[0m[38;2;188;75;53m[48;2;196;78;55m▀[0m[38;2;109;68;47m[48;2;80;62;43m▀[0m[38;2;169;148;73m[48;2;183;171;82m▀[0m[38;2;222;217;97m[48;2;255;255;116m▀[0m[38;2;222;220;98m[48;2;255;255;116m▀[0m[38;2;143;125;60m[48;2;199;182;83m▀[0m[38;2;21;8;13m[48;2;89;79;42m▀[0m[38;2;0;0;6m[48;2;70;54;31m▀[0m[38;2;64;54;32m[48;2;114;89;47m▀[0m[38;2;214;171;83m[48;2;216;173;84m▀[0m[38;2;233;186;90m[48;2;230;183;89m▀[0m[38;2;222;176;86m[48;2;222;177;86m▀[0m[38;2;222;176;86m[48;2;222;177;86m▀[0m[38;2;222;177;86m[48;2;222;177;86m▀[0m[38;2;222;177;86m[48;2;222;177;86m▀[0m[38;2;224;179;87m[48;2;221;176;86m▀[0m[38;2;222;176;85m[48;2;230;183;89m▀[0m[38;2;203;162;79m[48;2;239;190;92m▀[0m[38;2;79;64;36m[48;2;154;120;52m▀[0m[38;2;46;52;63m[48;2;92;77;44m▀[0m[38;2;227;229;231m[48;2;117;118;117m▀[0m[38;2;255;255;255m[48;2;168;171;179m▀[0m[38;2;252;253;253m[48;2;236;235;240m▀[0m[38;2;240;236;230m[48;2;255;255;255m▀[0m[38;2;239;235;229m[48;2;255;255;255m▀[0m[38;2;249;249;248m[48;2;251;251;251m▀[0m[38;2;254;254;254m[48;2;214;210;217m▀[0m[38;2;254;255;254m[48;2;201;195;205m▀[0m[38;2;250;250;250m[48;2;246;246;246m▀[0m[38;2;249;249;249m[48;2;255;255;255m▀[0m[38;2;249;249;249m[48;2;247;247;247m▀[0m[38;2;254;255;254m[48;2;206;201;210m▀[0m[38;2;255;255;255m[48;2;210;205;213m▀[0m[38;2;252;252;252m[48;2;254;255;254m▀[0m[38;2;241;242;241m[48;2;233;229;235m▀[0m[38;2;194;194;192m[48;2;196;191;201m▀[0m[38;2;47;43;36m[48;2;134;136;143m▀[0m[38;2;7;4;0m[48;2;110;113;116m▀[0m[38;2;29;29;31m[48;2;108;109;108m▀[0m[38;2;152;151;157m[48;2;100;99;102m▀[0m[38;2;214;213;226m[48;2;100;100;107m▀[0m[38;2;202;201;214m[48;2;104;104;112m▀[0m[38;2;172;144;107m[48;2;144;129;113m▀[0m[38;2;157;118;62m[48;2;179;158;133m▀[0m[38;2;185;176;174m[48;2;188;183;186m▀[0m[38;2;192;193;207m[48;2;194;194;206m▀[0m[38;2;190;188;197m[48;2;196;195;206m▀[0m[38;2;191;189;198m[48;2;191;189;199m▀[0m[38;2;190;188;197m[48;2;193;192;202m▀[0m[38;2;182;178;184m[48;2;198;197;209m▀[0m[38;2;132;116;101m[48;2;173;165;163m▀[0m[38;2;77;53;24m[48;2;127;112;99m▀[0m[38;2;53;26;0m[48;2;96;73;48m▀[0m[38;2;62;33;0m▄[0m      
[38;2;91;70;47m[48;2;95;73;49m▀[0m[38;2;125;96;53m[48;2;127;97;54m▀[0m[38;2;158;119;60m[48;2;158;118;60m▀[0m[38;2;109;66;55m[48;2;118;70;60m▀[0m[38;2;84;38;53m[48;2;65;28;44m▀[0m[38;2;87;44;52m[48;2;25;14;21m▀[0m[38;2;46;32;30m[48;2;134;122;60m▀[0m[38;2;31;27;21m[48;2;180;166;76m▀[0m[38;2;74;40;45m[48;2;32;28;25m▀[0m[38;2;88;45;53m[48;2;83;25;31m▀[0m[38;2;104;50;53m[48;2;215;82;60m▀[0m[38;2;206;76;57m[48;2;249;87;61m▀[0m[38;2;195;77;52m[48;2;191;73;51m▀[0m[38;2;87;65;44m[48;2;80;58;42m▀[0m[38;2;180;166;80m[48;2;176;164;79m▀[0m[38;2;255;253;111m[48;2;255;254;112m▀[0m[38;2;255;255;112m[48;2;255;251;110m▀[0m[38;2;148;144;67m[48;2;228;204;93m▀[0m[38;2;19;18;16m[48;2;161;130;66m▀[0m[38;2;161;56;42m[48;2;76;45;30m▀[0m[38;2;190;76;53m[48;2;65;34;26m▀[0m[38;2;96;68;46m[48;2;132;97;52m▀[0m[38;2;180;163;79m[48;2;195;158;77m▀[0m[38;2;253;240;107m[48;2;233;196;93m▀[0m[38;2;253;235;105m[48;2;231;192;91m▀[0m[38;2;247;214;99m[48;2;230;187;90m▀[0m[38;2;227;179;87m[48;2;227;181;88m▀[0m[38;2;179;136;68m[48;2;214;169;83m▀[0m[38;2;177;135;67m[48;2;213;168;82m▀[0m[38;2;219;175;85m[48;2;221;177;86m▀[0m[38;2;225;180;87m[48;2;222;178;86m▀[0m[38;2;222;177;86m[48;2;222;177;86m▀[0m[38;2;222;177;86m[48;2;222;177;86m▀[0m[38;2;222;177;86m[48;2;222;177;86m▀[0m[38;2;222;177;86m[48;2;222;177;86m▀[0m[38;2;222;177;86m[48;2;222;177;86m▀[0m[38;2;222;177;86m[48;2;222;177;86m▀[0m[38;2;222;177;86m[48;2;222;177;86m▀[0m[38;2;241;192;93m[48;2;229;183;89m▀[0m[38;2;199;158;75m[48;2;222;177;85m▀[0m[38;2;38;29;11m[48;2;188;149;69m▀[0m[38;2;67;68;75m[48;2;102;85;48m▀[0m[38;2;184;182;191m[48;2;42;46;57m▀[0m[38;2;233;232;235m[48;2;161;162;173m▀[0m[38;2;254;254;254m[48;2;239;237;243m▀[0m[38;2;252;252;252m[48;2;249;249;249m▀[0m[38;2;184;176;190m[48;2;236;234;238m▀[0m[38;2;155;143;162m[48;2;211;206;214m▀[0m[38;2;228;225;229m[48;2;168;158;174m▀[0m[38;2;251;251;252m[48;2;202;196;209m▀[0m[38;2;246;246;246m[48;2;255;255;255m▀[0m[38;2;168;159;175m[48;2;238;236;240m▀[0m[38;2;170;160;176m[48;2;208;203;212m▀[0m[38;2;242;242;243m[48;2;175;165;185m▀[0m[38;2;187;179;192m[48;2;206;200;215m▀[0m[38;2;156;144;162m[48;2;210;205;205m▀[0m[38;2;232;229;230m[48;2;134;116;97m▀[0m[38;2;255;255;255m[48;2;180;169;156m▀[0m[38;2;250;250;250m[48;2;255;255;255m▀[0m[38;2;88;88;88m[48;2;225;226;228m▀[0m[38;2;4;4;3m[48;2;156;151;146m▀[0m[38;2;8;6;4m[48;2;63;45;24m▀[0m[38;2;115;115;120m[48;2;131;123;118m▀[0m[38;2;203;202;213m[48;2;202;204;216m▀[0m[38;2;193;191;201m[48;2;197;196;208m▀[0m[38;2;187;185;192m[48;2;154;145;141m▀[0m[38;2;184;181;188m[48;2;116;98;82m▀[0m[38;2;188;186;194m[48;2;167;160;162m▀[0m[38;2;190;188;197m[48;2;195;194;205m▀[0m[38;2;190;188;197m[48;2;190;188;197m▀[0m[38;2;199;199;210m[48;2;198;197;209m▀[0m[38;2;183;178;184m[48;2;197;197;208m▀[0m[38;2;120;100;81m[48;2;180;175;178m▀[0m[38;2;86;62;36m[48;2;138;123;112m▀[0m[38;2;91;54;36m[48;2;80;54;27m▀[0m[38;2;85;85;0m[48;2;58;32;0m▀[0m    
[38;2;61;48;35m[48;2;6;9;12m▀[0m[38;2;108;83;47m[48;2;79;61;35m▀[0m[38;2;156;117;60m[48;2;156;117;60m▀[0m[38;2;94;60;47m[48;2;53;42;26m▀[0m[38;2;39;18;30m[48;2;19;16;18m▀[0m[38;2;23;20;19m[48;2;82;61;42m▀[0m[38;2;181;167;77m[48;2;189;167;81m▀[0m[38;2;255;242;107m[48;2;255;246;109m▀[0m[38;2;105;112;52m[48;2;253;247;109m▀[0m[38;2;108;64;37m[48;2;150;137;65m▀[0m[38;2;171;64;44m[48;2;13;12;14m▀[0m[38;2;185;72;51m[48;2;55;40;32m▀[0m[38;2;166;83;54m[48;2;134;103;59m▀[0m[38;2;131;100;58m[48;2;216;172;85m▀[0m[38;2;195;169;82m[48;2;228;183;88m▀[0m[38;2;245;223;101m[48;2;222;178;86m▀[0m[38;2;245;219;99m[48;2;222;178;86m▀[0m[38;2;252;212;99m[48;2;225;180;87m▀[0m[38;2;229;182;89m[48;2;219;175;85m▀[0m[38;2;85;73;39m[48;2;168;129;64m▀[0m[38;2;64;55;32m[48;2;168;128;64m▀[0m[38;2;176;135;67m[48;2;218;174;85m▀[0m[38;2;211;165;80m[48;2;225;180;87m▀[0m[38;2;223;175;86m[48;2;222;177;86m▀[0m[38;2;220;173;85m[48;2;222;177;86m▀[0m[38;2;220;174;85m[48;2;222;177;86m▀[0m[38;2;222;177;86m[48;2;222;177;86m▀[0m[38;2;226;181;88m[48;2;222;177;86m▀[0m[38;2;226;180;88m[48;2;222;177;86m▀[0m[38;2;222;177;86m[48;2;222;177;86m▀[0m[38;2;222;177;86m[48;2;222;177;86m▀[0m[38;2;222;177;86m[48;2;222;177;86m▀[0m[38;2;222;177;86m[48;2;222;177;86m▀[0m[38;2;222;177;86m[48;2;222;177;86m▀[0m[38;2;222;177;86m[48;2;222;177;86m▀[0m[38;2;222;177;86m[48;2;222;177;86m▀[0m[38;2;222;177;86m[48;2;222;177;86m▀[0m[38;2;222;177;86m[48;2;222;177;86m▀[0m[38;2;222;177;86m[48;2;226;181;88m▀[0m[38;2;224;178;87m[48;2;212;168;82m▀[0m[38;2;229;180;87m[48;2;163;124;62m▀[0m[38;2;152;118;52m[48;2;191;148;73m▀[0m[38;2;66;53;27m[48;2;214;170;83m▀[0m[38;2;94;92;93m[48;2;55;44;19m▀[0m[38;2;165;166;176m[48;2;64;69;75m▀[0m[38;2;253;253;254m[48;2;242;242;242m▀[0m[38;2;255;255;255m[48;2;255;255;255m▀[0m[38;2;243;243;244m[48;2;242;242;244m▀[0m[38;2;164;155;172m[48;2;203;203;213m▀[0m[38;2;164;154;163m[48;2;140;129;123m▀[0m[38;2;205;197;189m[48;2;95;74;51m▀[0m[38;2;235;233;232m[48;2;168;162;163m▀[0m[38;2;204;200;204m[48;2;166;160;161m▀[0m[38;2;122;105;114m[48;2;92;71;47m▀[0m[38;2;205;198;203m[48;2;183;172;160m▀[0m[38;2;245;245;240m[48;2;252;253;255m▀[0m[38;2;129;113;99m[48;2;206;205;215m▀[0m[38;2;140;125;112m[48;2;145;134;130m▀[0m[38;2;206;198;190m[48;2;92;70;45m▀[0m[38;2;211;202;192m[48;2;82;58;31m▀[0m[38;2;188;177;166m[48;2;120;104;89m▀[0m[38;2;131;113;97m[48;2;187;184;191m▀[0m[38;2;152;141;143m[48;2;167;159;177m▀[0m[38;2;184;181;198m[48;2;152;140;162m▀[0m[38;2;195;195;208m[48;2;189;187;200m▀[0m[38;2;138;126;117m[48;2;145;135;127m▀[0m[38;2;82;58;30m[48;2;92;70;46m▀[0m[38;2;162;153;152m[48;2;161;153;152m▀[0m[38;2;205;205;217m[48;2;202;202;215m▀[0m[38;2;191;189;199m[48;2;193;191;201m▀[0m[38;2;166;160;161m[48;2;127;112;99m▀[0m[38;2;160;153;151m[48;2;100;79;58m▀[0m[38;2;198;198;210m[48;2;176;171;175m▀[0m[38;2;182;175;177m[48;2;203;204;217m▀[0m[38;2;128;111;97m[48;2;187;184;192m▀[0m[38;2;109;89;67m[48;2;125;107;91m▀[0m[38;2;81;57;30m[48;2;82;57;30m▀[0m[38;2;85;85;0m[48;2;85;56;28m▀[0m  
[38;2;2;6;11m[48;2;4;7;12m▀[0m[38;2;77;60;34m[48;2;74;57;33m▀[0m[38;2;162;121;62m[48;2;149;112;59m▀[0m[38;2;77;59;36m[48;2;125;95;55m▀[0m[38;2;76;60;39m[48;2;151;118;65m▀[0m[38;2;171;135;70m[48;2;227;181;87m▀[0m[38;2;216;178;86m[48;2;230;183;88m▀[0m[38;2;237;205;96m[48;2;222;174;85m▀[0m[38;2;253;220;102m[48;2;231;181;88m▀[0m[38;2;133;117;57m[48;2;148;119;60m▀[0m[38;2;0;0;7m[48;2;51;43;27m▀[0m[38;2;40;36;29m[48;2;64;50;35m▀[0m[38;2;132;105;60m[48;2;128;99;57m▀[0m[38;2;223;178;87m[48;2;217;173;85m▀[0m[38;2;231;184;88m[48;2;229;183;88m▀[0m[38;2;220;174;85m[48;2;222;177;86m▀[0m[38;2;220;174;85m[48;2;222;177;86m▀[0m[38;2;222;176;86m[48;2;222;177;86m▀[0m[38;2;221;177;86m[48;2;222;177;86m▀[0m[38;2;208;164;80m[48;2;226;180;87m▀[0m[38;2;209;165;80m[48;2;226;180;87m▀[0m[38;2;224;179;87m[48;2;222;177;86m▀[0m[38;2;224;179;87m[48;2;222;177;86m▀[0m[38;2;222;177;86m[48;2;222;177;86m▀[0m[38;2;222;177;86m[48;2;222;177;86m▀[0m[38;2;222;177;86m[48;2;222;177;86m▀[0m[38;2;222;177;86m[48;2;222;177;86m▀[0m[38;2;222;177;86m[48;2;222;177;86m▀[0m[38;2;222;177;86m[48;2;222;177;86m▀[0m[38;2;222;177;86m[48;2;222;177;86m▀[0m[38;2;222;177;86m[48;2;222;177;86m▀[0m[38;2;222;177;86m[48;2;222;177;86m▀[0m[38;2;222;177;86m[48;2;222;177;86m▀[0m[38;2;221;177;86m[48;2;223;178;86m▀[0m[38;2;222;177;86m[48;2;221;176;86m▀[0m[38;2;230;183;88m[48;2;200;159;79m▀[0m[38;2;230;183;88m[48;2;201;160;80m▀[0m[38;2;222;177;86m[48;2;224;178;86m▀[0m[38;2;229;183;89m[48;2;234;186;90m▀[0m[38;2;205;163;80m[48;2;201;161;80m▀[0m[38;2;121;91;52m[48;2;99;76;49m▀[0m[38;2;162;126;67m[48;2;142;112;63m▀[0m[38;2;230;183;88m[48;2;227;181;87m▀[0m[38;2;146;110;49m[48;2;176;136;69m▀[0m[38;2;92;74;48m[48;2;88;64;30m▀[0m[38;2;97;97;95m[48;2;0;0;0m▀[0m[38;2;161;162;168m[48;2;99;100;109m▀[0m[38;2;218;217;224m[48;2;201;199;209m▀[0m[38;2;206;205;215m[48;2;207;204;215m▀[0m[38;2;117;112;111m[48;2;105;105;110m▀[0m[38;2;37;28;19m[48;2;8;9;11m▀[0m[38;2;148;146;151m[48;2;142;142;151m▀[0m[38;2;169;161;160m[48;2;171;164;164m▀[0m[38;2;95;71;44m[48;2;80;62;43m▀[0m[38;2;166;154;144m[48;2;111;103;97m▀[0m[38;2;231;231;239m[48;2;164;163;172m▀[0m[38;2;210;210;222m[48;2;200;198;208m▀[0m[38;2;120;115;117m[48;2;109;109;114m▀[0m[38;2;36;27;16m[48;2;12;13;15m▀[0m[38;2;108;97;90m[48;2;140;140;148m▀[0m[38;2;171;164;165m[48;2;212;212;225m▀[0m[38;2;196;195;205m[48;2;194;194;202m▀[0m[38;2;143;131;130m[48;2;126;110;94m▀[0m[38;2;117;98;93m[48;2;98;76;52m▀[0m[38;2;180;176;183m[48;2;175;170;173m▀[0m[38;2;184;180;185m[48;2;210;210;224m▀[0m[38;2;150;141;138m[48;2;190;189;200m▀[0m[38;2;85;83;85m[48;2;55;51;49m▀[0m[38;2;105;105;113m[48;2;39;34;31m▀[0m[38;2;199;197;207m[48;2;148;147;154m▀[0m[38;2;181;174;176m[48;2;195;196;209m▀[0m[38;2;142;130;124m[48;2;190;187;194m▀[0m[38;2;124;109;95m[48;2;121;105;89m▀[0m[38;2;126;110;95m[48;2;106;85;61m▀[0m[38;2;124;109;97m[48;2;108;87;68m▀[0m[38;2;113;94;77m[48;2;107;85;64m▀[0m[38;2;80;56;28m[48;2;88;58;29m▀[0m[38;2;85;85;0m[48;2;0;0;0m▀[0m  
[38;2;0;11;11m▀[0m[38;2;79;57;39m[48;2;31;23;20m▀[0m[38;2;108;83;52m[48;2;59;47;34m▀[0m[38;2;184;145;75m[48;2;190;152;76m▀[0m[38;2;223;177;86m[48;2;248;198;94m▀[0m[38;2;223;177;86m[48;2;223;177;86m▀[0m[38;2;223;178;86m[48;2;221;176;86m▀[0m[38;2;222;177;86m[48;2;222;177;86m▀[0m[38;2;223;177;86m[48;2;221;176;86m▀[0m[38;2;220;176;85m[48;2;232;185;89m▀[0m[38;2;198;158;77m[48;2;232;185;89m▀[0m[38;2;107;82;50m[48;2;173;137;71m▀[0m[38;2;114;88;53m[48;2;168;133;69m▀[0m[38;2;217;173;84m[48;2;219;175;85m▀[0m[38;2;229;183;88m[48;2;226;180;87m▀[0m[38;2;222;177;86m[48;2;222;177;86m▀[0m[38;2;222;177;86m[48;2;222;177;86m▀[0m[38;2;222;177;86m[48;2;222;177;86m▀[0m[38;2;222;177;86m[48;2;222;177;86m▀[0m[38;2;222;177;86m[48;2;222;177;86m▀[0m[38;2;222;177;86m[48;2;222;177;86m▀[0m[38;2;222;177;86m[48;2;222;177;86m▀[0m[38;2;222;177;86m[48;2;222;177;86m▀[0m[38;2;222;177;86m[48;2;222;177;86m▀[0m[38;2;222;177;86m[48;2;222;177;86m▀[0m[38;2;222;177;86m[48;2;222;177;86m▀[0m[38;2;222;177;86m[48;2;222;177;86m▀[0m[38;2;222;177;86m[48;2;222;177;86m▀[0m[38;2;222;177;86m[48;2;222;177;86m▀[0m[38;2;222;177;86m[48;2;222;177;86m▀[0m[38;2;222;177;86m[48;2;221;177;86m▀[0m[38;2;222;177;86m[48;2;223;178;86m▀[0m[38;2;222;177;86m[48;2;229;183;88m▀[0m[38;2;229;183;88m[48;2;231;185;89m▀[0m[38;2;217;173;84m[48;2;219;175;85m▀[0m[38;2;122;94;55m[48;2;167;132;69m▀[0m[38;2;124;96;56m[48;2;143;112;62m▀[0m[38;2;224;178;86m[48;2;155;122;65m▀[0m[38;2;241;192;92m[48;2;207;164;82m▀[0m[38;2;202;161;80m[48;2;202;161;80m▀[0m[38;2;104;80;50m[48;2;75;59;38m▀[0m[38;2;155;121;67m[48;2;72;56;35m▀[0m[38;2;228;182;88m[48;2;112;91;48m▀[0m[38;2;85;70;39m[48;2;100;79;43m▀[0m[38;2;4;3;5m[48;2;58;42;21m▀[0m[38;2;8;8;8m[48;2;2;1;0m▀[0m[38;2;114;113;118m[48;2;120;120;127m▀[0m[38;2;204;202;212m[48;2;199;197;207m▀[0m[38;2;212;210;220m[48;2;120;119;125m▀[0m[38;2;108;107;111m[48;2;91;90;93m▀[0m[38;2;7;8;7m[48;2;105;104;109m▀[0m[38;2;145;145;152m[48;2;188;187;196m▀[0m[38;2;158;156;162m[48;2;152;151;158m▀[0m[38;2;29;27;25m[48;2;8;10;10m▀[0m[38;2;8;8;6m[48;2;31;28;34m▀[0m[38;2;51;52;53m[48;2;78;73;82m▀[0m[38;2;185;184;193m[48;2;101;101;108m▀[0m[38;2;124;123;128m[48;2;53;53;57m▀[0m[38;2;16;16;17m[48;2;9;8;8m▀[0m[38;2;136;135;141m[48;2;137;136;142m▀[0m[38;2;207;207;218m[48;2;204;201;213m▀[0m[38;2;195;195;203m[48;2;181;173;189m▀[0m[38;2;130;115;100m[48;2;91;82;82m▀[0m[38;2;103;81;59m[48;2;55;46;40m▀[0m[38;2;178;173;176m[48;2;155;146;159m▀[0m[38;2;204;206;218m[48;2;199;194;210m▀[0m[38;2;187;184;192m[48;2;200;198;206m▀[0m[38;2;113;95;79m[48;2;171;162;157m▀[0m[38;2;51;35;15m[48;2;111;98;84m▀[0m[38;2;24;24;25m[48;2;38;26;11m▀[0m[38;2;125;125;134m[48;2;65;61;58m▀[0m[38;2;209;207;216m[48;2;104;106;113m▀[0m[38;2;193;189;196m[48;2;110;110;118m▀[0m[38;2;194;190;198m[48;2;114;115;123m▀[0m[38;2;186;181;186m[48;2;109;108;114m▀[0m[38;2;125;106;91m[48;2;102;88;75m▀[0m[38;2;82;57;30m[48;2;81;57;31m▀[0m[38;2;85;56;28m[48;2;102;51;51m▀[0m  
 [38;2;0;0;2m[48;2;0;0;0m▀[0m[38;2;19;18;16m[48;2;21;21;21m▀[0m[38;2;159;128;65m[48;2;104;81;51m▀[0m[38;2;229;182;89m[48;2;159;124;68m▀[0m[38;2;222;177;86m[48;2;218;174;85m▀[0m[38;2;223;177;86m[48;2;227;182;87m▀[0m[38;2;222;177;86m[48;2;222;177;86m▀[0m[38;2;222;177;86m[48;2;222;177;86m▀[0m[38;2;222;177;86m[48;2;222;177;86m▀[0m[38;2;222;177;86m[48;2;222;177;86m▀[0m[38;2;227;181;88m[48;2;224;179;87m▀[0m[38;2;227;181;88m[48;2;224;179;87m▀[0m[38;2;222;177;86m[48;2;222;177;86m▀[0m[38;2;222;177;86m[48;2;222;177;86m▀[0m[38;2;222;177;86m[48;2;222;177;86m▀[0m[38;2;222;177;86m[48;2;222;177;86m▀[0m[38;2;222;177;86m[48;2;222;177;86m▀[0m[38;2;222;177;86m[48;2;222;177;86m▀[0m[38;2;222;177;86m[48;2;222;177;86m▀[0m[38;2;222;177;86m[48;2;222;177;86m▀[0m[38;2;222;177;86m[48;2;222;177;86m▀[0m[38;2;222;177;86m[48;2;222;177;86m▀[0m[38;2;222;177;86m[48;2;222;177;86m▀[0m[38;2;222;177;86m[48;2;222;177;86m▀[0m[38;2;222;177;86m[48;2;222;177;86m▀[0m[38;2;222;177;86m[48;2;222;177;86m▀[0m[38;2;222;177;86m[48;2;222;177;86m▀[0m[38;2;222;177;86m[48;2;222;177;86m▀[0m[38;2;222;177;86m[48;2;222;177;86m▀[0m[38;2;223;178;86m[48;2;230;183;89m▀[0m[38;2;220;176;85m[48;2;204;163;81m▀[0m[38;2;211;168;83m[48;2;117;90;54m▀[0m[38;2;215;171;84m[48;2;153;120;65m▀[0m[38;2;223;178;86m[48;2;235;187;90m▀[0m[38;2;238;190;91m[48;2;240;192;91m▀[0m[38;2;185;147;75m[48;2;184;145;75m▀[0m[38;2;88;66;44m[48;2;95;72;47m▀[0m[38;2;172;135;72m[48;2;185;145;76m▀[0m[38;2;202;162;79m[48;2;211;169;82m▀[0m[38;2;42;36;24m[48;2;31;28;21m▀[0m[38;2;0;0;7m[48;2;44;34;24m▀[0m[38;2;22;20;17m[48;2;124;94;49m▀[0m[38;2;124;94;49m[48;2;62;47;22m▀[0m[38;2;124;94;49m[48;2;78;73;68m▀[0m[38;2;32;30;29m[48;2;166;164;171m▀[0m[38;2;119;119;128m[48;2;103;102;108m▀[0m[38;2;157;156;163m[48;2;26;27;26m▀[0m[38;2;20;20;21m[48;2;2;2;1m▀[0m[38;2;78;77;80m[48;2;100;99;104m▀[0m[38;2;204;202;211m[48;2;205;203;213m▀[0m[38;2;199;197;206m[48;2;86;86;88m▀[0m[38;2;128;127;133m[48;2;52;49;54m▀[0m[38;2;29;28;30m[48;2;125;114;132m▀[0m[38;2;100;91;106m[48;2;151;138;162m▀[0m[38;2;140;128;147m[48;2;138;124;140m▀[0m[38;2;33;29;30m[48;2;77;60;44m▀[0m[38;2;6;4;3m[48;2;107;95;85m▀[0m[38;2;38;37;38m[48;2;171;170;178m▀[0m[38;2;152;151;157m[48;2;200;200;210m▀[0m[38;2;190;185;198m[48;2;151;149;159m▀[0m[38;2;139;127;146m[48;2;44;42;47m▀[0m[38;2;59;53;58m[48;2;88;67;39m▀[0m[38;2;31;27;26m[48;2;119;90;49m▀[0m[38;2;113;101;119m[48;2;44;39;40m▀[0m[38;2;157;148;165m[48;2;25;27;35m▀[0m[38;2;177;176;183m[48;2;50;50;54m▀[0m[38;2;195;195;208m[48;2;132;124;142m▀[0m[38;2;173;165;167m[48;2;184;174;191m▀[0m[38;2;111;90;67m[48;2;187;180;184m▀[0m[38;2;48;37;24m[48;2;129;115;101m▀[0m[38;2;7;7;5m[48;2;67;48;25m▀[0m[38;2;5;5;5m[48;2;25;19;6m▀[0m[38;2;6;6;6m[48;2;0;0;0m▀[0m[38;2;5;5;4m[48;2;0;0;0m▀[0m[38;2;0;0;0m[48;2;0;0;0m▀[0m    
  [38;2;0;0;0m▄[0m[38;2;39;28;26m[48;2;0;0;8m▀[0m[38;2;108;85;50m[48;2;71;59;35m▀[0m[38;2;225;179;87m[48;2;213;170;83m▀[0m[38;2;235;188;90m[48;2;233;186;90m▀[0m[38;2;221;177;86m[48;2;222;177;86m▀[0m[38;2;222;177;86m[48;2;222;177;86m▀[0m[38;2;222;177;86m[48;2;222;177;86m▀[0m[38;2;222;177;86m[48;2;222;177;86m▀[0m[38;2;222;177;86m[48;2;222;177;86m▀[0m[38;2;222;177;86m[48;2;222;177;86m▀[0m[38;2;222;177;86m[48;2;222;177;86m▀[0m[38;2;222;177;86m[48;2;222;177;86m▀[0m[38;2;222;177;86m[48;2;222;177;86m▀[0m[38;2;222;177;86m[48;2;222;177;86m▀[0m[38;2;222;177;86m[48;2;222;177;86m▀[0m[38;2;222;177;86m[48;2;222;177;86m▀[0m[38;2;222;177;86m[48;2;222;177;86m▀[0m[38;2;222;177;86m[48;2;222;177;86m▀[0m[38;2;222;177;86m[48;2;222;177;86m▀[0m[38;2;222;177;86m[48;2;222;177;86m▀[0m[38;2;222;177;86m[48;2;222;177;86m▀[0m[38;2;222;177;86m[48;2;222;177;86m▀[0m[38;2;222;177;86m[48;2;222;177;86m▀[0m[38;2;222;177;86m[48;2;222;177;86m▀[0m[38;2;224;179;87m[48;2;222;177;86m▀[0m[38;2;224;179;87m[48;2;222;177;86m▀[0m[38;2;222;177;86m[48;2;222;177;86m▀[0m[38;2;232;185;89m[48;2;222;177;86m▀[0m[38;2;214;171;84m[48;2;223;179;87m▀[0m[38;2;139;109;60m[48;2;231;184;88m▀[0m[38;2;140;110;61m[48;2;160;126;67m▀[0m[38;2;183;144;74m[48;2;93;70;47m▀[0m[38;2;232;184;89m[48;2;197;155;79m▀[0m[38;2;184;147;74m[48;2;174;141;70m▀[0m[38;2;60;47;33m[48;2;24;22;18m▀[0m[38;2;102;80;46m[48;2;0;0;8m▀[0m[38;2;132;106;55m[48;2;35;29;21m▀[0m[38;2;68;54;32m[48;2;138;105;54m▀[0m[38;2;108;82;45m[48;2;175;132;66m▀[0m[38;2;161;120;60m[48;2;152;114;58m▀[0m[38;2;36;28;15m[48;2;55;44;27m▀[0m[38;2;27;33;45m[48;2;0;3;7m▀[0m[38;2;134;134;142m[48;2;11;11;10m▀[0m[38;2;96;92;101m[48;2;100;91;105m▀[0m[38;2;37;33;38m[48;2;137;125;144m▀[0m[38;2;9;9;10m[48;2;35;33;36m▀[0m[38;2;60;60;64m[48;2;0;0;0m▀[0m[38;2;122;122;127m[48;2;20;20;20m▀[0m[38;2;71;68;74m[48;2;120;110;126m▀[0m[38;2;58;52;64m[48;2;116;106;122m▀[0m[38;2;97;89;109m[48;2;16;16;17m▀[0m[38;2;135;125;150m[48;2;87;81;94m▀[0m[38;2;143;129;145m[48;2;148;132;148m▀[0m[38;2;98;76;57m[48;2;107;84;65m▀[0m[38;2;102;88;76m[48;2;50;36;18m▀[0m[38;2;135;136;147m[48;2;18;18;19m▀[0m[38;2;182;178;193m[48;2;116;107;124m▀[0m[38;2;128;125;139m[48;2;115;106;124m▀[0m[38;2;0;3;7m[48;2;17;18;19m▀[0m[38;2;91;66;29m[48;2;91;69;34m▀[0m[38;2;160;120;60m[48;2;167;125;63m▀[0m[38;2;75;57;28m[48;2;164;122;62m▀[0m[38;2;34;24;7m[48;2;135;102;57m▀[0m[38;2;29;21;11m[48;2;88;68;45m▀[0m[38;2;71;62;71m[48;2;34;28;23m▀[0m[38;2;112;107;123m[48;2;8;10;12m▀[0m[38;2;136;136;146m[48;2;14;14;14m▀[0m[38;2;105;96;88m[48;2;15;15;15m▀[0m[38;2;64;47;29m[48;2;15;15;15m▀[0m[38;2;92;69;34m[48;2;14;14;14m▀[0m       
  [38;2;0;0;0m▀[0m[38;2;0;0;4m▀[0m[38;2;39;34;22m[48;2;0;0;0m▀[0m[38;2;77;64;36m[48;2;0;0;5m▀[0m[38;2;177;142;72m[48;2;106;85;46m▀[0m[38;2;245;195;93m[48;2;195;156;77m▀[0m[38;2;226;180;87m[48;2;223;178;86m▀[0m[38;2;221;176;86m[48;2;231;184;89m▀[0m[38;2;222;177;86m[48;2;227;181;88m▀[0m[38;2;222;177;86m[48;2;223;178;86m▀[0m[38;2;222;177;86m[48;2;222;177;86m▀[0m[38;2;222;177;86m[48;2;222;177;86m▀[0m[38;2;225;180;87m[48;2;213;169;82m▀[0m[38;2;226;181;88m[48;2;209;165;81m▀[0m[38;2;223;178;86m[48;2;220;175;85m▀[0m[38;2;222;177;86m[48;2;223;178;86m▀[0m[38;2;222;177;86m[48;2;222;177;86m▀[0m[38;2;222;177;86m[48;2;222;177;86m▀[0m[38;2;222;177;86m[48;2;222;177;86m▀[0m[38;2;222;177;86m[48;2;222;177;86m▀[0m[38;2;225;180;87m[48;2;213;169;82m▀[0m[38;2;226;181;88m[48;2;209;165;81m▀[0m[38;2;223;178;86m[48;2;220;175;85m▀[0m[38;2;223;178;86m[48;2;228;182;88m▀[0m[38;2;220;176;85m[48;2;218;174;84m▀[0m[38;2;195;152;75m[48;2;141;108;55m▀[0m[38;2;198;153;76m[48;2;146;112;58m▀[0m[38;2;223;178;86m[48;2;222;177;86m▀[0m[38;2;170;135;71m[48;2;125;99;56m▀[0m[38;2;150;118;65m[48;2;82;63;41m▀[0m[38;2;226;180;87m[48;2;217;172;84m▀[0m[38;2;151;120;62m[48;2;142;115;58m▀[0m[38;2;31;25;22m[48;2;0;3;9m▀[0m[38;2;52;41;26m[48;2;21;17;14m▀[0m[38;2;93;76;41m[48;2;102;84;45m▀[0m[38;2;148;119;60m[48;2;230;183;88m▀[0m[38;2;150;120;61m[48;2;247;197;95m▀[0m[38;2;154;123;62m[48;2;236;188;91m▀[0m[38;2;198;156;77m[48;2;230;184;89m▀[0m[38;2;213;167;82m[48;2;229;184;89m▀[0m[38;2;197;155;76m[48;2;225;180;87m▀[0m[38;2;134;104;53m[48;2;200;155;76m▀[0m[38;2;83;61;32m[48;2;154;115;59m▀[0m[38;2;58;43;25m[48;2;96;72;46m▀[0m[38;2;119;106;117m[48;2;111;96;98m▀[0m[38;2;148;135;157m[48;2;130;114;122m▀[0m[38;2;74;60;51m[48;2;116;89;59m▀[0m[38;2;74;62;60m[48;2;119;98;84m▀[0m[38;2;106;97;112m[48;2;125;114;133m▀[0m[38;2;108;92;92m[48;2;98;82;82m▀[0m[38;2;124;99;70m[48;2;140;110;66m▀[0m[38;2;149;119;57m[48;2;237;189;89m▀[0m[38;2;117;95;68m[48;2;172;134;64m▀[0m[38;2;109;89;80m[48;2;126;96;50m▀[0m[38;2;174;139;77m[48;2;199;157;77m▀[0m[38;2;180;142;67m[48;2;241;191;92m▀[0m[38;2;142;113;54m[48;2;230;184;88m▀[0m[38;2;60;53;52m[48;2;93;75;36m▀[0m[38;2;64;57;56m[48;2;86;69;34m▀[0m[38;2;153;124;64m[48;2;214;169;82m▀[0m[38;2;192;153;75m[48;2;238;190;91m▀[0m[38;2;199;155;74m[48;2;217;173;86m▀[0m[38;2;172;127;55m[48;2;163;126;75m▀[0m[38;2;150;118;84m[48;2;156;134;127m▀[0m[38;2;125;108;115m[48;2;161;151;174m▀[0m[38;2;83;68;58m[48;2;125;104;91m▀[0m[38;2;47;35;18m[48;2;93;67;37m▀[0m[38;2;0;0;0m▀[0m[38;2;0;3;3m▀[0m[38;2;7;10;14m▀[0m[38;2;0;0;21m▀[0m       
    [38;2;0;0;0m▀[0m[38;2;0;0;0m▀[0m[38;2;12;11;12m[48;2;0;0;0m▀[0m[38;2;59;50;31m[48;2;19;19;18m▀[0m[38;2;203;162;79m[48;2;97;80;43m▀[0m[38;2;245;195;94m[48;2;114;93;50m▀[0m[38;2;230;183;89m[48;2;118;95;51m▀[0m[38;2;224;179;87m[48;2;203;162;80m▀[0m[38;2;223;178;87m[48;2;243;194;93m▀[0m[38;2;224;179;87m[48;2;225;180;87m▀[0m[38;2;183;142;70m[48;2;173;133;66m▀[0m[38;2;166;127;64m[48;2;156;117;59m▀[0m[38;2;213;169;82m[48;2;219;173;84m▀[0m[38;2;226;181;88m[48;2;232;186;90m▀[0m[38;2;222;177;86m[48;2;222;177;86m▀[0m[38;2;222;177;86m[48;2;221;176;86m▀[0m[38;2;224;179;87m[48;2;227;181;88m▀[0m[38;2;224;179;87m[48;2;233;186;90m▀[0m[38;2;183;142;70m[48;2;179;138;68m▀[0m[38;2;166;127;64m[48;2;154;116;59m▀[0m[38;2;213;169;82m[48;2;210;166;81m▀[0m[38;2;237;189;92m[48;2;246;196;95m▀[0m[38;2;214;171;83m[48;2;227;181;87m▀[0m[38;2;63;52;31m[48;2;46;38;21m▀[0m[38;2;70;58;33m[48;2;53;45;23m▀[0m[38;2;220;175;85m[48;2;233;185;89m▀[0m[38;2;101;82;45m[48;2;106;87;47m▀[0m[38;2;40;34;24m[48;2;1;4;10m▀[0m[38;2;212;169;82m[48;2;84;68;33m▀[0m[38;2;140;112;58m[48;2;120;97;47m▀[0m[38;2;7;10;13m[48;2;137;111;57m▀[0m[38;2;147;117;60m[48;2;181;140;66m▀[0m[38;2;228;182;88m[48;2;211;164;75m▀[0m[38;2;223;177;86m[48;2;221;176;85m▀[0m[38;2;224;178;87m[48;2;231;185;90m▀[0m[38;2;223;178;86m[48;2;224;178;86m▀[0m[38;2;225;180;87m[48;2;187;146;72m▀[0m[38;2;224;179;87m[48;2;196;154;76m▀[0m[38;2;222;177;86m[48;2;223;178;87m▀[0m[38;2;229;183;88m[48;2;231;185;90m▀[0m[38;2;183;144;73m[48;2;210;167;81m▀[0m[38;2;92;70;45m[48;2;169;132;64m▀[0m[38;2;78;59;46m[48;2;162;125;56m▀[0m[38;2;101;78;54m[48;2;157;119;54m▀[0m[38;2;155;117;61m[48;2;138;104;56m▀[0m[38;2;99;75;39m[48;2;66;49;25m▀[0m[38;2;25;24;29m[48;2;11;11;12m▀[0m[38;2;100;93;117m[48;2;111;104;127m▀[0m[38;2;174;151;138m[48;2;175;157;170m▀[0m[38;2;223;178;86m[48;2;179;151;123m▀[0m[38;2;231;182;82m[48;2;168;135;87m▀[0m[38;2;209;165;81m[48;2;163;127;63m▀[0m[38;2;163;124;63m[48;2;183;140;64m▀[0m[38;2;183;141;70m[48;2;210;162;71m▀[0m[38;2;225;179;87m[48;2;223;176;79m▀[0m[38;2;222;177;86m[48;2;181;142;72m▀[0m[38;2;196;154;75m[48;2;166;129;67m▀[0m[38;2;160;121;61m[48;2;188;144;64m▀[0m[38;2;198;154;70m[48;2;215;165;65m▀[0m[38;2;215;174;96m[48;2;219;177;95m▀[0m[38;2;154;134;134m[48;2;179;168;172m▀[0m[38;2;165;158;182m[48;2;161;155;169m▀[0m[38;2;190;187;197m[48;2;143;129;118m▀[0m[38;2;131;112;95m[48;2;119;99;78m▀[0m[38;2;83;58;30m[48;2;82;55;29m▀[0m[38;2;95;63;31m[48;2;63;63;0m▀[0m          
       [38;2;0;0;0m[48;2;0;0;0m▀[0m[38;2;2;5;10m[48;2;0;0;7m▀[0m[38;2;0;0;6m[48;2;0;0;5m▀[0m[38;2;10;11;13m[48;2;0;5;10m▀[0m[38;2;148;118;60m[48;2;32;26;19m▀[0m[38;2;222;178;86m[48;2;105;86;47m▀[0m[38;2;225;180;87m[48;2;229;183;88m▀[0m[38;2;188;146;72m[48;2;238;189;91m▀[0m[38;2;166;127;64m[48;2;195;155;77m▀[0m[38;2;201;159;79m[48;2;125;96;56m▀[0m[38;2;217;173;85m[48;2;155;122;66m▀[0m[38;2;222;177;86m[48;2;226;180;87m▀[0m[38;2;225;179;87m[48;2;244;195;93m▀[0m[38;2;221;176;86m[48;2;200;159;80m▀[0m[38;2;210;167;83m[48;2;116;90;53m▀[0m[38;2;178;137;69m[48;2;162;127;67m▀[0m[38;2;170;130;65m[48;2;223;177;85m▀[0m[38;2;217;172;84m[48;2;246;196;94m▀[0m[38;2;227;181;87m[48;2;151;120;55m▀[0m[38;2;191;153;74m[48;2;39;33;20m▀[0m[38;2;62;53;39m[48;2;101;92;106m▀[0m[38;2;68;58;41m[48;2;104;95;107m▀[0m[38;2;196;156;76m[48;2;41;36;21m▀[0m[38;2;113;90;47m[48;2;97;72;29m▀[0m[38;2;18;16;17m[48;2;145;112;68m▀[0m[38;2;5;8;21m[48;2;122;108;121m▀[0m[38;2;105;87;52m[48;2;115;98;96m▀[0m[38;2;222;176;87m[48;2;118;92;55m▀[0m[38;2;172;132;74m[48;2;131;111;114m▀[0m[38;2;167;129;72m[48;2;172;146;127m▀[0m[38;2;220;176;85m[48;2;227;180;85m▀[0m[38;2;221;176;85m[48;2;159;124;60m▀[0m[38;2;199;158;78m[48;2;121;93;54m▀[0m[38;2;164;125;62m[48;2;198;156;73m▀[0m[38;2;184;142;70m[48;2;227;179;81m▀[0m[38;2;225;179;86m[48;2;227;180;82m▀[0m[38;2;225;179;85m[48;2;231;180;75m▀[0m[38;2;222;177;87m[48;2;205;164;94m▀[0m[38;2;220;177;95m[48;2;160;139;137m▀[0m[38;2;233;189;103m[48;2;185;174;175m▀[0m[38;2;208;169;94m[48;2;186;176;163m▀[0m[38;2;112;87;55m[48;2;112;91;68m▀[0m[38;2;42;32;23m[48;2;74;51;26m▀[0m[38;2;17;17;19m[48;2;17;17;17m▀[0m[38;2;99;90;104m[48;2;22;21;23m▀[0m[38;2;147;136;159m[48;2;86;84;92m▀[0m[38;2;150;140;167m[48;2;190;187;201m▀[0m[38;2;104;88;93m[48;2;137;122;113m▀[0m[38;2;101;76;45m[48;2;103;80;56m▀[0m[38;2;202;164;90m[48;2;181;170;158m▀[0m[38;2;237;194;106m[48;2;209;202;195m▀[0m[38;2;213;174;96m[48;2;191;181;173m▀[0m[38;2;111;86;54m[48;2;110;91;72m▀[0m[38;2;113;87;55m[48;2;110;91;71m▀[0m[38;2;217;177;97m[48;2;192;182;173m▀[0m[38;2;230;186;95m[48;2;208;199;191m▀[0m[38;2;218;183;117m[48;2;209;201;197m▀[0m[38;2;205;200;198m[48;2;214;212;219m▀[0m[38;2;148;140;139m[48;2;130;127;131m▀[0m[38;2;74;53;28m[48;2;22;18;12m▀[0m[38;2;60;34;8m[48;2;7;3;0m▀[0m            
           [38;2;0;0;0m▀[0m[38;2;43;37;24m[48;2;0;0;3m▀[0m[38;2;134;108;56m[48;2;5;7;10m▀[0m[38;2;217;174;85m[48;2;146;117;60m▀[0m[38;2;215;171;84m[48;2;199;159;77m▀[0m[38;2;69;54;37m[48;2;32;28;21m▀[0m[38;2;121;96;54m[48;2;97;80;43m▀[0m[38;2;234;186;89m[48;2;215;171;83m▀[0m[38;2;171;136;64m[48;2;71;59;35m▀[0m[38;2;109;86;45m[48;2;15;14;19m▀[0m[38;2;84;63;43m[48;2;83;64;43m▀[0m[38;2;178;140;74m[48;2;182;143;74m▀[0m[38;2;233;186;88m[48;2;194;156;76m▀[0m[38;2;156;125;57m[48;2;36;31;18m▀[0m[38;2;87;72;49m[48;2;57;55;72m▀[0m[38;2;53;51;69m[48;2;152;138;161m▀[0m[38;2;134;123;149m[48;2;150;137;158m▀[0m[38;2;135;125;151m[48;2;149;136;157m▀[0m[38;2;57;56;74m[48;2;151;137;158m▀[0m[38;2;78;61;41m[48;2;57;52;61m▀[0m[38;2;125;99;65m[48;2;31;32;33m▀[0m[38;2;171;158;170m[48;2;170;170;180m▀[0m[38;2;135;121;125m[48;2;156;145;139m▀[0m[38;2;83;63;44m[48;2;93;71;47m▀[0m[38;2;136;126;141m[48;2;164;157;155m▀[0m[38;2;179;166;172m[48;2;188;185;201m▀[0m[38;2;192;159;115m[48;2;149;137;161m▀[0m[38;2;122;95;63m[48;2;109;89;83m▀[0m[38;2;92;70;48m[48;2;96;75;54m▀[0m[38;2;178;146;102m[48;2;138;123;139m▀[0m[38;2;199;165;115m[48;2;147;135;162m▀[0m[38;2;191;158;111m[48;2;148;135;158m▀[0m[38;2;208;177;121m[48;2;177;173;187m▀[0m[38;2;196;173;142m[48;2;193;193;202m▀[0m[38;2;159;151;173m[48;2;191;189;198m▀[0m[38;2;184;185;212m[48;2;195;194;205m▀[0m[38;2;186;184;194m[48;2;174;168;173m▀[0m[38;2;117;96;75m[48;2;110;90;69m▀[0m[38;2;90;60;29m[48;2;79;54;28m▀[0m [38;2;0;0;0m▀[0m[38;2;49;50;52m[48;2;11;11;11m▀[0m[38;2;122;122;127m[48;2;10;10;10m▀[0m[38;2;87;78;69m[48;2;1;2;1m▀[0m[38;2;77;65;54m[48;2;37;37;39m▀[0m[38;2;177;176;188m[48;2;162;160;168m▀[0m[38;2;211;215;236m[48;2;203;202;213m▀[0m[38;2;192;192;207m[48;2;182;179;187m▀[0m[38;2;115;97;81m[48;2;109;91;75m▀[0m[38;2;118;100;83m[48;2;115;97;81m▀[0m[38;2;195;194;210m[48;2;187;184;192m▀[0m[38;2;157;160;178m[48;2;91;91;97m▀[0m[38;2;117;119;130m[48;2;0;1;0m▀[0m[38;2;128;127;134m[48;2;9;9;9m▀[0m[38;2;84;84;88m[48;2;12;12;12m▀[0m[38;2;1;3;5m▀[0m[38;2;0;0;0m▀[0m            
            [38;2;0;0;0m▀[0m[38;2;0;0;3m▀[0m[38;2;60;51;31m[48;2;0;0;8m▀[0m[38;2;70;58;34m[48;2;0;0;9m▀[0m[38;2;21;21;16m[48;2;0;0;0m▀[0m[38;2;49;40;21m[48;2;0;0;0m▀[0m[38;2;79;66;41m[48;2;1;5;14m▀[0m[38;2;105;95;105m[48;2;118;104;116m▀[0m[38;2;85;80;98m[48;2;125;110;116m▀[0m[38;2;33;29;25m[48;2;37;32;26m▀[0m[38;2;49;38;19m[48;2;13;9;8m▀[0m[38;2;76;65;45m[48;2;39;35;35m▀[0m[38;2;97;89;104m[48;2;128;113;122m▀[0m[38;2;130;122;149m[48;2;153;136;147m▀[0m[38;2;155;142;165m[48;2;132;116;124m▀[0m[38;2;127;108;105m[48;2;102;80;64m▀[0m[38;2;116;94;78m[48;2;84;60;26m▀[0m[38;2;122;100;88m[48;2;88;64;36m▀[0m[38;2;43;35;31m[48;2;32;22;10m▀[0m[38;2;33;35;40m[48;2;35;35;40m▀[0m[38;2;182;183;193m[48;2;131;131;139m▀[0m[38;2;167;155;148m[48;2;119;111;107m▀[0m[38;2;99;75;49m[48;2;74;58;40m▀[0m[38;2;169;163;162m[48;2;137;126;119m▀[0m[38;2;203;204;220m[48;2;186;181;184m▀[0m[38;2;178;174;192m[48;2;200;198;207m▀[0m[38;2;115;98;86m[48;2;153;143;137m▀[0m[38;2;93;71;48m[48;2;125;108;93m▀[0m[38;2;167;162;174m[48;2;161;152;148m▀[0m[38;2;184;182;203m[48;2;189;185;188m▀[0m[38;2;175;171;188m[48;2;197;196;205m▀[0m[38;2;194;192;207m[48;2;161;160;167m▀[0m[38;2;209;209;221m[48;2;147;145;152m▀[0m[38;2;208;207;216m[48;2;150;148;155m▀[0m[38;2;128;127;133m[48;2;70;69;71m▀[0m[38;2;55;53;54m[48;2;0;0;0m▀[0m[38;2;79;66;49m[48;2;0;0;0m▀[0m[38;2;77;53;29m▀[0m  [38;2;0;0;0m▀[0m[38;2;0;0;0m▀[0m[38;2;0;0;0m▀[0m[38;2;27;29;32m[48;2;0;0;0m▀[0m[38;2;60;60;62m[48;2;0;0;0m▀[0m[38;2;73;73;76m[48;2;0;0;0m▀[0m[38;2;66;65;68m[48;2;0;0;0m▀[0m[38;2;44;39;34m[48;2;5;6;9m▀[0m[38;2;47;42;37m[48;2;5;8;9m▀[0m[38;2;68;67;69m[48;2;0;0;0m▀[0m[38;2;44;46;48m[48;2;0;0;0m▀[0m[38;2;0;0;0m▀[0m[38;2;0;0;0m▀[0m[38;2;0;0;0m▀[0m              
              [38;2;0;0;0m▀[0m[38;2;0;0;0m▀[0m [38;2;0;0;0m▀[0m[38;2;38;38;38m▀[0m[38;2;94;71;49m[48;2;86;61;28m▀[0m[38;2;103;79;54m[48;2;97;70;40m▀[0m[38;2;92;70;46m[48;2;102;77;50m▀[0m[38;2;90;69;45m[48;2;105;80;52m▀[0m[38;2;92;70;47m[48;2;100;75;47m▀[0m[38;2;97;74;52m[48;2;87;65;35m▀[0m[38;2;103;80;55m[48;2;90;65;32m▀[0m[38;2;94;72;50m[48;2;85;62;31m▀[0m[38;2;93;71;51m[48;2;85;56;28m▀[0m[38;2;92;69;23m▀[0m[38;2;92;69;46m▀[0m[38;2;23;23;23m▀[0m[38;2;21;21;21m[48;2;0;0;0m▀[0m[38;2;22;22;23m[48;2;0;0;0m▀[0m[38;2;19;19;20m[48;2;0;0;0m▀[0m[38;2;22;20;18m[48;2;9;11;11m▀[0m[38;2;70;52;32m[48;2;32;23;13m▀[0m[38;2;131;113;97m[48;2;55;47;39m▀[0m[38;2;193;190;197m[48;2;84;83;85m▀[0m[38;2;205;205;217m[48;2;94;95;102m▀[0m[38;2;177;171;174m[48;2;83;82;85m▀[0m[38;2;106;85;64m[48;2;45;36;26m▀[0m[38;2;143;128;116m[48;2;61;54;48m▀[0m[38;2;192;191;200m[48;2;84;84;87m▀[0m[38;2;73;73;78m[48;2;40;40;42m▀[0m[38;2;11;11;11m[48;2;0;0;0m▀[0m[38;2;23;23;24m[48;2;0;0;0m▀[0m[38;2;21;21;21m[48;2;0;0;0m▀[0m[38;2;0;0;0m▀[0m[38;2;0;0;0m▀[0m      [38;2;0;0;0m▀[0m[38;2;0;0;0m▀[0m[38;2;0;0;0m▀[0m[38;2;0;0;0m▀[0m[38;2;0;0;23m▀[0m[38;2;0;0;23m▀[0m[38;2;0;0;0m▀[0m[38;2;0;0;0m▀[0m                 
                                   [38;2;9;12;14m▀[0m[38;2;8;10;11m▀[0m[38;2;3;3;2m▀[0m[38;2;2;2;1m▀[0m[38;2;4;4;4m▀[0m[38;2;9;10;12m▀[0m[38;2;7;9;9m▀[0m[38;2;2;2;1m▀[0m[38;2;0;0;0m▀[0m                                    
[0m