                                      [38;2;0;59;105m▄[0m[38;2;0;64;110m[48;2;116;104;151m▀[0m[38;2;0;73;125m[48;2;180;125;172m▀[0m[38;2;0;65;111m[48;2;158;113;158m▀[0m[38;2;4;70;116m▄[0m[38;2;0;58;109m▄[0m                                    
                                   [38;2;0;49;107m▄[0m[38;2;0;21;63m[48;2;0;88;131m▀[0m[38;2;4;51;104m[48;2;0;109;147m▀[0m[38;2;96;72;121m[48;2;218;106;155m▀[0m[38;2;213;123;171m[48;2;255;128;175m▀[0m[38;2;255;150;195m[48;2;237;138;184m▀[0m[38;2;242;138;184m[48;2;166;113;159m▀[0m[38;2;4;79;131m[48;2;3;69;116m▀[0m[38;2;0;59;109m[48;2;0;60;107m▀[0m                                    
                                   [38;2;0;52;102m[48;2;0;54;101m▀[0m[38;2;2;102;144m[48;2;40;74;125m▀[0m[38;2;20;204;208m[48;2;215;105;152m▀[0m[38;2;218;149;188m[48;2;251;137;183m▀[0m[38;2;248;138;185m[48;2;107;104;153m▀[0m[38;2;149;112;159m[48;2;21;67;114m▀[0m[38;2;0;60;107m[48;2;0;63;102m▀[0m                                      
                                  [38;2;0;53;104m[48;2;0;44;99m▀[0m[38;2;0;125;155m[48;2;0;143;172m▀[0m[38;2;53;161;183m[48;2;44;214;218m▀[0m[38;2;255;119;169m[48;2;253;139;184m▀[0m[38;2;255;138;185m[48;2;254;140;185m▀[0m[38;2;73;96;145m[48;2;163;104;153m▀[0m[38;2;0;54;98m[48;2;80;74;123m▀[0m[38;2;0;65;110m▄[0m[38;2;0;0;127m▄[0m                                     
                                [38;2;0;85;85m[48;2;0;51;102m▀[0m[38;2;0;60;110m[48;2;0;60;109m▀[0m[38;2;0;85;125m[48;2;0;177;190m▀[0m[38;2;21;142;169m[48;2;109;162;184m▀[0m[38;2;93;180;197m[48;2;255;94;148m▀[0m[38;2;251;136;182m[48;2;248;138;183m▀[0m[38;2;251;140;185m[48;2;249;139;184m▀[0m[38;2;255;114;164m[48;2;251;111;161m▀[0m[38;2;159;89;143m[48;2;144;84;137m▀[0m[38;2;0;65;112m[48;2;0;66;112m▀[0m[38;2;0;63;127m[48;2;0;63;127m▀[0m                                     
                                [38;2;0;51;102m▀[0m[38;2;0;61;109m[48;2;0;50;102m▀[0m[38;2;0;177;190m[48;2;2;166;183m▀[0m[38;2;115;159;182m[48;2;36;202;208m▀[0m[38;2;255;91;147m[48;2;124;155;182m▀[0m[38;2;249;140;184m[48;2;255;103;156m▀[0m[38;2;249;108;157m[48;2;253;95;148m▀[0m[38;2;106;85;136m[48;2;66;80;131m▀[0m[38;2;26;67;114m[48;2;0;61;105m▀[0m[38;2;0;66;113m▀[0m                                      
                              [38;2;0;40;93m▄[0m[38;2;0;14;70m[48;2;0;74;118m▀[0m[38;2;0;62;113m[48;2;1;106;146m▀[0m[38;2;2;117;149m[48;2;7;200;201m▀[0m[38;2;5;188;197m[48;2;8;203;211m▀[0m[38;2;0;214;208m[48;2;10;175;190m▀[0m[38;2;20;184;186m[48;2;4;156;168m▀[0m[38;2;149;122;152m[48;2;1;158;168m▀[0m[38;2;242;100;149m[48;2;168;99;143m▀[0m[38;2;159;88;140m[48;2;251;93;145m▀[0m[38;2;68;74;123m[48;2;177;97;150m▀[0m[38;2;0;56;103m[48;2;37;76;120m▀[0m[38;2;0;11;11m▄[0m[38;2;0;0;0m▄[0m                                    
                             [38;2;0;60;104m▄[0m[38;2;0;51;102m[48;2;0;93;156m▀[0m[38;2;1;110;148m[48;2;16;137;186m▀[0m[38;2;7;207;208m[48;2;13;177;175m▀[0m[38;2;13;172;171m[48;2;18;138;195m▀[0m[38;2;16;134;184m[48;2;0;85;140m▀[0m[38;2;17;121;195m[48;2;91;78;128m▀[0m[38;2;13;118;188m[48;2;178;106;166m▀[0m[38;2;0;95;163m[48;2;11;124;199m▀[0m[38;2;0;70;118m[48;2;0;98;164m▀[0m[38;2;145;81;129m[48;2;21;75;128m▀[0m[38;2;255;118;169m[48;2;113;81;128m▀[0m[38;2;219;124;162m[48;2;250;109;157m▀[0m[38;2;21;18;19m[48;2;217;122;161m▀[0m[38;2;0;0;0m[48;2;60;40;50m▀[0m[38;2;0;0;0m▄[0m                                   
                           [38;2;0;60;105m[48;2;0;65;106m▀[0m[38;2;0;67;113m[48;2;0;73;122m▀[0m[38;2;126;79;126m[48;2;220;94;146m▀[0m[38;2;85;109;174m[48;2;148;112;173m▀[0m[38;2;8;132;197m[48;2;0;125;199m▀[0m[38;2;14;135;178m[48;2;14;116;188m▀[0m[38;2;7;90;148m[48;2;0;63;109m▀[0m[38;2;108;103;151m[48;2;192;110;155m▀[0m[38;2;206;108;156m[48;2;255;117;166m▀[0m[38;2;202;86;132m[48;2;218;68;104m▀[0m[38;2;0;55;81m[48;2;102;22;27m▀[0m[38;2;0;93;157m[48;2;13;87;147m▀[0m[38;2;0;78;134m[48;2;0;80;136m▀[0m[38;2;76;73;118m[48;2;90;78;125m▀[0m[38;2;255;100;153m[48;2;237;93;142m▀[0m[38;2;255;124;179m[48;2;148;62;93m▀[0m[38;2;69;41;52m[48;2;53;25;30m▀[0m[38;2;0;3;0m[48;2;0;0;0m▀[0m                                   
                           [38;2;0;63;106m▀[0m[38;2;0;66;111m[48;2;0;0;0m▀[0m[38;2;176;85;135m[48;2;3;63;106m▀[0m[38;2;117;110;171m[48;2;10;100;162m▀[0m[38;2;3;126;198m[48;2;17;126;198m▀[0m[38;2;14;119;188m[48;2;16;122;192m▀[0m[38;2;2;78;129m[48;2;17;123;195m▀[0m[38;2;142;86;137m[48;2;7;88;144m▀[0m[38;2;219;72;110m[48;2;10;35;54m▀[0m[38;2;218;54;78m[48;2;21;33;43m▀[0m[38;2;219;74;112m[48;2;20;123;194m▀[0m[38;2;30;95;160m[48;2;3;103;173m▀[0m[38;2;0;77;132m[48;2;0;75;129m▀[0m[38;2;96;79;127m[48;2;87;75;121m▀[0m[38;2;223;86;132m[48;2;253;96;148m▀[0m[38;2;38;24;27m[48;2;237;94;144m▀[0m[38;2;0;35;55m[48;2;42;76;126m▀[0m[38;2;0;39;68m[48;2;0;38;57m▀[0m[38;2;0;0;0m[48;2;14;8;2m▀[0m                                  
                      [38;2;162;170;184m[48;2;67;67;72m▀[0m[38;2;163;168;186m[48;2;84;87;94m▀[0m[38;2;160;166;183m[48;2;218;223;231m▀[0m[38;2;141;145;162m[48;2;193;198;210m▀[0m[38;2;127;132;151m▄[0m[38;2;182;145;182m[48;2;155;158;174m▀[0m[38;2;151;153;168m[48;2;216;219;226m▀[0m[38;2;11;71;113m[48;2;167;188;204m▀[0m[38;2;0;88;151m[48;2;67;129;169m▀[0m[38;2;19;130;203m[48;2;7;97;162m▀[0m[38;2;16;122;192m[48;2;17;123;194m▀[0m[38;2;18;126;197m[48;2;7;106;174m▀[0m[38;2;0;98;163m[48;2;8;119;195m▀[0m[38;2;1;96;159m[48;2;13;100;157m▀[0m[38;2;10;105;164m[48;2;16;57;83m▀[0m[38;2;0;83;138m[48;2;9;37;57m▀[0m[38;2;0;95;160m[48;2;0;90;158m▀[0m[38;2;0;85;158m[48;2;4;125;176m▀[0m[38;2;20;113;159m[48;2;7;154;170m▀[0m[38;2;56;145;158m[48;2;0;165;166m▀[0m[38;2;48;69;119m[48;2;0;123;143m▀[0m[38;2;173;81;136m[48;2;96;139;163m▀[0m[38;2;225;89;139m[48;2;123;87;107m▀[0m[38;2;146;81;125m[48;2;129;57;89m▀[0m[38;2;0;60;101m[48;2;155;93;147m▀[0m[38;2;0;13;11m[48;2;162;70;104m▀[0m[38;2;0;0;0m[48;2;56;72;118m▀[0m[38;2;0;45;71m▄[0m[38;2;18;11;4m▄[0m                             
                      [38;2;0;0;0m▀[0m[38;2;2;1;0m▀[0m[38;2;154;156;155m[48;2;0;0;0m▀[0m[38;2;204;208;215m[48;2;142;144;144m▀[0m[38;2;195;199;212m[48;2;240;240;240m▀[0m[38;2;202;206;217m[48;2;237;243;245m▀[0m[38;2;236;242;244m[48;2;197;205;213m▀[0m[38;2;255;255;255m[48;2;200;208;219m▀[0m[38;2;118;136;149m[48;2;110;106;106m▀[0m[38;2;0;46;88m[48;2;16;35;48m▀[0m[38;2;11;119;193m[48;2;0;91;154m▀[0m[38;2;4;108;181m[48;2;16;116;183m▀[0m[38;2;14;101;161m[48;2;18;43;61m▀[0m[38;2;18;58;84m[48;2;17;0;0m▀[0m[38;2;16;0;0m▀[0m[38;2;17;11;8m▀[0m[38;2;6;56;99m[48;2;17;0;0m▀[0m[38;2;11;142;159m[48;2;15;100;100m▀[0m[38;2;15;180;176m[48;2;14;167;169m▀[0m[38;2;14;167;168m[48;2;14;166;169m▀[0m[38;2;16;177;174m[48;2;12;156;162m▀[0m[38;2;2;186;182m[48;2;13;161;166m▀[0m[38;2;0;86;91m[48;2;5;120;151m▀[0m[38;2;50;22;43m[48;2;0;63;96m▀[0m[38;2;190;67;103m[48;2;4;29;23m▀[0m[38;2;188;69;108m[48;2;3;31;28m▀[0m[38;2;51;57;96m[48;2;13;32;29m▀[0m[38;2;5;29;47m[48;2;16;34;33m▀[0m[38;2;17;4;1m[48;2;15;35;36m▀[0m[38;2;15;0;0m[48;2;16;36;36m▀[0m[38;2;18;0;0m[48;2;18;34;34m▀[0m[38;2;24;0;0m[48;2;11;33;42m▀[0m[38;2;9;29;58m▄[0m[38;2;24;0;0m▄[0m                        
                        [38;2;0;0;0m▀[0m[38;2;4;4;4m[48;2;99;103;117m▀[0m[38;2;65;67;71m[48;2;157;162;176m▀[0m[38;2;168;174;188m[48;2;182;189;199m▀[0m[38;2;201;209;217m[48;2;40;41;44m▀[0m[38;2;161;166;180m[48;2;198;201;204m▀[0m[38;2;180;187;198m[48;2;220;226;236m▀[0m[38;2;148;154;159m[48;2;116;120;131m▀[0m[38;2;9;12;15m[48;2;10;7;4m▀[0m[38;2;16;20;23m[48;2;18;0;0m▀[0m[38;2;18;21;21m▀[0m[38;2;0;0;0m[48;2;0;54;108m▀[0m[38;2;0;60;113m▄[0m[38;2;0;55;105m▄[0m[38;2;255;0;0m[48;2;0;57;108m▀[0m[38;2;15;3;1m[48;2;2;42;85m▀[0m[38;2;17;81;79m[48;2;4;59;95m▀[0m[38;2;12;164;171m[48;2;4;97;137m▀[0m[38;2;0;72;115m[48;2;12;109;174m▀[0m[38;2;0;61;110m[48;2;13;29;52m▀[0m[38;2;3;143;167m[48;2;8;121;125m▀[0m[38;2;6;208;209m[48;2;5;222;223m▀[0m[38;2;6;197;200m[48;2;6;209;212m▀[0m[38;2;6;197;200m[48;2;6;209;212m▀[0m[38;2;6;197;200m[48;2;6;209;212m▀[0m[38;2;6;197;200m[48;2;6;209;212m▀[0m[38;2;6;198;201m[48;2;6;209;212m▀[0m[38;2;6;196;199m[48;2;6;209;212m▀[0m[38;2;14;169;168m[48;2;8;202;204m▀[0m[38;2;4;99;134m[48;2;5;187;198m▀[0m[38;2;6;36;68m[48;2;9;162;172m▀[0m[38;2;17;7;3m[48;2;16;108;109m▀[0m[38;2;16;2;2m▄[0m[38;2;13;0;0m▄[0m                      
                   [38;2;0;52;101m▄[0m[38;2;0;53;107m▄[0m[38;2;0;57;100m▄[0m[38;2;0;64;114m▄[0m[38;2;0;74;152m▄[0m[38;2;145;147;161m[48;2;159;166;181m▀[0m[38;2;188;195;210m[48;2;211;211;221m▀[0m[38;2;165;169;178m[48;2;118;125;136m▀[0m[38;2;103;103;103m[48;2;14;24;37m▀[0m[38;2;142;144;144m[48;2;198;195;196m▀[0m[38;2;128;129;129m[48;2;36;29;28m▀[0m[38;2;187;191;195m[48;2;98;89;89m▀[0m[38;2;169;168;174m[48;2;157;165;164m▀[0m[38;2;7;0;1m[48;2;3;56;58m▀[0m[38;2;0;48;99m[48;2;0;96;130m▀[0m[38;2;0;44;103m[48;2;0;103;144m▀[0m[38;2;2;102;137m[48;2;0;161;180m▀[0m[38;2;1;153;178m[48;2;10;219;217m▀[0m[38;2;0;147;172m[48;2;46;199;203m▀[0m[38;2;0;147;172m[48;2;49;201;203m▀[0m[38;2;0;157;179m[48;2;20;192;197m▀[0m[38;2;1;114;145m[48;2;2;139;167m▀[0m[38;2;1;65;118m[48;2;6;79;134m▀[0m[38;2;17;133;209m[48;2;15;93;144m▀[0m[38;2;11;16;29m[48;2;46;52;65m▀[0m[38;2;1;109;104m[48;2;50;126;130m▀[0m[38;2;0;222;225m[48;2;44;199;206m▀[0m[38;2;0;207;209m[48;2;45;189;196m▀[0m[38;2;0;207;209m[48;2;45;189;196m▀[0m[38;2;0;207;209m[48;2;45;189;196m▀[0m[38;2;0;207;209m[48;2;45;189;196m▀[0m[38;2;0;207;209m[48;2;45;189;196m▀[0m[38;2;0;207;209m[48;2;45;189;196m▀[0m[38;2;0;209;211m[48;2;45;189;196m▀[0m[38;2;0;215;215m[48;2;49;188;195m▀[0m[38;2;2;212;213m[48;2;27;198;203m▀[0m[38;2;11;180;182m[48;2;0;209;211m▀[0m[38;2;16;95;96m[48;2;7;190;192m▀[0m[38;2;16;20;20m[48;2;11;81;81m▀[0m[38;2;17;0;0m[48;2;13;55;54m▀[0m[38;2;17;0;0m[48;2;9;54;61m▀[0m[38;2;0;50;104m▄[0m[38;2;0;57;107m▄[0m[38;2;0;43;100m▄[0m[38;2;7;104;129m▄[0m[38;2;0;0;60m[48;2;8;133;152m▀[0m[38;2;0;52;107m[48;2;2;113;152m▀[0m[38;2;0;52;103m[48;2;2;112;149m▀[0m[38;2;0;51;102m[48;2;2;111;148m▀[0m[38;2;0;51;102m[48;2;2;111;148m▀[0m[38;2;0;52;105m[48;2;2;113;151m▀[0m[38;2;0;51;102m[48;2;2;110;147m▀[0m[38;2;0;0;102m[48;2;0;70;116m▀[0m[38;2;0;50;111m▄[0m[38;2;0;53;106m▄[0m      
                [38;2;0;63;95m[48;2;0;60;108m▀[0m[38;2;0;53;107m[48;2;0;62;115m▀[0m[38;2;0;72;118m[48;2;0;69;114m▀[0m[38;2;0;76;120m[48;2;5;182;192m▀[0m[38;2;1;85;131m[48;2;7;213;210m▀[0m[38;2;0;76;121m[48;2;0;146;179m▀[0m[38;2;2;77;131m[48;2;26;111;173m▀[0m[38;2;15;112;178m[48;2;172;247;254m▀[0m[38;2;160;187;209m[48;2;40;118;178m▀[0m[38;2;176;184;193m[48;2;11;153;185m▀[0m[38;2;89;132;159m[48;2;12;207;207m▀[0m[38;2;0;69;111m[48;2;5;195;201m▀[0m[38;2;3;22;23m[48;2;0;194;196m▀[0m[38;2;13;27;25m[48;2;1;194;197m▀[0m[38;2;9;15;15m[48;2;0;196;198m▀[0m[38;2;8;60;60m[48;2;38;184;189m▀[0m[38;2;25;178;181m[48;2;148;155;170m▀[0m[38;2;25;169;170m[48;2;143;156;170m▀[0m[38;2;19;196;198m[48;2;141;157;172m▀[0m[38;2;11;209;211m[48;2;143;158;173m▀[0m[38;2;46;193;198m[48;2;160;172;184m▀[0m[38;2;165;158;174m[48;2;203;207;214m▀[0m[38;2;174;165;177m[48;2;214;216;220m▀[0m[38;2;59;93;127m[48;2;73;113;142m▀[0m[38;2;0;83;146m[48;2;0;83;145m▀[0m[38;2;16;111;174m[48;2;15;113;177m▀[0m[38;2;14;11;9m[48;2;14;13;12m▀[0m[38;2;133;135;144m[48;2;166;167;171m▀[0m[38;2;171;171;187m[48;2;208;215;223m▀[0m[38;2;162;158;173m[48;2;193;201;209m▀[0m[38;2;162;158;173m[48;2;194;201;209m▀[0m[38;2;162;158;173m[48;2;194;201;209m▀[0m[38;2;162;159;174m[48;2;200;205;212m▀[0m[38;2;163;159;174m[48;2;202;207;213m▀[0m[38;2;163;159;174m[48;2;202;206;213m▀[0m[38;2;163;159;174m[48;2;202;206;213m▀[0m[38;2;163;159;174m[48;2;202;206;213m▀[0m[38;2;174;157;172m[48;2;205;210;219m▀[0m[38;2;105;176;187m[48;2;180;191;203m▀[0m[38;2;11;205;208m[48;2;144;161;176m▀[0m[38;2;16;202;206m[48;2;142;158;173m▀[0m[38;2;23;176;180m[48;2;142;156;171m▀[0m[38;2;25;177;177m[48;2;152;156;171m▀[0m[38;2;16;141;158m[48;2;98;158;169m▀[0m[38;2;0;73;120m[48;2;1;160;164m▀[0m[38;2;0;78;123m[48;2;8;160;164m▀[0m[38;2;0;74;121m[48;2;2;189;194m▀[0m[38;2;7;127;150m[48;2;0;203;207m▀[0m[38;2;12;192;191m[48;2;2;205;207m▀[0m[38;2;6;211;212m[48;2;6;205;207m▀[0m[38;2;6;210;211m[48;2;6;205;207m▀[0m[38;2;6;210;211m[48;2;6;205;207m▀[0m[38;2;6;210;211m[48;2;6;205;207m▀[0m[38;2;6;213;213m[48;2;6;205;208m▀[0m[38;2;6;209;210m[48;2;6;204;207m▀[0m[38;2;1;100;139m[48;2;5;199;205m▀[0m[38;2;1;78;128m[48;2;12;180;182m▀[0m[38;2;1;74;118m[48;2;10;128;148m▀[0m[38;2;0;63;111m[48;2;0;61;109m▀[0m[38;2;0;85;127m▄[0m    
             [38;2;0;46;92m▄[0m[38;2;0;62;109m▄[0m[38;2;0;39;94m[48;2;2;117;149m▀[0m[38;2;2;121;155m[48;2;5;182;196m▀[0m[38;2;4;179;194m[48;2;7;222;218m▀[0m[38;2;5;173;188m[48;2;6;216;214m▀[0m[38;2;6;217;212m[48;2;0;153;187m▀[0m[38;2;0;149;185m[48;2;48;118;166m▀[0m[38;2;54;160;203m[48;2;129;161;188m▀[0m[38;2;129;210;235m[48;2;143;191;208m▀[0m[38;2;51;141;191m[48;2;0;82;158m▀[0m[38;2;5;164;192m[48;2;0;193;204m▀[0m[38;2;0;196;204m[48;2;44;199;200m▀[0m[38;2;0;214;214m[48;2;76;176;186m▀[0m[38;2;8;208;209m[48;2;87;178;187m▀[0m[38;2;107;173;185m[48;2;179;177;189m▀[0m[38;2;114;171;183m[48;2;185;176;189m▀[0m[38;2;105;170;182m[48;2;195;185;194m▀[0m[38;2;135;179;191m[48;2;171;172;188m▀[0m[38;2;207;203;210m[48;2;103;132;162m▀[0m[38;2;204;202;209m[48;2;102;129;159m▀[0m[38;2;215;204;211m[48;2;117;180;188m▀[0m[38;2;132;141;166m[48;2;59;173;183m▀[0m[38;2;45;75;118m[48;2;0;135;160m▀[0m[38;2;52;95;134m[48;2;0;133;158m▀[0m[38;2;55;104;138m[48;2;0;62;104m▀[0m[38;2;26;112;168m[48;2;6;110;182m▀[0m[38;2;13;84;132m[48;2;16;83;130m▀[0m[38;2;14;40;57m[48;2;6;9;3m▀[0m[38;2;2;46;83m[48;2;0;118;144m▀[0m[38;2;42;80;121m[48;2;0;111;138m▀[0m[38;2;143;165;185m[48;2;43;122;152m▀[0m[38;2;224;225;229m[48;2;101;124;145m▀[0m[38;2;212;220;228m[48;2;100;104;109m▀[0m[38;2;218;220;224m[48;2;96;130;157m▀[0m[38;2;94;127;157m[48;2;10;131;159m▀[0m[38;2;52;87;129m[48;2;0;129;155m▀[0m[38;2;52;95;134m[48;2;0;129;156m▀[0m[38;2;52;95;134m[48;2;0;128;155m▀[0m[38;2;51;100;141m[48;2;0;112;139m▀[0m[38;2;61;71;85m[48;2;0;87;95m▀[0m[38;2;54;38;39m[48;2;0;75;71m▀[0m[38;2;78;65;69m[48;2;14;90;94m▀[0m[38;2;203;199;207m[48;2;101;134;163m▀[0m[38;2;206;209;219m[48;2;104;104;113m▀[0m[38;2;200;199;210m[48;2;171;170;173m▀[0m[38;2;164;180;190m[48;2;213;216;223m▀[0m[38;2;110;158;168m[48;2;193;190;202m▀[0m[38;2;113;159;169m[48;2;194;188;198m▀[0m[38;2;112;168;179m[48;2;195;186;196m▀[0m[38;2;118;167;179m[48;2;196;181;193m▀[0m[38;2;81;177;187m[48;2;155;177;189m▀[0m[38;2;0;209;210m[48;2;71;178;187m▀[0m[38;2;0;207;210m[48;2;74;178;187m▀[0m[38;2;0;208;210m[48;2;81;176;186m▀[0m[38;2;0;206;208m[48;2;41;190;197m▀[0m[38;2;6;204;207m[48;2;0;209;210m▀[0m[38;2;6;204;207m[48;2;0;207;209m▀[0m[38;2;6;208;210m[48;2;5;204;207m▀[0m[38;2;8;212;210m[48;2;6;211;212m▀[0m[38;2;6;151;172m[48;2;5;186;196m▀[0m[38;2;0;48;101m[48;2;2;125;154m▀[0m[38;2;0;73;119m▄[0m[38;2;0;49;107m▄[0m   
            [38;2;0;63;127m▄[0m[38;2;0;42;85m[48;2;0;67;112m▀[0m[38;2;0;60;110m[48;2;0;70;115m▀[0m[38;2;4;180;194m[48;2;4;174;188m▀[0m[38;2;6;220;217m[48;2;7;219;216m▀[0m[38;2;5;199;204m[48;2;2;174;195m▀[0m[38;2;4;174;195m[48;2;2;94;164m▀[0m[38;2;16;120;175m[48;2;87;213;218m▀[0m[38;2;119;145;171m[48;2;127;176;185m▀[0m[38;2;191;177;182m[48;2;192;190;201m▀[0m[38;2;156;167;188m[48;2;232;235;237m▀[0m[38;2;34;108;164m[48;2;162;164;177m▀[0m[38;2;32;177;191m[48;2;158;156;171m▀[0m[38;2;120;180;188m[48;2;181;185;197m▀[0m[38;2;183;163;178m[48;2;198;206;214m▀[0m[38;2;178;171;184m[48;2;194;203;211m▀[0m[38;2;204;209;217m[48;2;186;197;207m▀[0m[38;2;209;215;221m[48;2;200;207;214m▀[0m[38;2;188;198;208m[48;2;85;120;153m▀[0m[38;2;108;148;170m[48;2;0;79;117m▀[0m[38;2;0;81;119m[48;2;14;172;172m▀[0m[38;2;0;92;130m[48;2;7;206;207m▀[0m[38;2;0;122;142m[48;2;1;108;144m▀[0m[38;2;1;160;168m[48;2;0;58;110m▀[0m[38;2;5;185;193m[48;2;1;65;113m▀[0m[38;2;5;178;188m[48;2;1;67;116m▀[0m[38;2;4;94;140m[48;2;14;122;194m▀[0m[38;2;9;89;148m[48;2;7;45;69m▀[0m[38;2;30;76;111m[48;2;65;58;58m▀[0m[38;2;56;67;66m[48;2;157;166;183m▀[0m[38;2;53;171;172m[48;2;149;152;169m▀[0m[38;2;54;182;181m[48;2;149;152;169m▀[0m[38;2;37;126;152m[48;2;150;154;170m▀[0m[38;2;29;61;92m[48;2;150;156;172m▀[0m[38;2;39;40;43m[48;2;149;157;174m▀[0m[38;2;27;74;114m[48;2;150;156;171m▀[0m[38;2;41;174;188m[48;2;150;152;169m▀[0m[38;2;46;214;213m[48;2;150;150;167m▀[0m[38;2;45;205;207m[48;2;152;152;169m▀[0m[38;2;40;200;203m[48;2;160;158;173m▀[0m[38;2;46;173;175m[48;2;159;159;174m▀[0m[38;2;46;170;175m[48;2;159;159;174m▀[0m[38;2;49;178;182m[48;2;166;159;174m▀[0m[38;2;36;159;171m[48;2;137;160;173m▀[0m[38;2;0;82;120m[48;2;21;169;170m▀[0m[38;2;0;35;42m[48;2;19;177;177m▀[0m[38;2;84;113;123m[48;2;9;114;145m▀[0m[38;2;159;174;189m[48;2;3;42;73m▀[0m[38;2;156;158;165m[48;2;8;19;22m▀[0m[38;2;152;170;188m[48;2;0;68;111m▀[0m[38;2;152;168;187m[48;2;0;63;112m▀[0m[38;2;181;194;206m[48;2;92;134;162m▀[0m[38;2;201;203;210m[48;2;203;209;215m▀[0m[38;2;172;163;178m[48;2;198;206;214m▀[0m[38;2;173;165;179m[48;2;198;206;214m▀[0m[38;2;183;163;177m[48;2;201;209;217m▀[0m[38;2;116;176;187m[48;2;181;185;196m▀[0m[38;2;35;193;198m[48;2;159;154;170m▀[0m[38;2;40;191;197m[48;2;158;158;173m▀[0m[38;2;7;203;207m[48;2;34;195;200m▀[0m[38;2;3;204;207m[48;2;2;205;208m▀[0m[38;2;6;214;213m[48;2;5;210;211m▀[0m[38;2;5;198;204m[48;2;5;188;197m▀[0m[38;2;0;78;127m[48;2;0;73;119m▀[0m[38;2;0;53;107m[48;2;0;53;107m▀[0m   
            [38;2;0;53;102m[48;2;0;52;102m▀[0m[38;2;1;82;128m[48;2;1;86;132m▀[0m[38;2;5;185;195m[48;2;6;202;207m▀[0m[38;2;6;204;208m[48;2;7;222;216m▀[0m[38;2;6;215;212m[48;2;0;159;186m▀[0m[38;2;0;176;194m[48;2;38;135;183m▀[0m[38;2;0;91;162m[48;2;185;213;233m▀[0m[38;2;168;246;251m[48;2;55;145;196m▀[0m[38;2;66;159;207m[48;2;103;164;203m▀[0m[38;2;8;46;89m[48;2;133;147;166m▀[0m[38;2;69;65;59m[48;2;86;86;95m▀[0m[38;2;252;255;255m[48;2;72;72;72m▀[0m[38;2;249;248;249m[48;2;226;228;227m▀[0m[38;2;186;191;201m[48;2;242;243;244m▀[0m[38;2;153;155;170m[48;2;214;218;225m▀[0m[38;2;138;150;168m[48;2;189;198;210m▀[0m[38;2;12;76;120m[48;2;148;175;194m▀[0m[38;2;16;75;117m[48;2;34;122;180m▀[0m[38;2;7;70;114m[48;2;0;108;179m▀[0m[38;2;0;66;110m[48;2;11;113;182m▀[0m[38;2;1;75;116m[48;2;11;110;180m▀[0m[38;2;0;77;115m[48;2;12;110;180m▀[0m[38;2;10;107;168m[48;2;6;96;157m▀[0m[38;2;16;123;195m[48;2;10;67;103m▀[0m[38;2;15;123;194m[48;2;19;43;59m▀[0m[38;2;15;122;193m[48;2;18;46;64m▀[0m[38;2;1;110;187m[48;2;13;29;48m▀[0m[38;2;11;40;62m[48;2;0;32;63m▀[0m[38;2;16;28;37m[48;2;0;78;107m▀[0m[38;2;14;75;124m[48;2;0;143;158m▀[0m[38;2;14;69;115m[48;2;0;163;179m▀[0m[38;2;14;69;114m[48;2;0;164;181m▀[0m[38;2;14;69;115m[48;2;0;164;180m▀[0m[38;2;14;70;115m[48;2;0;164;181m▀[0m[38;2;14;70;116m[48;2;0;161;177m▀[0m[38;2;14;72;117m[48;2;0;136;151m▀[0m[38;2;14;71;116m[48;2;0;133;149m▀[0m[38;2;13;63;110m[48;2;0;136;150m▀[0m[38;2;56;101;138m[48;2;5;124;145m▀[0m[38;2;207;209;215m[48;2;66;106;143m▀[0m[38;2;196;202;210m[48;2;196;203;212m▀[0m[38;2;193;200;208m[48;2;218;223;229m▀[0m[38;2;196;202;210m[48;2;212;221;230m▀[0m[38;2;184;193;203m[48;2;207;215;224m▀[0m[38;2;138;156;170m[48;2;188;190;200m▀[0m[38;2;137;156;170m[48;2;188;189;199m▀[0m[38;2;146;150;168m[48;2;194;194;203m▀[0m[38;2;94;145;158m[48;2;163;183;193m▀[0m[38;2;0;156;158m[48;2;104;161;173m▀[0m[38;2;0;191;198m[48;2;108;172;182m▀[0m[38;2;2;203;207m[48;2;26;185;186m▀[0m[38;2;8;124;154m[48;2;0;160;166m▀[0m[38;2;65;100;138m[48;2;8;122;145m▀[0m[38;2;213;216;220m[48;2;60;98;135m▀[0m[38;2;206;214;222m[48;2;69;62;67m▀[0m[38;2;206;215;223m[48;2;60;45;47m▀[0m[38;2;200;208;216m[48;2;131;127;129m▀[0m[38;2;194;200;208m[48;2;219;225;230m▀[0m[38;2;193;200;208m[48;2;198;206;213m▀[0m[38;2;154;162;176m[48;2;195;192;203m▀[0m[38;2;49;187;194m[48;2;144;172;184m▀[0m[38;2;0;216;215m[48;2;61;184;191m▀[0m[38;2;5;187;197m[48;2;0;202;205m▀[0m[38;2;0;68;117m[48;2;10;138;152m▀[0m[38;2;0;41;100m[48;2;2;77;121m▀[0m[38;2;0;34;90m▄[0m  
           [38;2;0;28;85m▄[0m[38;2;0;36;92m[48;2;0;79;124m▀[0m[38;2;1;77;124m[48;2;1;110;145m▀[0m[38;2;6;205;206m[48;2;0;176;194m▀[0m[38;2;0;166;191m[48;2;28;131;183m▀[0m[38;2;34;148;192m[48;2;115;182;215m▀[0m[38;2;124;180;213m[48;2;193;233;235m▀[0m[38;2;216;212;216m[48;2;170;173;187m▀[0m[38;2;62;114;161m[48;2;187;185;194m▀[0m[38;2;133;153;177m[48;2;174;176;188m▀[0m[38;2;207;207;212m[48;2;203;209;217m▀[0m[38;2;189;192;199m[48;2;253;255;255m▀[0m[38;2;109;111;111m[48;2;242;247;251m▀[0m[38;2;215;220;224m[48;2;165;171;177m▀[0m[38;2;227;229;236m[48;2;160;166;179m▀[0m[38;2;176;180;186m[48;2;103;106;115m▀[0m[38;2;114;118;121m[48;2;0;0;0m▀[0m[38;2;123;122;122m[48;2;30;30;33m▀[0m[38;2;32;79;110m[48;2;49;44;43m▀[0m[38;2;0;63;106m[48;2;57;51;47m▀[0m[38;2;10;71;110m[48;2;43;36;32m▀[0m[38;2;18;78;118m[48;2;14;9;4m▀[0m[38;2;19;69;109m[48;2;15;43;36m▀[0m[38;2;4;62;108m[48;2;5;85;109m▀[0m[38;2;2;43;77m[48;2;0;99;139m▀[0m[38;2;7;23;40m[48;2;4;89;131m▀[0m[38;2;0;28;45m[48;2;29;91;133m▀[0m[38;2;4;70;66m[48;2;32;162;172m▀[0m[38;2;44;96;118m[48;2;124;178;185m▀[0m[38;2;72;131;158m[48;2;181;170;183m▀[0m[38;2;74;172;176m[48;2;171;165;180m▀[0m[38;2;69;189;195m[48;2;171;163;178m▀[0m[38;2;69;190;196m[48;2;171;163;178m▀[0m[38;2;69;189;195m[48;2;171;163;178m▀[0m[38;2;69;190;196m[48;2;173;164;178m▀[0m[38;2;70;188;193m[48;2;176;167;180m▀[0m[38;2;74;167;172m[48;2;175;169;183m▀[0m[38;2;74;165;171m[48;2;175;169;183m▀[0m[38;2;79;169;173m[48;2;183;169;183m▀[0m[38;2;52;151;161m[48;2;148;173;183m▀[0m[38;2;0;103;132m[48;2;43;170;172m▀[0m[38;2;86;135;163m[48;2;18;89;129m▀[0m[38;2;109;122;133m[48;2;26;41;60m▀[0m[38;2;106;104;107m[48;2;11;22;20m▀[0m[38;2;131;128;132m[48;2;21;57;59m▀[0m[38;2;210;214;220m[48;2;151;173;190m▀[0m[38;2;211;220;227m[48;2;160;167;175m▀[0m[38;2;210;220;228m[48;2;160;160;165m▀[0m[38;2;204;208;216m[48;2;157;164;174m▀[0m[38;2;191;182;193m[48;2;163;180;196m▀[0m[38;2;185;176;188m[48;2;203;210;217m▀[0m[38;2;99;160;169m[48;2;180;177;190m▀[0m[38;2;72;165;169m[48;2;177;163;179m▀[0m[38;2;52;151;163m[48;2;140;166;177m▀[0m[38;2;0;100;128m[48;2;36;172;173m▀[0m[38;2;0;91;94m[48;2;6;206;208m▀[0m[38;2;0;84;83m[48;2;4;228;227m▀[0m[38;2;44;105;118m[48;2;0;154;174m▀[0m[38;2;133;155;180m[48;2;19;87;125m▀[0m[38;2;208;212;218m[48;2;157;173;190m▀[0m[38;2;212;221;228m[48;2;158;161;168m▀[0m[38;2;200;191;203m[48;2;190;196;202m▀[0m[38;2;143;174;186m[48;2;199;192;204m▀[0m[38;2;59;185;192m[48;2;140;155;170m▀[0m[38;2;13;193;192m[48;2;8;198;200m▀[0m[38;2;3;154;177m[48;2;2;221;218m▀[0m[38;2;1;98;137m[48;2;4;160;183m▀[0m[38;2;0;34;91m[48;2;1;81;123m▀[0m[38;2;0;63;112m▄[0m
          [38;2;0;51;102m[48;2;0;55;106m▀[0m[38;2;0;55;106m[48;2;4;153;172m▀[0m[38;2;2;123;157m[48;2;0;171;193m▀[0m[38;2;4;200;208m[48;2;9;110;170m▀[0m[38;2;6;99;164m[48;2;228;233;242m▀[0m[38;2;134;215;237m[48;2;83;143;193m▀[0m[38;2;166;207;214m[48;2;20;158;194m▀[0m[38;2;169;171;183m[48;2;26;165;165m▀[0m[38;2;246;250;249m[48;2;36;31;30m▀[0m[38;2;244;248;248m[48;2;34;32;31m▀[0m[38;2;247;250;250m[48;2;34;34;33m▀[0m[38;2;223;229;233m[48;2;21;21;21m▀[0m[38;2;183;190;200m[48;2;54;55;57m▀[0m[38;2;150;155;170m[48;2;191;198;207m▀[0m[38;2;26;26;28m[48;2;176;183;191m▀[0m[38;2;131;136;141m[48;2;206;215;224m▀[0m[38;2;144;149;153m[48;2;138;140;145m▀[0m[38;2;21;21;22m[48;2;22;10;11m▀[0m[38;2;149;154;169m[48;2;155;152;167m▀[0m[38;2;194;201;211m[48;2;196;201;211m▀[0m[38;2;214;223;231m[48;2;214;223;231m▀[0m[38;2;152;151;157m[48;2;146;147;153m▀[0m[38;2;8;20;20m[48;2;0;8;7m▀[0m[38;2;6;191;194m[48;2;11;166;169m▀[0m[38;2;5;216;219m[48;2;4;182;183m▀[0m[38;2;4;190;190m[48;2;65;163;171m▀[0m[38;2;46;164;167m[48;2;156;167;179m▀[0m[38;2;158;160;174m[48;2;194;200;209m▀[0m[38;2;155;155;171m[48;2;193;199;208m▀[0m[38;2;182;188;198m[48;2;195;202;211m▀[0m[38;2;200;208;216m[48;2;197;205;213m▀[0m[38;2;197;205;213m[48;2;196;205;212m▀[0m[38;2;197;205;213m[48;2;196;205;212m▀[0m[38;2;197;205;213m[48;2;196;204;212m▀[0m[38;2;197;205;213m[48;2;215;218;222m▀[0m[38;2;196;204;212m[48;2;153;173;190m▀[0m[38;2;192;201;210m[48;2;23;71;116m▀[0m[38;2;192;201;210m[48;2;23;75;120m▀[0m[38;2;192;201;210m[48;2;23;76;120m▀[0m[38;2;195;204;212m[48;2;23;77;121m▀[0m[38;2;183;191;201m[48;2;22;71;116m▀[0m[38;2;150;154;170m[48;2;24;74;118m▀[0m[38;2;156;159;174m[48;2;183;192;203m▀[0m[38;2;167;160;176m[48;2;216;216;221m▀[0m[38;2;102;170;177m[48;2;180;192;200m▀[0m[38;2;6;154;164m[48;2;140;159;172m▀[0m[38;2;0;67;113m[48;2;130;143;162m▀[0m[38;2;10;23;32m[48;2;25;144;148m▀[0m[38;2;14;11;5m[48;2;0;168;168m▀[0m[38;2;0;28;45m[48;2;4;191;195m▀[0m[38;2;15;84;129m[48;2;3;177;190m▀[0m[38;2;183;195;205m[48;2;21;77;120m▀[0m[38;2;202;208;215m[48;2;164;177;193m▀[0m[38;2;200;208;216m[48;2;214;217;222m▀[0m[38;2;191;193;203m[48;2;196;203;212m▀[0m[38;2;148;157;171m[48;2;190;197;205m▀[0m[38;2;30;162;165m[48;2;147;161;174m▀[0m[38;2;4;194;197m[48;2;49;165;171m▀[0m[38;2;10;196;196m[48;2;6;169;170m▀[0m[38;2;12;148;158m[48;2;13;171;174m▀[0m[38;2;0;68;113m[48;2;3;189;197m▀[0m[38;2;0;11;18m[48;2;2;192;197m▀[0m[38;2;126;130;132m[48;2;14;82;82m▀[0m[38;2;197;198;209m[48;2;96;86;89m▀[0m[38;2;135;156;170m[48;2;195;203;213m▀[0m[38;2;22;164;166m[48;2;140;158;172m▀[0m[38;2;5;195;198m[48;2;38;164;169m▀[0m[38;2;6;216;216m[48;2;2;200;199m▀[0m[38;2;4;166;181m[48;2;3;169;186m▀[0m[38;2;0;63;112m[48;2;0;66;117m▀[0m
          [38;2;0;61;105m[48;2;0;74;131m▀[0m[38;2;0;103;155m[48;2;15;107;163m▀[0m[38;2;52;153;196m[48;2;109;186;213m▀[0m[38;2;182;202;225m[48;2;241;255;255m▀[0m[38;2;170;248;239m[48;2;55;176;206m▀[0m[38;2;34;117;176m[48;2;8;135;177m▀[0m[38;2;0;142;187m[48;2;2;162;183m▀[0m[38;2;22;191;190m[48;2;47;190;192m▀[0m[38;2;100;98;108m[48;2;175;168;185m▀[0m[38;2;123;126;132m[48;2;208;214;224m▀[0m[38;2;127;132;137m[48;2;211;220;229m▀[0m[38;2;122;128;133m[48;2;209;218;226m▀[0m[38;2;140;145;150m[48;2;206;215;223m▀[0m[38;2;198;206;214m[48;2;196;204;212m▀[0m[38;2;212;221;230m[48;2;209;217;226m▀[0m[38;2;133;128;133m[48;2;74;62;64m▀[0m[38;2;43;90;92m[48;2;0;52;52m▀[0m[38;2;10;149;151m[48;2;8;217;220m▀[0m[38;2;56;162;168m[48;2;2;176;177m▀[0m[38;2;151;168;180m[48;2;67;163;169m▀[0m[38;2;199;195;206m[48;2;146;172;182m▀[0m[38;2;189;196;202m[48;2;199;194;205m▀[0m[38;2;128;136;140m[48;2;192;191;203m▀[0m[38;2;12;53;53m[48;2;104;92;94m▀[0m[38;2;0;134;132m[48;2;23;109;126m▀[0m[38;2;81;169;177m[48;2;43;144;163m▀[0m[38;2;185;166;181m[48;2;119;167;176m▀[0m[38;2;202;211;218m[48;2;187;185;197m▀[0m[38;2;199;208;215m[48;2;198;204;212m▀[0m[38;2;196;204;212m[48;2;210;215;220m▀[0m[38;2;201;208;215m[48;2;173;186;199m▀[0m[38;2;210;215;220m[48;2;116;137;164m▀[0m[38;2;210;214;219m[48;2;116;142;167m▀[0m[38;2;221;221;225m[48;2;125;143;169m▀[0m[38;2;135;149;173m[48;2;44;119;150m▀[0m[38;2;44;110;143m[48;2;0;141;164m▀[0m[38;2;0;154;173m[48;2;6;218;217m▀[0m[38;2;0;153;171m[48;2;6;214;214m▀[0m[38;2;0;152;171m[48;2;6;213;213m▀[0m[38;2;0;152;171m[48;2;7;217;216m▀[0m[38;2;0;154;172m[48;2;7;225;221m▀[0m[38;2;0;153;172m[48;2;5;220;221m▀[0m[38;2;60;111;145m[48;2;0;136;164m▀[0m[38;2;71;107;144m[48;2;0;106;137m▀[0m[38;2;62;96;135m[48;2;0;99;128m▀[0m[38;2;80;107;141m[48;2;14;109;138m▀[0m[38;2;202;202;208m[48;2;119;152;175m▀[0m[38;2;131;173;183m[48;2;173;155;174m▀[0m[38;2;45;177;183m[48;2;82;163;170m▀[0m[38;2;5;189;189m[48;2;4;169;168m▀[0m[38;2;9;182;184m[48;2;14;176;178m▀[0m[38;2;0;157;175m[48;2;10;209;209m▀[0m[38;2;48;119;154m[48;2;0;58;82m▀[0m[38;2;135;159;182m[48;2;90;106;126m▀[0m[38;2;207;212;218m[48;2;214;219;225m▀[0m[38;2;196;204;212m[48;2;197;204;212m▀[0m[38;2;169;161;176m[48;2;170;161;176m▀[0m[38;2;57;160;167m[48;2;57;160;167m▀[0m[38;2;5;165;166m[48;2;4;171;172m▀[0m[38;2;14;169;171m[48;2;14;175;178m▀[0m[38;2;12;185;185m[48;2;14;170;172m▀[0m[38;2;12;209;212m[48;2;4;106;107m▀[0m[38;2;0;58;57m[48;2;52;85;86m▀[0m[38;2;68;58;59m[48;2;135;128;134m▀[0m[38;2;211;215;225m[48;2;181;186;199m▀[0m[38;2;172;157;174m[48;2;100;161;171m▀[0m[38;2;46;160;166m[48;2;29;171;174m▀[0m[38;2;4;182;183m[48;2;9;183;186m▀[0m[38;2;11;135;142m[48;2;16;123;124m▀[0m[38;2;11;27;43m[48;2;18;6;2m▀[0m
         [38;2;0;127;127m▄[0m[38;2;0;83;160m[48;2;1;84;158m▀[0m[38;2;62;181;210m[48;2;112;200;231m▀[0m[38;2;138;248;242m[48;2;133;216;238m▀[0m[38;2;130;211;234m[48;2;0;80;145m▀[0m[38;2;4;79;141m[48;2;15;19;22m▀[0m[38;2;7;123;136m[48;2;18;9;3m▀[0m[38;2;7;150;150m[48;2;7;35;60m▀[0m[38;2;38;151;162m[48;2;0;94;133m▀[0m[38;2;134;163;176m[48;2;19;167;169m▀[0m[38;2;186;192;202m[48;2;135;156;170m▀[0m[38;2;198;203;212m[48;2;186;188;199m▀[0m[38;2;197;206;213m[48;2;199;207;215m▀[0m[38;2;197;205;213m[48;2;196;204;212m▀[0m[38;2;196;204;212m[48;2;196;204;212m▀[0m[38;2;206;214;223m[48;2;196;204;212m▀[0m[38;2;109;104;108m[48;2;210;218;227m▀[0m[38;2;24;66;67m[48;2;136;141;147m▀[0m[38;2;10;139;140m[48;2;7;5;4m▀[0m[38;2;11;136;138m[48;2;17;14;13m▀[0m[38;2;0;144;152m[48;2;4;49;88m▀[0m[38;2;64;153;166m[48;2;6;122;148m▀[0m[38;2;133;157;170m[48;2;10;173;171m▀[0m[38;2;131;159;172m[48;2;22;166;169m▀[0m[38;2;207;212;220m[48;2;146;164;179m▀[0m[38;2;63;89;124m[48;2;61;47;51m▀[0m[38;2;0;93;117m[48;2;6;73;73m▀[0m[38;2;27;175;176m[48;2;11;176;178m▀[0m[38;2;128;159;172m[48;2;15;165;167m▀[0m[38;2;186;194;203m[48;2;142;163;174m▀[0m[38;2;189;194;205m[48;2;61;91;129m▀[0m[38;2;98;142;167m[48;2;0;112;144m▀[0m[38;2;0;77;119m[48;2;6;213;214m▀[0m[38;2;0;82;123m[48;2;6;205;208m▀[0m[38;2;0;74;118m[48;2;6;205;208m▀[0m[38;2;0;155;174m[48;2;6;204;207m▀[0m[38;2;6;220;218m[48;2;6;204;207m▀[0m[38;2;6;204;207m[48;2;6;204;207m▀[0m[38;2;6;206;209m[48;2;6;203;206m▀[0m[38;2;6;209;212m[48;2;6;213;213m▀[0m[38;2;3;194;202m[48;2;3;141;168m▀[0m[38;2;2;174;183m[48;2;4;47;85m▀[0m[38;2;4;168;170m[48;2;17;15;13m▀[0m[38;2;5;177;177m[48;2;18;13;10m▀[0m[38;2;9;163;168m[48;2;4;42;76m▀[0m[38;2;14;168;170m[48;2;5;115;144m▀[0m[38;2;8;155;161m[48;2;12;155;162m▀[0m[38;2;0;57;106m[48;2;0;69;114m▀[0m[38;2;111;139;159m[48;2;11;154;161m▀[0m[38;2;67;160;170m[48;2;5;116;145m▀[0m[38;2;3;146;153m[48;2;4;43;77m▀[0m[38;2;11;136;137m[48;2;16;12;9m▀[0m[38;2;10;137;139m[48;2;12;10;10m▀[0m[38;2;27;54;53m[48;2;154;160;167m▀[0m[38;2;127;121;124m[48;2;210;219;228m▀[0m[38;2;209;215;225m[48;2;188;192;202m▀[0m[38;2;188;194;203m[48;2;143;156;170m▀[0m[38;2;140;162;175m[48;2;25;165;168m▀[0m[38;2;47;166;172m[48;2;9;176;178m▀[0m[38;2;6;157;157m[48;2;15;101;102m▀[0m[38;2;11;138;139m[48;2;14;3;2m▀[0m[38;2;12;136;138m[48;2;18;17;18m▀[0m[38;2;27;34;36m[48;2;132;137;150m▀[0m[38;2;148;138;145m[48;2;168;163;180m▀[0m[38;2;193;203;215m[48;2;102;159;170m▀[0m[38;2;106;157;169m[48;2;5;167;169m▀[0m[38;2;7;170;171m[48;2;14;168;170m▀[0m[38;2;10;147;148m[48;2;16;46;47m▀[0m[38;2;15;147;149m[48;2;17;7;7m▀[0m[38;2;15;106;107m[48;2;15;14;14m▀[0m[38;2;15;8;8m▀[0m
       [38;2;0;40;132m▄[0m[38;2;0;42;127m[48;2;16;109;179m▀[0m[38;2;0;83;157m[48;2;169;200;229m▀[0m[38;2;143;222;240m[48;2;101;181;220m▀[0m[38;2;95;190;231m[48;2;47;132;190m▀[0m[38;2;25;105;170m[48;2;0;52;137m▀[0m[38;2;0;62;137m▀[0m[38;2;13;13;6m▀[0m[38;2;20;0;0m▀[0m[38;2;6;20;48m▀[0m[38;2;8;36;52m[48;2;39;0;0m▀[0m[38;2;15;46;46m[48;2;15;5;5m▀[0m[38;2;25;161;164m[48;2;6;65;65m▀[0m[38;2;124;172;184m[48;2;46;135;140m▀[0m[38;2;174;160;176m[48;2;62;166;173m▀[0m[38;2;173;171;184m[48;2;84;162;171m▀[0m[38;2;199;207;215m[48;2;179;174;187m▀[0m[38;2;199;208;215m[48;2;180;174;188m▀[0m[38;2;203;211;219m[48;2;177;171;185m▀[0m[38;2;191;198;205m[48;2;188;188;200m▀[0m[38;2;168;172;179m[48;2;209;219;226m▀[0m[38;2;170;174;181m[48;2;208;217;224m▀[0m[38;2;180;192;205m[48;2;214;221;227m▀[0m[38;2;80;92;99m[48;2;175;172;178m▀[0m[38;2;0;55;54m[48;2;89;102;105m▀[0m[38;2;14;181;184m[48;2;0;57;56m▀[0m[38;2;33;176;180m[48;2;0;57;55m▀[0m[38;2;22;165;165m[48;2;0;89;114m▀[0m[38;2;14;94;92m[48;2;2;108;128m▀[0m[38;2;15;19;18m[48;2;17;111;105m▀[0m[38;2;14;30;30m[48;2;16;108;107m▀[0m[38;2;22;67;105m[48;2;0;52;99m▀[0m[38;2;9;145;169m[48;2;0;150;172m▀[0m[38;2;3;198;203m[48;2;6;220;218m▀[0m[38;2;6;207;209m[48;2;6;204;207m▀[0m[38;2;6;206;208m[48;2;6;204;207m▀[0m[38;2;6;206;209m[48;2;6;203;207m▀[0m[38;2;6;204;207m[48;2;6;216;215m▀[0m[38;2;6;211;212m[48;2;0;182;192m▀[0m[38;2;5;203;206m[48;2;0;108;141m▀[0m[38;2;0;89;130m[48;2;113;144;170m▀[0m[38;2;0;29;41m[48;2;126;125;134m▀[0m[38;2;82;100;105m[48;2;166;164;168m▀[0m[38;2;179;191;204m[48;2;214;221;227m▀[0m[38;2;170;174;180m[48;2;201;209;217m▀[0m[38;2;189;193;201m[48;2;109;108;112m▀[0m[38;2;72;67;72m[48;2;38;101;97m▀[0m[38;2;0;22;44m[48;2;9;121;128m▀[0m[38;2;2;92;131m[48;2;8;146;165m▀[0m[38;2;12;152;160m[48;2;15;182;182m▀[0m[38;2;12;184;186m[48;2;0;79;78m▀[0m[38;2;0;69;73m[48;2;74;92;93m▀[0m[38;2;55;51;58m[48;2;167;168;171m▀[0m[38;2;178;183;189m[48;2;210;217;226m▀[0m[38;2;172;176;182m[48;2;188;185;198m▀[0m[38;2;197;205;212m[48;2;190;190;202m▀[0m[38;2;194;192;202m[48;2;113;140;168m▀[0m[38;2;132;168;178m[48;2;27;78;108m▀[0m[38;2;28;174;178m[48;2;0;62;59m▀[0m[38;2;13;182;184m[48;2;9;60;60m▀[0m[38;2;0;67;65m[48;2;84;80;87m▀[0m[38;2;65;64;70m[48;2;101;130;140m▀[0m[38;2;152;140;155m[48;2;72;174;182m▀[0m[38;2;140;134;147m[48;2;72;169;177m▀[0m[38;2;52;162;167m[48;2;17;182;186m▀[0m[38;2;31;182;186m[48;2;6;120;120m▀[0m[38;2;27;126;129m[48;2;9;48;48m▀[0m[38;2;14;31;31m[48;2;18;0;0m▀[0m[38;2;17;39;40m[48;2;15;0;0m▀[0m[38;2;14;23;23m[48;2;25;0;0m▀[0m[38;2;20;0;0m▀[0m[38;2;20;0;0m▀[0m 
 [38;2;0;81;153m▄[0m[38;2;0;77;148m[48;2;9;113;175m▀[0m[38;2;0;80;155m[48;2;11;112;170m▀[0m [38;2;0;68;144m▄[0m[38;2;0;54;141m[48;2;31;100;168m▀[0m[38;2;50;120;183m[48;2;134;187;228m▀[0m[38;2;124;184;225m[48;2;248;255;255m▀[0m[38;2;217;255;250m[48;2;71;202;212m▀[0m[38;2;31;129;193m[48;2;11;121;181m▀[0m[38;2;0;60;143m[48;2;0;80;158m▀[0m      [38;2;28;0;0m▄[0m[38;2;17;0;0m[48;2;16;6;6m▀[0m[38;2;9;120;121m[48;2;15;105;106m▀[0m[38;2;0;183;184m[48;2;15;164;166m▀[0m[38;2;20;164;167m[48;2;12;170;172m▀[0m[38;2;98;157;168m[48;2;5;169;170m▀[0m[38;2;100;156;167m[48;2;5;170;171m▀[0m[38;2;92;160;170m[48;2;0;156;155m▀[0m[38;2;128;174;184m[48;2;48;143;150m▀[0m[38;2;192;192;201m[48;2;136;144;165m▀[0m[38;2;186;186;198m[48;2;130;157;171m▀[0m[38;2;185;184;195m[48;2;126;154;167m▀[0m[38;2;208;213;223m[48;2;162;177;188m▀[0m[38;2;179;184;191m[48;2;199;203;212m▀[0m[38;2;79;71;73m[48;2;204;210;219m▀[0m[38;2;84;73;74m[48;2;204;212;222m▀[0m[38;2;87;104;129m[48;2;201;206;214m▀[0m[38;2;48;127;157m[48;2;100;141;166m▀[0m[38;2;9;136;155m[48;2;0;70;116m▀[0m[38;2;8;134;155m[48;2;0;83;125m▀[0m[38;2;3;115;146m[48;2;5;195;202m▀[0m[38;2;4;171;185m[48;2;6;213;213m▀[0m[38;2;6;210;211m[48;2;6;203;207m▀[0m[38;2;6;204;207m[48;2;6;204;207m▀[0m[38;2;6;204;207m[48;2;6;204;207m▀[0m[38;2;6;213;213m[48;2;5;196;202m▀[0m[38;2;0;178;189m[48;2;14;116;148m▀[0m[38;2;13;128;155m[48;2;82;110;145m▀[0m[38;2;86;114;148m[48;2;215;218;222m▀[0m[38;2;202;207;214m[48;2;198;205;212m▀[0m[38;2;214;221;228m[48;2;196;204;212m▀[0m[38;2;202;211;219m[48;2;198;206;214m▀[0m[38;2;203;211;219m[48;2;194;202;210m▀[0m[38;2;198;206;213m[48;2;166;173;179m▀[0m[38;2;19;13;10m[48;2;52;49;49m▀[0m[38;2;0;81;95m[48;2;23;58;92m▀[0m[38;2;5;137;149m[48;2;27;59;89m▀[0m[38;2;9;110;106m[48;2;36;23;22m▀[0m[38;2;8;104;105m[48;2;37;28;30m▀[0m[38;2;53;54;59m[48;2;124;146;157m▀[0m[38;2;151;143;153m[48;2;140;154;168m▀[0m[38;2;208;215;227m[48;2;135;130;143m▀[0m[38;2;177;190;202m[48;2;118;134;147m▀[0m[38;2;102;167;178m[48;2;11;147;148m▀[0m[38;2;100;111;119m[48;2;0;46;45m▀[0m[38;2;74;92;119m[48;2;76;89;95m▀[0m[38;2;60;84;116m[48;2;155;175;189m▀[0m[38;2;70;55;60m[48;2;135;168;183m▀[0m[38;2;16;58;57m[48;2;23;164;174m▀[0m[38;2;88;143;151m[48;2;3;151;154m▀[0m[38;2;72;184;191m[48;2;9;145;145m▀[0m[38;2;0;175;175m[48;2;15;148;150m▀[0m[38;2;4;173;174m[48;2;15;145;145m▀[0m[38;2;14;128;129m[48;2;17;29;28m▀[0m[38;2;16;50;50m[48;2;17;0;0m▀[0m[38;2;15;0;0m▀[0m      
 [38;2;0;82;157m[48;2;0;68;149m▀[0m[38;2;47;170;211m[48;2;74;177;221m▀[0m[38;2;100;232;223m[48;2;144;228;239m▀[0m[38;2;1;97;164m▄[0m[38;2;0;83;155m[48;2;124;203;227m▀[0m[38;2;167;200;227m[48;2;204;255;255m▀[0m[38;2;250;255;255m[48;2;144;218;243m▀[0m[38;2;148;231;245m[48;2;25;112;173m▀[0m[38;2;3;100;168m[48;2;0;85;159m▀[0m[38;2;0;76;153m[48;2;0;0;127m▀[0m[38;2;0;0;255m▀[0m       [38;2;0;0;0m▀[0m[38;2;15;1;1m[48;2;17;0;0m▀[0m[38;2;16;81;82m[48;2;16;32;34m▀[0m[38;2;14;177;179m[48;2;18;47;47m▀[0m[38;2;14;167;170m[48;2;17;44;44m▀[0m[38;2;14;177;179m[48;2;18;47;47m▀[0m[38;2;16;74;72m[48;2;15;30;30m▀[0m[38;2;11;20;38m[48;2;5;0;22m▀[0m[38;2;3;84;127m[48;2;0;46;75m▀[0m[38;2;15;164;168m[48;2;14;40;40m▀[0m[38;2;5;169;169m[48;2;10;148;149m▀[0m[38;2;88;161;170m[48;2;25;183;187m▀[0m[38;2;164;156;172m[48;2;40;175;180m▀[0m[38;2;155;158;173m[48;2;38;155;159m▀[0m[38;2;161;163;177m[48;2;41;43;46m▀[0m[38;2;46;85;125m[48;2;12;132;141m▀[0m[38;2;1;122;152m[48;2;1;203;210m▀[0m[38;2;6;211;212m[48;2;6;211;212m▀[0m[38;2;6;203;206m[48;2;6;207;209m▀[0m[38;2;6;204;207m[48;2;6;204;207m▀[0m[38;2;6;204;207m[48;2;6;204;207m▀[0m[38;2;6;204;207m[48;2;6;204;207m▀[0m[38;2;6;206;208m[48;2;6;208;211m▀[0m[38;2;6;206;208m[48;2;6;216;216m▀[0m[38;2;0;87;127m[48;2;0;36;43m▀[0m[38;2;107;136;163m[48;2;111;108;116m▀[0m[38;2;209;213;218m[48;2;213;221;228m▀[0m[38;2;196;204;212m[48;2;196;204;212m▀[0m[38;2;196;204;212m[48;2;196;204;212m▀[0m[38;2;196;204;212m[48;2;196;204;212m▀[0m[38;2;207;215;224m[48;2;207;215;224m▀[0m[38;2;152;159;165m[48;2;154;157;163m▀[0m[38;2;18;18;18m[48;2;8;13;13m▀[0m[38;2;135;138;152m[48;2;36;157;161m▀[0m[38;2;158;162;178m[48;2;43;193;198m▀[0m[38;2;152;156;172m[48;2;43;124;127m▀[0m[38;2;154;157;172m[48;2;45;35;38m▀[0m[38;2;152;157;172m[48;2;44;45;48m▀[0m[38;2;38;174;179m[48;2;16;156;158m▀[0m[38;2;10;79;79m[48;2;10;164;164m▀[0m[38;2;18;5;5m[48;2;12;138;137m▀[0m[38;2;17;15;15m[48;2;12;136;137m▀[0m[38;2;16;12;11m[48;2;14;135;137m▀[0m[38;2;14;129;131m[48;2;14;161;163m▀[0m[38;2;15;174;176m[48;2;12;183;185m▀[0m[38;2;16;169;171m[48;2;12;145;146m▀[0m[38;2;14;162;168m[48;2;13;38;39m▀[0m[38;2;0;81;126m[48;2;0;46;81m▀[0m[38;2;11;30;46m[48;2;11;11;27m▀[0m[38;2;17;14;11m[48;2;16;0;0m▀[0m[38;2;16;18;18m[48;2;16;0;0m▀[0m[38;2;16;18;18m[48;2;17;0;0m▀[0m[38;2;12;12;12m[48;2;0;0;0m▀[0m[38;2;0;0;0m▀[0m       
[38;2;0;88;159m[48;2;0;96;172m▀[0m[38;2;121;163;202m[48;2;198;217;235m▀[0m[38;2;183;225;242m[48;2;255;255;255m▀[0m[38;2;138;219;239m[48;2;140;226;240m▀[0m[38;2;0;94;170m[48;2;33;140;184m▀[0m[38;2;177;251;255m[48;2;114;203;233m▀[0m[38;2;129;214;242m[48;2;47;141;199m▀[0m[38;2;46;134;190m[48;2;0;54;140m▀[0m[38;2;0;63;143m▀[0m            [38;2;14;0;0m▀[0m[38;2;16;0;0m▀[0m[38;2;16;0;0m▀[0m[38;2;16;0;0m▀[0m[38;2;15;0;0m▀[0m  [38;2;17;0;0m▀[0m[38;2;16;65;66m[48;2;15;0;0m▀[0m[38;2;13;78;79m[48;2;17;0;0m▀[0m[38;2;7;112;112m[48;2;15;44;44m▀[0m[38;2;6;170;171m[48;2;16;116;117m▀[0m[38;2;8;14;13m[48;2;17;21;21m▀[0m[38;2;11;138;138m[48;2;16;78;79m▀[0m[38;2;10;203;204m[48;2;15;144;146m▀[0m[38;2;9;185;188m[48;2;13;178;181m▀[0m[38;2;5;207;210m[48;2;9;196;197m▀[0m[38;2;5;207;211m[48;2;9;196;197m▀[0m[38;2;6;205;208m[48;2;7;202;204m▀[0m[38;2;6;207;209m[48;2;5;214;216m▀[0m[38;2;4;194;201m[48;2;3;181;188m▀[0m[38;2;2;130;161m[48;2;4;39;71m▀[0m[38;2;92;116;125m[48;2;170;180;194m▀[0m[38;2;169;168;172m[48;2;213;221;228m▀[0m[38;2;201;210;219m[48;2;195;203;211m▀[0m[38;2;196;204;212m[48;2;196;204;212m▀[0m[38;2;196;204;212m[48;2;196;204;212m▀[0m[38;2;196;204;212m[48;2;197;205;213m▀[0m[38;2;209;217;225m[48;2;202;210;221m▀[0m[38;2;159;163;169m[48;2;158;165;175m▀[0m[38;2;11;14;14m[48;2;10;10;10m▀[0m[38;2;8;71;71m[48;2;14;0;0m▀[0m[38;2;9;89;89m[48;2;17;0;0m▀[0m[38;2;6;59;59m[48;2;16;0;0m▀[0m[38;2;0;0;0m▀[0m[38;2;0;0;0m▀[0m[38;2;14;65;64m[48;2;16;0;0m▀[0m[38;2;10;104;124m[48;2;4;25;57m▀[0m[38;2;7;145;169m[48;2;3;84;117m▀[0m[38;2;14;188;189m[48;2;16;122;122m▀[0m[38;2;14;185;187m[48;2;15;118;119m▀[0m[38;2;14;185;188m[48;2;16;126;128m▀[0m[38;2;16;132;134m[48;2;16;67;69m▀[0m[38;2;15;57;58m[48;2;16;0;0m▀[0m[38;2;15;0;0m▀[0m              
[38;2;0;89;160m[48;2;0;89;160m▀[0m[38;2;177;206;227m[48;2;132;206;230m▀[0m[38;2;230;255;255m[48;2;159;255;248m▀[0m[38;2;148;243;246m[48;2;71;197;211m▀[0m[38;2;83;208;214m[48;2;3;97;165m▀[0m[38;2;1;108;175m[48;2;0;85;156m▀[0m[38;2;0;64;147m[48;2;0;85;170m▀[0m                        [38;2;15;0;0m[48;2;0;0;0m▀[0m[38;2;16;7;7m[48;2;31;0;0m▀[0m[38;2;15;15;15m[48;2;0;0;0m▀[0m[38;2;15;0;0m[48;2;0;0;0m▀[0m[38;2;14;74;74m[48;2;17;12;8m▀[0m[38;2;14;160;164m[48;2;14;31;40m▀[0m[38;2;13;152;160m[48;2;0;70;115m▀[0m[38;2;13;150;157m[48;2;0;64;112m▀[0m[38;2;9;182;187m[48;2;9;131;149m▀[0m[38;2;6;213;215m[48;2;16;180;176m▀[0m[38;2;6;174;177m[48;2;9;154;161m▀[0m[38;2;12;19;21m[48;2;0;66;110m▀[0m[38;2;162;165;171m[48;2;161;177;193m▀[0m[38;2;208;216;224m[48;2;212;216;221m▀[0m[38;2;198;205;213m[48;2;201;207;214m▀[0m[38;2;198;205;213m[48;2;200;207;214m▀[0m[38;2;196;204;212m[48;2;196;204;212m▀[0m[38;2;200;208;216m[48;2;209;218;226m▀[0m[38;2;175;181;193m[48;2;113;117;123m▀[0m[38;2;130;136;150m[48;2;5;5;5m▀[0m        [38;2;19;0;0m[48;2;0;0;0m▀[0m[38;2;16;7;7m[48;2;31;0;0m▀[0m[38;2;15;6;6m[48;2;0;0;0m▀[0m[38;2;16;6;6m[48;2;31;0;0m▀[0m[38;2;17;7;7m[48;2;0;0;0m▀[0m                
[38;2;0;89;161m[48;2;0;93;163m▀[0m[38;2;87;200;213m[48;2;29;147;196m▀[0m[38;2;79;200;223m[48;2;25;136;186m▀[0m[38;2;13;108;170m[48;2;0;65;150m▀[0m[38;2;0;76;158m▀[0m[38;2;0;0;0m▀[0m                             [38;2;17;0;0m[48;2;14;0;0m▀[0m[38;2;17;42;44m[48;2;17;43;41m▀[0m[38;2;11;155;168m[48;2;17;93;91m▀[0m[38;2;11;154;167m[48;2;17;93;91m▀[0m[38;2;14;174;178m[48;2;17;85;83m▀[0m[38;2;10;144;158m[48;2;12;100;110m▀[0m[38;2;1;72;116m[48;2;7;128;155m▀[0m[38;2;0;62;112m[48;2;7;131;153m▀[0m[38;2;33;82;125m[48;2;0;144;168m▀[0m[38;2;44;89;129m[48;2;0;145;169m▀[0m[38;2;42;83;125m[48;2;0;141;163m▀[0m[38;2;54;98;136m[48;2;0;135;161m▀[0m[38;2;200;206;213m[48;2;83;122;153m▀[0m[38;2;230;233;238m[48;2;99;127;159m▀[0m[38;2;117;116;118m[48;2;51;81;111m▀[0m[38;2;0;0;0m[48;2;0;32;63m▀[0m[38;2;0;51;101m▄[0m                            
[38;2;0;101;172m[48;2;0;99;171m▀[0m[38;2;0;94;172m[48;2;0;93;161m▀[0m[38;2;0;80;154m▀[0m                                 [38;2;12;0;0m▀[0m[38;2;16;0;0m▀[0m[38;2;16;0;0m▀[0m[38;2;15;0;0m▀[0m[38;2;15;57;57m[48;2;16;9;6m▀[0m[38;2;16;138;136m[48;2;18;10;10m▀[0m[38;2;11;125;123m[48;2;27;20;21m▀[0m[38;2;5;147;143m[48;2;31;18;16m▀[0m[38;2;0;161;169m[48;2;22;44;73m▀[0m[38;2;1;186;196m[48;2;13;97;133m▀[0m[38;2;8;202;204m[48;2;12;159;159m▀[0m[38;2;0;109;142m[48;2;5;196;200m▀[0m[38;2;0;95;132m[48;2;6;207;208m▀[0m[38;2;0;104;141m[48;2;7;210;210m▀[0m[38;2;2;115;152m[48;2;6;214;214m▀[0m[38;2;2;109;145m[48;2;6;207;209m▀[0m[38;2;0;69;114m[48;2;1;96;136m▀[0m[38;2;0;48;106m[48;2;0;82;131m▀[0m[38;2;0;51;102m[48;2;0;77;121m▀[0m[38;2;0;51;102m▄[0m[38;2;0;63;114m▄[0m[38;2;0;0;127m▄[0m                      
[38;2;0;91;163m▀[0m[38;2;0;63;127m▀[0m                                      [38;2;0;0;0m▀[0m[38;2;110;105;121m[48;2;179;188;207m▀[0m[38;2;144;148;161m[48;2;154;159;175m▀[0m[38;2;180;186;195m[48;2;243;242;244m▀[0m[38;2;198;207;217m[48;2;255;255;255m▀[0m[38;2;133;140;146m[48;2;232;231;230m▀[0m[38;2;0;11;14m[48;2;201;194;191m▀[0m[38;2;0;63;107m[48;2;153;167;184m▀[0m[38;2;8;145;158m[48;2;26;94;131m▀[0m[38;2;11;194;193m[48;2;0;123;143m▀[0m[38;2;5;208;211m[48;2;12;196;193m▀[0m[38;2;6;204;207m[48;2;5;207;211m▀[0m[38;2;6;198;203m[48;2;6;208;210m▀[0m[38;2;6;207;209m[48;2;6;211;212m▀[0m[38;2;4;144;166m[48;2;6;194;201m▀[0m[38;2;0;53;105m[48;2;4;171;188m▀[0m[38;2;0;62;110m[48;2;4;172;187m▀[0m[38;2;0;60;105m[48;2;0;84;128m▀[0m[38;2;0;29;85m▄[0m                     
                                         [38;2;157;157;172m[48;2;157;165;172m▀[0m[38;2;152;156;171m[48;2;153;157;171m▀[0m[38;2;112;162;198m[48;2;65;132;181m▀[0m[38;2;204;226;239m[48;2;129;178;212m▀[0m[38;2;231;243;250m[48;2;150;190;217m▀[0m[38;2;127;180;218m[48;2;55;131;184m▀[0m[38;2;247;246;245m[48;2;178;210;230m▀[0m[38;2;146;161;182m[48;2;241;243;245m▀[0m[38;2;45;111;143m[48;2;124;139;158m▀[0m[38;2;7;133;154m[48;2;0;53;88m▀[0m[38;2;11;194;193m[48;2;11;144;155m▀[0m[38;2;7;203;205m[48;2;7;202;204m▀[0m[38;2;6;204;207m[48;2;6;209;211m▀[0m[38;2;6;207;209m[48;2;6;204;207m▀[0m[38;2;6;214;214m[48;2;6;204;207m▀[0m[38;2;6;213;213m[48;2;6;205;208m▀[0m[38;2;4;160;182m[48;2;6;225;221m▀[0m[38;2;1;103;141m[48;2;2;140;172m▀[0m[38;2;0;52;102m[48;2;0;53;102m▀[0m                    
                                         [38;2;142;150;165m[48;2;172;165;172m▀[0m[38;2;151;155;170m[48;2;161;161;174m▀[0m[38;2;246;245;245m[48;2;52;122;173m▀[0m[38;2;92;156;200m[48;2;8;113;183m▀[0m[38;2;56;132;185m[48;2;16;118;187m▀[0m[38;2;232;242;247m[48;2;20;107;169m▀[0m[38;2;0;95;163m[48;2;0;95;164m▀[0m[38;2;179;215;240m[48;2;15;112;181m▀[0m[38;2;148;142;136m[48;2;21;63;92m▀[0m[38;2;1;5;15m[48;2;13;19;25m▀[0m[38;2;0;70;117m[48;2;0;64;113m▀[0m[38;2;5;181;193m[48;2;0;66;114m▀[0m[38;2;6;207;209m[48;2;4;161;178m▀[0m[38;2;6;205;208m[48;2;6;215;216m▀[0m[38;2;6;204;207m[48;2;8;200;202m▀[0m[38;2;6;202;205m[48;2;14;167;169m▀[0m[38;2;6;206;209m[48;2;3;101;140m▀[0m[38;2;2;126;158m[48;2;0;71;118m▀[0m[38;2;0;52;102m[48;2;0;54;109m▀[0m                    
                                         [38;2;45;90;127m[48;2;0;36;85m▀[0m[38;2;44;93;130m[48;2;0;58;105m▀[0m[38;2;11;109;174m[48;2;12;114;180m▀[0m[38;2;1;106;177m[48;2;13;117;188m▀[0m[38;2;4;105;174m[48;2;6;106;175m▀[0m[38;2;3;110;182m[48;2;9;110;179m▀[0m[38;2;0;96;164m[48;2;8;109;178m▀[0m[38;2;0;96;171m[48;2;1;104;177m▀[0m[38;2;3;48;83m[48;2;7;47;82m▀[0m[38;2;17;38;36m[48;2;17;45;39m▀[0m[38;2;10;141;156m[48;2;15;175;174m▀[0m[38;2;10;128;145m[48;2;12;188;187m▀[0m[38;2;8;179;186m[48;2;8;200;202m▀[0m[38;2;5;210;212m[48;2;5;207;210m▀[0m[38;2;7;205;208m[48;2;6;208;210m▀[0m[38;2;8;195;198m[48;2;10;196;196m▀[0m[38;2;11;57;71m[48;2;18;45;42m▀[0m[38;2;12;7;22m[48;2;18;0;0m▀[0m                     
                                      [38;2;0;72;109m▄[0m[38;2;0;55;103m[48;2;0;71;115m▀[0m[38;2;0;64;115m[48;2;0;76;124m▀[0m[38;2;0;69;116m[48;2;0;72;122m▀[0m[38;2;0;72;123m[48;2;0;96;164m▀[0m[38;2;13;114;181m[48;2;13;118;188m▀[0m[38;2;19;127;198m[48;2;17;123;194m▀[0m[38;2;13;116;186m[48;2;16;122;192m▀[0m[38;2;3;101;169m[48;2;16;123;193m▀[0m[38;2;17;123;193m[48;2;16;122;192m▀[0m[38;2;7;115;188m[48;2;16;130;206m▀[0m[38;2;9;49;86m[48;2;17;61;98m▀[0m[38;2;16;45;41m[48;2;14;49;45m▀[0m[38;2;12;184;186m[48;2;6;204;207m▀[0m[38;2;6;209;213m[48;2;6;200;203m▀[0m[38;2;5;212;215m[48;2;5;201;204m▀[0m[38;2;7;208;210m[48;2;10;188;188m▀[0m[38;2;8;193;197m[48;2;12;144;153m▀[0m[38;2;12;145;158m[48;2;0;67;113m▀[0m[38;2;16;42;44m[48;2;0;60;114m▀[0m[38;2;18;0;0m▀[0m                     
                                    [38;2;0;52;105m▄[0m[38;2;0;70;116m▄[0m[38;2;0;54;105m[48;2;8;123;145m▀[0m[38;2;9;132;153m[48;2;14;170;172m▀[0m[38;2;9;130;148m[48;2;9;133;147m▀[0m[38;2;0;66;118m[48;2;1;67;120m▀[0m[38;2;0;94;162m[48;2;11;112;182m▀[0m[38;2;13;118;188m[48;2;15;121;192m▀[0m[38;2;17;123;194m[48;2;16;122;193m▀[0m[38;2;16;122;192m[48;2;16;122;192m▀[0m[38;2;16;122;192m[48;2;16;122;192m▀[0m[38;2;16;122;192m[48;2;16;122;192m▀[0m[38;2;16;130;205m[48;2;16;130;205m▀[0m[38;2;16;70;107m[48;2;17;72;109m▀[0m[38;2;16;13;8m[48;2;15;4;0m▀[0m[38;2;16;38;38m[48;2;18;0;0m▀[0m[38;2;16;37;38m[48;2;18;0;0m▀[0m[38;2;16;38;38m[48;2;18;0;0m▀[0m[38;2;17;37;37m[48;2;18;0;0m▀[0m[38;2;15;30;32m[48;2;14;0;0m▀[0m[38;2;0;54;109m▀[0m[38;2;0;85;170m▀[0m                      
                                 [38;2;0;54;109m▄[0m[38;2;0;55;110m▄[0m[38;2;0;44;99m▄[0m[38;2;0;47;100m[48;2;0;64;111m▀[0m[38;2;0;71;122m[48;2;3;88;126m▀[0m[38;2;13;160;166m[48;2;12;156;163m▀[0m[38;2;16;181;175m[48;2;16;178;174m▀[0m[38;2;8;126;144m[48;2;8;128;145m▀[0m[38;2;1;69;121m[48;2;1;69;121m▀[0m[38;2;17;123;193m[48;2;16;121;191m▀[0m[38;2;16;123;194m[48;2;16;123;194m▀[0m[38;2;16;122;192m[48;2;16;122;192m▀[0m[38;2;16;122;192m[48;2;16;122;192m▀[0m[38;2;16;122;192m[48;2;16;122;192m▀[0m[38;2;16;122;192m[48;2;16;122;192m▀[0m[38;2;16;130;205m[48;2;16;130;205m▀[0m[38;2;17;72;109m[48;2;17;72;109m▀[0m[38;2;15;6;0m[48;2;15;6;0m▀[0m                             
                               [38;2;0;0;0m[48;2;0;37;92m▀[0m[38;2;0;70;113m[48;2;1;66;114m▀[0m[38;2;0;69;114m[48;2;12;142;154m▀[0m[38;2;0;72;120m[48;2;8;179;188m▀[0m[38;2;0;64;113m[48;2;4;190;200m▀[0m[38;2;3;89;127m[48;2;7;182;190m▀[0m[38;2;14;168;169m[48;2;15;164;166m▀[0m[38;2;14;167;169m[48;2;15;168;168m▀[0m[38;2;15;172;172m[48;2;7;113;138m▀[0m[38;2;8;126;144m[48;2;1;68;111m▀[0m[38;2;1;69;121m[48;2;2;74;124m▀[0m[38;2;16;121;191m[48;2;16;121;191m▀[0m[38;2;16;123;194m[48;2;16;123;194m▀[0m[38;2;16;122;192m[48;2;16;122;192m▀[0m[38;2;16;122;192m[48;2;16;122;192m▀[0m[38;2;16;122;192m[48;2;16;122;192m▀[0m[38;2;16;122;192m[48;2;16;122;192m▀[0m[38;2;16;130;205m[48;2;16;130;205m▀[0m[38;2;17;72;109m[48;2;17;72;109m▀[0m[38;2;15;6;0m[48;2;15;6;0m▀[0m                             
                              [38;2;0;51;103m[48;2;0;51;102m▀[0m[38;2;1;100;140m[48;2;2;120;161m▀[0m[38;2;4;164;183m[48;2;7;225;222m▀[0m[38;2;9;192;194m[48;2;5;211;213m▀[0m[38;2;8;207;207m[48;2;6;205;208m▀[0m[38;2;6;213;214m[48;2;6;203;206m▀[0m[38;2;7;207;208m[48;2;6;205;208m▀[0m[38;2;9;190;192m[48;2;5;207;210m▀[0m[38;2;9;198;198m[48;2;5;213;215m▀[0m[38;2;2;105;138m[48;2;6;144;162m▀[0m[38;2;0;48;100m[48;2;4;79;116m▀[0m[38;2;2;76;125m[48;2;1;63;114m▀[0m[38;2;17;125;197m[48;2;10;94;157m▀[0m[38;2;17;127;200m[48;2;10;94;157m▀[0m[38;2;17;124;195m[48;2;14;111;179m▀[0m[38;2;16;122;192m[48;2;17;127;199m▀[0m[38;2;16;122;192m[48;2;17;125;196m▀[0m[38;2;16;122;192m[48;2;17;125;196m▀[0m[38;2;16;130;205m[48;2;17;133;209m▀[0m[38;2;17;72;109m[48;2;18;72;108m▀[0m[38;2;15;6;0m[48;2;16;3;0m▀[0m                             
                              [38;2;0;51;102m[48;2;0;0;0m▀[0m[38;2;2;105;144m[48;2;0;58;105m▀[0m[38;2;5;191;200m[48;2;1;77;122m▀[0m[38;2;7;200;204m[48;2;13;158;164m▀[0m[38;2;6;206;209m[48;2;9;197;199m▀[0m[38;2;6;206;209m[48;2;5;208;211m▀[0m[38;2;6;204;207m[48;2;6;204;207m▀[0m[38;2;6;204;207m[48;2;6;204;207m▀[0m[38;2;6;205;208m[48;2;6;204;207m▀[0m[38;2;12;194;191m[48;2;6;204;207m▀[0m[38;2;9;143;157m[48;2;6;204;207m▀[0m[38;2;1;82;124m[48;2;6;203;206m▀[0m[38;2;0;85;123m[48;2;6;203;206m▀[0m[38;2;0;82;119m[48;2;6;212;212m▀[0m[38;2;8;100;154m[48;2;3;128;155m▀[0m[38;2;14;114;184m[48;2;0;58;107m▀[0m[38;2;14;112;179m[48;2;0;68;114m▀[0m[38;2;14;112;179m[48;2;0;68;114m▀[0m[38;2;14;119;190m[48;2;0;68;114m▀[0m[38;2;14;70;109m[48;2;0;71;120m▀[0m[38;2;12;12;15m[48;2;0;66;113m▀[0m                             
                               [38;2;0;31;95m▀[0m[38;2;4;49;89m▀[0m[38;2;16;39;40m[48;2;16;0;0m▀[0m[38;2;17;38;38m[48;2;17;0;0m▀[0m[38;2;15;108;108m[48;2;17;44;44m▀[0m[38;2;11;199;201m[48;2;16;85;85m▀[0m[38;2;5;217;221m[48;2;13;95;97m▀[0m[38;2;6;215;215m[48;2;4;119;148m▀[0m[38;2;6;208;209m[48;2;4;186;201m▀[0m[38;2;6;205;208m[48;2;5;224;225m▀[0m[38;2;6;207;209m[48;2;5;217;220m▀[0m[38;2;6;207;209m[48;2;5;217;220m▀[0m[38;2;6;208;210m[48;2;5;217;221m▀[0m[38;2;5;192;198m[48;2;6;220;220m▀[0m[38;2;5;178;188m[48;2;7;219;217m▀[0m[38;2;5;180;190m[48;2;6;213;214m▀[0m[38;2;5;180;190m[48;2;6;211;212m▀[0m[38;2;5;180;189m[48;2;6;211;212m▀[0m[38;2;5;188;198m[48;2;6;216;216m▀[0m[38;2;4;160;180m[48;2;7;195;200m▀[0m[38;2;0;56;107m[48;2;9;122;144m▀[0m[38;2;0;0;95m[48;2;1;62;110m▀[0m[38;2;0;47;101m▄[0m[38;2;0;52;103m▄[0m[38;2;0;52;104m▄[0m[38;2;0;52;103m▄[0m[38;2;0;115;208m▄[0m                      
                                   [38;2;15;0;0m▀[0m[38;2;18;0;0m▀[0m[38;2;16;0;0m▀[0m[38;2;1;36;82m▀[0m[38;2;6;115;131m[48;2;16;1;0m▀[0m[38;2;10;148;147m[48;2;17;7;9m▀[0m[38;2;10;138;138m[48;2;15;12;18m▀[0m[38;2;10;137;136m[48;2;15;14;22m▀[0m[38;2;10;136;134m[48;2;15;11;15m▀[0m[38;2;6;145;155m[48;2;5;36;71m▀[0m[38;2;5;170;184m[48;2;3;90;130m▀[0m[38;2;9;201;203m[48;2;15;153;151m▀[0m[38;2;6;211;214m[48;2;8;180;181m▀[0m[38;2;6;213;216m[48;2;7;182;183m▀[0m[38;2;6;212;214m[48;2;6;184;189m▀[0m[38;2;8;206;206m[48;2;5;194;201m▀[0m[38;2;12;183;183m[48;2;5;209;212m▀[0m[38;2;3;126;157m[48;2;6;213;213m▀[0m[38;2;2;116;152m[48;2;6;212;213m▀[0m[38;2;2;119;154m[48;2;6;212;212m▀[0m[38;2;2;121;156m[48;2;6;215;215m▀[0m[38;2;2;119;154m[48;2;6;213;213m▀[0m[38;2;12;49;58m[48;2;14;56;61m▀[0m[38;2;21;0;0m[48;2;13;4;9m▀[0m                     
                                       [38;2;0;0;0m▀[0m[38;2;0;62;101m[48;2;0;65;110m▀[0m[38;2;0;74;125m[48;2;1;80;133m▀[0m[38;2;0;93;158m[48;2;12;118;189m▀[0m[38;2;0;94;160m[48;2;13;121;193m▀[0m[38;2;0;99;171m[48;2;5;107;177m▀[0m[38;2;5;72;120m[48;2;0;87;151m▀[0m[38;2;17;14;10m[48;2;3;73;126m▀[0m[38;2;16;19;17m[48;2;3;75;129m▀[0m[38;2;17;15;11m[48;2;4;79;136m▀[0m[38;2;8;37;60m[48;2;8;49;83m▀[0m[38;2;0;107;147m[48;2;14;23;27m▀[0m[38;2;6;211;213m[48;2;13;45;47m▀[0m[38;2;6;208;210m[48;2;1;78;115m▀[0m[38;2;6;205;208m[48;2;4;174;189m▀[0m[38;2;6;204;207m[48;2;6;219;217m▀[0m[38;2;6;206;209m[48;2;6;205;208m▀[0m[38;2;6;204;207m[48;2;6;204;207m▀[0m[38;2;1;93;134m[48;2;10;166;178m▀[0m[38;2;0;47;99m[48;2;15;72;76m▀[0m[38;2;18;0;0m▄[0m                    
                                        [38;2;0;62;103m[48;2;0;62;103m▀[0m[38;2;2;79;131m[48;2;2;79;131m▀[0m[38;2;17;122;193m[48;2;16;121;191m▀[0m[38;2;17;125;197m[48;2;16;123;194m▀[0m[38;2;12;116;185m[48;2;17;123;193m▀[0m[38;2;9;111;182m[48;2;18;125;195m▀[0m[38;2;7;114;187m[48;2;16;122;193m▀[0m[38;2;0;100;172m[48;2;6;105;174m▀[0m[38;2;0;105;182m[48;2;5;110;183m▀[0m[38;2;7;54;89m[48;2;10;52;88m▀[0m[38;2;19;23;15m[48;2;17;46;41m▀[0m[38;2;15;91;93m[48;2;14;181;183m▀[0m[38;2;9;112;133m[48;2;16;180;178m▀[0m[38;2;3;115;145m[48;2;7;107;133m▀[0m[38;2;3;156;175m[48;2;3;128;154m▀[0m[38;2;6;210;212m[48;2;5;213;215m▀[0m[38;2;6;204;207m[48;2;6;204;207m▀[0m[38;2;15;184;182m[48;2;12;186;186m▀[0m[38;2;12;92;110m[48;2;5;145;170m▀[0m[38;2;7;20;50m[48;2;2;94;129m▀[0m[38;2;14;3;3m▄[0m[38;2;0;0;0m▄[0m                  
                                        [38;2;0;62;103m[48;2;0;62;103m▀[0m[38;2;2;79;131m[48;2;2;79;131m▀[0m[38;2;16;121;191m[48;2;16;121;191m▀[0m[38;2;16;123;194m[48;2;16;123;194m▀[0m[38;2;16;122;192m[48;2;16;122;192m▀[0m[38;2;16;122;192m[48;2;16;122;192m▀[0m[38;2;16;122;192m[48;2;16;122;192m▀[0m[38;2;17;123;193m[48;2;16;122;192m▀[0m[38;2;17;131;207m[48;2;16;130;205m▀[0m[38;2;16;63;100m[48;2;16;62;99m▀[0m[38;2;16;42;37m[48;2;16;42;37m▀[0m[38;2;14;170;172m[48;2;14;170;172m▀[0m[38;2;14;168;170m[48;2;14;168;170m▀[0m[38;2;15;167;167m[48;2;14;166;168m▀[0m[38;2;12;183;184m[48;2;14;165;167m▀[0m[38;2;6;203;207m[48;2;13;174;176m▀[0m[38;2;6;204;207m[48;2;6;204;207m▀[0m[38;2;6;205;208m[48;2;6;205;208m▀[0m[38;2;5;222;224m[48;2;5;217;220m▀[0m[38;2;10;149;150m[48;2;10;144;146m▀[0m[38;2;16;4;4m[48;2;16;4;4m▀[0m[38;2;25;0;0m[48;2;25;0;0m▀[0m                  
                                       [38;2;0;46;100m▄[0m[38;2;0;62;99m[48;2;0;59;110m▀[0m[38;2;2;79;132m[48;2;2;77;128m▀[0m[38;2;16;121;191m[48;2;16;121;191m▀[0m[38;2;16;123;194m[48;2;16;123;194m▀[0m[38;2;16;122;192m[48;2;16;122;192m▀[0m[38;2;16;122;192m[48;2;16;122;192m▀[0m[38;2;16;122;192m[48;2;16;122;192m▀[0m[38;2;16;122;192m[48;2;16;122;192m▀[0m[38;2;16;130;205m[48;2;16;130;205m▀[0m[38;2;16;62;99m[48;2;16;61;98m▀[0m[38;2;16;42;37m[48;2;16;44;39m▀[0m[38;2;14;170;172m[48;2;14;180;182m▀[0m[38;2;14;168;170m[48;2;14;178;180m▀[0m[38;2;14;166;168m[48;2;14;179;180m▀[0m[38;2;15;166;167m[48;2;11;154;167m▀[0m[38;2;14;180;179m[48;2;8;115;140m▀[0m[38;2;5;218;221m[48;2;12;109;111m▀[0m[38;2;5;219;222m[48;2;12;109;110m▀[0m[38;2;4;232;235m[48;2;12;116;117m▀[0m[38;2;10;154;156m[48;2;12;87;88m▀[0m[38;2;16;4;4m[48;2;15;4;4m▀[0m[38;2;23;0;0m[48;2;0;0;0m▀[0m                  
                                   [38;2;0;42;85m▄[0m[38;2;0;42;85m[48;2;0;71;115m▀[0m[38;2;0;57;108m[48;2;1;77;124m▀[0m[38;2;0;42;100m[48;2;0;72;120m▀[0m[38;2;1;98;134m[48;2;4;172;185m▀[0m[38;2;1;97;139m[48;2;3;165;179m▀[0m[38;2;2;72;121m[48;2;2;68;122m▀[0m[38;2;16;121;191m[48;2;16;121;191m▀[0m[38;2;16;123;194m[48;2;16;123;194m▀[0m[38;2;16;122;192m[48;2;16;122;192m▀[0m[38;2;16;122;192m[48;2;16;122;192m▀[0m[38;2;16;122;192m[48;2;16;122;192m▀[0m[38;2;16;122;192m[48;2;16;122;192m▀[0m[38;2;16;130;205m[48;2;16;130;205m▀[0m[38;2;16;64;101m[48;2;16;71;108m▀[0m[38;2;16;33;28m[48;2;16;6;1m▀[0m[38;2;15;130;132m[48;2;15;9;9m▀[0m[38;2;15;129;130m[48;2;15;9;9m▀[0m[38;2;16;134;133m[48;2;17;10;10m▀[0m[38;2;8;106;124m[48;2;16;9;7m▀[0m[38;2;1;40;87m▀[0m[38;2;17;0;0m▀[0m[38;2;17;0;0m▀[0m[38;2;17;0;0m▀[0m[38;2;16;0;0m▀[0m                    
                                  [38;2;0;52;103m▄[0m[38;2;0;46;100m[48;2;2;120;154m▀[0m[38;2;3;85;128m[48;2;5;181;194m▀[0m[38;2;13;160;164m[48;2;9;198;198m▀[0m[38;2;7;190;196m[48;2;7;223;220m▀[0m[38;2;6;215;213m[48;2;3;149;168m▀[0m[38;2;3;168;192m[48;2;1;93;142m▀[0m[38;2;2;91;161m[48;2;2;100;171m▀[0m[38;2;16;122;192m[48;2;16;122;192m▀[0m[38;2;16;123;193m[48;2;16;123;193m▀[0m[38;2;16;122;192m[48;2;16;122;192m▀[0m[38;2;16;122;192m[48;2;16;122;192m▀[0m[38;2;16;122;192m[48;2;16;122;192m▀[0m[38;2;16;122;192m[48;2;16;122;192m▀[0m[38;2;16;130;205m[48;2;16;130;205m▀[0m[38;2;17;72;109m[48;2;17;72;109m▀[0m[38;2;15;6;0m[48;2;15;6;0m▀[0m[38;2;13;0;0m▀[0m[38;2;13;0;0m▀[0m[38;2;13;0;0m▀[0m[38;2;23;0;0m▀[0m                         
                                  [38;2;0;54;104m[48;2;0;54;103m▀[0m[38;2;3;146;177m[48;2;2;123;156m▀[0m[38;2;7;230;225m[48;2;6;191;200m▀[0m[38;2;5;207;211m[48;2;8;197;198m▀[0m[38;2;3;146;168m[48;2;2;105;138m▀[0m[38;2;1;80;120m[48;2;0;68;112m▀[0m[38;2;0;65;123m[48;2;1;78;133m▀[0m[38;2;1;100;170m[48;2;5;106;177m▀[0m[38;2;16;122;192m[48;2;16;122;192m▀[0m[38;2;16;123;193m[48;2;16;123;193m▀[0m[38;2;16;122;192m[48;2;16;122;192m▀[0m[38;2;16;122;192m[48;2;16;122;192m▀[0m[38;2;16;122;192m[48;2;16;122;192m▀[0m[38;2;16;122;192m[48;2;16;122;192m▀[0m[38;2;16;130;205m[48;2;16;130;205m▀[0m[38;2;17;72;109m[48;2;17;72;109m▀[0m[38;2;15;6;0m[48;2;15;6;0m▀[0m                             
                                   [38;2;0;50;103m[48;2;0;51;102m▀[0m[38;2;3;87;129m[48;2;0;64;114m▀[0m[38;2;14;164;167m[48;2;1;83;127m▀[0m[38;2;8;211;210m[48;2;6;198;204m▀[0m[38;2;1;118;145m[48;2;1;117;145m▀[0m[38;2;5;78;136m[48;2;5;74;134m▀[0m[38;2;17;126;198m[48;2;17;126;197m▀[0m[38;2;16;122;192m[48;2;16;122;192m▀[0m[38;2;16;122;192m[48;2;16;122;192m▀[0m[38;2;16;122;192m[48;2;16;122;192m▀[0m[38;2;16;122;192m[48;2;16;122;192m▀[0m[38;2;16;122;192m[48;2;16;122;192m▀[0m[38;2;16;122;192m[48;2;16;122;192m▀[0m[38;2;16;130;205m[48;2;17;131;206m▀[0m[38;2;17;72;109m[48;2;17;73;110m▀[0m[38;2;15;6;0m[48;2;15;6;0m▀[0m                             
                                    [38;2;12;0;12m[48;2;14;0;0m▀[0m[38;2;10;32;49m[48;2;18;16;14m▀[0m[38;2;7;185;190m[48;2;7;189;192m▀[0m[38;2;7;168;174m[48;2;9;214;210m▀[0m[38;2;13;124;161m[48;2;10;155;182m▀[0m[38;2;17;123;196m[48;2;10;102;179m▀[0m[38;2;16;122;192m[48;2;17;123;193m▀[0m[38;2;16;122;192m[48;2;17;124;194m▀[0m[38;2;16;122;192m[48;2;17;124;194m▀[0m[38;2;16;123;193m[48;2;14;120;190m▀[0m[38;2;17;124;194m[48;2;9;110;180m▀[0m[38;2;18;125;195m[48;2;10;112;181m▀[0m[38;2;7;116;190m[48;2;1;105;177m▀[0m[38;2;11;62;98m[48;2;8;57;92m▀[0m[38;2;16;7;1m[48;2;18;9;2m▀[0m                             
                            [38;2;0;63;127m▄[0m[38;2;0;63;127m▄[0m[38;2;0;63;127m▄[0m[38;2;0;85;85m▄[0m   [38;2;0;0;127m▄[0m[38;2;14;0;0m[48;2;0;85;170m▀[0m[38;2;16;17;16m[48;2;0;51;51m▀[0m[38;2;9;148;150m[48;2;16;1;1m▀[0m[38;2;6;209;207m[48;2;10;132;135m▀[0m[38;2;3;180;202m[48;2;6;220;220m▀[0m[38;2;1;113;173m[48;2;5;189;199m▀[0m[38;2;13;116;187m[48;2;0;99;165m▀[0m[38;2;13;118;188m[48;2;0;93;162m▀[0m[38;2;14;119;189m[48;2;0;95;163m▀[0m[38;2;9;110;180m[48;2;0;96;164m▀[0m[38;2;0;93;161m[48;2;0;96;164m▀[0m[38;2;0;94;162m[48;2;0;96;164m▀[0m[38;2;0;102;175m[48;2;0;102;175m▀[0m[38;2;9;59;94m[48;2;9;59;94m▀[0m[38;2;18;9;2m[48;2;18;9;2m▀[0m [38;2;0;63;127m▄[0m[38;2;0;63;63m▄[0m[38;2;0;0;0m▄[0m[38;2;0;0;0m▄[0m                        
                         [38;2;0;50;103m▄[0m[38;2;0;49;107m▄[0m[38;2;0;46;115m[48;2;0;69;115m▀[0m[38;2;0;58;107m[48;2;4;155;175m▀[0m[38;2;0;59;110m[48;2;3;166;186m▀[0m[38;2;0;64;116m[48;2;7;153;173m▀[0m[38;2;0;61;111m[48;2;7;113;138m▀[0m[38;2;0;52;105m▄[0m[38;2;0;55;107m▄[0m[38;2;0;45;99m▄[0m[38;2;0;56;106m[48;2;1;111;144m▀[0m[38;2;0;63;116m[48;2;3;170;190m▀[0m[38;2;0;59;108m[48;2;3;161;181m▀[0m[38;2;1;54;100m[48;2;8;145;166m▀[0m[38;2;10;45;62m[48;2;14;48;51m▀[0m[38;2;16;32;27m[48;2;18;22;38m▀[0m[38;2;15;53;50m[48;2;15;83;129m▀[0m[38;2;13;162;169m[48;2;6;105;133m▀[0m[38;2;2;83;125m[48;2;4;152;167m▀[0m[38;2;0;77;141m[48;2;2;107;145m▀[0m[38;2;0;99;170m[48;2;0;70;135m▀[0m[38;2;0;96;164m[48;2;0;99;169m▀[0m[38;2;0;96;164m[48;2;0;96;164m▀[0m[38;2;0;102;176m[48;2;0;98;168m▀[0m[38;2;10;56;89m[48;2;3;86;145m▀[0m[38;2;20;1;0m[48;2;8;53;90m▀[0m[38;2;15;20;18m▄[0m[38;2;0;66;118m[48;2;9;121;140m▀[0m[38;2;10;27;45m[48;2;13;125;134m▀[0m[38;2;18;2;0m[48;2;16;118;118m▀[0m[38;2;15;4;4m[48;2;15;96;97m▀[0m[38;2;15;0;0m▄[0m[38;2;39;0;0m▄[0m                      
                        [38;2;0;58;107m[48;2;0;54;106m▀[0m[38;2;2;109;144m[48;2;4;160;183m▀[0m[38;2;2;129;164m[48;2;7;222;219m▀[0m[38;2;3;137;166m[48;2;8;207;206m▀[0m[38;2;6;213;214m[48;2;7;201;202m▀[0m[38;2;9;209;206m[48;2;11;162;173m▀[0m[38;2;14;192;186m[48;2;12;151;164m▀[0m[38;2;14;158;163m[48;2;12;157;168m▀[0m[38;2;6;112;142m[48;2;13;162;171m▀[0m[38;2;6;114;143m[48;2;13;162;171m▀[0m[38;2;6;107;138m[48;2;13;162;171m▀[0m[38;2;8;154;168m[48;2;13;158;168m▀[0m[38;2;10;209;203m[48;2;12;152;164m▀[0m[38;2;10;202;198m[48;2;12;153;165m▀[0m[38;2;15;190;185m[48;2;12;162;175m▀[0m[38;2;17;63;53m[48;2;13;69;76m▀[0m[38;2;18;48;76m[48;2;14;53;85m▀[0m[38;2;14;127;205m[48;2;12;113;182m▀[0m[38;2;0;57;106m[48;2;2;76;126m▀[0m[38;2;4;196;202m[48;2;6;153;163m▀[0m[38;2;4;183;193m[48;2;9;191;186m▀[0m[38;2;1;106;146m[48;2;6;154;163m▀[0m[38;2;0;79;143m[48;2;2;79;120m▀[0m[38;2;0;96;165m[48;2;0;88;152m▀[0m[38;2;0;94;165m[48;2;2;103;163m▀[0m[38;2;0;102;178m[48;2;1;108;174m▀[0m[38;2;3;79;136m[48;2;4;74;127m▀[0m[38;2;17;20;18m[48;2;16;17;15m▀[0m[38;2;16;158;153m[48;2;12;140;151m▀[0m[38;2;15;185;184m[48;2;12;161;175m▀[0m[38;2;14;186;185m[48;2;12;154;166m▀[0m[38;2;15;166;163m[48;2;12;158;169m▀[0m[38;2;17;79;77m[48;2;11;164;177m▀[0m[38;2;5;63;88m[48;2;1;92;137m▀[0m[38;2;0;64;115m[48;2;0;70;127m▀[0m[38;2;5;43;74m[48;2;5;61;93m▀[0m[38;2;18;0;0m[48;2;18;40;37m▀[0m[38;2;18;0;0m[48;2;18;43;42m▀[0m[38;2;18;0;0m[48;2;16;27;27m▀[0m[38;2;15;0;0m▄[0m                
                    [38;2;0;64;108m▄[0m[38;2;0;72;120m▄[0m[38;2;0;64;112m▄[0m[38;2;0;57;106m▄[0m[38;2;0;56;106m[48;2;10;135;151m▀[0m[38;2;3;156;178m[48;2;15;176;173m▀[0m[38;2;9;201;201m[48;2;10;155;172m▀[0m[38;2;15;165;166m[48;2;3;103;164m▀[0m[38;2;14;168;168m[48;2;2;107;164m▀[0m[38;2;3;112;165m[48;2;0;98;164m▀[0m[38;2;0;92;164m[48;2;0;94;164m▀[0m[38;2;0;96;164m[48;2;0;95;164m▀[0m[38;2;0;96;164m[48;2;0;95;164m▀[0m[38;2;0;96;164m[48;2;0;95;164m▀[0m[38;2;0;96;164m[48;2;0;95;164m▀[0m[38;2;0;96;164m[48;2;0;95;164m▀[0m[38;2;0;96;164m[48;2;0;95;164m▀[0m[38;2;0;96;164m[48;2;0;95;164m▀[0m[38;2;0;96;164m[48;2;0;95;164m▀[0m[38;2;0;98;168m[48;2;0;102;176m▀[0m[38;2;0;83;142m[48;2;5;66;109m▀[0m[38;2;2;75;124m[48;2;14;33;45m▀[0m[38;2;16;123;193m[48;2;17;123;193m▀[0m[38;2;16;38;52m[48;2;17;110;172m▀[0m[38;2;16;0;0m[48;2;8;86;146m▀[0m[38;2;16;64;63m[48;2;2;75;127m▀[0m[38;2;13;165;170m[48;2;2;94;128m▀[0m[38;2;0;71;116m[48;2;4;176;188m▀[0m[38;2;11;142;152m[48;2;13;182;180m▀[0m[38;2;7;144;178m[48;2;8;117;142m▀[0m[38;2;3;71;127m[48;2;0;64;123m▀[0m[38;2;16;17;17m[48;2;4;83;140m▀[0m[38;2;2;86;146m[48;2;13;26;37m▀[0m[38;2;0;99;170m[48;2;15;84;131m▀[0m[38;2;0;96;164m[48;2;14;125;201m▀[0m[38;2;0;96;164m[48;2;14;120;193m▀[0m[38;2;0;96;164m[48;2;14;120;192m▀[0m[38;2;0;98;167m[48;2;14;119;190m▀[0m[38;2;0;73;131m[48;2;14;116;184m▀[0m[38;2;5;98;128m[48;2;10;113;176m▀[0m[38;2;15;172;172m[48;2;1;105;160m▀[0m[38;2;14;171;173m[48;2;1;82;121m▀[0m[38;2;17;53;53m[48;2;14;138;141m▀[0m[38;2;16;0;0m[48;2;8;110;128m▀[0m[38;2;0;53;108m▄[0m[38;2;0;58;106m▄[0m[38;2;0;191;255m▄[0m             
                 [38;2;0;60;109m▄[0m[38;2;0;71;122m▄[0m[38;2;0;59;100m[48;2;5;84;137m▀[0m[38;2;0;81;137m[48;2;6;108;178m▀[0m[38;2;0;79;139m[48;2;3;82;146m▀[0m[38;2;1;84;127m[48;2;0;91;125m▀[0m[38;2;4;153;176m[48;2;7;220;218m▀[0m[38;2;15;179;176m[48;2;9;147;159m▀[0m[38;2;11;149;170m[48;2;3;90;140m▀[0m[38;2;4;110;167m[48;2;0;73;141m▀[0m[38;2;0;92;167m[48;2;0;82;145m▀[0m[38;2;0;92;164m[48;2;0;97;165m▀[0m[38;2;0;95;164m[48;2;0;100;170m▀[0m[38;2;0;96;164m[48;2;0;100;171m▀[0m[38;2;0;96;164m[48;2;0;100;171m▀[0m[38;2;0;96;164m[48;2;0;99;169m▀[0m[38;2;0;98;167m[48;2;0;91;155m▀[0m[38;2;0;101;173m[48;2;4;74;124m▀[0m[38;2;0;102;175m[48;2;7;67;111m▀[0m[38;2;0;102;174m[48;2;6;69;113m▀[0m[38;2;0;102;174m[48;2;6;69;113m▀[0m[38;2;0;102;174m[48;2;6;69;113m▀[0m[38;2;0;108;187m[48;2;6;73;121m▀[0m[38;2;6;65;106m[48;2;11;47;74m▀[0m[38;2;16;21;24m[48;2;16;20;22m▀[0m[38;2;5;110;182m[48;2;4;64;108m▀[0m[38;2;14;128;203m[48;2;14;113;179m▀[0m[38;2;13;125;200m[48;2;19;130;203m▀[0m[38;2;5;92;159m[48;2;14;112;180m▀[0m[38;2;0;70;112m[48;2;6;89;138m▀[0m[38;2;4;216;220m[48;2;9;132;134m▀[0m[38;2;12;198;197m[48;2;14;113;110m▀[0m[38;2;12;152;160m[48;2;16;144;140m▀[0m[38;2;6;112;142m[48;2;13;164;167m▀[0m[38;2;0;74;135m[48;2;5;99;129m▀[0m[38;2;5;36;66m[48;2;4;105;138m▀[0m[38;2;7;86;141m[48;2;0;87;142m▀[0m[38;2;7;103;172m[48;2;0;91;143m▀[0m[38;2;7;78;136m[48;2;1;114;141m▀[0m[38;2;7;81;140m[48;2;1;113;142m▀[0m[38;2;15;113;186m[48;2;13;136;178m▀[0m[38;2;19;129;203m[48;2;12;114;171m▀[0m[38;2;15;123;196m[48;2;12;105;172m▀[0m[38;2;9;105;177m[48;2;18;128;200m▀[0m[38;2;9;95;159m[48;2;18;129;202m▀[0m[38;2;5;121;169m[48;2;8;103;183m▀[0m[38;2;7;131;161m[48;2;10;135;171m▀[0m[38;2;8;141;163m[48;2;14;192;185m▀[0m[38;2;3;150;171m[48;2;10;197;194m▀[0m[38;2;15;37;38m[48;2;18;31;29m▀[0m[38;2;14;0;0m[48;2;17;0;0m▀[0m[38;2;17;5;0m▄[0m           
                 [38;2;0;63;107m[48;2;0;63;106m▀[0m[38;2;1;77;129m[48;2;1;73;123m▀[0m[38;2;15;121;190m[48;2;14;118;186m▀[0m[38;2;19;130;203m[48;2;17;124;195m▀[0m[38;2;11;97;161m[48;2;17;124;195m▀[0m[38;2;2;92;132m[48;2;13;109;176m▀[0m[38;2;5;187;195m[48;2;0;70;115m▀[0m[38;2;1;99;135m[48;2;5;182;190m▀[0m[38;2;0;77;119m[48;2;6;209;211m▀[0m[38;2;1;83;121m[48;2;6;207;209m▀[0m[38;2;1;84;127m[48;2;5;186;196m▀[0m[38;2;0;91;156m[48;2;0;72;118m▀[0m[38;2;2;87;148m[48;2;12;24;36m▀[0m[38;2;2;85;144m[48;2;17;14;11m▀[0m[38;2;2;87;147m[48;2;17;18;18m▀[0m[38;2;2;84;143m[48;2;15;17;17m▀[0m[38;2;0;70;117m[48;2;12;12;24m▀[0m[38;2;11;25;33m[48;2;0;0;0m▀[0m[38;2;18;5;0m[48;2;0;0;0m▀[0m[38;2;17;10;4m[48;2;0;0;0m▀[0m[38;2;17;10;4m[48;2;0;0;0m▀[0m[38;2;17;10;4m[48;2;0;0;0m▀[0m[38;2;17;9;3m[48;2;0;0;0m▀[0m[38;2;17;11;9m[48;2;0;0;0m▀[0m[38;2;15;13;11m[48;2;14;0;0m▀[0m[38;2;17;10;5m[48;2;16;15;14m▀[0m[38;2;15;98;154m[48;2;4;83;138m▀[0m[38;2;14;125;199m[48;2;0;100;172m▀[0m[38;2;15;125;197m[48;2;5;105;173m▀[0m[38;2;17;118;184m[48;2;17;123;193m▀[0m[38;2;17;25;37m[48;2;17;121;190m▀[0m[38;2;15;3;11m[48;2;4;101;167m▀[0m[38;2;13;83;92m[48;2;0;90;160m▀[0m[38;2;13;171;179m[48;2;3;114;165m▀[0m[38;2;15;173;171m[48;2;14;169;168m▀[0m[38;2;16;178;174m[48;2;14;168;168m▀[0m[38;2;6;101;129m[48;2;14;166;167m▀[0m[38;2;3;124;150m[48;2;14;166;168m▀[0m[38;2;8;217;215m[48;2;14;168;169m▀[0m[38;2;8;208;208m[48;2;14;168;169m▀[0m[38;2;14;182;177m[48;2;14;168;168m▀[0m[38;2;6;111;130m[48;2;15;173;171m▀[0m[38;2;4;83;133m[48;2;9;133;150m▀[0m[38;2;15;117;185m[48;2;0;64;112m▀[0m[38;2;14;115;182m[48;2;0;69;115m▀[0m[38;2;15;113;184m[48;2;0;62;111m▀[0m[38;2;15;143;177m[48;2;8;125;145m▀[0m[38;2;14;171;168m[48;2;12;149;157m▀[0m[38;2;13;145;152m[48;2;0;67;115m▀[0m[38;2;14;37;46m[48;2;0;92;156m▀[0m[38;2;16;23;32m[48;2;0;101;174m▀[0m[38;2;13;24;30m[48;2;8;61;98m▀[0m[38;2;21;0;0m[48;2;18;6;0m▀[0m [38;2;0;58;107m[48;2;0;68;113m▀[0m[38;2;0;82;131m[48;2;0;76;128m▀[0m[38;2;0;76;127m[48;2;0;69;116m▀[0m      
                 [38;2;11;19;19m[48;2;19;0;0m▀[0m[38;2;14;32;44m[48;2;17;12;10m▀[0m[38;2;3;98;165m[48;2;9;42;66m▀[0m[38;2;11;120;194m[48;2;14;106;168m▀[0m[38;2;17;125;195m[48;2;17;132;208m▀[0m[38;2;16;120;191m[48;2;17;124;194m▀[0m[38;2;13;108;175m[48;2;17;125;196m▀[0m[38;2;2;113;172m[48;2;10;106;180m▀[0m[38;2;7;153;172m[48;2;13;124;177m▀[0m[38;2;11;197;189m[48;2;11;140;179m▀[0m[38;2;6;214;213m[48;2;2;148;182m▀[0m[38;2;4;183;193m[48;2;11;193;189m▀[0m[38;2;3;77;110m[48;2;7;144;157m▀[0m[38;2;3;42;81m[48;2;7;126;147m▀[0m[38;2;3;49;88m[48;2;8;129;149m▀[0m[38;2;2;49;88m[48;2;7;127;151m▀[0m[38;2;0;55;103m[48;2;3;149;173m▀[0m[38;2;0;56;107m[48;2;3;152;176m▀[0m[38;2;0;57;108m[48;2;3;150;174m▀[0m[38;2;0;57;108m[48;2;3;148;172m▀[0m[38;2;0;57;108m[48;2;3;148;173m▀[0m[38;2;0;57;108m[48;2;3;148;173m▀[0m[38;2;0;57;108m[48;2;3;150;174m▀[0m[38;2;0;61;115m[48;2;6;144;168m▀[0m[38;2;0;60;110m[48;2;8;112;137m▀[0m[38;2;23;0;0m[48;2;0;58;115m▀[0m[38;2;16;19;22m[48;2;6;29;56m▀[0m[38;2;7;67;111m[48;2;4;53;97m▀[0m[38;2;1;104;178m[48;2;0;74;135m▀[0m[38;2;3;103;174m[48;2;0;72;131m▀[0m[38;2;3;106;177m[48;2;0;71;129m▀[0m[38;2;1;100;170m[48;2;0;91;158m▀[0m[38;2;0;95;165m[48;2;0;100;170m▀[0m[38;2;0;98;164m[48;2;0;97;167m▀[0m[38;2;3;110;165m[48;2;0;94;167m▀[0m[38;2;3;110;165m[48;2;0;94;167m▀[0m[38;2;3;111;166m[48;2;0;94;167m▀[0m[38;2;3;111;165m[48;2;0;94;167m▀[0m[38;2;3;109;164m[48;2;0;94;167m▀[0m[38;2;3;109;164m[48;2;0;94;167m▀[0m[38;2;3;109;165m[48;2;0;94;167m▀[0m[38;2;3;113;167m[48;2;0;94;167m▀[0m[38;2;2;105;162m[48;2;0;96;168m▀[0m[38;2;0;88;152m[48;2;0;100;170m▀[0m[38;2;0;89;152m[48;2;0;99;170m▀[0m[38;2;0;88;151m[48;2;0;100;170m▀[0m[38;2;1;101;159m[48;2;0;98;171m▀[0m[38;2;2;106;163m[48;2;0;90;158m▀[0m[38;2;0;90;157m[48;2;0;78;132m▀[0m[38;2;0;99;169m[48;2;0;77;131m▀[0m[38;2;0;103;178m[48;2;0;76;129m▀[0m[38;2;1;80;136m[48;2;5;90;147m▀[0m[38;2;2;50;83m[48;2;8;104;167m▀[0m[38;2;0;67;110m[48;2;0;93;158m▀[0m[38;2;11;117;188m[48;2;16;74;113m▀[0m[38;2;15;69;105m[48;2;19;39;53m▀[0m[38;2;12;17;22m[48;2;17;0;0m▀[0m      
                   [38;2;17;0;0m▀[0m[38;2;17;65;97m[48;2;18;0;0m▀[0m[38;2;14;106;168m[48;2;9;43;67m▀[0m[38;2;11;121;194m[48;2;3;97;163m▀[0m[38;2;16;126;199m[48;2;16;112;176m▀[0m[38;2;18;125;196m[48;2;15;119;188m▀[0m[38;2;18;123;196m[48;2;15;122;193m▀[0m[38;2;12;108;185m[48;2;16;124;194m▀[0m[38;2;5;100;168m[48;2;17;123;194m▀[0m[38;2;15;148;172m[48;2;16;120;193m▀[0m[38;2;16;160;179m[48;2;17;122;195m▀[0m[38;2;13;154;175m[48;2;8;103;179m▀[0m[38;2;11;156;169m[48;2;4;111;166m▀[0m[38;2;15;178;173m[48;2;15;165;170m▀[0m[38;2;10;202;199m[48;2;15;160;169m▀[0m[38;2;9;204;201m[48;2;16;157;166m▀[0m[38;2;8;211;207m[48;2;10;175;183m▀[0m[38;2;6;219;217m[48;2;5;198;206m▀[0m[38;2;6;215;215m[48;2;7;201;203m▀[0m[38;2;6;215;215m[48;2;7;201;203m▀[0m[38;2;5;218;218m[48;2;7;201;203m▀[0m[38;2;9;208;206m[48;2;7;201;204m▀[0m[38;2;12;176;179m[48;2;7;204;206m▀[0m[38;2;2;118;153m[48;2;7;208;208m▀[0m[38;2;1;114;152m[48;2;7;208;208m▀[0m[38;2;1;113;146m[48;2;6;211;211m▀[0m[38;2;2;105;136m[48;2;9;197;198m▀[0m[38;2;4;96;127m[48;2;15;171;170m▀[0m[38;2;5;97;126m[48;2;16;175;173m▀[0m[38;2;1;87;141m[48;2;5;102;131m▀[0m[38;2;0;83;148m[48;2;1;70;114m▀[0m[38;2;0;84;147m[48;2;1;76;117m▀[0m[38;2;0;84;147m[48;2;1;76;117m▀[0m[38;2;0;84;147m[48;2;1;76;117m▀[0m[38;2;0;83;147m[48;2;2;77;117m▀[0m[38;2;0;85;147m[48;2;1;73;116m▀[0m[38;2;0;86;147m[48;2;0;69;116m▀[0m[38;2;0;86;147m[48;2;0;69;116m▀[0m[38;2;0;86;147m[48;2;0;69;116m▀[0m[38;2;0;86;147m[48;2;0;69;116m▀[0m[38;2;0;86;146m[48;2;1;70;117m▀[0m[38;2;0;85;146m[48;2;2;72;119m▀[0m[38;2;0;85;146m[48;2;2;72;119m▀[0m[38;2;0;85;146m[48;2;2;72;119m▀[0m[38;2;0;86;147m[48;2;1;68;113m▀[0m[38;2;1;86;144m[48;2;4;83;137m▀[0m[38;2;6;83;135m[48;2;16;125;198m▀[0m[38;2;6;84;136m[48;2;16;125;197m▀[0m[38;2;1;76;128m[48;2;6;100;166m▀[0m[38;2;5;99;162m[48;2;1;91;156m▀[0m[38;2;11;117;188m[48;2;3;74;124m▀[0m[38;2;6;73;121m[48;2;16;11;6m▀[0m[38;2;14;17;20m[48;2;23;0;0m▀[0m[38;2;18;0;0m▀[0m       
                    [38;2;0;0;0m▀[0m[38;2;15;19;21m[48;2;25;0;0m▀[0m[38;2;17;20;21m[48;2;17;4;0m▀[0m[38;2;16;21;24m[48;2;17;4;0m▀[0m[38;2;1;86;145m[48;2;11;30;44m▀[0m[38;2;9;119;194m[48;2;17;38;52m▀[0m[38;2;17;127;198m[48;2;13;56;85m▀[0m[38;2;17;124;194m[48;2;4;90;149m▀[0m[38;2;16;123;193m[48;2;3;107;180m▀[0m[38;2;17;123;193m[48;2;3;109;182m▀[0m[38;2;16;122;192m[48;2;3;109;182m▀[0m[38;2;16;122;192m[48;2;3;107;180m▀[0m[38;2;16;125;192m[48;2;4;102;174m▀[0m[38;2;16;125;192m[48;2;4;101;171m▀[0m[38;2;17;126;194m[48;2;4;101;172m▀[0m[38;2;8;110;180m[48;2;2;96;167m▀[0m[38;2;2;113;165m[48;2;0;96;162m▀[0m[38;2;14;171;170m[48;2;3;111;164m▀[0m[38;2;14;171;170m[48;2;3;111;164m▀[0m[38;2;14;170;170m[48;2;3;111;164m▀[0m[38;2;14;170;170m[48;2;3;111;164m▀[0m[38;2;14;170;170m[48;2;3;111;164m▀[0m[38;2;14;170;170m[48;2;3;111;164m▀[0m[38;2;14;170;170m[48;2;3;111;164m▀[0m[38;2;14;170;170m[48;2;4;111;164m▀[0m[38;2;14;170;169m[48;2;3;112;164m▀[0m[38;2;14;168;168m[48;2;3;112;165m▀[0m[38;2;15;169;168m[48;2;3;112;165m▀[0m[38;2;14;165;166m[48;2;4;114;166m▀[0m[38;2;14;164;166m[48;2;4;115;167m▀[0m[38;2;14;164;166m[48;2;4;115;166m▀[0m[38;2;14;164;166m[48;2;4;115;166m▀[0m[38;2;14;164;166m[48;2;4;115;166m▀[0m[38;2;15;169;166m[48;2;4;116;166m▀[0m[38;2;8;136;164m[48;2;2;108;166m▀[0m[38;2;0;90;162m[48;2;0;95;165m▀[0m[38;2;0;95;162m[48;2;0;97;165m▀[0m[38;2;0;95;162m[48;2;0;98;168m▀[0m[38;2;0;93;160m[48;2;0;101;173m▀[0m[38;2;5;103;171m[48;2;0;105;179m▀[0m[38;2;17;121;190m[48;2;3;110;184m▀[0m[38;2;16;120;189m[48;2;3;109;183m▀[0m[38;2;17;122;191m[48;2;3;115;193m▀[0m[38;2;8;109;178m[48;2;8;72;117m▀[0m[38;2;0;96;166m[48;2;14;31;43m▀[0m[38;2;0;100;170m[48;2;13;35;51m▀[0m[38;2;0;104;177m[48;2;14;37;53m▀[0m[38;2;11;45;69m[48;2;14;24;32m▀[0m[38;2;18;15;14m[48;2;21;0;0m▀[0m[38;2;15;18;21m[48;2;16;5;0m▀[0m[38;2;23;0;0m▀[0m[38;2;0;0;0m▀[0m        
                        [38;2;17;5;0m▀[0m[38;2;18;0;0m▀[0m[38;2;10;20;29m▀[0m[38;2;0;62;104m[48;2;127;0;0m▀[0m[38;2;8;53;85m[48;2;17;7;0m▀[0m[38;2;8;54;87m[48;2;17;8;1m▀[0m[38;2;9;52;83m[48;2;18;4;0m▀[0m[38;2;6;61;100m[48;2;12;22;26m▀[0m[38;2;0;87;148m[48;2;0;68;114m▀[0m[38;2;0;98;170m[48;2;4;72;120m▀[0m[38;2;0;100;173m[48;2;5;74;123m▀[0m[38;2;0;101;173m[48;2;5;73;121m▀[0m[38;2;0;100;174m[48;2;5;73;121m▀[0m[38;2;0;97;173m[48;2;5;73;121m▀[0m[38;2;0;97;173m[48;2;5;73;121m▀[0m[38;2;0;97;173m[48;2;5;73;121m▀[0m[38;2;0;97;173m[48;2;5;73;121m▀[0m[38;2;0;97;173m[48;2;5;73;121m▀[0m[38;2;0;97;173m[48;2;5;73;121m▀[0m[38;2;0;97;173m[48;2;5;73;121m▀[0m[38;2;0;97;173m[48;2;5;73;121m▀[0m[38;2;0;97;173m[48;2;5;73;121m▀[0m[38;2;0;97;173m[48;2;5;73;121m▀[0m[38;2;0;97;173m[48;2;5;73;121m▀[0m[38;2;0;97;173m[48;2;5;73;121m▀[0m[38;2;0;97;173m[48;2;5;73;121m▀[0m[38;2;0;97;173m[48;2;5;73;121m▀[0m[38;2;0;97;173m[48;2;5;73;121m▀[0m[38;2;0;97;173m[48;2;5;73;121m▀[0m[38;2;0;97;173m[48;2;5;73;121m▀[0m[38;2;0;99;173m[48;2;5;73;121m▀[0m[38;2;0;101;174m[48;2;5;73;121m▀[0m[38;2;0;101;174m[48;2;5;73;121m▀[0m[38;2;0;90;154m[48;2;1;70;118m▀[0m[38;2;5;67;110m[48;2;9;29;42m▀[0m[38;2;10;53;83m[48;2;18;2;0m▀[0m[38;2;8;54;86m[48;2;17;8;1m▀[0m[38;2;8;54;86m[48;2;17;8;1m▀[0m[38;2;9;58;93m[48;2;18;8;1m▀[0m[38;2;11;36;54m[48;2;19;6;0m▀[0m[38;2;18;0;0m▀[0m[38;2;18;6;0m▀[0m[38;2;18;6;0m▀[0m[38;2;18;0;0m▀[0m            
                                [38;2;63;0;0m▀[0m[38;2;17;11;9m▀[0m[38;2;18;13;10m▀[0m[38;2;17;12;9m▀[0m[38;2;17;12;9m▀[0m[38;2;17;12;9m▀[0m[38;2;17;12;9m▀[0m[38;2;17;12;9m▀[0m[38;2;17;12;9m▀[0m[38;2;17;12;9m▀[0m[38;2;17;12;9m▀[0m[38;2;17;12;9m▀[0m[38;2;17;12;9m▀[0m[38;2;17;12;9m▀[0m[38;2;17;12;9m▀[0m[38;2;17;12;9m▀[0m[38;2;17;12;9m▀[0m[38;2;17;12;9m▀[0m[38;2;17;12;9m▀[0m[38;2;17;12;9m▀[0m[38;2;17;12;9m▀[0m[38;2;17;12;9m▀[0m[38;2;17;12;9m▀[0m[38;2;17;12;9m▀[0m[38;2;17;12;9m▀[0m[38;2;21;0;0m▀[0m                      
[0m