              [38;2;8;123;106m▄[0m[38;2;8;123;106m[48;2;8;172;148m▀[0m[38;2;8;123;106m[48;2;16;222;205m▀[0m[38;2;8;65;49m[48;2;8;65;49m▀[0m  [38;2;8;123;106m[48;2;8;172;148m▀[0m[38;2;8;123;106m[48;2;16;222;205m▀[0m[38;2;8;123;106m▄[0m     
             [38;2;8;123;106m[48;2;8;65;49m▀[0m[38;2;16;222;205m[48;2;16;222;205m▀[0m[38;2;16;222;205m[48;2;16;222;205m▀[0m[38;2;8;65;49m[48;2;8;172;148m▀[0m[38;2;8;65;49m▄[0m[38;2;8;123;106m▄[0m[38;2;8;123;106m[48;2;8;172;148m▀[0m[38;2;8;172;148m[48;2;16;222;205m▀[0m[38;2;16;222;205m[48;2;16;222;205m▀[0m[38;2;16;222;205m[48;2;8;172;148m▀[0m[38;2;8;123;106m[48;2;8;65;49m▀[0m    
             [38;2;8;8;8m▀[0m[38;2;8;172;148m[48;2;8;123;106m▀[0m[38;2;8;172;148m[48;2;8;172;148m▀[0m[38;2;8;172;148m[48;2;8;172;148m▀[0m[38;2;8;172;148m[48;2;8;172;148m▀[0m[38;2;16;222;205m[48;2;8;172;148m▀[0m[38;2;16;222;205m[48;2;8;172;148m▀[0m[38;2;8;172;148m[48;2;8;172;148m▀[0m[38;2;8;172;148m[48;2;8;172;148m▀[0m[38;2;8;172;148m[48;2;8;8;8m▀[0m[38;2;8;8;8m▀[0m    
               [38;2;8;65;49m[48;2;8;123;106m▀[0m[38;2;8;172;148m[48;2;8;172;148m▀[0m[38;2;8;172;148m[48;2;8;172;148m▀[0m[38;2;8;172;148m[48;2;8;172;148m▀[0m[38;2;8;172;148m[48;2;8;123;106m▀[0m[38;2;8;65;49m[48;2;8;65;49m▀[0m[38;2;8;65;49m▀[0m      
              [38;2;8;123;106m[48;2;8;123;106m▀[0m[38;2;8;172;148m[48;2;8;172;148m▀[0m[38;2;8;172;148m[48;2;8;172;148m▀[0m[38;2;8;172;148m[48;2;8;172;148m▀[0m[38;2;8;172;148m[48;2;8;172;148m▀[0m[38;2;8;65;49m[48;2;8;65;49m▀[0m        
           [38;2;8;123;106m▄[0m[38;2;8;172;148m▄[0m[38;2;8;123;106m[48;2;8;172;148m▀[0m[38;2;8;172;148m[48;2;8;172;148m▀[0m[38;2;8;172;148m[48;2;8;172;148m▀[0m[38;2;8;172;148m[48;2;8;172;148m▀[0m[38;2;8;172;148m[48;2;8;172;148m▀[0m[38;2;8;172;148m[48;2;8;172;148m▀[0m[38;2;8;123;106m[48;2;8;172;148m▀[0m[38;2;8;123;106m▄[0m       
         [38;2;8;123;106m▄[0m[38;2;8;123;106m[48;2;8;172;148m▀[0m[38;2;8;172;148m[48;2;8;172;148m▀[0m[38;2;8;172;148m[48;2;8;172;148m▀[0m[38;2;8;172;148m[48;2;8;123;106m▀[0m[38;2;8;172;148m[48;2;8;123;106m▀[0m[38;2;8;172;148m[48;2;8;123;106m▀[0m[38;2;8;172;148m[48;2;8;123;106m▀[0m[38;2;8;172;148m[48;2;8;172;148m▀[0m[38;2;8;172;148m[48;2;8;172;148m▀[0m[38;2;8;172;148m[48;2;8;172;148m▀[0m[38;2;8;123;106m[48;2;8;172;148m▀[0m[38;2;8;123;106m▄[0m      
       [38;2;8;65;49m▄[0m[38;2;8;123;106m[48;2;8;172;148m▀[0m[38;2;8;172;148m[48;2;49;49;49m▀[0m[38;2;8;65;49m[48;2;74;74;74m▀[0m[38;2;8;65;49m[48;2;65;148;172m▀[0m[38;2;8;65;49m[48;2;115;213;255m▀[0m[38;2;115;213;255m[48;2;115;213;255m▀[0m[38;2;115;213;255m[48;2;115;213;255m▀[0m[38;2;115;213;255m[48;2;115;213;255m▀[0m[38;2;115;213;255m[48;2;115;213;255m▀[0m[38;2;49;49;49m[48;2;115;213;255m▀[0m[38;2;49;49;49m[48;2;65;148;172m▀[0m[38;2;8;172;148m[48;2;49;49;49m▀[0m[38;2;8;172;148m[48;2;8;172;148m▀[0m[38;2;8;172;148m[48;2;8;172;148m▀[0m[38;2;8;123;106m[48;2;8;172;148m▀[0m     
      [38;2;8;65;49m[48;2;8;65;49m▀[0m[38;2;8;172;148m[48;2;8;172;148m▀[0m[38;2;49;49;49m[48;2;131;172;24m▀[0m[38;2;74;74;74m[48;2;74;74;74m▀[0m[38;2;74;74;74m[48;2;74;74;74m▀[0m[38;2;115;213;255m[48;2;65;148;172m▀[0m[38;2;115;213;255m[48;2;115;213;255m▀[0m[38;2;115;213;255m[48;2;115;213;255m▀[0m[38;2;115;213;255m[48;2;115;213;255m▀[0m[38;2;115;213;255m[48;2;115;213;255m▀[0m[38;2;115;213;255m[48;2;65;148;172m▀[0m[38;2;65;148;172m[48;2;74;74;74m▀[0m[38;2;74;74;74m[48;2;74;74;74m▀[0m[38;2;74;74;74m[48;2;74;74;74m▀[0m[38;2;49;49;49m[48;2;49;49;49m▀[0m[38;2;8;172;148m[48;2;8;172;148m▀[0m[38;2;8;172;148m[48;2;8;172;148m▀[0m[38;2;8;65;49m[48;2;8;65;49m▀[0m    
     [38;2;8;65;49m[48;2;8;65;49m▀[0m[38;2;8;172;148m[48;2;8;172;148m▀[0m[38;2;49;49;49m[48;2;131;172;24m▀[0m[38;2;180;255;16m[48;2;180;255;16m▀[0m[38;2;180;255;16m[48;2;197;82;0m▀[0m[38;2;74;74;74m[48;2;74;74;74m▀[0m[38;2;74;74;74m[48;2;74;74;74m▀[0m[38;2;65;148;172m[48;2;74;74;74m▀[0m[38;2;115;213;255m[48;2;74;74;74m▀[0m[38;2;65;148;172m[48;2;74;74;74m▀[0m[38;2;74;74;74m[48;2;74;74;74m▀[0m[38;2;74;74;74m[48;2;74;74;74m▀[0m[38;2;74;74;74m[48;2;74;74;74m▀[0m[38;2;74;74;74m[48;2;180;255;16m▀[0m[38;2;74;74;74m[48;2;180;255;16m▀[0m[38;2;74;74;74m[48;2;74;74;74m▀[0m[38;2;49;49;49m[48;2;49;49;49m▀[0m[38;2;8;172;148m[48;2;8;172;148m▀[0m[38;2;8;172;148m[48;2;8;172;148m▀[0m[38;2;8;65;49m[48;2;8;65;49m▀[0m   
    [38;2;8;65;49m[48;2;8;65;49m▀[0m[38;2;8;172;148m[48;2;8;172;148m▀[0m[38;2;49;49;49m[48;2;49;49;49m▀[0m[38;2;131;172;24m[48;2;49;49;49m▀[0m[38;2;180;255;16m[48;2;131;172;24m▀[0m[38;2;197;82;0m[48;2;180;255;16m▀[0m[38;2;131;172;24m[48;2;49;49;49m▀[0m[38;2;74;74;74m[48;2;74;74;74m▀[0m[38;2;74;74;74m[48;2;74;74;74m▀[0m[38;2;74;74;74m[48;2;74;74;74m▀[0m[38;2;74;74;74m[48;2;74;74;74m▀[0m[38;2;74;74;74m[48;2;131;172;24m▀[0m[38;2;131;172;24m[48;2;180;255;16m▀[0m[38;2;197;82;0m[48;2;197;82;0m▀[0m[38;2;180;255;16m[48;2;180;255;16m▀[0m[38;2;180;255;16m[48;2;131;172;24m▀[0m[38;2;74;74;74m[48;2;74;74;74m▀[0m[38;2;49;49;49m[48;2;49;49;49m▀[0m[38;2;8;172;148m[48;2;8;172;148m▀[0m[38;2;8;172;148m[48;2;8;172;148m▀[0m[38;2;8;172;148m[48;2;8;172;148m▀[0m[38;2;8;65;49m[48;2;8;65;49m▀[0m  
  [38;2;49;49;49m▄[0m[38;2;8;65;49m[48;2;8;8;8m▀[0m[38;2;8;172;148m[48;2;8;172;148m▀[0m[38;2;8;172;148m[48;2;8;172;148m▀[0m[38;2;49;49;49m[48;2;49;49;49m▀[0m[38;2;74;74;74m[48;2;74;74;74m▀[0m[38;2;49;49;49m[48;2;74;74;74m▀[0m[38;2;49;49;49m[48;2;74;74;74m▀[0m[38;2;74;74;74m[48;2;8;8;8m▀[0m[38;2;74;74;74m[48;2;8;8;8m▀[0m[38;2;74;74;74m[48;2;8;8;8m▀[0m[38;2;74;74;74m[48;2;8;8;8m▀[0m[38;2;74;74;74m[48;2;74;74;74m▀[0m[38;2;49;49;49m[48;2;74;74;74m▀[0m[38;2;131;172;24m[48;2;49;49;49m▀[0m[38;2;180;255;16m[48;2;49;49;49m▀[0m[38;2;131;172;24m[48;2;49;49;49m▀[0m[38;2;49;49;49m[48;2;74;74;74m▀[0m[38;2;74;74;74m[48;2;49;49;49m▀[0m[38;2;49;49;49m[48;2;8;172;148m▀[0m[38;2;8;172;148m[48;2;8;172;148m▀[0m[38;2;8;172;148m[48;2;8;172;148m▀[0m[38;2;8;172;148m[48;2;8;172;148m▀[0m[38;2;8;172;148m[48;2;8;172;148m▀[0m[38;2;8;65;49m[48;2;8;65;49m▀[0m 
[38;2;8;8;8m▄[0m[38;2;49;49;49m[48;2;74;74;74m▀[0m[38;2;74;74;74m[48;2;74;74;74m▀[0m[38;2;74;74;74m[48;2;74;74;74m▀[0m[38;2;8;65;49m[48;2;74;74;74m▀[0m[38;2;8;172;148m[48;2;8;172;148m▀[0m[38;2;8;172;148m[48;2;8;172;148m▀[0m[38;2;8;8;8m[48;2;49;49;49m▀[0m[38;2;255;255;255m[48;2;8;8;8m▀[0m[38;2;8;8;8m[48;2;74;74;74m▀[0m[38;2;74;74;74m[48;2;74;74;74m▀[0m[38;2;74;74;74m[48;2;74;74;74m▀[0m[38;2;74;74;74m[48;2;74;74;74m▀[0m[38;2;74;74;74m[48;2;74;74;74m▀[0m[38;2;8;8;8m[48;2;49;49;49m▀[0m[38;2;8;8;8m[48;2;255;255;255m▀[0m[38;2;74;74;74m[48;2;8;8;8m▀[0m[38;2;74;74;74m[48;2;74;74;74m▀[0m[38;2;74;74;74m[48;2;74;74;74m▀[0m[38;2;74;74;74m[48;2;49;49;49m▀[0m[38;2;49;49;49m[48;2;8;172;148m▀[0m[38;2;8;172;148m[48;2;8;172;148m▀[0m[38;2;8;172;148m[48;2;8;123;106m▀[0m[38;2;8;172;148m[48;2;49;49;49m▀[0m[38;2;8;172;148m[48;2;49;49;49m▀[0m[38;2;8;172;148m[48;2;8;172;148m▀[0m[38;2;8;65;49m[48;2;8;172;148m▀[0m[38;2;8;8;8m▄[0m
[38;2;8;8;8m▀[0m[38;2;74;74;74m[48;2;8;8;8m▀[0m[38;2;74;74;74m[48;2;8;8;8m▀[0m[38;2;74;74;74m[48;2;8;8;8m▀[0m[38;2;8;8;8m[48;2;8;65;49m▀[0m[38;2;8;172;148m[48;2;8;172;148m▀[0m[38;2;8;172;148m[48;2;8;172;148m▀[0m[38;2;8;172;148m[48;2;82;115;32m▀[0m[38;2;49;49;49m[48;2;180;255;16m▀[0m[38;2;74;74;74m[48;2;49;49;49m▀[0m[38;2;74;74;74m[48;2;49;49;49m▀[0m[38;2;74;74;74m[48;2;74;74;74m▀[0m[38;2;74;74;74m[48;2;74;74;74m▀[0m[38;2;74;74;74m[48;2;74;74;74m▀[0m[38;2;74;74;74m[48;2;74;74;74m▀[0m[38;2;49;49;49m[48;2;74;74;74m▀[0m[38;2;74;74;74m[48;2;74;74;74m▀[0m[38;2;74;74;74m[48;2;49;49;49m▀[0m[38;2;49;49;49m[48;2;180;255;16m▀[0m[38;2;8;172;148m[48;2;82;115;32m▀[0m[38;2;8;172;148m[48;2;8;172;148m▀[0m[38;2;8;172;148m[48;2;8;8;8m▀[0m[38;2;74;74;74m[48;2;74;74;74m▀[0m[38;2;74;74;74m[48;2;74;74;74m▀[0m[38;2;74;74;74m[48;2;74;74;74m▀[0m[38;2;49;49;49m[48;2;49;49;49m▀[0m[38;2;8;172;148m[48;2;8;172;148m▀[0m[38;2;8;8;8m[48;2;8;8;8m▀[0m
   [38;2;8;65;49m[48;2;8;65;49m▀[0m[38;2;8;172;148m[48;2;8;172;148m▀[0m[38;2;8;172;148m[48;2;8;172;148m▀[0m[38;2;8;172;148m[48;2;82;115;32m▀[0m[38;2;82;115;32m[48;2;180;255;16m▀[0m[38;2;180;255;16m[48;2;82;115;32m▀[0m[38;2;180;255;16m[48;2;180;255;16m▀[0m[38;2;180;255;16m[48;2;180;255;16m▀[0m[38;2;49;49;49m[48;2;180;255;16m▀[0m[38;2;49;49;49m[48;2;180;255;16m▀[0m[38;2;49;49;49m[48;2;180;255;16m▀[0m[38;2;49;49;49m[48;2;180;255;16m▀[0m[38;2;49;49;49m[48;2;180;255;16m▀[0m[38;2;180;255;16m[48;2;180;255;16m▀[0m[38;2;180;255;16m[48;2;180;255;16m▀[0m[38;2;180;255;16m[48;2;180;255;16m▀[0m[38;2;180;255;16m[48;2;82;115;32m▀[0m[38;2;8;172;148m[48;2;82;115;32m▀[0m[38;2;8;8;8m[48;2;8;172;148m▀[0m[38;2;74;74;74m[48;2;8;8;8m▀[0m[38;2;74;74;74m[48;2;49;49;49m▀[0m[38;2;74;74;74m[48;2;74;74;74m▀[0m[38;2;74;74;74m[48;2;74;74;74m▀[0m[38;2;49;49;49m[48;2;8;8;8m▀[0m[38;2;8;8;8m[48;2;8;8;8m▀[0m
    [38;2;8;65;49m[48;2;8;65;49m▀[0m[38;2;8;172;148m[48;2;8;172;148m▀[0m[38;2;82;115;32m[48;2;82;115;32m▀[0m[38;2;180;255;16m[48;2;180;255;16m▀[0m[38;2;180;255;16m[48;2;180;255;16m▀[0m[38;2;82;115;32m[48;2;180;255;16m▀[0m[38;2;82;115;32m[48;2;180;255;16m▀[0m[38;2;180;255;16m[48;2;82;115;32m▀[0m[38;2;180;255;16m[48;2;82;115;32m▀[0m[38;2;180;255;16m[48;2;82;115;32m▀[0m[38;2;180;255;16m[48;2;82;115;32m▀[0m[38;2;180;255;16m[48;2;82;115;32m▀[0m[38;2;180;255;16m[48;2;82;115;32m▀[0m[38;2;82;115;32m[48;2;180;255;16m▀[0m[38;2;82;115;32m[48;2;180;255;16m▀[0m[38;2;180;255;16m[48;2;180;255;16m▀[0m[38;2;180;255;16m[48;2;180;255;16m▀[0m[38;2;82;115;32m[48;2;82;115;32m▀[0m[38;2;8;172;148m[48;2;8;123;106m▀[0m[38;2;8;8;8m[48;2;8;123;106m▀[0m[38;2;8;8;8m[48;2;8;123;106m▀[0m[38;2;8;8;8m[48;2;8;123;106m▀[0m[38;2;8;123;106m[48;2;8;8;8m▀[0m[38;2;8;8;8m▀[0m
    [38;2;8;65;49m▀[0m[38;2;8;172;148m[48;2;8;65;49m▀[0m[38;2;82;115;32m[48;2;8;172;148m▀[0m[38;2;131;172;24m[48;2;82;115;32m▀[0m[38;2;180;255;16m[48;2;180;255;16m▀[0m[38;2;180;255;16m[48;2;180;255;16m▀[0m[38;2;180;255;16m[48;2;180;255;16m▀[0m[38;2;180;255;16m[48;2;180;255;16m▀[0m[38;2;180;255;16m[48;2;180;255;16m▀[0m[38;2;180;255;16m[48;2;180;255;16m▀[0m[38;2;180;255;16m[48;2;180;255;16m▀[0m[38;2;180;255;16m[48;2;180;255;16m▀[0m[38;2;180;255;16m[48;2;180;255;16m▀[0m[38;2;180;255;16m[48;2;180;255;16m▀[0m[38;2;180;255;16m[48;2;131;172;24m▀[0m[38;2;180;255;16m[48;2;131;172;24m▀[0m[38;2;131;172;24m[48;2;131;172;24m▀[0m[38;2;131;172;24m[48;2;82;115;32m▀[0m[38;2;82;115;32m[48;2;82;115;32m▀[0m[38;2;8;123;106m[48;2;8;123;106m▀[0m[38;2;8;123;106m[48;2;8;123;106m▀[0m[38;2;8;123;106m[48;2;8;123;106m▀[0m[38;2;8;8;8m[48;2;8;8;8m▀[0m 
     [38;2;8;65;49m▀[0m[38;2;8;123;106m[48;2;8;65;49m▀[0m[38;2;82;115;32m[48;2;8;8;8m▀[0m[38;2;82;115;32m[48;2;180;255;16m▀[0m[38;2;180;255;16m[48;2;82;115;32m▀[0m[38;2;180;255;16m[48;2;82;115;32m▀[0m[38;2;180;255;16m[48;2;180;255;16m▀[0m[38;2;180;255;16m[48;2;180;255;16m▀[0m[38;2;180;255;16m[48;2;131;172;24m▀[0m[38;2;180;255;16m[48;2;131;172;24m▀[0m[38;2;180;255;16m[48;2;131;172;24m▀[0m[38;2;131;172;24m[48;2;131;172;24m▀[0m[38;2;131;172;24m[48;2;131;172;24m▀[0m[38;2;131;172;24m[48;2;82;115;32m▀[0m[38;2;131;172;24m[48;2;82;115;32m▀[0m[38;2;82;115;32m[48;2;131;172;24m▀[0m[38;2;131;172;24m[48;2;82;115;32m▀[0m[38;2;82;115;32m[48;2;8;123;106m▀[0m[38;2;8;123;106m[48;2;8;123;106m▀[0m[38;2;8;123;106m[48;2;8;8;8m▀[0m[38;2;8;8;8m[48;2;8;8;8m▀[0m  
       [38;2;49;49;49m[48;2;8;8;8m▀[0m[38;2;8;8;8m[48;2;74;74;74m▀[0m[38;2;131;172;24m[48;2;8;8;8m▀[0m[38;2;131;172;24m[48;2;82;115;32m▀[0m[38;2;82;115;32m[48;2;131;172;24m▀[0m[38;2;82;115;32m[48;2;131;172;24m▀[0m[38;2;82;115;32m[48;2;131;172;24m▀[0m[38;2;82;115;32m[48;2;131;172;24m▀[0m[38;2;82;115;32m[48;2;131;172;24m▀[0m[38;2;82;115;32m[48;2;131;172;24m▀[0m[38;2;82;115;32m[48;2;131;172;24m▀[0m[38;2;131;172;24m[48;2;131;172;24m▀[0m[38;2;131;172;24m[48;2;131;172;24m▀[0m[38;2;131;172;24m[48;2;8;8;8m▀[0m[38;2;82;115;32m[48;2;74;74;74m▀[0m[38;2;8;65;49m[48;2;74;74;74m▀[0m[38;2;8;65;49m[48;2;8;8;8m▀[0m[38;2;8;8;8m▀[0m   
        [38;2;49;49;49m[48;2;8;8;8m▀[0m[38;2;74;74;74m[48;2;74;74;74m▀[0m[38;2;8;8;8m[48;2;74;74;74m▀[0m[38;2;8;8;8m[48;2;8;8;8m▀[0m[38;2;8;8;8m▀[0m[38;2;131;172;24m[48;2;8;8;8m▀[0m[38;2;131;172;24m[48;2;8;8;8m▀[0m[38;2;131;172;24m[48;2;8;8;8m▀[0m[38;2;131;172;24m[48;2;8;8;8m▀[0m[38;2;131;172;24m[48;2;8;8;8m▀[0m[38;2;8;8;8m[48;2;49;49;49m▀[0m[38;2;8;8;8m[48;2;74;74;74m▀[0m[38;2;74;74;74m[48;2;74;74;74m▀[0m[38;2;74;74;74m[48;2;74;74;74m▀[0m[38;2;74;74;74m[48;2;8;8;8m▀[0m[38;2;8;8;8m▀[0m    
         [38;2;8;8;8m▀[0m[38;2;8;8;8m▀[0m        [38;2;49;49;49m▀[0m[38;2;74;74;74m[48;2;8;8;8m▀[0m[38;2;74;74;74m[48;2;8;8;8m▀[0m[38;2;8;8;8m▀[0m     
[0m