                                   [38;2;106;56;21m▄[0m[38;2;0;0;0m[48;2;141;75;22m▀[0m[38;2;130;77;24m[48;2;161;95;23m▀[0m[38;2;131;78;24m[48;2;160;94;22m▀[0m[38;2;133;74;23m[48;2;160;94;20m▀[0m                                        
                                 [38;2;103;42;18m▄[0m[38;2;131;72;23m▄[0m[38;2;120;68;23m[48;2;169;116;32m▀[0m[38;2;146;83;23m[48;2;201;139;35m▀[0m[38;2;209;123;20m[48;2;239;146;23m▀[0m[38;2;217;128;16m[48;2;231;131;11m▀[0m[38;2;219;131;13m[48;2;249;141;5m▀[0m                                        
                               [38;2;120;65;20m▄[0m[38;2;136;80;23m▄[0m[38;2;120;63;21m[48;2;174;119;32m▀[0m[38;2;142;83;23m[48;2;207;150;38m▀[0m[38;2;214;161;42m[48;2;245;195;48m▀[0m[38;2;252;202;47m[48;2;255;214;50m▀[0m[38;2;252;166;27m[48;2;255;193;40m▀[0m[38;2;219;123;12m[48;2;227;155;30m▀[0m[38;2;225;122;9m[48;2;174;104;25m▀[0m[38;2;117;56;16m▄[0m[38;2;255;153;0m▄[0m                                      
                               [38;2;123;64;21m[48;2;122;63;20m▀[0m[38;2;137;80;23m[48;2;142;83;24m▀[0m[38;2;208;151;38m[48;2;214;156;39m▀[0m[38;2;255;208;50m[48;2;255;213;51m▀[0m[38;2;255;212;50m[48;2;255;213;50m▀[0m[38;2;255;206;49m[48;2;255;205;49m▀[0m[38;2;255;214;51m[48;2;255;211;51m▀[0m[38;2;241;189;46m[48;2;252;204;50m▀[0m[38;2;177;117;32m[48;2;228;180;44m▀[0m[38;2;129;72;22m[48;2;173;127;35m▀[0m[38;2;127;70;19m[48;2;59;47;27m▀[0m[38;2;0;0;0m[48;2;0;0;22m▀[0m[38;2;0;0;21m▄[0m                                    
                               [38;2;121;64;21m[48;2;123;64;22m▀[0m[38;2;137;79;23m[48;2;145;85;25m▀[0m[38;2;207;151;38m[48;2;217;159;40m▀[0m[38;2;255;208;50m[48;2;255;216;52m▀[0m[38;2;255;211;50m[48;2;255;215;51m▀[0m[38;2;255;205;49m[48;2;255;205;49m▀[0m[38;2;255;205;49m[48;2;255;204;49m▀[0m[38;2;255;209;49m[48;2;255;209;49m▀[0m[38;2;255;223;52m[48;2;255;223;52m▀[0m[38;2;206;168;45m[48;2;206;167;45m▀[0m[38;2;53;47;30m[48;2;53;46;30m▀[0m[38;2;0;0;22m[48;2;0;0;22m▀[0m[38;2;0;0;24m[48;2;0;0;24m▀[0m                                    
                               [38;2;123;64;22m[48;2;121;66;22m▀[0m[38;2;136;80;23m[48;2;139;78;23m▀[0m[38;2;199;143;36m[48;2;152;95;27m▀[0m[38;2;239;190;46m[48;2;169;113;30m▀[0m[38;2;249;204;49m[48;2;225;171;42m▀[0m[38;2;255;206;49m[48;2;255;210;50m▀[0m[38;2;255;206;49m[48;2;255;209;50m▀[0m[38;2;255;208;49m[48;2;255;208;49m▀[0m[38;2;255;219;51m[48;2;255;219;51m▀[0m[38;2;202;163;44m[48;2;202;163;44m▀[0m[38;2;52;45;29m[48;2;52;45;29m▀[0m[38;2;0;0;21m[48;2;0;0;21m▀[0m[38;2;0;0;25m[48;2;0;0;25m▀[0m                                    
                                 [38;2;107;48;17m[48;2;110;53;19m▀[0m[38;2;134;75;22m[48;2;137;78;23m▀[0m[38;2;212;155;39m[48;2;213;156;39m▀[0m[38;2;255;212;50m[48;2;255;211;50m▀[0m[38;2;255;210;50m[48;2;255;210;50m▀[0m[38;2;255;209;49m[48;2;255;210;49m▀[0m[38;2;255;223;52m[48;2;255;229;52m▀[0m[38;2;208;168;45m[48;2;214;173;46m▀[0m[38;2;53;46;30m[48;2;55;48;31m▀[0m[38;2;0;0;21m[48;2;0;0;21m▀[0m[38;2;0;0;24m[48;2;0;0;24m▀[0m                                    
                               [38;2;96;35;17m[48;2;113;56;18m▀[0m[38;2;122;64;18m[48;2;132;74;22m▀[0m[38;2;161;104;28m[48;2;201;144;37m▀[0m[38;2;181;127;33m[48;2;248;200;49m▀[0m[38;2;229;177;43m[48;2;253;208;49m▀[0m[38;2;255;209;50m[48;2;255;206;49m▀[0m[38;2;255;213;50m[48;2;255;218;51m▀[0m[38;2;243;198;48m[48;2;222;180;46m▀[0m[38;2;194;166;44m[48;2;82;69;32m▀[0m[38;2;145;117;37m[48;2;15;12;24m▀[0m[38;2;48;41;27m[48;2;15;15;25m▀[0m[38;2;0;0;21m[48;2;0;0;23m▀[0m[38;2;0;0;19m[48;2;0;0;0m▀[0m                                    
                             [38;2;116;58;21m[48;2;125;66;22m▀[0m[38;2;125;70;25m[48;2;133;75;22m▀[0m[38;2;164;108;31m[48;2;196;138;36m▀[0m[38;2;195;138;36m[48;2;252;202;49m▀[0m[38;2;237;185;45m[48;2;255;213;51m▀[0m[38;2;255;214;51m[48;2;255;205;49m▀[0m[38;2;255;212;50m[48;2;255;205;49m▀[0m[38;2;255;206;49m[48;2;255;206;49m▀[0m[38;2;255;220;51m[48;2;255;219;51m▀[0m[38;2;218;176;46m[48;2;220;178;46m▀[0m[38;2;58;48;30m[48;2;71;59;31m▀[0m[38;2;0;0;19m[48;2;0;0;21m▀[0m[38;2;0;0;11m[48;2;0;0;20m▀[0m                                      
                           [38;2;170;85;0m▄[0m[38;2;204;127;25m▄[0m[38;2;159;81;13m[48;2;223;127;14m▀[0m[38;2;175;97;16m[48;2;225;132;15m▀[0m[38;2;234;160;34m[48;2;253;174;32m▀[0m[38;2;255;211;50m[48;2;255;204;48m▀[0m[38;2;255;215;52m[48;2;255;210;51m▀[0m[38;2;255;205;49m[48;2;255;205;49m▀[0m[38;2;255;205;49m[48;2;255;205;49m▀[0m[38;2;255;206;49m[48;2;255;206;49m▀[0m[38;2;255;220;51m[48;2;255;219;51m▀[0m[38;2;218;177;46m[48;2;221;179;46m▀[0m[38;2;60;53;32m[48;2;79;63;31m▀[0m[38;2;0;0;22m[48;2;10;5;21m▀[0m[38;2;0;0;22m[48;2;10;5;21m▀[0m[38;2;0;0;31m▄[0m[38;2;0;0;0m▄[0m                                    
                           [38;2;221;127;13m[48;2;222;125;12m▀[0m[38;2;219;125;14m[48;2;219;125;14m▀[0m[38;2;245;159;25m[48;2;255;173;29m▀[0m[38;2;245;178;34m[48;2;255;206;49m▀[0m[38;2;255;197;44m[48;2;255;213;52m▀[0m[38;2;255;205;49m[48;2;255;205;49m▀[0m[38;2;255;207;50m[48;2;255;205;49m▀[0m[38;2;255;205;49m[48;2;255;205;49m▀[0m[38;2;255;205;49m[48;2;255;205;49m▀[0m[38;2;255;205;49m[48;2;255;205;49m▀[0m[38;2;255;213;51m[48;2;255;210;51m▀[0m[38;2;241;190;45m[48;2;255;198;44m▀[0m[38;2;182;121;26m[48;2;254;162;23m▀[0m[38;2;121;69;17m[48;2;184;106;16m▀[0m[38;2;43;30;23m[48;2;50;35;25m▀[0m[38;2;0;4;24m[48;2;0;4;24m▀[0m[38;2;0;19;19m[48;2;0;12;24m▀[0m                                    
                           [38;2;226;127;12m[48;2;209;109;4m▀[0m[38;2;225;128;13m[48;2;202;115;12m▀[0m[38;2;255;174;29m[48;2;236;152;25m▀[0m[38;2;255;209;50m[48;2;248;187;40m▀[0m[38;2;255;215;53m[48;2;255;203;47m▀[0m[38;2;255;205;49m[48;2;255;208;49m▀[0m[38;2;255;204;49m[48;2;255;208;50m▀[0m[38;2;255;205;49m[48;2;255;207;50m▀[0m[38;2;255;205;49m[48;2;255;208;50m▀[0m[38;2;255;205;49m[48;2;255;205;49m▀[0m[38;2;255;214;53m[48;2;251;200;46m▀[0m[38;2;255;202;46m[48;2;247;183;38m▀[0m[38;2;250;160;23m[48;2;242;152;21m▀[0m[38;2;179;103;16m[48;2;174;101;16m▀[0m[38;2;48;34;25m[48;2;47;33;24m▀[0m[38;2;0;4;25m[48;2;0;4;24m▀[0m[38;2;0;12;24m[48;2;0;12;25m▀[0m                                    
                      [38;2;115;115;121m▄[0m[38;2;122;122;132m▄[0m[38;2;122;122;129m▄[0m[38;2;115;115;125m▄[0m[38;2;115;115;125m▄[0m[38;2;151;65;0m[48;2;118;101;90m▀[0m[38;2;147;82;12m[48;2;121;88;59m▀[0m[38;2;190;111;18m[48;2;153;95;39m▀[0m[38;2;228;140;19m[48;2;187;102;10m▀[0m[38;2;250;179;34m[48;2;205;130;15m▀[0m[38;2;255;212;50m[48;2;216;162;33m▀[0m[38;2;255;216;53m[48;2;231;176;34m▀[0m[38;2;255;210;51m[48;2;245;180;31m▀[0m[38;2;255;214;53m[48;2;247;185;34m▀[0m[38;2;255;205;49m[48;2;245;178;32m▀[0m[38;2;237;165;31m[48;2;231;144;18m▀[0m[38;2;228;139;19m[48;2;227;127;10m▀[0m[38;2;237;140;16m[48;2;243;140;14m▀[0m[38;2;176;105;18m[48;2;182;110;18m▀[0m[38;2;47;34;24m[48;2;49;35;25m▀[0m[38;2;0;4;24m[48;2;0;4;25m▀[0m[38;2;0;12;25m[48;2;0;12;24m▀[0m                   [38;2;124;62;22m▄[0m[38;2;132;73;20m▄[0m[38;2;132;73;24m▄[0m[38;2;132;80;24m▄[0m[38;2;146;87;27m▄[0m[38;2;139;81;24m▄[0m[38;2;145;72;36m▄[0m          
 [38;2;138;85;21m▄[0m[38;2;140;82;23m▄[0m[38;2;149;85;25m▄[0m[38;2;128;69;23m▄[0m[38;2;119;62;20m▄[0m            [38;2;109;109;123m▄[0m[38;2;114;114;124m▄[0m[38;2;115;115;126m▄[0m[38;2;120;120;129m▄[0m[38;2;123;123;133m[48;2;164;164;170m▀[0m[38;2;130;130;139m[48;2;193;193;199m▀[0m[38;2;129;129;137m[48;2;192;192;197m▀[0m[38;2;124;124;132m[48;2;188;188;194m▀[0m[38;2;124;124;132m[48;2;188;188;194m▀[0m[38;2;124;123;133m[48;2;186;188;196m▀[0m[38;2;124;123;130m[48;2;180;186;197m▀[0m[38;2;131;106;87m[48;2;178;170;167m▀[0m[38;2;139;80;19m[48;2;178;148;120m▀[0m[38;2;138;75;5m[48;2;174;139;108m▀[0m[38;2;143;83;15m[48;2;175;140;112m▀[0m[38;2;184;109;11m[48;2;204;157;109m▀[0m[38;2;225;133;7m[48;2;233;174;105m▀[0m[38;2;229;136;9m[48;2;219;158;89m▀[0m[38;2;227;135;11m[48;2;195;137;69m▀[0m[38;2;228;133;12m[48;2;172;116;49m▀[0m[38;2;233;135;13m[48;2;154;98;30m▀[0m[38;2;247;144;14m[48;2;145;85;13m▀[0m[38;2;184;111;18m[48;2;110;64;6m▀[0m[38;2;49;36;25m[48;2;38;25;15m▀[0m[38;2;0;4;24m[48;2;0;0;20m▀[0m[38;2;0;12;24m[48;2;0;0;23m▀[0m                 [38;2;100;45;15m▄[0m[38;2;0;0;0m[48;2;138;79;23m▀[0m[38;2;131;73;22m[48;2;176;120;33m▀[0m[38;2;140;80;24m[48;2;201;140;35m▀[0m[38;2;137;80;25m[48;2;199;123;26m▀[0m[38;2;138;82;25m[48;2;188;109;23m▀[0m[38;2;147;86;26m[48;2;172;101;28m▀[0m[38;2;138;82;22m[48;2;134;79;23m▀[0m[38;2;144;77;22m[48;2;136;81;18m▀[0m          
 [38;2;137;83;25m[48;2;133;76;22m▀[0m[38;2;139;81;23m[48;2;136;78;23m▀[0m[38;2;154;90;26m[48;2;185;120;33m▀[0m[38;2;141;82;24m[48;2;208;149;38m▀[0m[38;2;136;77;22m[48;2;179;125;32m▀[0m[38;2;123;66;20m▄[0m[38;2;115;58;20m▄[0m[38;2;123;66;20m▄[0m[38;2;137;78;26m▄[0m[38;2;127;75;25m▄[0m[38;2;116;74;31m▄[0m  [38;2;178;178;178m▄[0m[38;2;118;118;127m▄[0m[38;2;119;119;129m▄[0m[38;2;111;111;119m▄[0m[38;2;127;127;137m[48;2;160;160;166m▀[0m[38;2;129;129;137m[48;2;199;199;204m▀[0m[38;2;128;128;137m[48;2;200;200;205m▀[0m[38;2;132;132;140m[48;2;202;202;207m▀[0m[38;2;205;205;208m[48;2;239;239;240m▀[0m[38;2;252;252;252m[48;2;255;255;255m▀[0m[38;2;252;252;252m[48;2;255;255;255m▀[0m[38;2;252;252;252m[48;2;255;255;255m▀[0m[38;2;252;252;252m[48;2;255;255;255m▀[0m[38;2;252;252;252m[48;2;255;255;255m▀[0m[38;2;252;252;252m[48;2;255;255;255m▀[0m[38;2;252;251;251m[48;2;255;255;255m▀[0m[38;2;252;250;249m[48;2;255;255;255m▀[0m[38;2;252;250;248m[48;2;255;255;255m▀[0m[38;2;252;250;249m[48;2;255;255;255m▀[0m[38;2;253;251;249m[48;2;255;255;255m▀[0m[38;2;252;250;246m[48;2;255;255;255m▀[0m[38;2;216;214;210m[48;2;235;241;248m▀[0m[38;2;169;166;164m[48;2;208;214;222m▀[0m[38;2;114;111;114m[48;2;177;182;193m▀[0m[38;2;66;64;69m[48;2;149;155;167m▀[0m[38;2;30;27;33m[48;2;127;133;146m▀[0m[38;2;10;7;12m[48;2;113;119;130m▀[0m[38;2;0;0;6m[48;2;87;89;99m▀[0m[38;2;0;0;0m[48;2;53;53;57m▀[0m                [38;2;102;44;14m▄[0m[38;2;126;68;20m▄[0m[38;2;121;62;20m[48;2;175;116;31m▀[0m[38;2;149;90;26m[48;2;212;157;40m▀[0m[38;2;221;169;43m[48;2;255;214;51m▀[0m[38;2;253;201;45m[48;2;255;212;49m▀[0m[38;2;241;157;24m[48;2;171;120;30m▀[0m[38;2;210;120;16m[48;2;114;65;18m▀[0m[38;2;165;96;25m[48;2;137;79;23m▀[0m[38;2;130;75;24m[48;2;128;76;24m▀[0m[38;2;127;78;19m[48;2;137;78;19m▀[0m          
 [38;2;125;68;20m[48;2;125;68;19m▀[0m[38;2;132;73;22m[48;2;131;73;22m▀[0m[38;2;196;138;36m[48;2;207;145;38m▀[0m[38;2;255;205;49m[48;2;255;220;51m▀[0m[38;2;214;162;41m[48;2;253;205;49m▀[0m[38;2;144;86;25m[48;2;216;160;40m▀[0m[38;2;137;79;24m[48;2;212;159;41m▀[0m[38;2;144;86;25m[48;2;215;158;40m▀[0m[38;2;153;91;26m[48;2;210;133;27m▀[0m[38;2;140;82;23m[48;2;183;103;17m▀[0m[38;2;140;83;23m[48;2;175;99;22m▀[0m[38;2;102;51;0m[48;2;115;65;15m▀[0m[38;2;0;0;0m[48;2;0;0;0m▀[0m[38;2;125;125;133m[48;2;59;61;74m▀[0m[38;2;133;133;140m[48;2;184;185;189m▀[0m[38;2;140;140;149m[48;2;214;214;218m▀[0m[38;2;132;132;140m[48;2;210;210;214m▀[0m[38;2;188;188;192m[48;2;233;233;235m▀[0m[38;2;255;255;255m[48;2;255;255;255m▀[0m[38;2;255;255;255m[48;2;255;255;255m▀[0m[38;2;255;255;255m[48;2;255;255;255m▀[0m[38;2;255;255;255m[48;2;255;255;255m▀[0m[38;2;255;255;255m[48;2;255;255;255m▀[0m[38;2;255;255;255m[48;2;255;255;255m▀[0m[38;2;255;255;255m[48;2;255;255;255m▀[0m[38;2;255;255;255m[48;2;255;255;255m▀[0m[38;2;255;255;255m[48;2;255;255;255m▀[0m[38;2;255;255;255m[48;2;255;255;255m▀[0m[38;2;255;255;255m[48;2;255;255;255m▀[0m[38;2;255;255;255m[48;2;255;255;255m▀[0m[38;2;255;255;255m[48;2;255;255;255m▀[0m[38;2;255;255;255m[48;2;255;255;255m▀[0m[38;2;255;255;255m[48;2;255;255;255m▀[0m[38;2;255;255;255m[48;2;255;255;255m▀[0m[38;2;255;255;255m[48;2;255;255;255m▀[0m[38;2;255;255;255m[48;2;255;255;255m▀[0m[38;2;255;255;255m[48;2;255;255;255m▀[0m[38;2;255;255;255m[48;2;255;255;255m▀[0m[38;2;255;255;255m[48;2;255;255;255m▀[0m[38;2;223;223;225m[48;2;250;250;252m▀[0m[38;2;116;116;124m[48;2;193;193;201m▀[0m[38;2;66;66;74m[48;2;117;117;127m▀[0m[38;2;61;61;71m[48;2;9;9;19m▀[0m[38;2;0;0;0m[48;2;0;0;0m▀[0m          [38;2;255;0;0m[48;2;127;71;23m▀[0m[38;2;102;51;0m[48;2;130;76;26m▀[0m[38;2;153;102;0m[48;2;132;72;23m▀[0m[38;2;153;102;0m[48;2;122;63;20m▀[0m[38;2;126;70;22m[48;2;169;115;30m▀[0m[38;2;146;88;25m[48;2;216;161;40m▀[0m[38;2;216;160;41m[48;2;245;204;49m▀[0m[38;2;255;212;50m[48;2;252;206;50m▀[0m[38;2;252;222;52m[48;2;163;141;42m▀[0m[38;2;221;178;45m[48;2;96;79;32m▀[0m[38;2;74;62;32m[48;2;41;37;28m▀[0m[38;2;0;0;22m[48;2;0;0;22m▀[0m[38;2;0;0;25m[48;2;0;0;36m▀[0m            
 [38;2;127;70;21m[48;2;120;67;26m▀[0m[38;2;132;74;22m[48;2;133;76;22m▀[0m[38;2;184;126;34m[48;2;99;68;27m▀[0m[38;2;230;184;46m[48;2;81;67;31m▀[0m[38;2;247;207;51m[48;2;174;144;44m▀[0m[38;2;255;212;50m[48;2;255;223;52m▀[0m[38;2;255;217;52m[48;2;255;226;52m▀[0m[38;2;255;208;49m[48;2;255;209;50m▀[0m[38;2;246;171;30m[48;2;255;215;47m▀[0m[38;2;220;131;17m[48;2;242;179;35m▀[0m[38;2;167;97;20m[48;2;93;58;4m▀[0m[38;2;106;63;23m[48;2;49;36;36m▀[0m[38;2;37;27;24m[48;2;145;143;145m▀[0m[38;2;84;88;98m[48;2;200;201;205m▀[0m[38;2;232;233;234m[48;2;250;250;251m▀[0m[38;2;255;255;255m[48;2;255;255;255m▀[0m[38;2;255;255;255m[48;2;255;255;255m▀[0m[38;2;255;255;255m[48;2;255;255;255m▀[0m[38;2;255;255;255m[48;2;255;255;255m▀[0m[38;2;255;255;255m[48;2;255;255;255m▀[0m[38;2;255;255;255m[48;2;255;255;255m▀[0m[38;2;255;255;255m[48;2;255;255;255m▀[0m[38;2;255;255;255m[48;2;255;255;255m▀[0m[38;2;255;255;255m[48;2;255;255;255m▀[0m[38;2;255;255;255m[48;2;255;255;255m▀[0m[38;2;255;255;255m[48;2;255;255;255m▀[0m[38;2;255;255;255m[48;2;255;255;255m▀[0m[38;2;255;255;255m[48;2;255;255;255m▀[0m[38;2;255;255;255m[48;2;255;255;255m▀[0m[38;2;255;255;255m[48;2;255;255;255m▀[0m[38;2;255;255;255m[48;2;255;255;255m▀[0m[38;2;255;255;255m[48;2;255;255;255m▀[0m[38;2;255;255;255m[48;2;255;255;255m▀[0m[38;2;255;255;255m[48;2;255;255;255m▀[0m[38;2;255;255;255m[48;2;255;255;255m▀[0m[38;2;255;255;255m[48;2;255;255;255m▀[0m[38;2;255;255;255m[48;2;255;255;255m▀[0m[38;2;255;255;255m[48;2;255;255;255m▀[0m[38;2;255;255;255m[48;2;255;255;255m▀[0m[38;2;255;255;255m[48;2;255;255;255m▀[0m[38;2;247;247;254m[48;2;255;255;255m▀[0m[38;2;170;170;179m[48;2;230;230;233m▀[0m[38;2;52;52;60m[48;2;189;189;192m▀[0m[38;2;18;18;19m[48;2;116;116;119m▀[0m[38;2;0;0;9m[48;2;0;0;5m▀[0m[38;2;0;0;0m[48;2;0;0;0m▀[0m [38;2;153;76;25m[48;2;142;77;23m▀[0m[38;2;140;76;25m[48;2;133;71;22m▀[0m[38;2;140;76;25m[48;2;133;71;22m▀[0m[38;2;127;76;25m[48;2;127;68;21m▀[0m[38;2;127;76;25m[48;2;127;68;21m▀[0m[38;2;127;76;25m[48;2;124;67;21m▀[0m[38;2;127;76;25m[48;2;121;65;22m▀[0m[38;2;142;82;21m[48;2;150;82;17m▀[0m[38;2;145;85;22m[48;2;189;105;15m▀[0m[38;2;157;92;25m[48;2;216;139;26m▀[0m[38;2;152;93;26m[48;2;224;169;41m▀[0m[38;2;205;152;38m[48;2;242;193;47m▀[0m[38;2;255;212;50m[48;2;255;210;50m▀[0m[38;2;255;228;53m[48;2;255;226;53m▀[0m[38;2;241;194;48m[48;2;243;199;50m▀[0m[38;2;91;75;33m[48;2;93;78;34m▀[0m[38;2;0;0;21m[48;2;0;0;21m▀[0m[38;2;0;0;18m[48;2;0;0;17m▀[0m              
   [38;2;0;0;15m[48;2;0;0;17m▀[0m[38;2;0;0;21m[48;2;0;0;20m▀[0m[38;2;104;84;34m[48;2;37;30;25m▀[0m[38;2;217;175;45m[48;2;65;55;31m▀[0m[38;2;243;205;49m[48;2;193;158;46m▀[0m[38;2;255;208;49m[48;2;255;215;49m▀[0m[38;2;231;200;46m[48;2;130;105;18m▀[0m[38;2;196;161;44m[48;2;57;52;36m▀[0m[38;2;75;68;40m[48;2;150;150;150m▀[0m[38;2;70;76;95m[48;2;209;211;216m▀[0m[38;2;223;224;229m[48;2;249;249;250m▀[0m[38;2;255;255;255m[48;2;255;255;255m▀[0m[38;2;255;255;255m[48;2;255;255;255m▀[0m[38;2;255;255;255m[48;2;255;255;255m▀[0m[38;2;255;255;255m[48;2;255;255;255m▀[0m[38;2;255;255;255m[48;2;255;255;255m▀[0m[38;2;255;255;255m[48;2;255;255;255m▀[0m[38;2;255;255;255m[48;2;255;255;255m▀[0m[38;2;255;255;255m[48;2;255;255;255m▀[0m[38;2;255;255;255m[48;2;255;255;255m▀[0m[38;2;255;255;255m[48;2;255;255;255m▀[0m[38;2;255;255;255m[48;2;255;255;255m▀[0m[38;2;255;255;255m[48;2;255;255;255m▀[0m[38;2;255;255;255m[48;2;255;255;255m▀[0m[38;2;255;255;255m[48;2;255;255;255m▀[0m[38;2;255;255;255m[48;2;255;255;255m▀[0m[38;2;255;255;255m[48;2;255;255;255m▀[0m[38;2;255;255;255m[48;2;255;255;255m▀[0m[38;2;255;255;255m[48;2;255;255;255m▀[0m[38;2;255;255;255m[48;2;255;255;255m▀[0m[38;2;255;255;255m[48;2;255;255;255m▀[0m[38;2;255;255;255m[48;2;255;255;255m▀[0m[38;2;255;255;255m[48;2;255;255;255m▀[0m[38;2;255;255;255m[48;2;255;255;255m▀[0m[38;2;255;255;255m[48;2;255;255;255m▀[0m[38;2;255;255;255m[48;2;255;255;255m▀[0m[38;2;255;255;255m[48;2;255;255;255m▀[0m[38;2;255;255;255m[48;2;255;255;255m▀[0m[38;2;255;255;255m[48;2;255;255;255m▀[0m[38;2;255;255;255m[48;2;255;255;255m▀[0m[38;2;255;255;255m[48;2;255;255;255m▀[0m[38;2;187;188;193m[48;2;248;253;255m▀[0m[38;2;62;63;71m[48;2;216;220;226m▀[0m[38;2;53;46;42m[48;2;168;144;131m▀[0m[38;2;136;74;18m[48;2;129;70;18m▀[0m[38;2;162;100;23m[48;2;189;131;23m▀[0m[38;2;172;110;31m[48;2;236;187;46m▀[0m[38;2;172;110;31m[48;2;236;187;46m▀[0m[38;2;166;107;29m[48;2;234;182;44m▀[0m[38;2;166;107;29m[48;2;234;182;44m▀[0m[38;2;164;106;29m[48;2;234;181;44m▀[0m[38;2;162;104;30m[48;2;233;181;45m▀[0m[38;2;184;116;25m[48;2;239;184;43m▀[0m[38;2;225;139;20m[48;2;248;189;42m▀[0m[38;2;250;175;32m[48;2;254;198;45m▀[0m[38;2;255;211;50m[48;2;255;208;49m▀[0m[38;2;255;214;52m[48;2;255;210;51m▀[0m[38;2;255;205;49m[48;2;255;204;49m▀[0m[38;2;255;211;48m[48;2;255;186;34m▀[0m[38;2;239;184;43m[48;2;230;144;21m▀[0m[38;2;97;77;32m[48;2;94;63;26m▀[0m[38;2;0;4;23m[48;2;2;7;24m▀[0m[38;2;0;0;19m[48;2;0;3;22m▀[0m              
     [38;2;0;0;10m[48;2;0;0;0m▀[0m[38;2;0;0;16m[48;2;0;0;0m▀[0m[38;2;125;98;28m[48;2;12;5;0m▀[0m[38;2;189;151;37m[48;2;37;31;20m▀[0m[38;2;87;72;36m[48;2;103;101;97m▀[0m[38;2;52;58;81m[48;2;170;171;174m▀[0m[38;2;203;206;215m[48;2;235;235;235m▀[0m[38;2;255;255;255m[48;2;255;255;255m▀[0m[38;2;255;255;255m[48;2;255;255;255m▀[0m[38;2;255;255;255m[48;2;255;255;255m▀[0m[38;2;255;255;255m[48;2;255;255;255m▀[0m[38;2;255;255;255m[48;2;255;255;255m▀[0m[38;2;255;255;255m[48;2;255;255;255m▀[0m[38;2;255;255;255m[48;2;255;255;255m▀[0m[38;2;255;255;255m[48;2;255;255;255m▀[0m[38;2;255;255;255m[48;2;255;255;255m▀[0m[38;2;255;255;255m[48;2;255;255;255m▀[0m[38;2;255;255;255m[48;2;255;255;255m▀[0m[38;2;255;255;255m[48;2;255;255;255m▀[0m[38;2;255;255;255m[48;2;255;255;255m▀[0m[38;2;255;255;255m[48;2;255;255;255m▀[0m[38;2;255;255;255m[48;2;255;255;255m▀[0m[38;2;255;255;255m[48;2;255;255;255m▀[0m[38;2;255;255;255m[48;2;255;255;255m▀[0m[38;2;255;255;255m[48;2;255;255;255m▀[0m[38;2;255;255;255m[48;2;255;255;255m▀[0m[38;2;255;255;255m[48;2;255;255;255m▀[0m[38;2;255;255;255m[48;2;255;255;255m▀[0m[38;2;255;255;255m[48;2;255;255;255m▀[0m[38;2;255;255;255m[48;2;255;255;255m▀[0m[38;2;255;255;255m[48;2;255;255;255m▀[0m[38;2;255;255;255m[48;2;255;255;255m▀[0m[38;2;255;255;255m[48;2;255;255;255m▀[0m[38;2;255;255;255m[48;2;255;255;255m▀[0m[38;2;255;255;255m[48;2;255;255;255m▀[0m[38;2;255;255;255m[48;2;255;255;255m▀[0m[38;2;255;255;255m[48;2;255;255;255m▀[0m[38;2;247;243;239m[48;2;225;210;196m▀[0m[38;2;226;213;202m[48;2;155;109;67m▀[0m[38;2;226;210;199m[48;2;134;79;36m▀[0m[38;2;240;225;214m[48;2;147;96;52m▀[0m[38;2;204;167;124m[48;2;194;144;50m▀[0m[38;2;178;119;29m[48;2;242;193;46m▀[0m[38;2;223;169;33m[48;2;250;205;47m▀[0m[38;2;255;218;52m[48;2;255;207;49m▀[0m[38;2;255;218;52m[48;2;255;207;49m▀[0m[38;2;255;214;51m[48;2;255;206;49m▀[0m[38;2;255;214;51m[48;2;255;206;49m▀[0m[38;2;255;214;51m[48;2;255;206;49m▀[0m[38;2;255;214;51m[48;2;255;206;49m▀[0m[38;2;255;213;51m[48;2;255;206;49m▀[0m[38;2;255;211;51m[48;2;255;206;49m▀[0m[38;2;255;209;51m[48;2;255;208;50m▀[0m[38;2;255;209;50m[48;2;255;212;50m▀[0m[38;2;255;216;52m[48;2;255;225;53m▀[0m[38;2;255;209;50m[48;2;255;214;50m▀[0m[38;2;221;152;31m[48;2;143;112;37m▀[0m[38;2;157;88;15m[48;2;31;21;22m▀[0m[38;2;74;44;21m[48;2;22;13;20m▀[0m[38;2;3;9;25m[48;2;0;9;28m▀[0m[38;2;0;5;26m[48;2;0;0;31m▀[0m              
     [38;2;148;148;148m[48;2;113;113;122m▀[0m[38;2;162;162;170m[48;2;130;130;139m▀[0m[38;2;89;92;107m[48;2;199;199;204m▀[0m[38;2;86;90;107m[48;2;242;242;243m▀[0m[38;2;164;166;172m[48;2;248;248;248m▀[0m[38;2;227;227;226m[48;2;249;249;250m▀[0m[38;2;241;240;241m[48;2;230;230;235m▀[0m[38;2;245;245;247m[48;2;227;227;234m▀[0m[38;2;253;253;253m[48;2;248;248;250m▀[0m[38;2;255;255;255m[48;2;255;255;255m▀[0m[38;2;255;255;255m[48;2;255;255;255m▀[0m[38;2;255;255;255m[48;2;255;255;255m▀[0m[38;2;255;255;255m[48;2;255;255;255m▀[0m[38;2;255;255;255m[48;2;255;255;255m▀[0m[38;2;255;255;255m[48;2;255;255;255m▀[0m[38;2;255;255;255m[48;2;255;255;255m▀[0m[38;2;255;255;255m[48;2;255;255;255m▀[0m[38;2;255;255;255m[48;2;255;255;255m▀[0m[38;2;255;255;255m[48;2;255;255;255m▀[0m[38;2;255;255;255m[48;2;255;255;255m▀[0m[38;2;255;255;255m[48;2;255;255;255m▀[0m[38;2;255;255;255m[48;2;255;255;255m▀[0m[38;2;255;255;255m[48;2;255;255;255m▀[0m[38;2;255;255;255m[48;2;255;255;255m▀[0m[38;2;255;255;255m[48;2;255;255;255m▀[0m[38;2;255;255;255m[48;2;255;255;255m▀[0m[38;2;255;255;255m[48;2;255;255;255m▀[0m[38;2;255;255;255m[48;2;255;255;255m▀[0m[38;2;255;255;255m[48;2;255;255;255m▀[0m[38;2;255;255;255m[48;2;255;255;255m▀[0m[38;2;255;255;255m[48;2;255;255;255m▀[0m[38;2;255;255;255m[48;2;255;255;255m▀[0m[38;2;255;255;255m[48;2;255;255;255m▀[0m[38;2;255;255;255m[48;2;255;255;255m▀[0m[38;2;255;255;255m[48;2;255;255;255m▀[0m[38;2;248;248;250m[48;2;236;238;242m▀[0m[38;2;228;229;233m[48;2;187;190;200m▀[0m[38;2;207;188;156m[48;2;197;180;132m▀[0m[38;2;175;119;24m[48;2;243;195;50m▀[0m[38;2;160;96;0m[48;2;248;197;30m▀[0m[38;2;169;107;6m[48;2;248;196;40m▀[0m[38;2;217;164;29m[48;2;253;202;45m▀[0m[38;2;255;219;53m[48;2;255;208;50m▀[0m[38;2;255;216;53m[48;2;255;207;50m▀[0m[38;2;255;205;49m[48;2;255;205;49m▀[0m[38;2;255;205;49m[48;2;255;205;49m▀[0m[38;2;255;205;49m[48;2;255;205;49m▀[0m[38;2;255;205;49m[48;2;255;205;49m▀[0m[38;2;255;206;49m[48;2;255;205;49m▀[0m[38;2;255;207;50m[48;2;255;207;50m▀[0m[38;2;255;212;51m[48;2;255;214;51m▀[0m[38;2;255;215;50m[48;2;255;217;51m▀[0m[38;2;251;197;47m[48;2;227;169;40m▀[0m[38;2;224;169;42m[48;2;157;97;27m▀[0m[38;2;196;159;43m[48;2;86;55;26m▀[0m[38;2;172;139;41m[48;2;28;25;26m▀[0m[38;2;83;72;34m[48;2;12;16;25m▀[0m[38;2;0;0;24m[48;2;0;0;21m▀[0m[38;2;0;0;17m[48;2;0;0;0m▀[0m                
     [38;2;102;102;111m[48;2;114;114;123m▀[0m[38;2;132;132;141m[48;2;130;130;138m▀[0m[38;2;218;218;224m[48;2;205;205;210m▀[0m[38;2;255;255;255m[48;2;255;255;255m▀[0m[38;2;255;255;255m[48;2;255;255;255m▀[0m[38;2;254;254;255m[48;2;251;251;252m▀[0m[38;2;227;227;234m[48;2;229;229;235m▀[0m[38;2;221;221;230m[48;2;225;225;233m▀[0m[38;2;247;247;249m[48;2;248;248;250m▀[0m[38;2;255;255;255m[48;2;255;255;255m▀[0m[38;2;255;255;255m[48;2;255;255;255m▀[0m[38;2;252;252;253m[48;2;242;242;245m▀[0m[38;2;239;239;243m[48;2;223;223;231m▀[0m[38;2;244;244;247m[48;2;234;234;239m▀[0m[38;2;255;255;255m[48;2;255;255;255m▀[0m[38;2;255;255;255m[48;2;255;255;255m▀[0m[38;2;255;255;255m[48;2;255;255;255m▀[0m[38;2;255;255;255m[48;2;255;255;255m▀[0m[38;2;255;255;255m[48;2;255;255;255m▀[0m[38;2;255;255;255m[48;2;255;255;255m▀[0m[38;2;255;255;255m[48;2;255;255;255m▀[0m[38;2;255;255;255m[48;2;255;255;255m▀[0m[38;2;255;255;255m[48;2;255;255;255m▀[0m[38;2;255;255;255m[48;2;255;255;255m▀[0m[38;2;255;255;255m[48;2;255;255;255m▀[0m[38;2;255;255;255m[48;2;255;255;255m▀[0m[38;2;255;255;255m[48;2;255;255;255m▀[0m[38;2;255;255;255m[48;2;255;255;255m▀[0m[38;2;255;255;255m[48;2;255;255;255m▀[0m[38;2;255;255;255m[48;2;255;255;255m▀[0m[38;2;255;255;255m[48;2;255;255;255m▀[0m[38;2;255;255;255m[48;2;255;255;255m▀[0m[38;2;255;255;255m[48;2;255;255;255m▀[0m[38;2;255;255;255m[48;2;255;255;255m▀[0m[38;2;255;255;255m[48;2;255;255;255m▀[0m[38;2;243;244;247m[48;2;255;255;255m▀[0m[38;2;212;214;220m[48;2;255;255;255m▀[0m[38;2;222;213;185m[48;2;255;255;255m▀[0m[38;2;255;233;148m[48;2;255;255;255m▀[0m[38;2;255;241;144m[48;2;255;255;255m▀[0m[38;2;255;243;156m[48;2;255;255;255m▀[0m[38;2;252;206;96m[48;2;237;189;135m▀[0m[38;2;240;171;33m[48;2;222;130;13m▀[0m[38;2;248;188;37m[48;2;240;168;23m▀[0m[38;2;255;206;49m[48;2;255;208;50m▀[0m[38;2;255;206;49m[48;2;255;208;50m▀[0m[38;2;255;206;49m[48;2;255;206;49m▀[0m[38;2;255;211;51m[48;2;255;210;51m▀[0m[38;2;255;203;48m[48;2;253;192;42m▀[0m[38;2;249;181;37m[48;2;241;150;21m▀[0m[38;2;212;157;35m[48;2;160;92;17m▀[0m[38;2;157;129;38m[48;2;35;26;24m▀[0m[38;2;141;105;33m[48;2;0;3;24m▀[0m[38;2;128;72;22m[48;2;0;0;31m▀[0m[38;2;52;23;19m▀[0m[38;2;0;0;22m▀[0m[38;2;0;0;20m▀[0m                  
   [38;2;117;117;122m[48;2;115;115;123m▀[0m[38;2;125;125;135m[48;2;125;125;134m▀[0m[38;2;176;176;181m[48;2;204;204;209m▀[0m[38;2;199;199;203m[48;2;255;255;255m▀[0m[38;2;212;212;213m[48;2;217;217;216m▀[0m[38;2;214;214;214m[48;2;178;178;178m▀[0m[38;2;238;238;238m[48;2;223;223;223m▀[0m[38;2;253;253;254m[48;2;255;255;255m▀[0m[38;2;243;243;246m[48;2;255;255;255m▀[0m[38;2;243;243;246m[48;2;255;255;255m▀[0m[38;2;255;255;255m[48;2;252;252;252m▀[0m[38;2;246;246;246m[48;2;231;231;231m▀[0m[38;2;212;212;212m[48;2;186;186;186m▀[0m[38;2;214;214;216m[48;2;201;201;201m▀[0m[38;2;236;236;240m[48;2;251;251;251m▀[0m[38;2;244;244;247m[48;2;255;255;255m▀[0m[38;2;255;255;255m[48;2;255;255;255m▀[0m[38;2;255;255;255m[48;2;253;253;253m▀[0m[38;2;255;255;255m[48;2;250;250;250m▀[0m[38;2;243;243;247m[48;2;231;231;237m▀[0m[38;2;235;235;240m[48;2;224;224;231m▀[0m[38;2;248;248;250m[48;2;244;244;247m▀[0m[38;2;255;255;255m[48;2;255;255;255m▀[0m[38;2;255;255;255m[48;2;255;255;255m▀[0m[38;2;255;255;255m[48;2;255;255;255m▀[0m[38;2;255;255;255m[48;2;255;255;255m▀[0m[38;2;255;255;255m[48;2;255;255;255m▀[0m[38;2;255;255;255m[48;2;255;255;255m▀[0m[38;2;255;255;255m[48;2;254;254;254m▀[0m[38;2;255;255;255m[48;2;252;252;251m▀[0m[38;2;255;255;255m[48;2;250;250;250m▀[0m[38;2;255;255;255m[48;2;249;249;249m▀[0m[38;2;255;255;255m[48;2;250;250;250m▀[0m[38;2;255;255;255m[48;2;251;251;251m▀[0m[38;2;255;255;255m[48;2;254;254;254m▀[0m[38;2;255;255;255m[48;2;255;255;255m▀[0m[38;2;255;255;255m[48;2;255;255;255m▀[0m[38;2;255;255;255m[48;2;255;255;255m▀[0m[38;2;255;255;255m[48;2;255;255;255m▀[0m[38;2;255;255;255m[48;2;254;254;254m▀[0m[38;2;255;255;255m[48;2;251;251;251m▀[0m[38;2;250;231;212m[48;2;239;204;159m▀[0m[38;2;235;183;122m[48;2;223;136;26m▀[0m[38;2;223;140;48m[48;2;219;124;9m▀[0m[38;2;219;119;0m[48;2;225;138;30m▀[0m[38;2;239;164;13m[48;2;242;179;47m▀[0m[38;2;255;206;38m[48;2;255;211;61m▀[0m[38;2;255;213;49m[48;2;254;211;55m▀[0m[38;2;255;205;50m[48;2;248;190;42m▀[0m[38;2;246;181;38m[48;2;225;143;21m▀[0m[38;2;243;159;23m[48;2;219;125;14m▀[0m[38;2;241;138;7m[48;2;231;137;22m▀[0m[38;2;153;82;3m[48;2;164;104;29m▀[0m[38;2;10;3;9m[48;2;45;37;35m▀[0m[38;2;0;0;1m[48;2;15;18;37m▀[0m[38;2;85;85;97m▄[0m[38;2;137;137;137m▄[0m[38;2;117;117;137m▄[0m[38;2;102;102;153m▄[0m                  
 [38;2;127;127;127m▄[0m[38;2;122;122;132m▄[0m[38;2;99;99;108m[48;2;136;136;143m▀[0m[38;2;117;117;126m[48;2;142;142;149m▀[0m[38;2;203;203;209m[48;2;202;202;206m▀[0m[38;2;255;255;255m[48;2;245;245;245m▀[0m[38;2;218;218;216m[48;2;217;217;216m▀[0m[38;2;172;172;172m[48;2;190;190;190m▀[0m[38;2;220;220;220m[48;2;228;228;228m▀[0m[38;2;255;255;255m[48;2;255;255;255m▀[0m[38;2;255;255;255m[48;2;252;252;252m▀[0m[38;2;248;248;247m[48;2;238;238;239m▀[0m[38;2;208;208;208m[48;2;193;193;193m▀[0m[38;2;202;202;202m[48;2;198;198;198m▀[0m[38;2;221;221;221m[48;2;250;250;250m▀[0m[38;2;234;234;234m[48;2;255;255;255m▀[0m[38;2;254;254;254m[48;2;255;255;255m▀[0m[38;2;255;255;255m[48;2;250;250;250m▀[0m[38;2;255;255;255m[48;2;245;245;245m▀[0m[38;2;226;226;226m[48;2;208;208;208m▀[0m[38;2;201;201;201m[48;2;186;186;186m▀[0m[38;2;223;223;225m[48;2;226;226;226m▀[0m[38;2;243;243;246m[48;2;255;255;255m▀[0m[38;2;251;251;252m[48;2;255;255;255m▀[0m[38;2;255;255;255m[48;2;255;255;255m▀[0m[38;2;255;255;255m[48;2;255;255;255m▀[0m[38;2;255;255;255m[48;2;254;251;253m▀[0m[38;2;255;255;255m[48;2;244;242;244m▀[0m[38;2;255;255;255m[48;2;238;236;238m▀[0m[38;2;255;255;255m[48;2;234;234;235m▀[0m[38;2;247;247;246m[48;2;207;207;207m▀[0m[38;2;214;214;214m[48;2;166;166;167m▀[0m[38;2;190;190;193m[48;2;131;131;137m▀[0m[38;2;177;177;182m[48;2;118;118;127m▀[0m[38;2;186;186;188m[48;2;151;151;154m▀[0m[38;2;206;206;206m[48;2;192;192;192m▀[0m[38;2;240;240;239m[48;2;235;235;234m▀[0m[38;2;255;255;255m[48;2;255;255;255m▀[0m[38;2;255;255;255m[48;2;255;255;255m▀[0m[38;2;255;255;255m[48;2;255;255;255m▀[0m[38;2;255;255;255m[48;2;255;255;255m▀[0m[38;2;236;236;236m[48;2;231;231;231m▀[0m[38;2;202;202;202m[48;2;187;187;187m▀[0m[38;2;213;200;182m[48;2;209;211;214m▀[0m[38;2;241;207;163m[48;2;255;255;255m▀[0m[38;2;241;205;161m[48;2;255;255;255m▀[0m[38;2;244;213;173m[48;2;255;255;255m▀[0m[38;2;254;231;183m[48;2;249;253;255m▀[0m[38;2;255;239;179m[48;2;243;240;242m▀[0m[38;2;245;184;69m[48;2;236;179;112m▀[0m[38;2;219;132;0m[48;2;211;128;29m▀[0m[38;2;172;90;0m[48;2;163;100;34m▀[0m[38;2;160;94;25m[48;2;150;115;83m▀[0m[38;2;185;145;97m[48;2;176;174;173m▀[0m[38;2;182;163;141m[48;2;208;216;227m▀[0m[38;2;156;153;158m[48;2;239;239;247m▀[0m[38;2;138;139;152m[48;2;210;210;218m▀[0m[38;2;118;118;127m[48;2;157;157;165m▀[0m[38;2;119;119;128m[48;2;156;156;164m▀[0m[38;2;117;117;126m[48;2;154;154;161m▀[0m[38;2;102;102;115m[48;2;154;154;159m▀[0m[38;2;189;189;189m▄[0m[38;2;123;123;131m▄[0m[38;2;76;76;85m▄[0m[38;2;56;56;85m▄[0m              
 [38;2;116;116;122m[48;2;117;117;125m▀[0m[38;2;122;122;131m[48;2;123;123;131m▀[0m[38;2;181;181;187m[48;2;198;198;203m▀[0m[38;2;222;222;224m[48;2;255;255;255m▀[0m[38;2;218;218;218m[48;2;232;232;232m▀[0m[38;2;195;195;195m[48;2;183;183;184m▀[0m[38;2;214;214;214m[48;2;221;221;222m▀[0m[38;2;237;237;237m[48;2;255;255;255m▀[0m[38;2;249;249;249m[48;2;252;252;254m▀[0m[38;2;254;254;254m[48;2;244;244;247m▀[0m[38;2;234;234;239m[48;2;230;230;236m▀[0m[38;2;226;226;233m[48;2;230;230;237m▀[0m[38;2;231;231;233m[48;2;254;254;255m▀[0m[38;2;239;239;239m[48;2;255;255;255m▀[0m[38;2;254;254;254m[48;2;255;255;255m▀[0m[38;2;255;255;255m[48;2;255;255;255m▀[0m[38;2;255;255;255m[48;2;255;255;255m▀[0m[38;2;225;225;225m[48;2;224;224;224m▀[0m[38;2;193;193;193m[48;2;190;190;190m▀[0m[38;2;210;210;210m[48;2;224;224;224m▀[0m[38;2;235;235;235m[48;2;255;255;255m▀[0m[38;2;247;247;247m[48;2;255;255;255m▀[0m[38;2;255;255;255m[48;2;255;255;255m▀[0m[38;2;255;255;255m[48;2;251;244;248m▀[0m[38;2;255;255;255m[48;2;236;242;239m▀[0m[38;2;255;255;255m[48;2;210;255;232m▀[0m[38;2;250;233;245m[48;2;178;233;202m▀[0m[38;2;188;174;188m[48;2;113;151;134m▀[0m[38;2;148;140;152m[48;2;79;100;96m▀[0m[38;2;127;127;133m[48;2;71;73;81m▀[0m[38;2;114;115;120m[48;2;70;68;78m▀[0m[38;2;104;104;110m[48;2;75;75;84m▀[0m[38;2;86;86;95m[48;2;65;65;74m▀[0m[38;2;93;93;102m[48;2;82;82;90m▀[0m[38;2;175;175;178m[48;2;188;188;191m▀[0m[38;2;237;237;237m[48;2;255;255;255m▀[0m[38;2;249;249;249m[48;2;255;255;255m▀[0m[38;2;255;255;255m[48;2;255;255;255m▀[0m[38;2;255;255;255m[48;2;255;255;255m▀[0m[38;2;255;255;255m[48;2;255;255;255m▀[0m[38;2;255;255;255m[48;2;255;255;255m▀[0m[38;2;248;248;248m[48;2;255;255;255m▀[0m[38;2;235;235;235m[48;2;255;255;255m▀[0m[38;2;242;243;244m[48;2;255;255;255m▀[0m[38;2;255;255;255m[48;2;255;255;255m▀[0m[38;2;255;255;255m[48;2;255;255;255m▀[0m[38;2;255;255;255m[48;2;254;254;254m▀[0m[38;2;215;217;221m[48;2;213;213;213m▀[0m[38;2;194;194;196m[48;2;192;192;193m▀[0m[38;2;228;212;194m[48;2;233;237;243m▀[0m[38;2;242;218;191m[48;2;255;255;255m▀[0m[38;2;228;211;193m[48;2;255;255;255m▀[0m[38;2;224;215;207m[48;2;255;255;255m▀[0m[38;2;232;233;234m[48;2;255;255;255m▀[0m[38;2;244;247;251m[48;2;254;254;253m▀[0m[38;2;255;255;255m[48;2;242;242;241m▀[0m[38;2;251;250;253m[48;2;241;241;241m▀[0m[38;2;235;235;237m[48;2;246;246;246m▀[0m[38;2;234;234;236m[48;2;249;249;248m▀[0m[38;2;233;233;235m[48;2;245;245;245m▀[0m[38;2;217;217;217m[48;2;201;201;201m▀[0m[38;2;187;187;186m[48;2;146;146;148m▀[0m[38;2;121;121;128m[48;2;105;105;112m▀[0m[38;2;75;75;84m[48;2;72;72;81m▀[0m[38;2;72;72;81m[48;2;72;72;83m▀[0m              
 [38;2;115;115;127m[48;2;113;113;121m▀[0m[38;2;123;123;131m[48;2;119;119;128m▀[0m[38;2;189;189;194m[48;2;183;183;188m▀[0m[38;2;253;253;252m[48;2;249;249;250m▀[0m[38;2;244;244;246m[48;2;251;251;253m▀[0m[38;2;212;212;219m[48;2;235;235;241m▀[0m[38;2;235;235;239m[48;2;246;246;249m▀[0m[38;2;255;255;255m[48;2;255;255;255m▀[0m[38;2;236;236;241m[48;2;238;238;243m▀[0m[38;2;226;226;233m[48;2;231;231;237m▀[0m[38;2;241;241;244m[48;2;249;249;250m▀[0m[38;2;250;250;251m[48;2;255;255;255m▀[0m[38;2;255;255;255m[48;2;255;255;255m▀[0m[38;2;255;255;255m[48;2;255;255;255m▀[0m[38;2;255;255;255m[48;2;255;255;255m▀[0m[38;2;255;255;255m[48;2;255;255;255m▀[0m[38;2;255;255;255m[48;2;255;255;255m▀[0m[38;2;249;249;249m[48;2;255;255;255m▀[0m[38;2;242;242;242m[48;2;255;255;255m▀[0m[38;2;249;249;249m[48;2;255;255;255m▀[0m[38;2;255;255;255m[48;2;255;255;255m▀[0m[38;2;255;255;255m[48;2;239;235;239m▀[0m[38;2;255;255;255m[48;2;210;213;214m▀[0m[38;2;233;207;222m[48;2;158;183;170m▀[0m[38;2;173;201;187m[48;2;94;170;127m▀[0m[38;2;72;255;156m[48;2;10;177;87m▀[0m[38;2;34;251;123m[48;2;0;189;71m▀[0m[38;2;22;179;87m[48;2;0;205;80m▀[0m[38;2;37;124;77m[48;2;21;164;85m▀[0m[38;2;75;84;87m[48;2;75;90;90m▀[0m[38;2;84;75;88m[48;2;88;73;90m▀[0m[38;2;80;80;89m[48;2;82;82;90m▀[0m[38;2;68;68;77m[48;2;77;77;86m▀[0m[38;2;82;82;90m[48;2;97;97;105m▀[0m[38;2;185;185;188m[48;2;191;191;194m▀[0m[38;2;255;255;255m[48;2;255;255;255m▀[0m[38;2;255;255;255m[48;2;255;255;255m▀[0m[38;2;255;255;255m[48;2;253;253;254m▀[0m[38;2;255;255;255m[48;2;246;246;249m▀[0m[38;2;255;255;255m[48;2;243;243;246m▀[0m[38;2;255;255;255m[48;2;243;243;246m▀[0m[38;2;255;255;255m[48;2;248;248;250m▀[0m[38;2;255;255;255m[48;2;255;255;255m▀[0m[38;2;255;255;255m[48;2;251;251;252m▀[0m[38;2;255;255;255m[48;2;244;244;247m▀[0m[38;2;255;255;255m[48;2;249;249;250m▀[0m[38;2;255;255;255m[48;2;255;255;255m▀[0m[38;2;247;247;247m[48;2;255;255;255m▀[0m[38;2;242;242;243m[48;2;255;255;255m▀[0m[38;2;251;252;253m[48;2;255;255;255m▀[0m[38;2;255;255;255m[48;2;255;255;255m▀[0m[38;2;255;255;255m[48;2;255;255;255m▀[0m[38;2;255;255;255m[48;2;255;255;255m▀[0m[38;2;255;255;255m[48;2;255;255;255m▀[0m[38;2;236;236;236m[48;2;238;238;238m▀[0m[38;2;194;194;194m[48;2;202;202;202m▀[0m[38;2;183;183;183m[48;2;193;193;193m▀[0m[38;2;189;189;189m[48;2;197;197;197m▀[0m[38;2;198;198;197m[48;2;205;205;204m▀[0m[38;2;187;187;187m[48;2;195;195;195m▀[0m[38;2;103;103;108m[48;2;114;114;118m▀[0m[38;2;26;26;35m[48;2;47;47;53m▀[0m[38;2;19;19;24m[48;2;94;94;94m▀[0m[38;2;11;11;23m[48;2;170;170;165m▀[0m[38;2;28;28;35m▄[0m[38;2;0;0;0m▄[0m[38;2;0;0;0m▄[0m[38;2;0;0;3m▄[0m[38;2;13;13;23m▄[0m[38;2;15;15;26m▄[0m[38;2;0;0;0m▄[0m        
 [38;2;113;113;121m[48;2;163;163;173m▀[0m[38;2;118;118;127m[48;2;163;163;171m▀[0m[38;2;181;181;187m[48;2;212;212;218m▀[0m[38;2;249;249;250m[48;2;255;255;255m▀[0m[38;2;254;254;255m[48;2;255;255;255m▀[0m[38;2;253;253;253m[48;2;255;255;255m▀[0m[38;2;254;254;254m[48;2;255;255;255m▀[0m[38;2;255;255;255m[48;2;255;255;255m▀[0m[38;2;253;253;254m[48;2;255;255;255m▀[0m[38;2;252;252;253m[48;2;255;255;255m▀[0m[38;2;254;254;254m[48;2;255;255;255m▀[0m[38;2;255;255;255m[48;2;255;255;255m▀[0m[38;2;255;255;255m[48;2;255;255;255m▀[0m[38;2;255;255;255m[48;2;255;255;255m▀[0m[38;2;255;255;255m[48;2;255;255;255m▀[0m[38;2;255;255;255m[48;2;255;255;255m▀[0m[38;2;255;255;255m[48;2;255;255;255m▀[0m[38;2;255;255;255m[48;2;241;241;242m▀[0m[38;2;255;255;255m[48;2;209;209;212m▀[0m[38;2;255;255;255m[48;2;193;193;196m▀[0m[38;2;255;255;255m[48;2;182;182;185m▀[0m[38;2;198;187;198m[48;2;142;128;143m▀[0m[38;2;126;141;140m[48;2;87;106;103m▀[0m[38;2;48;170;103m[48;2;11;163;78m▀[0m[38;2;11;148;67m[48;2;0;152;58m▀[0m[38;2;9;47;31m[48;2;35;35;41m▀[0m[38;2;6;78;44m[48;2;37;69;61m▀[0m[38;2;0;227;101m[48;2;3;240;111m▀[0m[38;2;25;211;111m[48;2;23;225;116m▀[0m[38;2;76;94;92m[48;2;76;96;92m▀[0m[38;2;86;68;87m[48;2;82;63;82m▀[0m[38;2;81;81;89m[48;2;78;78;86m▀[0m[38;2;94;94;103m[48;2;120;120;129m▀[0m[38;2;127;127;135m[48;2;174;174;182m▀[0m[38;2;204;204;207m[48;2;226;226;229m▀[0m[38;2;255;255;255m[48;2;255;255;255m▀[0m[38;2;255;255;255m[48;2;255;255;255m▀[0m[38;2;250;250;251m[48;2;252;252;253m▀[0m[38;2;230;230;237m[48;2;241;241;245m▀[0m[38;2;220;220;229m[48;2;235;235;241m▀[0m[38;2;220;220;229m[48;2;233;233;239m▀[0m[38;2;234;234;240m[48;2;241;241;245m▀[0m[38;2;254;254;254m[48;2;254;254;254m▀[0m[38;2;242;242;246m[48;2;246;246;249m▀[0m[38;2;223;223;231m[48;2;233;233;238m▀[0m[38;2;237;237;241m[48;2;242;242;246m▀[0m[38;2;255;255;255m[48;2;255;255;255m▀[0m[38;2;255;255;255m[48;2;255;255;255m▀[0m[38;2;255;255;255m[48;2;255;255;255m▀[0m[38;2;255;255;255m[48;2;255;255;255m▀[0m[38;2;255;255;255m[48;2;255;255;255m▀[0m[38;2;255;255;255m[48;2;255;255;255m▀[0m[38;2;255;255;255m[48;2;255;255;255m▀[0m[38;2;255;255;255m[48;2;255;255;255m▀[0m[38;2;253;253;253m[48;2;255;255;255m▀[0m[38;2;249;249;249m[48;2;255;255;255m▀[0m[38;2;248;248;248m[48;2;255;255;255m▀[0m[38;2;249;249;249m[48;2;255;255;255m▀[0m[38;2;249;249;249m[48;2;255;255;255m▀[0m[38;2;247;247;247m[48;2;255;255;255m▀[0m[38;2;199;199;200m[48;2;238;238;238m▀[0m[38;2;160;160;160m[48;2;221;221;221m▀[0m[38;2;180;180;179m[48;2;231;231;231m▀[0m[38;2;155;155;156m[48;2;213;213;214m▀[0m[38;2;46;46;53m[48;2;144;144;148m▀[0m[38;2;0;0;1m[48;2;112;112;117m▀[0m[38;2;1;1;8m[48;2;122;122;127m▀[0m[38;2;8;8;16m[48;2;96;96;103m▀[0m[38;2;16;16;23m[48;2;27;27;37m▀[0m[38;2;17;17;24m[48;2;5;7;13m▀[0m[38;2;28;28;28m[48;2;23;23;23m▀[0m        
[38;2;138;138;146m▄[0m[38;2;221;221;229m[48;2;181;181;189m▀[0m[38;2;219;219;227m[48;2;228;228;236m▀[0m[38;2;249;249;254m[48;2;235;235;241m▀[0m[38;2;255;255;255m[48;2;212;212;212m▀[0m[38;2;255;255;255m[48;2;230;230;229m▀[0m[38;2;255;255;255m[48;2;255;255;255m▀[0m[38;2;255;255;255m[48;2;255;255;255m▀[0m[38;2;255;255;255m[48;2;255;255;255m▀[0m[38;2;255;255;255m[48;2;255;255;255m▀[0m[38;2;255;255;255m[48;2;255;255;255m▀[0m[38;2;255;255;255m[48;2;255;255;255m▀[0m[38;2;255;255;255m[48;2;255;255;255m▀[0m[38;2;255;255;255m[48;2;255;255;255m▀[0m[38;2;255;255;255m[48;2;233;233;238m▀[0m[38;2;255;255;255m[48;2;203;203;207m▀[0m[38;2;255;255;255m[48;2;182;182;186m▀[0m[38;2;255;255;255m[48;2;169;169;173m▀[0m[38;2;207;207;211m[48;2;137;137;143m▀[0m[38;2;136;136;144m[48;2;100;100;108m▀[0m[38;2;101;101;109m[48;2;80;80;89m▀[0m[38;2;84;84;92m[48;2;71;71;80m▀[0m[38;2;87;75;91m[48;2;77;71;83m▀[0m[38;2;75;92;89m[48;2;76;83;87m▀[0m[38;2;17;154;78m[48;2;53;108;82m▀[0m[38;2;8;162;74m[48;2;39;138;86m▀[0m[38;2;69;87;82m[48;2;42;172;104m▀[0m[38;2;66;118;97m[48;2;31;200;107m▀[0m[38;2;7;242;113m[48;2;0;223;96m▀[0m[38;2;20;213;110m[48;2;19;176;90m▀[0m[38;2;76;95;92m[48;2;75;91;90m▀[0m[38;2;80;63;81m[48;2;87;72;90m▀[0m[38;2;79;79;87m[48;2;96;96;105m▀[0m[38;2;149;149;158m[48;2;174;174;181m▀[0m[38;2;224;224;231m[48;2;246;246;250m▀[0m[38;2;248;248;251m[48;2;255;255;255m▀[0m[38;2;255;255;255m[48;2;255;255;255m▀[0m[38;2;255;255;255m[48;2;255;255;255m▀[0m[38;2;255;255;255m[48;2;248;248;248m▀[0m[38;2;255;255;255m[48;2;222;222;221m▀[0m[38;2;255;255;255m[48;2;216;216;217m▀[0m[38;2;255;255;255m[48;2;233;233;237m▀[0m[38;2;255;255;255m[48;2;245;245;248m▀[0m[38;2;255;255;255m[48;2;254;254;254m▀[0m[38;2;255;255;255m[48;2;255;255;255m▀[0m[38;2;254;254;254m[48;2;255;255;255m▀[0m[38;2;255;255;255m[48;2;255;255;255m▀[0m[38;2;255;255;255m[48;2;255;255;255m▀[0m[38;2;255;255;255m[48;2;255;255;255m▀[0m[38;2;255;255;255m[48;2;255;255;255m▀[0m[38;2;255;255;255m[48;2;255;255;255m▀[0m[38;2;255;255;255m[48;2;255;255;255m▀[0m[38;2;255;255;255m[48;2;255;255;255m▀[0m[38;2;255;255;255m[48;2;255;255;255m▀[0m[38;2;255;255;255m[48;2;255;255;255m▀[0m[38;2;255;255;255m[48;2;255;255;255m▀[0m[38;2;255;255;255m[48;2;255;255;255m▀[0m[38;2;255;255;255m[48;2;255;255;255m▀[0m[38;2;255;255;255m[48;2;255;255;255m▀[0m[38;2;255;255;255m[48;2;255;255;255m▀[0m[38;2;255;255;255m[48;2;255;255;255m▀[0m[38;2;254;254;254m[48;2;255;255;255m▀[0m[38;2;254;254;254m[48;2;255;255;255m▀[0m[38;2;255;255;255m[48;2;231;231;231m▀[0m[38;2;254;254;255m[48;2;218;218;218m▀[0m[38;2;252;252;252m[48;2;239;240;240m▀[0m[38;2;252;252;252m[48;2;221;222;224m▀[0m[38;2;254;254;254m[48;2;158;159;165m▀[0m[38;2;188;188;191m[48;2;107;107;109m▀[0m[38;2;40;40;48m[48;2;48;45;38m▀[0m[38;2;0;0;0m[48;2;27;24;11m▀[0m[38;2;0;0;0m▀[0m        
[38;2;122;122;131m[48;2;57;57;65m▀[0m[38;2;154;154;162m[48;2;92;92;100m▀[0m[38;2;211;211;220m[48;2;158;158;167m▀[0m[38;2;209;209;215m[48;2;203;203;209m▀[0m[38;2;181;181;181m[48;2;235;235;235m▀[0m[38;2;212;212;211m[48;2;253;253;252m▀[0m[38;2;255;255;255m[48;2;255;255;255m▀[0m[38;2;255;255;255m[48;2;255;255;255m▀[0m[38;2;254;254;254m[48;2;246;246;252m▀[0m[38;2;253;253;253m[48;2;212;212;217m▀[0m[38;2;251;251;252m[48;2;180;180;185m▀[0m[38;2;251;251;251m[48;2;158;158;163m▀[0m[38;2;246;246;247m[48;2;145;145;150m▀[0m[38;2;230;230;237m[48;2;140;140;147m▀[0m[38;2;194;194;203m[48;2;124;124;133m▀[0m[38;2;141;141;149m[48;2;101;101;109m▀[0m[38;2;104;104;112m[48;2;85;85;93m▀[0m[38;2;81;81;89m[48;2;75;75;83m▀[0m[38;2;76;76;84m[48;2;75;75;83m▀[0m[38;2;81;81;89m[48;2;79;79;87m▀[0m[38;2;82;82;90m[48;2;81;81;89m▀[0m[38;2;82;82;90m[48;2;82;82;90m▀[0m[38;2;82;82;90m[48;2;82;82;90m▀[0m[38;2;83;81;90m[48;2;83;81;90m▀[0m[38;2;89;68;88m[48;2;88;73;90m▀[0m[38;2;71;109;95m[48;2;80;91;93m▀[0m[38;2;18;224;113m[48;2;54;144;100m▀[0m[38;2;1;248;107m[48;2;47;154;97m▀[0m[38;2;2;187;79m[48;2;51;123;85m▀[0m[38;2;26;132;73m[48;2;51;90;73m▀[0m[38;2;74;85;87m[48;2;63;67;73m▀[0m[38;2;103;91;107m[48;2;127;123;132m▀[0m[38;2;132;132;140m[48;2;206;206;209m▀[0m[38;2;200;200;203m[48;2;235;235;236m▀[0m[38;2;255;255;255m[48;2;255;255;255m▀[0m[38;2;255;255;255m[48;2;255;255;255m▀[0m[38;2;255;255;255m[48;2;255;255;255m▀[0m[38;2;255;255;255m[48;2;255;255;255m▀[0m[38;2;243;243;243m[48;2;255;255;255m▀[0m[38;2;194;194;193m[48;2;232;232;231m▀[0m[38;2;183;183;185m[48;2;225;225;226m▀[0m[38;2;213;213;220m[48;2;237;237;240m▀[0m[38;2;235;235;241m[48;2;246;246;249m▀[0m[38;2;253;253;253m[48;2;254;254;254m▀[0m[38;2;255;255;255m[48;2;255;255;255m▀[0m[38;2;255;255;255m[48;2;255;255;255m▀[0m[38;2;255;255;255m[48;2;255;255;255m▀[0m[38;2;255;255;255m[48;2;255;255;255m▀[0m[38;2;255;255;255m[48;2;255;255;255m▀[0m[38;2;255;255;255m[48;2;255;255;255m▀[0m[38;2;255;255;255m[48;2;255;255;255m▀[0m[38;2;255;255;255m[48;2;255;255;255m▀[0m[38;2;255;255;255m[48;2;255;255;255m▀[0m[38;2;255;255;255m[48;2;255;255;255m▀[0m[38;2;255;255;255m[48;2;255;255;255m▀[0m[38;2;255;255;255m[48;2;255;255;255m▀[0m[38;2;255;255;255m[48;2;255;255;255m▀[0m[38;2;255;255;255m[48;2;255;255;255m▀[0m[38;2;255;255;255m[48;2;255;255;255m▀[0m[38;2;255;255;255m[48;2;255;255;255m▀[0m[38;2;255;255;255m[48;2;255;255;255m▀[0m[38;2;255;255;255m[48;2;255;255;255m▀[0m[38;2;251;251;251m[48;2;255;255;255m▀[0m[38;2;205;205;205m[48;2;242;243;244m▀[0m[38;2;178;178;177m[48;2;215;216;216m▀[0m[38;2;186;186;185m[48;2;135;134;123m▀[0m[38;2;142;142;143m[48;2;83;77;61m▀[0m[38;2;38;37;46m[48;2;66;53;41m▀[0m[38;2;19;16;14m[48;2;81;61;45m▀[0m[38;2;65;56;33m[48;2;120;95;69m▀[0m[38;2;74;63;35m[48;2;109;89;61m▀[0m[38;2;75;60;30m[48;2;62;54;28m▀[0m[38;2;63;63;0m[48;2;40;40;13m▀[0m       
[38;2;1;1;9m[48;2;10;10;19m▀[0m[38;2;33;33;41m[48;2;20;20;29m▀[0m[38;2;96;96;105m[48;2;40;40;49m▀[0m[38;2;167;167;172m[48;2;64;64;72m▀[0m[38;2;232;232;233m[48;2;87;87;93m▀[0m[38;2;236;236;237m[48;2;87;87;94m▀[0m[38;2;233;233;234m[48;2;85;85;90m▀[0m[38;2;221;221;227m[48;2;74;74;82m▀[0m[38;2;196;196;205m[48;2;60;60;69m▀[0m[38;2;147;147;156m[48;2;40;40;48m▀[0m[38;2;104;104;113m[48;2;35;35;44m▀[0m[38;2;81;81;90m[48;2;58;58;67m▀[0m[38;2;70;70;79m[48;2;71;71;80m▀[0m[38;2;73;73;81m[48;2;72;72;81m▀[0m[38;2;76;76;84m[48;2;75;75;83m▀[0m[38;2;79;79;87m[48;2;79;79;87m▀[0m[38;2;81;81;89m[48;2;81;81;89m▀[0m[38;2;82;82;90m[48;2;82;82;90m▀[0m[38;2;82;82;90m[48;2;82;82;90m▀[0m[38;2;82;82;90m[48;2;82;82;90m▀[0m[38;2;82;82;90m[48;2;82;82;90m▀[0m[38;2;82;82;90m[48;2;82;82;90m▀[0m[38;2;82;82;90m[48;2;82;82;90m▀[0m[38;2;82;82;90m[48;2;82;82;90m▀[0m[38;2;82;83;90m[48;2;82;83;90m▀[0m[38;2;83;81;90m[48;2;82;81;89m▀[0m[38;2;85;75;89m[48;2;82;75;87m▀[0m[38;2;85;73;88m[48;2;75;66;80m▀[0m[38;2;84;74;88m[48;2;65;58;71m▀[0m[38;2;82;77;88m[48;2;113;109;118m▀[0m[38;2;90;90;97m[48;2;194;194;197m▀[0m[38;2;166;166;169m[48;2;228;228;229m▀[0m[38;2;255;255;255m[48;2;255;255;255m▀[0m[38;2;255;255;255m[48;2;255;255;255m▀[0m[38;2;255;255;255m[48;2;255;255;255m▀[0m[38;2;255;255;255m[48;2;255;255;255m▀[0m[38;2;254;254;254m[48;2;250;250;250m▀[0m[38;2;250;250;250m[48;2;212;212;211m▀[0m[38;2;248;248;248m[48;2;197;197;198m▀[0m[38;2;253;253;254m[48;2;220;220;226m▀[0m[38;2;255;255;255m[48;2;239;239;245m▀[0m[38;2;255;255;255m[48;2;253;253;254m▀[0m[38;2;255;255;255m[48;2;255;255;255m▀[0m[38;2;255;255;255m[48;2;255;255;255m▀[0m[38;2;255;255;255m[48;2;255;255;255m▀[0m[38;2;255;255;255m[48;2;255;255;255m▀[0m[38;2;255;255;255m[48;2;255;255;255m▀[0m[38;2;255;255;255m[48;2;255;255;255m▀[0m[38;2;255;255;255m[48;2;255;255;255m▀[0m[38;2;255;255;255m[48;2;255;255;255m▀[0m[38;2;255;255;255m[48;2;255;255;255m▀[0m[38;2;255;255;255m[48;2;255;255;255m▀[0m[38;2;255;255;255m[48;2;255;255;255m▀[0m[38;2;255;255;255m[48;2;255;255;255m▀[0m[38;2;255;255;255m[48;2;255;255;255m▀[0m[38;2;255;255;255m[48;2;255;255;255m▀[0m[38;2;255;255;255m[48;2;255;255;255m▀[0m[38;2;255;255;255m[48;2;255;255;255m▀[0m[38;2;255;255;255m[48;2;255;255;255m▀[0m[38;2;252;252;252m[48;2;235;235;236m▀[0m[38;2;249;249;249m[48;2;206;207;209m▀[0m[38;2;249;249;249m[48;2;205;209;213m▀[0m[38;2;248;248;248m[48;2;201;202;203m▀[0m[38;2;247;245;244m[48;2;170;160;149m▀[0m[38;2;223;220;214m[48;2;149;129;109m▀[0m[38;2;108;100;80m[48;2;128;103;79m▀[0m[38;2;64;50;22m[48;2;117;90;64m▀[0m[38;2;106;82;55m[48;2;115;90;64m▀[0m[38;2;135;104;78m[48;2;119;93;67m▀[0m[38;2;151;117;91m[48;2;126;98;73m▀[0m[38;2;128;101;75m[48;2;132;103;78m▀[0m[38;2;80;69;42m[48;2;129;102;76m▀[0m[38;2;64;56;29m[48;2;101;82;56m▀[0m[38;2;55;55;22m[48;2;56;50;26m▀[0m[38;2;56;28;28m[48;2;39;39;14m▀[0m     
[38;2;16;16;25m[48;2;15;15;26m▀[0m[38;2;14;14;21m[48;2;15;15;20m▀[0m[38;2;8;8;16m[48;2;5;5;15m▀[0m[38;2;2;2;10m[48;2;0;0;5m▀[0m[38;2;0;0;6m[48;2;0;0;0m▀[0m[38;2;0;0;4m[48;2;0;0;0m▀[0m[38;2;0;0;6m[48;2;2;2;10m▀[0m[38;2;15;15;23m[48;2;81;81;85m▀[0m[38;2;32;32;39m[48;2;151;151;152m▀[0m[38;2;31;31;37m[48;2;152;152;153m▀[0m[38;2;43;43;50m[48;2;147;147;149m▀[0m[38;2;82;82;88m[48;2;158;158;159m▀[0m[38;2;100;100;107m[48;2;152;152;154m▀[0m[38;2;91;91;99m[48;2;125;125;131m▀[0m[38;2;86;86;94m[48;2;102;102;111m▀[0m[38;2;83;83;91m[48;2;85;85;94m▀[0m[38;2;81;81;89m[48;2;79;79;87m▀[0m[38;2;82;82;90m[48;2;82;82;90m▀[0m[38;2;82;82;90m[48;2;82;82;90m▀[0m[38;2;82;82;90m[48;2;82;82;90m▀[0m[38;2;82;82;90m[48;2;82;82;90m▀[0m[38;2;82;82;90m[48;2;82;82;90m▀[0m[38;2;82;82;90m[48;2;81;81;88m▀[0m[38;2;81;81;89m[48;2;78;78;86m▀[0m[38;2;79;79;87m[48;2;69;69;77m▀[0m[38;2;80;80;88m[48;2;75;75;84m▀[0m[38;2;84;84;93m[48;2;96;96;105m▀[0m[38;2;90;90;97m[48;2;141;141;148m▀[0m[38;2;98;98;106m[48;2;205;205;208m▀[0m[38;2;162;162;166m[48;2;234;234;235m▀[0m[38;2;255;255;255m[48;2;255;255;255m▀[0m[38;2;255;255;255m[48;2;255;255;255m▀[0m[38;2;255;255;255m[48;2;255;255;255m▀[0m[38;2;255;255;255m[48;2;255;255;255m▀[0m[38;2;255;255;255m[48;2;255;255;255m▀[0m[38;2;255;255;255m[48;2;255;255;255m▀[0m[38;2;250;250;250m[48;2;254;254;254m▀[0m[38;2;206;206;205m[48;2;243;243;243m▀[0m[38;2;189;189;189m[48;2;239;239;239m▀[0m[38;2;213;213;219m[48;2;245;245;246m▀[0m[38;2;234;235;241m[48;2;250;251;255m▀[0m[38;2;251;252;255m[48;2;254;255;255m▀[0m[38;2;248;246;246m[48;2;223;212;208m▀[0m[38;2;235;226;219m[48;2;161;119;83m▀[0m[38;2;232;221;213m[48;2;146;96;53m▀[0m[38;2;233;224;216m[48;2;153;107;67m▀[0m[38;2;233;224;216m[48;2;153;107;67m▀[0m[38;2;233;224;216m[48;2;153;107;67m▀[0m[38;2;232;221;213m[48;2;146;96;53m▀[0m[38;2;235;226;219m[48;2;161;118;81m▀[0m[38;2;249;247;245m[48;2;228;216;206m▀[0m[38;2;255;255;255m[48;2;255;255;255m▀[0m[38;2;255;255;255m[48;2;255;255;255m▀[0m[38;2;254;254;254m[48;2;250;250;251m▀[0m[38;2;250;250;252m[48;2;233;233;239m▀[0m[38;2;246;246;247m[48;2;213;213;218m▀[0m[38;2;242;242;242m[48;2;192;192;193m▀[0m[38;2;242;242;242m[48;2;192;194;195m▀[0m[38;2;243;244;244m[48;2;198;200;203m▀[0m[38;2;205;203;202m[48;2;162;154;146m▀[0m[38;2;163;159;155m[48;2;126;105;85m▀[0m[38;2;167;163;160m[48;2;138;113;93m▀[0m[38;2;166;160;154m[48;2;152;126;105m▀[0m[38;2;129;109;90m[48;2;144;114;90m▀[0m[38;2;114;83;56m[48;2;139;107;81m▀[0m[38;2;143;109;83m[48;2;147;114;88m▀[0m[38;2;150;117;92m[48;2;150;117;92m▀[0m[38;2;127;100;75m[48;2;145;113;88m▀[0m[38;2;114;89;64m[48;2;132;103;78m▀[0m[38;2;111;87;62m[48;2;115;90;65m▀[0m[38;2;131;101;76m[48;2;126;98;73m▀[0m[38;2;154;119;94m[48;2;149;116;91m▀[0m[38;2;129;102;76m[48;2;151;117;92m▀[0m[38;2;84;71;44m[48;2;136;107;81m▀[0m[38;2;68;59;35m[48;2;99;83;55m▀[0m[38;2;55;49;24m[48;2;57;51;26m▀[0m[38;2;42;42;21m[48;2;45;45;20m▀[0m   
   [38;2;0;0;0m[48;2;0;0;9m▀[0m[38;2;9;9;19m[48;2;11;11;20m▀[0m[38;2;32;32;37m[48;2;64;64;73m▀[0m[38;2;49;49;57m[48;2;125;125;134m▀[0m[38;2;123;123;129m[48;2;139;139;148m▀[0m[38;2;188;188;190m[48;2;148;148;155m▀[0m[38;2;197;197;196m[48;2;170;170;172m▀[0m[38;2;196;196;196m[48;2;192;192;193m▀[0m[38;2;203;203;203m[48;2;214;214;219m▀[0m[38;2;198;198;200m[48;2;233;233;239m▀[0m[38;2;178;178;182m[48;2;245;245;245m▀[0m[38;2;142;142;149m[48;2;201;201;203m▀[0m[38;2;87;87;95m[48;2;94;94;100m▀[0m[38;2;69;69;78m[48;2;60;60;69m▀[0m[38;2;76;76;84m[48;2;71;71;80m▀[0m[38;2;77;77;85m[48;2;72;72;81m▀[0m[38;2;77;77;85m[48;2;72;72;81m▀[0m[38;2;76;76;84m[48;2;70;70;78m▀[0m[38;2;77;77;85m[48;2;73;73;82m▀[0m[38;2;83;83;91m[48;2;92;92;102m▀[0m[38;2;95;95;103m[48;2;131;131;139m▀[0m[38;2;113;113;120m[48;2;202;202;206m▀[0m[38;2;132;132;138m[48;2;236;236;237m▀[0m[38;2;151;151;157m[48;2;239;239;240m▀[0m[38;2;194;194;198m[48;2;246;246;246m▀[0m[38;2;255;255;255m[48;2;255;255;255m▀[0m[38;2;255;255;255m[48;2;255;255;255m▀[0m[38;2;255;255;255m[48;2;255;255;255m▀[0m[38;2;255;255;255m[48;2;255;255;255m▀[0m[38;2;255;255;255m[48;2;255;255;255m▀[0m[38;2;255;255;255m[48;2;255;255;255m▀[0m[38;2;255;255;255m[48;2;255;255;255m▀[0m[38;2;255;255;255m[48;2;255;255;255m▀[0m[38;2;255;255;255m[48;2;255;255;255m▀[0m[38;2;255;255;255m[48;2;255;255;255m▀[0m[38;2;255;255;255m[48;2;255;255;255m▀[0m[38;2;255;255;255m[48;2;255;255;255m▀[0m[38;2;255;253;243m[48;2;255;245;212m▀[0m[38;2;255;243;204m[48;2;255;214;89m▀[0m[38;2;226;197;135m[48;2;251;198;41m▀[0m[38;2;168;112;27m[48;2;242;191;44m▀[0m[38;2;154;92;1m[48;2;240;188;43m▀[0m[38;2;161;101;13m[48;2;241;190;44m▀[0m[38;2;161;101;13m[48;2;241;190;44m▀[0m[38;2;161;101;13m[48;2;241;190;44m▀[0m[38;2;154;94;1m[48;2;240;196;44m▀[0m[38;2;165;109;26m[48;2;234;183;43m▀[0m[38;2;201;171;131m[48;2;173;118;32m▀[0m[38;2;227;215;204m[48;2;160;117;77m▀[0m[38;2;250;248;246m[48;2;232;222;216m▀[0m[38;2;254;255;255m[48;2;255;255;255m▀[0m[38;2;239;240;247m[48;2;255;255;255m▀[0m[38;2;220;221;227m[48;2;255;255;255m▀[0m[38;2;201;202;203m[48;2;254;255;255m▀[0m[38;2;187;185;183m[48;2;216;206;198m▀[0m[38;2;169;161;155m[48;2;155;126;105m▀[0m[38;2;135;118;101m[48;2;123;96;70m▀[0m[38;2;109;82;55m[48;2;112;88;62m▀[0m[38;2;127;94;66m[48;2;132;102;77m▀[0m[38;2;148;112;86m[48;2;151;117;92m▀[0m[38;2;150;116;91m[48;2;150;117;91m▀[0m[38;2;150;117;92m[48;2;148;115;90m▀[0m[38;2;148;115;90m[48;2;148;115;90m▀[0m[38;2;150;116;91m[48;2;149;116;91m▀[0m[38;2;153;119;94m[48;2;152;118;93m▀[0m[38;2;141;109;84m[48;2;141;109;84m▀[0m[38;2;119;92;67m[48;2;120;93;68m▀[0m[38;2;126;98;73m[48;2;128;101;76m▀[0m[38;2;148;115;90m[48;2;150;116;91m▀[0m[38;2;153;119;94m[48;2;139;108;83m▀[0m[38;2;146;113;88m[48;2;120;93;68m▀[0m[38;2;115;93;65m[48;2;117;91;66m▀[0m[38;2;77;65;39m[48;2;108;85;59m▀[0m[38;2;69;62;34m[48;2;85;71;45m▀[0m[38;2;61;52;30m[48;2;61;55;29m▀[0m[38;2;63;47;31m[48;2;59;54;27m▀[0m 
   [38;2;0;0;7m[48;2;0;0;0m▀[0m[38;2;11;11;20m[48;2;23;23;23m▀[0m[38;2;69;70;81m[48;2;31;63;95m▀[0m[38;2;144;149;162m[48;2;170;255;255m▀[0m[38;2;135;140;156m[48;2;85;255;255m▀[0m[38;2;124;129;143m[48;2;78;117;176m▀[0m[38;2;132;133;139m[48;2;78;80;88m▀[0m[38;2;150;150;153m[48;2;93;93;101m▀[0m[38;2;173;173;180m[48;2;113;113;122m▀[0m[38;2;207;207;214m[48;2;156;156;163m▀[0m[38;2;254;254;254m[48;2;233;233;234m▀[0m[38;2;236;236;236m[48;2;253;253;253m▀[0m[38;2;159;159;163m[48;2;248;248;249m▀[0m[38;2;135;135;141m[48;2;247;247;247m▀[0m[38;2;143;143;148m[48;2;247;247;248m▀[0m[38;2;144;144;149m[48;2;247;247;248m▀[0m[38;2;144;144;149m[48;2;247;247;248m▀[0m[38;2;142;142;147m[48;2;247;247;248m▀[0m[38;2;145;145;150m[48;2;248;248;248m▀[0m[38;2;159;159;165m[48;2;248;248;249m▀[0m[38;2;188;188;193m[48;2;250;250;251m▀[0m[38;2;243;243;244m[48;2;254;254;254m▀[0m[38;2;255;255;255m[48;2;255;255;255m▀[0m[38;2;255;255;255m[48;2;255;255;255m▀[0m[38;2;255;255;255m[48;2;255;255;255m▀[0m[38;2;255;255;255m[48;2;255;255;255m▀[0m[38;2;255;255;255m[48;2;255;255;255m▀[0m[38;2;255;255;255m[48;2;255;255;255m▀[0m[38;2;255;255;255m[48;2;255;255;255m▀[0m[38;2;255;255;255m[48;2;255;255;255m▀[0m[38;2;214;214;215m[48;2;141;141;145m▀[0m[38;2;164;164;167m[48;2;19;19;27m▀[0m[38;2;160;160;159m[48;2;8;8;8m▀[0m[38;2;174;174;177m[48;2;43;43;50m▀[0m[38;2;236;236;237m[48;2;189;189;192m▀[0m[38;2;255;255;255m[48;2;255;255;255m▀[0m[38;2;255;255;255m[48;2;255;255;255m▀[0m[38;2;255;248;224m[48;2;255;255;254m▀[0m[38;2;255;229;139m[48;2;255;255;253m▀[0m[38;2;255;219;88m[48;2;255;241;189m▀[0m[38;2;255;215;55m[48;2;255;209;65m▀[0m[38;2;255;213;46m[48;2;255;201;34m▀[0m[38;2;255;214;51m[48;2;255;205;49m▀[0m[38;2;255;214;51m[48;2;255;205;49m▀[0m[38;2;255;214;51m[48;2;255;205;49m▀[0m[38;2;255;225;54m[48;2;255;215;51m▀[0m[38;2;253;203;47m[48;2;247;197;47m▀[0m[38;2;164;103;8m[48;2;174;119;30m▀[0m[38;2;128;72;26m[48;2;129;71;22m▀[0m[38;2;185;153;130m[48;2;137;79;27m▀[0m[38;2;208;190;175m[48;2;136;89;42m▀[0m[38;2;206;197;188m[48;2;124;96;69m▀[0m[38;2;207;200;192m[48;2;118;98;76m▀[0m[38;2;209;201;192m[48;2;119;96;73m▀[0m[38;2;188;168;152m[48;2;132;105;80m▀[0m[38;2;149;114;88m[48;2;148;115;90m▀[0m[38;2;133;100;73m[48;2;152;118;92m▀[0m[38;2;128;100;75m[48;2;148;115;90m▀[0m[38;2;132;103;78m[48;2;129;100;75m▀[0m[38;2;139;109;84m[48;2;119;93;68m▀[0m[38;2;146;113;88m[48;2;137;106;81m▀[0m[38;2;150;117;92m[48;2;151;118;93m▀[0m[38;2;151;117;92m[48;2;152;119;94m▀[0m[38;2;148;115;90m[48;2;144;112;87m▀[0m[38;2;141;110;85m[48;2;125;97;72m▀[0m[38;2;123;97;72m[48;2;99;79;54m▀[0m[38;2;99;79;54m[48;2;69;59;34m▀[0m[38;2;110;88;63m[48;2;82;68;43m▀[0m[38;2;136;106;81m[48;2;115;90;65m▀[0m[38;2;127;99;74m[48;2;119;93;68m▀[0m[38;2;113;88;63m[48;2;115;90;65m▀[0m[38;2;118;92;67m[48;2;118;92;67m▀[0m[38;2;117;92;65m[48;2;113;89;63m▀[0m[38;2;90;76;48m[48;2;86;72;45m▀[0m[38;2;59;53;27m[48;2;60;53;28m▀[0m[38;2;64;56;25m[48;2;62;53;26m▀[0m 
   [38;2;0;0;0m▄[0m[38;2;127;0;0m▄[0m[38;2;145;54;0m[48;2;138;83;24m▀[0m[38;2;123;55;0m[48;2;141;83;24m▀[0m[38;2;143;68;0m[48;2;149;85;18m▀[0m[38;2;135;76;14m[48;2;139;84;29m▀[0m[38;2;95;82;75m[48;2;128;107;91m▀[0m[38;2;101;103;113m[48;2;140;143;155m▀[0m[38;2;141;142;152m[48;2;195;197;208m▀[0m[38;2;188;188;194m[48;2;234;234;240m▀[0m[38;2;245;245;246m[48;2;250;250;252m▀[0m[38;2;255;255;255m[48;2;254;254;254m▀[0m[38;2;255;255;255m[48;2;254;254;254m▀[0m[38;2;255;255;255m[48;2;254;254;254m▀[0m[38;2;255;255;255m[48;2;255;255;255m▀[0m[38;2;255;255;255m[48;2;255;255;255m▀[0m[38;2;255;255;255m[48;2;255;255;255m▀[0m[38;2;255;255;255m[48;2;255;255;255m▀[0m[38;2;255;255;255m[48;2;255;255;255m▀[0m[38;2;255;255;255m[48;2;255;255;255m▀[0m[38;2;255;255;255m[48;2;255;255;255m▀[0m[38;2;255;255;255m[48;2;255;255;255m▀[0m[38;2;255;255;255m[48;2;255;255;255m▀[0m[38;2;255;255;255m[48;2;255;255;255m▀[0m[38;2;255;255;255m[48;2;255;255;255m▀[0m[38;2;255;255;255m[48;2;255;255;255m▀[0m[38;2;238;238;240m[48;2;217;217;220m▀[0m[38;2;206;206;209m[48;2;141;141;148m▀[0m[38;2;186;186;190m[48;2;101;101;110m▀[0m[38;2;176;176;179m[48;2;82;82;90m▀[0m[38;2;100;100;106m[48;2;79;79;87m▀[0m[38;2;28;28;36m[48;2;82;82;90m▀[0m[38;2;25;25;28m[48;2;87;87;95m▀[0m[38;2;41;41;49m[48;2;75;75;83m▀[0m[38;2;102;102;107m[48;2;18;18;26m▀[0m[38;2;159;160;164m[48;2;46;48;56m▀[0m[38;2;232;236;240m[48;2;202;209;219m▀[0m[38;2;255;251;239m[48;2;255;243;217m▀[0m[38;2;243;204;161m[48;2;228;148;52m▀[0m[38;2;243;194;107m[48;2;230;145;8m▀[0m[38;2;254;204;56m[48;2;252;198;45m▀[0m[38;2;255;205;42m[48;2;255;210;51m▀[0m[38;2;255;205;49m[48;2;255;205;49m▀[0m[38;2;255;205;49m[48;2;255;205;49m▀[0m[38;2;255;205;49m[48;2;255;205;49m▀[0m[38;2;255;210;50m[48;2;255;205;49m▀[0m[38;2;251;201;48m[48;2;255;205;49m▀[0m[38;2;214;161;41m[48;2;255;205;49m▀[0m[38;2;188;134;32m[48;2;255;208;49m▀[0m[38;2;186;132;22m[48;2;255;215;51m▀[0m[38;2;171;117;23m[48;2;232;180;43m▀[0m[38;2;129;84;30m[48;2;159;101;25m▀[0m[38;2;108;72;39m[48;2;123;75;34m▀[0m[38;2;105;78;50m[48;2;116;88;61m▀[0m[38;2;115;89;64m[48;2;113;91;68m▀[0m[38;2;132;103;77m[48;2;115;90;65m▀[0m[38;2;138;108;83m[48;2;118;92;67m▀[0m[38;2;134;105;80m[48;2;114;90;65m▀[0m[38;2;106;85;60m[48;2;83;69;44m▀[0m[38;2;91;74;49m[48;2;66;58;33m▀[0m[38;2;116;91;66m[48;2;96;77;52m▀[0m[38;2;135;106;81m[48;2;118;92;67m▀[0m[38;2;135;106;81m[48;2;117;91;66m▀[0m[38;2;130;101;76m[48;2;116;91;66m▀[0m[38;2;120;93;68m[48;2;118;92;67m▀[0m[38;2;95;77;52m[48;2;99;80;55m▀[0m[38;2;64;56;31m[48;2;67;59;34m▀[0m[38;2;77;65;40m[48;2;80;67;42m▀[0m[38;2;111;87;62m[48;2;113;89;64m▀[0m[38;2;117;91;66m[48;2;118;92;67m▀[0m[38;2;115;90;65m[48;2;115;90;65m▀[0m[38;2;117;91;66m[48;2;115;90;65m▀[0m[38;2;114;89;64m[48;2;115;90;65m▀[0m[38;2;103;83;56m[48;2;122;95;68m▀[0m[38;2;82;67;45m[48;2;103;81;60m▀[0m[38;2;45;38;31m[48;2;40;34;34m▀[0m[38;2;8;10;21m[48;2;8;10;21m▀[0m
 [38;2;85;85;0m▄[0m[38;2;127;72;18m▄[0m[38;2;102;51;19m[48;2;132;68;19m▀[0m[38;2;125;71;24m[48;2;139;80;22m▀[0m[38;2;184;128;34m[48;2;215;155;39m▀[0m[38;2;212;156;40m[48;2;255;210;50m▀[0m[38;2;182;118;21m[48;2;196;139;24m▀[0m[38;2;146;89;33m[48;2;139;83;32m▀[0m[38;2;168;148;137m[48;2;186;162;148m▀[0m[38;2;199;205;222m[48;2;225;224;232m▀[0m[38;2;233;236;248m[48;2;222;223;231m▀[0m[38;2;235;235;242m[48;2;193;193;202m▀[0m[38;2;200;200;205m[48;2;140;140;148m▀[0m[38;2;182;182;187m[48;2;115;115;123m▀[0m[38;2;184;184;189m[48;2;117;117;126m▀[0m[38;2;206;206;211m[48;2;152;152;162m▀[0m[38;2;238;238;244m[48;2;208;208;217m▀[0m[38;2;252;252;255m[48;2;237;237;243m▀[0m[38;2;255;255;255m[48;2;253;253;253m▀[0m[38;2;255;255;255m[48;2;253;253;254m▀[0m[38;2;255;255;255m[48;2;253;253;253m▀[0m[38;2;255;255;255m[48;2;253;253;253m▀[0m[38;2;255;255;255m[48;2;253;253;253m▀[0m[38;2;255;255;255m[48;2;253;253;253m▀[0m[38;2;255;255;255m[48;2;253;253;254m▀[0m[38;2;255;255;255m[48;2;254;254;254m▀[0m[38;2;255;255;255m[48;2;250;250;250m▀[0m[38;2;255;255;255m[48;2;242;242;242m▀[0m[38;2;217;217;220m[48;2;188;188;191m▀[0m[38;2;110;110;117m[48;2;91;91;98m▀[0m[38;2;75;75;84m[48;2;69;69;77m▀[0m[38;2;75;75;84m[48;2;80;80;88m▀[0m[38;2;81;81;90m[48;2;82;82;90m▀[0m[38;2;88;88;96m[48;2;79;79;87m▀[0m[38;2;80;80;89m[48;2;63;63;71m▀[0m[38;2;60;60;68m[48;2;43;43;51m▀[0m[38;2;5;5;13m[48;2;9;9;17m▀[0m[38;2;34;35;43m[48;2;43;43;51m▀[0m[38;2;184;187;196m[48;2;174;174;182m▀[0m[38;2;245;240;235m[48;2;235;236;250m▀[0m[38;2;226;189;154m[48;2;221;227;249m▀[0m[38;2;234;183;92m[48;2;228;217;181m▀[0m[38;2;255;204;46m[48;2;247;205;71m▀[0m[38;2;255;210;38m[48;2;251;201;40m▀[0m[38;2;255;210;51m[48;2;253;200;46m▀[0m[38;2;255;211;52m[48;2;253;200;45m▀[0m[38;2;255;210;51m[48;2;253;200;46m▀[0m[38;2;255;207;50m[48;2;254;203;48m▀[0m[38;2;255;205;49m[48;2;255;205;49m▀[0m[38;2;255;209;50m[48;2;255;206;49m▀[0m[38;2;255;214;50m[48;2;255;208;49m▀[0m[38;2;255;222;53m[48;2;255;214;51m▀[0m[38;2;235;183;44m[48;2;232;180;43m▀[0m[38;2;156;99;23m[48;2;164;104;25m▀[0m[38;2;119;72;33m[48;2;127;77;33m▀[0m[38;2;114;88;63m[48;2;118;88;59m▀[0m[38;2;111;91;71m[48;2;114;90;65m▀[0m[38;2;112;89;67m[48;2;116;89;62m▀[0m[38;2;115;91;67m[48;2;119;92;66m▀[0m[38;2;112;89;64m[48;2;114;90;65m▀[0m[38;2;81;67;42m[48;2;83;69;44m▀[0m[38;2;63;56;31m[48;2;66;58;33m▀[0m[38;2;94;75;50m[48;2;96;77;52m▀[0m[38;2;116;91;66m[48;2;118;92;67m▀[0m[38;2;115;90;65m[48;2;117;91;66m▀[0m[38;2;115;90;65m[48;2;116;91;66m▀[0m[38;2;118;92;67m[48;2;118;92;67m▀[0m[38;2;99;80;55m[48;2;99;80;55m▀[0m[38;2;67;59;34m[48;2;67;59;34m▀[0m[38;2;80;67;42m[48;2;80;67;42m▀[0m[38;2;113;89;64m[48;2;113;89;64m▀[0m[38;2;118;92;67m[48;2;118;92;67m▀[0m[38;2;115;90;65m[48;2;115;90;65m▀[0m[38;2;115;90;65m[48;2;115;90;65m▀[0m[38;2;115;90;65m[48;2;115;90;65m▀[0m[38;2;124;96;69m[48;2;122;95;68m▀[0m[38;2;106;83;62m[48;2;103;81;60m▀[0m[38;2;41;35;35m[48;2;40;34;34m▀[0m[38;2;8;11;22m[48;2;8;10;21m▀[0m
[38;2;130;75;20m▄[0m[38;2;100;54;18m[48;2;144;91;26m▀[0m[38;2;120;63;22m[48;2;150;95;28m▀[0m[38;2;161;85;17m[48;2;197;124;26m▀[0m[38;2;190;106;16m[48;2;229;142;20m▀[0m[38;2;242;171;35m[48;2;252;176;32m▀[0m[38;2;255;216;52m[48;2;252;196;44m▀[0m[38;2;193;144;34m[48;2;201;143;35m▀[0m[38;2;131;76;27m[48;2;149;86;21m▀[0m[38;2;163;113;69m[48;2;133;73;14m▀[0m[38;2;171;134;98m[48;2;105;58;11m▀[0m[38;2;107;97;91m[48;2;35;22;13m▀[0m[38;2;74;77;88m[48;2;17;21;33m▀[0m[38;2;88;89;98m[48;2;64;66;75m▀[0m[38;2;93;93;101m[48;2;81;81;89m▀[0m[38;2;92;92;100m[48;2;74;74;82m▀[0m[38;2;114;114;123m[48;2;88;88;95m▀[0m[38;2;153;153;162m[48;2;118;118;126m▀[0m[38;2;195;195;202m[48;2;168;168;177m▀[0m[38;2;232;232;238m[48;2;219;219;227m▀[0m[38;2;236;236;242m[48;2;225;225;234m▀[0m[38;2;233;233;238m[48;2;220;220;228m▀[0m[38;2;233;233;238m[48;2;220;220;228m▀[0m[38;2;233;233;238m[48;2;220;220;228m▀[0m[38;2;233;233;238m[48;2;220;220;228m▀[0m[38;2;235;235;240m[48;2;223;223;232m▀[0m[38;2;243;243;248m[48;2;236;236;245m▀[0m[38;2;199;199;204m[48;2;166;166;174m▀[0m[38;2;111;111;116m[48;2;26;26;34m▀[0m[38;2;81;81;87m[48;2;10;10;18m▀[0m[38;2;84;84;91m[48;2;73;73;81m▀[0m[38;2;72;72;80m[48;2;71;71;79m▀[0m[38;2;61;61;69m[48;2;48;48;56m▀[0m[38;2;59;59;67m[48;2;44;44;52m▀[0m[38;2;60;60;68m[48;2;45;45;53m▀[0m[38;2;57;57;65m[48;2;42;42;50m▀[0m[38;2;44;44;52m[48;2;41;41;49m▀[0m[38;2;0;0;8m[48;2;30;30;38m▀[0m[38;2;31;30;38m[48;2;71;71;79m▀[0m[38;2;172;172;181m[48;2;185;185;194m▀[0m[38;2;230;230;241m[48;2;226;226;233m▀[0m[38;2;198;202;213m[48;2;194;194;195m▀[0m[38;2;190;191;183m[48;2;180;185;192m▀[0m[38;2;199;187;144m[48;2;180;186;201m▀[0m[38;2;214;170;80m[48;2;197;166;135m▀[0m[38;2;232;149;14m[48;2;219;140;46m▀[0m[38;2;235;144;4m[48;2;219;129;29m▀[0m[38;2;237;153;16m[48;2;217;136;38m▀[0m[38;2;249;183;28m[48;2;235;176;56m▀[0m[38;2;255;210;41m[48;2;244;204;67m▀[0m[38;2;255;218;48m[48;2;227;188;53m▀[0m[38;2;255;220;52m[48;2;225;180;44m▀[0m[38;2;255;219;54m[48;2;245;196;46m▀[0m[38;2;245;191;44m[48;2;252;187;38m▀[0m[38;2;209;132;23m[48;2;239;149;20m▀[0m[38;2;169;98;22m[48;2;206;117;15m▀[0m[38;2;131;83;36m[48;2;161;93;20m▀[0m[38;2;120;78;38m[48;2;150;86;19m▀[0m[38;2;125;81;37m[48;2;153;89;19m▀[0m[38;2;123;88;55m[48;2;140;91;41m▀[0m[38;2;112;91;68m[48;2;118;89;59m▀[0m[38;2;82;69;47m[48;2;83;68;43m▀[0m[38;2;66;58;33m[48;2;66;58;33m▀[0m[38;2;96;77;52m[48;2;96;77;52m▀[0m[38;2;118;92;67m[48;2;118;92;67m▀[0m[38;2;117;91;66m[48;2;117;91;66m▀[0m[38;2;116;91;66m[48;2;116;91;66m▀[0m[38;2;118;92;67m[48;2;119;92;67m▀[0m[38;2;99;80;55m[48;2;100;80;55m▀[0m[38;2;67;59;34m[48;2;68;60;34m▀[0m[38;2;80;67;42m[48;2;81;68;42m▀[0m[38;2;113;89;64m[48;2;114;90;65m▀[0m[38;2;118;92;67m[48;2;120;94;68m▀[0m[38;2;115;90;65m[48;2;116;91;66m▀[0m[38;2;119;93;67m[48;2;108;85;62m▀[0m[38;2;123;96;68m[48;2;102;80;60m▀[0m[38;2;130;101;71m[48;2;108;84;62m▀[0m[38;2;110;86;63m[48;2;91;72;55m▀[0m[38;2;43;36;36m[48;2;38;33;33m▀[0m[38;2;9;11;23m[48;2;8;10;20m▀[0m
[38;2;128;71;21m[48;2;129;71;22m▀[0m[38;2;165;110;29m[48;2;166;110;30m▀[0m[38;2;224;172;43m[48;2;227;175;43m▀[0m[38;2;248;202;47m[48;2;241;199;49m▀[0m[38;2;255;200;44m[48;2;236;188;47m▀[0m[38;2;250;179;34m[48;2;223;155;33m▀[0m[38;2;236;152;23m[48;2;205;117;16m▀[0m[38;2;236;143;19m[48;2;203;115;15m▀[0m[38;2;210;123;17m[48;2;175;105;18m▀[0m[38;2;104;61;14m[48;2;66;43;17m▀[0m[38;2;35;26;23m[48;2;5;13;31m▀[0m[38;2;49;49;55m[48;2;54;58;71m▀[0m[38;2;69;70;79m[48;2;85;85;93m▀[0m[38;2;82;82;90m[48;2;81;81;89m▀[0m[38;2;76;76;84m[48;2;61;61;69m▀[0m[38;2;57;57;65m[48;2;33;33;41m▀[0m[38;2;73;73;81m[48;2;68;68;76m▀[0m[38;2;115;115;123m[48;2;142;142;150m▀[0m[38;2;169;169;177m[48;2;190;190;198m▀[0m[38;2;220;220;228m[48;2;222;222;231m▀[0m[38;2;227;227;235m[48;2;226;226;234m▀[0m[38;2;221;221;229m[48;2;222;222;230m▀[0m[38;2;221;221;229m[48;2;224;224;232m▀[0m[38;2;221;221;229m[48;2;224;224;232m▀[0m[38;2;221;221;229m[48;2;223;223;231m▀[0m[38;2;224;224;232m[48;2;225;225;233m▀[0m[38;2;237;237;245m[48;2;235;235;243m▀[0m[38;2;167;167;175m[48;2;179;179;187m▀[0m[38;2;28;28;36m[48;2;64;64;72m▀[0m[38;2;3;3;12m[48;2;23;23;31m▀[0m[38;2;55;55;63m[48;2;34;34;42m▀[0m[38;2;60;60;68m[48;2;33;33;40m▀[0m[38;2;51;51;59m[48;2;36;36;44m▀[0m[38;2;44;44;52m[48;2;64;64;72m▀[0m[38;2;34;34;42m[48;2;87;87;95m▀[0m[38;2;7;7;15m[48;2;60;60;68m▀[0m[38;2;20;20;28m[48;2;72;72;80m▀[0m[38;2;118;118;126m[48;2;181;181;189m▀[0m[38;2;192;192;200m[48;2;247;247;255m▀[0m[38;2;215;215;223m[48;2;237;237;245m▀[0m[38;2;227;227;234m[48;2;214;214;223m▀[0m[38;2;227;227;233m[48;2;181;182;191m▀[0m[38;2;221;222;231m[48;2;190;190;199m▀[0m[38;2;211;213;225m[48;2;226;226;234m▀[0m[38;2;215;206;206m[48;2;234;237;249m▀[0m[38;2;221;200;181m[48;2;224;230;247m▀[0m[38;2;210;185;161m[48;2;184;192;206m▀[0m[38;2;198;176;149m[48;2;147;153;163m▀[0m[38;2;209;194;162m[48;2;161;163;169m▀[0m[38;2;192;183;149m[48;2;151;148;155m▀[0m[38;2;96;93;70m[48;2;55;59;75m▀[0m[38;2;80;60;18m[48;2;33;20;21m▀[0m[38;2;198;129;20m[48;2;132;75;14m▀[0m[38;2;255;161;21m[48;2;184;105;13m▀[0m[38;2;244;146;17m[48;2;177;105;16m▀[0m[38;2;233;136;15m[48;2;177;106;17m▀[0m[38;2;221;129;16m[48;2;179;107;16m▀[0m[38;2;217;127;16m[48;2;197;116;15m▀[0m[38;2;211;124;16m[48;2;212;124;15m▀[0m[38;2;178;105;23m[48;2;182;107;23m▀[0m[38;2;134;82;31m[48;2;136;83;31m▀[0m[38;2;88;64;30m[48;2;88;64;30m▀[0m[38;2;65;58;34m[48;2;65;58;34m▀[0m[38;2;95;78;54m[48;2;97;79;54m▀[0m[38;2;118;92;67m[48;2;121;94;68m▀[0m[38;2;117;91;66m[48;2;120;93;68m▀[0m[38;2;117;92;67m[48;2;116;91;65m▀[0m[38;2;121;94;69m[48;2;111;87;61m▀[0m[38;2;103;83;57m[48;2;89;73;49m▀[0m[38;2;70;62;35m[48;2;57;51;33m▀[0m[38;2;85;71;43m[48;2;65;55;38m▀[0m[38;2;120;94;67m[48;2;92;73;56m▀[0m[38;2;130;102;73m[48;2;101;80;61m▀[0m[38;2;122;95;68m[48;2;94;74;57m▀[0m[38;2;77;62;50m[48;2;50;41;38m▀[0m[38;2;38;33;34m[48;2;3;6;19m▀[0m[38;2;39;34;36m[48;2;2;6;20m▀[0m[38;2;37;32;33m[48;2;7;8;20m▀[0m[38;2;29;25;29m[48;2;7;7;21m▀[0m[38;2;8;8;21m▀[0m
[38;2;130;74;24m▀[0m[38;2;150;93;26m[48;2;114;61;17m▀[0m[38;2;156;99;27m[48;2;126;69;21m▀[0m[38;2;175;114;32m[48;2;136;74;23m▀[0m[38;2;165;107;30m[48;2;126;68;21m▀[0m[38;2;169;104;27m[48;2;135;77;23m▀[0m[38;2;159;93;24m[48;2;129;77;24m▀[0m[38;2;102;62;24m[48;2;55;36;24m▀[0m[38;2;43;32;24m[48;2;0;2;24m▀[0m[38;2;19;17;21m[48;2;3;8;23m▀[0m[38;2;16;18;28m[48;2;20;19;27m▀[0m[38;2;44;45;54m[48;2;32;32;40m▀[0m[38;2;61;60;68m[48;2;38;38;46m▀[0m[38;2;60;60;68m[48;2;35;35;43m▀[0m[38;2;38;38;46m[48;2;40;40;48m▀[0m[38;2;4;4;12m[48;2;58;58;64m▀[0m[38;2;73;73;81m[48;2;128;128;134m▀[0m[38;2;197;197;205m[48;2;220;220;228m▀[0m[38;2;229;229;238m[48;2;233;233;240m▀[0m[38;2;224;224;233m[48;2;215;215;221m▀[0m[38;2;224;224;232m[48;2;220;220;226m▀[0m[38;2;222;222;230m[48;2;221;221;229m▀[0m[38;2;226;226;234m[48;2;201;201;209m▀[0m[38;2;227;227;235m[48;2;193;193;201m▀[0m[38;2;224;224;232m[48;2;215;215;223m▀[0m[38;2;224;224;232m[48;2;229;229;237m▀[0m[38;2;230;230;238m[48;2;227;227;235m▀[0m[38;2;198;198;206m[48;2;212;212;220m▀[0m[38;2;130;130;138m[48;2;180;180;188m▀[0m[38;2;67;67;75m[48;2;136;136;144m▀[0m[38;2;13;13;21m[48;2;88;88;96m▀[0m[38;2;0;0;0m[48;2;69;69;74m▀[0m[38;2;5;5;13m[48;2;76;76;84m▀[0m[38;2;105;105;113m[48;2;158;158;166m▀[0m[38;2;200;200;208m[48;2;238;238;246m▀[0m[38;2;201;201;209m[48;2;245;245;254m▀[0m[38;2;194;194;202m[48;2;239;239;247m▀[0m[38;2;214;214;222m[48;2;239;239;247m▀[0m[38;2;231;231;239m[48;2;220;220;229m▀[0m[38;2;248;248;255m[48;2;179;181;190m▀[0m[38;2;187;188;196m[48;2;118;117;123m▀[0m[38;2;56;58;68m[48;2;41;34;32m▀[0m[38;2;86;87;97m[48;2;58;52;52m▀[0m[38;2;219;219;227m[48;2;142;141;148m▀[0m[38;2;251;252;255m[48;2;202;203;212m▀[0m[38;2;226;227;237m[48;2;230;230;238m▀[0m[38;2;142;144;155m[48;2;135;136;147m▀[0m[38;2;66;67;75m[48;2;38;37;46m▀[0m[38;2;94;82;75m[48;2;72;55;43m▀[0m[38;2;124;102;83m[48;2;117;88;58m▀[0m[38;2;112;90;70m[48;2;132;101;68m▀[0m[38;2;88;68;52m[48;2;116;91;67m▀[0m[38;2;51;38;28m[48;2;59;51;48m▀[0m[38;2;36;24;17m[48;2;24;26;36m▀[0m[38;2;42;30;20m[48;2;11;17;33m▀[0m[38;2;39;29;20m[48;2;8;17;37m▀[0m[38;2;38;27;19m[48;2;16;25;44m▀[0m[38;2;88;52;16m[48;2;59;49;46m▀[0m[38;2;153;88;18m[48;2;114;78;47m▀[0m[38;2;151;96;41m[48;2;116;85;53m▀[0m[38;2;121;91;61m[48;2;97;81;56m▀[0m[38;2;84;69;44m[48;2;78;67;42m▀[0m[38;2;66;58;33m[48;2;67;59;33m▀[0m[38;2;100;80;54m[48;2;77;63;45m▀[0m[38;2;126;97;70m[48;2;86;68;54m▀[0m[38;2;126;98;70m[48;2;88;69;55m▀[0m[38;2;113;89;62m[48;2;78;63;49m▀[0m[38;2;87;72;43m[48;2;56;49;33m▀[0m[38;2;58;50;32m[48;2;35;32;23m▀[0m[38;2;28;27;28m[48;2;15;16;23m▀[0m[38;2;23;22;27m[48;2;4;7;20m▀[0m[38;2;31;28;31m[48;2;5;8;18m▀[0m[38;2;34;30;33m[48;2;5;8;20m▀[0m[38;2;31;28;31m[48;2;5;7;19m▀[0m[38;2;25;23;28m[48;2;3;7;18m▀[0m[38;2;0;6;20m▀[0m[38;2;0;6;20m▀[0m[38;2;7;7;15m▀[0m[38;2;0;0;0m▀[0m 
 [38;2;170;85;0m▀[0m[38;2;127;63;15m▀[0m[38;2;141;85;28m▀[0m[38;2;127;70;28m▀[0m[38;2;141;85;28m▀[0m[38;2;127;85;28m▀[0m[38;2;56;42;28m▀[0m[38;2;9;9;27m▀[0m[38;2;14;14;23m[48;2;17;17;23m▀[0m[38;2;18;18;26m[48;2;17;17;23m▀[0m[38;2;19;19;28m[48;2;13;13;22m▀[0m[38;2;16;16;24m[48;2;8;8;17m▀[0m[38;2;8;8;17m[48;2;0;0;6m▀[0m[38;2;57;57;63m[48;2;48;48;54m▀[0m[38;2;153;153;154m[48;2;103;103;106m▀[0m[38;2;204;204;207m[48;2;175;175;180m▀[0m[38;2;222;222;230m[48;2;232;232;240m▀[0m[38;2;210;210;215m[48;2;181;181;186m▀[0m[38;2;190;190;190m[48;2;109;109;113m▀[0m[38;2;210;210;214m[48;2;172;172;178m▀[0m[38;2;220;220;228m[48;2;233;233;241m▀[0m[38;2;163;163;172m[48;2;180;180;186m▀[0m[38;2;140;140;148m[48;2;142;142;147m▀[0m[38;2;196;196;205m[48;2;167;167;174m▀[0m[38;2;231;231;239m[48;2;197;197;205m▀[0m[38;2;225;225;233m[48;2;224;224;232m▀[0m[38;2;221;221;229m[48;2;236;236;244m▀[0m[38;2;217;217;225m[48;2;233;233;242m▀[0m[38;2;214;214;222m[48;2;220;220;229m▀[0m[38;2;212;212;220m[48;2;204;204;212m▀[0m[38;2;209;209;216m[48;2;221;221;229m▀[0m[38;2;207;207;215m[48;2;247;247;255m▀[0m[38;2;215;215;223m[48;2;239;239;247m▀[0m[38;2;223;223;231m[48;2;224;224;232m▀[0m[38;2;224;224;233m[48;2;222;222;228m▀[0m[38;2;226;226;235m[48;2;207;207;211m▀[0m[38;2;244;244;252m[48;2;166;166;174m▀[0m[38;2;200;201;209m[48;2;117;116;122m▀[0m[38;2;66;69;80m[48;2;60;52;50m▀[0m[38;2;32;27;28m[48;2;63;46;31m▀[0m[38;2;97;76;55m[48;2;122;94;65m▀[0m[38;2;81;64;47m[48;2;92;72;52m▀[0m[38;2;27;25;30m[48;2;16;14;19m▀[0m[38;2;112;114;124m[48;2;71;74;84m▀[0m[38;2;226;226;234m[48;2;162;162;170m▀[0m[38;2;148;149;159m[48;2;114;115;124m▀[0m[38;2;47;46;54m[48;2;48;48;56m▀[0m[38;2;80;64;52m[48;2;68;59;56m▀[0m[38;2;121;94;65m[48;2;90;75;63m▀[0m[38;2;123;95;66m[48;2;81;66;54m▀[0m[38;2;120;94;67m[48;2;75;60;48m▀[0m[38;2;118;92;66m[48;2;80;63;49m▀[0m[38;2;95;78;61m[48;2;79;66;57m▀[0m[38;2;52;49;53m[48;2;70;67;72m▀[0m[38;2;48;51;62m[48;2;74;76;85m▀[0m[38;2;73;74;82m[48;2;88;88;95m▀[0m[38;2;83;83;91m[48;2;81;83;93m▀[0m[38;2;87;84;89m[48;2;65;69;83m▀[0m[38;2;79;72;61m[48;2;60;61;62m▀[0m[38;2;69;60;32m[48;2;57;53;41m▀[0m[38;2;70;60;30m[48;2;52;47;34m▀[0m[38;2;64;57;33m[48;2;42;38;28m▀[0m[38;2;39;34;30m[48;2;22;21;22m▀[0m[38;2;21;20;28m[48;2;0;5;18m▀[0m[38;2;23;21;28m[48;2;1;5;18m▀[0m[38;2;23;21;28m[48;2;5;8;20m▀[0m[38;2;22;21;28m[48;2;10;11;23m▀[0m[38;2;19;19;23m[48;2;10;12;22m▀[0m[38;2;18;18;24m▀[0m[38;2;0;14;28m▀[0m[38;2;14;14;14m▀[0m[38;2;14;14;28m▀[0m[38;2;14;14;14m▀[0m[38;2;0;0;36m▀[0m     
         [38;2;0;0;0m▀[0m[38;2;0;0;0m▀[0m[38;2;0;0;0m▀[0m[38;2;0;0;0m▀[0m[38;2;0;0;0m▀[0m[38;2;3;3;3m[48;2;0;0;0m▀[0m[38;2;4;4;12m[48;2;0;0;0m▀[0m[38;2;99;99;107m[48;2;61;61;68m▀[0m[38;2;220;220;228m[48;2;113;113;122m▀[0m[38;2;138;138;146m[48;2;80;80;89m▀[0m[38;2;18;18;26m[48;2;0;0;4m▀[0m[38;2;116;116;126m[48;2;65;65;72m▀[0m[38;2;228;228;236m[48;2;122;122;131m▀[0m[38;2;210;210;212m[48;2;193;193;198m▀[0m[38;2;172;172;172m[48;2;213;213;216m▀[0m[38;2;138;138;143m[48;2;138;138;144m▀[0m[38;2;144;144;153m[48;2;93;93;101m▀[0m[38;2;204;204;212m[48;2;100;100;108m▀[0m[38;2;233;233;241m[48;2;141;141;147m▀[0m[38;2;230;230;238m[48;2;206;206;210m▀[0m[38;2;190;190;198m[48;2;169;169;174m▀[0m[38;2;135;135;143m[48;2;75;75;83m▀[0m[38;2;165;165;173m[48;2;74;74;80m▀[0m[38;2;222;222;230m[48;2;113;113;122m▀[0m[38;2;231;231;240m[48;2;174;174;180m▀[0m[38;2;221;221;230m[48;2;210;210;213m▀[0m[38;2;210;210;213m[48;2;150;150;153m▀[0m[38;2;168;168;168m[48;2;79;79;83m▀[0m[38;2;61;62;70m[48;2;22;23;31m▀[0m[38;2;22;18;22m[48;2;9;7;13m▀[0m[38;2;89;69;52m[48;2;54;43;38m▀[0m[38;2;124;96;68m[48;2;73;59;48m▀[0m[38;2;122;95;66m[48;2;66;53;44m▀[0m[38;2;94;76;61m[48;2;66;58;55m▀[0m[38;2;52;50;55m[48;2;72;71;78m▀[0m[38;2;59;61;71m[48;2;75;76;85m▀[0m[38;2;84;84;92m[48;2;76;76;84m▀[0m[38;2;69;69;77m[48;2;64;64;72m▀[0m[38;2;49;49;57m[48;2;49;49;57m▀[0m[38;2;51;50;58m[48;2;37;38;48m▀[0m[38;2;48;48;56m[48;2;25;27;38m▀[0m[38;2;28;28;36m[48;2;15;17;27m▀[0m[38;2;14;14;22m[48;2;0;4;14m▀[0m[38;2;12;11;19m[48;2;0;0;12m▀[0m[38;2;31;31;39m[48;2;20;21;31m▀[0m[38;2;73;72;80m[48;2;43;43;51m▀[0m[38;2;88;88;96m[48;2;60;59;68m▀[0m[38;2;84;84;92m[48;2;66;66;75m▀[0m[38;2;69;69;77m[48;2;62;62;70m▀[0m[38;2;50;50;58m[48;2;50;50;58m▀[0m[38;2;49;49;57m[48;2;41;42;51m▀[0m[38;2;50;49;57m[48;2;32;32;42m▀[0m[38;2;32;32;40m[48;2;21;21;34m▀[0m[38;2;15;15;22m[48;2;8;8;20m▀[0m[38;2;11;11;20m[48;2;0;0;16m▀[0m[38;2;0;0;0m▀[0m[38;2;0;0;0m▀[0m[38;2;0;0;0m▀[0m[38;2;0;0;0m▀[0m[38;2;0;0;0m▀[0m           
                [38;2;8;8;17m[48;2;0;0;0m▀[0m[38;2;10;10;19m[48;2;0;0;0m▀[0m[38;2;9;9;18m[48;2;0;0;0m▀[0m [38;2;0;0;0m[48;2;0;0;0m▀[0m[38;2;17;17;26m[48;2;0;0;7m▀[0m[38;2;148;148;156m[48;2;72;72;80m▀[0m[38;2;214;214;223m[48;2;100;100;109m▀[0m[38;2;134;134;142m[48;2;96;96;104m▀[0m[38;2;59;59;67m[48;2;75;75;82m▀[0m[38;2;12;12;20m[48;2;37;37;45m▀[0m[38;2;50;50;56m[48;2;39;39;46m▀[0m[38;2;160;160;161m[48;2;74;74;79m▀[0m[38;2;134;134;136m[48;2;64;64;70m▀[0m[38;2;24;24;33m[48;2;14;14;21m▀[0m[38;2;0;0;0m[48;2;0;0;0m▀[0m[38;2;8;8;16m[48;2;0;0;0m▀[0m[38;2;104;104;107m[48;2;56;56;62m▀[0m[38;2;172;172;172m[48;2;76;76;82m▀[0m[38;2;84;84;89m[48;2;41;41;48m▀[0m[38;2;4;4;13m[48;2;6;6;15m▀[0m[38;2;9;9;16m[48;2;8;8;15m▀[0m[38;2;15;15;23m[48;2;16;16;24m▀[0m[38;2;13;14;22m[48;2;5;8;21m▀[0m[38;2;11;11;20m[48;2;0;2;16m▀[0m[38;2;9;9;18m[48;2;0;2;13m▀[0m[38;2;33;34;43m[48;2;23;23;34m▀[0m[38;2;75;75;84m[48;2;39;39;48m▀[0m[38;2;87;87;95m[48;2;55;55;64m▀[0m[38;2;82;82;90m[48;2;63;63;71m▀[0m[38;2;68;68;76m[48;2;61;61;69m▀[0m[38;2;48;48;56m[48;2;50;50;58m▀[0m[38;2;29;29;38m[48;2;31;31;40m▀[0m[38;2;12;12;21m[48;2;12;12;21m▀[0m[38;2;9;9;16m[48;2;9;9;15m▀[0m  [38;2;11;11;16m[48;2;0;0;0m▀[0m[38;2;11;11;19m[48;2;3;3;13m▀[0m[38;2;25;25;32m[48;2;18;18;25m▀[0m[38;2;44;44;52m[48;2;26;26;34m▀[0m[38;2;51;51;59m[48;2;32;32;41m▀[0m[38;2;49;49;57m[48;2;30;30;39m▀[0m[38;2;33;33;42m[48;2;24;24;32m▀[0m[38;2;15;15;22m[48;2;10;10;18m▀[0m[38;2;10;10;20m[48;2;7;7;15m▀[0m                  
                      [38;2;0;0;1m[48;2;0;0;0m▀[0m[38;2;11;11;19m[48;2;0;0;9m▀[0m[38;2;57;57;66m[48;2;29;29;37m▀[0m[38;2;76;76;84m[48;2;34;34;43m▀[0m[38;2;58;58;66m[48;2;30;30;38m▀[0m[38;2;35;35;44m[48;2;21;21;30m▀[0m[38;2;12;12;20m[48;2;5;5;14m▀[0m[38;2;0;0;10m[48;2;0;0;0m▀[0m[38;2;0;0;0m▀[0m  [38;2;4;4;11m[48;2;0;0;0m▀[0m[38;2;6;6;15m[48;2;0;0;7m▀[0m[38;2;13;13;23m[48;2;7;7;19m▀[0m[38;2;17;17;24m[48;2;17;17;25m▀[0m[38;2;16;16;25m[48;2;17;17;17m▀[0m    [38;2;8;8;12m[48;2;0;0;0m▀[0m[38;2;9;9;18m[48;2;4;4;12m▀[0m[38;2;25;25;35m[48;2;18;18;28m▀[0m[38;2;43;43;51m[48;2;23;23;30m▀[0m[38;2;48;48;57m[48;2;26;26;35m▀[0m[38;2;45;45;53m[48;2;24;24;32m▀[0m[38;2;29;29;38m[48;2;23;23;30m▀[0m[38;2;14;14;22m[48;2;12;12;21m▀[0m[38;2;13;13;17m[48;2;12;12;24m▀[0m    [38;2;13;13;22m[48;2;19;19;19m▀[0m[38;2;14;14;22m[48;2;13;13;21m▀[0m[38;2;15;15;24m[48;2;11;11;23m▀[0m[38;2;13;13;23m[48;2;11;11;19m▀[0m[38;2;13;13;22m[48;2;8;8;17m▀[0m                    
                       [38;2;0;0;0m▀[0m[38;2;8;8;17m▀[0m[38;2;12;12;21m▀[0m[38;2;15;15;23m▀[0m[38;2;13;13;21m▀[0m[38;2;0;0;15m▀[0m               [38;2;11;11;22m▀[0m[38;2;13;13;20m▀[0m[38;2;15;15;24m▀[0m[38;2;13;13;21m▀[0m[38;2;13;13;21m▀[0m                               
[0m