               [38;2;16;16;16m▄[0m[38;2;16;16;16m[48;2;90;82;82m▀[0m[38;2;16;16;16m[48;2;16;16;16m▀[0m        [38;2;16;16;16m▄[0m[38;2;16;16;16m▄[0m              
              [38;2;16;16;16m[48;2;16;16;16m▀[0m[38;2;90;82;82m[48;2;90;82;82m▀[0m[38;2;16;16;16m[48;2;16;16;16m▀[0m[38;2;16;16;16m▀[0m      [38;2;16;16;16m▄[0m[38;2;16;16;16m[48;2;16;16;16m▀[0m[38;2;16;16;16m[48;2;90;82;82m▀[0m[38;2;16;16;16m[48;2;16;16;16m▀[0m              
             [38;2;16;16;16m[48;2;16;16;16m▀[0m[38;2;90;82;82m[48;2;90;82;82m▀[0m[38;2;16;16;16m[48;2;16;16;16m▀[0m[38;2;16;16;16m[48;2;16;16;16m▀[0m     [38;2;16;16;16m▄[0m[38;2;16;16;16m[48;2;90;82;82m▀[0m[38;2;90;82;82m[48;2;90;82;82m▀[0m[38;2;90;82;82m[48;2;16;16;16m▀[0m[38;2;16;16;16m▀[0m               
            [38;2;16;16;16m[48;2;16;16;16m▀[0m[38;2;16;16;16m[48;2;16;16;16m▀[0m[38;2;16;16;16m[48;2;16;16;16m▀[0m[38;2;16;16;16m[48;2;16;16;16m▀[0m     [38;2;16;16;16m[48;2;16;16;16m▀[0m[38;2;90;82;82m[48;2;16;16;16m▀[0m[38;2;90;82;82m[48;2;16;16;16m▀[0m[38;2;16;16;16m[48;2;16;16;16m▀[0m[38;2;16;16;16m▀[0m                
            [38;2;16;16;16m[48;2;16;16;16m▀[0m[38;2;16;16;16m[48;2;16;16;16m▀[0m[38;2;16;16;16m[48;2;16;16;16m▀[0m[38;2;16;16;16m[48;2;16;16;16m▀[0m[38;2;16;16;16m▄[0m   [38;2;16;16;16m[48;2;16;16;16m▀[0m[38;2;16;16;16m[48;2;16;16;16m▀[0m[38;2;16;16;16m[48;2;16;16;16m▀[0m[38;2;16;16;16m[48;2;16;16;16m▀[0m[38;2;16;16;16m[48;2;16;16;16m▀[0m                 
             [38;2;16;16;16m[48;2;16;16;16m▀[0m[38;2;16;16;16m[48;2;16;16;16m▀[0m[38;2;16;16;16m[48;2;16;16;16m▀[0m[38;2;16;16;16m[48;2;16;16;16m▀[0m[38;2;172;82;0m▄[0m[38;2;172;82;0m▄[0m[38;2;172;82;0m▄[0m[38;2;16;16;16m[48;2;172;82;0m▀[0m[38;2;16;16;16m[48;2;16;16;16m▀[0m[38;2;16;16;16m[48;2;16;16;16m▀[0m[38;2;16;16;16m[48;2;16;16;16m▀[0m                  
          [38;2;213;123;41m▄[0m[38;2;213;123;41m[48;2;255;172;0m▀[0m[38;2;213;123;41m[48;2;255;172;0m▀[0m[38;2;255;172;0m[48;2;255;205;57m▀[0m[38;2;255;205;57m[48;2;255;205;57m▀[0m[38;2;255;205;57m[48;2;255;205;57m▀[0m[38;2;255;205;57m[48;2;255;205;57m▀[0m[38;2;255;205;57m[48;2;255;205;57m▀[0m[38;2;255;172;0m[48;2;255;205;57m▀[0m[38;2;255;172;0m[48;2;255;172;0m▀[0m[38;2;255;172;0m[48;2;255;172;0m▀[0m[38;2;213;123;41m[48;2;255;172;0m▀[0m[38;2;172;82;0m[48;2;255;172;0m▀[0m[38;2;16;16;16m[48;2;255;172;0m▀[0m[38;2;16;16;16m▄[0m                 
       [38;2;90;82;82m▄[0m[38;2;90;82;82m[48;2;213;205;205m▀[0m[38;2;90;82;82m[48;2;255;255;255m▀[0m[38;2;255;172;0m[48;2;213;123;41m▀[0m[38;2;255;172;0m[48;2;255;172;0m▀[0m[38;2;255;205;57m[48;2;255;205;57m▀[0m[38;2;255;205;57m[48;2;255;205;57m▀[0m[38;2;255;205;57m[48;2;255;205;57m▀[0m[38;2;255;205;57m[48;2;255;205;57m▀[0m[38;2;255;205;57m[48;2;255;205;57m▀[0m[38;2;255;205;57m[48;2;255;205;57m▀[0m[38;2;255;205;57m[48;2;255;172;0m▀[0m[38;2;255;172;0m[48;2;255;172;0m▀[0m[38;2;255;172;0m[48;2;255;172;0m▀[0m[38;2;255;172;0m[48;2;213;123;41m▀[0m[38;2;255;172;0m[48;2;255;255;255m▀[0m[38;2;255;172;0m[48;2;255;255;255m▀[0m[38;2;255;172;0m[48;2;255;255;255m▀[0m[38;2;172;82;0m[48;2;90;82;82m▀[0m[38;2;172;82;0m▄[0m               
      [38;2;172;164;164m▄[0m[38;2;172;164;164m[48;2;90;82;82m▀[0m[38;2;255;255;255m[48;2;255;255;255m▀[0m[38;2;90;82;82m[48;2;16;16;16m▀[0m[38;2;172;164;164m[48;2;213;205;205m▀[0m[38;2;213;123;41m[48;2;213;123;41m▀[0m[38;2;255;172;0m[48;2;255;172;0m▀[0m[38;2;255;205;57m[48;2;255;172;0m▀[0m[38;2;255;205;57m[48;2;255;172;0m▀[0m[38;2;255;205;57m[48;2;255;172;0m▀[0m[38;2;255;205;57m[48;2;255;172;0m▀[0m[38;2;255;172;0m[48;2;255;172;0m▀[0m[38;2;255;172;0m[48;2;255;172;0m▀[0m[38;2;255;172;0m[48;2;213;123;41m▀[0m[38;2;213;123;41m[48;2;255;255;255m▀[0m[38;2;255;255;255m[48;2;172;164;164m▀[0m[38;2;172;164;164m[48;2;255;255;255m▀[0m[38;2;90;82;82m[48;2;255;255;255m▀[0m[38;2;90;82;82m[48;2;16;16;16m▀[0m[38;2;255;255;255m[48;2;16;16;16m▀[0m[38;2;90;82;82m[48;2;255;255;255m▀[0m[38;2;16;16;16m[48;2;16;16;16m▀[0m[38;2;213;123;41m▄[0m[38;2;16;16;16m▄[0m            
      [38;2;172;164;164m[48;2;172;164;164m▀[0m[38;2;90;82;82m[48;2;90;82;82m▀[0m[38;2;16;16;16m[48;2;16;16;16m▀[0m[38;2;16;16;16m[48;2;90;82;82m▀[0m[38;2;213;205;205m[48;2;172;164;164m▀[0m[38;2;213;123;41m[48;2;213;123;41m▀[0m[38;2;255;172;0m[48;2;255;172;0m▀[0m[38;2;255;172;0m[48;2;255;172;0m▀[0m[38;2;255;172;0m[48;2;255;172;0m▀[0m[38;2;255;172;0m[48;2;255;172;0m▀[0m[38;2;255;172;0m[48;2;255;172;0m▀[0m[38;2;255;172;0m[48;2;255;172;0m▀[0m[38;2;255;172;0m[48;2;255;172;0m▀[0m[38;2;213;123;41m[48;2;213;123;41m▀[0m[38;2;255;255;255m[48;2;255;255;255m▀[0m[38;2;16;16;16m[48;2;16;16;16m▀[0m[38;2;213;205;205m[48;2;16;16;16m▀[0m[38;2;213;205;205m[48;2;90;82;82m▀[0m[38;2;16;16;16m[48;2;90;82;82m▀[0m[38;2;16;16;16m[48;2;16;16;16m▀[0m[38;2;255;255;255m[48;2;213;205;205m▀[0m[38;2;16;16;16m[48;2;16;16;16m▀[0m[38;2;255;172;0m[48;2;255;172;0m▀[0m[38;2;255;172;0m[48;2;255;172;0m▀[0m[38;2;16;16;16m[48;2;16;16;16m▀[0m[38;2;16;16;16m[48;2;16;16;16m▀[0m[38;2;16;16;16m▄[0m         
      [38;2;90;82;82m[48;2;90;82;82m▀[0m[38;2;255;255;255m[48;2;172;164;164m▀[0m[38;2;90;82;82m[48;2;213;205;205m▀[0m[38;2;213;205;205m[48;2;213;123;41m▀[0m[38;2;213;123;41m[48;2;255;172;0m▀[0m[38;2;255;172;0m[48;2;255;172;0m▀[0m[38;2;255;172;0m[48;2;172;82;0m▀[0m[38;2;255;172;0m[48;2;172;82;0m▀[0m[38;2;255;172;0m[48;2;172;82;0m▀[0m[38;2;255;172;0m[48;2;172;82;0m▀[0m[38;2;255;172;0m[48;2;172;82;0m▀[0m[38;2;255;172;0m[48;2;172;82;0m▀[0m[38;2;255;172;0m[48;2;255;172;0m▀[0m[38;2;255;172;0m[48;2;255;172;0m▀[0m[38;2;90;82;82m[48;2;255;172;0m▀[0m[38;2;255;255;255m[48;2;90;82;82m▀[0m[38;2;16;16;16m[48;2;213;205;205m▀[0m[38;2;16;16;16m[48;2;213;205;205m▀[0m[38;2;16;16;16m[48;2;213;205;205m▀[0m[38;2;213;205;205m[48;2;90;82;82m▀[0m[38;2;90;82;82m[48;2;16;16;16m▀[0m[38;2;172;82;0m[48;2;213;123;41m▀[0m[38;2;213;123;41m[48;2;16;16;16m▀[0m[38;2;255;172;0m[48;2;255;172;0m▀[0m[38;2;213;123;41m[48;2;255;172;0m▀[0m[38;2;16;16;16m[48;2;16;16;16m▀[0m[38;2;90;82;82m[48;2;90;82;82m▀[0m[38;2;16;16;16m[48;2;90;82;82m▀[0m[38;2;16;16;16m▄[0m       
  [38;2;90;82;82m▄[0m[38;2;90;82;82m▄[0m[38;2;90;82;82m▄[0m[38;2;90;82;82m▄[0m [38;2;172;82;0m[48;2;172;82;0m▀[0m[38;2;255;172;0m[48;2;255;172;0m▀[0m[38;2;255;172;0m[48;2;172;82;0m▀[0m[38;2;172;82;0m[48;2;246;246;148m▀[0m[38;2;197;189;106m[48;2;246;246;148m▀[0m[38;2;246;246;148m[48;2;246;246;148m▀[0m[38;2;246;246;148m[48;2;246;246;148m▀[0m[38;2;246;246;148m[48;2;246;246;148m▀[0m[38;2;246;246;148m[48;2;246;255;172m▀[0m[38;2;246;246;148m[48;2;246;255;172m▀[0m[38;2;197;189;106m[48;2;246;255;172m▀[0m[38;2;172;82;0m[48;2;246;246;148m▀[0m[38;2;172;82;0m[48;2;197;189;106m▀[0m[38;2;255;172;0m[48;2;172;82;0m▀[0m[38;2;213;123;41m[48;2;213;123;41m▀[0m[38;2;90;82;82m[48;2;213;123;41m▀[0m[38;2;16;16;16m[48;2;213;123;41m▀[0m[38;2;16;16;16m[48;2;213;123;41m▀[0m[38;2;16;16;16m[48;2;213;123;41m▀[0m[38;2;213;123;41m[48;2;213;123;41m▀[0m[38;2;213;123;41m[48;2;213;123;41m▀[0m[38;2;16;16;16m[48;2;172;82;0m▀[0m[38;2;255;172;0m[48;2;255;172;0m▀[0m[38;2;255;172;0m[48;2;255;172;0m▀[0m[38;2;213;123;41m[48;2;255;172;0m▀[0m[38;2;16;16;16m[48;2;16;16;16m▀[0m[38;2;16;16;16m[48;2;16;16;16m▀[0m[38;2;16;16;16m[48;2;16;16;16m▀[0m[38;2;16;16;16m▄[0m      
[38;2;90;82;82m▄[0m[38;2;90;82;82m[48;2;213;205;205m▀[0m[38;2;255;255;255m[48;2;255;255;255m▀[0m[38;2;255;255;255m[48;2;255;255;255m▀[0m[38;2;255;255;255m[48;2;255;255;255m▀[0m[38;2;213;205;205m[48;2;255;255;255m▀[0m[38;2;90;82;82m[48;2;213;205;205m▀[0m[38;2;90;82;82m▄[0m[38;2;213;123;41m[48;2;172;82;0m▀[0m[38;2;172;82;0m[48;2;16;16;16m▀[0m[38;2;246;246;148m[48;2;246;246;148m▀[0m[38;2;246;246;148m[48;2;246;246;148m▀[0m[38;2;246;246;148m[48;2;246;246;148m▀[0m[38;2;246;246;148m[48;2;246;255;172m▀[0m[38;2;246;255;172m[48;2;246;255;172m▀[0m[38;2;246;255;172m[48;2;246;255;172m▀[0m[38;2;246;255;172m[48;2;246;255;172m▀[0m[38;2;246;255;172m[48;2;246;255;172m▀[0m[38;2;246;255;172m[48;2;246;246;148m▀[0m[38;2;246;246;148m[48;2;246;246;148m▀[0m[38;2;246;246;148m[48;2;246;246;148m▀[0m[38;2;172;82;0m[48;2;246;246;148m▀[0m[38;2;172;82;0m[48;2;246;246;148m▀[0m[38;2;213;123;41m[48;2;16;16;16m▀[0m[38;2;213;123;41m[48;2;16;16;16m▀[0m[38;2;213;123;41m[48;2;172;82;0m▀[0m[38;2;213;123;41m[48;2;213;123;41m▀[0m[38;2;172;82;0m[48;2;16;16;16m▀[0m[38;2;172;82;0m[48;2;213;123;41m▀[0m[38;2;213;123;41m[48;2;213;123;41m▀[0m[38;2;255;172;0m[48;2;213;123;41m▀[0m[38;2;255;172;0m[48;2;255;172;0m▀[0m[38;2;213;123;41m[48;2;255;172;0m▀[0m[38;2;16;16;16m[48;2;16;16;16m▀[0m[38;2;16;16;16m[48;2;172;164;164m▀[0m[38;2;16;16;16m[48;2;255;255;255m▀[0m[38;2;16;16;16m[48;2;255;255;255m▀[0m[38;2;16;16;16m[48;2;255;255;255m▀[0m[38;2;16;16;16m[48;2;213;205;205m▀[0m[38;2;16;16;16m▄[0m  
[38;2;90;82;82m[48;2;90;82;82m▀[0m[38;2;255;255;255m[48;2;255;255;255m▀[0m[38;2;255;255;255m[48;2;255;255;255m▀[0m[38;2;255;255;255m[48;2;90;82;82m▀[0m[38;2;90;82;82m[48;2;255;255;255m▀[0m[38;2;16;16;16m[48;2;255;255;255m▀[0m[38;2;213;205;205m[48;2;16;16;16m▀[0m[38;2;90;82;82m[48;2;90;82;82m▀[0m [38;2;172;82;0m▀[0m[38;2;197;189;106m[48;2;172;82;0m▀[0m[38;2;246;246;148m[48;2;197;189;106m▀[0m[38;2;246;246;148m[48;2;246;246;148m▀[0m[38;2;246;246;148m[48;2;246;246;148m▀[0m[38;2;246;255;172m[48;2;246;246;148m▀[0m[38;2;246;255;172m[48;2;246;246;148m▀[0m[38;2;246;255;172m[48;2;246;246;148m▀[0m[38;2;246;246;148m[48;2;246;246;148m▀[0m[38;2;246;246;148m[48;2;246;246;148m▀[0m[38;2;246;246;148m[48;2;246;246;148m▀[0m[38;2;246;246;148m[48;2;246;246;148m▀[0m[38;2;246;246;148m[48;2;197;189;106m▀[0m[38;2;197;189;106m[48;2;197;189;106m▀[0m[38;2;197;189;106m[48;2;172;82;0m▀[0m[38;2;172;82;0m[48;2;213;123;41m▀[0m[38;2;213;123;41m[48;2;16;16;16m▀[0m[38;2;16;16;16m[48;2;213;123;41m▀[0m[38;2;213;123;41m[48;2;213;123;41m▀[0m[38;2;213;123;41m[48;2;213;123;41m▀[0m[38;2;213;123;41m[48;2;213;123;41m▀[0m[38;2;213;123;41m[48;2;213;123;41m▀[0m[38;2;213;123;41m[48;2;213;123;41m▀[0m[38;2;90;82;82m[48;2;90;82;82m▀[0m[38;2;172;164;164m[48;2;172;164;164m▀[0m[38;2;255;255;255m[48;2;16;16;16m▀[0m[38;2;255;255;255m[48;2;16;16;16m▀[0m[38;2;255;255;255m[48;2;255;255;255m▀[0m[38;2;255;255;255m[48;2;255;255;255m▀[0m[38;2;255;255;255m[48;2;255;255;255m▀[0m[38;2;213;205;205m[48;2;213;205;205m▀[0m[38;2;16;16;16m[48;2;16;16;16m▀[0m 
[38;2;90;82;82m▀[0m[38;2;213;205;205m[48;2;90;82;82m▀[0m[38;2;213;205;205m[48;2;172;164;164m▀[0m[38;2;90;82;82m[48;2;172;164;164m▀[0m[38;2;255;255;255m[48;2;16;16;16m▀[0m[38;2;255;255;255m[48;2;16;16;16m▀[0m[38;2;16;16;16m[48;2;90;82;82m▀[0m[38;2;90;82;82m[48;2;131;98;65m▀[0m[38;2;16;16;16m▄[0m[38;2;16;16;16m▄[0m[38;2;172;82;0m[48;2;172;82;0m▀[0m[38;2;16;16;16m[48;2;213;123;41m▀[0m[38;2;16;16;16m[48;2;213;123;41m▀[0m[38;2;197;189;106m[48;2;16;16;16m▀[0m[38;2;246;246;148m[48;2;16;16;16m▀[0m[38;2;246;246;148m[48;2;197;189;106m▀[0m[38;2;246;246;148m[48;2;197;189;106m▀[0m[38;2;246;246;148m[48;2;197;189;106m▀[0m[38;2;197;189;106m[48;2;197;189;106m▀[0m[38;2;197;189;106m[48;2;197;189;106m▀[0m[38;2;197;189;106m[48;2;16;16;16m▀[0m[38;2;197;189;106m[48;2;16;16;16m▀[0m[38;2;172;82;0m[48;2;156;131;0m▀[0m[38;2;16;16;16m[48;2;156;131;0m▀[0m[38;2;16;16;16m[48;2;197;189;106m▀[0m[38;2;156;131;0m[48;2;197;189;106m▀[0m[38;2;156;131;0m[48;2;197;189;106m▀[0m[38;2;213;123;41m[48;2;156;131;0m▀[0m[38;2;213;123;41m[48;2;156;131;0m▀[0m[38;2;213;123;41m[48;2;213;123;41m▀[0m[38;2;213;123;41m[48;2;213;123;41m▀[0m[38;2;213;123;41m[48;2;213;123;41m▀[0m[38;2;90;82;82m[48;2;213;123;41m▀[0m[38;2;16;16;16m[48;2;16;16;16m▀[0m[38;2;255;255;255m[48;2;255;255;255m▀[0m[38;2;255;255;255m[48;2;255;255;255m▀[0m[38;2;90;82;82m[48;2;16;16;16m▀[0m[38;2;255;255;255m[48;2;213;205;205m▀[0m[38;2;213;205;205m[48;2;213;205;205m▀[0m[38;2;213;205;205m[48;2;172;164;164m▀[0m[38;2;16;16;16m[48;2;16;16;16m▀[0m 
  [38;2;16;16;16m▀[0m[38;2;16;16;16m▀[0m[38;2;82;57;32m▀[0m[38;2;82;57;32m▀[0m[38;2;16;16;16m▀[0m[38;2;131;98;65m[48;2;16;16;16m▀[0m[38;2;131;98;65m[48;2;16;16;16m▀[0m[38;2;131;98;65m[48;2;131;98;65m▀[0m[38;2;16;16;16m[48;2;131;98;65m▀[0m[38;2;16;16;16m[48;2;131;98;65m▀[0m[38;2;156;131;0m[48;2;16;16;16m▀[0m[38;2;156;131;0m[48;2;246;246;148m▀[0m[38;2;197;189;106m[48;2;246;246;148m▀[0m[38;2;172;82;0m[48;2;246;246;148m▀[0m[38;2;16;16;16m[48;2;197;189;106m▀[0m[38;2;16;16;16m[48;2;156;131;0m▀[0m[38;2;16;16;16m[48;2;197;189;106m▀[0m[38;2;16;16;16m[48;2;197;189;106m▀[0m[38;2;156;131;0m[48;2;197;189;106m▀[0m[38;2;197;189;106m[48;2;197;189;106m▀[0m[38;2;197;189;106m[48;2;197;189;106m▀[0m[38;2;197;189;106m[48;2;197;189;106m▀[0m[38;2;197;189;106m[48;2;197;189;106m▀[0m[38;2;197;189;106m[48;2;197;189;106m▀[0m[38;2;197;189;106m[48;2;197;189;106m▀[0m[38;2;197;189;106m[48;2;197;189;106m▀[0m[38;2;197;189;106m[48;2;16;16;16m▀[0m[38;2;156;131;0m[48;2;16;16;16m▀[0m[38;2;213;123;41m[48;2;16;16;16m▀[0m[38;2;16;16;16m[48;2;82;57;32m▀[0m[38;2;16;16;16m[48;2;82;57;32m▀[0m[38;2;82;57;32m[48;2;82;57;32m▀[0m[38;2;16;16;16m[48;2;90;82;82m▀[0m[38;2;16;16;16m[48;2;16;16;16m▀[0m[38;2;172;164;164m[48;2;16;16;16m▀[0m[38;2;213;205;205m[48;2;16;16;16m▀[0m[38;2;172;164;164m[48;2;90;82;82m▀[0m[38;2;16;16;16m▀[0m  
         [38;2;16;16;16m▀[0m[38;2;16;16;16m[48;2;16;16;16m▀[0m[38;2;16;16;16m[48;2;213;123;41m▀[0m[38;2;16;16;16m[48;2;156;131;0m▀[0m[38;2;246;246;148m[48;2;246;246;148m▀[0m[38;2;246;246;148m[48;2;246;246;148m▀[0m[38;2;246;246;148m[48;2;246;246;148m▀[0m[38;2;246;246;148m[48;2;246;246;148m▀[0m[38;2;156;131;0m[48;2;156;131;0m▀[0m[38;2;197;189;106m[48;2;246;246;148m▀[0m[38;2;197;189;106m[48;2;197;189;106m▀[0m[38;2;197;189;106m[48;2;197;189;106m▀[0m[38;2;197;189;106m[48;2;197;189;106m▀[0m[38;2;197;189;106m[48;2;197;189;106m▀[0m[38;2;197;189;106m[48;2;197;189;106m▀[0m[38;2;197;189;106m[48;2;197;189;106m▀[0m[38;2;197;189;106m[48;2;197;189;106m▀[0m[38;2;197;189;106m[48;2;197;189;106m▀[0m[38;2;197;189;106m[48;2;197;189;106m▀[0m[38;2;16;16;16m[48;2;197;189;106m▀[0m[38;2;131;98;65m[48;2;16;16;16m▀[0m[38;2;131;98;65m[48;2;16;16;16m▀[0m[38;2;131;98;65m[48;2;16;16;16m▀[0m[38;2;16;16;16m[48;2;213;123;41m▀[0m[38;2;16;16;16m[48;2;255;172;0m▀[0m[38;2;255;172;0m[48;2;255;172;0m▀[0m[38;2;255;172;0m[48;2;255;172;0m▀[0m[38;2;255;172;0m[48;2;90;82;82m▀[0m[38;2;213;123;41m[48;2;16;16;16m▀[0m[38;2;172;82;0m[48;2;16;16;16m▀[0m[38;2;16;16;16m▄[0m  
   [38;2;90;82;82m▄[0m[38;2;16;16;16m[48;2;255;255;255m▀[0m[38;2;16;16;16m[48;2;213;205;205m▀[0m[38;2;90;82;82m[48;2;16;16;16m▀[0m[38;2;90;82;82m[48;2;16;16;16m▀[0m[38;2;90;82;82m▄[0m  [38;2;172;82;0m[48;2;90;82;82m▀[0m[38;2;156;131;0m[48;2;90;82;82m▀[0m[38;2;197;189;106m[48;2;156;131;0m▀[0m[38;2;246;246;148m[48;2;246;246;148m▀[0m[38;2;246;246;148m[48;2;246;246;148m▀[0m[38;2;246;246;148m[48;2;246;246;148m▀[0m[38;2;156;131;0m[48;2;246;246;148m▀[0m[38;2;246;246;148m[48;2;156;131;0m▀[0m[38;2;246;246;148m[48;2;246;246;148m▀[0m[38;2;246;246;148m[48;2;246;246;148m▀[0m[38;2;246;246;148m[48;2;246;246;148m▀[0m[38;2;197;189;106m[48;2;246;246;148m▀[0m[38;2;197;189;106m[48;2;246;246;148m▀[0m[38;2;197;189;106m[48;2;246;246;148m▀[0m[38;2;197;189;106m[48;2;246;246;148m▀[0m[38;2;197;189;106m[48;2;246;246;148m▀[0m[38;2;197;189;106m[48;2;246;246;148m▀[0m[38;2;246;246;148m[48;2;246;246;148m▀[0m[38;2;246;246;148m[48;2;246;246;148m▀[0m[38;2;246;246;148m[48;2;246;246;148m▀[0m[38;2;156;131;0m[48;2;197;189;106m▀[0m[38;2;156;131;0m[48;2;197;189;106m▀[0m[38;2;255;172;0m[48;2;213;123;41m▀[0m[38;2;255;172;0m[48;2;90;82;82m▀[0m[38;2;90;82;82m[48;2;16;16;16m▀[0m[38;2;213;205;205m[48;2;90;82;82m▀[0m[38;2;255;255;255m[48;2;255;255;255m▀[0m[38;2;255;255;255m[48;2;255;255;255m▀[0m[38;2;213;205;205m[48;2;255;255;255m▀[0m[38;2;16;16;16m[48;2;213;205;205m▀[0m[38;2;90;82;82m▄[0m
  [38;2;90;82;82m[48;2;90;82;82m▀[0m[38;2;255;255;255m[48;2;213;205;205m▀[0m[38;2;255;255;255m[48;2;255;255;255m▀[0m[38;2;16;16;16m[48;2;90;82;82m▀[0m[38;2;255;255;255m[48;2;213;205;205m▀[0m[38;2;255;255;255m[48;2;213;205;205m▀[0m[38;2;16;16;16m[48;2;16;16;16m▀[0m[38;2;90;82;82m[48;2;82;57;32m▀[0m[38;2;90;82;82m[48;2;131;98;65m▀[0m[38;2;131;98;65m[48;2;131;98;65m▀[0m[38;2;131;98;65m[48;2;16;16;16m▀[0m[38;2;16;16;16m[48;2;172;82;0m▀[0m[38;2;246;246;148m[48;2;156;131;0m▀[0m[38;2;246;246;148m[48;2;246;246;148m▀[0m[38;2;246;246;148m[48;2;246;246;148m▀[0m[38;2;246;246;148m[48;2;246;246;148m▀[0m[38;2;156;131;0m[48;2;246;246;148m▀[0m[38;2;246;246;148m[48;2;156;131;0m▀[0m[38;2;246;246;148m[48;2;246;246;148m▀[0m[38;2;246;246;148m[48;2;246;246;148m▀[0m[38;2;246;246;148m[48;2;246;246;148m▀[0m[38;2;246;246;148m[48;2;246;246;148m▀[0m[38;2;246;246;148m[48;2;246;246;148m▀[0m[38;2;246;246;148m[48;2;246;246;148m▀[0m[38;2;246;246;148m[48;2;246;246;148m▀[0m[38;2;246;246;148m[48;2;246;246;148m▀[0m[38;2;246;246;148m[48;2;246;246;148m▀[0m[38;2;246;246;148m[48;2;197;189;106m▀[0m[38;2;156;131;0m[48;2;16;16;16m▀[0m[38;2;82;57;32m[48;2;131;98;65m▀[0m[38;2;82;57;32m[48;2;131;98;65m▀[0m[38;2;82;57;32m[48;2;131;98;65m▀[0m[38;2;16;16;16m[48;2;16;16;16m▀[0m[38;2;255;255;255m[48;2;172;164;164m▀[0m[38;2;255;255;255m[48;2;213;205;205m▀[0m[38;2;90;82;82m[48;2;90;82;82m▀[0m[38;2;255;255;255m[48;2;255;255;255m▀[0m[38;2;255;255;255m[48;2;255;255;255m▀[0m[38;2;255;255;255m[48;2;255;255;255m▀[0m[38;2;16;16;16m[48;2;16;16;16m▀[0m
  [38;2;16;16;16m[48;2;16;16;16m▀[0m[38;2;213;205;205m[48;2;172;164;164m▀[0m[38;2;213;205;205m[48;2;213;205;205m▀[0m[38;2;213;205;205m[48;2;213;205;205m▀[0m[38;2;16;16;16m[48;2;213;205;205m▀[0m[38;2;16;16;16m[48;2;213;205;205m▀[0m[38;2;90;82;82m[48;2;16;16;16m▀[0m[38;2;82;57;32m[48;2;16;16;16m▀[0m[38;2;16;16;16m▀[0m[38;2;16;16;16m▀[0m [38;2;172;82;0m▀[0m[38;2;16;16;16m[48;2;16;16;16m▀[0m[38;2;197;189;106m[48;2;156;131;0m▀[0m[38;2;246;246;148m[48;2;197;189;106m▀[0m[38;2;246;246;148m[48;2;197;189;106m▀[0m[38;2;246;246;148m[48;2;246;246;148m▀[0m[38;2;156;131;0m[48;2;246;246;148m▀[0m[38;2;246;246;148m[48;2;156;131;0m▀[0m[38;2;246;246;148m[48;2;246;246;148m▀[0m[38;2;246;246;148m[48;2;246;246;148m▀[0m[38;2;246;246;148m[48;2;246;246;148m▀[0m[38;2;246;246;148m[48;2;246;246;148m▀[0m[38;2;246;246;148m[48;2;197;189;106m▀[0m[38;2;246;246;148m[48;2;197;189;106m▀[0m[38;2;246;246;148m[48;2;197;189;106m▀[0m[38;2;197;189;106m[48;2;197;189;106m▀[0m[38;2;197;189;106m[48;2;197;189;106m▀[0m[38;2;197;189;106m[48;2;197;189;106m▀[0m[38;2;16;16;16m[48;2;197;189;106m▀[0m[38;2;16;16;16m[48;2;197;189;106m▀[0m[38;2;16;16;16m[48;2;213;123;41m▀[0m[38;2;82;57;32m[48;2;16;16;16m▀[0m[38;2;90;82;82m[48;2;16;16;16m▀[0m[38;2;90;82;82m[48;2;172;164;164m▀[0m[38;2;255;255;255m[48;2;213;205;205m▀[0m[38;2;255;255;255m[48;2;213;205;205m▀[0m[38;2;255;255;255m[48;2;213;205;205m▀[0m[38;2;213;205;205m[48;2;16;16;16m▀[0m[38;2;16;16;16m▀[0m
   [38;2;16;16;16m▀[0m[38;2;172;164;164m[48;2;16;16;16m▀[0m[38;2;172;164;164m[48;2;16;16;16m▀[0m[38;2;172;164;164m[48;2;16;16;16m▀[0m[38;2;16;16;16m▀[0m   [38;2;90;82;82m▄[0m[38;2;90;82;82m[48;2;213;205;205m▀[0m[38;2;90;82;82m[48;2;255;255;255m▀[0m[38;2;16;16;16m▄[0m[38;2;16;16;16m[48;2;16;16;16m▀[0m[38;2;82;57;32m[48;2;131;98;65m▀[0m[38;2;156;131;0m[48;2;82;57;32m▀[0m[38;2;197;189;106m[48;2;172;82;0m▀[0m[38;2;197;189;106m[48;2;197;189;106m▀[0m[38;2;197;189;106m[48;2;197;189;106m▀[0m[38;2;156;131;0m[48;2;197;189;106m▀[0m[38;2;197;189;106m[48;2;156;131;0m▀[0m[38;2;197;189;106m[48;2;197;189;106m▀[0m[38;2;197;189;106m[48;2;197;189;106m▀[0m[38;2;197;189;106m[48;2;197;189;106m▀[0m[38;2;197;189;106m[48;2;197;189;106m▀[0m[38;2;197;189;106m[48;2;197;189;106m▀[0m[38;2;197;189;106m[48;2;156;131;0m▀[0m[38;2;82;57;32m[48;2;82;57;32m▀[0m[38;2;82;57;32m[48;2;82;57;32m▀[0m[38;2;156;131;0m[48;2;16;16;16m▀[0m[38;2;213;123;41m[48;2;213;123;41m▀[0m[38;2;213;123;41m[48;2;16;16;16m▀[0m[38;2;213;123;41m[48;2;16;16;16m▀[0m[38;2;172;82;0m[48;2;90;82;82m▀[0m[38;2;16;16;16m▀[0m[38;2;16;16;16m▀[0m[38;2;16;16;16m▀[0m[38;2;16;16;16m▀[0m  
          [38;2;90;82;82m[48;2;90;82;82m▀[0m[38;2;90;82;82m[48;2;213;205;205m▀[0m[38;2;213;205;205m[48;2;16;16;16m▀[0m[38;2;213;205;205m[48;2;16;16;16m▀[0m[38;2;16;16;16m[48;2;172;164;164m▀[0m[38;2;172;164;164m[48;2;172;164;164m▀[0m[38;2;16;16;16m[48;2;16;16;16m▀[0m[38;2;82;57;32m▀[0m [38;2;172;82;0m▀[0m[38;2;172;82;0m▀[0m[38;2;197;189;106m[48;2;172;82;0m▀[0m[38;2;197;189;106m[48;2;172;82;0m▀[0m[38;2;156;131;0m[48;2;172;82;0m▀[0m[38;2;156;131;0m[48;2;172;82;0m▀[0m[38;2;197;189;106m[48;2;172;82;0m▀[0m[38;2;197;189;106m[48;2;172;82;0m▀[0m[38;2;156;131;0m[48;2;172;82;0m▀[0m[38;2;172;82;0m▀[0m[38;2;16;16;16m▀[0m[38;2;82;57;32m[48;2;16;16;16m▀[0m[38;2;82;57;32m[48;2;82;57;32m▀[0m[38;2;16;16;16m[48;2;16;16;16m▀[0m[38;2;255;255;255m[48;2;255;255;255m▀[0m[38;2;255;255;255m[48;2;255;255;255m▀[0m[38;2;16;16;16m[48;2;16;16;16m▀[0m[38;2;255;255;255m[48;2;255;255;255m▀[0m[38;2;90;82;82m[48;2;255;255;255m▀[0m[38;2;90;82;82m▄[0m   
          [38;2;90;82;82m▀[0m[38;2;213;205;205m[48;2;90;82;82m▀[0m[38;2;213;205;205m[48;2;172;164;164m▀[0m[38;2;172;164;164m[48;2;172;164;164m▀[0m[38;2;172;164;164m[48;2;172;164;164m▀[0m[38;2;172;164;164m[48;2;16;16;16m▀[0m[38;2;16;16;16m▀[0m              [38;2;16;16;16m[48;2;16;16;16m▀[0m[38;2;213;205;205m[48;2;213;205;205m▀[0m[38;2;16;16;16m[48;2;213;205;205m▀[0m[38;2;16;16;16m[48;2;213;205;205m▀[0m[38;2;213;205;205m[48;2;255;255;255m▀[0m[38;2;255;255;255m[48;2;213;205;205m▀[0m[38;2;213;205;205m[48;2;172;164;164m▀[0m[38;2;90;82;82m[48;2;90;82;82m▀[0m   
            [38;2;16;16;16m▀[0m[38;2;16;16;16m▀[0m[38;2;16;16;16m▀[0m                 [38;2;16;16;16m▀[0m[38;2;172;164;164m[48;2;16;16;16m▀[0m[38;2;213;205;205m[48;2;16;16;16m▀[0m[38;2;213;205;205m[48;2;16;16;16m▀[0m[38;2;172;164;164m[48;2;16;16;16m▀[0m[38;2;16;16;16m▀[0m    
[0m