                    [38;2;108;98;32m▄[0m[38;2;108;98;32m[48;2;209;226;117m▀[0m[38;2;108;98;32m▄[0m                         
           [38;2;108;98;32m▄[0m[38;2;108;98;32m▄[0m       [38;2;108;98;32m[48;2;108;98;32m▀[0m[38;2;209;226;117m[48;2;209;226;117m▀[0m[38;2;108;98;32m[48;2;209;226;117m▀[0m[38;2;16;16;16m▄[0m                        
           [38;2;16;16;16m[48;2;16;16;16m▀[0m[38;2;209;226;117m[48;2;209;226;117m▀[0m[38;2;108;98;32m[48;2;209;226;117m▀[0m[38;2;108;98;32m▄[0m    [38;2;159;165;47m[48;2;108;98;32m▀[0m[38;2;209;226;117m[48;2;209;226;117m▀[0m[38;2;209;226;117m[48;2;209;226;117m▀[0m[38;2;209;226;117m[48;2;209;226;117m▀[0m[38;2;16;16;16m[48;2;108;98;32m▀[0m                        
           [38;2;16;16;16m[48;2;16;16;16m▀[0m[38;2;209;226;117m[48;2;209;226;117m▀[0m[38;2;209;226;117m[48;2;39;59;66m▀[0m[38;2;159;165;47m[48;2;159;165;47m▀[0m[38;2;108;98;32m[48;2;16;16;16m▀[0m   [38;2;108;98;32m[48;2;108;98;32m▀[0m[38;2;108;98;32m[48;2;39;59;66m▀[0m[38;2;209;226;117m[48;2;39;59;66m▀[0m[38;2;59;87;100m[48;2;59;87;100m▀[0m[38;2;159;165;47m[48;2;159;165;47m▀[0m[38;2;16;16;16m[48;2;16;16;16m▀[0m                       
            [38;2;16;16;16m[48;2;16;16;16m▀[0m[38;2;39;59;66m[48;2;59;87;100m▀[0m[38;2;39;59;66m[48;2;39;59;66m▀[0m[38;2;159;165;47m[48;2;108;98;32m▀[0m[38;2;16;16;16m[48;2;39;59;66m▀[0m[38;2;39;59;66m▄[0m[38;2;39;59;66m▄[0m[38;2;108;98;32m[48;2;108;98;32m▀[0m[38;2;39;59;66m[48;2;159;165;47m▀[0m[38;2;39;59;66m[48;2;39;59;66m▀[0m[38;2;59;87;100m[48;2;59;87;100m▀[0m[38;2;159;165;47m[48;2;159;165;47m▀[0m[38;2;16;16;16m[48;2;16;16;16m▀[0m                       
            [38;2;16;16;16m▀[0m[38;2;159;165;47m[48;2;16;16;16m▀[0m[38;2;108;98;32m[48;2;209;226;117m▀[0m[38;2;39;59;66m[48;2;59;87;100m▀[0m[38;2;59;87;100m[48;2;72;107;129m▀[0m[38;2;59;87;100m[48;2;59;87;100m▀[0m[38;2;59;87;100m[48;2;209;226;117m▀[0m[38;2;108;98;32m[48;2;209;226;117m▀[0m[38;2;209;226;117m[48;2;209;226;117m▀[0m[38;2;159;165;47m[48;2;209;226;117m▀[0m[38;2;59;87;100m[48;2;59;87;100m▀[0m[38;2;159;165;47m[48;2;159;165;47m▀[0m[38;2;108;98;32m[48;2;159;165;47m▀[0m[38;2;16;16;16m[48;2;16;16;16m▀[0m                      
            [38;2;16;16;16m▄[0m[38;2;16;16;16m[48;2;209;226;117m▀[0m[38;2;59;87;100m[48;2;72;107;129m▀[0m[38;2;72;107;129m[48;2;72;107;129m▀[0m[38;2;72;107;129m[48;2;59;87;100m▀[0m[38;2;209;226;117m[48;2;209;226;117m▀[0m[38;2;209;226;117m[48;2;209;226;117m▀[0m[38;2;209;226;117m[48;2;209;226;117m▀[0m[38;2;209;226;117m[48;2;209;226;117m▀[0m[38;2;209;226;117m[48;2;159;165;47m▀[0m[38;2;59;87;100m[48;2;59;87;100m▀[0m[38;2;159;165;47m[48;2;59;87;100m▀[0m[38;2;159;165;47m[48;2;159;165;47m▀[0m[38;2;159;165;47m[48;2;159;165;47m▀[0m[38;2;16;16;16m[48;2;16;16;16m▀[0m                     
            [38;2;16;16;16m[48;2;16;16;16m▀[0m[38;2;59;87;100m[48;2;72;107;129m▀[0m[38;2;72;107;129m[48;2;72;107;129m▀[0m[38;2;72;107;129m[48;2;72;107;129m▀[0m[38;2;209;226;117m[48;2;209;226;117m▀[0m[38;2;209;226;117m[48;2;39;59;66m▀[0m[38;2;209;226;117m[48;2;72;107;129m▀[0m[38;2;72;107;129m[48;2;72;107;129m▀[0m[38;2;72;107;129m[48;2;59;87;100m▀[0m[38;2;59;87;100m[48;2;16;16;16m▀[0m[38;2;59;87;100m[48;2;59;87;100m▀[0m[38;2;59;87;100m[48;2;59;87;100m▀[0m[38;2;59;87;100m[48;2;59;87;100m▀[0m[38;2;59;87;100m[48;2;59;87;100m▀[0m[38;2;59;87;100m[48;2;59;87;100m▀[0m[38;2;16;16;16m[48;2;16;16;16m▀[0m[38;2;39;59;66m▄[0m[38;2;39;59;66m▄[0m                  
           [38;2;39;59;66m▄[0m[38;2;39;59;66m[48;2;72;107;129m▀[0m[38;2;72;107;129m[48;2;72;107;129m▀[0m[38;2;72;107;129m[48;2;72;107;129m▀[0m[38;2;209;226;117m[48;2;209;226;117m▀[0m[38;2;39;59;66m[48;2;39;59;66m▀[0m[38;2;59;87;100m[48;2;59;87;100m▀[0m[38;2;59;87;100m[48;2;138;47;57m▀[0m[38;2;16;16;16m[48;2;16;16;16m▀[0m[38;2;138;47;57m[48;2;202;82;95m▀[0m[38;2;252;252;252m[48;2;252;252;252m▀[0m[38;2;59;87;100m[48;2;59;87;100m▀[0m[38;2;59;87;100m[48;2;59;87;100m▀[0m[38;2;59;87;100m[48;2;159;165;47m▀[0m[38;2;159;165;47m[48;2;159;165;47m▀[0m[38;2;159;165;47m[48;2;108;98;32m▀[0m[38;2;16;16;16m[48;2;16;16;16m▀[0m[38;2;39;59;66m[48;2;16;16;16m▀[0m[38;2;39;59;66m[48;2;39;59;66m▀[0m[38;2;39;59;66m[48;2;39;59;66m▀[0m[38;2;39;59;66m[48;2;39;59;66m▀[0m[38;2;39;59;66m▄[0m               
         [38;2;39;59;66m▄[0m[38;2;39;59;66m[48;2;59;87;100m▀[0m[38;2;72;107;129m[48;2;72;107;129m▀[0m[38;2;72;107;129m[48;2;72;107;129m▀[0m[38;2;72;107;129m[48;2;59;87;100m▀[0m[38;2;72;107;129m[48;2;59;87;100m▀[0m[38;2;59;87;100m[48;2;59;87;100m▀[0m[38;2;59;87;100m[48;2;59;87;100m▀[0m[38;2;39;59;66m[48;2;59;87;100m▀[0m[38;2;202;82;95m[48;2;59;87;100m▀[0m[38;2;202;82;95m[48;2;59;87;100m▀[0m[38;2;72;107;129m[48;2;59;87;100m▀[0m[38;2;59;87;100m[48;2;159;165;47m▀[0m[38;2;59;87;100m[48;2;159;165;47m▀[0m[38;2;59;87;100m[48;2;59;87;100m▀[0m[38;2;159;165;47m[48;2;159;165;47m▀[0m[38;2;159;165;47m[48;2;108;98;32m▀[0m[38;2;16;16;16m[48;2;16;16;16m▀[0m[38;2;16;16;16m[48;2;16;16;16m▀[0m[38;2;16;16;16m[48;2;16;16;16m▀[0m[38;2;16;16;16m[48;2;16;16;16m▀[0m[38;2;39;59;66m[48;2;16;16;16m▀[0m[38;2;39;59;66m[48;2;16;16;16m▀[0m[38;2;39;59;66m[48;2;39;59;66m▀[0m[38;2;39;59;66m[48;2;39;59;66m▀[0m[38;2;39;59;66m▄[0m[38;2;39;59;66m▄[0m            
         [38;2;16;16;16m▀[0m[38;2;59;87;100m[48;2;16;16;16m▀[0m[38;2;59;87;100m[48;2;16;16;16m▀[0m[38;2;59;87;100m[48;2;16;16;16m▀[0m[38;2;59;87;100m[48;2;159;165;47m▀[0m[38;2;59;87;100m[48;2;159;165;47m▀[0m[38;2;59;87;100m[48;2;159;165;47m▀[0m[38;2;159;165;47m[48;2;159;165;47m▀[0m[38;2;159;165;47m[48;2;39;59;66m▀[0m[38;2;159;165;47m[48;2;39;59;66m▀[0m[38;2;159;165;47m[48;2;39;59;66m▀[0m[38;2;159;165;47m[48;2;159;165;47m▀[0m[38;2;159;165;47m[48;2;159;165;47m▀[0m[38;2;159;165;47m[48;2;159;165;47m▀[0m[38;2;159;165;47m[48;2;108;98;32m▀[0m[38;2;159;165;47m[48;2;16;16;16m▀[0m[38;2;16;16;16m[48;2;81;119;156m▀[0m[38;2;16;16;16m[48;2;81;119;156m▀[0m[38;2;113;167;190m[48;2;39;59;66m▀[0m[38;2;39;59;66m[48;2;113;167;190m▀[0m[38;2;39;59;66m[48;2;113;167;190m▀[0m[38;2;113;167;190m[48;2;16;16;16m▀[0m[38;2;16;16;16m[48;2;16;16;16m▀[0m[38;2;39;59;66m[48;2;16;16;16m▀[0m[38;2;39;59;66m[48;2;16;16;16m▀[0m[38;2;39;59;66m[48;2;39;59;66m▀[0m[38;2;39;59;66m[48;2;39;59;66m▀[0m[38;2;39;59;66m[48;2;39;59;66m▀[0m[38;2;39;59;66m▄[0m          
             [38;2;16;16;16m▀[0m[38;2;16;16;16m[48;2;81;119;156m▀[0m[38;2;16;16;16m[48;2;81;119;156m▀[0m[38;2;16;16;16m[48;2;108;98;32m▀[0m[38;2;159;165;47m[48;2;108;98;32m▀[0m[38;2;159;165;47m[48;2;108;98;32m▀[0m[38;2;159;165;47m[48;2;108;98;32m▀[0m[38;2;159;165;47m[48;2;159;165;47m▀[0m[38;2;108;98;32m[48;2;16;16;16m▀[0m[38;2;16;16;16m[48;2;81;119;156m▀[0m[38;2;16;16;16m[48;2;81;119;156m▀[0m[38;2;81;119;156m[48;2;113;167;190m▀[0m[38;2;81;119;156m[48;2;113;167;190m▀[0m[38;2;113;167;190m[48;2;113;167;190m▀[0m[38;2;113;167;190m[48;2;81;119;156m▀[0m[38;2;81;119;156m[48;2;81;119;156m▀[0m[38;2;81;119;156m[48;2;16;16;16m▀[0m[38;2;16;16;16m[48;2;16;16;16m▀[0m[38;2;16;16;16m[48;2;16;16;16m▀[0m[38;2;16;16;16m[48;2;16;16;16m▀[0m [38;2;16;16;16m[48;2;16;16;16m▀[0m[38;2;39;59;66m[48;2;39;59;66m▀[0m[38;2;39;59;66m[48;2;39;59;66m▀[0m[38;2;39;59;66m[48;2;39;59;66m▀[0m[38;2;39;59;66m[48;2;39;59;66m▀[0m         
            [38;2;81;119;156m▀[0m[38;2;59;87;100m[48;2;81;119;156m▀[0m[38;2;59;87;100m[48;2;113;167;190m▀[0m[38;2;113;167;190m[48;2;113;167;190m▀[0m[38;2;81;119;156m[48;2;39;59;66m▀[0m[38;2;81;119;156m[48;2;59;87;100m▀[0m[38;2;108;98;32m[48;2;159;165;47m▀[0m[38;2;159;165;47m[48;2;159;165;47m▀[0m[38;2;159;165;47m[48;2;108;98;32m▀[0m[38;2;16;16;16m[48;2;39;59;66m▀[0m[38;2;81;119;156m[48;2;39;59;66m▀[0m[38;2;39;59;66m[48;2;113;167;190m▀[0m[38;2;59;87;100m[48;2;59;87;100m▀[0m[38;2;113;167;190m[48;2;113;167;190m▀[0m[38;2;113;167;190m[48;2;113;167;190m▀[0m[38;2;113;167;190m[48;2;113;167;190m▀[0m[38;2;39;59;66m[48;2;81;119;156m▀[0m[38;2;113;167;190m[48;2;16;16;16m▀[0m[38;2;81;119;156m[48;2;16;16;16m▀[0m[38;2;16;16;16m[48;2;16;16;16m▀[0m[38;2;16;16;16m[48;2;16;16;16m▀[0m  [38;2;16;16;16m[48;2;16;16;16m▀[0m[38;2;39;59;66m[48;2;39;59;66m▀[0m[38;2;39;59;66m[48;2;39;59;66m▀[0m[38;2;39;59;66m[48;2;39;59;66m▀[0m[38;2;39;59;66m[48;2;39;59;66m▀[0m        
           [38;2;39;59;66m▄[0m[38;2;39;59;66m▄[0m[38;2;39;59;66m[48;2;59;87;100m▀[0m[38;2;59;87;100m[48;2;72;107;129m▀[0m[38;2;81;119;156m[48;2;39;59;66m▀[0m[38;2;39;59;66m[48;2;81;119;156m▀[0m[38;2;113;167;190m[48;2;113;167;190m▀[0m[38;2;59;87;100m[48;2;81;119;156m▀[0m[38;2;59;87;100m[48;2;113;167;190m▀[0m[38;2;81;119;156m[48;2;113;167;190m▀[0m[38;2;113;167;190m[48;2;113;167;190m▀[0m[38;2;113;167;190m[48;2;81;119;156m▀[0m[38;2;81;119;156m[48;2;39;59;66m▀[0m[38;2;81;119;156m[48;2;39;59;66m▀[0m[38;2;81;119;156m[48;2;59;87;100m▀[0m[38;2;39;59;66m[48;2;59;87;100m▀[0m[38;2;39;59;66m[48;2;16;16;16m▀[0m[38;2;16;16;16m▀[0m[38;2;16;16;16m[48;2;16;16;16m▀[0m[38;2;16;16;16m[48;2;16;16;16m▀[0m[38;2;16;16;16m[48;2;16;16;16m▀[0m[38;2;16;16;16m[48;2;16;16;16m▀[0m[38;2;16;16;16m[48;2;16;16;16m▀[0m [38;2;16;16;16m[48;2;16;16;16m▀[0m[38;2;39;59;66m[48;2;39;59;66m▀[0m[38;2;39;59;66m[48;2;39;59;66m▀[0m[38;2;39;59;66m[48;2;39;59;66m▀[0m[38;2;39;59;66m[48;2;39;59;66m▀[0m[38;2;39;59;66m▄[0m       
           [38;2;39;59;66m[48;2;39;59;66m▀[0m[38;2;252;252;252m[48;2;72;107;129m▀[0m[38;2;72;107;129m[48;2;72;107;129m▀[0m[38;2;59;87;100m[48;2;16;16;16m▀[0m[38;2;16;16;16m[48;2;252;252;252m▀[0m[38;2;16;16;16m[48;2;252;252;252m▀[0m[38;2;81;119;156m[48;2;213;213;213m▀[0m[38;2;113;167;190m[48;2;72;107;129m▀[0m[38;2;113;167;190m[48;2;113;167;190m▀[0m[38;2;113;167;190m[48;2;113;167;190m▀[0m[38;2;81;119;156m[48;2;113;167;190m▀[0m[38;2;39;59;66m[48;2;39;59;66m▀[0m[38;2;39;59;66m[48;2;252;252;252m▀[0m[38;2;59;87;100m[48;2;72;107;129m▀[0m[38;2;59;87;100m[48;2;59;87;100m▀[0m[38;2;59;87;100m[48;2;108;98;32m▀[0m[38;2;59;87;100m[48;2;59;87;100m▀[0m[38;2;16;16;16m[48;2;16;16;16m▀[0m [38;2;16;16;16m[48;2;16;16;16m▀[0m[38;2;39;59;66m[48;2;39;59;66m▀[0m[38;2;39;59;66m[48;2;39;59;66m▀[0m[38;2;16;16;16m[48;2;39;59;66m▀[0m[38;2;16;16;16m[48;2;16;16;16m▀[0m[38;2;39;59;66m[48;2;39;59;66m▀[0m[38;2;39;59;66m[48;2;39;59;66m▀[0m[38;2;39;59;66m[48;2;39;59;66m▀[0m[38;2;39;59;66m[48;2;39;59;66m▀[0m[38;2;39;59;66m[48;2;39;59;66m▀[0m[38;2;39;59;66m[48;2;39;59;66m▀[0m[38;2;39;59;66m▄[0m      
           [38;2;39;59;66m▀[0m[38;2;59;87;100m[48;2;16;16;16m▀[0m[38;2;59;87;100m[48;2;59;87;100m▀[0m[38;2;59;87;100m[48;2;59;87;100m▀[0m[38;2;16;16;16m[48;2;113;167;190m▀[0m[38;2;213;213;213m[48;2;16;16;16m▀[0m[38;2;213;213;213m[48;2;16;16;16m▀[0m[38;2;39;59;66m[48;2;113;167;190m▀[0m[38;2;113;167;190m[48;2;113;167;190m▀[0m[38;2;113;167;190m[48;2;113;167;190m▀[0m[38;2;113;167;190m[48;2;113;167;190m▀[0m[38;2;39;59;66m[48;2;39;59;66m▀[0m[38;2;72;107;129m[48;2;59;87;100m▀[0m[38;2;72;107;129m[48;2;59;87;100m▀[0m[38;2;108;98;32m[48;2;108;98;32m▀[0m[38;2;209;226;117m[48;2;209;226;117m▀[0m[38;2;108;98;32m[48;2;209;226;117m▀[0m[38;2;16;16;16m[48;2;108;98;32m▀[0m  [38;2;16;16;16m[48;2;16;16;16m▀[0m[38;2;39;59;66m[48;2;39;59;66m▀[0m[38;2;39;59;66m[48;2;39;59;66m▀[0m[38;2;16;16;16m[48;2;39;59;66m▀[0m[38;2;39;59;66m[48;2;16;16;16m▀[0m[38;2;39;59;66m[48;2;39;59;66m▀[0m[38;2;39;59;66m[48;2;39;59;66m▀[0m[38;2;39;59;66m[48;2;39;59;66m▀[0m[38;2;39;59;66m[48;2;39;59;66m▀[0m[38;2;39;59;66m[48;2;39;59;66m▀[0m[38;2;39;59;66m[48;2;39;59;66m▀[0m[38;2;39;59;66m[48;2;39;59;66m▀[0m[38;2;16;16;16m[48;2;138;47;57m▀[0m[38;2;16;16;16m▄[0m   
            [38;2;39;59;66m[48;2;39;59;66m▀[0m[38;2;16;16;16m[48;2;59;87;100m▀[0m[38;2;16;16;16m[48;2;59;87;100m▀[0m[38;2;39;59;66m[48;2;39;59;66m▀[0m[38;2;113;167;190m[48;2;81;119;156m▀[0m[38;2;113;167;190m[48;2;113;167;190m▀[0m[38;2;113;167;190m[48;2;113;167;190m▀[0m[38;2;113;167;190m[48;2;113;167;190m▀[0m[38;2;113;167;190m[48;2;81;119;156m▀[0m[38;2;113;167;190m[48;2;81;119;156m▀[0m[38;2;81;119;156m[48;2;81;119;156m▀[0m[38;2;16;16;16m[48;2;81;119;156m▀[0m[38;2;59;87;100m[48;2;16;16;16m▀[0m[38;2;108;98;32m[48;2;16;16;16m▀[0m[38;2;59;87;100m[48;2;16;16;16m▀[0m[38;2;209;226;117m[48;2;39;59;66m▀[0m[38;2;159;165;47m[48;2;39;59;66m▀[0m[38;2;108;98;32m[48;2;39;59;66m▀[0m[38;2;159;165;47m▄[0m[38;2;108;98;32m▄[0m[38;2;16;16;16m▀[0m[38;2;39;59;66m[48;2;16;16;16m▀[0m[38;2;39;59;66m[48;2;16;16;16m▀[0m[38;2;16;16;16m▀[0m[38;2;16;16;16m▀[0m[38;2;16;16;16m▀[0m[38;2;39;59;66m[48;2;16;16;16m▀[0m[38;2;39;59;66m[48;2;16;16;16m▀[0m[38;2;39;59;66m[48;2;39;59;66m▀[0m[38;2;39;59;66m[48;2;39;59;66m▀[0m[38;2;39;59;66m[48;2;138;47;57m▀[0m[38;2;138;47;57m[48;2;138;47;57m▀[0m[38;2;138;47;57m[48;2;138;47;57m▀[0m[38;2;16;16;16m[48;2;138;47;57m▀[0m[38;2;16;16;16m▄[0m 
   [38;2;39;59;66m▄[0m[38;2;59;87;100m▄[0m  [38;2;138;47;57m▄[0m[38;2;39;59;66m▄[0m[38;2;39;59;66m[48;2;59;87;100m▀[0m[38;2;39;59;66m[48;2;59;87;100m▀[0m[38;2;39;59;66m[48;2;159;165;47m▀[0m[38;2;159;165;47m[48;2;209;226;117m▀[0m[38;2;209;226;117m[48;2;209;226;117m▀[0m[38;2;16;16;16m[48;2;16;16;16m▀[0m [38;2;16;16;16m[48;2;16;16;16m▀[0m[38;2;81;119;156m[48;2;81;119;156m▀[0m[38;2;81;119;156m[48;2;81;119;156m▀[0m[38;2;81;119;156m[48;2;81;119;156m▀[0m[38;2;81;119;156m[48;2;81;119;156m▀[0m[38;2;81;119;156m[48;2;81;119;156m▀[0m[38;2;81;119;156m[48;2;81;119;156m▀[0m[38;2;81;119;156m[48;2;16;16;16m▀[0m[38;2;16;16;16m▀[0m  [38;2;16;16;16m[48;2;16;16;16m▀[0m[38;2;209;226;117m[48;2;209;226;117m▀[0m[38;2;39;59;66m[48;2;209;226;117m▀[0m[38;2;39;59;66m[48;2;159;165;47m▀[0m[38;2;209;226;117m[48;2;39;59;66m▀[0m[38;2;16;16;16m[48;2;39;59;66m▀[0m[38;2;16;16;16m▄[0m      [38;2;16;16;16m▀[0m[38;2;138;47;57m[48;2;16;16;16m▀[0m[38;2;138;47;57m[48;2;138;47;57m▀[0m[38;2;138;47;57m[48;2;138;47;57m▀[0m[38;2;138;47;57m[48;2;138;47;57m▀[0m[38;2;138;47;57m[48;2;138;47;57m▀[0m[38;2;16;16;16m[48;2;138;47;57m▀[0m[38;2;16;16;16m▄[0m
   [38;2;39;59;66m▀[0m[38;2;252;252;252m[48;2;39;59;66m▀[0m[38;2;72;107;129m[48;2;213;213;213m▀[0m[38;2;39;59;66m[48;2;202;82;95m▀[0m[38;2;202;82;95m[48;2;202;82;95m▀[0m[38;2;59;87;100m[48;2;59;87;100m▀[0m[38;2;59;87;100m[48;2;59;87;100m▀[0m[38;2;59;87;100m[48;2;59;87;100m▀[0m[38;2;209;226;117m[48;2;209;226;117m▀[0m[38;2;209;226;117m[48;2;159;165;47m▀[0m[38;2;16;16;16m[48;2;16;16;16m▀[0m [38;2;39;59;66m▄[0m[38;2;39;59;66m[48;2;81;119;156m▀[0m[38;2;81;119;156m[48;2;81;119;156m▀[0m[38;2;81;119;156m[48;2;81;119;156m▀[0m[38;2;81;119;156m[48;2;81;119;156m▀[0m[38;2;81;119;156m[48;2;81;119;156m▀[0m[38;2;81;119;156m[48;2;81;119;156m▀[0m[38;2;81;119;156m[48;2;81;119;156m▀[0m[38;2;16;16;16m[48;2;16;16;16m▀[0m[38;2;39;59;66m[48;2;81;119;156m▀[0m[38;2;39;59;66m▄[0m[38;2;16;16;16m▄[0m[38;2;16;16;16m▄[0m[38;2;16;16;16m[48;2;16;16;16m▀[0m[38;2;209;226;117m[48;2;209;226;117m▀[0m[38;2;159;165;47m[48;2;59;87;100m▀[0m[38;2;39;59;66m[48;2;59;87;100m▀[0m[38;2;39;59;66m[48;2;59;87;100m▀[0m[38;2;39;59;66m[48;2;39;59;66m▀[0m[38;2;16;16;16m[48;2;202;82;95m▀[0m[38;2;138;47;57m▄[0m[38;2;59;87;100m▄[0m[38;2;59;87;100m▄[0m[38;2;59;87;100m▄[0m  [38;2;16;16;16m▀[0m[38;2;138;47;57m[48;2;16;16;16m▀[0m[38;2;138;47;57m[48;2;138;47;57m▀[0m[38;2;138;47;57m[48;2;138;47;57m▀[0m[38;2;138;47;57m[48;2;138;47;57m▀[0m[38;2;138;47;57m[48;2;138;47;57m▀[0m[38;2;16;16;16m[48;2;16;16;16m▀[0m
   [38;2;59;87;100m▄[0m[38;2;138;47;57m[48;2;138;47;57m▀[0m[38;2;202;82;95m[48;2;202;82;95m▀[0m[38;2;202;82;95m[48;2;202;82;95m▀[0m[38;2;59;87;100m[48;2;59;87;100m▀[0m[38;2;59;87;100m[48;2;59;87;100m▀[0m[38;2;59;87;100m[48;2;39;59;66m▀[0m[38;2;39;59;66m[48;2;202;82;95m▀[0m[38;2;39;59;66m[48;2;16;16;16m▀[0m[38;2;16;16;16m[48;2;39;59;66m▀[0m[38;2;39;59;66m[48;2;113;167;190m▀[0m[38;2;39;59;66m[48;2;113;167;190m▀[0m[38;2;113;167;190m[48;2;81;119;156m▀[0m[38;2;81;119;156m[48;2;113;167;190m▀[0m[38;2;81;119;156m[48;2;81;119;156m▀[0m[38;2;81;119;156m[48;2;81;119;156m▀[0m[38;2;81;119;156m[48;2;81;119;156m▀[0m[38;2;81;119;156m[48;2;113;167;190m▀[0m[38;2;81;119;156m[48;2;113;167;190m▀[0m[38;2;113;167;190m[48;2;113;167;190m▀[0m[38;2;81;119;156m[48;2;113;167;190m▀[0m[38;2;81;119;156m[48;2;39;59;66m▀[0m[38;2;113;167;190m[48;2;113;167;190m▀[0m[38;2;39;59;66m[48;2;113;167;190m▀[0m[38;2;113;167;190m[48;2;113;167;190m▀[0m[38;2;113;167;190m[48;2;81;119;156m▀[0m[38;2;16;16;16m[48;2;81;119;156m▀[0m[38;2;59;87;100m[48;2;16;16;16m▀[0m[38;2;59;87;100m[48;2;202;82;95m▀[0m[38;2;59;87;100m[48;2;59;87;100m▀[0m[38;2;59;87;100m[48;2;59;87;100m▀[0m[38;2;202;82;95m[48;2;202;82;95m▀[0m[38;2;213;213;213m[48;2;202;82;95m▀[0m[38;2;252;252;252m[48;2;213;213;213m▀[0m[38;2;252;252;252m[48;2;16;16;16m▀[0m[38;2;16;16;16m▀[0m   [38;2;16;16;16m▀[0m[38;2;138;47;57m[48;2;16;16;16m▀[0m[38;2;138;47;57m[48;2;138;47;57m▀[0m[38;2;138;47;57m[48;2;138;47;57m▀[0m[38;2;138;47;57m[48;2;138;47;57m▀[0m[38;2;16;16;16m[48;2;16;16;16m▀[0m
 [38;2;59;87;100m▄[0m[38;2;59;87;100m[48;2;252;252;252m▀[0m[38;2;252;252;252m[48;2;252;252;252m▀[0m[38;2;213;213;213m[48;2;213;213;213m▀[0m[38;2;202;82;95m[48;2;202;82;95m▀[0m[38;2;202;82;95m[48;2;202;82;95m▀[0m[38;2;59;87;100m[48;2;202;82;95m▀[0m[38;2;202;82;95m[48;2;138;47;57m▀[0m[38;2;202;82;95m[48;2;138;47;57m▀[0m[38;2;138;47;57m[48;2;16;16;16m▀[0m[38;2;16;16;16m[48;2;81;119;156m▀[0m[38;2;113;167;190m[48;2;81;119;156m▀[0m[38;2;81;119;156m[48;2;16;16;16m▀[0m[38;2;16;16;16m[48;2;159;165;47m▀[0m[38;2;113;167;190m[48;2;113;167;190m▀[0m[38;2;113;167;190m[48;2;113;167;190m▀[0m[38;2;113;167;190m[48;2;16;16;16m▀[0m[38;2;16;16;16m[48;2;39;59;66m▀[0m[38;2;113;167;190m[48;2;81;119;156m▀[0m[38;2;113;167;190m[48;2;113;167;190m▀[0m[38;2;113;167;190m[48;2;16;16;16m▀[0m[38;2;113;167;190m[48;2;81;119;156m▀[0m[38;2;113;167;190m[48;2;113;167;190m▀[0m[38;2;81;119;156m[48;2;113;167;190m▀[0m[38;2;39;59;66m[48;2;39;59;66m▀[0m[38;2;39;59;66m[48;2;159;165;47m▀[0m[38;2;113;167;190m[48;2;39;59;66m▀[0m[38;2;113;167;190m[48;2;81;119;156m▀[0m[38;2;81;119;156m[48;2;81;119;156m▀[0m[38;2;81;119;156m[48;2;81;119;156m▀[0m[38;2;16;16;16m[48;2;81;119;156m▀[0m[38;2;202;82;95m[48;2;16;16;16m▀[0m[38;2;59;87;100m[48;2;202;82;95m▀[0m[38;2;202;82;95m[48;2;202;82;95m▀[0m[38;2;202;82;95m[48;2;202;82;95m▀[0m[38;2;202;82;95m[48;2;202;82;95m▀[0m[38;2;16;16;16m[48;2;202;82;95m▀[0m[38;2;16;16;16m▄[0m     [38;2;16;16;16m▀[0m[38;2;16;16;16m▀[0m[38;2;16;16;16m▀[0m 
[38;2;59;87;100m[48;2;39;59;66m▀[0m[38;2;252;252;252m[48;2;39;59;66m▀[0m[38;2;213;213;213m[48;2;16;16;16m▀[0m[38;2;39;59;66m[48;2;202;82;95m▀[0m[38;2;202;82;95m[48;2;202;82;95m▀[0m[38;2;138;47;57m[48;2;16;16;16m▀[0m[38;2;202;82;95m[48;2;202;82;95m▀[0m[38;2;202;82;95m[48;2;202;82;95m▀[0m[38;2;138;47;57m[48;2;16;16;16m▀[0m[38;2;16;16;16m▀[0m[38;2;108;98;32m▄[0m[38;2;108;98;32m[48;2;209;226;117m▀[0m[38;2;59;87;100m[48;2;59;87;100m▀[0m[38;2;209;226;117m[48;2;209;226;117m▀[0m[38;2;159;165;47m[48;2;209;226;117m▀[0m[38;2;113;167;190m[48;2;16;16;16m▀[0m[38;2;16;16;16m[48;2;159;165;47m▀[0m[38;2;39;59;66m[48;2;39;59;66m▀[0m[38;2;39;59;66m[48;2;39;59;66m▀[0m[38;2;39;59;66m[48;2;159;165;47m▀[0m[38;2;113;167;190m[48;2;81;119;156m▀[0m[38;2;16;16;16m[48;2;16;16;16m▀[0m[38;2;159;165;47m[48;2;209;226;117m▀[0m[38;2;16;16;16m[48;2;59;87;100m▀[0m[38;2;81;119;156m[48;2;16;16;16m▀[0m[38;2;39;59;66m[48;2;39;59;66m▀[0m[38;2;159;165;47m[48;2;209;226;117m▀[0m[38;2;159;165;47m[48;2;159;165;47m▀[0m[38;2;39;59;66m[48;2;108;98;32m▀[0m[38;2;81;119;156m[48;2;108;98;32m▀[0m[38;2;81;119;156m[48;2;81;119;156m▀[0m[38;2;81;119;156m[48;2;16;16;16m▀[0m[38;2;16;16;16m[48;2;202;82;95m▀[0m[38;2;202;82;95m[48;2;202;82;95m▀[0m[38;2;202;82;95m[48;2;138;47;57m▀[0m[38;2;202;82;95m[48;2;202;82;95m▀[0m[38;2;202;82;95m[48;2;213;213;213m▀[0m[38;2;202;82;95m[48;2;202;82;95m▀[0m[38;2;16;16;16m[48;2;16;16;16m▀[0m[38;2;16;16;16m[48;2;81;119;156m▀[0m[38;2;16;16;16m▄[0m       
  [38;2;16;16;16m▀[0m[38;2;202;82;95m[48;2;16;16;16m▀[0m[38;2;202;82;95m[48;2;202;82;95m▀[0m[38;2;16;16;16m[48;2;202;82;95m▀[0m[38;2;202;82;95m[48;2;16;16;16m▀[0m[38;2;202;82;95m[48;2;16;16;16m▀[0m[38;2;16;16;16m▀[0m[38;2;108;98;32m▄[0m[38;2;108;98;32m[48;2;209;226;117m▀[0m[38;2;159;165;47m[48;2;59;87;100m▀[0m[38;2;59;87;100m[48;2;159;165;47m▀[0m[38;2;209;226;117m[48;2;209;226;117m▀[0m[38;2;209;226;117m[48;2;209;226;117m▀[0m[38;2;159;165;47m[48;2;159;165;47m▀[0m[38;2;159;165;47m[48;2;159;165;47m▀[0m[38;2;39;59;66m[48;2;39;59;66m▀[0m[38;2;59;87;100m[48;2;159;165;47m▀[0m[38;2;159;165;47m[48;2;159;165;47m▀[0m[38;2;159;165;47m[48;2;159;165;47m▀[0m[38;2;209;226;117m[48;2;209;226;117m▀[0m[38;2;209;226;117m[48;2;209;226;117m▀[0m[38;2;59;87;100m[48;2;209;226;117m▀[0m[38;2;59;87;100m[48;2;59;87;100m▀[0m[38;2;209;226;117m[48;2;59;87;100m▀[0m[38;2;209;226;117m[48;2;159;165;47m▀[0m[38;2;209;226;117m[48;2;209;226;117m▀[0m[38;2;159;165;47m[48;2;159;165;47m▀[0m[38;2;39;59;66m[48;2;159;165;47m▀[0m[38;2;81;119;156m[48;2;16;16;16m▀[0m[38;2;16;16;16m[48;2;16;16;16m▀[0m[38;2;138;47;57m[48;2;138;47;57m▀[0m[38;2;202;82;95m[48;2;16;16;16m▀[0m[38;2;138;47;57m[48;2;202;82;95m▀[0m[38;2;213;213;213m[48;2;252;252;252m▀[0m[38;2;252;252;252m[48;2;252;252;252m▀[0m[38;2;213;213;213m[48;2;252;252;252m▀[0m[38;2;16;16;16m[48;2;16;16;16m▀[0m[38;2;81;119;156m[48;2;81;119;156m▀[0m[38;2;81;119;156m[48;2;81;119;156m▀[0m[38;2;16;16;16m[48;2;16;16;16m▀[0m      
    [38;2;16;16;16m▀[0m[38;2;16;16;16m▀[0m  [38;2;39;59;66m▄[0m[38;2;108;98;32m[48;2;59;87;100m▀[0m[38;2;59;87;100m[48;2;59;87;100m▀[0m[38;2;159;165;47m[48;2;209;226;117m▀[0m[38;2;209;226;117m[48;2;209;226;117m▀[0m[38;2;209;226;117m[48;2;209;226;117m▀[0m[38;2;159;165;47m[48;2;159;165;47m▀[0m[38;2;159;165;47m[48;2;108;98;32m▀[0m[38;2;159;165;47m[48;2;16;16;16m▀[0m[38;2;159;165;47m[48;2;16;16;16m▀[0m[38;2;159;165;47m[48;2;159;165;47m▀[0m[38;2;159;165;47m[48;2;159;165;47m▀[0m[38;2;159;165;47m[48;2;159;165;47m▀[0m[38;2;209;226;117m[48;2;159;165;47m▀[0m[38;2;209;226;117m[48;2;209;226;117m▀[0m[38;2;209;226;117m[48;2;209;226;117m▀[0m[38;2;209;226;117m[48;2;209;226;117m▀[0m[38;2;159;165;47m[48;2;209;226;117m▀[0m[38;2;59;87;100m[48;2;209;226;117m▀[0m[38;2;59;87;100m[48;2;59;87;100m▀[0m[38;2;209;226;117m[48;2;59;87;100m▀[0m[38;2;159;165;47m[48;2;159;165;47m▀[0m[38;2;16;16;16m[48;2;159;165;47m▀[0m[38;2;81;119;156m[48;2;16;16;16m▀[0m[38;2;16;16;16m[48;2;81;119;156m▀[0m[38;2;16;16;16m[48;2;81;119;156m▀[0m[38;2;138;47;57m[48;2;16;16;16m▀[0m[38;2;138;47;57m[48;2;16;16;16m▀[0m[38;2;252;252;252m[48;2;16;16;16m▀[0m[38;2;252;252;252m[48;2;252;252;252m▀[0m[38;2;16;16;16m[48;2;16;16;16m▀[0m[38;2;81;119;156m[48;2;81;119;156m▀[0m[38;2;81;119;156m[48;2;16;16;16m▀[0m[38;2;81;119;156m[48;2;81;119;156m▀[0m[38;2;16;16;16m[48;2;16;16;16m▀[0m     
        [38;2;39;59;66m[48;2;39;59;66m▀[0m[38;2;59;87;100m[48;2;59;87;100m▀[0m[38;2;59;87;100m[48;2;59;87;100m▀[0m[38;2;209;226;117m[48;2;209;226;117m▀[0m[38;2;209;226;117m[48;2;159;165;47m▀[0m[38;2;159;165;47m[48;2;159;165;47m▀[0m[38;2;159;165;47m[48;2;159;165;47m▀[0m[38;2;159;165;47m[48;2;159;165;47m▀[0m[38;2;159;165;47m[48;2;159;165;47m▀[0m[38;2;159;165;47m[48;2;108;98;32m▀[0m[38;2;16;16;16m[48;2;81;119;156m▀[0m[38;2;108;98;32m[48;2;81;119;156m▀[0m[38;2;159;165;47m[48;2;16;16;16m▀[0m[38;2;159;165;47m[48;2;159;165;47m▀[0m[38;2;159;165;47m[48;2;159;165;47m▀[0m[38;2;209;226;117m[48;2;159;165;47m▀[0m[38;2;209;226;117m[48;2;209;226;117m▀[0m[38;2;209;226;117m[48;2;209;226;117m▀[0m[38;2;209;226;117m[48;2;159;165;47m▀[0m[38;2;59;87;100m[48;2;39;59;66m▀[0m[38;2;59;87;100m[48;2;39;59;66m▀[0m[38;2;159;165;47m[48;2;108;98;32m▀[0m[38;2;159;165;47m[48;2;159;165;47m▀[0m[38;2;16;16;16m[48;2;16;16;16m▀[0m[38;2;81;119;156m[48;2;81;119;156m▀[0m[38;2;81;119;156m[48;2;81;119;156m▀[0m[38;2;81;119;156m[48;2;81;119;156m▀[0m[38;2;81;119;156m[48;2;81;119;156m▀[0m[38;2;81;119;156m[48;2;81;119;156m▀[0m[38;2;16;16;16m[48;2;81;119;156m▀[0m[38;2;16;16;16m[48;2;81;119;156m▀[0m[38;2;81;119;156m[48;2;81;119;156m▀[0m[38;2;16;16;16m[48;2;16;16;16m▀[0m[38;2;16;16;16m▀[0m[38;2;16;16;16m▀[0m     
        [38;2;39;59;66m▀[0m[38;2;209;226;117m[48;2;39;59;66m▀[0m[38;2;159;165;47m[48;2;209;226;117m▀[0m[38;2;59;87;100m[48;2;59;87;100m▀[0m[38;2;159;165;47m[48;2;159;165;47m▀[0m[38;2;159;165;47m[48;2;159;165;47m▀[0m[38;2;159;165;47m[48;2;16;16;16m▀[0m[38;2;16;16;16m▀[0m[38;2;16;16;16m[48;2;16;16;16m▀[0m[38;2;81;119;156m[48;2;81;119;156m▀[0m[38;2;81;119;156m[48;2;81;119;156m▀[0m[38;2;81;119;156m[48;2;16;16;16m▀[0m[38;2;81;119;156m[48;2;81;119;156m▀[0m[38;2;16;16;16m[48;2;81;119;156m▀[0m[38;2;159;165;47m[48;2;16;16;16m▀[0m[38;2;159;165;47m[48;2;16;16;16m▀[0m[38;2;159;165;47m[48;2;159;165;47m▀[0m[38;2;159;165;47m[48;2;159;165;47m▀[0m[38;2;39;59;66m[48;2;39;59;66m▀[0m[38;2;39;59;66m[48;2;39;59;66m▀[0m[38;2;159;165;47m[48;2;159;165;47m▀[0m[38;2;39;59;66m[48;2;159;165;47m▀[0m[38;2;108;98;32m[48;2;16;16;16m▀[0m[38;2;16;16;16m[48;2;81;119;156m▀[0m[38;2;81;119;156m[48;2;81;119;156m▀[0m[38;2;81;119;156m[48;2;81;119;156m▀[0m[38;2;81;119;156m[48;2;81;119;156m▀[0m[38;2;81;119;156m[48;2;81;119;156m▀[0m[38;2;81;119;156m[48;2;81;119;156m▀[0m[38;2;81;119;156m[48;2;81;119;156m▀[0m[38;2;81;119;156m[48;2;81;119;156m▀[0m[38;2;81;119;156m[48;2;81;119;156m▀[0m[38;2;16;16;16m[48;2;81;119;156m▀[0m[38;2;16;16;16m▄[0m      
          [38;2;16;16;16m[48;2;16;16;16m▀[0m[38;2;39;59;66m[48;2;138;47;57m▀[0m[38;2;39;59;66m[48;2;39;59;66m▀[0m[38;2;159;165;47m[48;2;39;59;66m▀[0m[38;2;16;16;16m[48;2;39;59;66m▀[0m[38;2;16;16;16m▄[0m [38;2;16;16;16m▀[0m[38;2;81;119;156m[48;2;16;16;16m▀[0m[38;2;16;16;16m[48;2;16;16;16m▀[0m[38;2;16;16;16m▀[0m[38;2;81;119;156m[48;2;16;16;16m▀[0m[38;2;81;119;156m[48;2;16;16;16m▀[0m[38;2;81;119;156m[48;2;81;119;156m▀[0m[38;2;16;16;16m[48;2;81;119;156m▀[0m[38;2;16;16;16m[48;2;81;119;156m▀[0m[38;2;39;59;66m[48;2;16;16;16m▀[0m[38;2;39;59;66m[48;2;39;59;66m▀[0m[38;2;159;165;47m[48;2;39;59;66m▀[0m[38;2;39;59;66m[48;2;39;59;66m▀[0m[38;2;16;16;16m[48;2;16;16;16m▀[0m[38;2;81;119;156m[48;2;81;119;156m▀[0m[38;2;81;119;156m[48;2;81;119;156m▀[0m[38;2;81;119;156m[48;2;81;119;156m▀[0m[38;2;81;119;156m[48;2;81;119;156m▀[0m[38;2;81;119;156m[48;2;81;119;156m▀[0m[38;2;81;119;156m[48;2;81;119;156m▀[0m[38;2;59;87;100m[48;2;16;16;16m▀[0m[38;2;81;119;156m[48;2;59;87;100m▀[0m[38;2;81;119;156m[48;2;81;119;156m▀[0m[38;2;81;119;156m[48;2;81;119;156m▀[0m[38;2;16;16;16m[48;2;16;16;16m▀[0m      
    [38;2;59;87;100m▄[0m[38;2;39;59;66m▄[0m  [38;2;59;87;100m[48;2;39;59;66m▀[0m[38;2;59;87;100m[48;2;252;252;252m▀[0m[38;2;16;16;16m[48;2;59;87;100m▀[0m[38;2;138;47;57m[48;2;138;47;57m▀[0m[38;2;138;47;57m[48;2;138;47;57m▀[0m[38;2;39;59;66m[48;2;39;59;66m▀[0m[38;2;39;59;66m[48;2;39;59;66m▀[0m[38;2;16;16;16m[48;2;16;16;16m▀[0m       [38;2;16;16;16m▀[0m[38;2;16;16;16m▀[0m[38;2;16;16;16m▀[0m[38;2;81;119;156m[48;2;16;16;16m▀[0m[38;2;16;16;16m[48;2;16;16;16m▀[0m[38;2;39;59;66m[48;2;39;59;66m▀[0m[38;2;39;59;66m[48;2;39;59;66m▀[0m[38;2;138;47;57m[48;2;202;82;95m▀[0m[38;2;59;87;100m[48;2;252;252;252m▀[0m[38;2;59;87;100m[48;2;39;59;66m▀[0m[38;2;81;119;156m[48;2;81;119;156m▀[0m[38;2;59;87;100m[48;2;16;16;16m▀[0m[38;2;81;119;156m[48;2;59;87;100m▀[0m[38;2;81;119;156m[48;2;81;119;156m▀[0m[38;2;81;119;156m[48;2;81;119;156m▀[0m[38;2;16;16;16m[48;2;16;16;16m▀[0m[38;2;16;16;16m▀[0m[38;2;81;119;156m[48;2;16;16;16m▀[0m[38;2;16;16;16m▀[0m      
    [38;2;59;87;100m[48;2;59;87;100m▀[0m[38;2;252;252;252m[48;2;252;252;252m▀[0m[38;2;39;59;66m[48;2;252;252;252m▀[0m[38;2;39;59;66m▄[0m [38;2;39;59;66m[48;2;138;47;57m▀[0m[38;2;138;47;57m[48;2;202;82;95m▀[0m[38;2;202;82;95m[48;2;202;82;95m▀[0m[38;2;138;47;57m[48;2;138;47;57m▀[0m[38;2;39;59;66m[48;2;39;59;66m▀[0m[38;2;16;16;16m[48;2;16;16;16m▀[0m            [38;2;16;16;16m▀[0m[38;2;16;16;16m[48;2;16;16;16m▀[0m[38;2;138;47;57m[48;2;138;47;57m▀[0m[38;2;202;82;95m[48;2;202;82;95m▀[0m[38;2;39;59;66m[48;2;138;47;57m▀[0m[38;2;81;119;156m[48;2;59;87;100m▀[0m[38;2;59;87;100m[48;2;252;252;252m▀[0m[38;2;39;59;66m[48;2;39;59;66m▀[0m[38;2;16;16;16m▀[0m[38;2;81;119;156m[48;2;16;16;16m▀[0m[38;2;81;119;156m[48;2;81;119;156m▀[0m[38;2;16;16;16m[48;2;16;16;16m▀[0m         
    [38;2;59;87;100m[48;2;59;87;100m▀[0m[38;2;213;213;213m[48;2;213;213;213m▀[0m[38;2;252;252;252m[48;2;138;47;57m▀[0m[38;2;213;213;213m[48;2;138;47;57m▀[0m[38;2;39;59;66m[48;2;202;82;95m▀[0m[38;2;202;82;95m[48;2;202;82;95m▀[0m[38;2;202;82;95m[48;2;202;82;95m▀[0m[38;2;202;82;95m[48;2;202;82;95m▀[0m[38;2;202;82;95m[48;2;202;82;95m▀[0m[38;2;16;16;16m[48;2;16;16;16m▀[0m              [38;2;16;16;16m[48;2;16;16;16m▀[0m[38;2;138;47;57m[48;2;202;82;95m▀[0m[38;2;202;82;95m[48;2;59;87;100m▀[0m[38;2;59;87;100m[48;2;213;213;213m▀[0m[38;2;252;252;252m[48;2;252;252;252m▀[0m[38;2;252;252;252m[48;2;252;252;252m▀[0m[38;2;39;59;66m[48;2;39;59;66m▀[0m [38;2;16;16;16m▀[0m[38;2;81;119;156m[48;2;16;16;16m▀[0m[38;2;16;16;16m▀[0m         
  [38;2;16;16;16m▄[0m[38;2;16;16;16m[48;2;202;82;95m▀[0m[38;2;138;47;57m[48;2;138;47;57m▀[0m[38;2;202;82;95m[48;2;202;82;95m▀[0m[38;2;202;82;95m[48;2;138;47;57m▀[0m[38;2;138;47;57m[48;2;202;82;95m▀[0m[38;2;138;47;57m[48;2;202;82;95m▀[0m[38;2;202;82;95m[48;2;202;82;95m▀[0m[38;2;202;82;95m[48;2;202;82;95m▀[0m[38;2;202;82;95m[48;2;138;47;57m▀[0m[38;2;138;47;57m[48;2;16;16;16m▀[0m              [38;2;138;47;57m▄[0m[38;2;16;16;16m[48;2;202;82;95m▀[0m[38;2;202;82;95m[48;2;202;82;95m▀[0m[38;2;138;47;57m[48;2;202;82;95m▀[0m[38;2;252;252;252m[48;2;138;47;57m▀[0m[38;2;252;252;252m[48;2;213;213;213m▀[0m[38;2;213;213;213m[48;2;202;82;95m▀[0m[38;2;16;16;16m[48;2;202;82;95m▀[0m[38;2;16;16;16m▄[0m            
  [38;2;16;16;16m▀[0m[38;2;138;47;57m[48;2;16;16;16m▀[0m[38;2;138;47;57m[48;2;16;16;16m▀[0m[38;2;138;47;57m[48;2;16;16;16m▀[0m[38;2;138;47;57m[48;2;16;16;16m▀[0m[38;2;202;82;95m[48;2;16;16;16m▀[0m[38;2;202;82;95m[48;2;16;16;16m▀[0m[38;2;138;47;57m[48;2;16;16;16m▀[0m[38;2;16;16;16m▀[0m[38;2;16;16;16m▀[0m               [38;2;16;16;16m[48;2;16;16;16m▀[0m[38;2;202;82;95m[48;2;138;47;57m▀[0m[38;2;202;82;95m[48;2;202;82;95m▀[0m[38;2;138;47;57m[48;2;202;82;95m▀[0m[38;2;202;82;95m[48;2;138;47;57m▀[0m[38;2;202;82;95m[48;2;202;82;95m▀[0m[38;2;138;47;57m[48;2;202;82;95m▀[0m[38;2;202;82;95m[48;2;138;47;57m▀[0m[38;2;202;82;95m[48;2;138;47;57m▀[0m[38;2;16;16;16m[48;2;16;16;16m▀[0m           
                            [38;2;16;16;16m▀[0m[38;2;138;47;57m[48;2;16;16;16m▀[0m[38;2;138;47;57m[48;2;16;16;16m▀[0m[38;2;138;47;57m[48;2;16;16;16m▀[0m[38;2;138;47;57m[48;2;16;16;16m▀[0m[38;2;138;47;57m[48;2;16;16;16m▀[0m[38;2;138;47;57m[48;2;16;16;16m▀[0m[38;2;16;16;16m▀[0m            
[0m