                     [38;2;57;49;90m▄[0m[38;2;57;49;90m[48;2;131;65;197m▀[0m[38;2;57;49;90m▄[0m[38;2;57;49;90m▄[0m[38;2;57;49;90m[48;2;131;65;197m▀[0m[38;2;57;49;90m[48;2;0;0;0m▀[0m                                                 
                    [38;2;57;49;90m▄[0m[38;2;57;49;90m[48;2;131;65;197m▀[0m[38;2;131;65;197m[48;2;131;65;197m▀[0m[38;2;57;49;90m[48;2;131;65;197m▀[0m[38;2;131;65;197m[48;2;0;0;0m▀[0m[38;2;57;49;90m▀[0m                                                  
                   [38;2;98;90;115m▄[0m[38;2;98;90;115m[48;2;156;148;172m▀[0m[38;2;156;148;172m[48;2;156;148;172m▀[0m[38;2;131;65;197m[48;2;156;148;172m▀[0m[38;2;0;0;0m[48;2;57;49;90m▀[0m        [38;2;98;90;115m▄[0m[38;2;98;90;115m▄[0m[38;2;98;90;115m▄[0m                                         
                   [38;2;98;90;115m[48;2;98;90;115m▀[0m[38;2;156;148;172m[48;2;156;148;172m▀[0m[38;2;156;148;172m[48;2;156;148;172m▀[0m[38;2;0;0;0m[48;2;0;0;0m▀[0m    [38;2;156;148;172m▄[0m[38;2;98;90;115m▄[0m[38;2;98;90;115m▄[0m[38;2;65;24;49m▄[0m[38;2;98;90;115m[48;2;65;24;49m▀[0m[38;2;156;148;172m[48;2;156;57;131m▀[0m[38;2;230;222;230m[48;2;230;222;230m▀[0m[38;2;0;0;0m[48;2;0;0;0m▀[0m                                         
                    [38;2;98;90;115m[48;2;98;90;115m▀[0m[38;2;156;148;172m[48;2;156;148;172m▀[0m[38;2;98;90;115m[48;2;156;148;172m▀[0m[38;2;0;0;0m▄[0m[38;2;98;90;115m▄[0m[38;2;98;90;115m[48;2;230;222;230m▀[0m[38;2;98;90;115m[48;2;230;222;230m▀[0m[38;2;230;222;230m[48;2;230;222;230m▀[0m[38;2;230;222;230m[48;2;230;222;230m▀[0m[38;2;230;222;230m[48;2;230;222;230m▀[0m[38;2;156;57;131m[48;2;156;148;172m▀[0m[38;2;222;90;164m[48;2;156;57;131m▀[0m[38;2;222;90;164m[48;2;222;90;164m▀[0m[38;2;156;57;131m[48;2;222;90;164m▀[0m[38;2;0;0;0m[48;2;222;90;164m▀[0m[38;2;0;0;0m▄[0m                                        
                  [38;2;164;32;32m[48;2;74;32;32m▀[0m[38;2;74;32;32m[48;2;156;148;172m▀[0m[38;2;0;0;0m[48;2;230;222;230m▀[0m[38;2;0;0;0m[48;2;131;65;197m▀[0m[38;2;98;90;115m[48;2;172;115;230m▀[0m[38;2;172;115;230m[48;2;172;115;230m▀[0m[38;2;131;65;197m[48;2;230;222;230m▀[0m[38;2;230;222;230m[48;2;230;222;230m▀[0m[38;2;230;222;230m[48;2;230;222;230m▀[0m[38;2;230;222;230m[48;2;230;222;230m▀[0m[38;2;230;222;230m[48;2;230;222;230m▀[0m[38;2;230;222;230m[48;2;230;222;230m▀[0m[38;2;230;222;230m[48;2;230;222;230m▀[0m[38;2;156;148;172m[48;2;230;222;230m▀[0m[38;2;156;57;131m[48;2;230;222;230m▀[0m[38;2;156;57;131m[48;2;230;222;230m▀[0m[38;2;156;57;131m[48;2;230;222;230m▀[0m[38;2;156;148;172m[48;2;230;222;230m▀[0m[38;2;0;0;0m[48;2;98;90;115m▀[0m                                       
                   [38;2;156;148;172m[48;2;98;90;115m▀[0m[38;2;230;222;230m[48;2;230;222;230m▀[0m[38;2;230;222;230m[48;2;230;222;230m▀[0m[38;2;230;222;230m[48;2;230;222;230m▀[0m[38;2;230;222;230m[48;2;230;222;230m▀[0m[38;2;230;222;230m[48;2;156;148;172m▀[0m[38;2;230;222;230m[48;2;65;24;49m▀[0m[38;2;156;57;131m[48;2;222;90;164m▀[0m[38;2;156;57;131m[48;2;222;90;164m▀[0m[38;2;156;57;131m[48;2;222;90;164m▀[0m[38;2;156;57;131m[48;2;222;90;164m▀[0m[38;2;230;222;230m[48;2;156;57;131m▀[0m[38;2;230;222;230m[48;2;156;57;131m▀[0m[38;2;230;222;230m[48;2;230;222;230m▀[0m[38;2;230;222;230m[48;2;230;222;230m▀[0m[38;2;230;222;230m[48;2;230;222;230m▀[0m[38;2;156;148;172m[48;2;230;222;230m▀[0m[38;2;98;90;115m[48;2;230;222;230m▀[0m[38;2;0;0;0m[48;2;230;222;230m▀[0m[38;2;98;90;115m▄[0m[38;2;0;0;0m▄[0m                                    
                    [38;2;98;90;115m▀[0m[38;2;230;222;230m[48;2;98;90;115m▀[0m[38;2;230;222;230m[48;2;156;148;172m▀[0m[38;2;230;222;230m[48;2;230;222;230m▀[0m[38;2;230;222;230m[48;2;230;222;230m▀[0m[38;2;156;148;172m[48;2;230;222;230m▀[0m[38;2;255;255;255m[48;2;156;148;172m▀[0m[38;2;74;32;32m[48;2;156;148;172m▀[0m[38;2;164;32;32m[48;2;98;90;115m▀[0m[38;2;164;32;32m[48;2;98;90;115m▀[0m[38;2;74;32;32m[48;2;230;222;230m▀[0m[38;2;0;0;0m[48;2;230;222;230m▀[0m[38;2;65;24;49m[48;2;230;222;230m▀[0m[38;2;156;57;131m[48;2;230;222;230m▀[0m[38;2;230;222;230m[48;2;230;222;230m▀[0m[38;2;230;222;230m[48;2;230;222;230m▀[0m[38;2;230;222;230m[48;2;230;222;230m▀[0m[38;2;230;222;230m[48;2;156;148;172m▀[0m[38;2;230;222;230m[48;2;65;65;65m▀[0m[38;2;230;222;230m[48;2;0;0;0m▀[0m[38;2;0;0;0m▀[0m                                   
                      [38;2;98;90;115m▀[0m[38;2;0;0;0m[48;2;98;90;115m▀[0m[38;2;230;222;230m[48;2;98;90;115m▀[0m[38;2;230;222;230m[48;2;156;148;172m▀[0m[38;2;230;222;230m[48;2;156;148;172m▀[0m[38;2;230;222;230m[48;2;98;90;115m▀[0m[38;2;230;222;230m[48;2;230;222;230m▀[0m[38;2;230;222;230m[48;2;156;148;172m▀[0m[38;2;230;222;230m[48;2;230;222;230m▀[0m[38;2;230;222;230m[48;2;230;222;230m▀[0m[38;2;230;222;230m[48;2;230;222;230m▀[0m[38;2;230;222;230m[48;2;197;189;205m▀[0m[38;2;230;222;230m[48;2;156;148;172m▀[0m[38;2;156;148;172m[48;2;0;0;0m▀[0m[38;2;0;0;0m▀[0m[38;2;0;0;0m▀[0m                                      
                         [38;2;65;65;65m▀[0m[38;2;98;90;115m▀[0m[38;2;156;148;172m[48;2;98;90;115m▀[0m[38;2;98;90;115m[48;2;156;148;172m▀[0m[38;2;230;222;230m[48;2;0;0;0m▀[0m[38;2;98;90;115m[48;2;230;222;230m▀[0m[38;2;156;148;172m[48;2;230;222;230m▀[0m[38;2;156;148;172m[48;2;98;90;115m▀[0m[38;2;156;148;172m[48;2;65;65;65m▀[0m[38;2;65;65;65m▀[0m                                         
                    [38;2;98;90;115m▄[0m[38;2;98;90;115m[48;2;156;148;172m▀[0m[38;2;98;90;115m[48;2;156;148;172m▀[0m[38;2;98;90;115m[48;2;156;148;172m▀[0m[38;2;98;90;115m▄[0m[38;2;98;90;115m▄[0m[38;2;0;0;0m[48;2;0;0;0m▀[0m[38;2;156;148;172m[48;2;156;148;172m▀[0m[38;2;156;148;172m[48;2;156;148;172m▀[0m[38;2;156;148;172m[48;2;156;148;172m▀[0m[38;2;0;0;0m[48;2;156;148;172m▀[0m[38;2;230;222;230m[48;2;0;0;0m▀[0m[38;2;230;222;230m[48;2;156;148;172m▀[0m[38;2;98;90;115m[48;2;230;222;230m▀[0m[38;2;0;0;0m[48;2;230;222;230m▀[0m[38;2;0;0;0m▄[0m[38;2;98;90;115m▄[0m                                       
                [38;2;0;0;0m▄[0m[38;2;98;90;115m▄[0m[38;2;0;0;0m[48;2;230;222;230m▀[0m[38;2;0;0;0m[48;2;230;222;230m▀[0m[38;2;156;148;172m[48;2;0;0;0m▀[0m[38;2;156;148;172m[48;2;0;0;0m▀[0m[38;2;156;148;172m[48;2;156;148;172m▀[0m[38;2;156;148;172m[48;2;156;148;172m▀[0m[38;2;156;148;172m[48;2;156;148;172m▀[0m[38;2;0;0;0m[48;2;0;0;0m▀[0m[38;2;230;222;230m[48;2;230;222;230m▀[0m[38;2;156;148;172m[48;2;230;222;230m▀[0m[38;2;156;148;172m[48;2;197;189;205m▀[0m[38;2;156;148;172m[48;2;156;148;172m▀[0m[38;2;156;148;172m[48;2;156;148;172m▀[0m[38;2;156;148;172m[48;2;156;148;172m▀[0m[38;2;0;0;0m[48;2;65;65;65m▀[0m[38;2;98;90;115m▀[0m[38;2;230;222;230m[48;2;0;0;0m▀[0m[38;2;230;222;230m[48;2;156;148;172m▀[0m[38;2;230;222;230m[48;2;230;222;230m▀[0m[38;2;98;90;115m[48;2;230;222;230m▀[0m[38;2;98;90;115m[48;2;230;222;230m▀[0m[38;2;0;0;0m[48;2;230;222;230m▀[0m[38;2;0;0;0m[48;2;131;65;197m▀[0m[38;2;57;49;90m▄[0m[38;2;57;49;90m▄[0m[38;2;0;0;0m▄[0m[38;2;0;0;0m▄[0m[38;2;0;0;0m▄[0m[38;2;57;49;90m▄[0m                             
              [38;2;98;90;115m▄[0m[38;2;98;90;115m[48;2;230;222;230m▀[0m[38;2;230;222;230m[48;2;230;222;230m▀[0m[38;2;230;222;230m[48;2;230;222;230m▀[0m[38;2;230;222;230m[48;2;230;222;230m▀[0m[38;2;230;222;230m[48;2;230;222;230m▀[0m[38;2;230;222;230m[48;2;230;222;230m▀[0m[38;2;230;222;230m[48;2;230;222;230m▀[0m[38;2;0;0;0m[48;2;230;222;230m▀[0m[38;2;156;148;172m[48;2;0;0;0m▀[0m[38;2;98;90;115m[48;2;98;90;115m▀[0m[38;2;230;222;230m[48;2;230;222;230m▀[0m[38;2;230;222;230m[48;2;230;222;230m▀[0m[38;2;230;222;230m[48;2;230;222;230m▀[0m[38;2;230;222;230m[48;2;230;222;230m▀[0m[38;2;230;222;230m[48;2;230;222;230m▀[0m[38;2;230;222;230m[48;2;230;222;230m▀[0m[38;2;65;65;65m[48;2;65;65;65m▀[0m[38;2;98;90;115m▄[0m  [38;2;0;0;0m▀[0m[38;2;0;0;0m▀[0m[38;2;230;222;230m[48;2;98;90;115m▀[0m[38;2;230;222;230m[48;2;0;0;0m▀[0m[38;2;131;65;197m[48;2;131;65;197m▀[0m[38;2;172;115;230m[48;2;172;115;230m▀[0m[38;2;172;115;230m[48;2;172;115;230m▀[0m[38;2;172;115;230m[48;2;172;115;230m▀[0m[38;2;172;115;230m[48;2;131;65;197m▀[0m[38;2;172;115;230m[48;2;0;0;0m▀[0m[38;2;172;115;230m[48;2;0;0;0m▀[0m[38;2;172;115;230m[48;2;57;49;90m▀[0m[38;2;0;0;0m▀[0m                   [38;2;65;24;49m▄[0m[38;2;65;24;49m▄[0m[38;2;156;57;131m▄[0m[38;2;65;24;49m[48;2;222;90;164m▀[0m[38;2;65;24;49m[48;2;222;90;164m▀[0m[38;2;65;24;49m[48;2;222;90;164m▀[0m[38;2;65;24;49m[48;2;0;0;0m▀[0m  
            [38;2;98;90;115m▄[0m[38;2;156;148;172m[48;2;230;222;230m▀[0m[38;2;230;222;230m[48;2;230;222;230m▀[0m[38;2;230;222;230m[48;2;230;222;230m▀[0m[38;2;230;222;230m[48;2;230;222;230m▀[0m[38;2;230;222;230m[48;2;230;222;230m▀[0m[38;2;230;222;230m[48;2;230;222;230m▀[0m[38;2;230;222;230m[48;2;230;222;230m▀[0m[38;2;230;222;230m[48;2;230;222;230m▀[0m[38;2;230;222;230m[48;2;230;222;230m▀[0m[38;2;230;222;230m[48;2;230;222;230m▀[0m[38;2;230;222;230m[48;2;230;222;230m▀[0m[38;2;0;0;0m[48;2;230;222;230m▀[0m[38;2;230;222;230m[48;2;0;0;0m▀[0m[38;2;230;222;230m[48;2;230;222;230m▀[0m[38;2;230;222;230m[48;2;230;222;230m▀[0m[38;2;230;222;230m[48;2;230;222;230m▀[0m[38;2;230;222;230m[48;2;230;222;230m▀[0m[38;2;230;222;230m[48;2;230;222;230m▀[0m[38;2;65;65;65m[48;2;0;0;0m▀[0m[38;2;156;148;172m[48;2;156;148;172m▀[0m[38;2;98;90;115m[48;2;156;148;172m▀[0m[38;2;98;90;115m▄[0m    [38;2;0;0;0m▀[0m[38;2;0;0;0m▀[0m[38;2;57;49;90m▀[0m[38;2;131;65;197m[48;2;0;0;0m▀[0m[38;2;172;115;230m[48;2;0;0;0m▀[0m[38;2;172;115;230m[48;2;57;49;90m▀[0m[38;2;57;49;90m[48;2;172;115;230m▀[0m[38;2;0;0;0m[48;2;172;115;230m▀[0m[38;2;57;49;90m▄[0m               [38;2;65;24;49m▄[0m[38;2;65;24;49m▄[0m[38;2;65;24;49m[48;2;222;90;164m▀[0m[38;2;156;57;131m[48;2;222;90;164m▀[0m[38;2;222;90;164m[48;2;222;90;164m▀[0m[38;2;222;90;164m[48;2;222;90;164m▀[0m[38;2;222;90;164m[48;2;156;57;131m▀[0m[38;2;222;90;164m[48;2;65;24;49m▀[0m[38;2;65;24;49m[48;2;65;24;49m▀[0m[38;2;0;0;0m[48;2;65;24;49m▀[0m[38;2;65;24;49m▄[0m[38;2;65;24;49m▄[0m 
          [38;2;98;90;115m▄[0m[38;2;98;90;115m[48;2;156;148;172m▀[0m[38;2;230;222;230m[48;2;230;222;230m▀[0m[38;2;230;222;230m[48;2;230;222;230m▀[0m[38;2;230;222;230m[48;2;230;222;230m▀[0m[38;2;230;222;230m[48;2;230;222;230m▀[0m[38;2;230;222;230m[48;2;230;222;230m▀[0m[38;2;230;222;230m[48;2;230;222;230m▀[0m[38;2;98;90;115m[48;2;156;148;172m▀[0m[38;2;230;222;230m[48;2;230;222;230m▀[0m[38;2;230;222;230m[48;2;230;222;230m▀[0m[38;2;230;222;230m[48;2;230;222;230m▀[0m[38;2;230;222;230m[48;2;230;222;230m▀[0m[38;2;230;222;230m[48;2;230;222;230m▀[0m[38;2;230;222;230m[48;2;230;222;230m▀[0m[38;2;230;222;230m[48;2;230;222;230m▀[0m[38;2;0;0;0m[48;2;0;0;0m▀[0m[38;2;230;222;230m[48;2;230;222;230m▀[0m[38;2;230;222;230m[48;2;230;222;230m▀[0m[38;2;230;222;230m[48;2;230;222;230m▀[0m[38;2;230;222;230m[48;2;230;222;230m▀[0m[38;2;0;0;0m[48;2;65;65;65m▀[0m[38;2;156;148;172m[48;2;156;148;172m▀[0m[38;2;156;148;172m[48;2;156;148;172m▀[0m[38;2;98;90;115m[48;2;156;148;172m▀[0m[38;2;98;90;115m▄[0m         [38;2;0;0;0m▀[0m[38;2;0;0;0m▀[0m[38;2;0;0;0m▀[0m            [38;2;98;90;115m▄[0m[38;2;98;90;115m[48;2;230;222;230m▀[0m[38;2;65;24;49m[48;2;156;148;172m▀[0m[38;2;222;90;164m[48;2;156;57;131m▀[0m[38;2;222;90;164m[48;2;222;90;164m▀[0m[38;2;222;90;164m[48;2;222;90;164m▀[0m[38;2;222;90;164m[48;2;222;90;164m▀[0m[38;2;222;90;164m[48;2;222;90;164m▀[0m[38;2;222;90;164m[48;2;222;90;164m▀[0m[38;2;222;90;164m[48;2;222;90;164m▀[0m[38;2;222;90;164m[48;2;222;90;164m▀[0m[38;2;222;90;164m[48;2;0;0;0m▀[0m[38;2;222;90;164m[48;2;0;0;0m▀[0m[38;2;222;90;164m[48;2;0;0;0m▀[0m[38;2;222;90;164m[48;2;0;0;0m▀[0m[38;2;0;0;0m[48;2;65;24;49m▀[0m
         [38;2;98;90;115m▄[0m[38;2;98;90;115m[48;2;230;222;230m▀[0m[38;2;230;222;230m[48;2;230;222;230m▀[0m[38;2;230;222;230m[48;2;230;222;230m▀[0m[38;2;230;222;230m[48;2;230;222;230m▀[0m[38;2;230;222;230m[48;2;230;222;230m▀[0m[38;2;230;222;230m[48;2;230;222;230m▀[0m[38;2;230;222;230m[48;2;98;90;115m▀[0m[38;2;98;90;115m[48;2;156;148;172m▀[0m[38;2;156;148;172m[48;2;156;148;172m▀[0m[38;2;230;222;230m[48;2;156;148;172m▀[0m[38;2;230;222;230m[48;2;230;222;230m▀[0m[38;2;230;222;230m[48;2;230;222;230m▀[0m[38;2;230;222;230m[48;2;230;222;230m▀[0m[38;2;230;222;230m[48;2;230;222;230m▀[0m[38;2;230;222;230m[48;2;230;222;230m▀[0m[38;2;230;222;230m[48;2;230;222;230m▀[0m[38;2;230;222;230m[48;2;230;222;230m▀[0m[38;2;0;0;0m[48;2;0;0;0m▀[0m[38;2;230;222;230m[48;2;156;148;172m▀[0m[38;2;230;222;230m[48;2;156;148;172m▀[0m[38;2;230;222;230m[48;2;230;222;230m▀[0m[38;2;230;222;230m[48;2;230;222;230m▀[0m[38;2;65;65;65m[48;2;0;0;0m▀[0m[38;2;156;148;172m[48;2;156;148;172m▀[0m[38;2;156;148;172m[48;2;98;90;115m▀[0m[38;2;98;90;115m▀[0m                     [38;2;98;90;115m▄[0m[38;2;98;90;115m[48;2;230;222;230m▀[0m[38;2;156;148;172m[48;2;230;222;230m▀[0m[38;2;230;222;230m[48;2;230;222;230m▀[0m[38;2;230;222;230m[48;2;230;222;230m▀[0m[38;2;230;222;230m[48;2;156;148;172m▀[0m[38;2;230;222;230m[48;2;0;0;0m▀[0m[38;2;156;57;131m[48;2;0;0;0m▀[0m[38;2;222;90;164m[48;2;0;0;0m▀[0m[38;2;65;24;49m▀[0m[38;2;0;0;0m▀[0m[38;2;0;0;0m▀[0m[38;2;0;0;0m▀[0m[38;2;65;24;49m▀[0m     
        [38;2;98;90;115m▄[0m[38;2;98;90;115m[48;2;230;222;230m▀[0m[38;2;230;222;230m[48;2;230;222;230m▀[0m[38;2;230;222;230m[48;2;230;222;230m▀[0m[38;2;230;222;230m[48;2;230;222;230m▀[0m[38;2;230;222;230m[48;2;230;222;230m▀[0m[38;2;230;222;230m[48;2;230;222;230m▀[0m[38;2;230;222;230m[48;2;98;90;115m▀[0m[38;2;98;90;115m[48;2;156;148;172m▀[0m[38;2;156;148;172m[48;2;230;222;230m▀[0m[38;2;156;148;172m[48;2;156;148;172m▀[0m[38;2;98;90;115m[48;2;65;65;65m▀[0m[38;2;230;222;230m[48;2;230;222;230m▀[0m[38;2;230;222;230m[48;2;230;222;230m▀[0m[38;2;230;222;230m[48;2;230;222;230m▀[0m[38;2;230;222;230m[48;2;230;222;230m▀[0m[38;2;230;222;230m[48;2;230;222;230m▀[0m[38;2;230;222;230m[48;2;230;222;230m▀[0m[38;2;230;222;230m[48;2;230;222;230m▀[0m[38;2;230;222;230m[48;2;230;222;230m▀[0m[38;2;98;90;115m[48;2;0;0;0m▀[0m[38;2;230;222;230m[48;2;230;222;230m▀[0m[38;2;156;148;172m[48;2;230;222;230m▀[0m[38;2;230;222;230m[48;2;230;222;230m▀[0m[38;2;0;0;0m[48;2;0;0;0m▀[0m[38;2;156;148;172m[48;2;98;90;115m▀[0m[38;2;98;90;115m▀[0m                    [38;2;98;90;115m▄[0m[38;2;98;90;115m[48;2;230;222;230m▀[0m[38;2;230;222;230m[48;2;230;222;230m▀[0m[38;2;230;222;230m[48;2;230;222;230m▀[0m[38;2;230;222;230m[48;2;98;90;115m▀[0m[38;2;230;222;230m[48;2;0;0;0m▀[0m[38;2;98;90;115m▀[0m[38;2;0;0;0m▀[0m             
        [38;2;98;90;115m[48;2;98;90;115m▀[0m[38;2;230;222;230m[48;2;230;222;230m▀[0m[38;2;230;222;230m[48;2;230;222;230m▀[0m[38;2;230;222;230m[48;2;230;222;230m▀[0m[38;2;230;222;230m[48;2;230;222;230m▀[0m[38;2;230;222;230m[48;2;230;222;230m▀[0m[38;2;230;222;230m[48;2;98;90;115m▀[0m[38;2;0;0;0m[48;2;230;222;230m▀[0m[38;2;230;222;230m[48;2;156;148;172m▀[0m[38;2;230;222;230m[48;2;230;222;230m▀[0m[38;2;156;148;172m[48;2;98;90;115m▀[0m[38;2;0;0;0m[48;2;0;0;0m▀[0m[38;2;230;222;230m[48;2;230;222;230m▀[0m[38;2;230;222;230m[48;2;230;222;230m▀[0m[38;2;230;222;230m[48;2;230;222;230m▀[0m[38;2;230;222;230m[48;2;230;222;230m▀[0m[38;2;230;222;230m[48;2;230;222;230m▀[0m[38;2;230;222;230m[48;2;230;222;230m▀[0m[38;2;230;222;230m[48;2;230;222;230m▀[0m[38;2;230;222;230m[48;2;230;222;230m▀[0m[38;2;98;90;115m[48;2;230;222;230m▀[0m[38;2;230;222;230m[48;2;230;222;230m▀[0m[38;2;230;222;230m[48;2;230;222;230m▀[0m[38;2;230;222;230m[48;2;230;222;230m▀[0m[38;2;0;0;0m[48;2;0;0;0m▀[0m                    [38;2;98;90;115m▄[0m[38;2;98;90;115m[48;2;156;148;172m▀[0m[38;2;230;222;230m[48;2;230;222;230m▀[0m[38;2;230;222;230m[48;2;230;222;230m▀[0m[38;2;230;222;230m[48;2;98;90;115m▀[0m[38;2;0;0;0m▀[0m                 
       [38;2;98;90;115m▄[0m[38;2;98;90;115m[48;2;156;148;172m▀[0m[38;2;230;222;230m[48;2;230;222;230m▀[0m[38;2;230;222;230m[48;2;230;222;230m▀[0m[38;2;230;222;230m[48;2;230;222;230m▀[0m[38;2;230;222;230m[48;2;230;222;230m▀[0m[38;2;230;222;230m[48;2;230;222;230m▀[0m[38;2;0;0;0m[48;2;0;0;0m▀[0m[38;2;230;222;230m[48;2;230;222;230m▀[0m[38;2;98;90;115m[48;2;98;90;115m▀[0m[38;2;156;148;172m[48;2;0;0;0m▀[0m[38;2;0;0;0m[48;2;156;148;172m▀[0m[38;2;156;148;172m[48;2;156;148;172m▀[0m[38;2;98;90;115m[48;2;0;0;0m▀[0m[38;2;230;222;230m[48;2;230;222;230m▀[0m[38;2;230;222;230m[48;2;230;222;230m▀[0m[38;2;230;222;230m[48;2;230;222;230m▀[0m[38;2;230;222;230m[48;2;230;222;230m▀[0m[38;2;230;222;230m[48;2;230;222;230m▀[0m[38;2;230;222;230m[48;2;230;222;230m▀[0m[38;2;230;222;230m[48;2;230;222;230m▀[0m[38;2;230;222;230m[48;2;230;222;230m▀[0m[38;2;230;222;230m[48;2;230;222;230m▀[0m[38;2;230;222;230m[48;2;230;222;230m▀[0m[38;2;230;222;230m[48;2;98;90;115m▀[0m[38;2;0;0;0m[48;2;230;222;230m▀[0m[38;2;0;0;0m▄[0m                  [38;2;98;90;115m▄[0m[38;2;98;90;115m[48;2;230;222;230m▀[0m[38;2;230;222;230m[48;2;230;222;230m▀[0m[38;2;230;222;230m[48;2;98;90;115m▀[0m[38;2;98;90;115m▀[0m                   
       [38;2;98;90;115m[48;2;98;90;115m▀[0m[38;2;230;222;230m[48;2;230;222;230m▀[0m[38;2;230;222;230m[48;2;230;222;230m▀[0m[38;2;230;222;230m[48;2;230;222;230m▀[0m[38;2;230;222;230m[48;2;230;222;230m▀[0m[38;2;230;222;230m[48;2;230;222;230m▀[0m[38;2;230;222;230m[48;2;156;148;172m▀[0m[38;2;0;0;0m[48;2;0;0;0m▀[0m[38;2;65;65;65m▀[0m[38;2;65;65;65m▀[0m[38;2;98;90;115m▀[0m[38;2;156;148;172m[48;2;98;90;115m▀[0m[38;2;156;148;172m[48;2;156;148;172m▀[0m[38;2;0;0;0m[48;2;156;148;172m▀[0m[38;2;230;222;230m[48;2;0;0;0m▀[0m[38;2;230;222;230m[48;2;230;222;230m▀[0m[38;2;230;222;230m[48;2;230;222;230m▀[0m[38;2;230;222;230m[48;2;230;222;230m▀[0m[38;2;230;222;230m[48;2;230;222;230m▀[0m[38;2;230;222;230m[48;2;230;222;230m▀[0m[38;2;230;222;230m[48;2;230;222;230m▀[0m[38;2;230;222;230m[48;2;230;222;230m▀[0m[38;2;230;222;230m[48;2;230;222;230m▀[0m[38;2;230;222;230m[48;2;98;90;115m▀[0m[38;2;0;0;0m[48;2;230;222;230m▀[0m[38;2;230;222;230m[48;2;230;222;230m▀[0m[38;2;65;65;65m[48;2;230;222;230m▀[0m[38;2;0;0;0m▄[0m                [38;2;98;90;115m▄[0m[38;2;98;90;115m[48;2;230;222;230m▀[0m[38;2;230;222;230m[48;2;230;222;230m▀[0m[38;2;230;222;230m[48;2;98;90;115m▀[0m[38;2;98;90;115m▀[0m                    
       [38;2;98;90;115m[48;2;156;148;172m▀[0m[38;2;230;222;230m[48;2;230;222;230m▀[0m[38;2;230;222;230m[48;2;230;222;230m▀[0m[38;2;230;222;230m[48;2;230;222;230m▀[0m[38;2;230;222;230m[48;2;230;222;230m▀[0m[38;2;230;222;230m[48;2;230;222;230m▀[0m[38;2;98;90;115m[48;2;98;90;115m▀[0m    [38;2;98;90;115m[48;2;65;24;49m▀[0m[38;2;156;148;172m[48;2;156;57;131m▀[0m[38;2;156;148;172m[48;2;156;57;131m▀[0m[38;2;0;0;0m[48;2;156;57;131m▀[0m[38;2;230;222;230m[48;2;0;0;0m▀[0m[38;2;230;222;230m[48;2;230;222;230m▀[0m[38;2;230;222;230m[48;2;230;222;230m▀[0m[38;2;230;222;230m[48;2;230;222;230m▀[0m[38;2;230;222;230m[48;2;230;222;230m▀[0m[38;2;230;222;230m[48;2;230;222;230m▀[0m[38;2;230;222;230m[48;2;230;222;230m▀[0m[38;2;230;222;230m[48;2;0;0;0m▀[0m[38;2;0;0;0m[48;2;230;222;230m▀[0m[38;2;230;222;230m[48;2;230;222;230m▀[0m[38;2;230;222;230m[48;2;230;222;230m▀[0m[38;2;230;222;230m[48;2;230;222;230m▀[0m[38;2;65;24;49m[48;2;222;90;164m▀[0m[38;2;65;24;49m▄[0m              [38;2;98;90;115m▄[0m[38;2;98;90;115m[48;2;156;148;172m▀[0m[38;2;230;222;230m[48;2;230;222;230m▀[0m[38;2;98;90;115m[48;2;0;0;0m▀[0m                      
      [38;2;98;90;115m[48;2;65;24;49m▀[0m[38;2;230;222;230m[48;2;156;148;172m▀[0m[38;2;230;222;230m[48;2;230;222;230m▀[0m[38;2;230;222;230m[48;2;230;222;230m▀[0m[38;2;230;222;230m[48;2;230;222;230m▀[0m[38;2;230;222;230m[48;2;156;57;131m▀[0m[38;2;156;57;131m[48;2;222;90;164m▀[0m[38;2;0;0;0m[48;2;0;0;0m▀[0m   [38;2;65;24;49m▄[0m[38;2;65;24;49m[48;2;156;57;131m▀[0m[38;2;156;57;131m[48;2;156;57;131m▀[0m[38;2;156;57;131m[48;2;65;24;49m▀[0m[38;2;156;57;131m[48;2;156;57;131m▀[0m[38;2;156;57;131m[48;2;156;57;131m▀[0m[38;2;0;0;0m[48;2;65;24;49m▀[0m[38;2;230;222;230m[48;2;0;0;0m▀[0m[38;2;230;222;230m[48;2;230;222;230m▀[0m[38;2;230;222;230m[48;2;230;222;230m▀[0m[38;2;230;222;230m[48;2;0;0;0m▀[0m[38;2;0;0;0m[48;2;230;222;230m▀[0m[38;2;230;222;230m[48;2;230;222;230m▀[0m[38;2;230;222;230m[48;2;230;222;230m▀[0m[38;2;230;222;230m[48;2;156;57;131m▀[0m[38;2;230;222;230m[48;2;156;57;131m▀[0m[38;2;156;57;131m[48;2;222;90;164m▀[0m[38;2;222;90;164m[48;2;222;90;164m▀[0m[38;2;222;90;164m[48;2;222;90;164m▀[0m[38;2;65;24;49m[48;2;156;57;131m▀[0m[38;2;0;0;0m▄[0m           [38;2;98;90;115m▄[0m[38;2;98;90;115m[48;2;156;148;172m▀[0m[38;2;156;148;172m[48;2;156;148;172m▀[0m[38;2;98;90;115m[48;2;0;0;0m▀[0m                       
     [38;2;156;57;131m▄[0m[38;2;65;24;49m[48;2;222;90;164m▀[0m[38;2;222;90;164m[48;2;222;90;164m▀[0m[38;2;156;57;131m[48;2;222;90;164m▀[0m[38;2;156;57;131m[48;2;222;90;164m▀[0m[38;2;156;57;131m[48;2;222;90;164m▀[0m[38;2;222;90;164m[48;2;222;90;164m▀[0m[38;2;222;90;164m[48;2;222;90;164m▀[0m[38;2;0;0;0m[48;2;0;0;0m▀[0m  [38;2;65;24;49m▄[0m[38;2;65;24;49m[48;2;156;57;131m▀[0m[38;2;156;57;131m[48;2;156;57;131m▀[0m[38;2;156;57;131m[48;2;0;0;0m▀[0m[38;2;65;24;49m[48;2;65;24;49m▀[0m[38;2;156;57;131m[48;2;156;57;131m▀[0m[38;2;156;57;131m[48;2;156;57;131m▀[0m[38;2;65;24;49m[48;2;65;24;49m▀[0m [38;2;0;0;0m▀[0m[38;2;0;0;0m▀[0m[38;2;222;90;164m[48;2;0;0;0m▀[0m[38;2;156;57;131m[48;2;222;90;164m▀[0m[38;2;156;57;131m[48;2;222;90;164m▀[0m[38;2;156;57;131m[48;2;222;90;164m▀[0m[38;2;222;90;164m[48;2;222;90;164m▀[0m[38;2;222;90;164m[48;2;222;90;164m▀[0m[38;2;222;90;164m[48;2;156;57;131m▀[0m[38;2;222;90;164m[48;2;156;57;131m▀[0m[38;2;156;57;131m[48;2;230;222;230m▀[0m[38;2;230;222;230m[48;2;230;222;230m▀[0m[38;2;230;222;230m[48;2;230;222;230m▀[0m[38;2;0;0;0m[48;2;230;222;230m▀[0m[38;2;0;0;0m▄[0m        [38;2;98;90;115m▄[0m[38;2;98;90;115m[48;2;156;148;172m▀[0m[38;2;156;148;172m[48;2;156;148;172m▀[0m[38;2;98;90;115m[48;2;0;0;0m▀[0m                        
    [38;2;65;24;49m▄[0m[38;2;65;24;49m[48;2;222;90;164m▀[0m[38;2;222;90;164m[48;2;222;90;164m▀[0m[38;2;222;90;164m[48;2;222;90;164m▀[0m[38;2;156;57;131m[48;2;65;24;49m▀[0m[38;2;222;90;164m[48;2;222;90;164m▀[0m[38;2;222;90;164m[48;2;222;90;164m▀[0m[38;2;222;90;164m[48;2;222;90;164m▀[0m[38;2;222;90;164m[48;2;222;90;164m▀[0m[38;2;0;0;0m[48;2;65;24;49m▀[0m [38;2;65;24;49m▄[0m[38;2;65;24;49m[48;2;156;57;131m▀[0m[38;2;156;57;131m[48;2;156;57;131m▀[0m[38;2;65;24;49m[48;2;0;0;0m▀[0m[38;2;0;0;0m[48;2;156;57;131m▀[0m[38;2;156;57;131m[48;2;156;57;131m▀[0m[38;2;156;57;131m[48;2;156;57;131m▀[0m[38;2;65;24;49m[48;2;65;24;49m▀[0m    [38;2;0;0;0m▀[0m[38;2;156;57;131m[48;2;0;0;0m▀[0m[38;2;156;57;131m[48;2;230;222;230m▀[0m[38;2;156;57;131m[48;2;230;222;230m▀[0m[38;2;156;57;131m[48;2;230;222;230m▀[0m[38;2;156;57;131m[48;2;230;222;230m▀[0m[38;2;230;222;230m[48;2;230;222;230m▀[0m[38;2;230;222;230m[48;2;230;222;230m▀[0m[38;2;230;222;230m[48;2;230;222;230m▀[0m[38;2;230;222;230m[48;2;230;222;230m▀[0m[38;2;230;222;230m[48;2;230;222;230m▀[0m[38;2;230;222;230m[48;2;230;222;230m▀[0m[38;2;230;222;230m[48;2;230;222;230m▀[0m[38;2;98;90;115m[48;2;230;222;230m▀[0m[38;2;98;90;115m▄[0m[38;2;0;0;0m▄[0m[38;2;98;90;115m▄[0m[38;2;98;90;115m▄[0m[38;2;98;90;115m▄[0m[38;2;98;90;115m[48;2;156;148;172m▀[0m[38;2;98;90;115m[48;2;156;148;172m▀[0m[38;2;156;148;172m[48;2;156;148;172m▀[0m[38;2;156;148;172m[48;2;0;0;0m▀[0m[38;2;0;0;0m▀[0m                         
   [38;2;65;24;49m▄[0m[38;2;65;24;49m[48;2;222;90;164m▀[0m[38;2;222;90;164m[48;2;222;90;164m▀[0m[38;2;222;90;164m[48;2;222;90;164m▀[0m[38;2;222;90;164m[48;2;222;90;164m▀[0m[38;2;65;24;49m[48;2;65;24;49m▀[0m[38;2;222;90;164m[48;2;222;90;164m▀[0m[38;2;222;90;164m[48;2;222;90;164m▀[0m[38;2;222;90;164m[48;2;222;90;164m▀[0m[38;2;65;24;49m[48;2;0;0;0m▀[0m [38;2;65;24;49m▄[0m[38;2;65;24;49m[48;2;156;57;131m▀[0m[38;2;156;57;131m[48;2;0;0;0m▀[0m[38;2;0;0;0m▀[0m[38;2;65;24;49m[48;2;65;24;49m▀[0m[38;2;156;57;131m[48;2;156;57;131m▀[0m[38;2;156;57;131m[48;2;0;0;0m▀[0m[38;2;65;24;49m▀[0m  [38;2;65;24;49m▄[0m[38;2;98;90;115m▄[0m[38;2;98;90;115m[48;2;156;148;172m▀[0m[38;2;98;90;115m[48;2;156;148;172m▀[0m[38;2;0;0;0m[48;2;156;148;172m▀[0m[38;2;156;148;172m[48;2;156;57;131m▀[0m[38;2;230;222;230m[48;2;230;222;230m▀[0m[38;2;230;222;230m[48;2;230;222;230m▀[0m[38;2;230;222;230m[48;2;230;222;230m▀[0m[38;2;230;222;230m[48;2;230;222;230m▀[0m[38;2;230;222;230m[48;2;230;222;230m▀[0m[38;2;230;222;230m[48;2;230;222;230m▀[0m[38;2;230;222;230m[48;2;230;222;230m▀[0m[38;2;230;222;230m[48;2;230;222;230m▀[0m[38;2;230;222;230m[48;2;230;222;230m▀[0m[38;2;230;222;230m[48;2;230;222;230m▀[0m[38;2;230;222;230m[48;2;230;222;230m▀[0m[38;2;230;222;230m[48;2;230;222;230m▀[0m[38;2;156;57;131m[48;2;156;57;131m▀[0m[38;2;0;0;0m[48;2;222;90;164m▀[0m[38;2;156;148;172m[48;2;0;0;0m▀[0m[38;2;156;148;172m[48;2;98;90;115m▀[0m[38;2;156;148;172m[48;2;98;90;115m▀[0m[38;2;98;90;115m▀[0m[38;2;0;0;0m▀[0m                           
  [38;2;65;24;49m▄[0m[38;2;65;24;49m[48;2;222;90;164m▀[0m[38;2;222;90;164m[48;2;222;90;164m▀[0m[38;2;222;90;164m[48;2;222;90;164m▀[0m[38;2;222;90;164m[48;2;0;0;0m▀[0m[38;2;65;24;49m[48;2;65;24;49m▀[0m[38;2;222;90;164m[48;2;222;90;164m▀[0m[38;2;222;90;164m[48;2;222;90;164m▀[0m[38;2;222;90;164m[48;2;222;90;164m▀[0m[38;2;222;90;164m[48;2;0;0;0m▀[0m[38;2;0;0;0m▀[0m [38;2;0;0;0m▀[0m[38;2;0;0;0m▀[0m [38;2;65;24;49m[48;2;0;0;0m▀[0m[38;2;156;57;131m[48;2;0;0;0m▀[0m[38;2;0;0;0m▀[0m  [38;2;65;24;49m▄[0m[38;2;65;24;49m[48;2;156;57;131m▀[0m[38;2;156;148;172m[48;2;156;57;131m▀[0m[38;2;156;148;172m[48;2;156;148;172m▀[0m[38;2;156;148;172m[48;2;156;148;172m▀[0m[38;2;156;148;172m[48;2;156;148;172m▀[0m[38;2;156;148;172m[48;2;156;148;172m▀[0m[38;2;0;0;0m[48;2;156;57;131m▀[0m[38;2;156;57;131m[48;2;65;24;49m▀[0m[38;2;156;148;172m[48;2;222;90;164m▀[0m[38;2;230;222;230m[48;2;156;57;131m▀[0m[38;2;230;222;230m[48;2;156;57;131m▀[0m[38;2;230;222;230m[48;2;156;148;172m▀[0m[38;2;230;222;230m[48;2;230;222;230m▀[0m[38;2;230;222;230m[48;2;230;222;230m▀[0m[38;2;230;222;230m[48;2;230;222;230m▀[0m[38;2;230;222;230m[48;2;230;222;230m▀[0m[38;2;230;222;230m[48;2;156;57;131m▀[0m[38;2;230;222;230m[48;2;156;57;131m▀[0m[38;2;156;57;131m[48;2;222;90;164m▀[0m[38;2;222;90;164m[48;2;222;90;164m▀[0m[38;2;222;90;164m[48;2;222;90;164m▀[0m[38;2;222;90;164m[48;2;222;90;164m▀[0m[38;2;0;0;0m[48;2;0;0;0m▀[0m                              
[38;2;65;24;49m▄[0m[38;2;65;24;49m[48;2;222;90;164m▀[0m[38;2;222;90;164m[48;2;222;90;164m▀[0m[38;2;222;90;164m[48;2;0;0;0m▀[0m[38;2;222;90;164m[48;2;65;24;49m▀[0m[38;2;0;0;0m▀[0m [38;2;65;24;49m[48;2;65;24;49m▀[0m[38;2;222;90;164m[48;2;222;90;164m▀[0m[38;2;222;90;164m[48;2;222;90;164m▀[0m[38;2;222;90;164m[48;2;0;0;0m▀[0m[38;2;0;0;0m▀[0m          [38;2;65;24;49m[48;2;65;24;49m▀[0m[38;2;156;57;131m[48;2;156;57;131m▀[0m[38;2;156;57;131m[48;2;156;57;131m▀[0m[38;2;156;57;131m[48;2;156;57;131m▀[0m[38;2;156;57;131m[48;2;156;57;131m▀[0m[38;2;156;57;131m[48;2;156;57;131m▀[0m[38;2;156;57;131m[48;2;156;57;131m▀[0m[38;2;156;57;131m[48;2;156;57;131m▀[0m[38;2;156;57;131m[48;2;156;57;131m▀[0m[38;2;156;57;131m[48;2;156;57;131m▀[0m[38;2;222;90;164m[48;2;156;57;131m▀[0m[38;2;222;90;164m[48;2;156;57;131m▀[0m[38;2;222;90;164m[48;2;222;90;164m▀[0m[38;2;156;57;131m[48;2;222;90;164m▀[0m[38;2;156;57;131m[48;2;222;90;164m▀[0m[38;2;156;57;131m[48;2;222;90;164m▀[0m[38;2;156;57;131m[48;2;222;90;164m▀[0m[38;2;222;90;164m[48;2;222;90;164m▀[0m[38;2;222;90;164m[48;2;222;90;164m▀[0m[38;2;222;90;164m[48;2;222;90;164m▀[0m[38;2;222;90;164m[48;2;222;90;164m▀[0m[38;2;222;90;164m[48;2;222;90;164m▀[0m[38;2;222;90;164m[48;2;222;90;164m▀[0m[38;2;156;57;131m[48;2;156;57;131m▀[0m[38;2;65;24;49m[48;2;0;0;0m▀[0m                             
[38;2;0;0;0m▀[0m[38;2;0;0;0m▀[0m[38;2;65;24;49m▀[0m   [38;2;65;24;49m[48;2;65;24;49m▀[0m[38;2;222;90;164m[48;2;222;90;164m▀[0m[38;2;222;90;164m[48;2;222;90;164m▀[0m[38;2;222;90;164m[48;2;0;0;0m▀[0m[38;2;0;0;0m▀[0m            [38;2;0;0;0m▀[0m[38;2;156;57;131m[48;2;0;0;0m▀[0m[38;2;156;57;131m[48;2;65;24;49m▀[0m[38;2;156;57;131m[48;2;156;57;131m▀[0m[38;2;156;57;131m[48;2;156;57;131m▀[0m[38;2;156;57;131m[48;2;156;57;131m▀[0m[38;2;156;57;131m[48;2;156;57;131m▀[0m[38;2;156;57;131m[48;2;156;57;131m▀[0m[38;2;156;57;131m[48;2;65;24;49m▀[0m[38;2;0;0;0m▀[0m[38;2;0;0;0m▀[0m[38;2;65;24;49m▀[0m[38;2;156;57;131m▀[0m[38;2;222;90;164m[48;2;65;24;49m▀[0m[38;2;222;90;164m[48;2;65;24;49m▀[0m[38;2;222;90;164m[48;2;156;57;131m▀[0m[38;2;222;90;164m[48;2;222;90;164m▀[0m[38;2;222;90;164m[48;2;222;90;164m▀[0m[38;2;222;90;164m[48;2;222;90;164m▀[0m[38;2;222;90;164m[48;2;222;90;164m▀[0m[38;2;222;90;164m[48;2;156;57;131m▀[0m[38;2;156;57;131m[48;2;156;57;131m▀[0m[38;2;156;57;131m[48;2;156;57;131m▀[0m[38;2;0;0;0m[48;2;0;0;0m▀[0m                             
     [38;2;65;24;49m[48;2;65;24;49m▀[0m[38;2;222;90;164m[48;2;0;0;0m▀[0m[38;2;222;90;164m[48;2;0;0;0m▀[0m[38;2;0;0;0m▀[0m                [38;2;65;24;49m▄[0m[38;2;0;0;0m[48;2;65;24;49m▀[0m[38;2;0;0;0m[48;2;156;57;131m▀[0m[38;2;65;24;49m[48;2;156;57;131m▀[0m[38;2;156;57;131m[48;2;156;57;131m▀[0m[38;2;156;57;131m[48;2;156;57;131m▀[0m[38;2;0;0;0m[48;2;156;57;131m▀[0m[38;2;0;0;0m▄[0m     [38;2;65;24;49m▀[0m[38;2;156;57;131m[48;2;0;0;0m▀[0m[38;2;156;57;131m[48;2;0;0;0m▀[0m[38;2;156;57;131m[48;2;156;57;131m▀[0m[38;2;156;57;131m[48;2;156;57;131m▀[0m[38;2;156;57;131m[48;2;156;57;131m▀[0m[38;2;156;57;131m[48;2;156;57;131m▀[0m[38;2;65;24;49m[48;2;0;0;0m▀[0m                              
                     [38;2;65;24;49m▄[0m[38;2;65;24;49m[48;2;156;148;172m▀[0m[38;2;65;24;49m[48;2;0;0;0m▀[0m[38;2;65;24;49m[48;2;156;148;172m▀[0m[38;2;156;57;131m[48;2;65;24;49m▀[0m[38;2;156;57;131m[48;2;65;24;49m▀[0m[38;2;65;24;49m[48;2;156;148;172m▀[0m[38;2;156;57;131m[48;2;65;24;49m▀[0m[38;2;156;57;131m[48;2;156;57;131m▀[0m[38;2;156;57;131m[48;2;0;0;0m▀[0m[38;2;156;57;131m[48;2;0;0;0m▀[0m[38;2;0;0;0m▀[0m        [38;2;0;0;0m▀[0m[38;2;0;0;0m▀[0m[38;2;65;24;49m[48;2;0;0;0m▀[0m[38;2;156;57;131m[48;2;156;57;131m▀[0m[38;2;156;57;131m[48;2;156;57;131m▀[0m[38;2;65;24;49m[48;2;0;0;0m▀[0m                             
                     [38;2;0;0;0m▀[0m[38;2;0;0;0m[48;2;0;0;0m▀[0m[38;2;156;148;172m[48;2;0;0;0m▀[0m[38;2;65;24;49m▀[0m[38;2;0;0;0m[48;2;0;0;0m▀[0m[38;2;156;148;172m[48;2;0;0;0m▀[0m[38;2;65;24;49m▀[0m[38;2;0;0;0m▀[0m[38;2;0;0;0m▀[0m             [38;2;0;0;0m[48;2;156;57;131m▀[0m[38;2;156;57;131m[48;2;222;90;164m▀[0m[38;2;222;90;164m[48;2;222;90;164m▀[0m[38;2;222;90;164m[48;2;222;90;164m▀[0m[38;2;0;0;0m[48;2;156;57;131m▀[0m[38;2;0;0;0m▄[0m                           
                                          [38;2;65;65;65m[48;2;65;65;65m▀[0m[38;2;255;255;255m[48;2;255;255;255m▀[0m[38;2;156;57;131m[48;2;0;0;0m▀[0m[38;2;222;90;164m[48;2;65;24;49m▀[0m[38;2;65;24;49m[48;2;255;255;255m▀[0m[38;2;156;57;131m[48;2;0;0;0m▀[0m[38;2;230;222;230m[48;2;65;65;65m▀[0m[38;2;65;65;65m[48;2;255;255;255m▀[0m[38;2;0;0;0m▄[0m                         
                                          [38;2;65;65;65m▀[0m[38;2;0;0;0m▀[0m [38;2;65;65;65m▀[0m[38;2;255;255;255m[48;2;65;65;65m▀[0m[38;2;0;0;0m[48;2;0;0;0m▀[0m [38;2;0;0;0m▀[0m[38;2;0;0;0m▀[0m                         
[0m