              [38;2;106;98;106m▄[0m[38;2;106;98;106m[48;2;255;255;255m▀[0m[38;2;106;98;106m[48;2;255;255;255m▀[0m[38;2;106;98;106m[48;2;255;255;255m▀[0m[38;2;106;98;106m[48;2;222;213;222m▀[0m[38;2;106;98;106m▄[0m                   
             [38;2;106;98;106m[48;2;106;98;106m▀[0m[38;2;255;255;255m[48;2;255;255;255m▀[0m[38;2;255;255;255m[48;2;255;255;255m▀[0m[38;2;255;255;255m[48;2;255;255;255m▀[0m[38;2;255;255;255m[48;2;255;255;255m▀[0m[38;2;255;255;255m[48;2;255;255;255m▀[0m[38;2;189;172;189m[48;2;189;172;189m▀[0m[38;2;106;98;106m[48;2;0;0;0m▀[0m                  
             [38;2;106;98;106m[48;2;106;98;106m▀[0m[38;2;222;213;222m[48;2;189;172;189m▀[0m[38;2;255;255;255m[48;2;189;172;189m▀[0m[38;2;255;255;255m[48;2;189;172;189m▀[0m[38;2;255;255;255m[48;2;189;172;189m▀[0m[38;2;222;213;222m[48;2;189;172;189m▀[0m[38;2;189;172;189m[48;2;189;172;189m▀[0m[38;2;0;0;0m[48;2;0;0;0m▀[0m                  
              [38;2;0;0;0m▀[0m[38;2;189;172;189m[48;2;106;98;106m▀[0m[38;2;189;172;189m[48;2;0;0;0m▀[0m[38;2;189;172;189m[48;2;0;0;0m▀[0m[38;2;189;172;189m[48;2;0;0;0m▀[0m[38;2;0;0;0m[48;2;57;148;106m▀[0m[38;2;0;0;0m▄[0m                  
                  [38;2;41;90;65m▀[0m[38;2;57;148;106m[48;2;41;90;65m▀[0m[38;2;57;148;106m[48;2;90;197;139m▀[0m[38;2;41;90;65m[48;2;90;197;139m▀[0m[38;2;41;90;65m▄[0m                
                   [38;2;0;0;0m▀[0m[38;2;90;197;139m[48;2;41;90;65m▀[0m[38;2;90;197;139m[48;2;90;197;139m▀[0m[38;2;90;197;139m[48;2;90;197;139m▀[0m[38;2;41;90;65m[48;2;0;0;0m▀[0m               
              [38;2;41;90;65m▄[0m[38;2;41;90;65m▄[0m[38;2;41;90;65m[48;2;90;197;139m▀[0m[38;2;41;90;65m[48;2;90;197;139m▀[0m[38;2;41;90;65m[48;2;90;197;139m▀[0m[38;2;0;0;0m[48;2;90;197;139m▀[0m[38;2;90;197;139m[48;2;90;197;139m▀[0m[38;2;90;197;139m[48;2;90;197;139m▀[0m[38;2;90;197;139m[48;2;90;197;139m▀[0m[38;2;90;197;139m[48;2;90;197;139m▀[0m[38;2;0;0;0m[48;2;41;90;65m▀[0m              
             [38;2;41;90;65m[48;2;41;90;65m▀[0m[38;2;90;197;139m[48;2;90;197;139m▀[0m[38;2;90;197;139m[48;2;90;197;139m▀[0m[38;2;90;197;139m[48;2;90;197;139m▀[0m[38;2;90;197;139m[48;2;90;197;139m▀[0m[38;2;90;197;139m[48;2;90;197;139m▀[0m[38;2;90;197;139m[48;2;90;197;139m▀[0m[38;2;90;197;139m[48;2;90;197;139m▀[0m[38;2;90;197;139m[48;2;90;197;139m▀[0m[38;2;90;197;139m[48;2;90;197;139m▀[0m[38;2;90;197;139m[48;2;0;0;0m▀[0m[38;2;0;0;0m▀[0m              
             [38;2;41;90;65m▀[0m[38;2;90;197;139m[48;2;41;90;65m▀[0m[38;2;90;197;139m[48;2;57;148;106m▀[0m[38;2;90;197;139m[48;2;90;197;139m▀[0m[38;2;90;197;139m[48;2;90;197;139m▀[0m[38;2;90;197;139m[48;2;90;197;139m▀[0m[38;2;90;197;139m[48;2;90;197;139m▀[0m[38;2;90;197;139m[48;2;90;197;139m▀[0m[38;2;90;197;139m[48;2;90;197;139m▀[0m[38;2;41;90;65m[48;2;90;197;139m▀[0m[38;2;41;90;65m▄[0m               
         [38;2;41;90;65m▄[0m[38;2;41;90;65m▄[0m[38;2;41;90;65m[48;2;90;197;139m▀[0m[38;2;41;90;65m[48;2;90;197;139m▀[0m[38;2;0;0;0m[48;2;90;197;139m▀[0m[38;2;41;90;65m[48;2;90;197;139m▀[0m[38;2;57;148;106m[48;2;41;90;65m▀[0m[38;2;57;148;106m[48;2;57;148;106m▀[0m[38;2;57;148;106m[48;2;57;148;106m▀[0m[38;2;90;197;139m[48;2;57;148;106m▀[0m[38;2;90;197;139m[48;2;90;197;139m▀[0m[38;2;90;197;139m[48;2;90;197;139m▀[0m[38;2;90;197;139m[48;2;90;197;139m▀[0m[38;2;90;197;139m[48;2;90;197;139m▀[0m[38;2;90;197;139m[48;2;90;197;139m▀[0m[38;2;41;90;65m[48;2;90;197;139m▀[0m[38;2;41;90;65m▄[0m             
       [38;2;41;90;65m▄[0m[38;2;41;90;65m[48;2;57;148;106m▀[0m[38;2;90;197;139m[48;2;90;197;139m▀[0m[38;2;90;197;139m[48;2;90;197;139m▀[0m[38;2;90;197;139m[48;2;90;197;139m▀[0m[38;2;90;197;139m[48;2;90;197;139m▀[0m[38;2;90;197;139m[48;2;90;197;139m▀[0m[38;2;90;197;139m[48;2;90;197;139m▀[0m[38;2;90;197;139m[48;2;90;197;139m▀[0m[38;2;57;148;106m[48;2;90;197;139m▀[0m[38;2;57;148;106m[48;2;90;197;139m▀[0m[38;2;57;148;106m[48;2;90;197;139m▀[0m[38;2;90;197;139m[48;2;90;197;139m▀[0m[38;2;90;197;139m[48;2;90;197;139m▀[0m[38;2;90;197;139m[48;2;90;197;139m▀[0m[38;2;90;197;139m[48;2;90;197;139m▀[0m[38;2;90;197;139m[48;2;90;197;139m▀[0m[38;2;90;197;139m[48;2;90;197;139m▀[0m[38;2;90;197;139m[48;2;90;197;139m▀[0m[38;2;41;90;65m[48;2;90;197;139m▀[0m[38;2;41;90;65m▄[0m           
       [38;2;0;0;0m[48;2;0;0;0m▀[0m[38;2;57;148;106m[48;2;57;148;106m▀[0m[38;2;57;148;106m[48;2;57;148;106m▀[0m[38;2;90;197;139m[48;2;57;148;106m▀[0m[38;2;90;197;139m[48;2;57;148;106m▀[0m[38;2;90;197;139m[48;2;90;197;139m▀[0m[38;2;90;197;139m[48;2;90;197;139m▀[0m[38;2;90;197;139m[48;2;90;197;139m▀[0m[38;2;90;197;139m[48;2;90;197;139m▀[0m[38;2;90;197;139m[48;2;90;197;139m▀[0m[38;2;90;197;139m[48;2;90;197;139m▀[0m[38;2;90;197;139m[48;2;90;197;139m▀[0m[38;2;90;197;139m[48;2;90;197;139m▀[0m[38;2;90;197;139m[48;2;90;197;139m▀[0m[38;2;90;197;139m[48;2;90;197;139m▀[0m[38;2;90;197;139m[48;2;57;148;106m▀[0m[38;2;90;197;139m[48;2;90;197;139m▀[0m[38;2;90;197;139m[48;2;57;148;106m▀[0m[38;2;90;197;139m[48;2;90;197;139m▀[0m[38;2;90;197;139m[48;2;57;148;106m▀[0m[38;2;0;0;0m[48;2;0;0;0m▀[0m           
       [38;2;0;0;0m▀[0m[38;2;0;0;0m[48;2;41;90;65m▀[0m[38;2;57;148;106m[48;2;57;148;106m▀[0m[38;2;57;148;106m[48;2;57;148;106m▀[0m[38;2;57;148;106m[48;2;57;148;106m▀[0m[38;2;57;148;106m[48;2;57;148;106m▀[0m[38;2;57;148;106m[48;2;57;148;106m▀[0m[38;2;57;148;106m[48;2;57;148;106m▀[0m[38;2;57;148;106m[48;2;57;148;106m▀[0m[38;2;57;148;106m[48;2;57;148;106m▀[0m[38;2;57;148;106m[48;2;57;148;106m▀[0m[38;2;57;148;106m[48;2;57;148;106m▀[0m[38;2;57;148;106m[48;2;57;148;106m▀[0m[38;2;57;148;106m[48;2;57;148;106m▀[0m[38;2;57;148;106m[48;2;57;148;106m▀[0m[38;2;90;197;139m[48;2;57;148;106m▀[0m[38;2;57;148;106m[48;2;90;197;139m▀[0m[38;2;90;197;139m[48;2;57;148;106m▀[0m[38;2;57;148;106m[48;2;57;148;106m▀[0m[38;2;0;0;0m[48;2;41;90;65m▀[0m            
     [38;2;41;90;65m▄[0m[38;2;41;90;65m[48;2;90;197;139m▀[0m[38;2;90;197;139m[48;2;90;197;139m▀[0m[38;2;90;197;139m[48;2;90;197;139m▀[0m[38;2;57;148;106m[48;2;123;57;123m▀[0m[38;2;57;148;106m[48;2;230;156;189m▀[0m[38;2;123;57;123m[48;2;255;213;222m▀[0m[38;2;123;57;123m[48;2;255;213;222m▀[0m[38;2;123;57;123m[48;2;255;213;222m▀[0m[38;2;123;57;123m[48;2;255;213;222m▀[0m[38;2;123;57;123m[48;2;255;213;222m▀[0m[38;2;123;57;123m[48;2;255;213;222m▀[0m[38;2;57;148;106m[48;2;230;156;189m▀[0m[38;2;57;148;106m[48;2;123;57;123m▀[0m[38;2;57;148;106m[48;2;123;57;123m▀[0m[38;2;57;148;106m[48;2;123;57;123m▀[0m[38;2;57;148;106m[48;2;57;148;106m▀[0m[38;2;90;197;139m[48;2;57;148;106m▀[0m[38;2;57;148;106m[48;2;90;197;139m▀[0m[38;2;90;197;139m[48;2;57;148;106m▀[0m[38;2;57;148;106m[48;2;90;197;139m▀[0m[38;2;57;148;106m[48;2;90;197;139m▀[0m[38;2;41;90;65m[48;2;57;148;106m▀[0m[38;2;41;90;65m▄[0m          
    [38;2;41;90;65m[48;2;41;90;65m▀[0m[38;2;90;197;139m[48;2;90;197;139m▀[0m[38;2;90;197;139m[48;2;90;197;139m▀[0m[38;2;90;197;139m[48;2;123;57;123m▀[0m[38;2;123;57;123m[48;2;255;213;222m▀[0m[38;2;255;213;222m[48;2;255;213;222m▀[0m[38;2;255;213;222m[48;2;255;213;222m▀[0m[38;2;255;213;222m[48;2;255;213;222m▀[0m[38;2;255;213;222m[48;2;255;213;222m▀[0m[38;2;255;213;222m[48;2;255;213;222m▀[0m[38;2;255;213;222m[48;2;255;213;222m▀[0m[38;2;255;213;222m[48;2;255;213;222m▀[0m[38;2;255;213;222m[48;2;255;213;222m▀[0m[38;2;255;213;222m[48;2;255;213;222m▀[0m[38;2;255;213;222m[48;2;255;213;222m▀[0m[38;2;255;213;222m[48;2;255;213;222m▀[0m[38;2;230;156;189m[48;2;255;213;222m▀[0m[38;2;123;57;123m[48;2;255;213;222m▀[0m[38;2;123;57;123m[48;2;230;156;189m▀[0m[38;2;57;148;106m[48;2;123;57;123m▀[0m[38;2;90;197;139m[48;2;90;197;139m▀[0m[38;2;90;197;139m[48;2;90;197;139m▀[0m[38;2;90;197;139m[48;2;90;197;139m▀[0m[38;2;90;197;139m[48;2;90;197;139m▀[0m[38;2;57;148;106m[48;2;57;148;106m▀[0m[38;2;41;90;65m[48;2;41;90;65m▀[0m         
   [38;2;41;90;65m[48;2;0;0;0m▀[0m[38;2;90;197;139m[48;2;57;148;106m▀[0m[38;2;90;197;139m[48;2;90;197;139m▀[0m[38;2;90;197;139m[48;2;123;57;123m▀[0m[38;2;123;57;123m[48;2;255;213;222m▀[0m[38;2;255;213;222m[48;2;0;0;0m▀[0m[38;2;255;213;222m[48;2;255;213;222m▀[0m[38;2;255;213;222m[48;2;255;213;222m▀[0m[38;2;255;213;222m[48;2;255;213;222m▀[0m[38;2;255;213;222m[48;2;255;213;222m▀[0m[38;2;255;213;222m[48;2;255;213;222m▀[0m[38;2;255;213;222m[48;2;255;213;222m▀[0m[38;2;255;213;222m[48;2;255;213;222m▀[0m[38;2;255;213;222m[48;2;255;213;222m▀[0m[38;2;255;213;222m[48;2;255;213;222m▀[0m[38;2;255;213;222m[48;2;255;213;222m▀[0m[38;2;255;213;222m[48;2;255;213;222m▀[0m[38;2;255;213;222m[48;2;255;213;222m▀[0m[38;2;255;213;222m[48;2;255;213;222m▀[0m[38;2;255;213;222m[48;2;41;90;65m▀[0m[38;2;41;90;65m[48;2;90;197;139m▀[0m[38;2;90;197;139m[48;2;90;197;139m▀[0m[38;2;90;197;139m[48;2;90;197;139m▀[0m[38;2;90;197;139m[48;2;90;197;139m▀[0m[38;2;90;197;139m[48;2;90;197;139m▀[0m[38;2;57;148;106m[48;2;57;148;106m▀[0m[38;2;57;148;106m[48;2;57;148;106m▀[0m[38;2;41;90;65m[48;2;0;0;0m▀[0m        
   [38;2;0;0;0m[48;2;0;0;0m▀[0m[38;2;57;148;106m[48;2;57;148;106m▀[0m[38;2;57;148;106m[48;2;57;148;106m▀[0m[38;2;123;57;123m[48;2;123;57;123m▀[0m[38;2;0;0;0m[48;2;0;0;0m▀[0m[38;2;255;255;255m[48;2;0;0;0m▀[0m[38;2;0;0;0m[48;2;0;0;0m▀[0m[38;2;255;213;222m[48;2;255;213;222m▀[0m[38;2;255;213;222m[48;2;197;32;156m▀[0m[38;2;255;213;222m[48;2;197;32;156m▀[0m[38;2;255;213;222m[48;2;197;32;156m▀[0m[38;2;255;213;222m[48;2;197;32;156m▀[0m[38;2;255;213;222m[48;2;255;213;222m▀[0m[38;2;255;213;222m[48;2;255;213;222m▀[0m[38;2;255;213;222m[48;2;255;213;222m▀[0m[38;2;255;213;222m[48;2;0;0;0m▀[0m[38;2;0;0;0m[48;2;255;255;255m▀[0m[38;2;255;213;222m[48;2;0;0;0m▀[0m[38;2;255;213;222m[48;2;255;213;222m▀[0m[38;2;0;0;0m[48;2;0;0;0m▀[0m[38;2;57;148;106m[48;2;57;148;106m▀[0m[38;2;90;197;139m[48;2;57;148;106m▀[0m[38;2;90;197;139m[48;2;57;148;106m▀[0m[38;2;90;197;139m[48;2;57;148;106m▀[0m[38;2;57;148;106m[48;2;57;148;106m▀[0m[38;2;57;148;106m[48;2;57;148;106m▀[0m[38;2;57;148;106m[48;2;57;148;106m▀[0m[38;2;0;0;0m[48;2;0;0;0m▀[0m        
    [38;2;0;0;0m▀[0m[38;2;57;148;106m[48;2;0;0;0m▀[0m[38;2;123;57;123m[48;2;0;0;0m▀[0m[38;2;230;156;189m[48;2;230;156;189m▀[0m[38;2;0;0;0m[48;2;230;156;189m▀[0m[38;2;255;213;222m[48;2;230;156;189m▀[0m[38;2;0;0;0m[48;2;197;32;156m▀[0m[38;2;238;106;49m[48;2;238;106;49m▀[0m[38;2;255;255;255m[48;2;238;106;49m▀[0m[38;2;238;106;49m[48;2;197;32;156m▀[0m[38;2;197;32;156m[48;2;197;32;156m▀[0m[38;2;0;0;0m[48;2;123;57;123m▀[0m[38;2;255;213;222m[48;2;255;213;222m▀[0m[38;2;255;213;222m[48;2;255;213;222m▀[0m[38;2;0;0;0m[48;2;255;213;222m▀[0m[38;2;0;0;0m[48;2;0;0;0m▀[0m[38;2;0;0;0m[48;2;255;213;222m▀[0m[38;2;255;213;222m[48;2;255;213;222m▀[0m[38;2;0;0;0m[48;2;230;156;189m▀[0m[38;2;57;148;106m[48;2;57;148;106m▀[0m[38;2;57;148;106m[48;2;57;148;106m▀[0m[38;2;57;148;106m[48;2;57;148;106m▀[0m[38;2;57;148;106m[48;2;57;148;106m▀[0m[38;2;57;148;106m[48;2;57;148;106m▀[0m[38;2;57;148;106m[48;2;41;90;65m▀[0m[38;2;0;0;0m▀[0m     [38;2;123;57;123m▄[0m[38;2;123;57;123m[48;2;255;213;222m▀[0m[38;2;123;57;123m[48;2;255;213;222m▀[0m[38;2;123;57;123m▄[0m
       [38;2;123;57;123m[48;2;0;0;0m▀[0m[38;2;230;156;189m[48;2;230;156;189m▀[0m[38;2;230;156;189m[48;2;230;156;189m▀[0m[38;2;0;0;0m[48;2;230;156;189m▀[0m[38;2;197;32;156m[48;2;0;0;0m▀[0m[38;2;197;32;156m[48;2;0;0;0m▀[0m[38;2;197;32;156m[48;2;0;0;0m▀[0m[38;2;197;32;156m[48;2;0;0;0m▀[0m[38;2;0;0;0m[48;2;230;156;189m▀[0m[38;2;255;213;222m[48;2;230;156;189m▀[0m[38;2;255;213;222m[48;2;123;57;123m▀[0m[38;2;255;213;222m[48;2;123;57;123m▀[0m[38;2;255;213;222m[48;2;230;156;189m▀[0m[38;2;230;156;189m[48;2;230;156;189m▀[0m[38;2;230;156;189m[48;2;230;156;189m▀[0m[38;2;230;156;189m[48;2;230;156;189m▀[0m[38;2;41;90;65m[48;2;230;156;189m▀[0m[38;2;57;148;106m[48;2;0;0;0m▀[0m[38;2;57;148;106m[48;2;0;0;0m▀[0m[38;2;0;0;0m▀[0m[38;2;0;0;0m▀[0m    [38;2;123;57;123m▄[0m[38;2;123;57;123m▄[0m[38;2;123;57;123m[48;2;123;57;123m▀[0m[38;2;255;213;222m[48;2;255;213;222m▀[0m[38;2;255;213;222m[48;2;255;213;222m▀[0m[38;2;255;213;222m[48;2;230;156;189m▀[0m[38;2;123;57;123m[48;2;0;0;0m▀[0m
        [38;2;0;0;0m▀[0m[38;2;230;156;189m[48;2;0;0;0m▀[0m[38;2;230;156;189m[48;2;0;0;0m▀[0m[38;2;230;156;189m[48;2;230;156;189m▀[0m[38;2;230;156;189m[48;2;230;156;189m▀[0m[38;2;123;57;123m[48;2;230;156;189m▀[0m[38;2;123;57;123m[48;2;230;156;189m▀[0m[38;2;123;57;123m[48;2;230;156;189m▀[0m[38;2;123;57;123m[48;2;230;156;189m▀[0m[38;2;230;156;189m[48;2;230;156;189m▀[0m[38;2;230;156;189m[48;2;230;156;189m▀[0m[38;2;230;156;189m[48;2;230;156;189m▀[0m[38;2;230;156;189m[48;2;230;156;189m▀[0m[38;2;230;156;189m[48;2;0;0;0m▀[0m[38;2;230;156;189m[48;2;0;0;0m▀[0m[38;2;0;0;0m[48;2;123;57;123m▀[0m[38;2;123;57;123m▄[0m[38;2;123;57;123m▄[0m[38;2;123;57;123m▄[0m[38;2;123;57;123m▄[0m[38;2;123;57;123m[48;2;255;213;222m▀[0m[38;2;123;57;123m[48;2;255;213;222m▀[0m[38;2;123;57;123m[48;2;255;213;222m▀[0m[38;2;123;57;123m[48;2;255;213;222m▀[0m[38;2;255;213;222m[48;2;230;156;189m▀[0m[38;2;255;213;222m[48;2;0;0;0m▀[0m[38;2;255;213;222m[48;2;0;0;0m▀[0m[38;2;255;213;222m[48;2;0;0;0m▀[0m[38;2;255;213;222m[48;2;123;57;123m▀[0m[38;2;0;0;0m▀[0m 
 [38;2;123;57;123m▄[0m[38;2;123;57;123m▄[0m        [38;2;0;0;0m▀[0m[38;2;0;0;0m▀[0m[38;2;230;156;189m[48;2;0;0;0m▀[0m[38;2;230;156;189m[48;2;0;0;0m▀[0m[38;2;230;156;189m[48;2;0;0;0m▀[0m[38;2;230;156;189m[48;2;0;0;0m▀[0m[38;2;230;156;189m[48;2;0;0;0m▀[0m[38;2;230;156;189m[48;2;123;57;123m▀[0m[38;2;0;0;0m[48;2;230;156;189m▀[0m[38;2;0;0;0m[48;2;230;156;189m▀[0m[38;2;230;156;189m[48;2;230;156;189m▀[0m[38;2;230;156;189m[48;2;123;57;123m▀[0m[38;2;230;156;189m[48;2;123;57;123m▀[0m[38;2;230;156;189m[48;2;0;0;0m▀[0m[38;2;230;156;189m[48;2;0;0;0m▀[0m[38;2;255;213;222m[48;2;0;0;0m▀[0m[38;2;255;213;222m[48;2;0;0;0m▀[0m[38;2;230;156;189m[48;2;123;57;123m▀[0m[38;2;0;0;0m▀[0m[38;2;0;0;0m▀[0m[38;2;0;0;0m▀[0m[38;2;123;57;123m▀[0m      
[38;2;123;57;123m[48;2;123;57;123m▀[0m[38;2;255;213;222m[48;2;255;213;222m▀[0m[38;2;255;213;222m[48;2;255;213;222m▀[0m[38;2;123;57;123m[48;2;255;213;222m▀[0m[38;2;123;57;123m[48;2;255;213;222m▀[0m[38;2;123;57;123m▄[0m[38;2;123;57;123m▄[0m[38;2;123;57;123m▄[0m[38;2;123;57;123m▄[0m[38;2;123;57;123m[48;2;255;213;222m▀[0m[38;2;123;57;123m[48;2;255;213;222m▀[0m[38;2;123;57;123m[48;2;255;213;222m▀[0m[38;2;123;57;123m[48;2;230;156;189m▀[0m[38;2;123;57;123m[48;2;230;156;189m▀[0m[38;2;230;156;189m[48;2;0;0;0m▀[0m[38;2;230;156;189m[48;2;0;0;0m▀[0m[38;2;123;57;123m[48;2;0;0;0m▀[0m[38;2;230;156;189m[48;2;230;156;189m▀[0m[38;2;230;156;189m[48;2;123;57;123m▀[0m[38;2;230;156;189m[48;2;123;57;123m▀[0m[38;2;230;156;189m[48;2;123;57;123m▀[0m[38;2;230;156;189m[48;2;255;213;222m▀[0m[38;2;255;213;222m[48;2;255;213;222m▀[0m[38;2;255;213;222m[48;2;255;213;222m▀[0m[38;2;230;156;189m[48;2;255;213;222m▀[0m[38;2;230;156;189m[48;2;255;213;222m▀[0m[38;2;230;156;189m▄[0m[38;2;123;57;123m▄[0m[38;2;123;57;123m▄[0m          
 [38;2;0;0;0m▀[0m[38;2;230;156;189m[48;2;0;0;0m▀[0m[38;2;255;213;222m[48;2;0;0;0m▀[0m[38;2;255;213;222m[48;2;0;0;0m▀[0m[38;2;255;213;222m[48;2;0;0;0m▀[0m[38;2;255;213;222m[48;2;0;0;0m▀[0m[38;2;255;213;222m[48;2;0;0;0m▀[0m[38;2;230;156;189m[48;2;0;0;0m▀[0m[38;2;0;0;0m▀[0m[38;2;0;0;0m▀[0m[38;2;0;0;0m▀[0m[38;2;0;0;0m▀[0m[38;2;0;0;0m▀[0m [38;2;123;57;123m[48;2;123;57;123m▀[0m[38;2;230;156;189m[48;2;255;213;222m▀[0m[38;2;123;57;123m[48;2;0;0;0m▀[0m[38;2;255;255;255m[48;2;238;106;49m▀[0m[38;2;238;106;49m[48;2;238;106;49m▀[0m[38;2;197;32;156m[48;2;197;32;156m▀[0m[38;2;123;57;123m[48;2;123;57;123m▀[0m[38;2;255;213;222m[48;2;255;213;222m▀[0m[38;2;255;213;222m[48;2;255;213;222m▀[0m[38;2;255;213;222m[48;2;255;213;222m▀[0m[38;2;255;213;222m[48;2;255;213;222m▀[0m[38;2;255;213;222m[48;2;255;213;222m▀[0m[38;2;255;213;222m[48;2;123;57;123m▀[0m[38;2;255;213;222m[48;2;123;57;123m▀[0m[38;2;0;0;0m[48;2;0;0;0m▀[0m         
             [38;2;123;57;123m▄[0m[38;2;123;57;123m[48;2;255;213;222m▀[0m[38;2;123;57;123m[48;2;255;213;222m▀[0m[38;2;255;213;222m[48;2;255;213;222m▀[0m[38;2;0;0;0m[48;2;255;213;222m▀[0m[38;2;197;32;156m[48;2;123;57;123m▀[0m[38;2;197;32;156m[48;2;0;0;0m▀[0m[38;2;197;32;156m[48;2;0;0;0m▀[0m[38;2;0;0;0m[48;2;255;213;222m▀[0m[38;2;255;213;222m[48;2;255;213;222m▀[0m[38;2;255;213;222m[48;2;255;213;222m▀[0m[38;2;255;213;222m[48;2;255;213;222m▀[0m[38;2;255;213;222m[48;2;255;213;222m▀[0m[38;2;255;213;222m[48;2;255;213;222m▀[0m[38;2;255;213;222m[48;2;255;213;222m▀[0m[38;2;0;0;0m[48;2;0;0;0m▀[0m[38;2;0;0;0m[48;2;57;148;106m▀[0m[38;2;41;90;65m[48;2;41;90;65m▀[0m[38;2;41;90;65m▄[0m       
             [38;2;0;0;0m▀[0m[38;2;255;213;222m[48;2;0;0;0m▀[0m[38;2;230;156;189m[48;2;123;57;123m▀[0m[38;2;255;213;222m[48;2;255;213;222m▀[0m[38;2;255;213;222m[48;2;255;213;222m▀[0m[38;2;255;213;222m[48;2;255;213;222m▀[0m[38;2;255;213;222m[48;2;230;156;189m▀[0m[38;2;255;213;222m[48;2;255;213;222m▀[0m[38;2;255;213;222m[48;2;255;213;222m▀[0m[38;2;255;213;222m[48;2;255;213;222m▀[0m[38;2;255;213;222m[48;2;255;213;222m▀[0m[38;2;123;57;123m[48;2;123;57;123m▀[0m[38;2;255;213;222m[48;2;0;0;0m▀[0m[38;2;255;213;222m[48;2;0;0;0m▀[0m[38;2;0;0;0m[48;2;57;148;106m▀[0m[38;2;57;148;106m[48;2;57;148;106m▀[0m[38;2;57;148;106m[48;2;0;0;0m▀[0m[38;2;57;148;106m[48;2;0;0;0m▀[0m[38;2;0;0;0m▀[0m       
               [38;2;0;0;0m[48;2;41;90;65m▀[0m[38;2;230;156;189m[48;2;0;0;0m▀[0m[38;2;255;213;222m[48;2;0;0;0m▀[0m[38;2;230;156;189m[48;2;0;0;0m▀[0m[38;2;0;0;0m[48;2;0;0;0m▀[0m[38;2;255;213;222m[48;2;123;57;123m▀[0m[38;2;255;213;222m[48;2;230;156;189m▀[0m[38;2;255;213;222m[48;2;230;156;189m▀[0m[38;2;230;156;189m[48;2;0;0;0m▀[0m[38;2;0;0;0m[48;2;57;148;106m▀[0m[38;2;57;148;106m[48;2;0;0;0m▀[0m[38;2;57;148;106m[48;2;0;0;0m▀[0m[38;2;0;0;0m▀[0m[38;2;0;0;0m▀[0m          
                [38;2;57;148;106m[48;2;0;0;0m▀[0m[38;2;57;148;106m[48;2;90;197;139m▀[0m[38;2;90;197;139m[48;2;90;197;139m▀[0m[38;2;90;197;139m[48;2;90;197;139m▀[0m[38;2;0;0;0m[48;2;90;197;139m▀[0m[38;2;0;0;0m[48;2;57;148;106m▀[0m[38;2;0;0;0m[48;2;57;148;106m▀[0m[38;2;41;90;65m[48;2;41;90;65m▀[0m[38;2;0;0;0m▀[0m              
                 [38;2;41;90;65m[48;2;0;0;0m▀[0m[38;2;90;197;139m[48;2;57;148;106m▀[0m[38;2;90;197;139m[48;2;57;148;106m▀[0m[38;2;57;148;106m[48;2;57;148;106m▀[0m[38;2;57;148;106m[48;2;0;0;0m▀[0m[38;2;41;90;65m▀[0m                
                  [38;2;0;0;0m▀[0m[38;2;57;148;106m[48;2;0;0;0m▀[0m[38;2;41;90;65m[48;2;0;0;0m▀[0m[38;2;0;0;0m▀[0m                 
[0m