  [38;2;5;5;5m[48;2;5;5;5m▀[0m[38;2;121;104;121m[48;2;226;222;226m▀[0m[38;2;121;104;121m▄[0m                                                                          
   [38;2;121;104;121m[48;2;5;5;5m▀[0m[38;2;226;222;226m[48;2;226;222;226m▀[0m[38;2;121;104;121m[48;2;226;222;226m▀[0m[38;2;121;104;121m▄[0m           [38;2;121;104;121m▄[0m[38;2;5;5;5m▄[0m                                                           
    [38;2;5;5;5m▀[0m[38;2;226;222;226m[48;2;5;5;5m▀[0m[38;2;226;222;226m[48;2;226;222;226m▀[0m[38;2;121;104;121m[48;2;226;222;226m▀[0m[38;2;121;104;121m▄[0m[38;2;121;104;121m▄[0m      [38;2;121;104;121m▄[0m[38;2;121;104;121m[48;2;226;222;226m▀[0m[38;2;226;222;226m[48;2;226;222;226m▀[0m[38;2;5;5;5m[48;2;5;5;5m▀[0m                                                           
     [38;2;5;5;5m▀[0m[38;2;170;159;170m[48;2;5;5;5m▀[0m[38;2;226;222;226m[48;2;226;222;226m▀[0m[38;2;226;222;226m[48;2;226;222;226m▀[0m[38;2;226;222;226m[48;2;226;222;226m▀[0m[38;2;121;104;121m[48;2;226;222;226m▀[0m[38;2;121;104;121m[48;2;226;222;226m▀[0m[38;2;121;104;121m[48;2;226;222;226m▀[0m[38;2;121;104;121m▄[0m[38;2;121;104;121m▄[0m[38;2;121;104;121m[48;2;226;222;226m▀[0m[38;2;226;222;226m[48;2;226;222;226m▀[0m[38;2;226;222;226m[48;2;226;222;226m▀[0m[38;2;5;5;5m[48;2;5;5;5m▀[0m                                                            
       [38;2;5;5;5m[48;2;5;5;5m▀[0m[38;2;121;104;121m[48;2;226;222;226m▀[0m[38;2;226;222;226m[48;2;226;222;226m▀[0m[38;2;226;222;226m[48;2;226;222;226m▀[0m[38;2;226;222;226m[48;2;226;222;226m▀[0m[38;2;226;222;226m[48;2;226;222;226m▀[0m[38;2;226;222;226m[48;2;226;222;226m▀[0m[38;2;226;222;226m[48;2;226;222;226m▀[0m[38;2;226;222;226m[48;2;121;104;121m▀[0m[38;2;226;222;226m[48;2;226;222;226m▀[0m[38;2;5;5;5m[48;2;5;5;5m▀[0m                                                             
      [38;2;5;5;5m[48;2;5;5;5m▀[0m[38;2;226;222;226m[48;2;226;222;226m▀[0m[38;2;226;222;226m[48;2;5;5;5m▀[0m[38;2;5;5;5m▀[0m[38;2;5;5;5m▀[0m[38;2;226;222;226m[48;2;5;5;5m▀[0m[38;2;226;222;226m[48;2;226;222;226m▀[0m[38;2;226;222;226m[48;2;226;222;226m▀[0m[38;2;226;222;226m[48;2;226;222;226m▀[0m[38;2;226;222;226m[48;2;226;222;226m▀[0m[38;2;5;5;5m[48;2;5;5;5m▀[0m                                                              
     [38;2;5;5;5m[48;2;5;5;5m▀[0m[38;2;226;222;226m[48;2;5;5;5m▀[0m[38;2;5;5;5m▀[0m    [38;2;5;5;5m[48;2;5;5;5m▀[0m[38;2;226;222;226m[48;2;226;222;226m▀[0m[38;2;226;222;226m[48;2;226;222;226m▀[0m[38;2;226;222;226m[48;2;226;222;226m▀[0m[38;2;226;222;226m[48;2;226;222;226m▀[0m[38;2;5;5;5m[48;2;226;222;226m▀[0m[38;2;5;5;5m▄[0m[38;2;5;5;5m▄[0m               [38;2;169;117;97m▄[0m[38;2;5;5;5m▄[0m                                          
            [38;2;5;5;5m▀[0m[38;2;226;222;226m[48;2;5;5;5m▀[0m[38;2;226;222;226m[48;2;226;222;226m▀[0m[38;2;226;222;226m[48;2;226;222;226m▀[0m[38;2;226;222;226m[48;2;226;222;226m▀[0m[38;2;226;222;226m[48;2;226;222;226m▀[0m[38;2;226;222;226m[48;2;226;222;226m▀[0m[38;2;226;222;226m[48;2;170;159;170m▀[0m[38;2;169;117;97m[48;2;206;173;155m▀[0m[38;2;169;117;97m[48;2;206;173;155m▀[0m[38;2;169;117;97m[48;2;206;173;155m▀[0m[38;2;169;117;97m[48;2;206;173;155m▀[0m[38;2;169;117;97m▄[0m[38;2;169;117;97m▄[0m[38;2;169;117;97m▄[0m       [38;2;169;117;97m[48;2;169;117;97m▀[0m[38;2;206;173;155m[48;2;206;173;155m▀[0m[38;2;5;5;5m[48;2;5;5;5m▀[0m                                          
              [38;2;5;5;5m[48;2;5;5;5m▀[0m[38;2;226;222;226m[48;2;170;159;170m▀[0m[38;2;226;222;226m[48;2;170;159;170m▀[0m[38;2;226;222;226m[48;2;206;173;155m▀[0m[38;2;170;159;170m[48;2;206;173;155m▀[0m[38;2;206;173;155m[48;2;226;222;226m▀[0m[38;2;206;173;155m[48;2;226;222;226m▀[0m[38;2;226;222;226m[48;2;226;222;226m▀[0m[38;2;226;222;226m[48;2;226;222;226m▀[0m[38;2;226;222;226m[48;2;226;222;226m▀[0m[38;2;206;173;155m[48;2;226;222;226m▀[0m[38;2;206;173;155m[48;2;226;222;226m▀[0m[38;2;206;173;155m[48;2;226;222;226m▀[0m[38;2;169;117;97m[48;2;206;173;155m▀[0m[38;2;169;117;97m[48;2;206;173;155m▀[0m[38;2;169;117;97m▄[0m   [38;2;169;117;97m[48;2;169;117;97m▀[0m[38;2;206;173;155m[48;2;206;173;155m▀[0m[38;2;206;173;155m[48;2;206;173;155m▀[0m[38;2;5;5;5m[48;2;5;5;5m▀[0m                                          
            [38;2;121;104;121m▄[0m[38;2;121;104;121m[48;2;206;173;155m▀[0m[38;2;206;173;155m[48;2;226;222;226m▀[0m[38;2;206;173;155m[48;2;226;222;226m▀[0m[38;2;206;173;155m[48;2;226;222;226m▀[0m[38;2;226;222;226m[48;2;170;159;170m▀[0m[38;2;226;222;226m[48;2;121;104;121m▀[0m[38;2;226;222;226m[48;2;121;104;121m▀[0m[38;2;226;222;226m[48;2;121;104;121m▀[0m[38;2;226;222;226m[48;2;170;159;170m▀[0m[38;2;226;222;226m[48;2;226;222;226m▀[0m[38;2;226;222;226m[48;2;169;117;97m▀[0m[38;2;169;117;97m[48;2;206;173;155m▀[0m[38;2;206;173;155m[48;2;226;222;226m▀[0m[38;2;226;222;226m[48;2;226;222;226m▀[0m[38;2;226;222;226m[48;2;226;222;226m▀[0m[38;2;226;222;226m[48;2;226;222;226m▀[0m[38;2;206;173;155m[48;2;226;222;226m▀[0m[38;2;169;117;97m[48;2;206;173;155m▀[0m[38;2;169;117;97m▄[0m[38;2;169;117;97m[48;2;169;117;97m▀[0m[38;2;206;173;155m[48;2;169;117;97m▀[0m[38;2;206;173;155m[48;2;169;117;97m▀[0m[38;2;206;173;155m[48;2;206;173;155m▀[0m[38;2;5;5;5m[48;2;5;5;5m▀[0m       [38;2;169;117;97m▄[0m[38;2;5;5;5m▄[0m                                 
  [38;2;131;164;164m▄[0m    [38;2;121;104;121m▄[0m[38;2;121;104;121m▄[0m[38;2;121;104;121m▄[0m[38;2;121;104;121m[48;2;226;222;226m▀[0m[38;2;121;104;121m[48;2;226;222;226m▀[0m[38;2;226;222;226m[48;2;170;159;170m▀[0m[38;2;226;222;226m[48;2;170;159;170m▀[0m[38;2;170;159;170m[48;2;32;90;156m▀[0m[38;2;5;5;5m[48;2;32;90;156m▀[0m[38;2;32;57;98m[48;2;5;5;5m▀[0m[38;2;32;57;98m[48;2;5;5;5m▀[0m[38;2;5;5;5m[48;2;213;82;98m▀[0m[38;2;131;164;164m[48;2;213;82;98m▀[0m[38;2;252;252;252m[48;2;252;252;252m▀[0m[38;2;5;5;5m[48;2;5;5;5m▀[0m[38;2;226;222;226m[48;2;226;222;226m▀[0m[38;2;206;173;155m[48;2;206;173;155m▀[0m[38;2;206;173;155m[48;2;206;173;155m▀[0m[38;2;226;222;226m[48;2;206;173;155m▀[0m[38;2;226;222;226m[48;2;226;222;226m▀[0m[38;2;226;222;226m[48;2;226;222;226m▀[0m[38;2;226;222;226m[48;2;169;117;97m▀[0m[38;2;226;222;226m[48;2;206;173;155m▀[0m[38;2;226;222;226m[48;2;206;173;155m▀[0m[38;2;170;159;170m[48;2;170;159;170m▀[0m[38;2;206;173;155m[48;2;226;222;226m▀[0m[38;2;206;173;155m[48;2;226;222;226m▀[0m[38;2;206;173;155m[48;2;226;222;226m▀[0m[38;2;169;117;97m[48;2;206;173;155m▀[0m[38;2;5;5;5m[48;2;169;117;97m▀[0m     [38;2;169;117;97m▄[0m[38;2;169;117;97m[48;2;206;173;155m▀[0m[38;2;206;173;155m[48;2;206;173;155m▀[0m[38;2;5;5;5m[48;2;121;104;121m▀[0m[38;2;121;104;121m▄[0m                                
 [38;2;131;164;164m[48;2;131;164;164m▀[0m[38;2;252;252;252m[48;2;252;252;252m▀[0m[38;2;74;74;74m[48;2;74;74;74m▀[0m   [38;2;5;5;5m[48;2;5;5;5m▀[0m[38;2;213;82;98m[48;2;213;82;98m▀[0m[38;2;213;82;98m[48;2;32;57;98m▀[0m[38;2;32;90;156m[48;2;32;90;156m▀[0m[38;2;32;90;156m[48;2;32;90;156m▀[0m[38;2;32;90;156m[48;2;32;90;156m▀[0m[38;2;32;90;156m[48;2;32;90;156m▀[0m[38;2;32;90;156m[48;2;32;90;156m▀[0m[38;2;32;90;156m[48;2;32;90;156m▀[0m[38;2;32;90;156m[48;2;32;90;156m▀[0m[38;2;252;252;252m[48;2;32;57;98m▀[0m[38;2;5;5;5m[48;2;32;57;98m▀[0m[38;2;213;82;98m[48;2;32;57;98m▀[0m[38;2;5;5;5m[48;2;170;159;170m▀[0m[38;2;226;222;226m[48;2;170;159;170m▀[0m[38;2;226;222;226m[48;2;226;222;226m▀[0m[38;2;226;222;226m[48;2;226;222;226m▀[0m[38;2;206;173;155m[48;2;226;222;226m▀[0m[38;2;206;173;155m[48;2;169;117;97m▀[0m[38;2;206;173;155m[48;2;206;173;155m▀[0m[38;2;206;173;155m[48;2;206;173;155m▀[0m[38;2;206;173;155m[48;2;206;173;155m▀[0m[38;2;206;173;155m[48;2;170;159;170m▀[0m[38;2;170;159;170m[48;2;252;252;252m▀[0m[38;2;252;252;252m[48;2;252;252;252m▀[0m[38;2;74;74;74m[48;2;74;74;74m▀[0m[38;2;226;222;226m[48;2;206;173;155m▀[0m[38;2;226;222;226m[48;2;226;222;226m▀[0m[38;2;226;222;226m[48;2;121;104;121m▀[0m[38;2;206;173;155m[48;2;121;104;121m▀[0m[38;2;121;104;121m[48;2;226;222;226m▀[0m[38;2;121;104;121m[48;2;226;222;226m▀[0m[38;2;121;104;121m▄[0m[38;2;121;104;121m▄[0m[38;2;169;117;97m[48;2;206;173;155m▀[0m[38;2;206;173;155m[48;2;206;173;155m▀[0m[38;2;206;173;155m[48;2;121;104;121m▀[0m[38;2;121;104;121m[48;2;226;222;226m▀[0m[38;2;226;222;226m[48;2;5;5;5m▀[0m[38;2;5;5;5m▀[0m                                
 [38;2;131;164;164m▀[0m[38;2;252;252;252m[48;2;131;164;164m▀[0m[38;2;252;252;252m[48;2;252;252;252m▀[0m[38;2;74;74;74m[48;2;252;252;252m▀[0m[38;2;74;74;74m▄[0m[38;2;74;74;74m▄[0m[38;2;74;74;74m[48;2;252;252;252m▀[0m[38;2;5;5;5m[48;2;5;5;5m▀[0m[38;2;32;90;156m[48;2;32;90;156m▀[0m[38;2;32;90;156m[48;2;32;90;156m▀[0m[38;2;32;90;156m[48;2;32;90;156m▀[0m[38;2;32;90;156m[48;2;32;90;156m▀[0m[38;2;32;90;156m[48;2;32;90;156m▀[0m[38;2;32;90;156m[48;2;32;90;156m▀[0m[38;2;252;252;252m[48;2;32;90;156m▀[0m[38;2;252;252;252m[48;2;170;159;170m▀[0m[38;2;252;252;252m[48;2;170;159;170m▀[0m[38;2;252;252;252m[48;2;252;252;252m▀[0m[38;2;252;252;252m[48;2;252;252;252m▀[0m[38;2;252;252;252m[48;2;252;252;252m▀[0m[38;2;252;252;252m[48;2;252;252;252m▀[0m[38;2;170;159;170m[48;2;252;252;252m▀[0m[38;2;170;159;170m[48;2;252;252;252m▀[0m[38;2;226;222;226m[48;2;170;159;170m▀[0m[38;2;226;222;226m[48;2;170;159;170m▀[0m[38;2;226;222;226m[48;2;170;159;170m▀[0m[38;2;170;159;170m[48;2;252;252;252m▀[0m[38;2;170;159;170m[48;2;252;252;252m▀[0m[38;2;252;252;252m[48;2;252;252;252m▀[0m[38;2;252;252;252m[48;2;252;252;252m▀[0m[38;2;74;74;74m[48;2;74;74;74m▀[0m[38;2;206;173;155m[48;2;121;104;121m▀[0m[38;2;121;104;121m[48;2;170;159;170m▀[0m[38;2;121;104;121m[48;2;170;159;170m▀[0m[38;2;170;159;170m[48;2;170;159;170m▀[0m[38;2;226;222;226m[48;2;170;159;170m▀[0m[38;2;226;222;226m[48;2;226;222;226m▀[0m[38;2;226;222;226m[48;2;226;222;226m▀[0m[38;2;226;222;226m[48;2;226;222;226m▀[0m[38;2;226;222;226m[48;2;226;222;226m▀[0m[38;2;121;104;121m[48;2;226;222;226m▀[0m[38;2;121;104;121m[48;2;226;222;226m▀[0m[38;2;226;222;226m[48;2;226;222;226m▀[0m[38;2;226;222;226m[48;2;5;5;5m▀[0m[38;2;5;5;5m▀[0m     [38;2;74;74;74m▄[0m[38;2;74;74;74m▄[0m                          
[38;2;74;74;74m▄[0m[38;2;74;74;74m[48;2;252;252;252m▀[0m[38;2;131;164;164m[48;2;252;252;252m▀[0m[38;2;252;252;252m[48;2;252;252;252m▀[0m[38;2;252;252;252m[48;2;252;252;252m▀[0m[38;2;252;252;252m[48;2;252;252;252m▀[0m[38;2;252;252;252m[48;2;252;252;252m▀[0m[38;2;252;252;252m[48;2;252;252;252m▀[0m[38;2;252;252;252m[48;2;252;252;252m▀[0m[38;2;5;5;5m[48;2;252;252;252m▀[0m[38;2;32;57;98m[48;2;5;5;5m▀[0m[38;2;0;0;0m[48;2;32;90;156m▀[0m[38;2;0;0;0m[48;2;32;90;156m▀[0m[38;2;32;57;98m[48;2;32;90;156m▀[0m[38;2;32;90;156m[48;2;0;0;0m▀[0m[38;2;32;90;156m[48;2;0;0;0m▀[0m[38;2;32;90;156m[48;2;252;252;252m▀[0m[38;2;170;159;170m[48;2;252;252;252m▀[0m[38;2;170;159;170m[48;2;252;252;252m▀[0m[38;2;170;159;170m[48;2;170;159;170m▀[0m[38;2;252;252;252m[48;2;170;159;170m▀[0m[38;2;252;252;252m[48;2;252;252;252m▀[0m[38;2;252;252;252m[48;2;252;252;252m▀[0m[38;2;252;252;252m[48;2;252;252;252m▀[0m[38;2;252;252;252m[48;2;252;252;252m▀[0m[38;2;252;252;252m[48;2;252;252;252m▀[0m[38;2;252;252;252m[48;2;252;252;252m▀[0m[38;2;252;252;252m[48;2;252;252;252m▀[0m[38;2;252;252;252m[48;2;252;252;252m▀[0m[38;2;252;252;252m[48;2;252;252;252m▀[0m[38;2;74;74;74m[48;2;252;252;252m▀[0m[38;2;206;173;155m[48;2;252;252;252m▀[0m[38;2;121;104;121m[48;2;131;164;164m▀[0m[38;2;170;159;170m[48;2;74;74;74m▀[0m[38;2;170;159;170m[48;2;74;74;74m▀[0m[38;2;170;159;170m[48;2;74;74;74m▀[0m[38;2;170;159;170m[48;2;74;74;74m▀[0m[38;2;5;5;5m[48;2;226;222;226m▀[0m[38;2;5;5;5m[48;2;170;159;170m▀[0m[38;2;5;5;5m[48;2;226;222;226m▀[0m[38;2;226;222;226m[48;2;5;5;5m▀[0m[38;2;226;222;226m[48;2;5;5;5m▀[0m[38;2;226;222;226m[48;2;5;5;5m▀[0m[38;2;5;5;5m▀[0m     [38;2;74;74;74m▄[0m[38;2;74;74;74m[48;2;197;197;205m▀[0m[38;2;197;197;205m[48;2;197;197;205m▀[0m[38;2;5;5;5m[48;2;5;5;5m▀[0m                 [38;2;121;104;121m▄[0m[38;2;121;104;121m▄[0m[38;2;121;104;121m[48;2;226;222;226m▀[0m[38;2;121;104;121m[48;2;226;222;226m▀[0m[38;2;121;104;121m[48;2;226;222;226m▀[0m[38;2;121;104;121m[48;2;5;5;5m▀[0m   
 [38;2;74;74;74m▀[0m[38;2;252;252;252m[48;2;74;74;74m▀[0m[38;2;252;252;252m[48;2;74;74;74m▀[0m[38;2;252;252;252m[48;2;252;252;252m▀[0m[38;2;252;252;252m[48;2;252;252;252m▀[0m[38;2;252;252;252m[48;2;252;252;252m▀[0m[38;2;252;252;252m[48;2;74;74;74m▀[0m[38;2;252;252;252m[48;2;74;74;74m▀[0m[38;2;74;74;74m▀[0m [38;2;5;5;5m▀[0m[38;2;5;5;5m[48;2;74;74;74m▀[0m[38;2;32;90;156m[48;2;0;0;0m▀[0m[38;2;32;90;156m[48;2;32;57;98m▀[0m[38;2;32;57;98m[48;2;32;90;156m▀[0m[38;2;32;90;156m[48;2;252;252;252m▀[0m[38;2;252;252;252m[48;2;252;252;252m▀[0m[38;2;252;252;252m[48;2;252;252;252m▀[0m[38;2;252;252;252m[48;2;252;252;252m▀[0m[38;2;252;252;252m[48;2;252;252;252m▀[0m[38;2;131;164;164m[48;2;252;252;252m▀[0m[38;2;252;252;252m[48;2;131;164;164m▀[0m[38;2;252;252;252m[48;2;131;164;164m▀[0m[38;2;252;252;252m[48;2;252;252;252m▀[0m[38;2;252;252;252m[48;2;252;252;252m▀[0m[38;2;252;252;252m[48;2;252;252;252m▀[0m[38;2;252;252;252m[48;2;252;252;252m▀[0m[38;2;252;252;252m[48;2;252;252;252m▀[0m[38;2;252;252;252m[48;2;131;164;164m▀[0m[38;2;252;252;252m[48;2;131;164;164m▀[0m[38;2;131;164;164m[48;2;252;252;252m▀[0m[38;2;252;252;252m[48;2;252;252;252m▀[0m[38;2;252;252;252m[48;2;252;252;252m▀[0m[38;2;252;252;252m[48;2;252;252;252m▀[0m[38;2;252;252;252m[48;2;252;252;252m▀[0m[38;2;252;252;252m[48;2;252;252;252m▀[0m[38;2;74;74;74m[48;2;252;252;252m▀[0m[38;2;74;74;74m[48;2;252;252;252m▀[0m[38;2;74;74;74m[48;2;197;197;205m▀[0m[38;2;226;222;226m[48;2;74;74;74m▀[0m[38;2;226;222;226m[48;2;74;74;74m▀[0m[38;2;206;173;155m[48;2;206;173;155m▀[0m[38;2;5;5;5m[48;2;5;5;5m▀[0m  [38;2;74;74;74m▄[0m[38;2;74;74;74m▄[0m[38;2;74;74;74m[48;2;197;197;205m▀[0m[38;2;197;197;205m[48;2;197;197;205m▀[0m[38;2;197;197;205m[48;2;197;197;205m▀[0m[38;2;74;74;74m[48;2;5;5;5m▀[0m                 [38;2;121;104;121m[48;2;121;104;121m▀[0m[38;2;226;222;226m[48;2;226;222;226m▀[0m[38;2;226;222;226m[48;2;226;222;226m▀[0m[38;2;226;222;226m[48;2;226;222;226m▀[0m[38;2;226;222;226m[48;2;5;5;5m▀[0m[38;2;5;5;5m▀[0m    
    [38;2;74;74;74m▀[0m[38;2;74;74;74m▀[0m[38;2;74;74;74m▀[0m  [38;2;74;74;74m▄[0m[38;2;74;74;74m▄[0m[38;2;74;74;74m[48;2;197;197;205m▀[0m[38;2;197;197;205m[48;2;197;197;205m▀[0m[38;2;74;74;74m[48;2;74;74;74m▀[0m[38;2;252;252;252m[48;2;252;252;252m▀[0m[38;2;252;252;252m[48;2;252;252;252m▀[0m[38;2;252;252;252m[48;2;252;252;252m▀[0m[38;2;252;252;252m[48;2;252;252;252m▀[0m[38;2;252;252;252m[48;2;252;252;252m▀[0m[38;2;252;252;252m[48;2;252;252;252m▀[0m[38;2;252;252;252m[48;2;0;0;0m▀[0m[38;2;252;252;252m[48;2;252;252;252m▀[0m[38;2;252;252;252m[48;2;252;252;252m▀[0m[38;2;252;252;252m[48;2;252;252;252m▀[0m[38;2;131;164;164m[48;2;252;252;252m▀[0m[38;2;131;164;164m[48;2;252;252;252m▀[0m[38;2;131;164;164m[48;2;252;252;252m▀[0m[38;2;131;164;164m[48;2;252;252;252m▀[0m[38;2;131;164;164m[48;2;252;252;252m▀[0m[38;2;252;252;252m[48;2;252;252;252m▀[0m[38;2;252;252;252m[48;2;252;252;252m▀[0m[38;2;252;252;252m[48;2;252;252;252m▀[0m[38;2;252;252;252m[48;2;252;252;252m▀[0m[38;2;252;252;252m[48;2;252;252;252m▀[0m[38;2;252;252;252m[48;2;252;252;252m▀[0m[38;2;252;252;252m[48;2;252;252;252m▀[0m[38;2;252;252;252m[48;2;252;252;252m▀[0m[38;2;252;252;252m[48;2;252;252;252m▀[0m[38;2;252;252;252m[48;2;197;197;205m▀[0m[38;2;197;197;205m[48;2;197;197;205m▀[0m[38;2;197;197;205m[48;2;197;197;205m▀[0m[38;2;197;197;205m[48;2;197;197;205m▀[0m[38;2;74;74;74m[48;2;197;197;205m▀[0m[38;2;74;74;74m[48;2;197;197;205m▀[0m[38;2;74;74;74m[48;2;197;197;205m▀[0m[38;2;74;74;74m[48;2;197;197;205m▀[0m[38;2;197;197;205m[48;2;197;197;205m▀[0m[38;2;197;197;205m[48;2;197;197;205m▀[0m[38;2;197;197;205m[48;2;197;197;205m▀[0m[38;2;197;197;205m[48;2;5;5;5m▀[0m[38;2;5;5;5m▀[0m                 [38;2;121;104;121m[48;2;121;104;121m▀[0m[38;2;226;222;226m[48;2;226;222;226m▀[0m[38;2;226;222;226m[48;2;226;222;226m▀[0m[38;2;226;222;226m[48;2;226;222;226m▀[0m[38;2;226;222;226m[48;2;5;5;5m▀[0m[38;2;5;5;5m▀[0m     
      [38;2;131;164;164m▄[0m[38;2;74;74;74m[48;2;252;252;252m▀[0m[38;2;74;74;74m[48;2;252;252;252m▀[0m[38;2;197;197;205m[48;2;197;197;205m▀[0m[38;2;197;197;205m[48;2;197;197;205m▀[0m[38;2;197;197;205m[48;2;197;197;205m▀[0m[38;2;197;197;205m[48;2;197;197;205m▀[0m[38;2;74;74;74m[48;2;131;164;164m▀[0m[38;2;252;252;252m[48;2;252;252;252m▀[0m[38;2;252;252;252m[48;2;252;252;252m▀[0m[38;2;252;252;252m[48;2;252;252;252m▀[0m[38;2;252;252;252m[48;2;131;164;164m▀[0m[38;2;252;252;252m[48;2;252;252;252m▀[0m[38;2;252;252;252m[48;2;74;74;74m▀[0m[38;2;32;57;98m[48;2;32;57;98m▀[0m[38;2;0;0;0m[48;2;0;0;0m▀[0m[38;2;252;252;252m[48;2;197;197;205m▀[0m[38;2;252;252;252m[48;2;252;252;252m▀[0m[38;2;252;252;252m[48;2;252;252;252m▀[0m[38;2;252;252;252m[48;2;252;252;252m▀[0m[38;2;252;252;252m[48;2;252;252;252m▀[0m[38;2;252;252;252m[48;2;252;252;252m▀[0m[38;2;252;252;252m[48;2;252;252;252m▀[0m[38;2;252;252;252m[48;2;0;0;0m▀[0m[38;2;252;252;252m[48;2;0;0;0m▀[0m[38;2;252;252;252m[48;2;252;252;252m▀[0m[38;2;252;252;252m[48;2;252;252;252m▀[0m[38;2;252;252;252m[48;2;252;252;252m▀[0m[38;2;252;252;252m[48;2;252;252;252m▀[0m[38;2;252;252;252m[48;2;252;252;252m▀[0m[38;2;252;252;252m[48;2;252;252;252m▀[0m[38;2;252;252;252m[48;2;197;197;205m▀[0m[38;2;197;197;205m[48;2;197;197;205m▀[0m[38;2;197;197;205m[48;2;197;197;205m▀[0m[38;2;197;197;205m[48;2;197;197;205m▀[0m[38;2;197;197;205m[48;2;197;197;205m▀[0m[38;2;197;197;205m[48;2;197;197;205m▀[0m[38;2;197;197;205m[48;2;197;197;205m▀[0m[38;2;197;197;205m[48;2;197;197;205m▀[0m[38;2;197;197;205m[48;2;197;197;205m▀[0m[38;2;197;197;205m[48;2;197;197;205m▀[0m[38;2;197;197;205m[48;2;74;74;74m▀[0m[38;2;74;74;74m▀[0m              [38;2;121;104;121m▄[0m[38;2;121;104;121m▄[0m[38;2;121;104;121m[48;2;226;222;226m▀[0m[38;2;121;104;121m[48;2;226;222;226m▀[0m[38;2;121;104;121m[48;2;226;222;226m▀[0m[38;2;226;222;226m[48;2;226;222;226m▀[0m[38;2;226;222;226m[48;2;226;222;226m▀[0m[38;2;226;222;226m[48;2;226;222;226m▀[0m[38;2;226;222;226m[48;2;226;222;226m▀[0m[38;2;5;5;5m[48;2;5;5;5m▀[0m      
     [38;2;131;164;164m[48;2;131;164;164m▀[0m[38;2;252;252;252m[48;2;252;252;252m▀[0m[38;2;252;252;252m[48;2;252;252;252m▀[0m[38;2;252;252;252m[48;2;252;252;252m▀[0m[38;2;252;252;252m[48;2;74;74;74m▀[0m[38;2;197;197;205m[48;2;74;74;74m▀[0m[38;2;197;197;205m[48;2;197;197;205m▀[0m[38;2;74;74;74m[48;2;74;74;74m▀[0m[38;2;252;252;252m[48;2;252;252;252m▀[0m[38;2;252;252;252m[48;2;252;252;252m▀[0m[38;2;252;252;252m[48;2;252;252;252m▀[0m[38;2;252;252;252m[48;2;131;164;164m▀[0m[38;2;131;164;164m[48;2;252;252;252m▀[0m[38;2;252;252;252m[48;2;74;74;74m▀[0m[38;2;0;0;0m[48;2;0;0;0m▀[0m[38;2;32;57;98m[48;2;32;57;98m▀[0m[38;2;32;57;98m[48;2;32;57;98m▀[0m[38;2;0;0;0m[48;2;32;57;98m▀[0m[38;2;252;252;252m[48;2;0;0;0m▀[0m[38;2;252;252;252m[48;2;252;252;252m▀[0m[38;2;252;252;252m[48;2;252;252;252m▀[0m[38;2;252;252;252m[48;2;252;252;252m▀[0m[38;2;252;252;252m[48;2;252;252;252m▀[0m[38;2;0;0;0m[48;2;0;0;0m▀[0m[38;2;32;57;98m[48;2;32;57;98m▀[0m[38;2;32;57;98m[48;2;32;57;98m▀[0m[38;2;0;0;0m[48;2;32;57;98m▀[0m[38;2;252;252;252m[48;2;0;0;0m▀[0m[38;2;252;252;252m[48;2;197;197;205m▀[0m[38;2;252;252;252m[48;2;197;197;205m▀[0m[38;2;197;197;205m[48;2;197;197;205m▀[0m[38;2;197;197;205m[48;2;197;197;205m▀[0m[38;2;197;197;205m[48;2;197;197;205m▀[0m[38;2;197;197;205m[48;2;197;197;205m▀[0m[38;2;74;74;74m[48;2;197;197;205m▀[0m[38;2;74;74;74m[48;2;74;74;74m▀[0m[38;2;197;197;205m[48;2;74;74;74m▀[0m[38;2;197;197;205m[48;2;74;74;74m▀[0m[38;2;197;197;205m[48;2;74;74;74m▀[0m[38;2;197;197;205m[48;2;74;74;74m▀[0m[38;2;74;74;74m▀[0m[38;2;74;74;74m▀[0m    [38;2;32;57;98m▄[0m[38;2;32;57;98m[48;2;32;90;156m▀[0m[38;2;32;57;98m[48;2;32;90;156m▀[0m[38;2;32;57;98m[48;2;32;90;156m▀[0m[38;2;32;57;98m▄[0m[38;2;32;57;98m▄[0m[38;2;32;57;98m▄[0m    [38;2;5;5;5m[48;2;5;5;5m▀[0m[38;2;226;222;226m[48;2;226;222;226m▀[0m[38;2;226;222;226m[48;2;226;222;226m▀[0m[38;2;226;222;226m[48;2;226;222;226m▀[0m[38;2;226;222;226m[48;2;226;222;226m▀[0m[38;2;226;222;226m[48;2;226;222;226m▀[0m[38;2;226;222;226m[48;2;226;222;226m▀[0m[38;2;226;222;226m[48;2;226;222;226m▀[0m[38;2;226;222;226m[48;2;226;222;226m▀[0m[38;2;226;222;226m[48;2;5;5;5m▀[0m[38;2;5;5;5m▀[0m [38;2;5;5;5m▄[0m[38;2;5;5;5m▄[0m[38;2;5;5;5m▄[0m[38;2;5;5;5m▄[0m 
    [38;2;131;164;164m[48;2;131;164;164m▀[0m[38;2;252;252;252m[48;2;252;252;252m▀[0m[38;2;252;252;252m[48;2;74;74;74m▀[0m[38;2;74;74;74m▀[0m[38;2;74;74;74m▀[0m  [38;2;74;74;74m[48;2;74;74;74m▀[0m[38;2;252;252;252m[48;2;252;252;252m▀[0m[38;2;252;252;252m[48;2;74;74;74m▀[0m[38;2;252;252;252m[48;2;74;74;74m▀[0m[38;2;74;74;74m[48;2;197;197;205m▀[0m[38;2;197;197;205m[48;2;197;197;205m▀[0m[38;2;74;74;74m[48;2;197;197;205m▀[0m[38;2;170;159;170m[48;2;5;5;5m▀[0m[38;2;170;159;170m[48;2;170;159;170m▀[0m[38;2;0;0;0m[48;2;0;0;0m▀[0m[38;2;32;57;98m[48;2;32;57;98m▀[0m[38;2;32;57;98m[48;2;32;57;98m▀[0m[38;2;32;57;98m[48;2;32;57;98m▀[0m[38;2;0;0;0m[48;2;32;57;98m▀[0m[38;2;252;252;252m[48;2;0;0;0m▀[0m[38;2;252;252;252m[48;2;197;197;205m▀[0m[38;2;252;252;252m[48;2;252;252;252m▀[0m[38;2;252;252;252m[48;2;252;252;252m▀[0m[38;2;0;0;0m[48;2;252;252;252m▀[0m[38;2;32;90;156m[48;2;0;0;0m▀[0m[38;2;32;90;156m[48;2;32;90;156m▀[0m[38;2;5;5;5m[48;2;5;5;5m▀[0m[38;2;0;0;0m[48;2;170;159;170m▀[0m[38;2;197;197;205m[48;2;74;74;74m▀[0m[38;2;197;197;205m[48;2;74;74;74m▀[0m[38;2;197;197;205m[48;2;197;197;205m▀[0m[38;2;197;197;205m[48;2;197;197;205m▀[0m[38;2;197;197;205m[48;2;197;197;205m▀[0m[38;2;197;197;205m[48;2;197;197;205m▀[0m[38;2;197;197;205m[48;2;197;197;205m▀[0m[38;2;74;74;74m[48;2;197;197;205m▀[0m[38;2;74;74;74m▄[0m[38;2;74;74;74m▄[0m       [38;2;32;57;98m[48;2;32;57;98m▀[0m[38;2;32;90;156m[48;2;32;90;156m▀[0m[38;2;32;90;156m[48;2;32;90;156m▀[0m[38;2;32;90;156m[48;2;32;90;156m▀[0m[38;2;32;90;156m[48;2;32;90;156m▀[0m[38;2;32;90;156m[48;2;32;90;156m▀[0m[38;2;32;90;156m[48;2;32;57;98m▀[0m[38;2;5;5;5m[48;2;131;164;164m▀[0m[38;2;5;5;5m[48;2;131;164;164m▀[0m[38;2;5;5;5m[48;2;131;164;164m▀[0m[38;2;5;5;5m[48;2;5;5;5m▀[0m[38;2;226;222;226m[48;2;226;222;226m▀[0m[38;2;226;222;226m[48;2;226;222;226m▀[0m[38;2;226;222;226m[48;2;226;222;226m▀[0m[38;2;226;222;226m[48;2;121;104;121m▀[0m[38;2;226;222;226m[48;2;121;104;121m▀[0m[38;2;121;104;121m[48;2;131;164;164m▀[0m[38;2;5;5;5m[48;2;131;164;164m▀[0m[38;2;5;5;5m[48;2;131;164;164m▀[0m[38;2;5;5;5m[48;2;32;57;98m▀[0m[38;2;5;5;5m[48;2;32;90;156m▀[0m[38;2;5;5;5m[48;2;32;90;156m▀[0m[38;2;5;5;5m[48;2;32;90;156m▀[0m[38;2;32;90;156m[48;2;32;90;156m▀[0m[38;2;32;90;156m[48;2;32;90;156m▀[0m[38;2;32;90;156m[48;2;32;90;156m▀[0m[38;2;32;90;156m[48;2;32;90;156m▀[0m[38;2;5;5;5m[48;2;5;5;5m▀[0m
     [38;2;74;74;74m▀[0m     [38;2;74;74;74m▀[0m[38;2;74;74;74m▀[0m[38;2;197;197;205m[48;2;74;74;74m▀[0m[38;2;197;197;205m[48;2;74;74;74m▀[0m[38;2;197;197;205m[48;2;74;74;74m▀[0m[38;2;197;197;205m[48;2;74;74;74m▀[0m[38;2;74;74;74m▀[0m[38;2;5;5;5m▀[0m[38;2;170;159;170m[48;2;5;5;5m▀[0m[38;2;0;0;0m[48;2;170;159;170m▀[0m[38;2;32;57;98m[48;2;5;5;5m▀[0m[38;2;32;57;98m[48;2;32;57;98m▀[0m[38;2;32;57;98m[48;2;32;57;98m▀[0m[38;2;32;57;98m[48;2;32;90;156m▀[0m[38;2;32;90;156m[48;2;32;90;156m▀[0m[38;2;0;0;0m[48;2;32;90;156m▀[0m[38;2;0;0;0m[48;2;32;90;156m▀[0m[38;2;252;252;252m[48;2;0;0;0m▀[0m[38;2;252;252;252m[48;2;0;0;0m▀[0m[38;2;252;252;252m[48;2;0;0;0m▀[0m[38;2;0;0;0m[48;2;32;90;156m▀[0m[38;2;32;90;156m[48;2;32;90;156m▀[0m[38;2;5;5;5m[48;2;5;5;5m▀[0m[38;2;170;159;170m[48;2;170;159;170m▀[0m[38;2;169;117;97m[48;2;170;159;170m▀[0m[38;2;74;74;74m[48;2;169;117;97m▀[0m[38;2;74;74;74m[48;2;169;117;97m▀[0m[38;2;74;74;74m[48;2;169;117;97m▀[0m[38;2;197;197;205m[48;2;74;74;74m▀[0m[38;2;197;197;205m[48;2;74;74;74m▀[0m[38;2;197;197;205m[48;2;74;74;74m▀[0m[38;2;197;197;205m[48;2;74;74;74m▀[0m[38;2;197;197;205m[48;2;74;74;74m▀[0m[38;2;74;74;74m▀[0m      [38;2;32;57;98m[48;2;5;5;5m▀[0m[38;2;32;90;156m[48;2;32;90;156m▀[0m[38;2;32;90;156m[48;2;32;90;156m▀[0m[38;2;32;90;156m[48;2;32;90;156m▀[0m[38;2;32;90;156m[48;2;32;90;156m▀[0m[38;2;32;90;156m[48;2;5;5;5m▀[0m[38;2;32;57;98m[48;2;131;164;164m▀[0m[38;2;131;164;164m[48;2;131;164;164m▀[0m[38;2;131;164;164m[48;2;131;164;164m▀[0m[38;2;5;5;5m[48;2;5;5;5m▀[0m[38;2;226;222;226m[48;2;226;222;226m▀[0m[38;2;226;222;226m[48;2;121;104;121m▀[0m[38;2;226;222;226m[48;2;121;104;121m▀[0m[38;2;121;104;121m[48;2;131;164;164m▀[0m[38;2;131;164;164m[48;2;131;164;164m▀[0m[38;2;131;164;164m[48;2;131;164;164m▀[0m[38;2;131;164;164m[48;2;131;164;164m▀[0m[38;2;131;164;164m[48;2;32;57;98m▀[0m[38;2;32;57;98m[48;2;32;90;156m▀[0m[38;2;32;90;156m[48;2;32;90;156m▀[0m[38;2;32;90;156m[48;2;32;90;156m▀[0m[38;2;32;90;156m[48;2;32;90;156m▀[0m[38;2;32;90;156m[48;2;32;90;156m▀[0m[38;2;32;90;156m[48;2;32;90;156m▀[0m[38;2;32;90;156m[48;2;32;90;156m▀[0m[38;2;32;90;156m[48;2;5;5;5m▀[0m[38;2;5;5;5m▀[0m 
                    [38;2;5;5;5m▀[0m[38;2;5;5;5m[48;2;5;5;5m▀[0m[38;2;32;90;156m[48;2;32;90;156m▀[0m[38;2;32;90;156m[48;2;32;90;156m▀[0m[38;2;32;90;156m[48;2;32;90;156m▀[0m[38;2;32;90;156m[48;2;32;90;156m▀[0m[38;2;32;90;156m[48;2;32;90;156m▀[0m[38;2;32;90;156m[48;2;32;90;156m▀[0m[38;2;32;90;156m[48;2;32;90;156m▀[0m[38;2;32;90;156m[48;2;32;90;156m▀[0m[38;2;32;90;156m[48;2;32;90;156m▀[0m[38;2;32;90;156m[48;2;32;90;156m▀[0m[38;2;32;90;156m[48;2;32;90;156m▀[0m[38;2;32;90;156m[48;2;32;90;156m▀[0m[38;2;5;5;5m[48;2;5;5;5m▀[0m[38;2;170;159;170m[48;2;170;159;170m▀[0m[38;2;170;159;170m[48;2;170;159;170m▀[0m[38;2;169;117;97m[48;2;5;5;5m▀[0m[38;2;169;117;97m[48;2;5;5;5m▀[0m[38;2;5;5;5m[48;2;170;159;170m▀[0m[38;2;170;159;170m[48;2;170;159;170m▀[0m[38;2;170;159;170m[48;2;170;159;170m▀[0m[38;2;121;104;121m[48;2;170;159;170m▀[0m[38;2;121;104;121m▄[0m[38;2;121;104;121m▄[0m[38;2;121;104;121m[48;2;170;159;170m▀[0m[38;2;121;104;121m[48;2;5;5;5m▀[0m    [38;2;5;5;5m▀[0m[38;2;32;57;98m[48;2;5;5;5m▀[0m[38;2;32;57;98m[48;2;32;57;98m▀[0m[38;2;32;57;98m[48;2;32;57;98m▀[0m[38;2;32;57;98m[48;2;32;57;98m▀[0m[38;2;5;5;5m[48;2;5;5;5m▀[0m[38;2;90;115;115m[48;2;90;115;115m▀[0m[38;2;90;115;115m[48;2;90;115;115m▀[0m[38;2;5;5;5m[48;2;90;115;115m▀[0m[38;2;226;222;226m[48;2;90;115;115m▀[0m[38;2;121;104;121m[48;2;90;115;115m▀[0m[38;2;131;164;164m[48;2;90;115;115m▀[0m[38;2;131;164;164m[48;2;90;115;115m▀[0m[38;2;131;164;164m[48;2;5;5;5m▀[0m[38;2;131;164;164m[48;2;5;5;5m▀[0m[38;2;5;5;5m[48;2;32;57;98m▀[0m[38;2;5;5;5m[48;2;32;57;98m▀[0m[38;2;32;90;156m[48;2;32;57;98m▀[0m[38;2;32;90;156m[48;2;32;57;98m▀[0m[38;2;32;90;156m[48;2;32;90;156m▀[0m[38;2;32;90;156m[48;2;32;90;156m▀[0m[38;2;32;90;156m[48;2;32;57;98m▀[0m[38;2;32;90;156m[48;2;5;5;5m▀[0m[38;2;32;90;156m[48;2;5;5;5m▀[0m[38;2;5;5;5m▀[0m   
                     [38;2;5;5;5m[48;2;5;5;5m▀[0m[38;2;32;90;156m[48;2;32;90;156m▀[0m[38;2;32;90;156m[48;2;32;90;156m▀[0m[38;2;32;90;156m[48;2;32;90;156m▀[0m[38;2;32;90;156m[48;2;32;90;156m▀[0m[38;2;32;90;156m[48;2;32;90;156m▀[0m[38;2;32;90;156m[48;2;32;90;156m▀[0m[38;2;32;90;156m[48;2;32;90;156m▀[0m[38;2;32;90;156m[48;2;32;90;156m▀[0m[38;2;32;90;156m[48;2;32;90;156m▀[0m[38;2;32;90;156m[48;2;32;90;156m▀[0m[38;2;32;90;156m[48;2;32;90;156m▀[0m[38;2;32;90;156m[48;2;32;90;156m▀[0m[38;2;32;90;156m[48;2;32;90;156m▀[0m[38;2;5;5;5m[48;2;32;90;156m▀[0m[38;2;5;5;5m[48;2;5;5;5m▀[0m[38;2;5;5;5m▀[0m[38;2;170;159;170m[48;2;5;5;5m▀[0m[38;2;170;159;170m[48;2;5;5;5m▀[0m[38;2;170;159;170m[48;2;170;159;170m▀[0m[38;2;170;159;170m[48;2;170;159;170m▀[0m[38;2;170;159;170m[48;2;170;159;170m▀[0m[38;2;170;159;170m[48;2;170;159;170m▀[0m[38;2;170;159;170m[48;2;5;5;5m▀[0m[38;2;5;5;5m▀[0m      [38;2;5;5;5m[48;2;5;5;5m▀[0m[38;2;32;57;98m[48;2;32;57;98m▀[0m[38;2;32;57;98m[48;2;32;57;98m▀[0m[38;2;32;57;98m[48;2;32;57;98m▀[0m[38;2;90;115;115m[48;2;90;115;115m▀[0m[38;2;90;115;115m[48;2;90;115;115m▀[0m[38;2;90;115;115m[48;2;5;5;5m▀[0m[38;2;90;115;115m[48;2;5;5;5m▀[0m[38;2;90;115;115m[48;2;5;5;5m▀[0m[38;2;5;5;5m[48;2;32;57;98m▀[0m[38;2;5;5;5m[48;2;32;57;98m▀[0m[38;2;5;5;5m[48;2;32;57;98m▀[0m[38;2;32;57;98m[48;2;32;57;98m▀[0m[38;2;32;57;98m[48;2;32;57;98m▀[0m[38;2;32;57;98m[48;2;32;57;98m▀[0m[38;2;32;57;98m[48;2;32;57;98m▀[0m[38;2;32;57;98m[48;2;32;57;98m▀[0m[38;2;32;57;98m[48;2;5;5;5m▀[0m[38;2;32;57;98m[48;2;5;5;5m▀[0m[38;2;5;5;5m▀[0m[38;2;5;5;5m▀[0m      
                     [38;2;5;5;5m[48;2;5;5;5m▀[0m[38;2;32;90;156m[48;2;32;90;156m▀[0m[38;2;32;90;156m[48;2;32;90;156m▀[0m[38;2;32;90;156m[48;2;32;90;156m▀[0m[38;2;32;90;156m[48;2;32;90;156m▀[0m[38;2;32;90;156m[48;2;32;90;156m▀[0m[38;2;32;90;156m[48;2;32;90;156m▀[0m[38;2;32;90;156m[48;2;32;90;156m▀[0m[38;2;32;90;156m[48;2;32;90;156m▀[0m[38;2;32;90;156m[48;2;32;90;156m▀[0m[38;2;32;90;156m[48;2;32;90;156m▀[0m[38;2;32;90;156m[48;2;32;90;156m▀[0m[38;2;32;90;156m[48;2;32;90;156m▀[0m[38;2;32;90;156m[48;2;32;90;156m▀[0m[38;2;32;90;156m[48;2;32;90;156m▀[0m[38;2;32;90;156m[48;2;32;90;156m▀[0m[38;2;5;5;5m[48;2;32;90;156m▀[0m[38;2;32;57;98m▄[0m [38;2;5;5;5m▀[0m[38;2;5;5;5m▀[0m[38;2;5;5;5m▀[0m[38;2;5;5;5m▀[0m    [38;2;32;57;98m▄[0m[38;2;32;57;98m▄[0m[38;2;32;57;98m▄[0m[38;2;32;57;98m▄[0m[38;2;5;5;5m▄[0m[38;2;5;5;5m[48;2;32;57;98m▀[0m[38;2;32;57;98m[48;2;32;57;98m▀[0m[38;2;32;57;98m[48;2;32;57;98m▀[0m[38;2;5;5;5m[48;2;32;57;98m▀[0m[38;2;5;5;5m[48;2;32;57;98m▀[0m[38;2;32;57;98m[48;2;32;57;98m▀[0m[38;2;32;57;98m[48;2;32;57;98m▀[0m[38;2;32;57;98m[48;2;32;57;98m▀[0m[38;2;32;57;98m[48;2;32;57;98m▀[0m[38;2;32;57;98m[48;2;32;57;98m▀[0m[38;2;32;57;98m[48;2;5;5;5m▀[0m[38;2;32;57;98m[48;2;5;5;5m▀[0m[38;2;32;57;98m[48;2;5;5;5m▀[0m[38;2;5;5;5m▀[0m[38;2;5;5;5m▀[0m[38;2;5;5;5m▀[0m          
                 [38;2;121;104;121m▄[0m  [38;2;5;5;5m▄[0m[38;2;32;57;98m[48;2;32;90;156m▀[0m[38;2;32;90;156m[48;2;32;90;156m▀[0m[38;2;32;90;156m[48;2;32;90;156m▀[0m[38;2;32;90;156m[48;2;32;90;156m▀[0m[38;2;32;90;156m[48;2;32;90;156m▀[0m[38;2;32;90;156m[48;2;32;90;156m▀[0m[38;2;32;90;156m[48;2;32;90;156m▀[0m[38;2;32;90;156m[48;2;32;90;156m▀[0m[38;2;32;90;156m[48;2;32;90;156m▀[0m[38;2;32;90;156m[48;2;32;90;156m▀[0m[38;2;32;90;156m[48;2;32;90;156m▀[0m[38;2;32;90;156m[48;2;32;90;156m▀[0m[38;2;32;90;156m[48;2;32;90;156m▀[0m[38;2;32;90;156m[48;2;32;90;156m▀[0m[38;2;32;90;156m[48;2;32;90;156m▀[0m[38;2;32;90;156m[48;2;32;90;156m▀[0m[38;2;32;90;156m[48;2;32;90;156m▀[0m[38;2;32;90;156m[48;2;32;90;156m▀[0m[38;2;32;57;98m[48;2;32;90;156m▀[0m[38;2;5;5;5m[48;2;32;90;156m▀[0m[38;2;5;5;5m▄[0m[38;2;121;104;121m[48;2;121;104;121m▀[0m[38;2;5;5;5m[48;2;226;222;226m▀[0m[38;2;5;5;5m▄[0m[38;2;32;57;98m▄[0m[38;2;32;57;98m[48;2;32;90;156m▀[0m[38;2;32;57;98m[48;2;32;90;156m▀[0m[38;2;32;90;156m[48;2;32;90;156m▀[0m[38;2;32;90;156m[48;2;32;90;156m▀[0m[38;2;32;90;156m[48;2;32;90;156m▀[0m[38;2;32;90;156m[48;2;32;90;156m▀[0m[38;2;32;90;156m[48;2;32;90;156m▀[0m[38;2;5;5;5m[48;2;32;90;156m▀[0m[38;2;5;5;5m[48;2;32;90;156m▀[0m[38;2;32;57;98m[48;2;5;5;5m▀[0m[38;2;32;57;98m[48;2;5;5;5m▀[0m[38;2;5;5;5m▀[0m[38;2;5;5;5m▀[0m[38;2;5;5;5m▀[0m[38;2;5;5;5m▀[0m[38;2;5;5;5m▀[0m[38;2;5;5;5m▀[0m                
                [38;2;121;104;121m[48;2;121;104;121m▀[0m[38;2;226;222;226m[48;2;226;222;226m▀[0m[38;2;121;104;121m[48;2;121;104;121m▀[0m[38;2;5;5;5m▄[0m[38;2;5;5;5m[48;2;32;90;156m▀[0m[38;2;32;90;156m[48;2;32;57;98m▀[0m[38;2;32;90;156m[48;2;32;90;156m▀[0m[38;2;32;90;156m[48;2;32;90;156m▀[0m[38;2;32;90;156m[48;2;32;90;156m▀[0m[38;2;32;90;156m[48;2;32;90;156m▀[0m[38;2;32;90;156m[48;2;32;90;156m▀[0m[38;2;32;90;156m[48;2;32;90;156m▀[0m[38;2;32;90;156m[48;2;32;57;98m▀[0m[38;2;32;90;156m[48;2;32;57;98m▀[0m[38;2;32;57;98m[48;2;131;164;164m▀[0m[38;2;32;57;98m[48;2;131;164;164m▀[0m[38;2;32;90;156m[48;2;32;57;98m▀[0m[38;2;32;90;156m[48;2;32;90;156m▀[0m[38;2;32;90;156m[48;2;32;90;156m▀[0m[38;2;32;90;156m[48;2;32;90;156m▀[0m[38;2;32;90;156m[48;2;32;90;156m▀[0m[38;2;32;90;156m[48;2;32;90;156m▀[0m[38;2;32;90;156m[48;2;32;90;156m▀[0m[38;2;32;90;156m[48;2;32;90;156m▀[0m[38;2;32;90;156m[48;2;32;90;156m▀[0m[38;2;32;90;156m[48;2;32;90;156m▀[0m[38;2;121;104;121m[48;2;121;104;121m▀[0m[38;2;226;222;226m[48;2;226;222;226m▀[0m[38;2;5;5;5m[48;2;5;5;5m▀[0m[38;2;32;90;156m[48;2;32;90;156m▀[0m[38;2;32;90;156m[48;2;32;90;156m▀[0m[38;2;32;90;156m[48;2;32;90;156m▀[0m[38;2;32;90;156m[48;2;32;90;156m▀[0m[38;2;32;90;156m[48;2;32;90;156m▀[0m[38;2;32;90;156m[48;2;32;90;156m▀[0m[38;2;32;90;156m[48;2;32;90;156m▀[0m[38;2;32;90;156m[48;2;32;90;156m▀[0m[38;2;32;90;156m[48;2;32;90;156m▀[0m[38;2;32;90;156m[48;2;32;90;156m▀[0m[38;2;32;90;156m[48;2;32;90;156m▀[0m[38;2;32;90;156m[48;2;32;90;156m▀[0m[38;2;5;5;5m[48;2;32;90;156m▀[0m[38;2;5;5;5m▄[0m                    
               [38;2;121;104;121m▄[0m[38;2;121;104;121m[48;2;226;222;226m▀[0m[38;2;226;222;226m[48;2;226;222;226m▀[0m[38;2;5;5;5m[48;2;5;5;5m▀[0m[38;2;32;90;156m[48;2;32;90;156m▀[0m[38;2;32;57;98m[48;2;32;57;98m▀[0m[38;2;131;164;164m[48;2;131;164;164m▀[0m[38;2;32;57;98m[48;2;131;164;164m▀[0m[38;2;32;57;98m[48;2;131;164;164m▀[0m[38;2;32;90;156m[48;2;32;57;98m▀[0m[38;2;32;90;156m[48;2;32;57;98m▀[0m[38;2;32;57;98m[48;2;131;164;164m▀[0m[38;2;32;57;98m[48;2;131;164;164m▀[0m[38;2;131;164;164m[48;2;131;164;164m▀[0m[38;2;131;164;164m[48;2;131;164;164m▀[0m[38;2;131;164;164m[48;2;131;164;164m▀[0m[38;2;131;164;164m[48;2;131;164;164m▀[0m[38;2;131;164;164m[48;2;131;164;164m▀[0m[38;2;32;57;98m[48;2;32;57;98m▀[0m[38;2;32;90;156m[48;2;32;90;156m▀[0m[38;2;32;90;156m[48;2;32;90;156m▀[0m[38;2;32;90;156m[48;2;32;90;156m▀[0m[38;2;32;90;156m[48;2;32;90;156m▀[0m[38;2;32;90;156m[48;2;121;104;121m▀[0m[38;2;32;90;156m[48;2;121;104;121m▀[0m[38;2;32;90;156m[48;2;32;90;156m▀[0m[38;2;32;90;156m[48;2;32;90;156m▀[0m[38;2;121;104;121m[48;2;121;104;121m▀[0m[38;2;226;222;226m[48;2;226;222;226m▀[0m[38;2;206;173;155m[48;2;206;173;155m▀[0m[38;2;5;5;5m[48;2;5;5;5m▀[0m[38;2;32;90;156m[48;2;32;90;156m▀[0m[38;2;32;90;156m[48;2;121;104;121m▀[0m[38;2;121;104;121m[48;2;226;222;226m▀[0m[38;2;32;90;156m[48;2;5;5;5m▀[0m[38;2;32;90;156m[48;2;32;90;156m▀[0m[38;2;32;90;156m[48;2;32;90;156m▀[0m[38;2;32;90;156m[48;2;32;90;156m▀[0m[38;2;32;90;156m[48;2;32;90;156m▀[0m[38;2;32;90;156m[48;2;32;90;156m▀[0m[38;2;32;90;156m[48;2;32;90;156m▀[0m[38;2;32;90;156m[48;2;32;90;156m▀[0m[38;2;32;90;156m[48;2;32;90;156m▀[0m[38;2;32;90;156m[48;2;32;90;156m▀[0m[38;2;5;5;5m[48;2;32;90;156m▀[0m[38;2;5;5;5m▄[0m                  
             [38;2;121;104;121m▄[0m [38;2;121;104;121m[48;2;121;104;121m▀[0m[38;2;226;222;226m[48;2;226;222;226m▀[0m[38;2;32;57;98m[48;2;5;5;5m▀[0m[38;2;32;90;156m[48;2;32;90;156m▀[0m[38;2;32;57;98m[48;2;32;57;98m▀[0m[38;2;131;164;164m[48;2;131;164;164m▀[0m[38;2;131;164;164m[48;2;131;164;164m▀[0m[38;2;131;164;164m[48;2;131;164;164m▀[0m[38;2;131;164;164m[48;2;131;164;164m▀[0m[38;2;131;164;164m[48;2;131;164;164m▀[0m[38;2;131;164;164m[48;2;131;164;164m▀[0m[38;2;131;164;164m[48;2;131;164;164m▀[0m[38;2;131;164;164m[48;2;131;164;164m▀[0m[38;2;131;164;164m[48;2;131;164;164m▀[0m[38;2;131;164;164m[48;2;131;164;164m▀[0m[38;2;131;164;164m[48;2;131;164;164m▀[0m[38;2;131;164;164m[48;2;131;164;164m▀[0m[38;2;131;164;164m[48;2;131;164;164m▀[0m[38;2;131;164;164m[48;2;131;164;164m▀[0m[38;2;32;57;98m[48;2;32;57;98m▀[0m[38;2;32;90;156m[48;2;32;90;156m▀[0m[38;2;32;90;156m[48;2;32;90;156m▀[0m[38;2;32;90;156m[48;2;32;90;156m▀[0m[38;2;121;104;121m[48;2;121;104;121m▀[0m[38;2;226;222;226m[48;2;226;222;226m▀[0m[38;2;121;104;121m[48;2;226;222;226m▀[0m[38;2;32;90;156m[48;2;121;104;121m▀[0m[38;2;121;104;121m[48;2;121;104;121m▀[0m[38;2;226;222;226m[48;2;226;222;226m▀[0m[38;2;206;173;155m[48;2;206;173;155m▀[0m[38;2;5;5;5m[48;2;206;173;155m▀[0m[38;2;32;90;156m[48;2;5;5;5m▀[0m[38;2;121;104;121m[48;2;226;222;226m▀[0m[38;2;226;222;226m[48;2;226;222;226m▀[0m[38;2;5;5;5m[48;2;5;5;5m▀[0m[38;2;32;90;156m[48;2;32;90;156m▀[0m[38;2;32;90;156m[48;2;32;90;156m▀[0m[38;2;32;90;156m[48;2;32;90;156m▀[0m[38;2;32;90;156m[48;2;32;90;156m▀[0m[38;2;32;90;156m[48;2;32;90;156m▀[0m[38;2;32;90;156m[48;2;32;90;156m▀[0m[38;2;32;90;156m[48;2;32;90;156m▀[0m[38;2;32;90;156m[48;2;32;90;156m▀[0m[38;2;32;90;156m[48;2;32;90;156m▀[0m[38;2;32;90;156m[48;2;32;90;156m▀[0m[38;2;32;90;156m[48;2;32;90;156m▀[0m[38;2;5;5;5m[48;2;5;5;5m▀[0m                 
            [38;2;121;104;121m[48;2;121;104;121m▀[0m[38;2;226;222;226m[48;2;226;222;226m▀[0m[38;2;121;104;121m[48;2;226;222;226m▀[0m[38;2;170;159;170m[48;2;226;222;226m▀[0m[38;2;226;222;226m[48;2;5;5;5m▀[0m[38;2;5;5;5m[48;2;32;90;156m▀[0m[38;2;32;90;156m[48;2;32;90;156m▀[0m[38;2;32;57;98m[48;2;32;57;98m▀[0m[38;2;131;164;164m[48;2;131;164;164m▀[0m[38;2;131;164;164m[48;2;131;164;164m▀[0m[38;2;131;164;164m[48;2;131;164;164m▀[0m[38;2;131;164;164m[48;2;131;164;164m▀[0m[38;2;131;164;164m[48;2;131;164;164m▀[0m[38;2;131;164;164m[48;2;131;164;164m▀[0m[38;2;131;164;164m[48;2;131;164;164m▀[0m[38;2;131;164;164m[48;2;131;164;164m▀[0m[38;2;131;164;164m[48;2;131;164;164m▀[0m[38;2;131;164;164m[48;2;131;164;164m▀[0m[38;2;131;164;164m[48;2;131;164;164m▀[0m[38;2;131;164;164m[48;2;131;164;164m▀[0m[38;2;131;164;164m[48;2;131;164;164m▀[0m[38;2;131;164;164m[48;2;131;164;164m▀[0m[38;2;131;164;164m[48;2;131;164;164m▀[0m[38;2;32;57;98m[48;2;5;5;5m▀[0m[38;2;32;90;156m[48;2;32;90;156m▀[0m[38;2;32;90;156m[48;2;32;90;156m▀[0m[38;2;121;104;121m[48;2;32;90;156m▀[0m[38;2;226;222;226m[48;2;121;104;121m▀[0m[38;2;226;222;226m[48;2;226;222;226m▀[0m[38;2;226;222;226m[48;2;206;173;155m▀[0m[38;2;121;104;121m[48;2;226;222;226m▀[0m[38;2;170;159;170m[48;2;170;159;170m▀[0m[38;2;226;222;226m[48;2;226;222;226m▀[0m[38;2;206;173;155m[48;2;206;173;155m▀[0m[38;2;5;5;5m[48;2;170;159;170m▀[0m[38;2;226;222;226m[48;2;226;222;226m▀[0m[38;2;206;173;155m[48;2;206;173;155m▀[0m[38;2;5;5;5m[48;2;5;5;5m▀[0m[38;2;32;90;156m[48;2;32;90;156m▀[0m[38;2;32;90;156m[48;2;32;90;156m▀[0m[38;2;32;90;156m[48;2;32;90;156m▀[0m[38;2;32;90;156m[48;2;32;90;156m▀[0m[38;2;32;90;156m[48;2;32;90;156m▀[0m[38;2;32;90;156m[48;2;32;90;156m▀[0m[38;2;32;90;156m[48;2;32;90;156m▀[0m[38;2;32;90;156m[48;2;32;90;156m▀[0m[38;2;32;90;156m[48;2;32;90;156m▀[0m[38;2;32;90;156m[48;2;32;90;156m▀[0m[38;2;32;90;156m[48;2;32;90;156m▀[0m[38;2;32;90;156m[48;2;32;90;156m▀[0m[38;2;5;5;5m[48;2;121;104;121m▀[0m[38;2;5;5;5m▄[0m               
            [38;2;121;104;121m[48;2;121;104;121m▀[0m[38;2;226;222;226m[48;2;226;222;226m▀[0m[38;2;226;222;226m[48;2;226;222;226m▀[0m[38;2;226;222;226m[48;2;226;222;226m▀[0m[38;2;5;5;5m[48;2;5;5;5m▀[0m[38;2;32;90;156m[48;2;32;90;156m▀[0m[38;2;32;90;156m[48;2;32;90;156m▀[0m[38;2;32;57;98m[48;2;32;90;156m▀[0m[38;2;131;164;164m[48;2;5;5;5m▀[0m[38;2;131;164;164m[48;2;131;164;164m▀[0m[38;2;131;164;164m[48;2;131;164;164m▀[0m[38;2;131;164;164m[48;2;131;164;164m▀[0m[38;2;131;164;164m[48;2;131;164;164m▀[0m[38;2;131;164;164m[48;2;131;164;164m▀[0m[38;2;131;164;164m[48;2;131;164;164m▀[0m[38;2;131;164;164m[48;2;131;164;164m▀[0m[38;2;131;164;164m[48;2;131;164;164m▀[0m[38;2;131;164;164m[48;2;131;164;164m▀[0m[38;2;131;164;164m[48;2;131;164;164m▀[0m[38;2;131;164;164m[48;2;131;164;164m▀[0m[38;2;131;164;164m[48;2;131;164;164m▀[0m[38;2;131;164;164m[48;2;131;164;164m▀[0m[38;2;131;164;164m[48;2;131;164;164m▀[0m[38;2;5;5;5m[48;2;5;5;5m▀[0m[38;2;32;90;156m[48;2;32;90;156m▀[0m[38;2;32;90;156m[48;2;32;90;156m▀[0m[38;2;32;90;156m[48;2;32;90;156m▀[0m[38;2;121;104;121m[48;2;32;90;156m▀[0m[38;2;226;222;226m[48;2;121;104;121m▀[0m[38;2;206;173;155m[48;2;226;222;226m▀[0m[38;2;206;173;155m[48;2;206;173;155m▀[0m[38;2;226;222;226m[48;2;206;173;155m▀[0m[38;2;226;222;226m[48;2;206;173;155m▀[0m[38;2;206;173;155m[48;2;206;173;155m▀[0m[38;2;226;222;226m[48;2;206;173;155m▀[0m[38;2;206;173;155m[48;2;206;173;155m▀[0m[38;2;206;173;155m[48;2;226;222;226m▀[0m[38;2;5;5;5m[48;2;5;5;5m▀[0m[38;2;32;90;156m[48;2;32;90;156m▀[0m[38;2;32;90;156m[48;2;32;90;156m▀[0m[38;2;32;90;156m[48;2;32;90;156m▀[0m[38;2;32;90;156m[48;2;32;90;156m▀[0m[38;2;32;90;156m[48;2;32;90;156m▀[0m[38;2;32;90;156m[48;2;32;90;156m▀[0m[38;2;32;90;156m[48;2;121;104;121m▀[0m[38;2;32;90;156m[48;2;121;104;121m▀[0m[38;2;32;90;156m[48;2;32;90;156m▀[0m[38;2;32;90;156m[48;2;32;90;156m▀[0m[38;2;32;90;156m[48;2;32;90;156m▀[0m[38;2;32;90;156m[48;2;32;90;156m▀[0m[38;2;121;104;121m[48;2;121;104;121m▀[0m[38;2;170;159;170m[48;2;170;159;170m▀[0m[38;2;5;5;5m[48;2;5;5;5m▀[0m              
           [38;2;121;104;121m[48;2;121;104;121m▀[0m[38;2;226;222;226m[48;2;226;222;226m▀[0m[38;2;121;104;121m[48;2;121;104;121m▀[0m[38;2;226;222;226m[48;2;226;222;226m▀[0m[38;2;5;5;5m[48;2;5;5;5m▀[0m[38;2;32;90;156m[48;2;32;90;156m▀[0m[38;2;32;90;156m[48;2;32;90;156m▀[0m[38;2;32;90;156m[48;2;32;90;156m▀[0m[38;2;32;90;156m[48;2;32;90;156m▀[0m[38;2;5;5;5m[48;2;32;90;156m▀[0m[38;2;131;164;164m[48;2;5;5;5m▀[0m[38;2;131;164;164m[48;2;131;164;164m▀[0m[38;2;131;164;164m[48;2;131;164;164m▀[0m[38;2;131;164;164m[48;2;131;164;164m▀[0m[38;2;131;164;164m[48;2;131;164;164m▀[0m[38;2;131;164;164m[48;2;131;164;164m▀[0m[38;2;131;164;164m[48;2;131;164;164m▀[0m[38;2;131;164;164m[48;2;131;164;164m▀[0m[38;2;131;164;164m[48;2;131;164;164m▀[0m[38;2;131;164;164m[48;2;131;164;164m▀[0m[38;2;131;164;164m[48;2;131;164;164m▀[0m[38;2;131;164;164m[48;2;131;164;164m▀[0m[38;2;131;164;164m[48;2;90;115;115m▀[0m[38;2;131;164;164m[48;2;90;115;115m▀[0m[38;2;5;5;5m[48;2;5;5;5m▀[0m[38;2;32;90;156m[48;2;32;90;156m▀[0m[38;2;32;90;156m[48;2;32;90;156m▀[0m[38;2;32;90;156m[48;2;32;90;156m▀[0m[38;2;121;104;121m[48;2;121;104;121m▀[0m[38;2;121;104;121m[48;2;226;222;226m▀[0m[38;2;226;222;226m[48;2;170;159;170m▀[0m[38;2;226;222;226m[48;2;226;222;226m▀[0m[38;2;206;173;155m[48;2;226;222;226m▀[0m[38;2;206;173;155m[48;2;226;222;226m▀[0m[38;2;206;173;155m[48;2;206;173;155m▀[0m[38;2;206;173;155m[48;2;206;173;155m▀[0m[38;2;169;117;97m[48;2;226;222;226m▀[0m[38;2;170;159;170m[48;2;170;159;170m▀[0m[38;2;226;222;226m[48;2;226;222;226m▀[0m[38;2;5;5;5m[48;2;5;5;5m▀[0m[38;2;32;90;156m[48;2;32;57;98m▀[0m[38;2;32;57;98m[48;2;90;115;115m▀[0m[38;2;32;90;156m[48;2;32;57;98m▀[0m[38;2;32;90;156m[48;2;32;90;156m▀[0m[38;2;32;90;156m[48;2;32;90;156m▀[0m[38;2;121;104;121m[48;2;121;104;121m▀[0m[38;2;226;222;226m[48;2;226;222;226m▀[0m[38;2;121;104;121m[48;2;226;222;226m▀[0m[38;2;121;104;121m[48;2;226;222;226m▀[0m[38;2;32;90;156m[48;2;121;104;121m▀[0m[38;2;32;90;156m[48;2;121;104;121m▀[0m[38;2;121;104;121m[48;2;121;104;121m▀[0m[38;2;170;159;170m[48;2;121;104;121m▀[0m[38;2;226;222;226m[48;2;226;222;226m▀[0m[38;2;5;5;5m[48;2;5;5;5m▀[0m             
          [38;2;121;104;121m▄[0m[38;2;121;104;121m[48;2;170;159;170m▀[0m[38;2;170;159;170m[48;2;170;159;170m▀[0m[38;2;170;159;170m[48;2;170;159;170m▀[0m[38;2;5;5;5m[48;2;5;5;5m▀[0m[38;2;32;90;156m[48;2;32;90;156m▀[0m[38;2;32;90;156m[48;2;32;90;156m▀[0m[38;2;32;90;156m[48;2;32;90;156m▀[0m[38;2;32;90;156m[48;2;32;90;156m▀[0m[38;2;32;90;156m[48;2;32;57;98m▀[0m[38;2;32;90;156m[48;2;32;57;98m▀[0m[38;2;5;5;5m[48;2;32;57;98m▀[0m[38;2;90;115;115m[48;2;5;5;5m▀[0m[38;2;90;115;115m[48;2;90;115;115m▀[0m[38;2;131;164;164m[48;2;90;115;115m▀[0m[38;2;131;164;164m[48;2;90;115;115m▀[0m[38;2;131;164;164m[48;2;90;115;115m▀[0m[38;2;131;164;164m[48;2;90;115;115m▀[0m[38;2;131;164;164m[48;2;90;115;115m▀[0m[38;2;131;164;164m[48;2;90;115;115m▀[0m[38;2;90;115;115m[48;2;90;115;115m▀[0m[38;2;90;115;115m[48;2;90;115;115m▀[0m[38;2;90;115;115m[48;2;90;115;115m▀[0m[38;2;90;115;115m[48;2;90;115;115m▀[0m[38;2;90;115;115m[48;2;90;115;115m▀[0m[38;2;5;5;5m[48;2;90;115;115m▀[0m[38;2;32;90;156m[48;2;5;5;5m▀[0m[38;2;32;90;156m[48;2;32;90;156m▀[0m[38;2;32;90;156m[48;2;32;90;156m▀[0m[38;2;121;104;121m[48;2;32;90;156m▀[0m[38;2;226;222;226m[48;2;121;104;121m▀[0m[38;2;226;222;226m[48;2;226;222;226m▀[0m[38;2;170;159;170m[48;2;226;222;226m▀[0m[38;2;170;159;170m[48;2;226;222;226m▀[0m[38;2;226;222;226m[48;2;170;159;170m▀[0m[38;2;206;173;155m[48;2;170;159;170m▀[0m[38;2;206;173;155m[48;2;170;159;170m▀[0m[38;2;170;159;170m[48;2;206;173;155m▀[0m[38;2;226;222;226m[48;2;226;222;226m▀[0m[38;2;226;222;226m[48;2;226;222;226m▀[0m[38;2;5;5;5m[48;2;5;5;5m▀[0m[38;2;90;115;115m[48;2;90;115;115m▀[0m[38;2;90;115;115m[48;2;90;115;115m▀[0m[38;2;32;57;98m[48;2;5;5;5m▀[0m[38;2;32;90;156m[48;2;5;5;5m▀[0m[38;2;32;90;156m[48;2;32;90;156m▀[0m[38;2;32;90;156m[48;2;32;90;156m▀[0m[38;2;121;104;121m[48;2;121;104;121m▀[0m[38;2;226;222;226m[48;2;226;222;226m▀[0m[38;2;226;222;226m[48;2;226;222;226m▀[0m[38;2;226;222;226m[48;2;226;222;226m▀[0m[38;2;226;222;226m[48;2;226;222;226m▀[0m[38;2;206;173;155m[48;2;206;173;155m▀[0m[38;2;206;173;155m[48;2;206;173;155m▀[0m[38;2;226;222;226m[48;2;226;222;226m▀[0m[38;2;226;222;226m[48;2;226;222;226m▀[0m[38;2;5;5;5m[48;2;5;5;5m▀[0m            
          [38;2;121;104;121m[48;2;121;104;121m▀[0m[38;2;170;159;170m[48;2;170;159;170m▀[0m[38;2;170;159;170m[48;2;170;159;170m▀[0m[38;2;5;5;5m[48;2;5;5;5m▀[0m[38;2;32;90;156m[48;2;32;57;98m▀[0m[38;2;32;57;98m[48;2;32;90;156m▀[0m[38;2;32;90;156m[48;2;32;57;98m▀[0m[38;2;32;57;98m[48;2;32;90;156m▀[0m[38;2;32;57;98m[48;2;32;57;98m▀[0m[38;2;32;57;98m[48;2;32;57;98m▀[0m[38;2;32;57;98m[48;2;32;57;98m▀[0m[38;2;32;57;98m[48;2;32;57;98m▀[0m[38;2;5;5;5m[48;2;32;57;98m▀[0m[38;2;90;115;115m[48;2;5;5;5m▀[0m[38;2;90;115;115m[48;2;5;5;5m▀[0m[38;2;90;115;115m[48;2;90;115;115m▀[0m[38;2;90;115;115m[48;2;90;115;115m▀[0m[38;2;90;115;115m[48;2;90;115;115m▀[0m[38;2;90;115;115m[48;2;90;115;115m▀[0m[38;2;90;115;115m[48;2;90;115;115m▀[0m[38;2;90;115;115m[48;2;90;115;115m▀[0m[38;2;90;115;115m[48;2;90;115;115m▀[0m[38;2;90;115;115m[48;2;90;115;115m▀[0m[38;2;90;115;115m[48;2;90;115;115m▀[0m[38;2;90;115;115m[48;2;90;115;115m▀[0m[38;2;90;115;115m[48;2;90;115;115m▀[0m[38;2;5;5;5m[48;2;5;5;5m▀[0m[38;2;32;90;156m[48;2;32;90;156m▀[0m[38;2;32;90;156m[48;2;32;90;156m▀[0m[38;2;32;90;156m[48;2;32;90;156m▀[0m[38;2;121;104;121m[48;2;32;90;156m▀[0m[38;2;226;222;226m[48;2;121;104;121m▀[0m[38;2;226;222;226m[48;2;226;222;226m▀[0m[38;2;226;222;226m[48;2;226;222;226m▀[0m[38;2;226;222;226m[48;2;226;222;226m▀[0m[38;2;226;222;226m[48;2;226;222;226m▀[0m[38;2;206;173;155m[48;2;206;173;155m▀[0m[38;2;206;173;155m[48;2;206;173;155m▀[0m[38;2;226;222;226m[48;2;226;222;226m▀[0m[38;2;226;222;226m[48;2;226;222;226m▀[0m[38;2;5;5;5m[48;2;5;5;5m▀[0m[38;2;5;5;5m▀[0m[38;2;5;5;5m▀[0m [38;2;5;5;5m▀[0m[38;2;32;90;156m[48;2;5;5;5m▀[0m[38;2;32;90;156m[48;2;32;90;156m▀[0m[38;2;32;90;156m[48;2;32;90;156m▀[0m[38;2;121;104;121m[48;2;32;90;156m▀[0m[38;2;226;222;226m[48;2;121;104;121m▀[0m[38;2;226;222;226m[48;2;226;222;226m▀[0m[38;2;226;222;226m[48;2;226;222;226m▀[0m[38;2;169;117;97m[48;2;226;222;226m▀[0m[38;2;206;173;155m[48;2;169;117;97m▀[0m[38;2;206;173;155m[48;2;206;173;155m▀[0m[38;2;226;222;226m[48;2;170;159;170m▀[0m[38;2;5;5;5m[48;2;226;222;226m▀[0m[38;2;5;5;5m▄[0m           
          [38;2;121;104;121m[48;2;121;104;121m▀[0m[38;2;170;159;170m[48;2;170;159;170m▀[0m[38;2;5;5;5m[48;2;5;5;5m▀[0m[38;2;32;57;98m[48;2;32;57;98m▀[0m[38;2;32;90;156m[48;2;32;57;98m▀[0m[38;2;32;57;98m[48;2;32;57;98m▀[0m[38;2;32;90;156m[48;2;32;57;98m▀[0m[38;2;32;57;98m[48;2;32;57;98m▀[0m[38;2;32;57;98m[48;2;32;57;98m▀[0m[38;2;32;57;98m[48;2;32;57;98m▀[0m[38;2;32;57;98m[48;2;32;57;98m▀[0m[38;2;32;57;98m[48;2;32;57;98m▀[0m[38;2;32;57;98m[48;2;32;57;98m▀[0m[38;2;32;57;98m[48;2;32;57;98m▀[0m[38;2;32;57;98m[48;2;32;57;98m▀[0m[38;2;5;5;5m[48;2;32;57;98m▀[0m[38;2;5;5;5m[48;2;5;5;5m▀[0m[38;2;90;115;115m[48;2;5;5;5m▀[0m[38;2;90;115;115m[48;2;5;5;5m▀[0m[38;2;90;115;115m[48;2;5;5;5m▀[0m[38;2;90;115;115m[48;2;90;115;115m▀[0m[38;2;90;115;115m[48;2;90;115;115m▀[0m[38;2;90;115;115m[48;2;90;115;115m▀[0m[38;2;90;115;115m[48;2;90;115;115m▀[0m[38;2;90;115;115m[48;2;90;115;115m▀[0m[38;2;90;115;115m[48;2;90;115;115m▀[0m[38;2;90;115;115m[48;2;90;115;115m▀[0m[38;2;5;5;5m[48;2;5;5;5m▀[0m[38;2;32;90;156m[48;2;32;90;156m▀[0m[38;2;32;90;156m[48;2;32;90;156m▀[0m[38;2;32;90;156m[48;2;32;90;156m▀[0m[38;2;32;90;156m[48;2;121;104;121m▀[0m[38;2;121;104;121m[48;2;121;104;121m▀[0m[38;2;226;222;226m[48;2;226;222;226m▀[0m[38;2;226;222;226m[48;2;226;222;226m▀[0m[38;2;226;222;226m[48;2;226;222;226m▀[0m[38;2;169;117;97m[48;2;226;222;226m▀[0m[38;2;206;173;155m[48;2;169;117;97m▀[0m[38;2;206;173;155m[48;2;206;173;155m▀[0m[38;2;226;222;226m[48;2;170;159;170m▀[0m[38;2;5;5;5m[48;2;226;222;226m▀[0m[38;2;5;5;5m▄[0m   [38;2;5;5;5m▀[0m[38;2;32;90;156m[48;2;5;5;5m▀[0m[38;2;32;90;156m[48;2;32;90;156m▀[0m[38;2;32;90;156m[48;2;32;90;156m▀[0m[38;2;121;104;121m[48;2;121;104;121m▀[0m[38;2;170;159;170m[48;2;226;222;226m▀[0m[38;2;170;159;170m[48;2;226;222;226m▀[0m[38;2;226;222;226m[48;2;170;159;170m▀[0m[38;2;226;222;226m[48;2;170;159;170m▀[0m[38;2;206;173;155m[48;2;170;159;170m▀[0m[38;2;170;159;170m[48;2;206;173;155m▀[0m[38;2;226;222;226m[48;2;226;222;226m▀[0m[38;2;5;5;5m[48;2;226;222;226m▀[0m[38;2;5;5;5m▄[0m          
        [38;2;121;104;121m▄[0m[38;2;121;104;121m[48;2;170;159;170m▀[0m[38;2;170;159;170m[48;2;170;159;170m▀[0m[38;2;121;104;121m[48;2;5;5;5m▀[0m[38;2;5;5;5m[48;2;32;57;98m▀[0m[38;2;32;57;98m[48;2;32;57;98m▀[0m[38;2;32;57;98m[48;2;32;57;98m▀[0m[38;2;32;57;98m[48;2;32;57;98m▀[0m[38;2;32;57;98m[48;2;32;57;98m▀[0m[38;2;32;57;98m[48;2;32;57;98m▀[0m[38;2;32;57;98m[48;2;32;57;98m▀[0m[38;2;32;57;98m[48;2;32;57;98m▀[0m[38;2;32;57;98m[48;2;32;57;98m▀[0m[38;2;32;57;98m[48;2;32;57;98m▀[0m[38;2;32;57;98m[48;2;32;57;98m▀[0m[38;2;32;57;98m[48;2;32;57;98m▀[0m[38;2;32;57;98m[48;2;5;5;5m▀[0m[38;2;5;5;5m▀[0m   [38;2;5;5;5m[48;2;5;5;5m▀[0m[38;2;5;5;5m[48;2;121;104;121m▀[0m[38;2;5;5;5m[48;2;32;57;98m▀[0m[38;2;5;5;5m[48;2;32;57;98m▀[0m[38;2;5;5;5m[48;2;32;57;98m▀[0m[38;2;5;5;5m[48;2;32;57;98m▀[0m[38;2;5;5;5m[48;2;32;57;98m▀[0m[38;2;5;5;5m[48;2;32;57;98m▀[0m[38;2;5;5;5m[48;2;32;57;98m▀[0m[38;2;5;5;5m[48;2;5;5;5m▀[0m[38;2;32;90;156m[48;2;32;90;156m▀[0m[38;2;32;90;156m[48;2;32;90;156m▀[0m[38;2;121;104;121m[48;2;121;104;121m▀[0m[38;2;226;222;226m[48;2;226;222;226m▀[0m[38;2;170;159;170m[48;2;226;222;226m▀[0m[38;2;170;159;170m[48;2;226;222;226m▀[0m[38;2;226;222;226m[48;2;170;159;170m▀[0m[38;2;226;222;226m[48;2;170;159;170m▀[0m[38;2;226;222;226m[48;2;170;159;170m▀[0m[38;2;206;173;155m[48;2;170;159;170m▀[0m[38;2;170;159;170m[48;2;206;173;155m▀[0m[38;2;226;222;226m[48;2;226;222;226m▀[0m[38;2;5;5;5m[48;2;5;5;5m▀[0m    [38;2;5;5;5m▀[0m[38;2;32;57;98m[48;2;5;5;5m▀[0m[38;2;32;57;98m[48;2;32;57;98m▀[0m[38;2;32;57;98m[48;2;32;57;98m▀[0m[38;2;121;104;121m[48;2;121;104;121m▀[0m[38;2;226;222;226m[48;2;226;222;226m▀[0m[38;2;226;222;226m[48;2;226;222;226m▀[0m[38;2;226;222;226m[48;2;226;222;226m▀[0m[38;2;169;117;97m[48;2;226;222;226m▀[0m[38;2;206;173;155m[48;2;206;173;155m▀[0m[38;2;226;222;226m[48;2;226;222;226m▀[0m[38;2;226;222;226m[48;2;226;222;226m▀[0m[38;2;5;5;5m[48;2;5;5;5m▀[0m          
       [38;2;121;104;121m▄[0m[38;2;121;104;121m[48;2;170;159;170m▀[0m[38;2;170;159;170m[48;2;170;159;170m▀[0m[38;2;5;5;5m[48;2;5;5;5m▀[0m[38;2;32;57;98m[48;2;32;57;98m▀[0m[38;2;32;57;98m[48;2;32;57;98m▀[0m[38;2;32;57;98m[48;2;32;57;98m▀[0m[38;2;32;57;98m[48;2;32;57;98m▀[0m[38;2;32;57;98m[48;2;32;57;98m▀[0m[38;2;32;57;98m[48;2;32;57;98m▀[0m[38;2;32;57;98m[48;2;32;57;98m▀[0m[38;2;32;57;98m[48;2;32;57;98m▀[0m[38;2;32;57;98m[48;2;32;57;98m▀[0m[38;2;32;57;98m[48;2;32;57;98m▀[0m[38;2;32;57;98m[48;2;5;5;5m▀[0m[38;2;5;5;5m▀[0m[38;2;5;5;5m▀[0m    [38;2;5;5;5m[48;2;5;5;5m▀[0m[38;2;121;104;121m[48;2;5;5;5m▀[0m[38;2;5;5;5m[48;2;32;57;98m▀[0m[38;2;32;57;98m[48;2;32;57;98m▀[0m[38;2;32;57;98m[48;2;32;57;98m▀[0m[38;2;32;57;98m[48;2;32;57;98m▀[0m[38;2;32;57;98m[48;2;32;57;98m▀[0m[38;2;32;57;98m[48;2;32;57;98m▀[0m[38;2;32;57;98m[48;2;32;57;98m▀[0m[38;2;32;57;98m[48;2;32;57;98m▀[0m[38;2;32;57;98m[48;2;32;57;98m▀[0m[38;2;5;5;5m[48;2;5;5;5m▀[0m[38;2;32;90;156m[48;2;32;90;156m▀[0m[38;2;32;90;156m[48;2;32;90;156m▀[0m[38;2;121;104;121m[48;2;121;104;121m▀[0m[38;2;226;222;226m[48;2;226;222;226m▀[0m[38;2;226;222;226m[48;2;226;222;226m▀[0m[38;2;226;222;226m[48;2;226;222;226m▀[0m[38;2;226;222;226m[48;2;226;222;226m▀[0m[38;2;226;222;226m[48;2;226;222;226m▀[0m[38;2;206;173;155m[48;2;206;173;155m▀[0m[38;2;206;173;155m[48;2;169;117;97m▀[0m[38;2;226;222;226m[48;2;226;222;226m▀[0m[38;2;5;5;5m[48;2;5;5;5m▀[0m     [38;2;5;5;5m▀[0m[38;2;32;57;98m[48;2;5;5;5m▀[0m[38;2;32;57;98m[48;2;32;57;98m▀[0m[38;2;32;57;98m[48;2;32;57;98m▀[0m[38;2;121;104;121m[48;2;32;57;98m▀[0m[38;2;226;222;226m[48;2;121;104;121m▀[0m[38;2;226;222;226m[48;2;121;104;121m▀[0m[38;2;226;222;226m[48;2;226;222;226m▀[0m[38;2;226;222;226m[48;2;226;222;226m▀[0m[38;2;226;222;226m[48;2;226;222;226m▀[0m[38;2;121;104;121m[48;2;121;104;121m▀[0m[38;2;5;5;5m[48;2;5;5;5m▀[0m          
       [38;2;121;104;121m[48;2;121;104;121m▀[0m[38;2;170;159;170m[48;2;5;5;5m▀[0m[38;2;5;5;5m[48;2;32;57;98m▀[0m[38;2;32;57;98m[48;2;32;57;98m▀[0m[38;2;32;57;98m[48;2;32;57;98m▀[0m[38;2;32;57;98m[48;2;32;57;98m▀[0m[38;2;32;57;98m[48;2;32;57;98m▀[0m[38;2;32;57;98m[48;2;32;57;98m▀[0m[38;2;32;57;98m[48;2;32;57;98m▀[0m[38;2;32;57;98m[48;2;32;57;98m▀[0m[38;2;32;57;98m[48;2;32;57;98m▀[0m[38;2;32;57;98m[48;2;32;57;98m▀[0m[38;2;32;57;98m[48;2;5;5;5m▀[0m[38;2;5;5;5m▀[0m      [38;2;5;5;5m▄[0m[38;2;5;5;5m[48;2;169;117;97m▀[0m[38;2;32;57;98m[48;2;5;5;5m▀[0m[38;2;32;57;98m[48;2;32;57;98m▀[0m[38;2;32;57;98m[48;2;32;57;98m▀[0m[38;2;32;57;98m[48;2;32;57;98m▀[0m[38;2;32;57;98m[48;2;32;57;98m▀[0m[38;2;32;57;98m[48;2;32;57;98m▀[0m[38;2;32;57;98m[48;2;5;5;5m▀[0m[38;2;32;57;98m[48;2;5;5;5m▀[0m[38;2;32;57;98m[48;2;5;5;5m▀[0m[38;2;5;5;5m▀[0m [38;2;5;5;5m[48;2;5;5;5m▀[0m[38;2;32;90;156m[48;2;32;90;156m▀[0m[38;2;32;90;156m[48;2;32;90;156m▀[0m[38;2;121;104;121m[48;2;32;90;156m▀[0m[38;2;226;222;226m[48;2;121;104;121m▀[0m[38;2;226;222;226m[48;2;226;222;226m▀[0m[38;2;226;222;226m[48;2;226;222;226m▀[0m[38;2;226;222;226m[48;2;226;222;226m▀[0m[38;2;206;173;155m[48;2;169;117;97m▀[0m[38;2;226;222;226m[48;2;226;222;226m▀[0m[38;2;226;222;226m[48;2;5;5;5m▀[0m[38;2;5;5;5m[48;2;32;90;156m▀[0m[38;2;32;57;98m▄[0m      [38;2;5;5;5m▀[0m[38;2;32;57;98m[48;2;5;5;5m▀[0m[38;2;32;57;98m[48;2;32;57;98m▀[0m[38;2;32;57;98m[48;2;32;57;98m▀[0m[38;2;32;57;98m[48;2;32;57;98m▀[0m[38;2;121;104;121m[48;2;32;57;98m▀[0m[38;2;121;104;121m[48;2;32;57;98m▀[0m[38;2;121;104;121m[48;2;32;57;98m▀[0m[38;2;32;57;98m[48;2;32;57;98m▀[0m[38;2;5;5;5m[48;2;32;57;98m▀[0m[38;2;5;5;5m▄[0m         
     [38;2;169;117;97m▄[0m[38;2;5;5;5m[48;2;5;5;5m▀[0m[38;2;5;5;5m[48;2;32;57;98m▀[0m[38;2;32;57;98m[48;2;32;57;98m▀[0m[38;2;32;57;98m[48;2;32;57;98m▀[0m[38;2;32;57;98m[48;2;32;57;98m▀[0m[38;2;32;57;98m[48;2;32;57;98m▀[0m[38;2;32;57;98m[48;2;32;57;98m▀[0m[38;2;32;57;98m[48;2;32;57;98m▀[0m[38;2;32;57;98m[48;2;32;57;98m▀[0m[38;2;32;57;98m[48;2;32;57;98m▀[0m[38;2;32;57;98m[48;2;5;5;5m▀[0m[38;2;5;5;5m▀[0m[38;2;5;5;5m▀[0m       [38;2;5;5;5m▀[0m[38;2;169;117;97m[48;2;5;5;5m▀[0m[38;2;169;117;97m[48;2;5;5;5m▀[0m[38;2;5;5;5m[48;2;5;5;5m▀[0m[38;2;32;57;98m[48;2;5;5;5m▀[0m[38;2;32;57;98m[48;2;5;5;5m▀[0m[38;2;32;57;98m[48;2;5;5;5m▀[0m[38;2;5;5;5m▀[0m[38;2;5;5;5m▀[0m[38;2;5;5;5m▀[0m     [38;2;5;5;5m▀[0m[38;2;32;90;156m[48;2;5;5;5m▀[0m[38;2;32;90;156m[48;2;32;90;156m▀[0m[38;2;32;90;156m[48;2;32;90;156m▀[0m[38;2;121;104;121m[48;2;32;90;156m▀[0m[38;2;121;104;121m[48;2;32;90;156m▀[0m[38;2;226;222;226m[48;2;121;104;121m▀[0m[38;2;226;222;226m[48;2;121;104;121m▀[0m[38;2;226;222;226m[48;2;226;222;226m▀[0m[38;2;5;5;5m[48;2;32;90;156m▀[0m[38;2;32;90;156m[48;2;32;90;156m▀[0m[38;2;32;57;98m[48;2;32;90;156m▀[0m[38;2;32;57;98m▄[0m       [38;2;5;5;5m▀[0m[38;2;32;57;98m[48;2;5;5;5m▀[0m[38;2;32;57;98m[48;2;32;57;98m▀[0m[38;2;32;57;98m[48;2;32;57;98m▀[0m[38;2;32;57;98m[48;2;32;57;98m▀[0m[38;2;32;57;98m[48;2;32;57;98m▀[0m[38;2;32;57;98m[48;2;169;117;97m▀[0m[38;2;32;57;98m[48;2;169;117;97m▀[0m[38;2;32;57;98m[48;2;169;117;97m▀[0m[38;2;5;5;5m[48;2;169;117;97m▀[0m[38;2;5;5;5m▄[0m       
  [38;2;169;117;97m▄[0m[38;2;169;117;97m[48;2;206;173;155m▀[0m[38;2;169;117;97m[48;2;206;173;155m▀[0m[38;2;206;173;155m[48;2;206;173;155m▀[0m[38;2;169;117;97m[48;2;206;173;155m▀[0m[38;2;32;57;98m[48;2;169;117;97m▀[0m[38;2;32;57;98m[48;2;169;117;97m▀[0m[38;2;169;117;97m[48;2;206;173;155m▀[0m[38;2;169;117;97m[48;2;206;173;155m▀[0m[38;2;169;117;97m[48;2;206;173;155m▀[0m[38;2;32;57;98m[48;2;5;5;5m▀[0m[38;2;32;57;98m[48;2;5;5;5m▀[0m[38;2;5;5;5m▀[0m[38;2;5;5;5m▀[0m                           [38;2;5;5;5m▀[0m[38;2;32;90;156m[48;2;5;5;5m▀[0m[38;2;32;90;156m[48;2;32;90;156m▀[0m[38;2;32;90;156m[48;2;32;90;156m▀[0m[38;2;32;90;156m[48;2;32;90;156m▀[0m[38;2;32;90;156m[48;2;32;90;156m▀[0m[38;2;32;90;156m[48;2;32;90;156m▀[0m[38;2;32;90;156m[48;2;32;90;156m▀[0m[38;2;32;90;156m[48;2;32;90;156m▀[0m[38;2;32;90;156m[48;2;32;90;156m▀[0m[38;2;32;90;156m[48;2;169;117;97m▀[0m[38;2;5;5;5m[48;2;5;5;5m▀[0m        [38;2;5;5;5m▀[0m[38;2;5;5;5m▀[0m[38;2;32;57;98m[48;2;5;5;5m▀[0m[38;2;169;117;97m[48;2;5;5;5m▀[0m[38;2;206;173;155m[48;2;206;173;155m▀[0m[38;2;206;173;155m[48;2;206;173;155m▀[0m[38;2;169;117;97m[48;2;206;173;155m▀[0m[38;2;206;173;155m[48;2;169;117;97m▀[0m[38;2;206;173;155m[48;2;206;173;155m▀[0m[38;2;5;5;5m[48;2;5;5;5m▀[0m      
   [38;2;5;5;5m▀[0m[38;2;5;5;5m▀[0m[38;2;5;5;5m▀[0m[38;2;5;5;5m▀[0m[38;2;5;5;5m▀[0m[38;2;5;5;5m▀[0m[38;2;206;173;155m[48;2;5;5;5m▀[0m[38;2;206;173;155m[48;2;5;5;5m▀[0m[38;2;5;5;5m▀[0m                                [38;2;5;5;5m[48;2;5;5;5m▀[0m[38;2;169;117;97m[48;2;206;173;155m▀[0m[38;2;32;90;156m[48;2;169;117;97m▀[0m[38;2;32;90;156m[48;2;169;117;97m▀[0m[38;2;32;90;156m[48;2;32;90;156m▀[0m[38;2;32;90;156m[48;2;32;90;156m▀[0m[38;2;32;90;156m[48;2;169;117;97m▀[0m[38;2;169;117;97m[48;2;206;173;155m▀[0m[38;2;169;117;97m[48;2;206;173;155m▀[0m[38;2;206;173;155m[48;2;169;117;97m▀[0m[38;2;206;173;155m[48;2;206;173;155m▀[0m[38;2;5;5;5m[48;2;5;5;5m▀[0m           [38;2;5;5;5m▀[0m[38;2;5;5;5m▀[0m[38;2;5;5;5m▀[0m[38;2;5;5;5m▀[0m[38;2;5;5;5m▀[0m       
                                            [38;2;5;5;5m▀[0m[38;2;206;173;155m[48;2;5;5;5m▀[0m[38;2;206;173;155m[48;2;5;5;5m▀[0m[38;2;5;5;5m▀[0m[38;2;5;5;5m▀[0m[38;2;5;5;5m▀[0m[38;2;206;173;155m[48;2;5;5;5m▀[0m[38;2;206;173;155m[48;2;5;5;5m▀[0m[38;2;206;173;155m[48;2;206;173;155m▀[0m[38;2;206;173;155m[48;2;206;173;155m▀[0m[38;2;169;117;97m[48;2;206;173;155m▀[0m[38;2;206;173;155m[48;2;5;5;5m▀[0m[38;2;5;5;5m[48;2;5;5;5m▀[0m                      
                                                    [38;2;5;5;5m▀[0m[38;2;5;5;5m▀[0m[38;2;5;5;5m▀[0m[38;2;5;5;5m▀[0m                       
[0m