                                                [38;2;0;0;0m▄[0m[38;2;6;6;6m▄[0m[38;2;0;0;0m[48;2;113;113;113m▀[0m[38;2;5;5;5m[48;2;114;114;114m▀[0m[38;2;15;15;15m[48;2;20;20;20m▀[0m[38;2;16;16;16m[48;2;8;8;8m▀[0m                          
                                                [38;2;0;0;0m[48;2;0;0;0m▀[0m[38;2;4;4;4m[48;2;0;0;0m▀[0m[38;2;186;186;186m[48;2;179;179;179m▀[0m[38;2;230;230;230m[48;2;227;227;227m▀[0m[38;2;26;26;26m[48;2;26;26;26m▀[0m[38;2;0;0;0m[48;2;0;0;0m▀[0m                          
                                               [38;2;0;0;0m[48;2;0;0;0m▀[0m[38;2;57;57;57m[48;2;68;68;68m▀[0m[38;2;142;142;142m[48;2;255;255;255m▀[0m[38;2;144;144;144m[48;2;119;119;119m▀[0m[38;2;109;109;109m[48;2;0;0;0m▀[0m[38;2;23;23;23m▀[0m[38;2;0;0;0m▀[0m                          
                                             [38;2;0;0;0m▄[0m[38;2;5;5;5m▄[0m[38;2;0;0;0m[48;2;119;119;119m▀[0m[38;2;60;60;60m[48;2;157;157;157m▀[0m[38;2;254;254;254m[48;2;117;117;117m▀[0m[38;2;125;125;125m[48;2;76;76;76m▀[0m[38;2;0;0;0m[48;2;0;0;0m▀[0m[38;2;0;0;0m[48;2;0;0;0m▀[0m                           
                                             [38;2;0;0;0m[48;2;0;0;0m▀[0m[38;2;2;3;5m[48;2;1;2;5m▀[0m[38;2;179;180;182m[48;2;168;169;172m▀[0m[38;2;234;234;236m[48;2;224;225;227m▀[0m[38;2;15;16;16m[48;2;30;30;30m▀[0m[38;2;0;0;0m[48;2;0;0;0m▀[0m                             
                                       [38;2;0;0;0m▄[0m[38;2;0;0;14m▄[0m[38;2;0;0;17m▄[0m[38;2;12;12;12m▄[0m[38;2;110;93;17m▄[0m[38;2;109;93;16m[48;2;155;131;21m▀[0m[38;2;111;94;15m[48;2;174;151;26m▀[0m[38;2;76;64;12m[48;2;169;146;25m▀[0m[38;2;144;132;74m[48;2;148;125;11m▀[0m[38;2;167;156;103m[48;2;117;95;0m▀[0m[38;2;39;36;29m▀[0m[38;2;0;0;0m▀[0m                             
                                      [38;2;0;0;15m▄[0m[38;2;10;10;20m[48;2;35;32;18m▀[0m[38;2;11;12;15m[48;2;118;103;24m▀[0m[38;2;6;7;16m[48;2;144;124;27m▀[0m[38;2;26;24;15m[48;2;134;116;24m▀[0m[38;2;110;94;18m[48;2;118;101;18m▀[0m[38;2;203;173;30m[48;2;202;172;29m▀[0m[38;2;252;226;40m[48;2;255;227;40m▀[0m[38;2;253;222;39m[48;2;224;194;34m▀[0m[38;2;189;162;28m[48;2;161;138;24m▀[0m[38;2;116;100;17m[48;2;113;96;17m▀[0m[38;2;113;113;28m[48;2;118;101;17m▀[0m[38;2;134;115;13m▄[0m                             
                                      [38;2;0;0;13m[48;2;0;0;14m▀[0m[38;2;34;32;19m[48;2;37;34;19m▀[0m[38;2;183;157;29m[48;2;174;150;28m▀[0m[38;2;209;179;29m[48;2;161;138;23m▀[0m[38;2;181;155;26m[48;2;142;121;21m▀[0m[38;2;159;136;24m[48;2;241;207;36m▀[0m[38;2;214;187;32m[48;2;255;229;40m▀[0m[38;2;252;216;38m[48;2;243;209;36m▀[0m[38;2;191;164;29m[48;2;193;166;29m▀[0m[38;2;167;143;25m[48;2;224;192;34m▀[0m[38;2;163;142;25m[48;2;254;226;39m▀[0m[38;2;174;151;26m[48;2;254;226;39m▀[0m[38;2;119;104;22m[48;2;111;97;26m▀[0m[38;2;0;0;14m[48;2;0;0;14m▀[0m[38;2;0;0;0m[48;2;0;0;28m▀[0m                           
                                    [38;2;0;0;15m[48;2;0;0;9m▀[0m[38;2;3;5;15m[48;2;3;5;15m▀[0m[38;2;84;73;21m[48;2;110;96;24m▀[0m[38;2;153;131;27m[48;2;214;183;31m▀[0m[38;2;190;163;29m[48;2;199;171;30m▀[0m[38;2;152;130;23m[48;2;147;127;23m▀[0m[38;2;141;120;21m[48;2;142;121;21m▀[0m[38;2;249;214;37m[48;2;251;215;38m▀[0m[38;2;235;205;36m[48;2;222;190;34m▀[0m[38;2;210;181;32m[48;2;191;164;29m▀[0m[38;2;233;200;35m[48;2;254;218;38m▀[0m[38;2;249;215;37m[48;2;255;228;39m▀[0m[38;2;255;232;39m[48;2;241;210;37m▀[0m[38;2;255;245;41m[48;2;187;166;33m▀[0m[38;2;122;106;28m[48;2;94;83;24m▀[0m[38;2;0;0;13m[48;2;0;0;14m▀[0m[38;2;0;0;25m[48;2;0;0;42m▀[0m                           
                                    [38;2;0;0;10m[48;2;0;0;0m▀[0m[38;2;3;5;15m[48;2;0;0;14m▀[0m[38;2;102;89;23m[48;2;95;83;22m▀[0m[38;2;202;173;30m[48;2;202;173;30m▀[0m[38;2;197;169;30m[48;2;194;167;29m▀[0m[38;2;150;129;23m[48;2;184;158;28m▀[0m[38;2;143;122;21m[48;2;169;145;25m▀[0m[38;2;245;210;37m[48;2;150;129;22m▀[0m[38;2;223;192;34m[48;2;197;169;30m▀[0m[38;2;197;169;30m[48;2;239;211;37m▀[0m[38;2;250;215;37m[48;2;254;218;38m▀[0m[38;2;255;236;40m[48;2;255;244;41m▀[0m[38;2;210;181;34m[48;2;224;193;36m▀[0m[38;2;28;27;18m[48;2;25;24;19m▀[0m[38;2;0;0;12m[48;2;0;0;12m▀[0m                             
                                   [38;2;0;0;13m[48;2;0;0;15m▀[0m[38;2;27;25;17m[48;2;34;32;18m▀[0m[38;2;64;57;19m[48;2;170;147;27m▀[0m[38;2;136;117;25m[48;2;204;175;30m▀[0m[38;2;198;169;30m[48;2;191;164;29m▀[0m[38;2;192;165;29m[48;2;191;164;29m▀[0m[38;2;194;167;30m[48;2;188;161;28m▀[0m[38;2;187;161;28m[48;2;202;174;30m▀[0m[38;2;159;137;24m[48;2;252;216;37m▀[0m[38;2;212;183;32m[48;2;255;223;39m▀[0m[38;2;255;229;39m[48;2;255;223;38m▀[0m[38;2;255;223;38m[48;2;255;228;39m▀[0m[38;2;209;189;35m[48;2;115;100;26m▀[0m[38;2;148;128;27m[48;2;0;0;13m▀[0m[38;2;29;27;17m[48;2;0;0;28m▀[0m[38;2;0;0;11m▀[0m                             
                                   [38;2;0;0;15m[48;2;0;0;7m▀[0m[38;2;35;33;19m[48;2;21;20;11m▀[0m[38;2;183;157;28m[48;2;104;90;16m▀[0m[38;2;218;187;30m[48;2;127;109;23m▀[0m[38;2;200;171;28m[48;2;136;118;28m▀[0m[38;2;189;163;28m[48;2;186;160;28m▀[0m[38;2;214;184;33m[48;2;240;206;34m▀[0m[38;2;243;211;37m[48;2;255;233;40m▀[0m[38;2;255;221;38m[48;2;255;220;38m▀[0m[38;2;255;220;38m[48;2;255;225;39m▀[0m[38;2;255;226;38m[48;2;243;212;37m▀[0m[38;2;255;242;41m[48;2;173;155;31m▀[0m[38;2;123;107;27m[48;2;94;82;24m▀[0m[38;2;0;0;12m[48;2;0;0;13m▀[0m[38;2;0;0;31m[48;2;0;0;28m▀[0m                              
                                [38;2;0;0;63m[48;2;23;23;26m▀[0m[38;2;23;23;23m[48;2;27;27;28m▀[0m[38;2;23;23;23m[48;2;20;20;20m▀[0m[38;2;20;20;22m[48;2;70;70;77m▀[0m[38;2;22;22;23m[48;2;117;117;131m▀[0m[38;2;16;16;21m[48;2;110;111;126m▀[0m[38;2;16;19;33m[48;2;114;115;133m▀[0m[38;2;54;51;43m[48;2;108;107;119m▀[0m[38;2;164;141;31m[48;2;66;61;40m▀[0m[38;2;223;192;33m[48;2;51;46;22m▀[0m[38;2;247;215;39m[48;2;102;90;31m▀[0m[38;2;255;219;38m[48;2;255;219;37m▀[0m[38;2;255;233;39m[48;2;255;226;34m▀[0m[38;2;212;183;34m[48;2;175;150;25m▀[0m[38;2;27;25;17m[48;2;20;19;12m▀[0m[38;2;0;0;12m[48;2;0;0;5m▀[0m                                
                             [38;2;0;0;0m▄[0m[38;2;32;32;32m▄[0m[38;2;12;12;12m[48;2;33;33;36m▀[0m[38;2;57;57;62m[48;2;89;89;97m▀[0m[38;2;83;83;91m[48;2;147;147;163m▀[0m[38;2;77;77;84m[48;2;145;145;161m▀[0m[38;2;110;110;122m[48;2;141;141;156m▀[0m[38;2;150;150;167m[48;2;138;138;153m▀[0m[38;2;147;147;164m[48;2;138;138;153m▀[0m[38;2;151;150;166m[48;2;138;138;153m▀[0m[38;2;136;136;152m[48;2;139;139;154m▀[0m[38;2;76;78;94m[48;2;142;142;157m▀[0m[38;2;54;57;84m[48;2;150;150;165m▀[0m[38;2;77;75;77m[48;2;126;127;142m▀[0m[38;2;153;133;36m[48;2;42;44;56m▀[0m[38;2;157;135;33m[48;2;38;40;49m▀[0m[38;2;117;104;44m[48;2;66;67;76m▀[0m[38;2;55;54;53m[48;2;96;96;106m▀[0m[38;2;27;27;34m[48;2;56;56;61m▀[0m[38;2;0;0;0m[48;2;15;15;13m▀[0m[38;2;16;16;16m▄[0m[38;2;0;0;0m▄[0m                             
                            [38;2;11;11;11m▄[0m[38;2;10;10;7m[48;2;52;52;56m▀[0m[38;2;34;34;36m[48;2;90;90;99m▀[0m[38;2;102;102;113m[48;2;143;143;158m▀[0m[38;2;138;138;153m[48;2;137;137;151m▀[0m[38;2;146;146;162m[48;2;102;102;112m▀[0m[38;2;147;147;163m[48;2;94;94;103m▀[0m[38;2;146;146;162m[48;2;92;92;101m▀[0m[38;2;145;145;161m[48;2;93;93;102m▀[0m[38;2;145;145;161m[48;2;92;92;101m▀[0m[38;2;144;144;160m[48;2;96;96;105m▀[0m[38;2;143;143;158m[48;2;110;110;121m▀[0m[38;2;140;140;156m[48;2;140;140;155m▀[0m[38;2;141;141;156m[48;2;143;143;158m▀[0m[38;2;137;137;153m[48;2;139;139;154m▀[0m[38;2;120;121;138m[48;2;146;146;162m▀[0m[38;2;95;96;109m[48;2;130;130;144m▀[0m[38;2;81;82;92m[48;2;109;109;121m▀[0m[38;2;93;93;104m[48;2;93;93;104m▀[0m[38;2;90;90;100m[48;2;97;97;108m▀[0m[38;2;66;66;72m[48;2;90;90;99m▀[0m[38;2;15;15;14m[48;2;55;55;60m▀[0m[38;2;0;0;0m[48;2;27;27;30m▀[0m[38;2;0;0;0m▄[0m                            
                          [38;2;0;0;0m[48;2;11;11;7m▀[0m[38;2;31;31;31m[48;2;33;33;34m▀[0m[38;2;35;35;37m[48;2;104;104;114m▀[0m[38;2;88;88;98m[48;2;144;144;160m▀[0m[38;2;147;147;163m[48;2;141;141;157m▀[0m[38;2;139;139;155m[48;2;70;70;77m▀[0m[38;2;98;97;106m[48;2;38;35;36m▀[0m[38;2;50;49;50m[48;2;35;29;29m▀[0m[38;2;34;34;35m[48;2;35;33;35m▀[0m[38;2;29;29;30m[48;2;34;35;37m▀[0m[38;2;31;31;32m[48;2;34;35;36m▀[0m[38;2;29;29;30m[48;2;34;35;37m▀[0m[38;2;37;37;38m[48;2;34;31;31m▀[0m[38;2;64;63;67m[48;2;37;31;31m▀[0m[38;2;120;119;132m[48;2;43;43;45m▀[0m[38;2;139;139;153m[48;2;101;101;111m▀[0m[38;2;139;139;154m[48;2;149;149;166m▀[0m[38;2;138;138;153m[48;2;140;140;155m▀[0m[38;2;142;142;158m[48;2;141;141;156m▀[0m[38;2;132;132;147m[48;2;130;130;145m▀[0m[38;2;95;95;106m[48;2;92;92;103m▀[0m[38;2;89;89;98m[48;2;89;89;97m▀[0m[38;2;95;95;105m[48;2;93;93;103m▀[0m[38;2;98;98;109m[48;2;94;94;104m▀[0m[38;2;54;54;59m[48;2;90;90;101m▀[0m[38;2;16;16;15m[48;2;67;67;74m▀[0m[38;2;15;15;15m[48;2;18;18;19m▀[0m[38;2;0;0;0m[48;2;6;6;6m▀[0m                          
                        [38;2;0;0;0m[48;2;85;85;85m▀[0m[38;2;27;27;27m[48;2;25;25;25m▀[0m[38;2;59;59;63m[48;2;78;78;85m▀[0m[38;2;92;92;100m[48;2;147;147;162m▀[0m[38;2;138;138;153m[48;2;150;150;166m▀[0m[38;2;130;130;144m[48;2;95;95;104m▀[0m[38;2;83;83;91m[48;2;25;25;25m▀[0m[38;2;38;34;36m[48;2;29;22;20m▀[0m[38;2;37;61;69m[48;2;57;110;129m▀[0m[38;2;53;103;121m[48;2;78;188;224m▀[0m[38;2;39;49;54m[48;2;43;64;72m▀[0m[38;2;35;31;32m[48;2;32;24;24m▀[0m[38;2;36;36;38m[48;2;35;34;36m▀[0m[38;2;35;32;33m[48;2;33;25;25m▀[0m[38;2;46;74;85m[48;2;59;121;142m▀[0m[38;2;51;99;116m[48;2;77;182;218m▀[0m[38;2;29;36;38m[48;2;42;57;63m▀[0m[38;2;56;53;56m[48;2;23;16;15m▀[0m[38;2;99;99;109m[48;2;44;44;47m▀[0m[38;2;134;134;148m[48;2;127;127;141m▀[0m[38;2;142;142;158m[48;2;144;144;160m▀[0m[38;2;134;134;149m[48;2;140;140;155m▀[0m[38;2;117;117;130m[48;2;143;143;158m▀[0m[38;2;100;100;111m[48;2;112;112;125m▀[0m[38;2;90;90;100m[48;2;88;88;97m▀[0m[38;2;92;92;102m[48;2;92;92;102m▀[0m[38;2;101;101;112m[48;2;96;96;107m▀[0m[38;2;79;79;88m[48;2;78;78;86m▀[0m[38;2;16;16;16m[48;2;28;28;30m▀[0m[38;2;0;0;0m[48;2;13;13;16m▀[0m[38;2;0;0;0m▄[0m                         
                       [38;2;0;0;0m▄[0m[38;2;26;26;26m▄[0m[38;2;19;19;18m[48;2;75;75;82m▀[0m[38;2;72;72;78m[48;2;112;112;123m▀[0m[38;2;142;142;157m[48;2;139;139;154m▀[0m[38;2;149;149;165m[48;2;143;143;158m▀[0m[38;2;95;95;104m[48;2;122;122;135m▀[0m[38;2;25;25;25m[48;2;83;83;92m▀[0m[38;2;29;22;20m[48;2;38;35;36m▀[0m[38;2;57;110;130m[48;2;31;55;63m▀[0m[38;2;77;187;223m[48;2;53;102;119m▀[0m[38;2;39;60;68m[48;2;82;92;102m▀[0m[38;2;27;19;18m[48;2;92;88;96m▀[0m[38;2;30;29;30m[48;2;89;89;98m▀[0m[38;2;28;20;19m[48;2;91;88;96m▀[0m[38;2;56;118;139m[48;2;71;99;112m▀[0m[38;2;77;183;218m[48;2;44;91;107m▀[0m[38;2;42;57;63m[48;2;28;35;37m▀[0m[38;2;23;16;15m[48;2;56;53;56m▀[0m[38;2;44;44;47m[48;2;99;99;109m▀[0m[38;2;127;127;141m[48;2;134;134;148m▀[0m[38;2;144;144;160m[48;2;141;141;156m▀[0m[38;2;139;139;154m[48;2;138;138;153m▀[0m[38;2;141;141;156m[48;2;139;139;154m▀[0m[38;2;110;110;122m[48;2;127;127;141m▀[0m[38;2;87;87;95m[48;2;110;110;121m▀[0m[38;2;92;92;102m[48;2;94;94;104m▀[0m[38;2;93;93;103m[48;2;91;91;100m▀[0m[38;2;92;92;102m[48;2;94;94;104m▀[0m[38;2;85;85;94m[48;2;98;98;108m▀[0m[38;2;39;39;42m[48;2;75;75;82m▀[0m[38;2;3;3;1m[48;2;45;45;48m▀[0m[38;2;17;17;17m▄[0m[38;2;5;5;5m▄[0m                       
                     [38;2;0;0;0m▄[0m[38;2;28;28;28m[48;2;25;25;25m▀[0m[38;2;40;40;42m[48;2;70;70;77m▀[0m[38;2;56;56;60m[48;2;131;131;145m▀[0m[38;2;124;124;137m[48;2;139;139;154m▀[0m[38;2;148;148;165m[48;2;139;139;154m▀[0m[38;2;138;138;153m[48;2;138;138;153m▀[0m[38;2;137;137;152m[48;2;138;138;153m▀[0m[38;2;145;145;161m[48;2;139;139;154m▀[0m[38;2;139;139;155m[48;2;138;138;153m▀[0m[38;2;68;69;76m[48;2;130;130;144m▀[0m[38;2;38;35;37m[48;2;130;130;144m▀[0m[38;2;57;51;53m[48;2;136;135;149m▀[0m[38;2;130;129;143m[48;2;143;143;159m▀[0m[38;2;153;153;170m[48;2;146;146;162m▀[0m[38;2;147;147;163m[48;2;145;145;161m▀[0m[38;2;152;152;169m[48;2;146;146;162m▀[0m[38;2;99;95;104m[48;2;137;137;151m▀[0m[38;2;42;36;37m[48;2;127;127;140m▀[0m[38;2;44;43;46m[48;2;128;128;142m▀[0m[38;2;100;100;110m[48;2;134;134;149m▀[0m[38;2;149;149;166m[48;2;139;139;154m▀[0m[38;2;140;140;155m[48;2;138;138;153m▀[0m[38;2;138;138;153m[48;2;138;138;153m▀[0m[38;2;138;138;153m[48;2;138;138;153m▀[0m[38;2;138;138;153m[48;2;138;138;153m▀[0m[38;2;143;143;159m[48;2;141;141;157m▀[0m[38;2;132;132;146m[48;2;129;129;143m▀[0m[38;2;95;95;105m[48;2;95;95;105m▀[0m[38;2;90;90;99m[48;2;90;90;99m▀[0m[38;2;92;92;102m[48;2;92;92;102m▀[0m[38;2;92;92;102m[48;2;92;92;102m▀[0m[38;2;101;101;112m[48;2;99;99;109m▀[0m[38;2;78;78;85m[48;2;74;74;80m▀[0m[38;2;18;18;18m[48;2;14;14;14m▀[0m[38;2;5;5;2m[48;2;0;0;0m▀[0m                       
                    [38;2;19;19;19m▄[0m[38;2;33;33;38m▄[0m[38;2;18;18;17m[48;2;45;45;47m▀[0m[38;2;71;71;77m[48;2;85;85;93m▀[0m[38;2;146;146;162m[48;2;140;140;155m▀[0m[38;2;143;143;158m[48;2;140;140;155m▀[0m[38;2;138;138;153m[48;2;138;138;153m▀[0m[38;2;138;138;153m[48;2;138;138;153m▀[0m[38;2;138;138;153m[48;2;138;138;153m▀[0m[38;2;137;137;152m[48;2;140;140;155m▀[0m[38;2;139;139;154m[48;2;139;139;154m▀[0m[38;2;154;154;171m[48;2;128;128;142m▀[0m[38;2;121;121;133m[48;2;71;71;77m▀[0m[38;2;71;71;78m[48;2;7;7;5m▀[0m[38;2;69;69;75m[48;2;9;9;9m▀[0m[38;2;69;69;75m[48;2;11;11;11m▀[0m[38;2;68;68;75m[48;2;10;10;10m▀[0m[38;2;64;64;70m[48;2;4;4;4m▀[0m[38;2;110;110;121m[48;2;61;61;66m▀[0m[38;2;156;156;173m[48;2;125;125;139m▀[0m[38;2;146;146;162m[48;2;139;139;154m▀[0m[38;2;140;140;156m[48;2;140;140;156m▀[0m[38;2;138;138;153m[48;2;138;138;153m▀[0m[38;2;138;138;153m[48;2;138;138;153m▀[0m[38;2;138;138;153m[48;2;138;138;153m▀[0m[38;2;138;138;153m[48;2;138;138;153m▀[0m[38;2;138;138;153m[48;2;138;138;153m▀[0m[38;2;141;141;157m[48;2;140;140;156m▀[0m[38;2;128;128;142m[48;2;131;131;145m▀[0m[38;2;92;92;102m[48;2;103;103;114m▀[0m[38;2;89;89;97m[48;2;93;93;103m▀[0m[38;2;92;92;102m[48;2;91;91;101m▀[0m[38;2;92;92;102m[48;2;92;92;102m▀[0m[38;2;95;95;105m[48;2;92;92;102m▀[0m[38;2;85;85;94m[48;2;95;95;107m▀[0m[38;2;60;60;65m[48;2;98;98;109m▀[0m[38;2;34;34;37m[48;2;44;44;48m▀[0m[38;2;7;7;7m[48;2;6;6;5m▀[0m[38;2;0;0;0m▀[0m                     
                    [38;2;24;24;24m[48;2;11;11;11m▀[0m[38;2;37;37;38m[48;2;32;32;33m▀[0m[38;2;107;107;118m[48;2;114;114;126m▀[0m[38;2;141;141;156m[48;2;150;150;166m▀[0m[38;2;138;138;153m[48;2;138;138;153m▀[0m[38;2;138;138;153m[48;2;138;138;153m▀[0m[38;2;138;138;153m[48;2;138;138;153m▀[0m[38;2;138;138;153m[48;2;138;138;153m▀[0m[38;2;138;138;153m[48;2;151;151;167m▀[0m[38;2;146;146;162m[48;2;117;117;130m▀[0m[38;2;136;136;151m[48;2;59;59;64m▀[0m[38;2;46;46;49m[48;2;27;27;28m▀[0m[38;2;20;20;20m[48;2;25;25;26m▀[0m[38;2;35;35;36m[48;2;38;38;40m▀[0m[38;2;34;34;36m[48;2;37;37;39m▀[0m[38;2;34;34;36m[48;2;37;37;39m▀[0m[38;2;34;34;36m[48;2;37;37;39m▀[0m[38;2;35;35;36m[48;2;38;38;40m▀[0m[38;2;22;22;22m[48;2;27;27;28m▀[0m[38;2;37;37;40m[48;2;25;25;26m▀[0m[38;2;130;130;143m[48;2;56;56;62m▀[0m[38;2;147;147;164m[48;2;106;106;116m▀[0m[38;2;138;138;153m[48;2;143;143;158m▀[0m[38;2;138;138;153m[48;2;139;139;154m▀[0m[38;2;138;138;153m[48;2;138;138;153m▀[0m[38;2;138;138;153m[48;2;138;138;153m▀[0m[38;2;138;138;153m[48;2;138;138;153m▀[0m[38;2;138;138;153m[48;2;138;138;153m▀[0m[38;2;138;138;153m[48;2;140;140;155m▀[0m[38;2;137;137;152m[48;2;142;142;158m▀[0m[38;2;109;109;120m[48;2;111;111;123m▀[0m[38;2;89;89;98m[48;2;89;89;98m▀[0m[38;2;92;92;102m[48;2;92;92;102m▀[0m[38;2;92;92;102m[48;2;92;92;102m▀[0m[38;2;94;94;105m[48;2;93;93;103m▀[0m[38;2;93;93;103m[48;2;92;92;102m▀[0m[38;2;40;40;44m[48;2;75;75;83m▀[0m[38;2;4;4;2m[48;2;50;50;55m▀[0m[38;2;16;16;16m▄[0m[38;2;5;5;5m▄[0m                    
                   [38;2;28;28;28m[48;2;25;25;25m▀[0m[38;2;45;45;47m[48;2;68;68;74m▀[0m[38;2;58;58;62m[48;2;134;134;149m▀[0m[38;2;117;117;130m[48;2;140;140;155m▀[0m[38;2;144;144;159m[48;2;138;138;153m▀[0m[38;2;138;138;153m[48;2;138;138;153m▀[0m[38;2;138;138;153m[48;2;138;138;153m▀[0m[38;2;139;139;154m[48;2;144;144;159m▀[0m[38;2;137;137;152m[48;2;133;133;148m▀[0m[38;2;126;126;140m[48;2;46;46;49m▀[0m[38;2;70;70;77m[48;2;18;18;19m▀[0m[38;2;10;10;8m[48;2;36;36;37m▀[0m[38;2;31;31;32m[48;2;36;36;38m▀[0m[38;2;38;38;41m[48;2;36;36;38m▀[0m[38;2;36;36;38m[48;2;36;36;38m▀[0m[38;2;36;36;38m[48;2;36;36;38m▀[0m[38;2;36;36;38m[48;2;36;36;38m▀[0m[38;2;36;36;38m[48;2;36;36;38m▀[0m[38;2;36;36;38m[48;2;36;36;38m▀[0m[38;2;38;38;40m[48;2;37;37;39m▀[0m[38;2;32;32;34m[48;2;32;32;34m▀[0m[38;2;2;2;1m[48;2;10;10;10m▀[0m[38;2;75;75;81m[48;2;80;80;87m▀[0m[38;2;149;149;165m[48;2;150;150;165m▀[0m[38;2;139;139;154m[48;2;139;139;154m▀[0m[38;2;138;138;153m[48;2;138;138;153m▀[0m[38;2;138;138;153m[48;2;138;138;153m▀[0m[38;2;138;138;153m[48;2;138;138;153m▀[0m[38;2;138;138;153m[48;2;138;138;153m▀[0m[38;2;139;139;154m[48;2;139;139;154m▀[0m[38;2;140;140;155m[48;2;140;140;155m▀[0m[38;2;109;109;121m[48;2;109;109;121m▀[0m[38;2;88;88;97m[48;2;88;88;97m▀[0m[38;2;92;92;102m[48;2;92;92;102m▀[0m[38;2;92;92;102m[48;2;92;92;102m▀[0m[38;2;92;92;102m[48;2;92;92;102m▀[0m[38;2;92;92;102m[48;2;92;92;102m▀[0m[38;2;102;102;113m[48;2;98;98;108m▀[0m[38;2;76;76;84m[48;2;71;71;78m▀[0m[38;2;16;16;16m[48;2;15;15;14m▀[0m[38;2;3;3;3m[48;2;3;3;3m▀[0m                    
          [38;2;7;7;7m▄[0m[38;2;0;0;0m[48;2;33;33;36m▀[0m[38;2;1;1;0m[48;2;44;44;47m▀[0m[38;2;3;3;0m[48;2;48;48;52m▀[0m[38;2;1;1;0m[48;2;47;47;50m▀[0m[38;2;1;1;0m[48;2;46;46;50m▀[0m[38;2;0;0;0m[48;2;29;29;29m▀[0m[38;2;0;0;0m▄[0m[38;2;34;34;38m▄[0m[38;2;16;16;16m[48;2;50;50;54m▀[0m[38;2;66;66;72m[48;2;87;87;95m▀[0m[38;2;144;144;160m[48;2;139;139;154m▀[0m[38;2;143;143;159m[48;2;140;140;156m▀[0m[38;2;138;138;153m[48;2;138;138;153m▀[0m[38;2;138;138;153m[48;2;138;138;153m▀[0m[38;2;137;137;152m[48;2;140;140;155m▀[0m[38;2;148;148;163m[48;2;132;132;146m▀[0m[38;2;141;141;158m[48;2;105;105;116m▀[0m[38;2;37;37;39m[48;2;38;38;41m▀[0m[38;2;10;10;9m[48;2;20;20;21m▀[0m[38;2;38;38;40m[48;2;37;37;39m▀[0m[38;2;36;36;38m[48;2;36;36;38m▀[0m[38;2;36;36;38m[48;2;36;36;38m▀[0m[38;2;36;36;38m[48;2;36;36;38m▀[0m[38;2;36;36;38m[48;2;36;36;38m▀[0m[38;2;36;36;38m[48;2;36;36;38m▀[0m[38;2;36;36;38m[48;2;36;36;38m▀[0m[38;2;36;36;38m[48;2;36;36;38m▀[0m[38;2;36;36;38m[48;2;37;37;39m▀[0m[38;2;35;35;37m[48;2;36;36;38m▀[0m[38;2;30;30;31m[48;2;39;39;42m▀[0m[38;2;42;42;44m[48;2;10;10;10m▀[0m[38;2;74;74;81m[48;2;25;25;26m▀[0m[38;2;131;131;145m[48;2;129;129;143m▀[0m[38;2;142;142;158m[48;2;147;147;164m▀[0m[38;2;138;138;153m[48;2;138;138;153m▀[0m[38;2;138;138;153m[48;2;138;138;153m▀[0m[38;2;138;138;153m[48;2;138;138;153m▀[0m[38;2;138;138;153m[48;2;138;138;153m▀[0m[38;2;139;139;154m[48;2;138;138;153m▀[0m[38;2;129;129;144m[48;2;143;143;160m▀[0m[38;2;113;113;126m[48;2;131;131;145m▀[0m[38;2;93;93;103m[48;2;93;93;103m▀[0m[38;2;91;91;101m[48;2;89;89;99m▀[0m[38;2;92;92;102m[48;2;92;92;102m▀[0m[38;2;92;92;102m[48;2;92;92;102m▀[0m[38;2;94;94;104m[48;2;92;92;102m▀[0m[38;2;86;86;95m[48;2;97;97;107m▀[0m[38;2;64;64;71m[48;2;97;97;109m▀[0m[38;2;35;35;37m[48;2;41;41;44m▀[0m[38;2;9;9;6m[48;2;6;6;4m▀[0m  [38;2;0;0;0m▄[0m[38;2;0;0;0m▄[0m[38;2;4;4;4m▄[0m[38;2;8;8;8m▄[0m[38;2;4;4;4m▄[0m[38;2;0;0;0m▄[0m           
        [38;2;23;23;23m▄[0m[38;2;31;31;33m▄[0m[38;2;22;22;22m[48;2;80;80;88m▀[0m[38;2;59;59;64m[48;2;119;119;132m▀[0m[38;2;131;131;146m[48;2;142;142;157m▀[0m[38;2;140;140;155m[48;2;145;145;161m▀[0m[38;2;139;139;154m[48;2;145;145;160m▀[0m[38;2;137;137;152m[48;2;144;144;160m▀[0m[38;2;52;52;57m[48;2;118;118;129m▀[0m[38;2;7;7;6m[48;2;74;74;81m▀[0m[38;2;34;34;36m[48;2;35;35;37m▀[0m[38;2;106;106;117m[48;2;108;108;119m▀[0m[38;2;144;144;160m[48;2;149;149;166m▀[0m[38;2;138;138;153m[48;2;138;138;153m▀[0m[38;2;138;138;153m[48;2;138;138;153m▀[0m[38;2;138;138;153m[48;2;138;138;153m▀[0m[38;2;138;138;153m[48;2;138;138;153m▀[0m[38;2;147;147;163m[48;2;155;155;172m▀[0m[38;2;94;94;104m[48;2;97;97;107m▀[0m[38;2;16;16;16m[48;2;6;6;5m▀[0m[38;2;29;29;30m[48;2;28;28;29m▀[0m[38;2;36;36;39m[48;2;38;38;41m▀[0m[38;2;36;36;38m[48;2;36;36;38m▀[0m[38;2;36;36;38m[48;2;36;36;38m▀[0m[38;2;36;36;38m[48;2;36;36;38m▀[0m[38;2;36;36;38m[48;2;36;36;38m▀[0m[38;2;36;36;38m[48;2;36;36;38m▀[0m[38;2;36;36;38m[48;2;36;36;38m▀[0m[38;2;36;36;38m[48;2;36;36;38m▀[0m[38;2;36;36;38m[48;2;37;37;39m▀[0m[38;2;38;38;40m[48;2;36;36;39m▀[0m[38;2;37;37;38m[48;2;38;38;38m▀[0m[38;2;48;48;60m▀[0m[38;2;0;0;0m[48;2;0;0;0m▀[0m[38;2;35;35;37m[48;2;27;27;27m▀[0m[38;2;129;129;143m[48;2;51;51;55m▀[0m[38;2;146;146;162m[48;2;105;105;115m▀[0m[38;2;138;138;153m[48;2;143;143;159m▀[0m[38;2;138;138;153m[48;2;139;139;154m▀[0m[38;2;138;138;153m[48;2;138;138;153m▀[0m[38;2;138;138;153m[48;2;138;138;153m▀[0m[38;2;138;138;153m[48;2;138;138;153m▀[0m[38;2;141;141;157m[48;2;139;139;154m▀[0m[38;2;128;128;142m[48;2;135;135;150m▀[0m[38;2;93;93;103m[48;2;124;124;137m▀[0m[38;2;90;90;100m[48;2;103;103;113m▀[0m[38;2;92;92;102m[48;2;90;90;99m▀[0m[38;2;92;92;102m[48;2;92;92;102m▀[0m[38;2;92;92;102m[48;2;92;92;102m▀[0m[38;2;95;95;105m[48;2;93;93;103m▀[0m[38;2;92;92;103m[48;2;92;92;102m▀[0m[38;2;39;39;42m[48;2;79;79;87m▀[0m[38;2;7;7;5m[48;2;50;50;54m▀[0m[38;2;3;3;0m▄[0m[38;2;0;0;0m▄[0m[38;2;13;13;13m[48;2;43;43;46m▀[0m[38;2;13;13;13m[48;2;98;98;108m▀[0m[38;2;14;14;14m[48;2;75;75;81m▀[0m[38;2;15;15;15m[48;2;65;65;72m▀[0m[38;2;13;13;13m[48;2;65;65;71m▀[0m[38;2;10;10;10m[48;2;25;25;26m▀[0m[38;2;0;0;0m▄[0m          
        [38;2;22;17;17m[48;2;27;27;21m▀[0m[38;2;31;27;28m[48;2;31;30;32m▀[0m[38;2;107;106;116m[48;2;100;100;110m▀[0m[38;2;153;154;171m[48;2;145;146;162m▀[0m[38;2;138;138;153m[48;2;138;138;153m▀[0m[38;2;137;137;152m[48;2;138;138;153m▀[0m[38;2;138;138;153m[48;2;138;138;153m▀[0m[38;2;138;138;153m[48;2;138;138;153m▀[0m[38;2;152;152;168m[48;2;144;144;160m▀[0m[38;2;115;115;127m[48;2;114;114;126m▀[0m[38;2;40;40;42m[48;2;60;60;63m▀[0m[38;2;104;104;115m[48;2;112;112;123m▀[0m[38;2;146;146;162m[48;2;144;144;160m▀[0m[38;2;138;138;153m[48;2;138;138;153m▀[0m[38;2;138;138;153m[48;2;138;138;153m▀[0m[38;2;139;139;155m[48;2;143;143;159m▀[0m[38;2;137;137;152m[48;2;135;135;150m▀[0m[38;2;119;119;132m[48;2;45;45;49m▀[0m[38;2;72;72;79m[48;2;15;15;15m▀[0m[38;2;19;19;20m[48;2;37;37;39m▀[0m[38;2;31;31;32m[48;2;37;37;39m▀[0m[38;2;37;37;39m[48;2;36;36;38m▀[0m[38;2;36;36;38m[48;2;36;36;38m▀[0m[38;2;36;36;38m[48;2;36;36;38m▀[0m[38;2;36;36;38m[48;2;36;36;38m▀[0m[38;2;36;36;38m[48;2;36;36;38m▀[0m[38;2;36;36;38m[48;2;36;36;38m▀[0m[38;2;36;36;38m[48;2;36;36;38m▀[0m[38;2;36;36;38m[48;2;36;36;38m▀[0m[38;2;38;38;40m[48;2;38;38;40m▀[0m[38;2;36;36;38m[48;2;37;37;39m▀[0m   [38;2;0;0;0m[48;2;0;0;0m▀[0m[38;2;0;0;0m[48;2;8;8;7m▀[0m[38;2;80;80;87m[48;2;84;84;92m▀[0m[38;2;147;147;163m[48;2;146;146;162m▀[0m[38;2;139;139;154m[48;2;139;139;154m▀[0m[38;2;138;138;153m[48;2;138;138;153m▀[0m[38;2;138;138;153m[48;2;138;138;153m▀[0m[38;2;138;138;153m[48;2;138;138;153m▀[0m[38;2;138;138;153m[48;2;138;138;153m▀[0m[38;2;140;140;155m[48;2;139;139;154m▀[0m[38;2;142;142;158m[48;2;139;139;154m▀[0m[38;2;109;109;120m[48;2;109;109;120m▀[0m[38;2;88;88;96m[48;2;89;89;98m▀[0m[38;2;92;92;102m[48;2;92;92;102m▀[0m[38;2;92;92;102m[48;2;92;92;102m▀[0m[38;2;92;92;102m[48;2;92;92;102m▀[0m[38;2;92;92;102m[48;2;92;92;102m▀[0m[38;2;99;99;109m[48;2;89;89;98m▀[0m[38;2;82;82;91m[48;2;105;105;116m▀[0m[38;2;50;50;53m[48;2;137;137;152m▀[0m[38;2;41;41;44m[48;2;139;139;154m▀[0m[38;2;83;83;91m[48;2;137;137;152m▀[0m[38;2;148;148;164m[48;2;138;138;153m▀[0m[38;2;123;123;136m[48;2;141;141;157m▀[0m[38;2;105;105;117m[48;2;121;121;135m▀[0m[38;2;95;95;106m[48;2;91;91;101m▀[0m[38;2;53;53;57m[48;2;96;96;106m▀[0m[38;2;26;26;29m[48;2;63;63;69m▀[0m[38;2;11;11;11m[48;2;12;12;12m▀[0m[38;2;0;0;0m[48;2;5;5;5m▀[0m        
       [38;2;29;17;14m[48;2;31;23;21m▀[0m[38;2;45;69;77m[48;2;48;65;73m▀[0m[38;2;62;145;171m[48;2;70;151;178m▀[0m[38;2;75;111;126m[48;2;55;91;103m▀[0m[38;2;97;91;98m[48;2;70;64;66m▀[0m[38;2;136;136;150m[48;2;135;135;149m▀[0m[38;2;141;141;156m[48;2;142;142;157m▀[0m[38;2;138;138;153m[48;2;138;138;153m▀[0m[38;2;138;138;153m[48;2;138;138;153m▀[0m[38;2;140;140;155m[48;2;138;138;152m▀[0m[38;2;131;131;145m[48;2;140;140;155m▀[0m[38;2;116;116;127m[48;2;144;144;160m▀[0m[38;2;130;130;144m[48;2;140;140;155m▀[0m[38;2;140;140;155m[48;2;138;138;152m▀[0m[38;2;138;138;153m[48;2;138;138;153m▀[0m[38;2;138;138;153m[48;2;138;138;153m▀[0m[38;2;143;143;159m[48;2;143;143;159m▀[0m[38;2;135;135;150m[48;2;135;135;150m▀[0m[38;2;39;39;42m[48;2;49;49;53m▀[0m[38;2;10;10;9m[48;2;19;19;19m▀[0m[38;2;38;38;40m[48;2;37;37;39m▀[0m[38;2;37;37;39m[48;2;37;37;39m▀[0m[38;2;36;36;38m[48;2;36;36;38m▀[0m[38;2;36;36;38m[48;2;36;36;38m▀[0m[38;2;36;36;38m[48;2;36;36;38m▀[0m[38;2;36;36;38m[48;2;36;36;38m▀[0m[38;2;36;36;38m[48;2;36;36;38m▀[0m[38;2;36;36;38m[48;2;36;36;38m▀[0m[38;2;36;36;38m[48;2;36;36;38m▀[0m[38;2;36;36;38m[48;2;36;36;38m▀[0m[38;2;37;37;39m[48;2;36;36;38m▀[0m[38;2;36;36;38m[48;2;37;37;39m▀[0m[38;2;35;35;38m[48;2;39;39;41m▀[0m[38;2;35;35;38m[48;2;39;39;41m▀[0m[38;2;37;37;38m[48;2;39;39;42m▀[0m[38;2;28;28;31m[48;2;35;35;36m▀[0m[38;2;9;9;8m[48;2;18;18;18m▀[0m[38;2;82;82;90m[48;2;85;85;93m▀[0m[38;2;146;146;162m[48;2;146;146;162m▀[0m[38;2;139;139;154m[48;2;139;139;154m▀[0m[38;2;138;138;153m[48;2;138;138;153m▀[0m[38;2;138;138;153m[48;2;138;138;153m▀[0m[38;2;138;138;153m[48;2;138;138;153m▀[0m[38;2;138;138;153m[48;2;138;138;153m▀[0m[38;2;138;138;153m[48;2;138;138;153m▀[0m[38;2;138;138;153m[48;2;138;138;153m▀[0m[38;2;132;132;146m[48;2;142;142;159m▀[0m[38;2;115;115;127m[48;2;133;133;148m▀[0m[38;2;89;89;99m[48;2;107;107;118m▀[0m[38;2;87;87;97m[48;2;104;104;116m▀[0m[38;2;87;87;97m[48;2;104;104;116m▀[0m[38;2;89;89;98m[48;2;106;106;117m▀[0m[38;2;112;112;124m[48;2;131;131;145m▀[0m[38;2;132;132;147m[48;2;143;143;159m▀[0m[38;2;143;143;158m[48;2;138;138;153m▀[0m[38;2;144;144;159m[48;2;138;138;153m▀[0m[38;2;141;141;156m[48;2;139;139;154m▀[0m[38;2;138;138;153m[48;2;138;138;153m▀[0m[38;2;145;145;162m[48;2;130;130;144m▀[0m[38;2;124;124;139m[48;2;111;111;124m▀[0m[38;2;91;91;101m[48;2;91;91;101m▀[0m[38;2;99;99;110m[48;2;95;95;105m▀[0m[38;2;63;63;69m[48;2;73;73;80m▀[0m[38;2;7;7;6m[48;2;36;36;39m▀[0m[38;2;0;0;0m[48;2;22;22;25m▀[0m[38;2;5;5;5m▄[0m       
    [38;2;0;0;0m[48;2;24;24;24m▀[0m[38;2;0;0;0m[48;2;27;27;28m▀[0m[38;2;0;0;0m[48;2;25;25;25m▀[0m[38;2;32;32;34m[48;2;20;21;21m▀[0m[38;2;43;43;46m[48;2;46;45;48m▀[0m[38;2;60;60;63m[48;2;112;108;119m▀[0m[38;2;58;57;59m[48;2;120;119;130m▀[0m[38;2;78;79;84m[48;2;122;122;135m▀[0m[38;2;135;135;150m[48;2;137;137;152m▀[0m[38;2;142;142;157m[48;2;139;139;154m▀[0m[38;2;138;138;153m[48;2;138;138;153m▀[0m[38;2;138;138;153m[48;2;138;138;153m▀[0m[38;2;138;138;153m[48;2;138;138;153m▀[0m[38;2;138;138;153m[48;2;138;138;153m▀[0m[38;2;138;138;153m[48;2;138;138;153m▀[0m[38;2;138;138;153m[48;2;138;138;153m▀[0m[38;2;138;138;153m[48;2;138;138;153m▀[0m[38;2;138;138;153m[48;2;138;138;153m▀[0m[38;2;138;138;153m[48;2;138;138;153m▀[0m[38;2;142;142;158m[48;2;142;142;158m▀[0m[38;2;136;136;151m[48;2;136;136;151m▀[0m[38;2;61;61;66m[48;2;55;55;60m▀[0m[38;2;29;29;30m[48;2;24;24;24m▀[0m[38;2;36;36;38m[48;2;36;36;38m▀[0m[38;2;36;36;38m[48;2;36;36;38m▀[0m[38;2;36;36;38m[48;2;35;35;37m▀[0m[38;2;36;36;38m[48;2;34;34;36m▀[0m[38;2;36;36;38m[48;2;32;32;34m▀[0m[38;2;36;36;38m[48;2;32;32;33m▀[0m[38;2;36;36;38m[48;2;32;32;33m▀[0m[38;2;36;36;38m[48;2;32;32;33m▀[0m[38;2;36;36;38m[48;2;32;32;33m▀[0m[38;2;36;36;38m[48;2;32;32;33m▀[0m[38;2;36;36;38m[48;2;32;32;33m▀[0m[38;2;36;36;38m[48;2;33;33;35m▀[0m[38;2;36;36;38m[48;2;35;35;36m▀[0m[38;2;36;36;38m[48;2;36;36;38m▀[0m[38;2;36;36;38m[48;2;37;37;39m▀[0m[38;2;35;35;36m[48;2;34;34;35m▀[0m[38;2;31;31;32m[48;2;24;24;25m▀[0m[38;2;92;92;101m[48;2;88;88;97m▀[0m[38;2;145;145;161m[48;2;145;145;162m▀[0m[38;2;139;139;154m[48;2;139;139;154m▀[0m[38;2;138;138;153m[48;2;138;138;153m▀[0m[38;2;138;138;153m[48;2;138;138;153m▀[0m[38;2;138;138;153m[48;2;138;138;153m▀[0m[38;2;138;138;153m[48;2;138;138;153m▀[0m[38;2;138;138;153m[48;2;138;138;153m▀[0m[38;2;138;138;153m[48;2;138;138;153m▀[0m[38;2;138;138;153m[48;2;138;138;153m▀[0m[38;2;138;138;153m[48;2;138;138;153m▀[0m[38;2;138;138;153m[48;2;139;139;155m▀[0m[38;2;138;138;153m[48;2;140;140;155m▀[0m[38;2;138;138;153m[48;2;140;140;155m▀[0m[38;2;138;138;153m[48;2;140;140;155m▀[0m[38;2;138;138;153m[48;2;138;138;153m▀[0m[38;2;138;138;153m[48;2;138;138;153m▀[0m[38;2;138;138;153m[48;2;138;138;153m▀[0m[38;2;138;138;153m[48;2;138;138;152m▀[0m[38;2;140;140;155m[48;2;142;142;157m▀[0m[38;2;137;137;152m[48;2;143;143;159m▀[0m[38;2;103;103;114m[48;2;105;105;116m▀[0m[38;2;89;89;98m[48;2;90;90;99m▀[0m[38;2;92;92;102m[48;2;94;94;105m▀[0m[38;2;92;92;102m[48;2;92;92;102m▀[0m[38;2;96;96;106m[48;2;97;97;107m▀[0m[38;2;89;89;98m[48;2;91;91;100m▀[0m[38;2;32;32;33m[48;2;33;33;34m▀[0m[38;2;6;6;5m[48;2;6;6;5m▀[0m       
[38;2;36;36;36m▄[0m[38;2;21;21;21m[48;2;37;37;39m▀[0m[38;2;23;23;23m[48;2;41;41;43m▀[0m[38;2;17;17;17m[48;2;34;34;36m▀[0m[38;2;59;59;63m[48;2;95;95;104m▀[0m[38;2;77;77;85m[48;2;147;147;163m▀[0m[38;2;73;73;80m[48;2;141;141;156m▀[0m[38;2;66;66;72m[48;2;140;140;155m▀[0m[38;2;84;84;92m[48;2;140;140;155m▀[0m[38;2;139;139;155m[48;2;138;138;153m▀[0m[38;2;148;148;164m[48;2;138;138;153m▀[0m[38;2;142;142;158m[48;2;138;138;153m▀[0m[38;2;138;138;153m[48;2;138;138;153m▀[0m[38;2;138;138;153m[48;2;138;138;153m▀[0m[38;2;138;138;153m[48;2;138;138;153m▀[0m[38;2;138;138;153m[48;2;138;138;153m▀[0m[38;2;138;138;153m[48;2;138;138;153m▀[0m[38;2;138;138;153m[48;2;138;138;153m▀[0m[38;2;138;138;153m[48;2;138;138;153m▀[0m[38;2;138;138;153m[48;2;138;138;153m▀[0m[38;2;138;138;153m[48;2;138;138;153m▀[0m[38;2;138;138;153m[48;2;138;138;153m▀[0m[38;2;138;138;153m[48;2;138;138;153m▀[0m[38;2;141;141;156m[48;2;138;138;153m▀[0m[38;2;137;137;152m[48;2;138;138;153m▀[0m[38;2;90;90;98m[48;2;147;147;163m▀[0m[38;2;52;52;56m[48;2;103;103;115m▀[0m[38;2;31;31;32m[48;2;36;36;38m▀[0m[38;2;30;30;31m[48;2;35;35;36m▀[0m[38;2;35;35;37m[48;2;46;46;48m▀[0m[38;2;44;44;46m[48;2;65;65;68m▀[0m[38;2;53;53;57m[48;2;88;88;96m▀[0m[38;2;56;56;61m[48;2;95;95;106m▀[0m[38;2;55;55;60m[48;2;93;93;103m▀[0m[38;2;55;55;60m[48;2;93;93;103m▀[0m[38;2;55;55;60m[48;2;93;93;103m▀[0m[38;2;55;55;60m[48;2;93;93;103m▀[0m[38;2;56;56;60m[48;2;95;95;105m▀[0m[38;2;50;50;53m[48;2;80;80;86m▀[0m[38;2;41;41;43m[48;2;57;57;61m▀[0m[38;2;33;33;34m[48;2;41;41;44m▀[0m[38;2;28;28;30m[48;2;31;31;32m▀[0m[38;2;36;36;38m[48;2;52;52;57m▀[0m[38;2;63;63;69m[48;2;130;130;144m▀[0m[38;2;110;110;121m[48;2;145;145;161m▀[0m[38;2;143;143;158m[48;2;138;138;153m▀[0m[38;2;139;139;154m[48;2;138;138;153m▀[0m[38;2;138;138;153m[48;2;138;138;153m▀[0m[38;2;138;138;153m[48;2;138;138;153m▀[0m[38;2;138;138;153m[48;2;138;138;153m▀[0m[38;2;138;138;153m[48;2;138;138;153m▀[0m[38;2;138;138;153m[48;2;138;138;153m▀[0m[38;2;138;138;153m[48;2;138;138;153m▀[0m[38;2;138;138;153m[48;2;138;138;153m▀[0m[38;2;138;138;153m[48;2;138;138;153m▀[0m[38;2;138;138;153m[48;2;138;138;153m▀[0m[38;2;138;138;153m[48;2;138;138;153m▀[0m[38;2;138;138;153m[48;2;138;138;153m▀[0m[38;2;138;138;153m[48;2;138;138;153m▀[0m[38;2;138;138;153m[48;2;138;138;153m▀[0m[38;2;138;138;153m[48;2;138;138;153m▀[0m[38;2;138;138;153m[48;2;138;138;153m▀[0m[38;2;140;140;155m[48;2;144;144;160m▀[0m[38;2;131;131;145m[48;2;112;112;123m▀[0m[38;2;111;111;122m[48;2;58;58;60m▀[0m[38;2;88;84;91m[48;2;58;60;63m▀[0m[38;2;78;73;78m[48;2;60;63;66m▀[0m[38;2;81;77;83m[48;2;62;64;68m▀[0m[38;2;91;90;99m[48;2;84;85;94m▀[0m[38;2;98;98;109m[48;2;97;97;108m▀[0m[38;2;88;88;97m[48;2;88;88;97m▀[0m[38;2;29;29;30m[48;2;34;34;35m▀[0m[38;2;3;3;0m[48;2;8;8;8m▀[0m[38;2;0;0;0m▄[0m[38;2;0;0;0m▄[0m[38;2;0;0;0m▄[0m    
[38;2;28;28;30m[48;2;28;28;31m▀[0m[38;2;81;81;89m[48;2;71;71;78m▀[0m[38;2;129;129;143m[48;2;105;105;116m▀[0m[38;2;123;123;136m[48;2;102;102;112m▀[0m[38;2;139;139;154m[48;2;93;93;103m▀[0m[38;2;150;150;167m[48;2;101;101;112m▀[0m[38;2;142;142;157m[48;2;140;140;155m▀[0m[38;2;141;141;156m[48;2;147;147;162m▀[0m[38;2;140;140;156m[48;2;144;144;160m▀[0m[38;2;138;138;153m[48;2;144;144;160m▀[0m[38;2;138;138;153m[48;2;144;144;160m▀[0m[38;2;138;138;153m[48;2;144;144;159m▀[0m[38;2;138;138;153m[48;2;143;143;159m▀[0m[38;2;138;138;153m[48;2;139;139;155m▀[0m[38;2;138;138;153m[48;2;139;140;155m▀[0m[38;2;138;138;153m[48;2;142;142;158m▀[0m[38;2;142;142;157m[48;2;119;116;127m▀[0m[38;2;144;144;160m[48;2;106;101;110m▀[0m[38;2;144;144;160m[48;2;109;109;119m▀[0m[38;2;140;140;155m[48;2;129;130;143m▀[0m[38;2;138;138;152m[48;2;140;140;156m▀[0m[38;2;138;138;153m[48;2;138;138;153m▀[0m[38;2;138;138;153m[48;2;138;138;153m▀[0m[38;2;138;138;153m[48;2;138;138;153m▀[0m[38;2;138;138;153m[48;2;138;138;153m▀[0m[38;2;142;142;158m[48;2;137;137;152m▀[0m[38;2;131;131;146m[48;2;141;141;156m▀[0m[38;2;113;113;125m[48;2;146;146;162m▀[0m[38;2;115;115;128m[48;2;148;148;164m▀[0m[38;2;101;101;111m[48;2;132;132;147m▀[0m[38;2;81;81;89m[48;2;110;110;122m▀[0m[38;2;88;88;97m[48;2;109;109;121m▀[0m[38;2;91;91;101m[48;2;109;109;121m▀[0m[38;2;90;90;100m[48;2;109;109;121m▀[0m[38;2;90;90;100m[48;2;109;109;121m▀[0m[38;2;90;90;100m[48;2;109;109;121m▀[0m[38;2;90;90;100m[48;2;109;109;121m▀[0m[38;2;91;91;101m[48;2;109;109;121m▀[0m[38;2;84;84;93m[48;2;108;108;120m▀[0m[38;2;85;85;94m[48;2;115;115;128m▀[0m[38;2;111;111;122m[48;2;142;142;157m▀[0m[38;2;114;114;126m[48;2;148;148;164m▀[0m[38;2;118;118;130m[48;2;144;144;160m▀[0m[38;2;138;138;154m[48;2;139;139;154m▀[0m[38;2;141;141;156m[48;2;138;138;152m▀[0m[38;2;138;138;153m[48;2;138;138;153m▀[0m[38;2;138;138;153m[48;2;138;138;153m▀[0m[38;2;138;138;153m[48;2;138;138;153m▀[0m[38;2;138;138;153m[48;2;138;138;153m▀[0m[38;2;138;138;153m[48;2;138;138;153m▀[0m[38;2;138;138;153m[48;2;138;138;153m▀[0m[38;2;138;138;153m[48;2;138;138;153m▀[0m[38;2;138;138;153m[48;2;138;138;153m▀[0m[38;2;138;138;153m[48;2;138;138;153m▀[0m[38;2;138;138;153m[48;2;138;138;153m▀[0m[38;2;138;138;153m[48;2;138;138;153m▀[0m[38;2;138;138;153m[48;2;138;138;153m▀[0m[38;2;138;138;153m[48;2;138;138;153m▀[0m[38;2;138;138;153m[48;2;138;138;153m▀[0m[38;2;138;138;153m[48;2;138;138;153m▀[0m[38;2;138;138;153m[48;2;138;138;153m▀[0m[38;2;138;138;153m[48;2;138;138;153m▀[0m[38;2;145;145;161m[48;2;142;142;157m▀[0m[38;2;109;105;115m[48;2;124;120;132m▀[0m[38;2;52;54;56m[48;2;90;92;100m▀[0m[38;2;65;132;155m[48;2;74;130;151m▀[0m[38;2;75;173;206m[48;2;69;152;179m▀[0m[38;2;72;158;186m[48;2;69;141;165m▀[0m[38;2;67;87;96m[48;2;58;74;80m▀[0m[38;2;78;72;77m[48;2;70;65;68m▀[0m[38;2;92;92;102m[48;2;93;93;104m▀[0m[38;2;83;83;92m[48;2;101;101;112m▀[0m[38;2;49;49;54m[48;2;76;76;84m▀[0m[38;2;5;5;3m[48;2;43;43;46m▀[0m[38;2;7;7;7m[48;2;48;48;52m▀[0m[38;2;7;7;7m[48;2;34;34;37m▀[0m[38;2;2;2;0m▄[0m[38;2;5;5;5m▄[0m[38;2;6;6;6m▄[0m 
 [38;2;11;11;11m[48;2;0;0;0m▀[0m[38;2;12;12;12m[48;2;0;0;0m▀[0m[38;2;11;11;11m[48;2;0;0;0m▀[0m[38;2;4;4;2m[48;2;0;0;0m▀[0m[38;2;32;32;35m[48;2;23;23;23m▀[0m[38;2;124;124;137m[48;2;39;39;42m▀[0m[38;2;140;140;154m[48;2;44;44;47m▀[0m[38;2;133;133;147m[48;2;42;42;45m▀[0m[38;2;133;133;147m[48;2;42;42;45m▀[0m[38;2;133;133;147m[48;2;41;41;43m▀[0m[38;2;133;133;147m[48;2;43;43;46m▀[0m[38;2;133;133;148m[48;2;54;54;58m▀[0m[38;2;137;137;151m[48;2;114;114;126m▀[0m[38;2;139;139;155m[48;2;129;126;139m▀[0m[38;2;136;136;151m[48;2;78;77;82m▀[0m[38;2;84;87;95m[48;2;72;141;165m▀[0m[38;2;51;55;57m[48;2;64;137;162m▀[0m[38;2;58;58;60m[48;2;54;54;56m▀[0m[38;2;114;114;125m[48;2;112;108;118m▀[0m[38;2;144;144;160m[48;2;145;145;161m▀[0m[38;2;138;138;153m[48;2;138;138;153m▀[0m[38;2;138;138;153m[48;2;138;138;153m▀[0m[38;2;138;138;153m[48;2;138;138;153m▀[0m[38;2;138;138;153m[48;2;138;138;153m▀[0m[38;2;138;138;153m[48;2;138;138;153m▀[0m[38;2;138;138;153m[48;2;138;138;153m▀[0m[38;2;138;138;153m[48;2;138;138;153m▀[0m[38;2;138;138;153m[48;2;138;138;153m▀[0m[38;2;139;139;154m[48;2;138;138;153m▀[0m[38;2;140;140;155m[48;2;139;139;154m▀[0m[38;2;139;139;155m[48;2;139;139;154m▀[0m[38;2;139;139;155m[48;2;139;139;154m▀[0m[38;2;139;139;155m[48;2;139;139;154m▀[0m[38;2;139;139;155m[48;2;139;139;154m▀[0m[38;2;139;139;155m[48;2;139;139;154m▀[0m[38;2;139;139;155m[48;2;139;139;154m▀[0m[38;2;139;139;155m[48;2;139;139;154m▀[0m[38;2;140;140;155m[48;2;139;139;154m▀[0m[38;2;139;139;154m[48;2;139;139;154m▀[0m[38;2;138;138;153m[48;2;138;138;153m▀[0m[38;2;138;138;153m[48;2;138;138;153m▀[0m[38;2;138;138;153m[48;2;138;138;153m▀[0m[38;2;138;138;153m[48;2;138;138;153m▀[0m[38;2;138;138;153m[48;2;138;138;153m▀[0m[38;2;138;138;153m[48;2;138;138;153m▀[0m[38;2;138;138;153m[48;2;138;138;153m▀[0m[38;2;138;138;153m[48;2;138;138;153m▀[0m[38;2;138;138;153m[48;2;138;138;153m▀[0m[38;2;138;138;153m[48;2;138;138;153m▀[0m[38;2;138;138;153m[48;2;138;138;153m▀[0m[38;2;138;138;153m[48;2;138;138;153m▀[0m[38;2;138;138;153m[48;2;138;138;153m▀[0m[38;2;138;138;153m[48;2;138;138;153m▀[0m[38;2;138;138;153m[48;2;138;138;153m▀[0m[38;2;138;138;153m[48;2;138;138;153m▀[0m[38;2;138;138;153m[48;2;138;138;153m▀[0m[38;2;138;138;153m[48;2;138;138;153m▀[0m[38;2;138;138;153m[48;2;138;138;153m▀[0m[38;2;138;138;153m[48;2;138;138;153m▀[0m[38;2;138;138;153m[48;2;139;139;154m▀[0m[38;2;138;138;153m[48;2;141;141;157m▀[0m[38;2;138;138;153m[48;2;144;144;160m▀[0m[38;2;141;141;157m[48;2;130;130;144m▀[0m[38;2;136;136;151m[48;2;102;102;113m▀[0m[38;2;81;78;84m[48;2;89;87;95m▀[0m[38;2;56;52;54m[48;2;84;81;89m▀[0m[38;2;62;59;61m[48;2;86;83;91m▀[0m[38;2;61;60;62m[48;2;89;89;98m▀[0m[38;2;74;74;81m[48;2;94;94;104m▀[0m[38;2;93;93;103m[48;2;98;98;108m▀[0m[38;2;93;93;103m[48;2;97;97;108m▀[0m[38;2;93;93;103m[48;2;98;98;109m▀[0m[38;2;95;95;105m[48;2;99;99;110m▀[0m[38;2;100;100;111m[48;2;100;100;111m▀[0m[38;2;61;61;67m[48;2;92;92;101m▀[0m[38;2;16;16;17m[48;2;82;82;91m▀[0m[38;2;20;20;21m[48;2;87;87;95m▀[0m[38;2;19;19;20m[48;2;51;51;56m▀[0m[38;2;0;0;0m[48;2;10;10;10m▀[0m
     [38;2;0;0;0m▀[0m[38;2;1;1;0m▀[0m[38;2;1;1;0m▀[0m[38;2;1;1;0m▀[0m[38;2;1;1;0m▀[0m[38;2;0;0;0m▀[0m[38;2;5;5;4m[48;2;21;21;21m▀[0m[38;2;25;25;25m[48;2;33;33;34m▀[0m[38;2;106;106;117m[48;2;108;108;120m▀[0m[38;2;124;123;134m[48;2;129;129;142m▀[0m[38;2;53;52;53m[48;2;68;68;72m▀[0m[38;2;56;109;125m[48;2;57;54;56m▀[0m[38;2;73;129;151m[48;2;86;83;88m▀[0m[38;2;92;92;100m[48;2;141;141;156m▀[0m[38;2;125;122;134m[48;2;142;142;157m▀[0m[38;2;142;142;157m[48;2;138;138;153m▀[0m[38;2;138;138;153m[48;2;138;138;153m▀[0m[38;2;138;138;153m[48;2;138;138;153m▀[0m[38;2;138;138;153m[48;2;139;139;154m▀[0m[38;2;138;138;153m[48;2;139;139;154m▀[0m[38;2;138;138;153m[48;2;139;139;154m▀[0m[38;2;138;138;153m[48;2;139;139;154m▀[0m[38;2;138;138;153m[48;2;138;138;153m▀[0m[38;2;143;143;159m[48;2;132;132;146m▀[0m[38;2;145;145;161m[48;2;129;129;143m▀[0m[38;2;144;144;160m[48;2;130;130;144m▀[0m[38;2;144;144;160m[48;2;130;130;144m▀[0m[38;2;144;144;160m[48;2;130;130;144m▀[0m[38;2;144;144;160m[48;2;130;130;144m▀[0m[38;2;143;143;159m[48;2;131;131;145m▀[0m[38;2;143;143;159m[48;2;131;131;146m▀[0m[38;2;143;143;159m[48;2;131;131;145m▀[0m[38;2;144;144;159m[48;2;131;131;145m▀[0m[38;2;141;141;156m[48;2;135;135;149m▀[0m[38;2;138;138;153m[48;2;139;139;154m▀[0m[38;2;138;138;153m[48;2;139;139;154m▀[0m[38;2;138;138;153m[48;2;139;139;154m▀[0m[38;2;138;138;153m[48;2;138;138;153m▀[0m[38;2;138;138;153m[48;2;138;138;153m▀[0m[38;2;138;138;153m[48;2;138;138;153m▀[0m[38;2;138;138;153m[48;2;138;138;153m▀[0m[38;2;138;138;153m[48;2;138;138;153m▀[0m[38;2;138;138;153m[48;2;138;138;153m▀[0m[38;2;138;138;153m[48;2;138;138;153m▀[0m[38;2;138;138;153m[48;2;138;138;153m▀[0m[38;2;138;138;153m[48;2;138;138;153m▀[0m[38;2;138;138;153m[48;2;138;138;153m▀[0m[38;2;138;138;153m[48;2;138;138;153m▀[0m[38;2;138;138;153m[48;2;138;138;153m▀[0m[38;2;138;138;153m[48;2;138;138;153m▀[0m[38;2;138;138;153m[48;2;138;138;153m▀[0m[38;2;138;138;153m[48;2;138;138;153m▀[0m[38;2;138;138;153m[48;2;138;138;153m▀[0m[38;2;138;138;153m[48;2;138;138;153m▀[0m[38;2;141;141;157m[48;2;139;139;155m▀[0m[38;2;134;134;149m[48;2;121;121;135m▀[0m[38;2;119;119;132m[48;2;90;90;100m▀[0m[38;2;120;120;134m[48;2;89;89;99m▀[0m[38;2;110;110;122m[48;2;89;89;99m▀[0m[38;2;92;92;102m[48;2;87;87;96m▀[0m[38;2;96;96;106m[48;2;87;87;96m▀[0m[38;2;100;100;111m[48;2;90;90;100m▀[0m[38;2;97;97;108m[48;2;84;84;93m▀[0m[38;2;71;71;79m[48;2;29;29;31m▀[0m[38;2;61;61;67m[48;2;7;7;6m▀[0m[38;2;62;62;68m[48;2;12;12;11m▀[0m[38;2;62;62;68m[48;2;12;12;11m▀[0m[38;2;62;62;68m[48;2;12;12;11m▀[0m[38;2;62;62;68m[48;2;12;12;11m▀[0m[38;2;61;61;67m[48;2;12;12;11m▀[0m[38;2;64;64;70m[48;2;12;12;11m▀[0m[38;2;68;68;75m[48;2;12;12;11m▀[0m[38;2;70;70;77m[48;2;12;12;11m▀[0m[38;2;42;42;45m[48;2;13;13;13m▀[0m[38;2;15;15;14m[48;2;16;16;16m▀[0m
           [38;2;23;23;23m[48;2;24;24;24m▀[0m[38;2;34;34;35m[48;2;33;33;33m▀[0m[38;2;110;110;121m[48;2;74;74;80m▀[0m[38;2;147;147;164m[48;2;113;113;125m▀[0m[38;2;125;125;138m[48;2;148;148;164m▀[0m[38;2;123;121;133m[48;2;151;151;169m▀[0m[38;2;129;127;140m[48;2;148;148;164m▀[0m[38;2;139;139;154m[48;2;145;145;161m▀[0m[38;2;139;139;154m[48;2;145;145;161m▀[0m[38;2;138;138;153m[48;2;147;147;163m▀[0m[38;2;138;138;153m[48;2;144;144;160m▀[0m[38;2;144;144;160m[48;2;101;101;111m▀[0m[38;2;147;147;163m[48;2;80;80;88m▀[0m[38;2;146;146;162m[48;2;85;85;93m▀[0m[38;2;146;146;162m[48;2;85;85;93m▀[0m[38;2;151;151;167m[48;2;89;89;97m▀[0m[38;2;143;143;158m[48;2;82;82;89m▀[0m[38;2;61;61;67m[48;2;27;27;30m▀[0m[38;2;30;30;32m[48;2;0;0;0m▀[0m[38;2;38;38;41m[48;2;1;1;0m▀[0m[38;2;38;38;41m[48;2;1;1;0m▀[0m[38;2;37;37;40m[48;2;0;0;0m▀[0m[38;2;39;39;43m[48;2;1;1;1m▀[0m[38;2;53;53;57m[48;2;19;19;19m▀[0m[38;2;57;57;61m[48;2;25;25;25m▀[0m[38;2;55;55;59m[48;2;21;21;23m▀[0m[38;2;51;51;54m[48;2;16;16;16m▀[0m[38;2;99;99;109m[48;2;65;65;71m▀[0m[38;2;150;150;167m[48;2;99;99;109m▀[0m[38;2;146;146;162m[48;2;95;95;105m▀[0m[38;2;145;145;161m[48;2;91;91;100m▀[0m[38;2;144;144;160m[48;2;101;101;112m▀[0m[38;2;139;139;154m[48;2;139;139;154m▀[0m[38;2;138;138;153m[48;2;147;147;163m▀[0m[38;2;138;138;153m[48;2;144;144;160m▀[0m[38;2;138;138;153m[48;2;144;144;160m▀[0m[38;2;138;138;153m[48;2;140;140;156m▀[0m[38;2;138;138;153m[48;2;138;138;153m▀[0m[38;2;138;138;153m[48;2;138;138;153m▀[0m[38;2;138;138;153m[48;2;138;138;153m▀[0m[38;2;138;138;153m[48;2;138;138;153m▀[0m[38;2;138;138;153m[48;2;138;138;153m▀[0m[38;2;138;138;153m[48;2;138;138;153m▀[0m[38;2;138;138;153m[48;2;139;139;154m▀[0m[38;2;138;138;153m[48;2;140;140;156m▀[0m[38;2;138;138;153m[48;2;145;145;161m▀[0m[38;2;141;141;156m[48;2;140;140;155m▀[0m[38;2;141;141;156m[48;2;122;122;135m▀[0m[38;2;113;113;125m[48;2;104;104;114m▀[0m[38;2;96;96;106m[48;2;81;81;89m▀[0m[38;2;96;96;107m[48;2;59;59;64m▀[0m[38;2;101;101;112m[48;2;62;62;68m▀[0m[38;2;74;74;82m[48;2;46;46;50m▀[0m[38;2;29;29;31m[48;2;5;5;3m▀[0m[38;2;28;28;29m[48;2;5;5;1m▀[0m[38;2;32;32;34m[48;2;7;7;5m▀[0m[38;2;29;29;30m[48;2;5;5;5m▀[0m[38;2;19;19;19m[48;2;0;0;0m▀[0m[38;2;0;0;0m▀[0m[38;2;5;5;5m▀[0m[38;2;5;5;5m▀[0m[38;2;5;5;5m▀[0m[38;2;5;5;5m▀[0m[38;2;5;5;5m▀[0m[38;2;5;5;5m▀[0m[38;2;5;5;5m▀[0m[38;2;5;5;5m▀[0m[38;2;11;11;11m▀[0m[38;2;17;17;17m▀[0m
             [38;2;17;17;17m[48;2;11;11;11m▀[0m[38;2;58;58;63m[48;2;43;43;46m▀[0m[38;2;127;127;141m[48;2;52;52;56m▀[0m[38;2;133;133;148m[48;2;56;56;60m▀[0m[38;2;129;129;142m[48;2;48;48;51m▀[0m[38;2;127;127;141m[48;2;34;34;37m▀[0m[38;2;127;127;141m[48;2;34;34;36m▀[0m[38;2;132;132;146m[48;2;36;36;38m▀[0m[38;2;126;126;140m[48;2;34;34;36m▀[0m[38;2;43;43;46m[48;2;22;22;25m▀[0m[38;2;0;0;0m[48;2;0;0;0m▀[0m[38;2;8;8;8m[48;2;0;0;0m▀[0m[38;2;8;8;8m[48;2;0;0;0m▀[0m[38;2;9;9;8m[48;2;6;6;0m▀[0m[38;2;9;9;8m[48;2;0;0;0m▀[0m[38;2;6;6;6m[48;2;0;0;0m▀[0m         [38;2;28;28;31m[48;2;15;15;15m▀[0m[38;2;31;31;32m[48;2;27;27;27m▀[0m[38;2;30;30;31m[48;2;27;27;27m▀[0m[38;2;23;23;24m[48;2;20;20;20m▀[0m[38;2;45;45;48m[48;2;36;36;40m▀[0m[38;2;119;119;132m[48;2;50;50;52m▀[0m[38;2;135;135;150m[48;2;56;56;60m▀[0m[38;2;129;129;143m[48;2;51;51;55m▀[0m[38;2;129;129;142m[48;2;48;48;52m▀[0m[38;2;135;135;149m[48;2;107;107;117m▀[0m[38;2;140;140;155m[48;2;152;152;169m▀[0m[38;2;139;139;154m[48;2;146;146;162m▀[0m[38;2;139;139;154m[48;2;146;146;162m▀[0m[38;2;139;139;154m[48;2;146;146;162m▀[0m[38;2;139;139;154m[48;2;146;146;162m▀[0m[38;2;139;139;154m[48;2;148;148;165m▀[0m[38;2;138;138;153m[48;2;137;137;152m▀[0m[38;2;135;135;149m[48;2;105;105;117m▀[0m[38;2;132;132;147m[48;2;56;56;61m▀[0m[38;2;114;114;127m[48;2;27;27;29m▀[0m[38;2;83;83;92m[48;2;27;27;29m▀[0m[38;2;89;89;98m[48;2;29;29;31m▀[0m[38;2;64;64;70m[48;2;25;25;26m▀[0m[38;2;12;12;9m[48;2;6;6;6m▀[0m[38;2;10;10;8m[48;2;6;6;6m▀[0m[38;2;11;11;11m[48;2;11;11;11m▀[0m                
              [38;2;13;13;13m▀[0m[38;2;22;22;22m▀[0m[38;2;26;26;26m▀[0m[38;2;18;18;16m▀[0m[38;2;0;0;0m▀[0m[38;2;0;0;0m▀[0m[38;2;2;2;0m▀[0m[38;2;0;0;0m▀[0m[38;2;0;0;0m▀[0m                   [38;2;0;0;0m▀[0m[38;2;22;22;22m▀[0m[38;2;24;24;24m▀[0m[38;2;20;20;22m▀[0m[38;2;18;18;18m▀[0m[38;2;61;61;66m[48;2;5;5;5m▀[0m[38;2;80;80;88m[48;2;9;9;8m▀[0m[38;2;76;76;83m[48;2;8;8;7m▀[0m[38;2;76;76;83m[48;2;8;8;7m▀[0m[38;2;76;76;83m[48;2;8;8;7m▀[0m[38;2;76;76;83m[48;2;8;8;7m▀[0m[38;2;77;77;85m[48;2;8;8;7m▀[0m[38;2;71;71;77m[48;2;9;9;8m▀[0m[38;2;51;51;57m[48;2;11;11;10m▀[0m[38;2;22;22;24m[48;2;10;10;10m▀[0m[38;2;0;0;0m▀[0m[38;2;6;6;6m▀[0m[38;2;8;8;6m▀[0m[38;2;6;6;3m▀[0m                   
[0m