         [38;2;30;30;30m▄[0m    [38;2;30;30;30m▄[0m[38;2;30;30;30m[48;2;88;88;88m▀[0m[38;2;30;30;30m[48;2;30;30;30m▀[0m         
        [38;2;30;30;30m[48;2;30;30;30m▀[0m[38;2;88;88;88m[48;2;88;88;88m▀[0m[38;2;30;30;30m[48;2;30;30;30m▀[0m  [38;2;30;30;30m▄[0m[38;2;30;30;30m[48;2;88;88;88m▀[0m[38;2;88;88;88m[48;2;30;30;30m▀[0m[38;2;30;30;30m▀[0m         
        [38;2;30;30;30m[48;2;30;30;30m▀[0m[38;2;88;88;88m[48;2;88;88;88m▀[0m[38;2;30;30;30m[48;2;30;30;30m▀[0m [38;2;30;30;30m▄[0m[38;2;30;30;30m[48;2;88;88;88m▀[0m[38;2;88;88;88m[48;2;30;30;30m▀[0m[38;2;30;30;30m▀[0m  [38;2;30;30;30m▄[0m[38;2;30;30;30m▄[0m[38;2;30;30;30m[48;2;88;88;88m▀[0m[38;2;30;30;30m[48;2;88;88;88m▀[0m[38;2;30;30;30m[48;2;88;88;88m▀[0m[38;2;30;30;30m▄[0m  
        [38;2;30;30;30m[48;2;30;30;30m▀[0m[38;2;88;88;88m[48;2;88;88;88m▀[0m[38;2;30;30;30m[48;2;30;30;30m▀[0m [38;2;30;30;30m[48;2;30;30;30m▀[0m[38;2;88;88;88m[48;2;88;88;88m▀[0m[38;2;30;30;30m[48;2;30;30;30m▀[0m[38;2;30;30;30m▄[0m[38;2;30;30;30m▄[0m[38;2;30;30;30m[48;2;88;88;88m▀[0m[38;2;88;88;88m[48;2;88;88;88m▀[0m[38;2;88;88;88m[48;2;30;30;30m▀[0m[38;2;88;88;88m[48;2;16;16;16m▀[0m[38;2;30;30;30m▀[0m[38;2;30;30;30m▀[0m   
         [38;2;30;30;30m[48;2;30;30;30m▀[0m[38;2;88;88;88m[48;2;88;88;88m▀[0m[38;2;30;30;30m[48;2;30;30;30m▀[0m[38;2;88;88;88m[48;2;88;88;88m▀[0m[38;2;59;59;59m[48;2;30;30;30m▀[0m[38;2;59;59;59m[48;2;88;88;88m▀[0m[38;2;88;88;88m[48;2;88;88;88m▀[0m[38;2;88;88;88m[48;2;30;30;30m▀[0m[38;2;59;59;59m[48;2;16;16;16m▀[0m[38;2;16;16;16m▀[0m       
         [38;2;30;30;30m▀[0m[38;2;59;59;59m[48;2;30;30;30m▀[0m[38;2;88;88;88m[48;2;88;88;88m▀[0m[38;2;88;88;88m[48;2;59;59;59m▀[0m[38;2;88;88;88m[48;2;88;88;88m▀[0m[38;2;88;88;88m[48;2;16;16;16m▀[0m[38;2;16;16;16m▀[0m          
        [38;2;100;100;100m▄[0m[38;2;100;100;100m▄[0m[38;2;30;30;30m[48;2;100;100;100m▀[0m[38;2;59;59;59m[48;2;100;100;100m▀[0m[38;2;59;59;59m[48;2;100;100;100m▀[0m[38;2;16;16;16m[48;2;100;100;100m▀[0m[38;2;100;100;100m▄[0m[38;2;100;100;100m▄[0m[38;2;100;100;100m▄[0m         
    [38;2;100;100;100m▄[0m[38;2;100;100;100m▄[0m[38;2;100;100;100m[48;2;210;210;210m▀[0m[38;2;100;100;100m[48;2;210;210;210m▀[0m[38;2;210;210;210m[48;2;210;210;210m▀[0m[38;2;210;210;210m[48;2;154;154;154m▀[0m[38;2;154;154;154m[48;2;210;210;210m▀[0m[38;2;210;210;210m[48;2;210;210;210m▀[0m[38;2;210;210;210m[48;2;210;210;210m▀[0m[38;2;210;210;210m[48;2;210;210;210m▀[0m[38;2;210;210;210m[48;2;210;210;210m▀[0m[38;2;210;210;210m[48;2;210;210;210m▀[0m[38;2;154;154;154m[48;2;210;210;210m▀[0m[38;2;100;100;100m[48;2;210;210;210m▀[0m[38;2;100;100;100m[48;2;154;154;154m▀[0m[38;2;100;100;100m▄[0m      
  [38;2;100;100;100m▄[0m[38;2;100;100;100m[48;2;210;210;210m▀[0m[38;2;210;210;210m[48;2;210;210;210m▀[0m[38;2;210;210;210m[48;2;210;210;210m▀[0m[38;2;210;210;210m[48;2;210;210;210m▀[0m[38;2;210;210;210m[48;2;210;210;210m▀[0m[38;2;210;210;210m[48;2;154;154;154m▀[0m[38;2;154;154;154m[48;2;210;210;210m▀[0m[38;2;210;210;210m[48;2;210;210;210m▀[0m[38;2;210;210;210m[48;2;210;210;210m▀[0m[38;2;210;210;210m[48;2;210;210;210m▀[0m[38;2;210;210;210m[48;2;210;210;210m▀[0m[38;2;210;210;210m[48;2;210;210;210m▀[0m[38;2;210;210;210m[48;2;210;210;210m▀[0m[38;2;210;210;210m[48;2;210;210;210m▀[0m[38;2;210;210;210m[48;2;210;210;210m▀[0m[38;2;210;210;210m[48;2;210;210;210m▀[0m[38;2;210;210;210m[48;2;210;210;210m▀[0m[38;2;100;100;100m[48;2;210;210;210m▀[0m[38;2;16;16;16m▄[0m    
 [38;2;100;100;100m[48;2;100;100;100m▀[0m[38;2;154;154;154m[48;2;157;114;71m▀[0m[38;2;154;154;154m[48;2;157;114;71m▀[0m[38;2;210;210;210m[48;2;154;154;154m▀[0m[38;2;210;210;210m[48;2;210;210;210m▀[0m[38;2;210;210;210m[48;2;210;210;210m▀[0m[38;2;210;210;210m[48;2;210;210;210m▀[0m[38;2;154;154;154m[48;2;154;154;154m▀[0m[38;2;210;210;210m[48;2;210;210;210m▀[0m[38;2;210;210;210m[48;2;210;210;210m▀[0m[38;2;210;210;210m[48;2;210;210;210m▀[0m[38;2;210;210;210m[48;2;154;154;154m▀[0m[38;2;154;154;154m[48;2;157;114;71m▀[0m[38;2;154;154;154m[48;2;157;114;71m▀[0m[38;2;154;154;154m[48;2;157;114;71m▀[0m[38;2;210;210;210m[48;2;154;154;154m▀[0m[38;2;210;210;210m[48;2;210;210;210m▀[0m[38;2;210;210;210m[48;2;210;210;210m▀[0m[38;2;210;210;210m[48;2;210;210;210m▀[0m[38;2;210;210;210m[48;2;210;210;210m▀[0m[38;2;210;210;210m[48;2;210;210;210m▀[0m[38;2;16;16;16m[48;2;16;16;16m▀[0m   
[38;2;100;100;100m[48;2;100;100;100m▀[0m[38;2;157;114;71m[48;2;209;191;107m▀[0m[38;2;157;114;71m[48;2;16;16;16m▀[0m[38;2;157;114;71m[48;2;16;16;16m▀[0m[38;2;157;114;71m[48;2;157;114;71m▀[0m[38;2;154;154;154m[48;2;154;154;154m▀[0m[38;2;210;210;210m[48;2;210;210;210m▀[0m[38;2;154;154;154m[48;2;154;154;154m▀[0m[38;2;210;210;210m[48;2;210;210;210m▀[0m[38;2;210;210;210m[48;2;210;210;210m▀[0m[38;2;210;210;210m[48;2;210;210;210m▀[0m[38;2;154;154;154m[48;2;154;154;154m▀[0m[38;2;157;114;71m[48;2;157;114;71m▀[0m[38;2;157;114;71m[48;2;16;16;16m▀[0m[38;2;157;114;71m[48;2;16;16;16m▀[0m[38;2;157;114;71m[48;2;209;191;107m▀[0m[38;2;157;114;71m[48;2;157;114;71m▀[0m[38;2;154;154;154m[48;2;154;154;154m▀[0m[38;2;210;210;210m[48;2;210;210;210m▀[0m[38;2;210;210;210m[48;2;210;210;210m▀[0m[38;2;210;210;210m[48;2;210;210;210m▀[0m[38;2;210;210;210m[48;2;210;210;210m▀[0m[38;2;210;210;210m[48;2;154;154;154m▀[0m[38;2;16;16;16m[48;2;16;16;16m▀[0m  
[38;2;100;100;100m[48;2;16;16;16m▀[0m[38;2;209;191;107m[48;2;209;191;107m▀[0m[38;2;16;16;16m[48;2;16;16;16m▀[0m[38;2;16;16;16m[48;2;16;16;16m▀[0m[38;2;209;191;107m[48;2;209;191;107m▀[0m[38;2;154;154;154m[48;2;154;154;154m▀[0m[38;2;210;210;210m[48;2;210;210;210m▀[0m[38;2;154;154;154m[48;2;154;154;154m▀[0m[38;2;210;210;210m[48;2;210;210;210m▀[0m[38;2;210;210;210m[48;2;210;210;210m▀[0m[38;2;210;210;210m[48;2;210;210;210m▀[0m[38;2;154;154;154m[48;2;154;154;154m▀[0m[38;2;209;191;107m[48;2;209;191;107m▀[0m[38;2;16;16;16m[48;2;16;16;16m▀[0m[38;2;16;16;16m[48;2;16;16;16m▀[0m[38;2;209;191;107m[48;2;209;191;107m▀[0m[38;2;209;191;107m[48;2;209;191;107m▀[0m[38;2;154;154;154m[48;2;154;154;154m▀[0m[38;2;210;210;210m[48;2;154;154;154m▀[0m[38;2;210;210;210m[48;2;154;154;154m▀[0m[38;2;154;154;154m[48;2;154;154;154m▀[0m[38;2;154;154;154m[48;2;154;154;154m▀[0m[38;2;154;154;154m[48;2;154;154;154m▀[0m[38;2;16;16;16m[48;2;16;16;16m▀[0m  
[38;2;16;16;16m▀[0m[38;2;209;191;107m[48;2;16;16;16m▀[0m[38;2;16;16;16m[48;2;209;191;107m▀[0m[38;2;16;16;16m[48;2;209;191;107m▀[0m[38;2;209;191;107m[48;2;154;154;154m▀[0m[38;2;154;154;154m[48;2;210;210;210m▀[0m[38;2;210;210;210m[48;2;210;210;210m▀[0m[38;2;154;154;154m[48;2;16;16;16m▀[0m[38;2;210;210;210m[48;2;100;100;100m▀[0m[38;2;210;210;210m[48;2;210;210;210m▀[0m[38;2;210;210;210m[48;2;210;210;210m▀[0m[38;2;154;154;154m[48;2;210;210;210m▀[0m[38;2;209;191;107m[48;2;154;154;154m▀[0m[38;2;16;16;16m[48;2;209;191;107m▀[0m[38;2;16;16;16m[48;2;209;191;107m▀[0m[38;2;209;191;107m[48;2;209;191;107m▀[0m[38;2;209;191;107m[48;2;154;154;154m▀[0m[38;2;154;154;154m[48;2;154;154;154m▀[0m[38;2;154;154;154m[48;2;154;154;154m▀[0m[38;2;154;154;154m[48;2;154;154;154m▀[0m[38;2;154;154;154m[48;2;154;154;154m▀[0m[38;2;154;154;154m[48;2;154;154;154m▀[0m[38;2;154;154;154m[48;2;16;16;16m▀[0m[38;2;16;16;16m▀[0m  
 [38;2;16;16;16m▀[0m[38;2;154;154;154m[48;2;16;16;16m▀[0m[38;2;154;154;154m[48;2;154;154;154m▀[0m[38;2;154;154;154m[48;2;154;154;154m▀[0m[38;2;154;154;154m[48;2;16;16;16m▀[0m[38;2;16;16;16m[48;2;154;154;154m▀[0m[38;2;178;178;178m[48;2;247;247;247m▀[0m[38;2;247;247;247m[48;2;247;247;247m▀[0m[38;2;16;16;16m[48;2;247;247;247m▀[0m[38;2;100;100;100m[48;2;154;154;154m▀[0m[38;2;154;154;154m[48;2;100;100;100m▀[0m[38;2;154;154;154m[48;2;154;154;154m▀[0m[38;2;154;154;154m[48;2;154;154;154m▀[0m[38;2;154;154;154m[48;2;154;154;154m▀[0m[38;2;154;154;154m[48;2;154;154;154m▀[0m[38;2;154;154;154m[48;2;154;154;154m▀[0m[38;2;154;154;154m[48;2;154;154;154m▀[0m[38;2;154;154;154m[48;2;154;154;154m▀[0m[38;2;154;154;154m[48;2;154;154;154m▀[0m[38;2;154;154;154m[48;2;154;154;154m▀[0m[38;2;154;154;154m[48;2;16;16;16m▀[0m[38;2;16;16;16m▀[0m   
   [38;2;16;16;16m▀[0m[38;2;100;100;100m▀[0m[38;2;154;154;154m[48;2;16;16;16m▀[0m[38;2;154;154;154m[48;2;100;100;100m▀[0m[38;2;154;154;154m[48;2;154;154;154m▀[0m[38;2;247;247;247m[48;2;154;154;154m▀[0m[38;2;178;178;178m[48;2;154;154;154m▀[0m[38;2;154;154;154m[48;2;154;154;154m▀[0m[38;2;154;154;154m[48;2;154;154;154m▀[0m[38;2;100;100;100m[48;2;154;154;154m▀[0m[38;2;154;154;154m[48;2;154;154;154m▀[0m[38;2;154;154;154m[48;2;154;154;154m▀[0m[38;2;154;154;154m[48;2;154;154;154m▀[0m[38;2;154;154;154m[48;2;100;100;100m▀[0m[38;2;154;154;154m[48;2;16;16;16m▀[0m[38;2;154;154;154m[48;2;16;16;16m▀[0m[38;2;16;16;16m▀[0m[38;2;16;16;16m▀[0m     
     [38;2;30;30;30m▄[0m[38;2;30;30;30m[48;2;88;88;88m▀[0m[38;2;16;16;16m[48;2;59;59;59m▀[0m[38;2;16;16;16m[48;2;59;59;59m▀[0m[38;2;16;16;16m[48;2;59;59;59m▀[0m[38;2;16;16;16m[48;2;59;59;59m▀[0m[38;2;16;16;16m[48;2;59;59;59m▀[0m[38;2;16;16;16m[48;2;59;59;59m▀[0m[38;2;16;16;16m[48;2;59;59;59m▀[0m[38;2;16;16;16m[48;2;59;59;59m▀[0m[38;2;16;16;16m[48;2;30;30;30m▀[0m[38;2;30;30;30m[48;2;16;16;16m▀[0m[38;2;88;88;88m[48;2;16;16;16m▀[0m[38;2;30;30;30m[48;2;88;88;88m▀[0m[38;2;30;30;30m[48;2;88;88;88m▀[0m[38;2;30;30;30m▄[0m     
    [38;2;30;30;30m[48;2;16;16;16m▀[0m[38;2;88;88;88m[48;2;16;16;16m▀[0m[38;2;88;88;88m[48;2;16;16;16m▀[0m[38;2;16;16;16m[48;2;16;16;16m▀[0m[38;2;30;30;30m[48;2;16;16;16m▀[0m[38;2;59;59;59m[48;2;88;88;88m▀[0m[38;2;59;59;59m[48;2;16;16;16m▀[0m[38;2;59;59;59m[48;2;30;30;30m▀[0m[38;2;59;59;59m[48;2;88;88;88m▀[0m[38;2;59;59;59m[48;2;88;88;88m▀[0m[38;2;30;30;30m[48;2;30;30;30m▀[0m[38;2;88;88;88m[48;2;16;16;16m▀[0m[38;2;16;16;16m[48;2;88;88;88m▀[0m[38;2;16;16;16m[48;2;30;30;30m▀[0m[38;2;30;30;30m▀[0m[38;2;30;30;30m▀[0m      
      [38;2;16;16;16m▀[0m[38;2;16;16;16m▀[0m[38;2;30;30;30m[48;2;133;93;49m▀[0m[38;2;16;16;16m[48;2;209;191;107m▀[0m[38;2;100;100;100m[48;2;100;100;100m▀[0m[38;2;154;154;154m[48;2;154;154;154m▀[0m[38;2;16;16;16m[48;2;154;154;154m▀[0m[38;2;88;88;88m[48;2;16;16;16m▀[0m[38;2;16;16;16m[48;2;133;93;49m▀[0m[38;2;154;154;154m[48;2;154;154;154m▀[0m[38;2;16;16;16m[48;2;16;16;16m▀[0m[38;2;30;30;30m▀[0m        
        [38;2;133;93;49m▀[0m[38;2;100;100;100m[48;2;100;100;100m▀[0m[38;2;210;210;210m[48;2;154;154;154m▀[0m[38;2;210;210;210m[48;2;210;210;210m▀[0m[38;2;210;210;210m[48;2;210;210;210m▀[0m[38;2;154;154;154m[48;2;210;210;210m▀[0m[38;2;209;191;107m[48;2;133;93;49m▀[0m[38;2;133;93;49m[48;2;154;154;154m▀[0m[38;2;154;154;154m[48;2;154;154;154m▀[0m[38;2;16;16;16m[48;2;210;210;210m▀[0m[38;2;16;16;16m▄[0m[38;2;100;100;100m▄[0m[38;2;100;100;100m▄[0m[38;2;100;100;100m[48;2;209;191;107m▀[0m[38;2;100;100;100m[48;2;209;191;107m▀[0m[38;2;100;100;100m[48;2;154;154;154m▀[0m[38;2;100;100;100m▄[0m 
         [38;2;100;100;100m▀[0m[38;2;210;210;210m[48;2;100;100;100m▀[0m[38;2;154;154;154m[48;2;210;210;210m▀[0m[38;2;154;154;154m[48;2;210;210;210m▀[0m[38;2;154;154;154m[48;2;210;210;210m▀[0m[38;2;154;154;154m[48;2;210;210;210m▀[0m[38;2;210;210;210m[48;2;133;93;49m▀[0m[38;2;210;210;210m[48;2;210;210;210m▀[0m[38;2;210;210;210m[48;2;210;210;210m▀[0m[38;2;210;210;210m[48;2;210;210;210m▀[0m[38;2;16;16;16m[48;2;100;100;100m▀[0m[38;2;209;191;107m[48;2;210;210;210m▀[0m[38;2;209;191;107m[48;2;157;114;71m▀[0m[38;2;209;191;107m[48;2;209;191;107m▀[0m[38;2;157;114;71m[48;2;157;114;71m▀[0m[38;2;154;154;154m[48;2;154;154;154m▀[0m[38;2;100;100;100m[48;2;100;100;100m▀[0m
         [38;2;133;93;49m[48;2;133;93;49m▀[0m[38;2;154;154;154m[48;2;209;191;107m▀[0m[38;2;210;210;210m[48;2;100;100;100m▀[0m[38;2;210;210;210m[48;2;210;210;210m▀[0m[38;2;210;210;210m[48;2;210;210;210m▀[0m[38;2;133;93;49m[48;2;210;210;210m▀[0m[38;2;209;191;107m[48;2;154;154;154m▀[0m[38;2;154;154;154m[48;2;210;210;210m▀[0m[38;2;210;210;210m[48;2;210;210;210m▀[0m[38;2;154;154;154m[48;2;100;100;100m▀[0m[38;2;154;154;154m[48;2;210;210;210m▀[0m[38;2;210;210;210m[48;2;210;210;210m▀[0m[38;2;210;210;210m[48;2;154;154;154m▀[0m[38;2;154;154;154m[48;2;154;154;154m▀[0m[38;2;154;154;154m[48;2;154;154;154m▀[0m[38;2;154;154;154m[48;2;154;154;154m▀[0m[38;2;16;16;16m[48;2;16;16;16m▀[0m
          [38;2;16;16;16m▀[0m[38;2;16;16;16m▀[0m[38;2;100;100;100m▀[0m[38;2;154;154;154m[48;2;16;16;16m▀[0m[38;2;210;210;210m[48;2;100;100;100m▀[0m[38;2;210;210;210m[48;2;154;154;154m▀[0m[38;2;210;210;210m[48;2;154;154;154m▀[0m[38;2;154;154;154m[48;2;210;210;210m▀[0m[38;2;210;210;210m[48;2;210;210;210m▀[0m[38;2;154;154;154m[48;2;133;93;49m▀[0m[38;2;157;114;71m[48;2;209;191;107m▀[0m[38;2;209;191;107m[48;2;209;191;107m▀[0m[38;2;157;114;71m[48;2;209;191;107m▀[0m[38;2;154;154;154m[48;2;16;16;16m▀[0m[38;2;16;16;16m▀[0m 
               [38;2;16;16;16m▀[0m[38;2;133;93;49m[48;2;16;16;16m▀[0m[38;2;16;16;16m▀[0m[38;2;16;16;16m▀[0m[38;2;16;16;16m▀[0m[38;2;133;93;49m▀[0m[38;2;209;191;107m[48;2;16;16;16m▀[0m[38;2;16;16;16m▀[0m   
[0m