 [38;2;40;83;55m▄[0m[38;2;42;87;55m[48;2;157;195;104m▀[0m[38;2;37;82;52m[48;2;64;108;67m▀[0m[38;2;29;77;53m▄[0m                                                                           
[38;2;43;86;55m▄[0m[38;2;34;79;53m[48;2;151;187;102m▀[0m[38;2;162;199;106m[48;2;169;206;109m▀[0m[38;2;62;107;67m[48;2;118;171;75m▀[0m[38;2;22;68;51m[48;2;112;165;60m▀[0m                                                                           
[38;2;44;88;58m[48;2;43;87;56m▀[0m[38;2;113;164;71m[48;2;152;192;98m▀[0m[38;2;166;203;107m[48;2;120;170;74m▀[0m[38;2;169;207;106m[48;2;171;209;109m▀[0m[38;2;69;115;69m[48;2;72;117;72m▀[0m[38;2;30;75;50m[48;2;29;72;51m▀[0m                                                                          
[38;2;43;87;56m[48;2;43;87;57m▀[0m[38;2;166;201;109m[48;2;118;167;74m▀[0m[38;2;156;197;100m[48;2;171;207;111m▀[0m[38;2;133;181;82m[48;2;117;168;71m▀[0m[38;2;56;104;63m[48;2;100;152;66m▀[0m[38;2;22;62;51m[48;2;61;109;64m▀[0m[38;2;33;75;56m▄[0m                                                                         
[38;2;38;81;55m[48;2;96;149;69m▀[0m[38;2;147;188;95m[48;2;137;184;85m▀[0m[38;2;128;175;79m[48;2;147;190;93m▀[0m[38;2;148;190;94m[48;2;170;206;110m▀[0m[38;2;127;178;75m[48;2;128;178;78m▀[0m[38;2;64;115;65m[48;2;55;104;60m▀[0m[38;2;33;77;57m[48;2;21;59;51m▀[0m                                                                         
[38;2;121;174;70m▀[0m[38;2;68;116;59m[48;2;36;80;55m▀[0m[38;2;127;174;81m[48;2;132;177;87m▀[0m[38;2;166;203;107m[48;2;171;207;110m▀[0m[38;2;123;173;75m[48;2;117;167;72m▀[0m[38;2;120;165;85m[48;2;166;207;103m▀[0m[38;2;76;120;73m[48;2;82;130;78m▀[0m[38;2;29;73;53m[48;2;15;59;46m▀[0m                                                                        
 [38;2;41;85;57m[48;2;42;85;57m▀[0m[38;2;140;184;89m[48;2;74;124;60m▀[0m[38;2;140;185;87m[48;2;124;172;79m▀[0m[38;2;137;182;86m[48;2;164;202;105m▀[0m[38;2;164;203;104m[48;2;167;204;108m▀[0m[38;2;128;169;94m[48;2;181;218;113m▀[0m[38;2;72;117;70m[48;2;94;141;82m▀[0m[38;2;30;75;50m[48;2;29;73;50m▀[0m                                                                       
  [38;2;31;76;53m[48;2;37;82;54m▀[0m[38;2;160;197;106m[48;2;116;155;86m▀[0m[38;2;170;207;109m[48;2;160;198;105m▀[0m[38;2;166;203;107m[48;2;167;204;107m▀[0m[38;2;175;212;111m[48;2;172;209;110m▀[0m[38;2;85;130;76m[48;2;118;160;89m▀[0m[38;2;21;65;47m[48;2;67;110;67m▀[0m[38;2;25;70;51m▄[0m                                                                      
   [38;2;25;70;49m[48;2;35;80;53m▀[0m[38;2;143;182;98m[48;2;148;187;101m▀[0m[38;2;169;206;108m[48;2;170;207;108m▀[0m[38;2;165;202;107m[48;2;166;203;107m▀[0m[38;2;182;217;113m[48;2;174;210;111m▀[0m[38;2;102;148;85m[48;2;106;151;81m▀[0m[38;2;24;67;49m[48;2;45;93;55m▀[0m[38;2;38;77;54m▄[0m                                                                     
   [38;2;35;80;54m▀[0m[38;2;126;165;91m[48;2;24;70;49m▀[0m[38;2;163;201;106m[48;2;137;177;96m▀[0m[38;2;167;204;107m[48;2;170;207;109m▀[0m[38;2;169;205;109m[48;2;166;203;107m▀[0m[38;2;149;194;90m[48;2;177;213;113m▀[0m[38;2;86;139;71m[48;2;105;148;85m▀[0m[38;2;35;77;54m[48;2;24;70;49m▀[0m                                                                     
    [38;2;33;79;52m[48;2;34;79;52m▀[0m[38;2;140;180;98m[48;2;132;172;93m▀[0m[38;2;170;207;109m[48;2;167;204;108m▀[0m[38;2;166;203;107m[48;2;166;203;107m▀[0m[38;2;174;210;111m[48;2;166;203;107m▀[0m[38;2;112;155;87m[48;2;177;214;111m▀[0m[38;2;44;88;58m[48;2;115;159;90m▀[0m[38;2;28;70;56m[48;2;29;73;50m▀[0m                                                                    
     [38;2;27;72;49m[48;2;32;76;52m▀[0m[38;2;132;172;95m[48;2;132;172;94m▀[0m[38;2;171;208;109m[48;2;171;208;109m▀[0m[38;2;166;203;107m[48;2;166;203;107m▀[0m[38;2;174;211;110m[48;2;166;203;107m▀[0m[38;2;114;157;88m[48;2;174;211;110m▀[0m[38;2;37;81;53m[48;2;121;163;91m▀[0m[38;2;31;63;63m[48;2;30;75;52m▀[0m                                                                   
     [38;2;37;80;55m[48;2;63;63;63m▀[0m[38;2;91;143;65m[48;2;33;77;52m▀[0m[38;2;151;193;94m[48;2;127;168;92m▀[0m[38;2;169;205;109m[48;2;172;209;110m▀[0m[38;2;166;203;107m[48;2;166;203;107m▀[0m[38;2;173;210;110m[48;2;173;210;110m▀[0m[38;2;119;161;90m[48;2;118;160;90m▀[0m[38;2;30;74;51m[48;2;27;72;51m▀[0m                                                                   
      [38;2;31;75;51m[48;2;34;68;51m▀[0m[38;2;130;171;94m[48;2;42;86;57m▀[0m[38;2;174;211;111m[48;2;123;165;92m▀[0m[38;2;166;203;107m[48;2;172;209;110m▀[0m[38;2;166;203;107m[48;2;166;203;107m▀[0m[38;2;169;207;109m[48;2;172;209;110m▀[0m[38;2;122;163;90m[48;2;127;168;92m▀[0m[38;2;30;75;51m[48;2;30;75;51m▀[0m                                                                  
       [38;2;29;73;50m[48;2;30;74;51m▀[0m[38;2;118;160;90m[48;2;126;169;94m▀[0m[38;2;173;210;110m[48;2;177;214;111m▀[0m[38;2;166;203;107m[48;2;165;202;107m▀[0m[38;2;172;209;110m[48;2;167;204;107m▀[0m[38;2;123;165;91m[48;2;164;202;106m▀[0m[38;2;22;67;48m[48;2;121;160;89m▀[0m[38;2;32;77;52m▄[0m                                                                 
       [38;2;30;77;54m▀[0m[38;2;56;99;62m[48;2;25;70;48m▀[0m[38;2;123;165;92m[48;2;109;152;86m▀[0m[38;2;172;209;109m[48;2;174;211;110m▀[0m[38;2;166;203;107m[48;2;166;203;107m▀[0m[38;2;172;209;109m[48;2;171;208;109m▀[0m[38;2;136;176;96m[48;2;130;171;94m▀[0m[38;2;33;76;52m[48;2;22;66;47m▀[0m                                                                 
        [38;2;29;73;50m[48;2;30;75;50m▀[0m[38;2;118;163;91m[48;2;68;113;68m▀[0m[38;2;179;216;112m[48;2;128;169;93m▀[0m[38;2;165;202;107m[48;2;172;208;110m▀[0m[38;2;167;204;108m[48;2;166;203;107m▀[0m[38;2;159;197;105m[48;2;172;209;110m▀[0m[38;2;113;154;86m[48;2;143;183;99m▀[0m[38;2;34;78;53m[48;2;28;72;51m▀[0m                                                                
         [38;2;19;65;47m[48;2;28;74;51m▀[0m[38;2;101;145;83m[48;2;110;156;88m▀[0m[38;2;175;211;111m[48;2;180;216;113m▀[0m[38;2;166;203;107m[48;2;165;202;107m▀[0m[38;2;169;205;108m[48;2;167;203;107m▀[0m[38;2;149;189;98m[48;2;164;203;104m▀[0m[38;2;72;123;57m[48;2;128;174;85m▀[0m[38;2;39;82;56m[48;2;37;81;55m▀[0m                                                               
         [38;2;27;73;50m▀[0m[38;2;78;123;72m[48;2;16;59;45m▀[0m[38;2;135;175;96m[48;2;93;137;80m▀[0m[38;2;171;207;109m[48;2;178;213;113m▀[0m[38;2;166;203;107m[48;2;166;203;107m▀[0m[38;2;170;207;109m[48;2;168;205;108m▀[0m[38;2;146;185;101m[48;2;156;194;103m▀[0m[38;2;26;71;49m[48;2;92;134;77m▀[0m[38;2;37;82;54m▄[0m                                                              
          [38;2;32;74;52m[48;2;36;79;56m▀[0m[38;2;90;139;76m[48;2;62;113;59m▀[0m[38;2;161;202;100m[48;2;117;165;80m▀[0m[38;2;168;205;109m[48;2;166;204;106m▀[0m[38;2;168;204;109m[48;2;150;191;95m▀[0m[38;2;169;206;108m[48;2;170;206;109m▀[0m[38;2;159;197;105m[48;2;150;188;101m▀[0m[38;2;36;81;54m[48;2;30;76;52m▀[0m                                                              
           [38;2;21;63;49m[48;2;30;73;50m▀[0m[38;2;92;137;82m[48;2;85;129;77m▀[0m[38;2;161;202;98m[48;2;133;176;88m▀[0m[38;2;117;168;72m[48;2;122;172;75m▀[0m[38;2;172;208;111m[48;2;172;207;111m▀[0m[38;2;156;194;103m[48;2;169;205;108m▀[0m[38;2;76;118;70m[48;2;165;203;107m▀[0m[38;2;40;83;57m[48;2;41;86;57m▀[0m                                                             
            [38;2;20;63;46m[48;2;28;70;51m▀[0m[38;2;63;112;64m[48;2;87;132;79m▀[0m[38;2;137;185;84m[48;2;165;205;103m▀[0m[38;2;159;198;102m[48;2;115;166;70m▀[0m[38;2;169;205;108m[48;2;171;207;110m▀[0m[38;2;156;194;103m[48;2;158;196;104m▀[0m[38;2;36;80;54m[48;2;62;105;64m▀[0m[38;2;40;86;57m▄[0m[38;2;0;0;0m▄[0m                                                           
            [38;2;30;73;53m▀[0m[38;2;82;126;76m[48;2;24;64;52m▀[0m[38;2;147;189;96m[48;2;58;107;62m▀[0m[38;2;120;170;73m[48;2;131;180;80m▀[0m[38;2;170;205;109m[48;2;164;201;105m▀[0m[38;2;168;205;107m[48;2;167;204;107m▀[0m[38;2;168;205;108m[48;2;161;198;105m▀[0m[38;2;44;89;59m[48;2;48;94;57m▀[0m[38;2;45;91;63m▄[0m[38;2;0;0;0m▄[0m                      [38;2;162;81;23m▄[0m[38;2;153;51;0m▄[0m [38;2;150;75;15m▄[0m[38;2;161;80;13m[48;2;175;105;30m▀[0m[38;2;182;94;21m[48;2;204;123;36m▀[0m[38;2;150;75;15m[48;2;175;104;31m▀[0m[38;2;145;54;18m▄[0m           [38;2;33;77;55m▄[0m[38;2;0;85;85m▄[0m               
             [38;2;27;73;52m[48;2;29;72;51m▀[0m[38;2;78;123;75m[48;2;77;121;74m▀[0m[38;2;166;205;104m[48;2;160;200;102m▀[0m[38;2;115;166;70m[48;2;117;168;72m▀[0m[38;2;169;205;109m[48;2;169;205;109m▀[0m[38;2;164;201;105m[48;2;166;203;107m▀[0m[38;2;117;170;71m[48;2;165;202;107m▀[0m[38;2;47;94;60m[48;2;46;91;58m▀[0m[38;2;42;85;63m[48;2;42;85;42m▀[0m                    [38;2;159;95;31m▄[0m[38;2;163;72;18m[48;2;163;90;24m▀[0m[38;2;172;100;28m[48;2;252;211;74m▀[0m[38;2;173;100;31m[48;2;205;134;42m▀[0m[38;2;170;85;0m[48;2;149;72;20m▀[0m[38;2;154;78;19m[48;2;158;83;22m▀[0m[38;2;232;178;60m[48;2;228;175;59m▀[0m[38;2;255;240;85m[48;2;255;226;80m▀[0m[38;2;231;174;58m[48;2;255;227;81m▀[0m[38;2;163;87;23m[48;2;232;178;60m▀[0m[38;2;139;69;23m[48;2;155;83;21m▀[0m[38;2;0;0;0m▄[0m        [38;2;34;85;51m[48;2;37;81;54m▀[0m[38;2;51;95;60m[48;2;161;199;105m▀[0m[38;2;50;92;57m[48;2;73;120;73m▀[0m[38;2;0;63;63m[48;2;29;71;50m▀[0m              
              [38;2;31;76;53m[48;2;30;73;51m▀[0m[38;2;57;106;62m[48;2;69;114;70m▀[0m[38;2;125;174;75m[48;2;174;210;110m▀[0m[38;2;169;205;109m[48;2;161;200;102m▀[0m[38;2;165;203;107m[48;2;115;165;72m▀[0m[38;2;164;201;107m[48;2;190;185;185m▀[0m[38;2;48;92;59m[48;2;189;185;185m▀[0m[38;2;51;85;51m[48;2;96;93;91m▀[0m[38;2;85;85;72m▄[0m                   [38;2;160;86;22m[48;2;160;85;21m▀[0m[38;2;247;205;71m[48;2;246;204;71m▀[0m[38;2;255;230;81m[48;2;255;221;78m▀[0m[38;2;187;123;38m[48;2;254;227;81m▀[0m[38;2;158;80;20m[48;2;185;120;37m▀[0m[38;2;225;176;59m[48;2;220;170;57m▀[0m[38;2;255;227;80m[48;2;255;226;80m▀[0m[38;2;255;219;77m[48;2;255;219;77m▀[0m[38;2;255;219;77m[48;2;255;219;77m▀[0m[38;2;255;231;80m[48;2;255;231;80m▀[0m[38;2;174;151;57m[48;2;174;151;57m▀[0m[38;2;0;0;9m[48;2;0;0;9m▀[0m       [38;2;0;85;85m[48;2;40;83;55m▀[0m[38;2;38;82;55m[48;2;155;193;102m▀[0m[38;2;158;196;104m[48;2;175;211;111m▀[0m[38;2;71;117;71m[48;2;68;113;70m▀[0m[38;2;30;73;51m[48;2;26;71;49m▀[0m              
              [38;2;33;75;54m[48;2;63;63;63m▀[0m[38;2;60;110;63m[48;2;69;77;64m▀[0m[38;2;129;175;85m[48;2;116;117;109m▀[0m[38;2;190;186;186m[48;2;251;250;251m▀[0m[38;2;188;186;183m[48;2;249;249;249m▀[0m[38;2;252;252;252m[48;2;253;253;253m▀[0m[38;2;253;253;253m[48;2;255;255;255m▀[0m[38;2;99;96;94m[48;2;93;89;87m▀[0m[38;2;72;72;72m[48;2;46;46;46m▀[0m                  [38;2;163;89;23m[48;2;163;91;25m▀[0m[38;2;246;206;72m[48;2;241;155;52m▀[0m[38;2;255;221;78m[48;2;255;215;75m▀[0m[38;2;255;219;77m[48;2;255;220;77m▀[0m[38;2;255;228;81m[48;2;255;228;81m▀[0m[38;2;185;120;37m[48;2;182;118;36m▀[0m[38;2;220;170;57m[48;2;219;171;57m▀[0m[38;2;255;226;80m[48;2;255;227;81m▀[0m[38;2;255;219;77m[48;2;255;219;77m▀[0m[38;2;255;226;80m[48;2;255;228;81m▀[0m[38;2;228;175;59m[48;2;226;173;57m▀[0m[38;2;157;83;21m[48;2;103;54;18m▀[0m[38;2;0;0;0m[48;2;0;1;13m▀[0m       [38;2;39;83;55m[48;2;39;83;55m▀[0m[38;2;156;194;103m[48;2;156;194;103m▀[0m[38;2;168;204;108m[48;2;168;204;108m▀[0m[38;2;170;208;109m[48;2;174;211;110m▀[0m[38;2;75;120;73m[48;2;75;121;73m▀[0m[38;2;29;72;51m[48;2;27;73;52m▀[0m             
               [38;2;77;65;71m[48;2;74;69;69m▀[0m[38;2;115;112;111m[48;2;121;119;117m▀[0m[38;2;255;255;255m[48;2;255;255;255m▀[0m[38;2;254;254;254m[48;2;253;253;253m▀[0m[38;2;253;253;253m[48;2;252;252;252m▀[0m[38;2;255;255;255m[48;2;199;195;195m▀[0m[38;2;240;239;239m[48;2;255;255;255m▀[0m[38;2;106;103;101m[48;2;108;106;104m▀[0m[38;2;68;68;68m[48;2;69;69;69m▀[0m                 [38;2;159;95;21m▀[0m[38;2;168;95;27m[48;2;164;91;25m▀[0m[38;2;240;155;52m[48;2;174;95;26m▀[0m[38;2;255;211;74m[48;2;242;202;70m▀[0m[38;2;255;225;79m[48;2;255;223;78m▀[0m[38;2;239;166;56m[48;2;255;221;78m▀[0m[38;2;241;152;50m[48;2;197;130;41m▀[0m[38;2;252;198;69m[48;2;219;165;56m▀[0m[38;2;255;226;80m[48;2;255;237;84m▀[0m[38;2;252;194;67m[48;2;212;160;54m▀[0m[38;2;242;156;52m[48;2;194;112;34m▀[0m[38;2;238;151;51m[48;2;255;171;56m▀[0m[38;2;163;107;39m[48;2;191;125;44m▀[0m[38;2;0;2;12m[48;2;0;2;13m▀[0m      [38;2;39;83;55m[48;2;39;83;55m▀[0m[38;2;156;194;103m[48;2;159;196;105m▀[0m[38;2;171;206;110m[48;2;125;174;77m▀[0m[38;2;175;212;111m[48;2;158;198;101m▀[0m[38;2;70;116;71m[48;2;162;200;107m▀[0m[38;2;16;60;48m[48;2;79;125;75m▀[0m[38;2;30;73;53m▄[0m            
               [38;2;63;63;63m▀[0m[38;2;99;95;95m[48;2;59;59;59m▀[0m[38;2;133;131;129m[48;2;110;107;105m▀[0m[38;2;255;255;255m[48;2;255;255;255m▀[0m[38;2;252;252;252m[48;2;252;252;252m▀[0m[38;2;189;185;185m[48;2;185;181;181m▀[0m[38;2;255;255;255m[48;2;255;255;255m▀[0m[38;2;97;95;93m[48;2;223;222;222m▀[0m[38;2;28;28;28m[48;2;113;111;110m▀[0m[38;2;72;65;65m▄[0m                 [38;2;166;98;29m[48;2;151;72;17m▀[0m[38;2;152;77;19m[48;2;233;186;64m▀[0m[38;2;236;154;51m[48;2;183;107;32m▀[0m[38;2;255;210;74m[48;2;235;188;65m▀[0m[38;2;255;232;82m[48;2;255;225;80m▀[0m[38;2;185;120;37m[48;2;241;199;69m▀[0m[38;2;211;160;53m[48;2;246;215;76m▀[0m[38;2;255;204;71m[48;2;210;151;49m▀[0m[38;2;237;154;51m[48;2;217;127;39m▀[0m[38;2;249;157;51m[48;2;178;119;45m▀[0m[38;2;192;126;45m[48;2;35;24;19m▀[0m[38;2;38;25;18m[48;2;0;0;6m▀[0m[38;2;0;0;14m▀[0m      [38;2;39;83;55m[48;2;41;86;57m▀[0m[38;2;159;196;105m[48;2;168;205;109m▀[0m[38;2;117;168;71m[48;2;115;167;70m▀[0m[38;2;156;196;100m[48;2;159;198;102m▀[0m[38;2;178;214;113m[48;2;178;213;113m▀[0m[38;2;83;129;77m[48;2;75;121;73m▀[0m[38;2;28;70;51m[48;2;13;57;46m▀[0m            
                [38;2;56;56;56m▀[0m[38;2;101;98;95m[48;2;42;42;42m▀[0m[38;2;140;138;137m[48;2;93;90;88m▀[0m[38;2;254;254;254m[48;2;255;255;255m▀[0m[38;2;237;236;236m[48;2;255;255;255m▀[0m[38;2;206;204;204m[48;2;189;185;185m▀[0m[38;2;255;255;255m[48;2;249;249;249m▀[0m[38;2;109;106;104m[48;2;212;211;210m▀[0m[38;2;41;32;32m[48;2;120;117;116m▀[0m[38;2;68;62;62m▄[0m             [38;2;178;95;20m▄[0m[38;2;158;86;23m[48;2;235;143;42m▀[0m[38;2;155;76;19m[48;2;234;180;61m▀[0m[38;2;226;176;60m[48;2;255;221;78m▀[0m[38;2;255;223;79m[48;2;255;220;77m▀[0m[38;2;233;189;65m[48;2;255;223;79m▀[0m[38;2;248;210;73m[48;2;255;220;78m▀[0m[38;2;255;220;77m[48;2;255;218;77m▀[0m[38;2;255;222;78m[48;2;255;222;78m▀[0m[38;2;255;223;79m[48;2;255;233;77m▀[0m[38;2;247;211;71m[48;2;195;175;82m▀[0m[38;2;215;151;46m[48;2;180;152;73m▀[0m[38;2;155;80;24m[48;2;236;198;62m▀[0m[38;2;106;53;16m[48;2;219;162;53m▀[0m[38;2;144;61;14m▄[0m       [38;2;39;83;55m▀[0m[38;2;71;113;69m[48;2;33;82;55m▀[0m[38;2;144;186;96m[48;2;156;194;106m▀[0m[38;2;130;178;81m[48;2;120;170;73m▀[0m[38;2;158;198;101m[48;2;151;192;96m▀[0m[38;2;152;190;102m[48;2;181;216;113m▀[0m[38;2;82;126;74m[48;2;92;138;80m▀[0m[38;2;30;73;50m[48;2;28;73;51m▀[0m           
                 [38;2;66;66;66m[48;2;56;56;56m▀[0m[38;2;106;103;101m[48;2;97;93;91m▀[0m[38;2;255;255;255m[48;2;159;157;156m▀[0m[38;2;254;254;254m[48;2;252;252;252m▀[0m[38;2;186;182;182m[48;2;229;227;227m▀[0m[38;2;251;251;251m[48;2;215;212;212m▀[0m[38;2;255;255;255m[48;2;255;255;255m▀[0m[38;2;129;126;125m[48;2;115;113;111m▀[0m[38;2;69;65;65m[48;2;45;39;39m▀[0m           [38;2;176;98;19m[48;2;85;42;0m▀[0m[38;2;166;95;28m[48;2;175;94;26m▀[0m[38;2;114;88;68m[48;2;173;122;68m▀[0m[38;2;146;112;73m[48;2;71;77;88m▀[0m[38;2;255;229;79m[48;2;149;135;81m▀[0m[38;2;255;221;77m[48;2;255;222;77m▀[0m[38;2;255;219;77m[48;2;255;221;77m▀[0m[38;2;255;219;77m[48;2;255;222;79m▀[0m[38;2;255;219;77m[48;2;255;231;78m▀[0m[38;2;255;225;80m[48;2;255;204;64m▀[0m[38;2;255;202;64m[48;2;192;138;64m▀[0m[38;2;194;156;71m[48;2;105;88;79m▀[0m[38;2;103;99;84m[48;2;69;73;87m▀[0m[38;2;99;100;87m[48;2;116;90;75m▀[0m[38;2;185;157;77m[48;2;207;147;62m▀[0m[38;2;252;188;62m[48;2;255;209;72m▀[0m[38;2;209;153;50m[48;2;255;220;77m▀[0m[38;2;145;63;14m[48;2;224;161;50m▀[0m[38;2;172;86;20m▄[0m      [38;2;18;33;26m[48;2;6;3;9m▀[0m[38;2;152;186;100m[48;2;156;187;100m▀[0m[38;2;118;170;72m[48;2;151;195;96m▀[0m[38;2;151;192;96m[48;2;160;199;103m▀[0m[38;2;178;214;112m[48;2;171;207;109m▀[0m[38;2;83;128;76m[48;2;140;179;97m▀[0m[38;2;16;60;46m[48;2;81;125;73m▀[0m[38;2;28;71;50m▄[0m   [38;2;28;42;35m▄[0m[38;2;30;47;32m▄[0m     
                  [38;2;78;58;58m▄[0m[38;2;82;79;77m[48;2;98;94;92m▀[0m[38;2;251;251;251m[48;2;255;255;255m▀[0m[38;2;255;255;255m[48;2;255;255;255m▀[0m[38;2;189;185;185m[48;2;188;184;184m▀[0m[38;2;249;249;249m[48;2;246;247;247m▀[0m[38;2;195;194;193m[48;2;255;255;255m▀[0m[38;2;122;119;118m[48;2;133;131;129m▀[0m[38;2;71;65;65m[48;2;53;49;45m▀[0m         [38;2;155;70;28m[48;2;160;87;21m▀[0m[38;2;180;107;31m[48;2;184;108;33m▀[0m[38;2;230;175;55m[48;2;168;154;76m▀[0m[38;2;255;202;64m[48;2;171;157;83m▀[0m[38;2;189;135;69m[48;2;129;79;19m▀[0m[38;2;86;83;88m[48;2;45;42;38m▀[0m[38;2;153;138;82m[48;2;67;70;83m▀[0m[38;2;254;221;78m[48;2;160;147;84m▀[0m[38;2;255;201;63m[48;2;171;129;69m▀[0m[38;2;187;158;77m[48;2;89;78;80m▀[0m[38;2;163;125;71m[48;2;70;77;90m▀[0m[38;2;100;89;81m[48;2;145;112;77m▀[0m[38;2;63;70;87m[48;2;175;144;75m▀[0m[38;2;127;117;83m[48;2;231;202;78m▀[0m[38;2;216;178;72m[48;2;255;239;77m▀[0m[38;2;255;208;68m[48;2;255;231;79m▀[0m[38;2;255;231;81m[48;2;217;198;73m▀[0m[38;2;233;206;75m[48;2;101;104;49m▀[0m[38;2;126;120;52m[48;2;13;50;42m▀[0m[38;2;94;64;26m[48;2;34;92;67m▀[0m[38;2;28;40;28m▄[0m     [38;2;7;7;11m▀[0m[38;2;92;133;77m[48;2;13;35;30m▀[0m[38;2;162;200;108m[48;2;122;163;78m▀[0m[38;2;169;206;109m[48;2;167;205;106m▀[0m[38;2;165;202;107m[48;2;168;204;108m▀[0m[38;2;180;216;113m[48;2;175;211;111m▀[0m[38;2;102;147;85m[48;2;92;137;79m▀[0m[38;2;28;72;50m[48;2;18;63;47m▀[0m  [38;2;32;48;32m[48;2;30;39;27m▀[0m[38;2;39;76;53m[48;2;42;84;59m▀[0m[38;2;40;90;63m[48;2;48;122;86m▀[0m[38;2;31;49;36m[48;2;30;45;32m▀[0m    
                  [38;2;72;72;72m▀[0m[38;2;91;89;86m▀[0m[38;2;179;178;177m[48;2;74;71;69m▀[0m[38;2;251;251;251m[48;2;245;245;245m▀[0m[38;2;219;217;217m[48;2;255;255;255m▀[0m[38;2;222;221;221m[48;2;187;184;184m▀[0m[38;2;248;248;248m[48;2;251;250;250m▀[0m[38;2;193;192;191m[48;2;213;213;212m▀[0m[38;2;124;122;119m[48;2;111;108;106m▀[0m[38;2;66;64;62m[48;2;129;126;125m▀[0m[38;2;68;64;62m[48;2;160;157;156m▀[0m[38;2;75;71;68m[48;2;164;162;160m▀[0m[38;2;63;63;58m[48;2;128;126;125m▀[0m[38;2;59;57;54m▄[0m[38;2;68;63;59m▄[0m  [38;2;109;72;72m▄[0m[38;2;170;85;0m[48;2;143;77;45m▀[0m[38;2;175;104;39m[48;2;164;98;50m▀[0m[38;2;153;157;170m[48;2;217;194;186m▀[0m[38;2;102;77;69m[48;2;145;83;48m▀[0m[38;2;105;115;130m[48;2;255;230;178m▀[0m[38;2;83;87;97m[48;2;231;209;147m▀[0m[38;2;106;81;71m[48;2;195;138;52m▀[0m[38;2;98;72;70m[48;2;191;132;42m▀[0m[38;2;93;70;71m[48;2;187;130;42m▀[0m[38;2;160;142;83m[48;2;224;170;60m▀[0m[38;2;77;76;57m[48;2;120;107;77m▀[0m[38;2;99;62;23m[48;2;85;95;108m▀[0m[38;2;174;139;56m[48;2;98;88;86m▀[0m[38;2;186;167;81m[48;2;108;96;98m▀[0m[38;2;171;150;72m[48;2;124;135;155m▀[0m[38;2;209;175;70m[48;2;191;155;118m▀[0m[38;2;175;144;55m[48;2;173;109;33m▀[0m[38;2;7;42;37m[48;2;16;48;38m▀[0m[38;2;40;79;53m[48;2;43;82;53m▀[0m[38;2;44;103;73m[48;2;34;63;45m▀[0m[38;2;39;82;57m[48;2;51;137;96m▀[0m[38;2;30;42;27m[48;2;38;80;56m▀[0m[38;2;31;44;31m▄[0m[38;2;31;47;31m▄[0m   [38;2;8;0;8m[48;2;18;34;28m▀[0m[38;2;58;98;48m[48;2;75;110;69m▀[0m[38;2;124;172;82m[48;2;121;168;81m▀[0m[38;2;163;201;104m[48;2;139;184;87m▀[0m[38;2;173;209;111m[48;2;157;197;101m▀[0m[38;2;131;173;95m[48;2;182;219;115m▀[0m[38;2;64;98;59m[48;2;133;165;90m▀[0m[38;2;9;27;27m[48;2;70;102;58m▀[0m[38;2;20;36;32m[48;2;67;100;49m▀[0m[38;2;31;63;47m[48;2;63;114;67m▀[0m[38;2;45;105;74m[48;2;48;133;96m▀[0m[38;2;48;123;86m[48;2;49;131;92m▀[0m[38;2;38;82;57m[48;2;49;121;86m▀[0m[38;2;31;52;36m[48;2;32;51;35m▀[0m   
                   [38;2;85;85;85m▀[0m[38;2;87;83;81m[48;2;81;78;76m▀[0m[38;2;253;253;253m[48;2;195;194;193m▀[0m[38;2;255;255;255m[48;2;202;201;201m▀[0m[38;2;222;220;220m[48;2;212;211;210m▀[0m[38;2;202;201;200m[48;2;128;125;123m▀[0m[38;2;133;130;129m[48;2;128;125;124m▀[0m[38;2;133;130;128m[48;2;175;174;174m▀[0m[38;2;230;229;230m[48;2;224;223;223m▀[0m[38;2;255;255;255m[48;2;253;252;252m▀[0m[38;2;255;255;255m[48;2;254;254;254m▀[0m[38;2;211;211;210m[48;2;255;255;255m▀[0m[38;2;146;144;142m[48;2;255;255;255m▀[0m[38;2;128;126;126m[48;2;222;223;224m▀[0m[38;2;77;56;44m[48;2;135;114;103m▀[0m[38;2;145;83;50m[48;2;161;93;41m▀[0m[38;2;152;94;49m[48;2;210;152;50m▀[0m[38;2;199;139;52m[48;2;255;223;39m▀[0m[38;2;180;125;47m[48;2;255;218;40m▀[0m[38;2;175;115;32m[48;2;255;218;40m▀[0m[38;2;183;127;47m[48;2;255;216;39m▀[0m[38;2;239;166;10m[48;2;255;210;41m▀[0m[38;2;255;202;28m[48;2;255;207;40m▀[0m[38;2;255;211;38m[48;2;255;207;40m▀[0m[38;2;255;212;39m[48;2;255;207;40m▀[0m[38;2;255;218;39m[48;2;255;207;40m▀[0m[38;2;191;135;36m[48;2;255;221;39m▀[0m[38;2;174;141;118m[48;2;204;147;38m▀[0m[38;2;220;204;202m[48;2;171;112;31m▀[0m[38;2;183;136;106m[48;2;153;95;44m▀[0m[38;2;155;113;89m[48;2;151;91;41m▀[0m[38;2;222;202;186m[48;2;191;111;30m▀[0m[38;2;255;226;148m[48;2;238;180;57m▀[0m[38;2;160;110;32m[48;2;197;171;63m▀[0m[38;2;0;19;23m[48;2;57;51;30m▀[0m[38;2;45;89;57m[48;2;40;85;56m▀[0m[38;2;37;72;49m[48;2;42;82;54m▀[0m[38;2;45;110;78m[48;2;33;57;40m▀[0m[38;2;50;130;92m[48;2;51;134;94m▀[0m[38;2;41;83;58m[48;2;50;133;94m▀[0m[38;2;41;83;58m[48;2;50;133;93m▀[0m[38;2;28;49;34m[48;2;40;82;57m▀[0m[38;2;29;47;32m[48;2;40;81;57m▀[0m[38;2;26;41;32m[48;2;37;77;56m▀[0m[38;2;64;112;60m[48;2;91;150;74m▀[0m[38;2;142;186;92m[48;2;108;163;66m▀[0m[38;2;174;210;111m[48;2;144;186;88m▀[0m[38;2;139;184;88m[48;2;155;194;98m▀[0m[38;2;154;195;98m[48;2;173;210;110m▀[0m[38;2;140;178;97m[48;2;84;126;75m▀[0m[38;2;156;194;105m[48;2;75;112;68m▀[0m[38;2;157;202;95m[48;2;128;169;79m▀[0m[38;2;107;165;71m[48;2;95;157;75m▀[0m[38;2;77;147;83m[48;2;56;131;88m▀[0m[38;2;45;126;91m[48;2;48;127;91m▀[0m[38;2;49;130;91m[48;2;49;130;91m▀[0m[38;2;47;116;82m[48;2;47;116;82m▀[0m[38;2;32;51;35m[48;2;32;51;35m▀[0m   
                [38;2;0;0;0m▄[0m[38;2;88;85;85m▄[0m[38;2;69;65;65m[48;2;130;127;125m▀[0m[38;2;71;67;67m[48;2;129;127;125m▀[0m[38;2;129;125;124m[48;2;255;255;255m▀[0m[38;2;118;115;114m[48;2;255;255;255m▀[0m[38;2;110;106;104m[48;2;179;176;176m▀[0m[38;2;60;58;56m[48;2;22;24;26m▀[0m[38;2;140;137;137m[48;2;22;22;22m▀[0m[38;2;72;71;71m[48;2;166;163;163m▀[0m[38;2;34;33;33m[48;2;220;215;215m▀[0m[38;2;96;94;94m[48;2;87;85;85m▀[0m[38;2;204;203;203m[48;2;88;85;85m▀[0m[38;2;254;254;254m[48;2;205;203;203m▀[0m[38;2;254;254;254m[48;2;255;255;255m▀[0m[38;2;253;253;253m[48;2;255;255;255m▀[0m[38;2;255;255;255m[48;2;244;244;245m▀[0m[38;2;242;230;225m[48;2;214;217;219m▀[0m[38;2;178;133;77m[48;2;157;163;171m▀[0m[38;2;198;166;28m[48;2;0;0;1m▀[0m[38;2;191;153;33m[48;2;40;28;21m▀[0m[38;2;197;158;34m[48;2;0;1;14m▀[0m[38;2;192;155;34m[48;2;54;36;24m▀[0m[38;2;233;178;43m[48;2;109;63;43m▀[0m[38;2;232;177;43m[48;2;108;63;43m▀[0m[38;2;233;177;43m[48;2;106;61;43m▀[0m[38;2;227;173;43m[48;2;156;94;45m▀[0m[38;2;226;173;43m[48;2;161;98;45m▀[0m[38;2;226;173;43m[48;2;161;97;45m▀[0m[38;2;226;173;43m[48;2;161;97;45m▀[0m[38;2;232;179;43m[48;2;161;97;45m▀[0m[38;2;232;187;42m[48;2;159;95;47m▀[0m[38;2;193;135;44m[48;2;180;118;28m▀[0m[38;2;218;144;28m[48;2;201;138;15m▀[0m[38;2;174;113;25m[48;2;110;73;16m▀[0m[38;2;155;121;58m[48;2;124;108;45m▀[0m[38;2;255;217;73m[48;2;255;222;76m▀[0m[38;2;192;125;45m[48;2;177;118;42m▀[0m[38;2;16;46;37m[48;2;4;17;20m▀[0m[38;2;43;86;56m[48;2;45;89;58m▀[0m[38;2;36;68;46m[48;2;43;86;55m▀[0m[38;2;46;113;80m[48;2;35;61;41m▀[0m[38;2;50;131;92m[48;2;46;115;82m▀[0m[38;2;49;128;90m[48;2;49;130;91m▀[0m[38;2;50;133;94m[48;2;49;130;91m▀[0m[38;2;50;133;94m[48;2;49;128;90m▀[0m[38;2;50;134;94m[48;2;49;128;90m▀[0m[38;2;42;125;93m[48;2;49;128;90m▀[0m[38;2;89;150;78m[48;2;45;126;91m▀[0m[38;2;95;154;72m[48;2;40;124;94m▀[0m[38;2;103;158;65m[48;2;86;151;81m▀[0m[38;2;150;195;91m[48;2;99;151;64m▀[0m[38;2;86;127;72m[48;2;63;95;49m▀[0m[38;2;38;68;48m[48;2;129;159;88m▀[0m[38;2;74;106;55m[48;2;114;144;80m▀[0m[38;2;103;153;66m[48;2;23;65;52m▀[0m[38;2;85;152;81m[48;2;40;111;82m▀[0m[38;2;45;127;93m[48;2;45;116;82m▀[0m[38;2;49;130;91m[48;2;50;133;93m▀[0m[38;2;47;116;82m[48;2;47;117;83m▀[0m[38;2;32;51;35m[48;2;31;51;34m▀[0m[38;2;33;49;38m▄[0m  
               [38;2;72;72;72m[48;2;73;62;62m▀[0m[38;2;94;94;91m[48;2;119;117;115m▀[0m[38;2;137;134;132m[48;2;255;255;255m▀[0m[38;2;255;255;255m[48;2;253;253;253m▀[0m[38;2;255;255;255m[48;2;253;253;253m▀[0m[38;2;253;253;253m[48;2;254;254;254m▀[0m[38;2;248;247;247m[48;2;183;180;180m▀[0m[38;2;19;21;24m[48;2;42;37;31m▀[0m[38;2;35;22;8m[48;2;243;156;51m▀[0m[38;2;152;147;144m[48;2;40;23;3m▀[0m[38;2;190;186;187m[48;2;142;141;145m▀[0m[38;2;190;186;186m[48;2;197;193;193m▀[0m[38;2;210;205;205m[48;2;189;185;185m▀[0m[38;2;93;91;91m[48;2;209;205;205m▀[0m[38;2;86;84;84m[48;2;96;95;96m▀[0m[38;2;192;191;191m[48;2;0;0;0m▀[0m[38;2;218;220;222m[48;2;51;43;34m▀[0m[38;2;187;181;176m[48;2;155;115;68m▀[0m[38;2;74;58;39m[48;2;255;167;50m▀[0m[38;2;29;18;4m[48;2;255;165;54m▀[0m[38;2;92;64;29m[48;2;252;162;54m▀[0m[38;2;241;155;52m[48;2;246;159;52m▀[0m[38;2;57;41;23m[48;2;232;150;51m▀[0m[38;2;219;141;49m[48;2;5;10;14m▀[0m[38;2;40;31;19m[48;2;255;174;57m▀[0m[38;2;43;33;19m[48;2;255;165;54m▀[0m[38;2;38;29;20m[48;2;255;169;55m▀[0m[38;2;189;130;17m[48;2;50;37;23m▀[0m[38;2;204;140;17m[48;2;27;22;20m▀[0m[38;2;202;139;17m[48;2;30;24;20m▀[0m[38;2;202;139;17m[48;2;30;24;20m▀[0m[38;2;202;139;17m[48;2;30;23;19m▀[0m[38;2;214;146;16m[48;2;15;19;19m▀[0m[38;2;104;72;19m[48;2;164;111;42m▀[0m[38;2;23;19;21m[48;2;255;212;71m▀[0m[38;2;142;101;40m[48;2;255;231;81m▀[0m[38;2;255;202;68m[48;2;255;222;78m▀[0m[38;2;255;234;83m[48;2;252;222;78m▀[0m[38;2;187;164;61m[48;2;183;150;55m▀[0m[38;2;0;6;14m[48;2;19;9;11m▀[0m[38;2;31;56;40m[48;2;33;32;21m▀[0m[38;2;46;92;59m[48;2;40;82;54m▀[0m[38;2;44;87;56m[48;2;45;89;58m▀[0m[38;2;33;58;40m[48;2;44;89;57m▀[0m[38;2;46;117;83m[48;2;33;56;38m▀[0m[38;2;47;117;82m[48;2;32;51;35m▀[0m[38;2;49;129;91m[48;2;46;116;82m▀[0m[38;2;49;129;91m[48;2;47;119;84m▀[0m[38;2;49;129;91m[48;2;46;118;84m▀[0m[38;2;50;130;91m[48;2;46;122;86m▀[0m[38;2;46;118;83m[48;2;48;81;53m▀[0m[38;2;40;115;84m[48;2;39;57;37m▀[0m[38;2;36;75;55m[48;2;131;163;88m▀[0m[38;2;124;154;84m[48;2;176;214;112m▀[0m[38;2;186;223;116m[48;2;174;211;110m▀[0m[38;2;108;150;85m[48;2;102;141;81m▀[0m[38;2;39;76;50m[48;2;88;130;76m▀[0m[38;2;53;71;44m[48;2;189;227;118m▀[0m[38;2;51;86;57m[48;2;138;171;92m▀[0m[38;2;45;119;85m[48;2;37;57;38m▀[0m[38;2;43;105;74m[48;2;42;70;43m▀[0m[38;2;34;58;39m[48;2;46;97;64m▀[0m[38;2;34;59;41m[48;2;43;88;59m▀[0m[38;2;13;13;13m[48;2;15;14;15m▀[0m 
              [38;2;51;51;51m[48;2;71;66;66m▀[0m[38;2;90;86;86m[48;2;128;125;124m▀[0m[38;2;126;125;123m[48;2;255;255;255m▀[0m[38;2;255;255;255m[48;2;253;253;253m▀[0m[38;2;253;253;253m[48;2;253;253;253m▀[0m[38;2;253;253;253m[48;2;253;253;253m▀[0m[38;2;255;255;255m[48;2;252;252;252m▀[0m[38;2;81;80;83m[48;2;18;20;24m▀[0m[38;2;240;156;55m[48;2;220;141;47m▀[0m[38;2;237;154;51m[48;2;35;28;19m▀[0m[38;2;57;38;14m[48;2;220;143;49m▀[0m[38;2;136;134;135m[48;2;69;43;11m▀[0m[38;2;191;188;188m[48;2;127;126;128m▀[0m[38;2;191;187;187m[48;2;194;189;190m▀[0m[38;2;202;198;198m[48;2;202;198;198m▀[0m[38;2;82;86;92m[48;2;89;92;98m▀[0m[38;2;116;73;22m[48;2;110;71;26m▀[0m[38;2;255;173;56m[48;2;247;161;53m▀[0m[38;2;246;158;51m[48;2;243;157;52m▀[0m[38;2;241;156;52m[48;2;242;156;52m▀[0m[38;2;242;156;52m[48;2;242;156;52m▀[0m[38;2;242;156;52m[48;2;242;156;52m▀[0m[38;2;245;158;52m[48;2;243;157;52m▀[0m[38;2;223;144;49m[48;2;232;147;48m▀[0m[38;2;32;27;19m[48;2;177;106;31m▀[0m[38;2;255;224;78m[48;2;255;219;77m▀[0m[38;2;236;152;50m[48;2;164;93;26m▀[0m[38;2;235;150;50m[48;2;168;97;28m▀[0m[38;2;245;156;51m[48;2;164;92;26m▀[0m[38;2;253;166;55m[48;2;245;206;71m▀[0m[38;2;254;168;56m[48;2;255;220;78m▀[0m[38;2;254;168;56m[48;2;255;220;78m▀[0m[38;2;253;163;54m[48;2;255;221;78m▀[0m[38;2;255;208;71m[48;2;255;220;77m▀[0m[38;2;255;228;80m[48;2;255;219;77m▀[0m[38;2;255;220;77m[48;2;255;219;77m▀[0m[38;2;255;219;77m[48;2;255;226;80m▀[0m[38;2;252;221;78m[48;2;212;159;53m▀[0m[38;2;220;169;56m[48;2;189;125;39m▀[0m[38;2;166;92;25m[48;2;255;236;84m▀[0m[38;2;185;108;30m[48;2;255;210;73m▀[0m[38;2;154;86;25m[48;2;249;159;53m▀[0m[38;2;27;28;21m[48;2;210;137;47m▀[0m[38;2;42;84;55m[48;2;7;12;16m▀[0m[38;2;43;85;56m[48;2;34;57;40m▀[0m[38;2;44;87;56m[48;2;33;56;39m▀[0m[38;2;34;58;40m[48;2;45;91;59m▀[0m[38;2;33;55;38m[48;2;45;91;59m▀[0m[38;2;33;55;38m[48;2;42;87;58m▀[0m[38;2;38;61;39m[48;2;103;157;69m▀[0m[38;2;30;52;34m[48;2;114;168;68m▀[0m[38;2;141;176;94m[48;2;153;193;97m▀[0m[38;2;178;216;113m[48;2;167;203;107m▀[0m[38;2;168;205;108m[48;2;166;203;107m▀[0m[38;2;166;203;107m[48;2;166;203;107m▀[0m[38;2;174;211;110m[48;2;174;211;110m▀[0m[38;2;102;142;81m[48;2;102;142;81m▀[0m[38;2;85;127;74m[48;2;85;127;74m▀[0m[38;2;175;211;111m[48;2;177;213;112m▀[0m[38;2;168;205;108m[48;2;151;192;96m▀[0m[38;2;159;200;98m[48;2;109;162;65m▀[0m[38;2;102;161;71m[48;2;99;156;74m▀[0m[38;2;46;129;94m[48;2;46;127;92m▀[0m[38;2;46;121;85m[48;2;46;119;84m▀[0m[38;2;14;12;13m[48;2;14;12;13m▀[0m 
              [38;2;69;64;64m[48;2;69;64;64m▀[0m[38;2;124;121;120m[48;2;124;121;120m▀[0m[38;2;255;255;255m[48;2;255;255;255m▀[0m[38;2;253;253;253m[48;2;253;253;253m▀[0m[38;2;253;253;253m[48;2;253;253;253m▀[0m[38;2;252;252;252m[48;2;252;252;252m▀[0m[38;2;192;188;188m[48;2;193;189;189m▀[0m[38;2;24;24;24m[48;2;17;19;22m▀[0m[38;2;5;8;13m[48;2;222;143;48m▀[0m[38;2;217;141;48m[48;2;245;158;52m▀[0m[38;2;247;159;53m[48;2;242;156;52m▀[0m[38;2;255;168;56m[48;2;255;166;55m▀[0m[38;2;67;42;11m[48;2;63;39;9m▀[0m[38;2;119;121;126m[48;2;161;165;169m▀[0m[38;2;200;196;196m[48;2;255;255;255m▀[0m[38;2;204;200;200m[48;2;231;229;229m▀[0m[38;2;95;98;105m[48;2;91;94;100m▀[0m[38;2;93;59;18m[48;2;96;61;19m▀[0m[38;2;255;166;55m[48;2;255;166;55m▀[0m[38;2;242;156;52m[48;2;242;156;52m▀[0m[38;2;242;156;52m[48;2;244;158;53m▀[0m[38;2;243;157;53m[48;2;227;142;46m▀[0m[38;2;229;145;48m[48;2;173;105;31m▀[0m[38;2;171;103;30m[48;2;255;225;79m▀[0m[38;2;255;225;80m[48;2;255;219;77m▀[0m[38;2;254;217;76m[48;2;254;217;76m▀[0m[38;2;166;93;26m[48;2;167;95;27m▀[0m[38;2;251;213;75m[48;2;166;93;26m▀[0m[38;2;255;219;77m[48;2;162;90;25m▀[0m[38;2;255;222;77m[48;2;231;144;47m▀[0m[38;2;243;163;55m[48;2;254;209;73m▀[0m[38;2;252;203;71m[48;2;255;221;78m▀[0m[38;2;255;221;78m[48;2;255;219;77m▀[0m[38;2;255;219;77m[48;2;255;219;77m▀[0m[38;2;255;219;77m[48;2;255;219;77m▀[0m[38;2;255;219;77m[48;2;255;219;77m▀[0m[38;2;255;226;80m[48;2;255;219;77m▀[0m[38;2;215;162;55m[48;2;255;219;77m▀[0m[38;2;191;129;41m[48;2;255;226;79m▀[0m[38;2;254;227;81m[48;2;191;172;66m▀[0m[38;2;250;219;77m[48;2;17;42;35m▀[0m[38;2;211;188;70m[48;2;36;69;48m▀[0m[38;2;17;46;38m[48;2;50;132;93m▀[0m[38;2;35;61;43m[48;2;49;128;90m▀[0m[38;2;44;90;58m[48;2;49;128;90m▀[0m[38;2;44;91;58m[48;2;49;128;90m▀[0m[38;2;49;128;91m[48;2;49;128;90m▀[0m[38;2;49;129;91m[48;2;49;128;90m▀[0m[38;2;49;129;91m[48;2;49;128;90m▀[0m[38;2;44;126;91m[48;2;49;128;90m▀[0m[38;2;101;157;74m[48;2;45;125;91m▀[0m[38;2;110;162;66m[48;2;94;154;71m▀[0m[38;2;151;192;96m[48;2;153;193;95m▀[0m[38;2;168;205;109m[48;2;168;205;109m▀[0m[38;2;166;203;107m[48;2;175;211;111m▀[0m[38;2;172;209;109m[48;2;93;134;77m▀[0m[38;2;102;142;81m[48;2;101;143;81m▀[0m[38;2;86;127;74m[48;2;116;146;81m▀[0m[38;2;174;210;110m[48;2;54;85;43m▀[0m[38;2;152;192;95m[48;2;101;162;77m▀[0m[38;2;93;153;72m[48;2;44;125;92m▀[0m[38;2;44;124;91m[48;2;49;128;90m▀[0m[38;2;49;129;91m[48;2;49;129;91m▀[0m[38;2;46;119;84m[48;2;46;119;84m▀[0m[38;2;14;12;13m[48;2;14;12;13m▀[0m 
              [38;2;69;64;64m[48;2;69;64;64m▀[0m[38;2;124;121;120m[48;2;124;121;120m▀[0m[38;2;255;255;255m[48;2;255;255;255m▀[0m[38;2;253;253;253m[48;2;253;253;253m▀[0m[38;2;253;253;253m[48;2;253;253;253m▀[0m[38;2;252;252;252m[48;2;252;252;252m▀[0m[38;2;193;189;189m[48;2;193;189;189m▀[0m[38;2;17;19;22m[48;2;15;17;20m▀[0m[38;2;222;143;48m[48;2;221;143;48m▀[0m[38;2;245;158;52m[48;2;255;170;56m▀[0m[38;2;255;167;55m[48;2;46;34;21m▀[0m[38;2;57;37;12m[48;2;190;124;43m▀[0m[38;2;127;127;130m[48;2;74;49;16m▀[0m[38;2;239;237;237m[48;2;170;174;177m▀[0m[38;2;255;255;255m[48;2;226;223;223m▀[0m[38;2;255;255;255m[48;2;222;220;220m▀[0m[38;2;164;168;173m[48;2;251;251;251m▀[0m[38;2;138;101;56m[48;2;176;177;180m▀[0m[38;2;255;162;50m[48;2;136;101;60m▀[0m[38;2;242;156;52m[48;2;254;163;51m▀[0m[38;2;244;158;53m[48;2;223;139;45m▀[0m[38;2;228;143;46m[48;2;180;113;34m▀[0m[38;2;171;103;30m[48;2;251;221;78m▀[0m[38;2;255;225;79m[48;2;255;219;77m▀[0m[38;2;255;219;77m[48;2;255;219;77m▀[0m[38;2;255;219;77m[48;2;255;219;77m▀[0m[38;2;253;217;77m[48;2;255;219;77m▀[0m[38;2;165;92;26m[48;2;251;217;76m▀[0m[38;2;246;207;72m[48;2;174;106;31m▀[0m[38;2;255;229;81m[48;2;162;87;23m▀[0m[38;2;178;112;33m[48;2;238;195;67m▀[0m[38;2;221;133;43m[48;2;255;227;80m▀[0m[38;2;254;204;71m[48;2;246;170;58m▀[0m[38;2;255;222;78m[48;2;250;194;67m▀[0m[38;2;255;219;77m[48;2;255;222;78m▀[0m[38;2;255;219;77m[48;2;255;219;77m▀[0m[38;2;255;219;77m[48;2;255;219;77m▀[0m[38;2;255;219;77m[48;2;255;219;77m▀[0m[38;2;255;228;80m[48;2;255;228;80m▀[0m[38;2;186;158;58m[48;2;186;159;59m▀[0m[38;2;5;18;20m[48;2;3;11;17m▀[0m[38;2;47;100;66m[48;2;34;58;41m▀[0m[38;2;49;131;93m[48;2;35;68;48m▀[0m[38;2;49;128;90m[48;2;51;133;94m▀[0m[38;2;49;128;90m[48;2;49;128;90m▀[0m[38;2;49;128;90m[48;2;49;128;90m▀[0m[38;2;49;128;90m[48;2;49;128;90m▀[0m[38;2;49;128;90m[48;2;49;128;90m▀[0m[38;2;49;128;90m[48;2;49;128;90m▀[0m[38;2;49;128;90m[48;2;49;128;90m▀[0m[38;2;45;125;91m[48;2;49;128;90m▀[0m[38;2;99;156;74m[48;2;51;129;89m▀[0m[38;2;117;167;68m[48;2;47;127;91m▀[0m[38;2;111;163;67m[48;2;93;153;75m▀[0m[38;2;154;197;96m[48;2;127;179;72m▀[0m[38;2;97;138;79m[48;2;62;98;50m▀[0m[38;2;93;135;77m[48;2;87;116;68m▀[0m[38;2;180;217;113m[48;2;176;214;112m▀[0m[38;2;116;146;80m[48;2;170;206;109m▀[0m[38;2;28;66;49m[48;2;120;151;83m▀[0m[38;2;51;136;96m[48;2;25;62;47m▀[0m[38;2;47;116;81m[48;2;51;136;95m▀[0m[38;2;30;48;33m[48;2;46;115;81m▀[0m[38;2;15;16;16m[48;2;30;47;32m▀[0m[38;2;15;15;15m[48;2;0;0;0m▀[0m 
              [38;2;69;65;65m[48;2;72;72;72m▀[0m[38;2;129;126;125m[48;2;98;91;91m▀[0m[38;2;255;255;255m[48;2;136;134;132m▀[0m[38;2;253;253;253m[48;2;255;255;255m▀[0m[38;2;253;253;253m[48;2;254;254;254m▀[0m[38;2;255;255;255m[48;2;202;199;199m▀[0m[38;2;192;188;188m[48;2;190;186;186m▀[0m[38;2;78;77;79m[48;2;184;180;180m▀[0m[38;2;248;161;57m[48;2;46;40;32m▀[0m[38;2;43;32;20m[48;2;188;122;41m▀[0m[38;2;181;118;42m[48;2;242;157;52m▀[0m[38;2;251;168;55m[48;2;255;164;54m▀[0m[38;2;63;39;8m[48;2;62;37;8m▀[0m[38;2;166;170;174m[48;2;171;175;179m▀[0m[38;2;222;219;219m[48;2;255;255;255m▀[0m[38;2;220;218;218m[48;2;215;213;213m▀[0m[38;2;255;255;255m[48;2;220;218;218m▀[0m[38;2;175;178;184m[48;2;246;246;247m▀[0m[38;2;126;93;55m[48;2;185;183;182m▀[0m[38;2;255;166;50m[48;2;142;107;65m▀[0m[38;2;221;138;45m[48;2;230;141;42m▀[0m[38;2;177;111;33m[48;2;174;109;32m▀[0m[38;2;255;228;80m[48;2;255;234;83m▀[0m[38;2;255;219;77m[48;2;255;219;77m▀[0m[38;2;255;219;77m[48;2;255;219;77m▀[0m[38;2;255;219;77m[48;2;255;219;77m▀[0m[38;2;255;219;77m[48;2;255;219;77m▀[0m[38;2;255;220;78m[48;2;255;219;77m▀[0m[38;2;248;209;73m[48;2;255;220;78m▀[0m[38;2;247;215;75m[48;2;255;222;78m▀[0m[38;2;184;117;36m[48;2;246;206;72m▀[0m[38;2;161;86;23m[48;2;242;201;70m▀[0m[38;2;229;180;61m[48;2;252;215;75m▀[0m[38;2;255;223;78m[48;2;255;220;77m▀[0m[38;2;255;219;77m[48;2;255;219;77m▀[0m[38;2;255;219;77m[48;2;255;219;77m▀[0m[38;2;255;219;77m[48;2;255;219;77m▀[0m[38;2;255;219;77m[48;2;255;219;77m▀[0m[38;2;255;228;80m[48;2;255;221;78m▀[0m[38;2;183;155;57m[48;2;247;221;78m▀[0m[38;2;0;10;19m[48;2;176;152;57m▀[0m[38;2;47;93;60m[48;2;10;25;24m▀[0m[38;2;41;81;53m[48;2;44;86;56m▀[0m[38;2;35;67;46m[48;2;33;59;41m▀[0m[38;2;50;130;92m[48;2;51;134;95m▀[0m[38;2;49;128;90m[48;2;49;128;90m▀[0m[38;2;49;128;90m[48;2;49;128;90m▀[0m[38;2;49;128;90m[48;2;49;128;90m▀[0m[38;2;49;128;90m[48;2;49;128;90m▀[0m[38;2;49;128;90m[48;2;49;128;90m▀[0m[38;2;49;128;90m[48;2;49;128;90m▀[0m[38;2;49;128;90m[48;2;49;128;90m▀[0m[38;2;48;127;90m[48;2;49;128;90m▀[0m[38;2;53;134;93m[48;2;51;136;96m▀[0m[38;2;37;83;56m[48;2;26;71;55m▀[0m[38;2;99;127;70m[48;2;103;128;72m▀[0m[38;2;168;205;108m[48;2;180;217;114m▀[0m[38;2;166;203;107m[48;2;173;209;111m▀[0m[38;2;169;206;108m[48;2;123;164;90m▀[0m[38;2;173;209;109m[48;2;84;126;74m▀[0m[38;2;124;156;85m[48;2;177;213;112m▀[0m[38;2;23;60;45m[48;2;131;162;89m▀[0m[38;2;51;137;96m[48;2;30;64;46m▀[0m[38;2;45;113;80m[48;2;48;127;89m▀[0m[38;2;14;12;13m[48;2;14;12;13m▀[0m 
               [38;2;0;0;0m[48;2;0;0;0m▀[0m[38;2;51;51;50m[48;2;19;19;19m▀[0m[38;2;219;215;215m[48;2;66;65;65m▀[0m[38;2;195;192;192m[48;2;191;188;188m▀[0m[38;2;108;105;103m[48;2;15;15;14m▀[0m[38;2;196;192;192m[48;2;112;109;107m▀[0m[38;2;198;194;194m[48;2;200;196;196m▀[0m[38;2;5;11;18m[48;2;165;162;163m▀[0m[38;2;226;145;46m[48;2;60;47;36m▀[0m[38;2;248;153;50m[48;2;245;198;68m▀[0m[38;2;255;221;76m[48;2;90;86;38m▀[0m[38;2;75;67;30m[48;2;161;109;40m▀[0m[38;2;19;22;25m[48;2;54;28;2m▀[0m[38;2;177;177;177m[48;2;149;154;163m▀[0m[38;2;225;223;223m[48;2;255;255;255m▀[0m[38;2;212;210;210m[48;2;245;245;245m▀[0m[38;2;255;255;255m[48;2;255;255;255m▀[0m[38;2;167;171;175m[48;2;154;158;162m▀[0m[38;2;70;47;18m[48;2;54;28;0m▀[0m[38;2;252;164;53m[48;2;255;178;59m▀[0m[38;2;219;137;44m[48;2;226;143;47m▀[0m[38;2;186;125;39m[48;2;165;92;25m▀[0m[38;2;255;228;80m[48;2;254;181;62m▀[0m[38;2;255;219;77m[48;2;255;225;80m▀[0m[38;2;255;219;77m[48;2;255;223;79m▀[0m[38;2;255;219;77m[48;2;255;219;77m▀[0m[38;2;255;219;77m[48;2;255;219;77m▀[0m[38;2;255;219;77m[48;2;255;219;77m▀[0m[38;2;255;219;77m[48;2;255;219;77m▀[0m[38;2;255;221;78m[48;2;255;219;77m▀[0m[38;2;255;221;78m[48;2;255;219;77m▀[0m[38;2;255;220;77m[48;2;255;219;77m▀[0m[38;2;255;219;77m[48;2;255;222;78m▀[0m[38;2;255;219;77m[48;2;255;224;79m▀[0m[38;2;255;219;77m[48;2;255;227;80m▀[0m[38;2;255;221;78m[48;2;251;197;68m▀[0m[38;2;255;226;80m[48;2;247;168;57m▀[0m[38;2;253;202;70m[48;2;219;143;47m▀[0m[38;2;255;190;64m[48;2;196;119;37m▀[0m[38;2;200;177;65m[48;2;243;166;57m▀[0m[38;2;0;6;17m[48;2;162;107;40m▀[0m[38;2;48;97;62m[48;2;14;32;27m▀[0m[38;2;42;81;53m[48;2;44;88;57m▀[0m[38;2;36;69;49m[48;2;32;54;39m▀[0m[38;2;49;129;91m[48;2;50;134;95m▀[0m[38;2;49;128;90m[48;2;49;128;90m▀[0m[38;2;49;128;90m[48;2;49;128;90m▀[0m[38;2;49;128;90m[48;2;49;128;90m▀[0m[38;2;49;128;90m[48;2;49;128;90m▀[0m[38;2;49;128;90m[48;2;49;128;90m▀[0m[38;2;49;128;90m[48;2;49;127;90m▀[0m[38;2;50;132;93m[48;2;52;140;98m▀[0m[38;2;35;82;60m[48;2;36;73;52m▀[0m[38;2;75;112;53m[48;2;50;98;63m▀[0m[38;2;120;167;70m[48;2;60;139;90m▀[0m[38;2;122;172;73m[48;2;86;148;76m▀[0m[38;2;147;192;93m[48;2;131;182;73m▀[0m[38;2;122;153;88m[48;2;84;115;54m▀[0m[38;2;49;82;47m[48;2;36;48;28m▀[0m[38;2;132;182;77m[48;2;113;177;79m▀[0m[38;2;114;167;77m[48;2;55;131;87m▀[0m[38;2;40;106;77m[48;2;48;128;91m▀[0m[38;2;32;56;40m[48;2;44;105;74m▀[0m[38;2;14;11;12m[48;2;28;41;28m▀[0m 
                [38;2;0;0;0m▀[0m[38;2;29;29;26m[48;2;19;19;19m▀[0m[38;2;124;121;119m[48;2;43;42;42m▀[0m[38;2;145;142;142m[48;2;209;204;204m▀[0m[38;2;32;31;30m[48;2;18;18;18m▀[0m[38;2;53;52;52m[48;2;0;0;0m▀[0m[38;2;205;201;200m[48;2;64;63;63m▀[0m[38;2;32;35;40m[48;2;25;25;24m▀[0m[38;2;54;50;24m[48;2;0;0;12m▀[0m[38;2;153;103;39m[48;2;209;136;47m▀[0m[38;2;236;148;49m[48;2;255;156;50m▀[0m[38;2;217;175;59m[48;2;255;228;79m▀[0m[38;2;108;100;56m[48;2;91;78;10m▀[0m[38;2;159;161;167m[48;2;116;118;127m▀[0m[38;2;255;255;255m[48;2;255;255;255m▀[0m[38;2;253;253;253m[48;2;253;253;253m▀[0m[38;2;232;233;234m[48;2;255;255;255m▀[0m[38;2;144;140;136m[48;2;237;238;241m▀[0m[38;2;90;52;5m[48;2;140;139;137m▀[0m[38;2;255;172;57m[48;2;95;58;10m▀[0m[38;2;215;133;42m[48;2;255;172;56m▀[0m[38;2;183;106;31m[48;2;213;132;42m▀[0m[38;2;252;178;61m[48;2;200;116;34m▀[0m[38;2;245;172;58m[48;2;248;159;53m▀[0m[38;2;255;223;79m[48;2;246;174;59m▀[0m[38;2;255;224;79m[48;2;246;174;59m▀[0m[38;2;255;224;79m[48;2;246;174;59m▀[0m[38;2;255;224;79m[48;2;246;174;59m▀[0m[38;2;255;224;79m[48;2;246;174;59m▀[0m[38;2;255;224;79m[48;2;246;174;59m▀[0m[38;2;255;228;80m[48;2;246;176;60m▀[0m[38;2;248;190;66m[48;2;243;161;54m▀[0m[38;2;244;169;57m[48;2;241;153;51m▀[0m[38;2;245;172;59m[48;2;242;154;51m▀[0m[38;2;244;163;55m[48;2;242;155;52m▀[0m[38;2;245;156;52m[48;2;246;159;53m▀[0m[38;2;211;129;41m[48;2;210;129;41m▀[0m[38;2;180;104;31m[48;2;178;102;31m▀[0m[38;2;255;164;55m[48;2;249;162;54m▀[0m[38;2;203;131;45m[48;2;233;151;51m▀[0m[38;2;0;6;16m[48;2;153;102;39m▀[0m[38;2;47;97;62m[48;2;19;39;30m▀[0m[38;2;41;79;52m[48;2;46;95;60m▀[0m[38;2;37;74;52m[48;2;34;57;39m▀[0m[38;2;49;127;89m[48;2;50;132;93m▀[0m[38;2;49;128;90m[48;2;49;128;90m▀[0m[38;2;49;128;90m[48;2;49;130;92m▀[0m[38;2;49;128;90m[48;2;51;137;97m▀[0m[38;2;49;130;92m[48;2;50;115;77m▀[0m[38;2;53;142;99m[48;2;28;55;42m▀[0m[38;2;29;61;46m[48;2;30;48;33m▀[0m[38;2;35;80;58m[48;2;45;107;74m▀[0m[38;2;48;124;88m[48;2;50;132;94m▀[0m[38;2;46;127;92m[48;2;49;130;91m▀[0m[38;2;55;133;89m[48;2;49;132;94m▀[0m[38;2;62;125;75m[48;2;37;96;71m▀[0m[38;2;72;116;58m[48;2;69;106;53m▀[0m[38;2;77;105;45m[48;2;94;129;52m▀[0m[38;2;38;64;42m[48;2;10;12;17m▀[0m[38;2;48;135;97m[48;2;49;111;75m▀[0m[38;2;49;128;90m[48;2;49;129;91m▀[0m[38;2;49;129;91m[48;2;49;129;91m▀[0m[38;2;44;108;74m[48;2;48;126;88m▀[0m[38;2;15;14;14m[48;2;17;16;16m▀[0m
                 [38;2;0;0;0m[48;2;0;0;0m▀[0m[38;2;18;18;18m[48;2;15;15;15m▀[0m[38;2;76;74;74m[48;2;0;0;0m▀[0m[38;2;17;17;17m▀[0m [38;2;0;0;0m▀[0m[38;2;11;11;11m▀[0m[38;2;0;8;14m▀[0m[38;2;75;49;23m[48;2;0;0;8m▀[0m[38;2;220;169;60m[48;2;217;189;70m▀[0m[38;2;147;123;39m[48;2;90;77;21m▀[0m[38;2;132;129;113m[48;2;154;157;168m▀[0m[38;2;195;194;197m[48;2;233;231;231m▀[0m[38;2;228;227;227m[48;2;212;210;210m▀[0m[38;2;254;254;254m[48;2;255;255;255m▀[0m[38;2;253;253;253m[48;2;253;253;253m▀[0m[38;2;255;255;255m[48;2;255;255;255m▀[0m[38;2;232;233;235m[48;2;249;248;248m▀[0m[38;2;104;101;100m[48;2;159;156;158m▀[0m[38;2;114;75;26m[48;2;7;7;6m▀[0m[38;2;253;162;54m[48;2;100;68;30m▀[0m[38;2;64;40;19m[48;2;0;5;12m▀[0m[38;2;205;122;35m[48;2;75;46;20m▀[0m[38;2;241;153;51m[48;2;255;164;55m▀[0m[38;2;241;153;51m[48;2;243;156;52m▀[0m[38;2;241;153;51m[48;2;242;156;52m▀[0m[38;2;241;153;51m[48;2;242;156;52m▀[0m[38;2;241;153;51m[48;2;242;156;52m▀[0m[38;2;241;153;51m[48;2;242;156;52m▀[0m[38;2;241;153;51m[48;2;242;156;52m▀[0m[38;2;242;155;52m[48;2;242;156;52m▀[0m[38;2;242;156;52m[48;2;242;156;52m▀[0m[38;2;242;156;52m[48;2;242;156;52m▀[0m[38;2;242;156;52m[48;2;242;156;52m▀[0m[38;2;243;157;52m[48;2;242;156;52m▀[0m[38;2;232;148;49m[48;2;243;157;52m▀[0m[38;2;222;139;45m[48;2;252;163;54m▀[0m[38;2;245;159;53m[48;2;245;156;50m▀[0m[38;2;253;165;55m[48;2;210;127;39m▀[0m[38;2;219;141;48m[48;2;235;152;51m▀[0m[38;2;0;0;11m[48;2;137;91;35m▀[0m[38;2;25;41;30m[48;2;17;14;15m▀[0m[38;2;5;20;21m[48;2;154;100;37m▀[0m[38;2;39;82;57m[48;2;8;19;19m▀[0m[38;2;51;135;95m[48;2;11;48;42m▀[0m[38;2;49;112;75m[48;2;24;40;30m▀[0m[38;2;29;59;44m[48;2;24;32;25m▀[0m[38;2;23;34;26m[48;2;29;50;35m▀[0m[38;2;29;49;33m[48;2;42;79;50m▀[0m[38;2;45;101;69m[48;2;49;120;83m▀[0m[38;2;49;127;88m[48;2;50;133;94m▀[0m[38;2;49;133;94m[48;2;47;111;76m▀[0m[38;2;47;112;77m[48;2;46;103;69m▀[0m[38;2;48;116;79m[48;2;50;129;90m▀[0m[38;2;35;83;61m[48;2;34;79;58m▀[0m[38;2;38;62;39m[48;2;22;42;34m▀[0m[38;2;65;135;83m[48;2;51;140;100m▀[0m[38;2;37;86;62m[48;2;45;112;79m▀[0m[38;2;47;98;65m[48;2;29;48;35m▀[0m[38;2;49;132;94m[48;2;50;115;78m▀[0m[38;2;49;129;91m[48;2;49;129;91m▀[0m[38;2;48;128;90m[48;2;39;84;57m▀[0m[38;2;17;16;16m[48;2;15;15;15m▀[0m
                         [38;2;0;0;8m▀[0m[38;2;108;94;39m[48;2;0;0;6m▀[0m[38;2;43;37;12m[48;2;0;0;0m▀[0m[38;2;138;137;140m[48;2;61;62;64m▀[0m[38;2;243;241;241m[48;2;174;174;175m▀[0m[38;2;222;220;220m[48;2;223;220;220m▀[0m[38;2;232;231;231m[48;2;201;198;198m▀[0m[38;2;255;255;255m[48;2;221;219;219m▀[0m[38;2;246;246;246m[48;2;215;213;214m▀[0m[38;2;216;213;213m[48;2;169;168;170m▀[0m[38;2;169;164;164m[48;2;86;85;85m▀[0m[38;2;3;4;5m[48;2;2;2;2m▀[0m[38;2;0;0;12m▀[0m [38;2;0;9;15m▀[0m[38;2;112;76;32m[48;2;0;0;10m▀[0m[38;2;252;162;53m[48;2;117;79;32m▀[0m[38;2;245;157;52m[48;2;247;159;53m▀[0m[38;2;242;156;52m[48;2;250;162;54m▀[0m[38;2;242;156;52m[48;2;243;157;52m▀[0m[38;2;242;156;52m[48;2;242;156;52m▀[0m[38;2;242;156;52m[48;2;242;156;52m▀[0m[38;2;242;156;52m[48;2;242;156;52m▀[0m[38;2;242;156;52m[48;2;245;158;53m▀[0m[38;2;242;156;52m[48;2;247;160;54m▀[0m[38;2;241;155;52m[48;2;255;167;55m▀[0m[38;2;248;160;53m[48;2;204;133;46m▀[0m[38;2;255;170;56m[48;2;123;83;35m▀[0m[38;2;218;142;49m[48;2;97;66;28m▀[0m[38;2;96;61;27m[48;2;0;0;8m▀[0m[38;2;107;66;25m[48;2;37;30;20m▀[0m[38;2;255;176;58m[48;2;134;91;37m▀[0m[38;2;247;159;53m[48;2;116;78;33m▀[0m[38;2;19;18;16m[48;2;23;20;17m▀[0m[38;2;255;165;54m[48;2;250;162;54m▀[0m[38;2;144;94;35m[48;2;255;169;56m▀[0m[38;2;159;97;33m[48;2;158;119;48m▀[0m[38;2;33;33;23m[48;2;51;100;68m▀[0m[38;2;36;66;45m[48;2;46;114;78m▀[0m[38;2;44;86;55m[48;2;47;109;74m▀[0m[38;2;47;105;70m[48;2;49;125;87m▀[0m[38;2;49;124;87m[48;2;49;133;94m▀[0m[38;2;50;132;94m[48;2;48;115;79m▀[0m[38;2;48;116;80m[48;2;48;121;84m▀[0m[38;2;48;121;84m[48;2;51;137;96m▀[0m[38;2;46;116;82m[48;2;36;80;58m▀[0m[38;2;33;61;43m[48;2;28;38;27m▀[0m[38;2;32;64;47m[48;2;44;95;64m▀[0m[38;2;52;139;97m[48;2;51;136;96m▀[0m[38;2;41;100;72m[48;2;41;101;72m▀[0m[38;2;14;9;11m[48;2;11;0;4m▀[0m[38;2;33;57;40m[48;2;17;17;17m▀[0m[38;2;47;107;72m[48;2;30;49;35m▀[0m[38;2;21;26;21m[48;2;14;13;14m▀[0m 
                           [38;2;0;7;14m[48;2;2;6;11m▀[0m[38;2;57;33;15m[48;2;80;52;33m▀[0m[38;2;91;74;64m[48;2;49;30;19m▀[0m[38;2;121;121;123m[48;2;45;34;27m▀[0m[38;2;162;162;163m[48;2;150;118;97m▀[0m[38;2;196;195;197m[48;2;159;143;134m▀[0m[38;2;195;182;176m[48;2;118;101;92m▀[0m[38;2;128;104;90m[48;2;128;70;32m▀[0m[38;2;0;0;0m[48;2;66;44;30m▀[0m[38;2;0;5;11m[48;2;64;42;28m▀[0m[38;2;7;13;13m▄[0m   [38;2;0;0;9m▀[0m[38;2;122;82;33m[48;2;0;0;11m▀[0m[38;2;205;126;39m[48;2;87;50;17m▀[0m[38;2;249;159;52m[48;2;132;85;34m▀[0m[38;2;255;165;55m[48;2;147;98;38m▀[0m[38;2;255;164;54m[48;2;150;99;38m▀[0m[38;2;255;167;55m[48;2;146;98;39m▀[0m[38;2;224;140;46m[48;2;172;109;28m▀[0m[38;2;204;123;40m[48;2;201;124;21m▀[0m[38;2;181;114;40m[48;2;101;65;19m▀[0m[38;2;92;64;28m[48;2;0;0;12m▀[0m[38;2;0;0;9m▀[0m[38;2;0;0;10m▀[0m [38;2;0;0;0m▀[0m[38;2;0;0;13m▀[0m[38;2;0;0;12m▀[0m[38;2;26;23;19m[48;2;21;19;16m▀[0m[38;2;218;133;41m[48;2;101;58;20m▀[0m[38;2;205;124;38m[48;2;193;115;35m▀[0m[38;2;19;33;27m[48;2;10;9;13m▀[0m[38;2;38;91;66m[48;2;34;62;42m▀[0m[38;2;41;94;67m[48;2;37;63;42m▀[0m[38;2;49;128;91m[48;2;40;88;62m▀[0m[38;2;50;132;93m[48;2;50;132;93m▀[0m[38;2;49;121;83m[48;2;37;77;53m▀[0m[38;2;41;81;53m[48;2;30;44;31m▀[0m[38;2;45;103;71m[48;2;42;98;68m▀[0m[38;2;52;139;98m[48;2;53;144;101m▀[0m[38;2;31;69;51m[48;2;32;70;52m▀[0m[38;2;26;43;32m[48;2;26;52;40m▀[0m[38;2;50;122;83m[48;2;51;138;97m▀[0m[38;2;50;132;93m[48;2;49;128;90m▀[0m[38;2;46;116;82m[48;2;51;133;93m▀[0m[38;2;29;58;45m[48;2;45;115;82m▀[0m[38;2;13;5;10m[48;2;14;7;11m▀[0m[38;2;13;9;13m▀[0m[38;2;15;15;15m▀[0m 
                            [38;2;0;5;11m▀[0m[38;2;0;7;12m▀[0m[38;2;68;44;28m[48;2;0;7;12m▀[0m[38;2;106;63;34m[48;2;18;17;17m▀[0m[38;2;71;41;21m[48;2;88;56;35m▀[0m[38;2;75;44;25m[48;2;161;96;54m▀[0m[38;2;155;93;53m[48;2;147;88;50m▀[0m[38;2;159;95;54m[48;2;155;92;52m▀[0m[38;2;138;84;48m[48;2;135;82;47m▀[0m[38;2;9;12;14m[48;2;8;11;14m▀[0m     [38;2;0;6;15m[48;2;0;4;16m▀[0m[38;2;70;53;15m[48;2;224;153;20m▀[0m[38;2;20;19;14m[48;2;77;57;18m▀[0m[38;2;0;0;12m[48;2;0;0;13m▀[0m[38;2;0;0;12m[48;2;0;0;13m▀[0m[38;2;142;100;17m[48;2;146;102;19m▀[0m[38;2;255;183;20m[48;2;255;177;20m▀[0m[38;2;136;96;19m[48;2;133;93;19m▀[0m[38;2;0;0;15m[48;2;0;0;15m▀[0m      [38;2;0;0;31m▄[0m[38;2;9;13;17m[48;2;18;17;17m▀[0m[38;2;255;166;56m[48;2;170;111;41m▀[0m[38;2;118;78;31m[48;2;194;126;44m▀[0m[38;2;39;63;41m[48;2;27;13;12m▀[0m[38;2;43;89;58m[48;2;39;79;52m▀[0m[38;2;38;66;44m[48;2;47;96;62m▀[0m[38;2;36;82;58m[48;2;27;43;31m▀[0m[38;2;28;52;39m[48;2;34;59;41m▀[0m[38;2;29;43;30m[48;2;35;59;40m▀[0m[38;2;43;103;71m[48;2;46;110;77m▀[0m[38;2;44;114;81m[48;2;30;65;49m▀[0m[38;2;30;59;43m[48;2;28;39;27m▀[0m[38;2;35;74;53m[48;2;50;115;76m▀[0m[38;2;50;134;94m[48;2;49;130;92m▀[0m[38;2;49;128;90m[48;2;49;128;90m▀[0m[38;2;50;131;92m[48;2;50;128;90m▀[0m[38;2;43;110;78m[48;2;42;97;68m▀[0m[38;2;13;8;11m[48;2;13;9;12m▀[0m   
                            [38;2;0;8;8m▄[0m[38;2;15;15;15m[48;2;13;14;14m▀[0m[38;2;3;7;12m[48;2;10;14;15m▀[0m[38;2;76;49;33m[48;2;64;42;28m▀[0m[38;2;168;99;55m[48;2;123;75;44m▀[0m[38;2;150;90;51m[48;2;127;78;45m▀[0m[38;2;137;83;48m[48;2;124;75;44m▀[0m[38;2;108;66;40m[48;2;23;20;18m▀[0m[38;2;103;64;39m[48;2;4;9;12m▀[0m[38;2;8;11;14m▀[0m   [38;2;0;0;9m▄[0m[38;2;118;63;50m▄[0m[38;2;0;0;16m[48;2;54;40;17m▀[0m[38;2;209;143;20m[48;2;219;150;20m▀[0m[38;2;73;54;18m[48;2;67;50;18m▀[0m[38;2;0;0;14m[48;2;0;0;15m▀[0m[38;2;0;0;14m[48;2;0;0;13m▀[0m[38;2;146;102;19m[48;2;143;100;19m▀[0m[38;2;255;177;20m[48;2;255;178;20m▀[0m[38;2;133;93;19m[48;2;130;90;19m▀[0m[38;2;0;0;15m[48;2;0;0;13m▀[0m        [38;2;0;2;12m▀[0m[38;2;0;5;13m[48;2;14;13;14m▀[0m[38;2;22;34;26m[48;2;39;76;50m▀[0m[38;2;35;65;44m[48;2;16;16;16m▀[0m[38;2;44;88;57m[48;2;34;64;44m▀[0m[38;2;43;84;55m[48;2;21;29;24m▀[0m[38;2;20;28;23m[48;2;11;0;5m▀[0m[38;2;23;31;24m▀[0m[38;2;39;90;63m[48;2;12;4;8m▀[0m[38;2;28;59;45m[48;2;12;3;6m▀[0m[38;2;25;34;25m[48;2;7;0;0m▀[0m[38;2;43;97;66m[48;2;30;60;46m▀[0m[38;2;50;133;93m[48;2;51;133;93m▀[0m[38;2;49;130;92m[48;2;48;122;85m▀[0m[38;2;49;120;83m[48;2;49;121;84m▀[0m[38;2;39;70;46m[48;2;39;72;47m▀[0m[38;2;13;11;13m[48;2;13;11;13m▀[0m   
                           [38;2;0;8;8m[48;2;1;7;12m▀[0m[38;2;36;28;21m[48;2;109;69;41m▀[0m[38;2;29;24;21m[48;2;102;64;39m▀[0m[38;2;11;14;14m[48;2;16;16;14m▀[0m[38;2;0;3;10m[48;2;16;14;16m▀[0m[38;2;8;13;15m[48;2;79;52;33m▀[0m[38;2;65;44;29m[48;2;157;94;53m▀[0m[38;2;163;97;54m[48;2;130;79;46m▀[0m[38;2;133;82;47m[48;2;109;68;40m▀[0m[38;2;5;11;13m[48;2;8;12;13m▀[0m[38;2;201;130;59m▄[0m[38;2;141;79;51m[48;2;178;115;54m▀[0m[38;2;136;73;51m[48;2;173;111;52m▀[0m[38;2;147;85;51m[48;2;153;91;53m▀[0m[38;2;54;47;20m[48;2;255;209;42m▀[0m[38;2;162;106;51m[48;2;255;214;40m▀[0m[38;2;245;170;28m[48;2;255;213;42m▀[0m[38;2;254;174;21m[48;2;211;150;23m▀[0m[38;2;102;73;18m[48;2;238;159;23m▀[0m[38;2;22;14;14m[48;2;87;63;20m▀[0m[38;2;39;32;19m[48;2;188;154;35m▀[0m[38;2;165;117;21m[48;2;255;195;31m▀[0m[38;2;250;172;19m[48;2;233;159;21m▀[0m[38;2;155;110;21m[48;2;255;199;33m▀[0m[38;2;39;33;19m[48;2;183;151;35m▀[0m[38;2;0;0;9m[48;2;29;24;17m▀[0m[38;2;0;0;10m▄[0m        [38;2;12;10;12m▀[0m[38;2;0;0;0m▀[0m[38;2;14;9;12m▀[0m[38;2;12;6;12m▀[0m    [38;2;12;2;6m[48;2;12;2;6m▀[0m[38;2;31;65;49m[48;2;31;66;49m▀[0m[38;2;49;120;82m[48;2;50;124;85m▀[0m[38;2;45;95;63m[48;2;45;101;67m▀[0m[38;2;49;126;88m[48;2;50;135;94m▀[0m[38;2;40;79;53m[48;2;44;112;80m▀[0m[38;2;13;10;13m[48;2;13;7;11m▀[0m   
                           [38;2;1;8;11m▀[0m[38;2;87;55;35m[48;2;0;1;9m▀[0m[38;2;159;95;53m[48;2;80;51;32m▀[0m[38;2;90;57;36m[48;2;149;90;51m▀[0m[38;2;74;48;31m[48;2;148;89;51m▀[0m[38;2;161;96;54m[48;2;95;60;37m▀[0m[38;2;98;61;36m[48;2;0;4;10m▀[0m[38;2;0;6;12m▀[0m[38;2;4;8;12m▀[0m[38;2;255;255;159m[48;2;8;16;16m▀[0m[38;2;156;99;51m[48;2;10;12;15m▀[0m[38;2;237;194;37m[48;2;4;7;14m▀[0m[38;2;236;189;37m[48;2;9;11;15m▀[0m[38;2;159;101;49m[48;2;241;193;38m▀[0m[38;2;253;200;40m[48;2;240;197;40m▀[0m[38;2;234;187;38m[48;2;26;24;17m▀[0m[38;2;230;194;38m[48;2;0;0;12m▀[0m[38;2;48;40;21m[48;2;112;64;44m▀[0m[38;2;109;66;43m[48;2;224;173;41m▀[0m[38;2;242;186;45m[48;2;241;205;37m▀[0m[38;2;253;204;41m[48;2;162;108;45m▀[0m[38;2;251;199;41m[48;2;195;142;45m▀[0m[38;2;255;207;41m[48;2;254;211;42m▀[0m[38;2;254;202;39m[48;2;243;178;30m▀[0m[38;2;255;215;40m[48;2;231;165;27m▀[0m[38;2;192;156;35m[48;2;242;204;42m▀[0m[38;2;25;20;16m[48;2;184;148;34m▀[0m[38;2;0;0;13m[48;2;1;1;14m▀[0m               [38;2;11;2;7m▀[0m[38;2;29;60;45m[48;2;11;0;2m▀[0m[38;2;49;129;91m[48;2;27;51;39m▀[0m[38;2;50;132;93m[48;2;52;135;95m▀[0m[38;2;49;128;90m[48;2;42;103;73m▀[0m[38;2;40;99;71m[48;2;12;2;6m▀[0m[38;2;14;7;11m▀[0m   
                             [38;2;12;12;14m▀[0m[38;2;13;14;15m▀[0m[38;2;13;14;15m▀[0m[38;2;11;12;14m▀[0m     [38;2;51;51;51m▀[0m[38;2;15;15;15m▀[0m[38;2;9;10;15m▀[0m[38;2;10;11;16m▀[0m[38;2;0;0;18m▀[0m [38;2;12;13;15m▀[0m[38;2;10;11;15m▀[0m[38;2;9;10;15m▀[0m[38;2;1;8;13m▀[0m[38;2;82;47;36m▀[0m[38;2;214;157;45m[48;2;11;11;15m▀[0m[38;2;211;155;45m[48;2;16;17;18m▀[0m[38;2;79;46;36m[48;2;13;15;15m▀[0m[38;2;0;5;13m▀[0m[38;2;12;13;16m▀[0m[38;2;16;16;16m▀[0m                 [38;2;9;0;3m▀[0m[38;2;26;50;39m[48;2;15;15;15m▀[0m[38;2;43;108;77m[48;2;15;14;14m▀[0m[38;2;13;7;10m▀[0m    
[0m