                   [38;2;30;98;142m▄[0m[38;2;30;98;142m▄[0m[38;2;30;98;142m[48;2;62;154;223m▀[0m[38;2;30;98;142m[48;2;62;154;223m▀[0m[38;2;30;98;142m[48;2;62;154;223m▀[0m[38;2;30;98;142m[48;2;62;154;223m▀[0m[38;2;62;154;223m▄[0m[38;2;30;98;142m▄[0m                
                 [38;2;30;98;142m▄[0m[38;2;30;98;142m[48;2;62;154;223m▀[0m[38;2;62;154;223m[48;2;62;154;223m▀[0m[38;2;62;154;223m[48;2;26;65;100m▀[0m[38;2;26;65;100m▀[0m[38;2;26;65;100m▀[0m[38;2;26;65;100m▀[0m[38;2;62;154;223m[48;2;26;65;100m▀[0m[38;2;62;154;223m[48;2;62;154;223m▀[0m[38;2;62;154;223m[48;2;62;154;223m▀[0m[38;2;30;98;142m[48;2;30;98;142m▀[0m               
                [38;2;30;98;142m▄[0m[38;2;30;98;142m[48;2;62;154;223m▀[0m[38;2;62;154;223m[48;2;62;154;223m▀[0m[38;2;26;65;100m[48;2;26;65;100m▀[0m   [38;2;26;65;100m▄[0m[38;2;26;65;100m[48;2;62;154;223m▀[0m[38;2;62;154;223m[48;2;62;154;223m▀[0m[38;2;30;98;142m[48;2;30;98;142m▀[0m  [38;2;30;98;142m▄[0m[38;2;30;98;142m▄[0m            
                [38;2;30;98;142m[48;2;30;98;142m▀[0m[38;2;62;154;223m[48;2;62;154;223m▀[0m[38;2;62;154;223m[48;2;62;154;223m▀[0m[38;2;26;65;100m[48;2;62;154;223m▀[0m[38;2;26;65;100m▄[0m  [38;2;26;65;100m▀[0m[38;2;62;154;223m[48;2;26;65;100m▀[0m[38;2;62;154;223m[48;2;26;65;100m▀[0m[38;2;62;154;223m[48;2;62;154;223m▀[0m[38;2;30;98;142m[48;2;62;154;223m▀[0m[38;2;30;98;142m[48;2;62;154;223m▀[0m[38;2;62;154;223m[48;2;26;65;100m▀[0m[38;2;26;65;100m▀[0m            
                 [38;2;30;98;142m[48;2;30;98;142m▀[0m[38;2;62;154;223m[48;2;62;154;223m▀[0m[38;2;62;154;223m[48;2;62;154;223m▀[0m[38;2;62;154;223m[48;2;62;154;223m▀[0m[38;2;26;65;100m[48;2;62;154;223m▀[0m[38;2;26;65;100m▄[0m[38;2;26;65;100m▄[0m  [38;2;26;65;100m▀[0m[38;2;26;65;100m▀[0m[38;2;26;65;100m▀[0m              
                  [38;2;30;98;142m▀[0m[38;2;62;154;223m[48;2;30;98;142m▀[0m[38;2;62;154;223m[48;2;62;154;223m▀[0m[38;2;62;154;223m[48;2;62;154;223m▀[0m[38;2;62;154;223m[48;2;62;154;223m▀[0m[38;2;62;154;223m[48;2;62;154;223m▀[0m[38;2;26;65;100m[48;2;62;154;223m▀[0m[38;2;26;65;100m▄[0m                 
                   [38;2;30;98;142m▀[0m[38;2;62;154;223m[48;2;30;98;142m▀[0m[38;2;62;154;223m[48;2;62;154;223m▀[0m[38;2;62;154;223m[48;2;62;154;223m▀[0m[38;2;62;154;223m[48;2;98;198;215m▀[0m[38;2;62;154;223m[48;2;62;154;223m▀[0m[38;2;62;154;223m[48;2;62;154;223m▀[0m[38;2;26;65;100m[48;2;26;65;100m▀[0m                
                   [38;2;30;98;142m▄[0m[38;2;30;98;142m[48;2;98;198;215m▀[0m[38;2;98;198;215m[48;2;98;198;215m▀[0m[38;2;62;154;223m[48;2;98;198;215m▀[0m[38;2;98;198;215m[48;2;98;198;215m▀[0m[38;2;98;198;215m[48;2;98;198;215m▀[0m[38;2;62;154;223m[48;2;26;65;100m▀[0m[38;2;26;65;100m▀[0m                
                [38;2;30;98;142m▄[0m[38;2;30;98;142m▄[0m[38;2;30;98;142m[48;2;98;198;215m▀[0m[38;2;98;198;215m[48;2;98;198;215m▀[0m[38;2;98;198;215m[48;2;98;198;215m▀[0m[38;2;98;198;215m[48;2;98;198;215m▀[0m[38;2;98;198;215m[48;2;98;198;215m▀[0m[38;2;98;198;215m[48;2;98;198;215m▀[0m[38;2;98;198;215m[48;2;26;65;100m▀[0m[38;2;26;65;100m▀[0m                 
           [38;2;109;77;98m▄[0m[38;2;109;77;98m▄[0m[38;2;109;77;98m[48;2;250;250;250m▀[0m[38;2;109;77;98m[48;2;250;250;250m▀[0m[38;2;109;77;98m[48;2;250;250;250m▀[0m[38;2;172;226;230m[48;2;250;250;250m▀[0m[38;2;98;198;215m[48;2;172;226;230m▀[0m[38;2;172;226;230m[48;2;98;198;215m▀[0m[38;2;98;198;215m[48;2;98;198;215m▀[0m[38;2;98;198;215m[48;2;98;198;215m▀[0m[38;2;98;198;215m[48;2;26;65;100m▀[0m[38;2;98;198;215m[48;2;26;65;100m▀[0m[38;2;26;65;100m▀[0m                   
        [38;2;109;77;98m▄[0m[38;2;109;77;98m[48;2;250;250;250m▀[0m[38;2;109;77;98m[48;2;250;250;250m▀[0m[38;2;250;250;250m[48;2;250;250;250m▀[0m[38;2;250;250;250m[48;2;250;250;250m▀[0m[38;2;250;250;250m[48;2;250;250;250m▀[0m[38;2;250;250;250m[48;2;250;250;250m▀[0m[38;2;250;250;250m[48;2;16;16;16m▀[0m[38;2;26;65;100m▀[0m[38;2;26;65;100m▀[0m[38;2;26;65;100m▀[0m[38;2;26;65;100m▀[0m[38;2;26;65;100m▀[0m                      
  [38;2;30;98;142m▄[0m[38;2;30;98;142m▄[0m  [38;2;109;77;98m▄[0m[38;2;109;77;98m[48;2;250;250;250m▀[0m[38;2;250;250;250m[48;2;250;250;250m▀[0m[38;2;250;250;250m[48;2;250;250;250m▀[0m[38;2;250;250;250m[48;2;250;250;250m▀[0m[38;2;250;250;250m[48;2;250;250;250m▀[0m[38;2;250;250;250m[48;2;250;250;250m▀[0m[38;2;250;250;250m[48;2;250;250;250m▀[0m[38;2;179;179;187m[48;2;179;179;187m▀[0m[38;2;179;179;187m[48;2;250;250;250m▀[0m[38;2;16;16;16m[48;2;250;250;250m▀[0m[38;2;16;16;16m[48;2;250;250;250m▀[0m[38;2;16;16;16m▄[0m                        
[38;2;30;98;142m▄[0m[38;2;30;98;142m▄[0m[38;2;30;98;142m[48;2;30;98;142m▀[0m[38;2;172;226;230m[48;2;172;226;230m▀[0m[38;2;30;98;142m[48;2;172;226;230m▀[0m[38;2;16;16;16m▄[0m[38;2;109;77;98m[48;2;250;250;250m▀[0m[38;2;250;250;250m[48;2;250;250;250m▀[0m[38;2;250;250;250m[48;2;250;250;250m▀[0m[38;2;250;250;250m[48;2;250;250;250m▀[0m[38;2;250;250;250m[48;2;250;250;250m▀[0m[38;2;250;250;250m[48;2;250;250;250m▀[0m[38;2;250;250;250m[48;2;250;250;250m▀[0m[38;2;250;250;250m[48;2;250;250;250m▀[0m[38;2;250;250;250m[48;2;250;250;250m▀[0m[38;2;250;250;250m[48;2;250;250;250m▀[0m[38;2;250;250;250m[48;2;250;250;250m▀[0m[38;2;250;250;250m[48;2;250;250;250m▀[0m[38;2;250;250;250m[48;2;250;250;250m▀[0m[38;2;16;16;16m[48;2;16;16;16m▀[0m        [38;2;30;98;142m▄[0m[38;2;30;98;142m▄[0m             
[38;2;30;98;142m[48;2;30;98;142m▀[0m[38;2;172;226;230m[48;2;172;226;230m▀[0m[38;2;172;226;230m[48;2;172;226;230m▀[0m[38;2;172;226;230m[48;2;172;226;230m▀[0m[38;2;172;226;230m[48;2;172;226;230m▀[0m[38;2;16;16;16m[48;2;16;16;16m▀[0m[38;2;250;250;250m[48;2;250;250;250m▀[0m[38;2;250;250;250m[48;2;250;250;250m▀[0m[38;2;250;250;250m[48;2;250;250;250m▀[0m[38;2;250;250;250m[48;2;250;250;250m▀[0m[38;2;250;250;250m[48;2;250;250;250m▀[0m[38;2;250;250;250m[48;2;250;250;250m▀[0m[38;2;250;250;250m[48;2;250;250;250m▀[0m[38;2;250;250;250m[48;2;250;250;250m▀[0m[38;2;250;250;250m[48;2;250;250;250m▀[0m[38;2;250;250;250m[48;2;250;250;250m▀[0m[38;2;250;250;250m[48;2;250;250;250m▀[0m[38;2;250;250;250m[48;2;250;250;250m▀[0m[38;2;250;250;250m[48;2;250;250;250m▀[0m[38;2;250;250;250m[48;2;250;250;250m▀[0m[38;2;16;16;16m[48;2;16;16;16m▀[0m [38;2;30;98;142m▄[0m[38;2;30;98;142m▄[0m[38;2;30;98;142m▄[0m[38;2;30;98;142m[48;2;172;226;230m▀[0m[38;2;30;98;142m[48;2;172;226;230m▀[0m[38;2;30;98;142m[48;2;172;226;230m▀[0m[38;2;172;226;230m[48;2;172;226;230m▀[0m[38;2;30;98;142m[48;2;30;98;142m▀[0m[38;2;30;98;142m▄[0m[38;2;16;16;16m▄[0m           
 [38;2;30;98;142m[48;2;30;98;142m▀[0m[38;2;172;226;230m[48;2;172;226;230m▀[0m[38;2;30;98;142m[48;2;140;132;138m▀[0m[38;2;30;98;142m[48;2;109;77;98m▀[0m[38;2;16;16;16m[48;2;16;16;16m▀[0m[38;2;250;250;250m[48;2;250;250;250m▀[0m[38;2;250;250;250m[48;2;250;250;250m▀[0m[38;2;250;250;250m[48;2;250;250;250m▀[0m[38;2;250;250;250m[48;2;250;250;250m▀[0m[38;2;250;250;250m[48;2;250;250;250m▀[0m[38;2;250;250;250m[48;2;250;250;250m▀[0m[38;2;250;250;250m[48;2;250;250;250m▀[0m[38;2;250;250;250m[48;2;250;250;250m▀[0m[38;2;250;250;250m[48;2;250;250;250m▀[0m[38;2;250;250;250m[48;2;250;250;250m▀[0m[38;2;250;250;250m[48;2;250;250;250m▀[0m[38;2;250;250;250m[48;2;250;250;250m▀[0m[38;2;250;250;250m[48;2;250;250;250m▀[0m[38;2;179;179;187m[48;2;55;51;54m▀[0m[38;2;55;51;54m[48;2;140;132;138m▀[0m[38;2;55;51;54m[48;2;140;132;138m▀[0m[38;2;172;226;230m[48;2;140;132;138m▀[0m[38;2;140;132;138m[48;2;172;226;230m▀[0m[38;2;172;226;230m[48;2;30;98;142m▀[0m[38;2;172;226;230m[48;2;30;98;142m▀[0m[38;2;172;226;230m[48;2;172;226;230m▀[0m[38;2;172;226;230m[48;2;172;226;230m▀[0m[38;2;172;226;230m[48;2;172;226;230m▀[0m[38;2;172;226;230m[48;2;172;226;230m▀[0m[38;2;172;226;230m[48;2;16;16;16m▀[0m[38;2;16;16;16m▀[0m [38;2;26;65;100m▄[0m[38;2;26;65;100m▄[0m    [38;2;30;98;142m▄[0m[38;2;30;98;142m▄[0m  
 [38;2;30;98;142m[48;2;16;16;16m▀[0m[38;2;172;226;230m[48;2;140;132;138m▀[0m[38;2;140;132;138m[48;2;140;132;138m▀[0m[38;2;109;77;98m[48;2;109;77;98m▀[0m[38;2;109;77;98m[48;2;109;77;98m▀[0m[38;2;16;16;16m[48;2;16;16;16m▀[0m[38;2;250;250;250m[48;2;179;179;187m▀[0m[38;2;250;250;250m[48;2;250;250;250m▀[0m[38;2;250;250;250m[48;2;250;250;250m▀[0m[38;2;250;250;250m[48;2;250;250;250m▀[0m[38;2;250;250;250m[48;2;250;250;250m▀[0m[38;2;250;250;250m[48;2;250;250;250m▀[0m[38;2;250;250;250m[48;2;250;250;250m▀[0m[38;2;250;250;250m[48;2;250;250;250m▀[0m[38;2;250;250;250m[48;2;250;250;250m▀[0m[38;2;250;250;250m[48;2;250;250;250m▀[0m[38;2;250;250;250m[48;2;55;51;54m▀[0m[38;2;55;51;54m[48;2;140;132;138m▀[0m[38;2;140;132;138m[48;2;140;132;138m▀[0m[38;2;140;132;138m[48;2;140;132;138m▀[0m[38;2;140;132;138m[48;2;55;51;54m▀[0m[38;2;55;51;54m[48;2;109;77;98m▀[0m[38;2;55;51;54m[48;2;109;77;98m▀[0m[38;2;109;77;98m[48;2;109;77;98m▀[0m[38;2;172;226;230m[48;2;172;226;230m▀[0m[38;2;172;226;230m[48;2;140;132;138m▀[0m[38;2;172;226;230m[48;2;172;226;230m▀[0m[38;2;172;226;230m[48;2;172;226;230m▀[0m[38;2;16;16;16m[48;2;16;16;16m▀[0m  [38;2;26;65;100m[48;2;26;65;100m▀[0m[38;2;62;154;223m[48;2;62;154;223m▀[0m[38;2;26;65;100m[48;2;26;65;100m▀[0m [38;2;30;98;142m▄[0m[38;2;30;98;142m[48;2;62;154;223m▀[0m[38;2;62;154;223m[48;2;62;154;223m▀[0m[38;2;62;154;223m[48;2;16;16;16m▀[0m[38;2;62;154;223m[48;2;16;16;16m▀[0m[38;2;30;98;142m[48;2;62;154;223m▀[0m[38;2;30;98;142m▄[0m
 [38;2;16;16;16m▀[0m[38;2;103;92;100m[48;2;16;16;16m▀[0m[38;2;140;132;138m[48;2;140;132;138m▀[0m[38;2;109;77;98m[48;2;103;92;100m▀[0m[38;2;109;77;98m[48;2;109;77;98m▀[0m[38;2;109;77;98m[48;2;16;16;16m▀[0m[38;2;16;16;16m[48;2;140;132;138m▀[0m[38;2;103;92;100m[48;2;140;132;138m▀[0m[38;2;250;250;250m[48;2;103;92;100m▀[0m[38;2;250;250;250m[48;2;103;92;100m▀[0m[38;2;250;250;250m[48;2;103;92;100m▀[0m[38;2;250;250;250m[48;2;103;92;100m▀[0m[38;2;250;250;250m[48;2;103;92;100m▀[0m[38;2;250;250;250m[48;2;140;132;138m▀[0m[38;2;103;92;100m[48;2;140;132;138m▀[0m[38;2;55;51;54m[48;2;140;132;138m▀[0m[38;2;140;132;138m[48;2;140;132;138m▀[0m[38;2;140;132;138m[48;2;140;132;138m▀[0m[38;2;140;132;138m[48;2;55;51;54m▀[0m[38;2;55;51;54m[48;2;109;77;98m▀[0m[38;2;109;77;98m[48;2;109;77;98m▀[0m[38;2;109;77;98m[48;2;109;77;98m▀[0m[38;2;109;77;98m[48;2;109;77;98m▀[0m[38;2;109;77;98m[48;2;103;92;100m▀[0m[38;2;140;132;138m[48;2;140;132;138m▀[0m[38;2;172;226;230m[48;2;140;132;138m▀[0m[38;2;140;132;138m[48;2;172;226;230m▀[0m[38;2;16;16;16m[48;2;16;16;16m▀[0m[38;2;26;65;100m▄[0m[38;2;26;65;100m▄[0m [38;2;26;65;100m▀[0m[38;2;62;154;223m[48;2;26;65;100m▀[0m[38;2;62;154;223m[48;2;62;154;223m▀[0m[38;2;26;65;100m[48;2;26;65;100m▀[0m[38;2;62;154;223m[48;2;62;154;223m▀[0m[38;2;62;154;223m[48;2;16;16;16m▀[0m[38;2;16;16;16m▀[0m  [38;2;16;16;16m▀[0m[38;2;16;16;16m▀[0m
  [38;2;16;16;16m▀[0m[38;2;140;132;138m[48;2;16;16;16m▀[0m[38;2;140;132;138m[48;2;55;51;54m▀[0m[38;2;16;16;16m[48;2;140;132;138m▀[0m[38;2;140;132;138m[48;2;140;132;138m▀[0m[38;2;140;132;138m[48;2;62;154;223m▀[0m[38;2;140;132;138m[48;2;62;154;223m▀[0m[38;2;140;132;138m[48;2;140;132;138m▀[0m[38;2;140;132;138m[48;2;62;154;223m▀[0m[38;2;140;132;138m[48;2;62;154;223m▀[0m[38;2;140;132;138m[48;2;140;132;138m▀[0m[38;2;140;132;138m[48;2;140;132;138m▀[0m[38;2;140;132;138m[48;2;140;132;138m▀[0m[38;2;140;132;138m[48;2;140;132;138m▀[0m[38;2;140;132;138m[48;2;140;132;138m▀[0m[38;2;140;132;138m[48;2;140;132;138m▀[0m[38;2;140;132;138m[48;2;140;132;138m▀[0m[38;2;140;132;138m[48;2;140;132;138m▀[0m[38;2;109;77;98m[48;2;103;92;100m▀[0m[38;2;109;77;98m[48;2;109;77;98m▀[0m[38;2;109;77;98m[48;2;109;77;98m▀[0m[38;2;109;77;98m[48;2;103;92;100m▀[0m[38;2;140;132;138m[48;2;140;132;138m▀[0m[38;2;140;132;138m[48;2;140;132;138m▀[0m[38;2;140;132;138m[48;2;16;16;16m▀[0m[38;2;16;16;16m[48;2;62;154;223m▀[0m[38;2;62;154;223m[48;2;62;154;223m▀[0m[38;2;62;154;223m[48;2;62;154;223m▀[0m[38;2;62;154;223m[48;2;62;154;223m▀[0m[38;2;26;65;100m[48;2;62;154;223m▀[0m[38;2;26;65;100m▄[0m[38;2;26;65;100m▄[0m[38;2;26;65;100m[48;2;62;154;223m▀[0m[38;2;62;154;223m[48;2;62;154;223m▀[0m[38;2;62;154;223m[48;2;16;16;16m▀[0m[38;2;16;16;16m[48;2;98;198;215m▀[0m[38;2;26;65;100m▄[0m    
   [38;2;55;51;54m▄[0m[38;2;55;51;54m[48;2;98;198;215m▀[0m[38;2;66;145;164m[48;2;98;198;215m▀[0m[38;2;140;132;138m[48;2;103;92;100m▀[0m[38;2;62;154;223m[48;2;30;98;142m▀[0m[38;2;62;154;223m[48;2;62;154;223m▀[0m[38;2;140;132;138m[48;2;140;132;138m▀[0m[38;2;62;154;223m[48;2;62;154;223m▀[0m[38;2;62;154;223m[48;2;30;98;142m▀[0m[38;2;140;132;138m[48;2;140;132;138m▀[0m[38;2;140;132;138m[48;2;66;145;164m▀[0m[38;2;66;145;164m[48;2;98;198;215m▀[0m[38;2;66;145;164m[48;2;98;198;215m▀[0m[38;2;66;145;164m[48;2;98;198;215m▀[0m[38;2;140;132;138m[48;2;66;145;164m▀[0m[38;2;140;132;138m[48;2;140;132;138m▀[0m[38;2;140;132;138m[48;2;140;132;138m▀[0m[38;2;140;132;138m[48;2;140;132;138m▀[0m[38;2;16;16;16m[48;2;16;16;16m▀[0m[38;2;103;92;100m[48;2;140;132;138m▀[0m[38;2;140;132;138m[48;2;140;132;138m▀[0m[38;2;140;132;138m[48;2;16;16;16m▀[0m[38;2;16;16;16m[48;2;30;98;142m▀[0m[38;2;30;98;142m[48;2;30;98;142m▀[0m[38;2;30;98;142m[48;2;30;98;142m▀[0m[38;2;62;154;223m[48;2;30;98;142m▀[0m[38;2;62;154;223m[48;2;30;98;142m▀[0m[38;2;62;154;223m[48;2;16;16;16m▀[0m[38;2;62;154;223m[48;2;16;16;16m▀[0m[38;2;62;154;223m[48;2;62;154;223m▀[0m[38;2;62;154;223m[48;2;62;154;223m▀[0m[38;2;62;154;223m[48;2;62;154;223m▀[0m[38;2;62;154;223m[48;2;16;16;16m▀[0m[38;2;16;16;16m[48;2;98;198;215m▀[0m[38;2;98;198;215m[48;2;98;198;215m▀[0m[38;2;98;198;215m[48;2;98;198;215m▀[0m[38;2;26;65;100m[48;2;26;65;100m▀[0m   
   [38;2;55;51;54m[48;2;55;51;54m▀[0m[38;2;66;145;164m[48;2;255;174;26m▀[0m[38;2;98;198;215m[48;2;103;92;100m▀[0m[38;2;103;92;100m[48;2;140;132;138m▀[0m[38;2;140;132;138m[48;2;140;132;138m▀[0m[38;2;140;132;138m[48;2;140;132;138m▀[0m[38;2;140;132;138m[48;2;140;132;138m▀[0m[38;2;140;132;138m[48;2;140;132;138m▀[0m[38;2;140;132;138m[48;2;140;132;138m▀[0m[38;2;66;145;164m[48;2;66;145;164m▀[0m[38;2;98;198;215m[48;2;255;174;26m▀[0m[38;2;98;198;215m[48;2;223;120;6m▀[0m[38;2;98;198;215m[48;2;66;145;164m▀[0m[38;2;98;198;215m[48;2;98;198;215m▀[0m[38;2;66;145;164m[48;2;66;145;164m▀[0m[38;2;140;132;138m[48;2;140;132;138m▀[0m[38;2;140;132;138m[48;2;140;132;138m▀[0m[38;2;140;132;138m[48;2;140;132;138m▀[0m[38;2;140;132;138m[48;2;140;132;138m▀[0m[38;2;16;16;16m[48;2;16;16;16m▀[0m[38;2;16;16;16m[48;2;30;98;142m▀[0m[38;2;30;98;142m[48;2;30;98;142m▀[0m[38;2;30;98;142m[48;2;30;98;142m▀[0m[38;2;30;98;142m[48;2;30;98;142m▀[0m[38;2;30;98;142m[48;2;16;16;16m▀[0m[38;2;16;16;16m▀[0m[38;2;16;16;16m▀[0m[38;2;109;77;98m▄[0m[38;2;109;77;98m▄[0m[38;2;16;16;16m[48;2;250;250;250m▀[0m[38;2;16;16;16m[48;2;172;226;230m▀[0m[38;2;16;16;16m[48;2;172;226;230m▀[0m[38;2;172;226;230m[48;2;172;226;230m▀[0m[38;2;98;198;215m[48;2;172;226;230m▀[0m[38;2;98;198;215m[48;2;16;16;16m▀[0m[38;2;16;16;16m[48;2;26;65;100m▀[0m[38;2;26;65;100m▄[0m   
   [38;2;55;51;54m▀[0m[38;2;255;174;26m[48;2;55;51;54m▀[0m[38;2;55;51;54m[48;2;103;92;100m▀[0m[38;2;140;132;138m[48;2;140;132;138m▀[0m[38;2;140;132;138m[48;2;140;132;138m▀[0m[38;2;140;132;138m[48;2;140;132;138m▀[0m[38;2;140;132;138m[48;2;140;132;138m▀[0m[38;2;140;132;138m[48;2;140;132;138m▀[0m[38;2;103;92;100m[48;2;103;92;100m▀[0m[38;2;255;174;26m[48;2;223;120;6m▀[0m[38;2;250;250;250m[48;2;250;250;250m▀[0m[38;2;255;174;26m[48;2;255;174;26m▀[0m[38;2;255;174;26m[48;2;255;174;26m▀[0m[38;2;66;145;164m[48;2;250;250;250m▀[0m[38;2;66;145;164m[48;2;103;92;100m▀[0m[38;2;140;132;138m[48;2;140;132;138m▀[0m[38;2;140;132;138m[48;2;140;132;138m▀[0m[38;2;140;132;138m[48;2;55;51;54m▀[0m[38;2;16;16;16m[48;2;140;132;138m▀[0m[38;2;16;16;16m[48;2;140;132;138m▀[0m[38;2;16;16;16m[48;2;140;132;138m▀[0m[38;2;30;98;142m[48;2;16;16;16m▀[0m[38;2;30;98;142m[48;2;16;16;16m▀[0m[38;2;16;16;16m[48;2;16;16;16m▀[0m [38;2;109;77;98m▄[0m[38;2;109;77;98m[48;2;250;250;250m▀[0m[38;2;250;250;250m[48;2;250;250;250m▀[0m[38;2;250;250;250m[48;2;250;250;250m▀[0m[38;2;250;250;250m[48;2;250;250;250m▀[0m[38;2;250;250;250m[48;2;250;250;250m▀[0m[38;2;172;226;230m[48;2;250;250;250m▀[0m[38;2;250;250;250m[48;2;172;226;230m▀[0m[38;2;172;226;230m[48;2;250;250;250m▀[0m[38;2;172;226;230m[48;2;172;226;230m▀[0m[38;2;172;226;230m[48;2;16;16;16m▀[0m[38;2;16;16;16m▀[0m   
  [38;2;55;51;54m▄[0m[38;2;55;51;54m[48;2;140;132;138m▀[0m[38;2;140;132;138m[48;2;16;16;16m▀[0m[38;2;140;132;138m[48;2;55;51;54m▀[0m[38;2;140;132;138m[48;2;140;132;138m▀[0m[38;2;140;132;138m[48;2;140;132;138m▀[0m[38;2;140;132;138m[48;2;140;132;138m▀[0m[38;2;140;132;138m[48;2;140;132;138m▀[0m[38;2;140;132;138m[48;2;140;132;138m▀[0m[38;2;140;132;138m[48;2;140;132;138m▀[0m[38;2;250;250;250m[48;2;140;132;138m▀[0m[38;2;223;120;6m[48;2;250;250;250m▀[0m[38;2;255;174;26m[48;2;250;250;250m▀[0m[38;2;250;250;250m[48;2;250;250;250m▀[0m[38;2;250;250;250m[48;2;103;92;100m▀[0m[38;2;140;132;138m[48;2;140;132;138m▀[0m[38;2;140;132;138m[48;2;140;132;138m▀[0m[38;2;140;132;138m[48;2;140;132;138m▀[0m[38;2;140;132;138m[48;2;140;132;138m▀[0m[38;2;140;132;138m[48;2;140;132;138m▀[0m[38;2;140;132;138m[48;2;140;132;138m▀[0m[38;2;140;132;138m[48;2;140;132;138m▀[0m[38;2;140;132;138m[48;2;16;16;16m▀[0m[38;2;140;132;138m[48;2;16;16;16m▀[0m[38;2;16;16;16m▀[0m[38;2;16;16;16m▄[0m[38;2;109;77;98m[48;2;179;179;187m▀[0m[38;2;250;250;250m[48;2;250;250;250m▀[0m[38;2;250;250;250m[48;2;250;250;250m▀[0m[38;2;250;250;250m[48;2;250;250;250m▀[0m[38;2;250;250;250m[48;2;250;250;250m▀[0m[38;2;250;250;250m[48;2;250;250;250m▀[0m[38;2;250;250;250m[48;2;250;250;250m▀[0m[38;2;250;250;250m[48;2;250;250;250m▀[0m[38;2;172;226;230m[48;2;250;250;250m▀[0m[38;2;250;250;250m[48;2;250;250;250m▀[0m[38;2;16;16;16m[48;2;179;179;187m▀[0m[38;2;16;16;16m▄[0m   
  [38;2;16;16;16m▀[0m[38;2;140;132;138m[48;2;16;16;16m▀[0m[38;2;140;132;138m[48;2;103;92;100m▀[0m[38;2;140;132;138m[48;2;140;132;138m▀[0m[38;2;140;132;138m[48;2;140;132;138m▀[0m[38;2;140;132;138m[48;2;140;132;138m▀[0m[38;2;140;132;138m[48;2;140;132;138m▀[0m[38;2;140;132;138m[48;2;140;132;138m▀[0m[38;2;140;132;138m[48;2;140;132;138m▀[0m[38;2;140;132;138m[48;2;140;132;138m▀[0m[38;2;140;132;138m[48;2;140;132;138m▀[0m[38;2;140;132;138m[48;2;140;132;138m▀[0m[38;2;140;132;138m[48;2;140;132;138m▀[0m[38;2;140;132;138m[48;2;140;132;138m▀[0m[38;2;140;132;138m[48;2;140;132;138m▀[0m[38;2;140;132;138m[48;2;140;132;138m▀[0m[38;2;140;132;138m[48;2;140;132;138m▀[0m[38;2;55;51;54m[48;2;140;132;138m▀[0m[38;2;140;132;138m[48;2;16;16;16m▀[0m[38;2;140;132;138m[48;2;16;16;16m▀[0m[38;2;16;16;16m[48;2;66;145;164m▀[0m[38;2;16;16;16m[48;2;66;145;164m▀[0m[38;2;66;145;164m[48;2;66;145;164m▀[0m[38;2;16;16;16m[48;2;16;16;16m▀[0m[38;2;55;51;54m▄[0m[38;2;16;16;16m[48;2;55;51;54m▀[0m[38;2;179;179;187m[48;2;55;51;54m▀[0m[38;2;179;179;187m[48;2;179;179;187m▀[0m[38;2;250;250;250m[48;2;179;179;187m▀[0m[38;2;250;250;250m[48;2;179;179;187m▀[0m[38;2;250;250;250m[48;2;250;250;250m▀[0m[38;2;250;250;250m[48;2;250;250;250m▀[0m[38;2;250;250;250m[48;2;250;250;250m▀[0m[38;2;250;250;250m[48;2;179;179;187m▀[0m[38;2;250;250;250m[48;2;179;179;187m▀[0m[38;2;179;179;187m[48;2;179;179;187m▀[0m[38;2;179;179;187m[48;2;179;179;187m▀[0m[38;2;16;16;16m[48;2;16;16;16m▀[0m   
    [38;2;16;16;16m▀[0m[38;2;16;16;16m▀[0m[38;2;103;92;100m[48;2;16;16;16m▀[0m[38;2;103;92;100m[48;2;16;16;16m▀[0m[38;2;140;132;138m[48;2;103;92;100m▀[0m[38;2;140;132;138m[48;2;103;92;100m▀[0m[38;2;140;132;138m[48;2;55;51;54m▀[0m[38;2;140;132;138m[48;2;16;16;16m▀[0m[38;2;140;132;138m[48;2;16;16;16m▀[0m[38;2;140;132;138m[48;2;103;92;100m▀[0m[38;2;140;132;138m[48;2;103;92;100m▀[0m[38;2;140;132;138m[48;2;103;92;100m▀[0m[38;2;140;132;138m[48;2;103;92;100m▀[0m[38;2;103;92;100m[48;2;16;16;16m▀[0m[38;2;16;16;16m[48;2;98;198;215m▀[0m[38;2;140;132;138m[48;2;16;16;16m▀[0m[38;2;140;132;138m[48;2;16;16;16m▀[0m[38;2;16;16;16m[48;2;98;198;215m▀[0m[38;2;66;145;164m[48;2;98;198;215m▀[0m[38;2;66;145;164m[48;2;66;145;164m▀[0m[38;2;66;145;164m[48;2;66;145;164m▀[0m[38;2;16;16;16m[48;2;16;16;16m▀[0m[38;2;140;132;138m[48;2;140;132;138m▀[0m[38;2;140;132;138m[48;2;140;132;138m▀[0m[38;2;140;132;138m[48;2;140;132;138m▀[0m[38;2;55;51;54m[48;2;140;132;138m▀[0m[38;2;179;179;187m[48;2;55;51;54m▀[0m[38;2;179;179;187m[48;2;179;179;187m▀[0m[38;2;179;179;187m[48;2;179;179;187m▀[0m[38;2;179;179;187m[48;2;179;179;187m▀[0m[38;2;179;179;187m[48;2;179;179;187m▀[0m[38;2;179;179;187m[48;2;179;179;187m▀[0m[38;2;179;179;187m[48;2;179;179;187m▀[0m[38;2;179;179;187m[48;2;179;179;187m▀[0m[38;2;16;16;16m[48;2;16;16;16m▀[0m    
     [38;2;109;77;98m[48;2;109;77;98m▀[0m[38;2;250;250;250m[48;2;250;250;250m▀[0m[38;2;250;250;250m[48;2;250;250;250m▀[0m[38;2;16;16;16m[48;2;250;250;250m▀[0m[38;2;16;16;16m[48;2;250;250;250m▀[0m[38;2;103;92;100m[48;2;16;16;16m▀[0m[38;2;103;92;100m[48;2;16;16;16m▀[0m[38;2;103;92;100m[48;2;16;16;16m▀[0m[38;2;103;92;100m[48;2;16;16;16m▀[0m[38;2;16;16;16m[48;2;250;250;250m▀[0m[38;2;16;16;16m[48;2;250;250;250m▀[0m[38;2;16;16;16m[48;2;250;250;250m▀[0m[38;2;172;226;230m[48;2;250;250;250m▀[0m[38;2;98;198;215m[48;2;250;250;250m▀[0m[38;2;98;198;215m[48;2;172;226;230m▀[0m[38;2;98;198;215m[48;2;98;198;215m▀[0m[38;2;98;198;215m[48;2;98;198;215m▀[0m[38;2;98;198;215m[48;2;98;198;215m▀[0m[38;2;98;198;215m[48;2;98;198;215m▀[0m[38;2;16;16;16m[48;2;16;16;16m▀[0m[38;2;140;132;138m[48;2;140;132;138m▀[0m[38;2;140;132;138m[48;2;140;132;138m▀[0m[38;2;140;132;138m[48;2;140;132;138m▀[0m[38;2;140;132;138m[48;2;140;132;138m▀[0m[38;2;140;132;138m[48;2;140;132;138m▀[0m[38;2;55;51;54m[48;2;140;132;138m▀[0m[38;2;179;179;187m[48;2;16;16;16m▀[0m[38;2;179;179;187m[48;2;179;179;187m▀[0m[38;2;179;179;187m[48;2;179;179;187m▀[0m[38;2;179;179;187m[48;2;179;179;187m▀[0m[38;2;179;179;187m[48;2;16;16;16m▀[0m[38;2;179;179;187m[48;2;16;16;16m▀[0m[38;2;16;16;16m▀[0m     
     [38;2;109;77;98m▀[0m[38;2;250;250;250m[48;2;109;77;98m▀[0m[38;2;250;250;250m[48;2;250;250;250m▀[0m[38;2;250;250;250m[48;2;250;250;250m▀[0m[38;2;250;250;250m[48;2;250;250;250m▀[0m[38;2;250;250;250m[48;2;250;250;250m▀[0m[38;2;250;250;250m[48;2;250;250;250m▀[0m[38;2;250;250;250m[48;2;250;250;250m▀[0m[38;2;250;250;250m[48;2;250;250;250m▀[0m[38;2;250;250;250m[48;2;250;250;250m▀[0m[38;2;250;250;250m[48;2;250;250;250m▀[0m[38;2;250;250;250m[48;2;250;250;250m▀[0m[38;2;250;250;250m[48;2;250;250;250m▀[0m[38;2;172;226;230m[48;2;250;250;250m▀[0m[38;2;98;198;215m[48;2;179;179;187m▀[0m[38;2;98;198;215m[48;2;172;226;230m▀[0m[38;2;172;226;230m[48;2;98;198;215m▀[0m[38;2;98;198;215m[48;2;98;198;215m▀[0m[38;2;16;16;16m[48;2;16;16;16m▀[0m[38;2;140;132;138m[48;2;140;132;138m▀[0m[38;2;140;132;138m[48;2;140;132;138m▀[0m[38;2;140;132;138m[48;2;140;132;138m▀[0m[38;2;140;132;138m[48;2;140;132;138m▀[0m[38;2;140;132;138m[48;2;140;132;138m▀[0m[38;2;140;132;138m[48;2;140;132;138m▀[0m[38;2;140;132;138m[48;2;140;132;138m▀[0m[38;2;16;16;16m[48;2;16;16;16m▀[0m[38;2;16;16;16m▀[0m[38;2;16;16;16m▀[0m[38;2;16;16;16m▀[0m        
      [38;2;16;16;16m▀[0m[38;2;250;250;250m[48;2;16;16;16m▀[0m[38;2;250;250;250m[48;2;179;179;187m▀[0m[38;2;250;250;250m[48;2;250;250;250m▀[0m[38;2;250;250;250m[48;2;250;250;250m▀[0m[38;2;250;250;250m[48;2;250;250;250m▀[0m[38;2;250;250;250m[48;2;250;250;250m▀[0m[38;2;250;250;250m[48;2;250;250;250m▀[0m[38;2;250;250;250m[48;2;250;250;250m▀[0m[38;2;250;250;250m[48;2;179;179;187m▀[0m[38;2;250;250;250m[48;2;179;179;187m▀[0m[38;2;250;250;250m[48;2;179;179;187m▀[0m[38;2;179;179;187m[48;2;179;179;187m▀[0m[38;2;179;179;187m[48;2;179;179;187m▀[0m[38;2;179;179;187m[48;2;16;16;16m▀[0m[38;2;98;198;215m[48;2;16;16;16m▀[0m[38;2;16;16;16m[48;2;140;132;138m▀[0m[38;2;140;132;138m[48;2;140;132;138m▀[0m[38;2;140;132;138m[48;2;140;132;138m▀[0m[38;2;55;51;54m[48;2;16;16;16m▀[0m[38;2;140;132;138m[48;2;140;132;138m▀[0m[38;2;140;132;138m[48;2;140;132;138m▀[0m[38;2;140;132;138m[48;2;140;132;138m▀[0m[38;2;140;132;138m[48;2;140;132;138m▀[0m[38;2;140;132;138m[48;2;140;132;138m▀[0m[38;2;55;51;54m[48;2;140;132;138m▀[0m[38;2;16;16;16m▄[0m          
        [38;2;16;16;16m▀[0m[38;2;16;16;16m▀[0m[38;2;179;179;187m[48;2;16;16;16m▀[0m[38;2;179;179;187m[48;2;16;16;16m▀[0m[38;2;179;179;187m[48;2;16;16;16m▀[0m[38;2;179;179;187m[48;2;16;16;16m▀[0m[38;2;179;179;187m[48;2;16;16;16m▀[0m[38;2;179;179;187m[48;2;16;16;16m▀[0m[38;2;179;179;187m[48;2;16;16;16m▀[0m[38;2;179;179;187m[48;2;16;16;16m▀[0m[38;2;16;16;16m[48;2;250;250;250m▀[0m[38;2;16;16;16m[48;2;250;250;250m▀[0m[38;2;140;132;138m[48;2;140;132;138m▀[0m[38;2;140;132;138m[48;2;140;132;138m▀[0m[38;2;16;16;16m[48;2;16;16;16m▀[0m[38;2;16;16;16m[48;2;103;92;100m▀[0m[38;2;55;51;54m[48;2;103;92;100m▀[0m[38;2;55;51;54m[48;2;103;92;100m▀[0m[38;2;16;16;16m[48;2;16;16;16m▀[0m[38;2;140;132;138m[48;2;250;250;250m▀[0m[38;2;250;250;250m[48;2;250;250;250m▀[0m[38;2;250;250;250m[48;2;140;132;138m▀[0m[38;2;140;132;138m[48;2;140;132;138m▀[0m[38;2;140;132;138m[48;2;140;132;138m▀[0m[38;2;16;16;16m[48;2;16;16;16m▀[0m          
          [38;2;55;51;54m[48;2;55;51;54m▀[0m[38;2;103;92;100m[48;2;103;92;100m▀[0m[38;2;179;179;187m[48;2;103;92;100m▀[0m[38;2;179;179;187m[48;2;103;92;100m▀[0m[38;2;55;51;54m[48;2;16;16;16m▀[0m [38;2;16;16;16m[48;2;55;51;54m▀[0m[38;2;250;250;250m[48;2;140;132;138m▀[0m[38;2;250;250;250m[48;2;140;132;138m▀[0m[38;2;140;132;138m[48;2;140;132;138m▀[0m[38;2;140;132;138m[48;2;140;132;138m▀[0m[38;2;16;16;16m[48;2;16;16;16m▀[0m[38;2;55;51;54m[48;2;55;51;54m▀[0m[38;2;103;92;100m[48;2;109;77;98m▀[0m[38;2;103;92;100m[48;2;109;77;98m▀[0m[38;2;103;92;100m[48;2;103;92;100m▀[0m[38;2;103;92;100m[48;2;55;51;54m▀[0m[38;2;16;16;16m▀[0m[38;2;140;132;138m[48;2;55;51;54m▀[0m[38;2;140;132;138m[48;2;109;77;98m▀[0m[38;2;140;132;138m[48;2;109;77;98m▀[0m[38;2;109;77;98m[48;2;109;77;98m▀[0m[38;2;16;16;16m[48;2;16;16;16m▀[0m          
          [38;2;16;16;16m[48;2;16;16;16m▀[0m[38;2;109;77;98m[48;2;109;77;98m▀[0m[38;2;109;77;98m[48;2;109;77;98m▀[0m[38;2;103;92;100m[48;2;109;77;98m▀[0m[38;2;16;16;16m[48;2;16;16;16m▀[0m [38;2;55;51;54m[48;2;55;51;54m▀[0m[38;2;140;132;138m[48;2;109;77;98m▀[0m[38;2;109;77;98m[48;2;109;77;98m▀[0m[38;2;109;77;98m[48;2;109;77;98m▀[0m[38;2;16;16;16m[48;2;16;16;16m▀[0m  [38;2;16;16;16m[48;2;16;16;16m▀[0m[38;2;109;77;98m[48;2;109;77;98m▀[0m[38;2;109;77;98m[48;2;109;77;98m▀[0m[38;2;16;16;16m[48;2;16;16;16m▀[0m [38;2;16;16;16m[48;2;16;16;16m▀[0m[38;2;109;77;98m[48;2;109;77;98m▀[0m[38;2;109;77;98m[48;2;109;77;98m▀[0m[38;2;109;77;98m[48;2;109;77;98m▀[0m[38;2;16;16;16m▀[0m          
          [38;2;16;16;16m▀[0m[38;2;109;77;98m[48;2;16;16;16m▀[0m[38;2;109;77;98m[48;2;16;16;16m▀[0m[38;2;16;16;16m▀[0m  [38;2;16;16;16m[48;2;16;16;16m▀[0m[38;2;109;77;98m[48;2;109;77;98m▀[0m[38;2;109;77;98m[48;2;109;77;98m▀[0m[38;2;16;16;16m[48;2;16;16;16m▀[0m    [38;2;16;16;16m▀[0m[38;2;16;16;16m▀[0m  [38;2;16;16;16m▀[0m[38;2;109;77;98m[48;2;16;16;16m▀[0m[38;2;109;77;98m[48;2;16;16;16m▀[0m[38;2;16;16;16m▀[0m           
                 [38;2;16;16;16m▀[0m[38;2;16;16;16m▀[0m                        
[0m