                 [38;2;170;85;0m▄[0m[38;2;150;140;63m[48;2;162;152;79m▀[0m[38;2;151;145;96m[48;2;173;173;173m▀[0m[38;2;0;0;0m[48;2;0;0;0m▀[0m                   
                [38;2;78;58;0m▄[0m[38;2;116;103;9m[48;2;163;151;60m▀[0m[38;2;222;218;185m[48;2;241;237;204m▀[0m[38;2;199;195;167m[48;2;251;239;137m▀[0m[38;2;52;49;30m[48;2;90;85;53m▀[0m[38;2;0;0;0m[48;2;0;0;0m▀[0m                  
                [38;2;0;0;0m[48;2;143;131;48m▀[0m[38;2;179;172;120m[48;2;203;193;116m▀[0m[38;2;242;239;221m[48;2;212;200;119m▀[0m[38;2;244;231;129m[48;2;217;204;108m▀[0m[38;2;111;104;54m[48;2;212;200;104m▀[0m[38;2;0;0;0m[48;2;34;34;23m▀[0m                  
               [38;2;127;115;31m▄[0m[38;2;134;122;33m[48;2;168;155;75m▀[0m[38;2;215;205;147m[48;2;233;227;184m▀[0m[38;2;238;229;163m[48;2;241;229;140m▀[0m[38;2;207;193;98m[48;2;217;203;108m▀[0m[38;2;227;215;119m[48;2;209;195;106m▀[0m[38;2;33;33;24m[48;2;36;36;26m▀[0m                  
           [38;2;0;0;0m▄[0m  [38;2;111;95;15m▄[0m[38;2;124;112;28m[48;2;147;136;52m▀[0m[38;2;197;185;105m[48;2;225;212;119m▀[0m[38;2;241;237;204m[48;2;219;209;140m▀[0m[38;2;231;217;113m[48;2;217;203;107m▀[0m[38;2;223;210;115m[48;2;241;228;127m▀[0m[38;2;215;201;106m[48;2;209;195;102m▀[0m[38;2;133;124;53m[48;2;136;126;66m▀[0m[38;2;0;0;10m[48;2;0;0;7m▀[0m   [38;2;0;0;0m▄[0m             
          [38;2;127;113;28m[48;2;99;93;12m▀[0m[38;2;156;145;54m[48;2;193;180;85m▀[0m[38;2;143;131;48m[48;2;206;194;98m▀[0m[38;2;122;112;25m▄[0m[38;2;67;53;0m[48;2;130;120;40m▀[0m[38;2;180;168;77m[48;2;155;144;61m▀[0m[38;2;238;225;126m[48;2;176;165;79m▀[0m[38;2;211;196;102m[48;2;165;152;66m▀[0m[38;2;211;197;105m[48;2;165;153;67m▀[0m[38;2;233;220;122m[48;2;168;156;68m▀[0m[38;2;204;190;98m[48;2;153;141;58m▀[0m[38;2;108;100;39m[48;2;56;52;25m▀[0m[38;2;0;0;8m[48;2;12;13;15m▀[0m[38;2;0;0;0m▄[0m[38;2;130;121;37m▄[0m[38;2;157;144;52m[48;2;214;201;101m▀[0m[38;2;86;80;39m[48;2;119;113;68m▀[0m[38;2;0;0;8m[48;2;0;0;0m▀[0m            
          [38;2;102;95;12m[48;2;120;112;7m▀[0m[38;2;187;175;82m[48;2;189;176;82m▀[0m[38;2;227;214;115m[48;2;186;173;82m▀[0m[38;2;174;163;88m[48;2;244;234;154m▀[0m[38;2;227;222;183m[48;2;243;231;140m▀[0m[38;2;234;230;199m[48;2;232;218;118m▀[0m[38;2;228;224;186m[48;2;234;221;120m▀[0m[38;2;222;209;113m[48;2;235;222;121m▀[0m[38;2;222;209;112m[48;2;232;219;122m▀[0m[38;2;221;209;112m[48;2;235;222;125m▀[0m[38;2;222;209;113m[48;2;216;203;109m▀[0m[38;2;169;156;81m[48;2;193;178;89m▀[0m[38;2;168;155;80m[48;2;190;176;89m▀[0m[38;2;64;60;36m[48;2;173;159;72m▀[0m[38;2;163;154;84m[48;2;204;190;100m▀[0m[38;2;255;243;135m[48;2;191;177;84m▀[0m[38;2;106;101;59m[48;2;89;83;46m▀[0m[38;2;0;0;0m[48;2;0;0;0m▀[0m            
        [38;2;10;10;20m▄[0m[38;2;23;23;30m▄[0m[38;2;49;46;19m[48;2;36;37;48m▀[0m[38;2;154;142;65m[48;2;65;62;53m▀[0m[38;2;166;153;64m[48;2;147;136;64m▀[0m[38;2;198;185;97m[48;2;66;63;50m▀[0m[38;2;116;107;47m[48;2;52;50;51m▀[0m[38;2;83;79;49m[48;2;171;161;86m▀[0m[38;2;69;66;53m[48;2;115;109;131m▀[0m[38;2;55;52;58m[48;2;152;146;189m▀[0m[38;2;86;83;55m[48;2;129;122;99m▀[0m[38;2;66;63;44m[48;2;147;139;78m▀[0m[38;2;50;48;44m[48;2;50;51;65m▀[0m[38;2;118;110;51m[48;2;25;27;42m▀[0m[38;2;168;155;75m[48;2;47;45;28m▀[0m[38;2;153;141;55m[48;2;150;138;54m▀[0m[38;2;179;165;81m[48;2;163;150;63m▀[0m[38;2;56;53;43m[48;2;64;63;63m▀[0m[38;2;29;29;29m[48;2;49;49;59m▀[0m[38;2;14;14;14m[48;2;39;39;46m▀[0m[38;2;21;21;30m▄[0m[38;2;12;12;25m▄[0m          
      [38;2;9;9;18m▄[0m[38;2;10;10;21m[48;2;35;35;43m▀[0m[38;2;35;35;42m[48;2;59;59;67m▀[0m[38;2;56;56;65m[48;2;50;50;58m▀[0m[38;2;55;55;63m[48;2;25;25;30m▀[0m[38;2;34;34;45m[48;2;18;18;28m▀[0m[38;2;28;27;22m[48;2;0;0;0m▀[0m[38;2;27;28;38m[48;2;64;63;35m▀[0m[38;2;83;81;77m[48;2;156;148;90m▀[0m[38;2;156;148;95m[48;2;195;184;104m▀[0m[38;2;100;92;147m[48;2;92;86;101m▀[0m[38;2;190;182;221m[48;2;76;67;126m▀[0m[38;2;77;72;97m[48;2;137;130;97m▀[0m[38;2;165;158;97m[48;2;179;168;90m▀[0m[38;2;28;30;49m[48;2;128;121;72m▀[0m[38;2;76;72;43m[48;2;192;179;84m▀[0m[38;2;172;162;79m[48;2;168;161;102m▀[0m[38;2;154;145;77m[48;2;77;77;81m▀[0m[38;2;146;135;69m[48;2;0;0;6m▀[0m[38;2;41;40;37m▀[0m[38;2;40;39;49m[48;2;17;17;25m▀[0m[38;2;55;55;63m[48;2;26;26;33m▀[0m[38;2;56;56;65m[48;2;51;51;59m▀[0m[38;2;34;34;41m[48;2;59;59;67m▀[0m[38;2;11;11;11m[48;2;35;35;41m▀[0m[38;2;11;11;11m▄[0m        
    [38;2;8;8;16m▄[0m[38;2;10;10;20m[48;2;36;36;42m▀[0m[38;2;36;36;43m[48;2;60;60;68m▀[0m[38;2;60;60;68m[48;2;49;49;58m▀[0m[38;2;49;49;56m[48;2;24;24;31m▀[0m[38;2;23;23;32m▀[0m  [38;2;36;18;0m▄[0m[38;2;72;60;24m▄[0m[38;2;160;147;54m[48;2;113;100;44m▀[0m[38;2;170;156;76m[48;2;120;104;58m▀[0m[38;2;151;139;71m[48;2;121;105;57m▀[0m[38;2;140;128;71m[48;2;121;105;57m▀[0m[38;2;163;150;74m[48;2;117;102;57m▀[0m[38;2;162;148;73m[48;2;117;102;58m▀[0m[38;2;171;158;66m[48;2;122;108;53m▀[0m[38;2;167;159;92m[48;2;101;93;54m▀[0m[38;2;85;85;88m[48;2;46;48;55m▀[0m[38;2;0;0;0m[48;2;0;0;0m▀[0m    [38;2;24;24;33m▀[0m[38;2;50;50;58m[48;2;24;24;31m▀[0m[38;2;59;59;67m[48;2;50;50;58m▀[0m[38;2;34;34;42m[48;2;59;59;67m▀[0m[38;2;11;11;22m[48;2;34;34;42m▀[0m[38;2;0;0;9m▄[0m      
   [38;2;24;24;32m[48;2;23;23;30m▀[0m[38;2;36;36;43m[48;2;57;57;65m▀[0m[38;2;59;59;67m[48;2;58;58;67m▀[0m[38;2;49;49;56m[48;2;26;26;32m▀[0m[38;2;24;24;31m▀[0m  [38;2;83;69;33m▄[0m[38;2;85;73;33m[48;2;144;127;75m▀[0m[38;2;111;95;51m[48;2;146;128;75m▀[0m[38;2;133;116;66m[48;2;137;121;69m▀[0m[38;2;142;125;74m[48;2;153;135;83m▀[0m[38;2;162;144;90m[48;2;83;78;71m▀[0m[38;2;93;87;72m[48;2;45;48;63m▀[0m[38;2;130;116;73m[48;2;83;77;66m▀[0m[38;2;167;148;91m[48;2;159;140;82m▀[0m[38;2;162;144;88m[48;2;143;126;74m▀[0m[38;2;129;113;64m[48;2;125;109;62m▀[0m[38;2;141;124;74m[48;2;159;140;86m▀[0m[38;2;85;76;48m[48;2;166;147;90m▀[0m[38;2;37;34;26m[48;2;149;132;81m▀[0m[38;2;0;0;0m[48;2;51;46;33m▀[0m[38;2;0;0;0m▄[0m    [38;2;23;23;31m▀[0m[38;2;49;49;58m[48;2;27;27;33m▀[0m[38;2;59;59;67m[48;2;59;59;67m▀[0m[38;2;36;36;42m[48;2;56;56;64m▀[0m[38;2;27;27;27m[48;2;23;23;29m▀[0m     
   [38;2;21;21;31m▀[0m[38;2;52;52;60m[48;2;27;27;34m▀[0m[38;2;60;60;68m[48;2;53;53;60m▀[0m[38;2;49;49;57m[48;2;61;61;69m▀[0m[38;2;24;24;31m[48;2;46;47;57m▀[0m[38;2;0;0;0m[48;2;73;63;35m▀[0m[38;2;85;73;34m[48;2;146;129;75m▀[0m[38;2;144;126;75m[48;2;134;117;66m▀[0m[38;2;150;133;79m[48;2;181;168;84m▀[0m[38;2;173;158;87m[48;2;134;121;65m▀[0m[38;2;138;122;69m[48;2;134;116;67m▀[0m[38;2;97;90;70m[48;2;137;120;68m▀[0m[38;2;71;68;67m[48;2;162;143;84m▀[0m[38;2;75;72;68m[48;2;163;145;86m▀[0m[38;2;60;59;61m[48;2;116;103;65m▀[0m[38;2;123;110;75m[48;2;123;109;70m▀[0m[38;2;154;139;76m[48;2;133;121;62m▀[0m[38;2;218;205;114m[48;2;227;214;116m▀[0m[38;2;151;137;76m[48;2;188;176;83m▀[0m[38;2;148;131;78m[48;2;143;131;57m▀[0m[38;2;163;145;89m[48;2;137;120;69m▀[0m[38;2;150;134;82m[48;2;167;149;91m▀[0m[38;2;57;52;35m[48;2;128;114;71m▀[0m[38;2;0;0;12m[48;2;0;0;6m▀[0m  [38;2;25;25;31m▄[0m[38;2;25;25;33m[48;2;50;50;59m▀[0m[38;2;50;50;57m[48;2;61;61;69m▀[0m[38;2;60;60;68m[48;2;51;51;60m▀[0m[38;2;51;51;58m[48;2;27;27;34m▀[0m[38;2;23;23;29m▀[0m     
[38;2;26;22;38m▄[0m[38;2;45;35;87m▄[0m[38;2;0;0;0m▄[0m [38;2;0;0;0m▀[0m[38;2;27;27;34m▀[0m[38;2;52;51;60m[48;2;25;25;37m▀[0m[38;2;58;58;63m[48;2;58;52;37m▀[0m[38;2;105;92;53m[48;2;144;126;74m▀[0m[38;2;140;123;72m[48;2;156;140;79m▀[0m[38;2;196;183;100m[48;2;238;225;125m▀[0m[38;2;203;190;98m[48;2;158;146;77m▀[0m[38;2;106;92;45m[48;2;124;108;60m▀[0m[38;2;147;130;80m[48;2;108;98;71m▀[0m[38;2;113;108;96m[48;2;199;201;209m▀[0m[38;2;117;110;92m[48;2;167;168;177m▀[0m[38;2;157;139;85m[48;2;122;109;72m▀[0m[38;2;161;143;86m[48;2;166;147;90m▀[0m[38;2;111;96;50m[48;2;110;96;51m▀[0m[38;2;145;134;55m[48;2;230;217;120m▀[0m[38;2;186;173;85m[48;2;237;224;124m▀[0m[38;2;213;200;105m[48;2;238;225;125m▀[0m[38;2;221;208;110m[48;2;242;229;128m▀[0m[38;2;185;171;94m[48;2;224;211;117m▀[0m[38;2;140;122;73m[48;2;150;135;76m▀[0m[38;2;162;144;88m[48;2;161;142;87m▀[0m[38;2;69;62;42m[48;2;107;95;57m▀[0m[38;2;7;10;23m[48;2;29;28;31m▀[0m[38;2;30;30;37m[48;2;59;59;68m▀[0m[38;2;49;49;57m[48;2;60;60;68m▀[0m[38;2;60;60;69m[48;2;51;51;59m▀[0m[38;2;51;51;59m[48;2;26;26;32m▀[0m[38;2;26;26;34m▀[0m[38;2;0;0;0m▀[0m   [38;2;0;0;0m▄[0m[38;2;45;35;87m▄[0m[38;2;26;22;38m▄[0m
[38;2;51;46;69m[48;2;39;37;53m▀[0m[38;2;114;101;171m[48;2;109;98;156m▀[0m[38;2;68;57;113m[48;2;130;115;186m▀[0m[38;2;52;43;93m[48;2;99;88;150m▀[0m[38;2;25;12;57m[48;2;85;74;134m▀[0m[38;2;0;0;31m[48;2;66;55;114m▀[0m[38;2;46;35;54m▄[0m[38;2;80;69;34m[48;2;124;108;59m▀[0m[38;2;138;121;71m[48;2;152;135;79m▀[0m[38;2;163;150;79m[48;2;182;169;85m▀[0m[38;2;246;233;127m[48;2;148;136;66m▀[0m[38;2;162;149;79m[48;2;114;102;51m▀[0m[38;2;133;116;68m[48;2;93;79;39m▀[0m[38;2;154;137;85m[48;2;164;146;89m▀[0m[38;2;116;111;100m[48;2;141;124;70m▀[0m[38;2;88;83;72m[48;2;115;99;52m▀[0m[38;2;134;118;69m[48;2;146;130;77m▀[0m[38;2;162;144;88m[48;2;138;122;71m▀[0m[38;2;101;87;45m[48;2;119;103;58m▀[0m[38;2;210;197;107m[48;2;133;118;66m▀[0m[38;2;243;230;129m[48;2;186;174;86m▀[0m[38;2;237;223;125m[48;2;188;175;85m▀[0m[38;2;219;206;110m[48;2;185;172;83m▀[0m[38;2;222;210;110m[48;2;188;177;82m▀[0m[38;2;137;125;62m[48;2;118;106;48m▀[0m[38;2;145;127;77m[48;2;146;128;78m▀[0m[38;2;159;141;84m[48;2;162;144;87m▀[0m[38;2;43;40;34m[48;2;41;39;33m▀[0m[38;2;55;56;65m[48;2;28;31;38m▀[0m[38;2;34;34;42m[48;2;0;0;0m▀[0m[38;2;26;26;30m[48;2;40;30;81m▀[0m[38;2;46;37;88m▄[0m[38;2;39;33;81m▄[0m[38;2;27;18;63m[48;2;77;66;124m▀[0m[38;2;25;19;63m[48;2;85;74;135m▀[0m[38;2;37;27;78m[48;2;88;76;136m▀[0m[38;2;61;51;104m[48;2;123;110;179m▀[0m[38;2;65;56;108m[48;2;126;113;183m▀[0m[38;2;114;101;171m[48;2;109;98;156m▀[0m[38;2;51;46;69m[48;2;39;37;53m▀[0m
[38;2;0;0;0m[48;2;12;12;12m▀[0m[38;2;76;68;107m[48;2;11;12;9m▀[0m[38;2;120;106;175m[48;2;43;38;70m▀[0m[38;2;127;114;182m[48;2;88;76;136m▀[0m[38;2;128;114;183m[48;2;97;85;148m▀[0m[38;2;117;104;175m[48;2;115;103;172m▀[0m[38;2;98;86;130m[48;2;102;91;142m▀[0m[38;2;119;104;54m[48;2;108;95;54m▀[0m[38;2;148;133;74m[48;2;111;96;50m▀[0m[38;2;165;152;81m[48;2;79;65;28m▀[0m[38;2;112;96;51m[48;2;98;88;62m▀[0m[38;2;143;125;74m[48;2;136;122;81m▀[0m[38;2;136;120;70m[48;2;168;149;91m▀[0m[38;2;108;94;50m[48;2;129;113;63m▀[0m[38;2;109;96;56m[48;2;57;56;57m▀[0m[38;2;123;108;64m[48;2;86;80;67m▀[0m[38;2;148;131;78m[48;2;159;140;82m▀[0m[38;2;156;139;83m[48;2;143;127;82m▀[0m[38;2;169;150;90m[48;2;106;97;71m▀[0m[38;2;158;140;86m[48;2;160;142;87m▀[0m[38;2;125;110;58m[48;2;160;142;87m▀[0m[38;2;90;78;32m[48;2;131;115;67m▀[0m[38;2;176;163;89m[48;2;113;97;54m▀[0m[38;2;235;222;124m[48;2;128;114;62m▀[0m[38;2;147;135;70m[48;2;109;97;47m▀[0m[38;2;144;127;77m[48;2;132;115;67m▀[0m[38;2;161;143;86m[48;2;162;144;86m▀[0m[38;2;41;37;39m[48;2;48;42;48m▀[0m[38;2;48;38;90m[48;2;78;66;131m▀[0m[38;2;51;42;95m[48;2;87;76;138m▀[0m[38;2;85;74;132m[48;2;125;111;179m▀[0m[38;2;112;99;166m[48;2;124;110;178m▀[0m[38;2;109;96;162m[48;2;124;110;178m▀[0m[38;2;121;108;176m[48;2;122;109;176m▀[0m[38;2;125;112;180m[48;2;122;109;177m▀[0m[38;2;124;111;179m[48;2;121;108;175m▀[0m[38;2;124;111;178m[48;2;96;85;148m▀[0m[38;2;129;115;186m[48;2;71;64;103m▀[0m[38;2;73;67;103m[48;2;15;15;15m▀[0m[38;2;0;0;0m▀[0m
[38;2;3;6;3m▀[0m[38;2;62;57;86m[48;2;22;21;24m▀[0m[38;2;102;91;146m[48;2;121;109;174m▀[0m[38;2;103;91;154m[48;2;127;114;183m▀[0m[38;2;109;96;161m[48;2;124;111;179m▀[0m[38;2;120;107;175m[48;2;125;112;182m▀[0m[38;2;94;85;139m[48;2;92;83;137m▀[0m[38;2;53;47;24m[48;2;63;55;28m▀[0m[38;2;92;83;62m[48;2;88;82;67m▀[0m[38;2;102;92;66m[48;2;123;110;72m▀[0m[38;2;179;181;188m[48;2;150;149;153m▀[0m[38;2;142;142;145m[48;2;129;127;122m▀[0m[38;2;135;120;76m[48;2;145;129;80m▀[0m[38;2;163;144;85m[48;2;156;137;81m▀[0m[38;2;74;71;68m[48;2;66;64;64m▀[0m[38;2;98;91;75m[48;2;83;77;65m▀[0m[38;2;153;135;81m[48;2;151;134;78m▀[0m[38;2;123;122;121m[48;2;124;119;109m▀[0m[38;2;199;200;207m[48;2;157;158;164m▀[0m[38;2;102;94;76m[48;2;90;81;58m▀[0m[38;2;163;143;85m[48;2;133;116;63m▀[0m[38;2;126;114;78m[48;2;118;107;73m▀[0m[38;2;118;106;72m[48;2;74;69;61m▀[0m[38;2;159;141;84m[48;2;157;139;84m▀[0m[38;2;139;123;73m[48;2;163;144;88m▀[0m[38;2;138;121;70m[48;2;163;145;89m▀[0m[38;2;99;86;42m[48;2;123;108;58m▀[0m[38;2;37;33;38m[48;2;55;48;73m▀[0m[38;2;77;66;129m[48;2;77;66;129m▀[0m[38;2;87;75;137m[48;2;84;73;134m▀[0m[38;2;108;96;161m[48;2;122;109;177m▀[0m[38;2;91;80;142m[48;2;120;107;174m▀[0m[38;2;93;81;144m[48;2;120;107;174m▀[0m[38;2;91;79;141m[48;2;120;107;174m▀[0m[38;2;73;63;118m[48;2;120;107;174m▀[0m[38;2;72;62;117m[48;2;120;107;174m▀[0m[38;2;59;50;104m[48;2;126;112;183m▀[0m[38;2;50;42;85m[48;2;87;78;122m▀[0m[38;2;17;17;19m[48;2;18;18;21m▀[0m 
 [38;2;19;19;19m[48;2;0;0;0m▀[0m[38;2;43;38;62m[48;2;27;26;31m▀[0m[38;2;59;49;100m[48;2;75;66;115m▀[0m[38;2;72;62;118m[48;2;101;88;153m▀[0m[38;2;94;83;145m[48;2;121;108;175m▀[0m[38;2;116;104;170m[48;2;125;112;182m▀[0m[38;2;61;55;72m[48;2;89;80;129m▀[0m[38;2;49;49;51m[48;2;41;41;47m▀[0m[38;2;112;102;74m[48;2;53;54;66m▀[0m[38;2;133;118;72m[48;2;88;81;63m▀[0m[38;2;150;133;81m[48;2;115;105;79m▀[0m[38;2;166;147;90m[48;2;107;93;53m▀[0m[38;2;123;108;60m[48;2;160;148;72m▀[0m[38;2;173;161;91m[48;2;248;234;130m▀[0m[38;2;130;123;78m[48;2;231;218;119m▀[0m[38;2;126;113;73m[48;2;124;112;48m▀[0m[38;2;152;134;81m[48;2;98;86;52m▀[0m[38;2;138;122;77m[48;2;118;107;80m▀[0m[38;2;133;116;67m[48;2;93;87;73m▀[0m[38;2;116;102;63m[48;2;50;52;64m▀[0m[38;2;71;69;66m[48;2;52;53;64m▀[0m[38;2;53;54;64m[48;2;49;51;63m▀[0m[38;2;123;109;69m[48;2;80;76;70m▀[0m[38;2;162;143;87m[48;2;167;148;89m▀[0m[38;2;165;146;89m[48;2;141;125;74m▀[0m[38;2;82;73;42m[48;2;50;44;49m▀[0m[38;2;67;57;112m[48;2;72;62;120m▀[0m[38;2;78;67;128m[48;2;77;66;127m▀[0m[38;2;106;95;159m[48;2;111;99;163m▀[0m[38;2;114;102;167m[48;2;97;85;148m▀[0m[38;2;121;108;175m[48;2;101;88;152m▀[0m[38;2;124;111;178m[48;2;95;83;145m▀[0m[38;2;125;112;180m[48;2;84;73;130m▀[0m[38;2;126;113;183m[48;2;73;66;102m▀[0m[38;2;125;111;180m[48;2;70;63;97m▀[0m[38;2;114;101;163m[48;2;16;14;14m▀[0m[38;2;42;39;55m[48;2;13;13;13m▀[0m  
 [38;2;0;0;0m▀[0m[38;2;30;27;40m▀[0m[38;2;90;81;126m[48;2;14;14;11m▀[0m[38;2;130;116;187m[48;2;71;65;99m▀[0m[38;2;125;112;181m[48;2;83;73;123m▀[0m[38;2;115;102;168m[48;2;94;83;146m▀[0m[38;2;121;107;178m[48;2;111;99;165m▀[0m[38;2;51;46;56m[48;2;111;100;162m▀[0m[38;2;96;84;48m[48;2;65;58;55m▀[0m[38;2;100;89;57m[48;2;97;83;39m▀[0m[38;2;85;76;49m[48;2;157;143;74m▀[0m[38;2;160;149;77m[48;2;250;237;132m▀[0m[38;2;183;171;79m[48;2;187;174;86m▀[0m[38;2;239;226;126m[48;2;218;205;109m▀[0m[38;2;238;225;126m[48;2;238;225;125m▀[0m[38;2;215;202;104m[48;2;229;216;119m▀[0m[38;2;107;98;41m[48;2;172;160;71m▀[0m[38;2;85;77;49m[48;2;222;209;111m▀[0m[38;2;113;101;68m[48;2;158;145;76m▀[0m[38;2;133;119;79m[48;2;134;119;65m▀[0m[38;2;140;126;84m[48;2;124;108;60m▀[0m[38;2;137;124;83m[48;2;137;121;69m▀[0m[38;2;144;129;84m[48;2;149;132;76m▀[0m[38;2;163;145;86m[48;2;99;87;48m▀[0m[38;2;91;80;43m[48;2;49;43;72m▀[0m[38;2;49;43;85m[48;2;79;68;129m▀[0m[38;2;79;67;130m[48;2;80;69;129m▀[0m[38;2;94;83;145m[48;2;111;99;164m▀[0m[38;2;123;110;177m[48;2;105;92;157m▀[0m[38;2;125;112;179m[48;2;111;98;163m▀[0m[38;2;112;99;165m[48;2;124;111;178m▀[0m[38;2;106;94;157m[48;2;124;111;178m▀[0m[38;2;97;86;146m[48;2;125;111;179m▀[0m[38;2;55;47;89m[48;2;127;113;185m▀[0m[38;2;44;37;73m[48;2;86;76;121m▀[0m[38;2;15;15;15m[48;2;18;18;18m▀[0m   
    [38;2;29;28;36m[48;2;6;6;13m▀[0m[38;2;97;86;143m[48;2;62;56;84m▀[0m[38;2;122;109;177m[48;2;124;110;179m▀[0m[38;2;122;109;176m[48;2;127;113;184m▀[0m[38;2;129;115;186m[48;2;89;80;125m▀[0m[38;2;105;94;156m[48;2;55;50;73m▀[0m[38;2;52;47;40m[48;2;5;6;6m▀[0m[38;2;107;93;46m[48;2;46;41;25m▀[0m[38;2;158;144;79m[48;2;71;61;33m▀[0m[38;2;175;164;77m[48;2;92;78;38m▀[0m[38;2;197;184;95m[48;2;116;102;54m▀[0m[38;2;244;231;129m[48;2;189;175;96m▀[0m[38;2;242;229;128m[48;2;183;168;93m▀[0m[38;2;177;165;79m[48;2;110;95;50m▀[0m[38;2;179;167;82m[48;2;93;79;39m▀[0m[38;2;134;122;64m[48;2;109;94;50m▀[0m[38;2;108;95;48m[48;2;117;101;54m▀[0m[38;2;101;87;44m[48;2;104;90;48m▀[0m[38;2;98;84;41m[48;2;64;56;30m▀[0m[38;2;66;57;26m[48;2;15;15;14m▀[0m[38;2;45;40;62m[48;2;15;15;18m▀[0m[38;2;81;69;135m[48;2;47;42;72m▀[0m[38;2;77;66;127m[48;2;80;70;123m▀[0m[38;2;90;78;140m[48;2;124;111;182m▀[0m[38;2;123;110;178m[48;2;124;111;180m▀[0m[38;2;111;98;164m[48;2;124;111;179m▀[0m[38;2;101;88;152m[48;2;122;109;176m▀[0m[38;2;91;80;141m[48;2;122;108;175m▀[0m[38;2;101;89;152m[48;2;101;90;153m▀[0m[38;2;111;99;162m[48;2;72;62;114m▀[0m[38;2;115;103;166m[48;2;16;16;16m▀[0m[38;2;39;37;51m[48;2;13;13;20m▀[0m    
     [38;2;0;0;0m▀[0m[38;2;44;40;57m[48;2;0;0;0m▀[0m[38;2;47;43;63m[48;2;0;0;0m▀[0m[38;2;14;14;11m▀[0m[38;2;0;0;0m▀[0m[38;2;18;18;31m▄[0m[38;2;52;52;62m[48;2;116;116;121m▀[0m[38;2;102;102;103m[48;2;176;175;170m▀[0m[38;2;56;51;29m[48;2;152;142;78m▀[0m[38;2;88;76;40m[48;2;169;156;76m▀[0m[38;2;92;79;43m[48;2;84;79;44m▀[0m[38;2;92;79;43m[48;2;83;78;44m▀[0m[38;2;98;85;47m[48;2;83;78;44m▀[0m[38;2;100;87;48m[48;2;80;74;42m▀[0m[38;2;84;73;42m[48;2;118;110;59m▀[0m[38;2;53;48;28m[48;2;170;158;72m▀[0m[38;2;74;70;55m[48;2;154;150;114m▀[0m[38;2;127;128;131m[48;2;185;185;188m▀[0m[38;2;40;40;40m[48;2;133;133;133m▀[0m[38;2;0;0;0m▄[0m[38;2;0;0;0m▀[0m[38;2;40;36;51m▀[0m[38;2;45;40;59m[48;2;0;0;0m▀[0m[38;2;79;72;113m[48;2;12;12;9m▀[0m[38;2;115;103;165m[48;2;13;13;11m▀[0m[38;2;119;106;172m[48;2;54;50;74m▀[0m[38;2;126;113;183m[48;2;84;76;118m▀[0m[38;2;131;117;190m[48;2;83;75;117m▀[0m[38;2;63;58;87m[48;2;33;31;43m▀[0m[38;2;15;15;7m▀[0m     
          [38;2;23;23;23m▀[0m[38;2;77;77;84m▀[0m[38;2;153;153;160m[48;2;69;69;75m▀[0m[38;2;157;153;121m[48;2;159;159;164m▀[0m[38;2;170;157;69m[48;2;160;151;83m▀[0m[38;2;200;185;94m[48;2;235;221;119m▀[0m[38;2;198;183;93m[48;2;234;221;123m▀[0m[38;2;198;184;93m[48;2;236;223;124m▀[0m[38;2;195;180;91m[48;2;214;201;105m▀[0m[38;2;192;178;88m[48;2;157;145;67m▀[0m[38;2;151;140;62m[48;2;158;156;140m▀[0m[38;2;157;158;157m[48;2;81;81;86m▀[0m[38;2;100;100;100m[48;2;0;0;0m▀[0m[38;2;51;51;51m▀[0m[38;2;0;0;0m▀[0m     [38;2;0;0;0m▀[0m[38;2;0;0;0m▀[0m[38;2;0;0;0m▀[0m[38;2;0;0;0m▀[0m      
            [38;2;0;0;0m[48;2;0;0;0m▀[0m[38;2;142;142;149m[48;2;116;116;122m▀[0m[38;2;225;222;199m[48;2;189;190;197m▀[0m[38;2;191;179;88m[48;2;207;204;184m▀[0m[38;2;239;226;124m[48;2;187;175;86m▀[0m[38;2;237;223;121m[48;2;185;173;89m▀[0m[38;2;188;177;90m[48;2;216;215;200m▀[0m[38;2;210;208;192m[48;2;214;214;219m▀[0m[38;2;234;234;237m[48;2;160;160;160m▀[0m[38;2;139;139;139m[48;2;121;121;121m▀[0m[38;2;0;0;0m[48;2;0;0;0m▀[0m                 
             [38;2;9;9;19m▀[0m[38;2;70;70;78m[48;2;76;76;82m▀[0m[38;2;246;246;249m[48;2;201;200;202m▀[0m[38;2;210;207;190m[48;2;243;243;245m▀[0m[38;2;214;212;198m[48;2;239;240;242m▀[0m[38;2;250;250;253m[48;2;239;239;239m▀[0m[38;2;165;165;165m[48;2;126;126;126m▀[0m[38;2;0;0;0m[48;2;0;0;0m▀[0m[38;2;0;0;0m▀[0m                  
              [38;2;0;0;0m[48;2;0;0;0m▀[0m[38;2;119;119;125m[48;2;52;52;59m▀[0m[38;2;248;248;247m[48;2;163;163;167m▀[0m[38;2;243;243;243m[48;2;224;224;224m▀[0m[38;2;220;220;220m[48;2;80;80;80m▀[0m[38;2;16;16;16m[48;2;21;21;21m▀[0m                    
                [38;2;53;53;59m▀[0m[38;2;73;73;73m▀[0m[38;2;0;0;0m▀[0m                     
[0m