          [38;2;115;164;74m▄[0m[38;2;115;164;74m▄[0m[38;2;115;164;74m[48;2;180;238;115m▀[0m[38;2;115;164;74m[48;2;180;238;115m▀[0m[38;2;57;90;41m▄[0m[38;2;0;0;0m▄[0m[38;2;0;0;0m▄[0m       
        [38;2;115;164;74m▄[0m[38;2;115;164;74m[48;2;0;0;0m▀[0m[38;2;180;238;115m[48;2;180;238;115m▀[0m[38;2;180;238;115m[48;2;180;238;115m▀[0m[38;2;180;238;115m[48;2;57;90;41m▀[0m[38;2;180;238;115m[48;2;180;238;115m▀[0m[38;2;180;238;115m[48;2;180;238;115m▀[0m[38;2;57;90;41m[48;2;57;90;41m▀[0m[38;2;180;238;115m[48;2;180;238;115m▀[0m[38;2;0;0;0m[48;2;180;238;115m▀[0m[38;2;0;0;0m▄[0m     
       [38;2;115;164;74m▄[0m[38;2;0;0;0m[48;2;0;0;0m▀[0m[38;2;180;238;115m[48;2;180;238;115m▀[0m[38;2;180;238;115m[48;2;180;238;115m▀[0m[38;2;115;164;74m[48;2;57;90;41m▀[0m[38;2;115;164;74m[48;2;180;238;115m▀[0m[38;2;180;238;115m[48;2;180;238;115m▀[0m[38;2;180;238;115m[48;2;180;238;115m▀[0m[38;2;115;164;74m[48;2;180;238;115m▀[0m[38;2;57;90;41m[48;2;57;90;41m▀[0m[38;2;180;238;115m[48;2;180;238;115m▀[0m[38;2;0;0;0m[48;2;180;238;115m▀[0m[38;2;0;0;0m▄[0m    
      [38;2;57;90;41m▄[0m[38;2;115;164;74m[48;2;115;164;74m▀[0m[38;2;180;238;115m[48;2;115;164;74m▀[0m[38;2;180;238;115m[48;2;180;238;115m▀[0m[38;2;180;238;115m[48;2;180;238;115m▀[0m[38;2;180;238;115m[48;2;180;238;115m▀[0m[38;2;180;238;115m[48;2;115;164;74m▀[0m[38;2;180;238;115m[48;2;180;238;115m▀[0m[38;2;180;238;115m[48;2;180;238;115m▀[0m[38;2;180;238;115m[48;2;180;238;115m▀[0m[38;2;0;0;0m[48;2;0;0;0m▀[0m[38;2;180;238;115m[48;2;180;238;115m▀[0m[38;2;180;238;115m[48;2;180;238;115m▀[0m[38;2;57;90;41m[48;2;115;164;74m▀[0m[38;2;57;90;41m▄[0m   
      [38;2;57;90;41m[48;2;0;0;0m▀[0m[38;2;123;213;90m[48;2;123;213;90m▀[0m[38;2;123;213;90m[48;2;123;213;90m▀[0m[38;2;115;164;74m[48;2;123;213;90m▀[0m[38;2;115;164;74m[48;2;123;213;90m▀[0m[38;2;115;164;74m[48;2;123;213;90m▀[0m[38;2;123;213;90m[48;2;123;213;90m▀[0m[38;2;115;164;74m[48;2;123;213;90m▀[0m[38;2;180;238;115m[48;2;115;164;74m▀[0m[38;2;180;238;115m[48;2;115;164;74m▀[0m[38;2;0;0;0m[48;2;0;0;0m▀[0m[38;2;57;90;41m[48;2;123;213;90m▀[0m[38;2;115;164;74m[48;2;123;213;90m▀[0m[38;2;123;213;90m[48;2;123;213;90m▀[0m[38;2;57;90;41m[48;2;0;0;0m▀[0m   
      [38;2;0;0;0m▀[0m[38;2;123;213;90m[48;2;0;0;0m▀[0m[38;2;123;213;90m[48;2;115;164;74m▀[0m[38;2;123;213;90m[48;2;123;213;90m▀[0m[38;2;123;213;90m[48;2;123;213;90m▀[0m[38;2;123;213;90m[48;2;123;213;90m▀[0m[38;2;123;213;90m[48;2;123;213;90m▀[0m[38;2;123;213;90m[48;2;123;213;90m▀[0m[38;2;123;213;90m[48;2;123;213;90m▀[0m[38;2;115;164;74m[48;2;57;90;41m▀[0m[38;2;57;90;41m[48;2;123;213;90m▀[0m[38;2;123;213;90m[48;2;123;213;90m▀[0m[38;2;123;213;90m[48;2;123;213;90m▀[0m[38;2;123;213;90m[48;2;123;213;90m▀[0m[38;2;0;0;0m[48;2;0;0;0m▀[0m   
       [38;2;0;0;0m▀[0m[38;2;115;164;74m[48;2;0;0;0m▀[0m[38;2;115;164;74m[48;2;115;164;74m▀[0m[38;2;115;164;74m[48;2;115;164;74m▀[0m[38;2;123;213;90m[48;2;57;90;41m▀[0m[38;2;123;213;90m[48;2;57;90;41m▀[0m[38;2;57;90;41m[48;2;123;213;90m▀[0m[38;2;57;90;41m[48;2;123;213;90m▀[0m[38;2;123;213;90m[48;2;123;213;90m▀[0m[38;2;123;213;90m[48;2;123;213;90m▀[0m[38;2;123;213;90m[48;2;123;213;90m▀[0m[38;2;123;213;90m[48;2;123;213;90m▀[0m[38;2;57;90;41m[48;2;0;0;0m▀[0m    
        [38;2;57;90;41m▄[0m[38;2;57;90;41m[48;2;123;213;90m▀[0m[38;2;57;90;41m[48;2;123;213;90m▀[0m[38;2;123;213;90m[48;2;123;213;90m▀[0m[38;2;123;213;90m[48;2;123;213;90m▀[0m[38;2;123;213;90m[48;2;123;213;90m▀[0m[38;2;123;213;90m[48;2;123;213;90m▀[0m[38;2;123;213;90m[48;2;123;213;90m▀[0m[38;2;123;213;90m[48;2;0;0;0m▀[0m[38;2;123;213;90m[48;2;0;0;0m▀[0m[38;2;0;0;0m▀[0m     
     [38;2;115;164;74m▄[0m[38;2;115;164;74m[48;2;123;213;90m▀[0m[38;2;57;90;41m[48;2;123;213;90m▀[0m[38;2;123;213;90m[48;2;123;213;90m▀[0m[38;2;123;213;90m[48;2;123;213;90m▀[0m[38;2;123;213;90m[48;2;57;90;41m▀[0m[38;2;123;213;90m[48;2;57;90;41m▀[0m[38;2;123;213;90m[48;2;0;0;0m▀[0m[38;2;57;90;41m[48;2;0;0;0m▀[0m[38;2;0;0;0m[48;2;115;164;74m▀[0m[38;2;0;0;0m[48;2;115;164;74m▀[0m[38;2;115;164;74m[48;2;115;164;74m▀[0m[38;2;115;164;74m[48;2;123;213;90m▀[0m[38;2;57;90;41m[48;2;123;213;90m▀[0m[38;2;57;90;41m▄[0m    
   [38;2;115;164;74m▄[0m[38;2;115;164;74m[48;2;123;213;90m▀[0m[38;2;123;213;90m[48;2;123;213;90m▀[0m[38;2;123;213;90m[48;2;123;213;90m▀[0m[38;2;123;213;90m[48;2;148;131;0m▀[0m[38;2;148;131;0m[48;2;255;238;106m▀[0m[38;2;148;131;0m[48;2;255;238;106m▀[0m[38;2;255;238;106m[48;2;255;238;106m▀[0m[38;2;255;238;106m[48;2;255;238;106m▀[0m[38;2;255;238;106m[48;2;255;238;106m▀[0m[38;2;57;90;41m[48;2;255;238;106m▀[0m[38;2;57;90;41m[48;2;255;238;106m▀[0m[38;2;123;213;90m[48;2;57;90;41m▀[0m[38;2;123;213;90m[48;2;123;213;90m▀[0m[38;2;123;213;90m[48;2;123;213;90m▀[0m[38;2;123;213;90m[48;2;123;213;90m▀[0m[38;2;123;213;90m[48;2;123;213;90m▀[0m[38;2;57;90;41m[48;2;115;164;74m▀[0m[38;2;57;90;41m▄[0m  
  [38;2;115;164;74m▄[0m[38;2;115;164;74m[48;2;123;213;90m▀[0m[38;2;123;213;90m[48;2;123;213;90m▀[0m[38;2;123;213;90m[48;2;57;90;41m▀[0m[38;2;148;131;0m[48;2;255;238;106m▀[0m[38;2;255;238;106m[48;2;255;238;106m▀[0m[38;2;255;238;106m[48;2;255;238;106m▀[0m[38;2;255;238;106m[48;2;255;238;106m▀[0m[38;2;255;238;106m[48;2;255;238;106m▀[0m[38;2;255;238;106m[48;2;255;238;106m▀[0m[38;2;255;238;106m[48;2;255;238;106m▀[0m[38;2;255;238;106m[48;2;255;238;106m▀[0m[38;2;255;238;106m[48;2;255;238;106m▀[0m[38;2;255;238;106m[48;2;255;238;106m▀[0m[38;2;57;90;41m[48;2;255;238;106m▀[0m[38;2;123;213;90m[48;2;57;90;41m▀[0m[38;2;123;213;90m[48;2;123;213;90m▀[0m[38;2;123;213;90m[48;2;123;213;90m▀[0m[38;2;123;213;90m[48;2;123;213;90m▀[0m[38;2;57;90;41m[48;2;123;213;90m▀[0m[38;2;57;90;41m▄[0m 
 [38;2;57;90;41m▄[0m[38;2;57;90;41m[48;2;123;213;90m▀[0m[38;2;123;213;90m[48;2;123;213;90m▀[0m[38;2;123;213;90m[48;2;115;164;74m▀[0m[38;2;148;131;0m[48;2;255;238;106m▀[0m[38;2;255;238;106m[48;2;255;238;106m▀[0m[38;2;255;238;106m[48;2;148;131;0m▀[0m[38;2;0;0;0m[48;2;230;189;57m▀[0m[38;2;255;238;106m[48;2;255;238;106m▀[0m[38;2;255;238;106m[48;2;255;238;106m▀[0m[38;2;255;238;106m[48;2;255;238;106m▀[0m[38;2;255;238;106m[48;2;255;238;106m▀[0m[38;2;255;238;106m[48;2;255;238;106m▀[0m[38;2;255;238;106m[48;2;0;0;0m▀[0m[38;2;255;238;106m[48;2;255;238;106m▀[0m[38;2;255;238;106m[48;2;255;238;106m▀[0m[38;2;57;90;41m[48;2;230;189;57m▀[0m[38;2;123;213;90m[48;2;57;90;41m▀[0m[38;2;123;213;90m[48;2;123;213;90m▀[0m[38;2;123;213;90m[48;2;123;213;90m▀[0m[38;2;123;213;90m[48;2;123;213;90m▀[0m[38;2;57;90;41m[48;2;115;164;74m▀[0m[38;2;57;90;41m▄[0m
 [38;2;57;90;41m[48;2;57;90;41m▀[0m[38;2;123;213;90m[48;2;123;213;90m▀[0m[38;2;123;213;90m[48;2;123;213;90m▀[0m[38;2;32;82;74m[48;2;32;82;74m▀[0m[38;2;255;238;106m[48;2;230;189;57m▀[0m[38;2;255;238;106m[48;2;255;238;106m▀[0m[38;2;0;0;0m[48;2;255;238;106m▀[0m[38;2;255;238;106m[48;2;230;189;57m▀[0m[38;2;255;238;106m[48;2;255;238;106m▀[0m[38;2;255;238;106m[48;2;255;238;106m▀[0m[38;2;255;238;106m[48;2;255;238;106m▀[0m[38;2;255;238;106m[48;2;255;238;106m▀[0m[38;2;255;238;106m[48;2;255;238;106m▀[0m[38;2;230;189;57m[48;2;255;238;106m▀[0m[38;2;148;131;0m[48;2;0;0;0m▀[0m[38;2;255;238;106m[48;2;230;189;57m▀[0m[38;2;230;189;57m[48;2;230;189;57m▀[0m[38;2;57;90;41m[48;2;57;90;41m▀[0m[38;2;123;213;90m[48;2;123;213;90m▀[0m[38;2;123;213;90m[48;2;123;213;90m▀[0m[38;2;115;164;74m[48;2;115;164;74m▀[0m[38;2;115;164;74m[48;2;115;164;74m▀[0m[38;2;0;0;0m[48;2;0;0;0m▀[0m
[38;2;0;0;0m[48;2;0;0;0m▀[0m[38;2;123;213;90m[48;2;123;213;90m▀[0m[38;2;115;164;74m[48;2;32;82;74m▀[0m[38;2;32;82;74m[48;2;49;123;98m▀[0m[38;2;32;82;74m[48;2;74;148;115m▀[0m[38;2;148;131;0m[48;2;32;82;74m▀[0m[38;2;230;189;57m[48;2;230;189;57m▀[0m[38;2;255;238;106m[48;2;230;189;57m▀[0m[38;2;255;238;106m[48;2;230;189;57m▀[0m[38;2;148;131;0m[48;2;230;189;57m▀[0m[38;2;255;238;106m[48;2;148;131;0m▀[0m[38;2;255;238;106m[48;2;148;131;0m▀[0m[38;2;148;131;0m[48;2;230;189;57m▀[0m[38;2;230;189;57m[48;2;230;189;57m▀[0m[38;2;255;238;106m[48;2;230;189;57m▀[0m[38;2;255;238;106m[48;2;230;189;57m▀[0m[38;2;230;189;57m[48;2;230;189;57m▀[0m[38;2;148;131;0m[48;2;32;82;74m▀[0m[38;2;57;90;41m[48;2;74;148;115m▀[0m[38;2;123;213;90m[48;2;32;82;74m▀[0m[38;2;115;164;74m[48;2;115;164;74m▀[0m[38;2;115;164;74m[48;2;115;164;74m▀[0m[38;2;115;164;74m[48;2;115;164;74m▀[0m[38;2;0;0;0m[48;2;0;0;0m▀[0m
[38;2;0;0;0m[48;2;0;0;0m▀[0m[38;2;123;213;90m[48;2;115;164;74m▀[0m[38;2;32;82;74m[48;2;32;82;74m▀[0m[38;2;74;148;115m[48;2;74;148;115m▀[0m[38;2;74;148;115m[48;2;74;148;115m▀[0m[38;2;74;148;115m[48;2;74;148;115m▀[0m[38;2;32;82;74m[48;2;74;148;115m▀[0m[38;2;148;131;0m[48;2;74;148;115m▀[0m[38;2;230;189;57m[48;2;32;82;74m▀[0m[38;2;230;189;57m[48;2;32;82;74m▀[0m[38;2;230;189;57m[48;2;32;82;74m▀[0m[38;2;230;189;57m[48;2;32;82;74m▀[0m[38;2;230;189;57m[48;2;32;82;74m▀[0m[38;2;230;189;57m[48;2;32;82;74m▀[0m[38;2;148;131;0m[48;2;74;148;115m▀[0m[38;2;32;82;74m[48;2;74;148;115m▀[0m[38;2;32;82;74m[48;2;74;148;115m▀[0m[38;2;74;148;115m[48;2;74;148;115m▀[0m[38;2;74;148;115m[48;2;49;123;98m▀[0m[38;2;49;123;98m[48;2;49;123;98m▀[0m[38;2;32;82;74m[48;2;32;82;74m▀[0m[38;2;115;164;74m[48;2;115;164;74m▀[0m[38;2;115;164;74m[48;2;0;0;0m▀[0m[38;2;0;0;0m▀[0m
 [38;2;0;0;0m[48;2;0;0;0m▀[0m[38;2;115;164;74m[48;2;115;164;74m▀[0m[38;2;49;123;98m[48;2;115;164;74m▀[0m[38;2;74;148;115m[48;2;32;82;74m▀[0m[38;2;74;148;115m[48;2;32;82;74m▀[0m[38;2;32;82;74m[48;2;49;123;98m▀[0m[38;2;74;148;115m[48;2;49;123;98m▀[0m[38;2;74;148;115m[48;2;74;148;115m▀[0m[38;2;74;148;115m[48;2;74;148;115m▀[0m[38;2;74;148;115m[48;2;74;148;115m▀[0m[38;2;74;148;115m[48;2;74;148;115m▀[0m[38;2;74;148;115m[48;2;74;148;115m▀[0m[38;2;74;148;115m[48;2;49;123;98m▀[0m[38;2;74;148;115m[48;2;32;82;74m▀[0m[38;2;74;148;115m[48;2;49;123;98m▀[0m[38;2;49;123;98m[48;2;49;123;98m▀[0m[38;2;49;123;98m[48;2;49;123;98m▀[0m[38;2;49;123;98m[48;2;49;123;98m▀[0m[38;2;49;123;98m[48;2;32;82;74m▀[0m[38;2;32;82;74m[48;2;115;164;74m▀[0m[38;2;115;164;74m[48;2;115;164;74m▀[0m[38;2;0;0;0m[48;2;0;0;0m▀[0m 
  [38;2;0;0;0m[48;2;0;0;0m▀[0m[38;2;115;164;74m[48;2;115;164;74m▀[0m[38;2;115;164;74m[48;2;115;164;74m▀[0m[38;2;115;164;74m[48;2;115;164;74m▀[0m[38;2;32;82;74m[48;2;32;82;74m▀[0m[38;2;49;123;98m[48;2;49;123;98m▀[0m[38;2;49;123;98m[48;2;49;123;98m▀[0m[38;2;49;123;98m[48;2;49;123;98m▀[0m[38;2;49;123;98m[48;2;49;123;98m▀[0m[38;2;49;123;98m[48;2;49;123;98m▀[0m[38;2;49;123;98m[48;2;49;123;98m▀[0m[38;2;49;123;98m[48;2;49;123;98m▀[0m[38;2;32;82;74m[48;2;32;82;74m▀[0m[38;2;32;82;74m[48;2;115;164;74m▀[0m[38;2;32;82;74m[48;2;115;164;74m▀[0m[38;2;32;82;74m[48;2;115;164;74m▀[0m[38;2;32;82;74m[48;2;115;164;74m▀[0m[38;2;115;164;74m[48;2;115;164;74m▀[0m[38;2;115;164;74m[48;2;115;164;74m▀[0m[38;2;0;0;0m[48;2;0;0;0m▀[0m  
   [38;2;0;0;0m▀[0m[38;2;115;164;74m[48;2;0;0;0m▀[0m[38;2;115;164;74m[48;2;32;82;74m▀[0m[38;2;115;164;74m[48;2;115;164;74m▀[0m[38;2;32;82;74m[48;2;115;164;74m▀[0m[38;2;32;82;74m[48;2;115;164;74m▀[0m[38;2;49;123;98m[48;2;32;82;74m▀[0m[38;2;49;123;98m[48;2;32;82;74m▀[0m[38;2;49;123;98m[48;2;32;82;74m▀[0m[38;2;32;82;74m[48;2;115;164;74m▀[0m[38;2;32;82;74m[48;2;115;164;74m▀[0m[38;2;115;164;74m[48;2;115;164;74m▀[0m[38;2;115;164;74m[48;2;115;164;74m▀[0m[38;2;115;164;74m[48;2;115;164;74m▀[0m[38;2;115;164;74m[48;2;115;164;74m▀[0m[38;2;115;164;74m[48;2;32;82;74m▀[0m[38;2;115;164;74m[48;2;32;82;74m▀[0m[38;2;0;0;0m▀[0m   
     [38;2;0;0;0m[48;2;0;0;0m▀[0m[38;2;148;131;0m[48;2;148;131;0m▀[0m[38;2;57;90;41m[48;2;230;189;57m▀[0m[38;2;57;90;41m[48;2;148;131;0m▀[0m[38;2;115;164;74m[48;2;0;0;0m▀[0m[38;2;115;164;74m[48;2;0;0;0m▀[0m[38;2;115;164;74m[48;2;0;0;0m▀[0m[38;2;115;164;74m[48;2;0;0;0m▀[0m[38;2;115;164;74m[48;2;0;0;0m▀[0m[38;2;115;164;74m[48;2;0;0;0m▀[0m[38;2;57;90;41m[48;2;148;131;0m▀[0m[38;2;57;90;41m[48;2;230;189;57m▀[0m[38;2;32;82;74m[48;2;230;189;57m▀[0m[38;2;230;189;57m[48;2;148;131;0m▀[0m[38;2;0;0;0m[48;2;0;0;0m▀[0m    
      [38;2;0;0;0m▀[0m[38;2;230;189;57m[48;2;0;0;0m▀[0m[38;2;230;189;57m[48;2;0;0;0m▀[0m[38;2;148;131;0m▀[0m     [38;2;0;0;0m▀[0m[38;2;230;189;57m[48;2;0;0;0m▀[0m[38;2;230;189;57m[48;2;0;0;0m▀[0m[38;2;0;0;0m▀[0m     
[0m