                 [38;2;97;125;208m[48;2;58;117;215m▀[0m[38;2;124;134;219m[48;2;134;131;214m▀[0m[38;2;93;126;208m[48;2;169;138;222m▀[0m[38;2;107;126;204m▄[0m                   
                [38;2;51;153;255m[48;2;25;114;204m▀[0m[38;2;117;126;207m[48;2;136;133;213m▀[0m[38;2;176;135;219m[48;2;191;138;218m▀[0m[38;2;180;136;220m[48;2;183;140;217m▀[0m[38;2;109;129;212m[48;2;158;169;229m▀[0m[38;2;53;93;201m[48;2;119;156;213m▀[0m[38;2;95;127;207m[48;2;128;172;218m▀[0m[38;2;111;148;215m[48;2;122;164;215m▀[0m[38;2;63;106;191m[48;2;75;103;207m▀[0m               
                [38;2;51;102;204m▀[0m[38;2;112;133;211m▀[0m[38;2;160;165;229m[48;2;108;135;211m▀[0m[38;2;147;150;217m[48;2;99;130;209m▀[0m[38;2;140;162;217m[48;2;90;124;205m▀[0m[38;2;164;193;229m[48;2;139;185;223m▀[0m[38;2;156;204;232m[48;2;154;202;222m▀[0m[38;2;103;140;208m[48;2;144;191;223m▀[0m[38;2;107;145;212m▄[0m[38;2;72;109;182m▄[0m              
               [38;2;63;31;95m▄[0m[38;2;77;106;184m▄[0m[38;2;0;0;127m[48;2;120;162;224m▀[0m[38;2;34;68;204m[48;2;124;166;217m▀[0m[38;2;0;42;170m[48;2;111;149;211m▀[0m[38;2;104;141;209m[48;2;144;191;222m▀[0m[38;2;144;191;224m[48;2;153;202;223m▀[0m[38;2;152;201;221m[48;2;153;202;225m▀[0m[38;2;154;204;223m[48;2;153;202;225m▀[0m[38;2;138;184;229m[48;2;121;162;216m▀[0m[38;2;78;111;204m[48;2;79;105;202m▀[0m              
             [38;2;43;41;72m▄[0m[38;2;101;96;168m[48;2;100;99;169m▀[0m[38;2;103;101;172m[48;2;112;115;187m▀[0m[38;2;80;87;146m[48;2;112;119;190m▀[0m[38;2;113;143;183m[48;2;62;61;112m▀[0m[38;2;152;199;219m[48;2;84;103;145m▀[0m[38;2;153;203;228m[48;2;155;206;228m▀[0m[38;2;142;187;221m[48;2;124;167;223m▀[0m[38;2;116;157;213m[48;2;94;128;205m▀[0m[38;2;120;160;213m[48;2;87;121;206m▀[0m[38;2;133;178;229m[48;2;100;137;211m▀[0m[38;2;85;117;205m▀[0m               
         [38;2;106;127;212m[48;2;43;72;174m▀[0m[38;2;93;127;208m[48;2;94;131;206m▀[0m[38;2;109;147;212m▄[0m[38;2;0;0;0m[48;2;7;7;3m▀[0m[38;2;52;48;84m[48;2;48;45;77m▀[0m[38;2;91;82;145m[48;2;64;57;91m▀[0m[38;2;82;75;130m[48;2;56;48;72m▀[0m[38;2;93;88;150m[48;2;56;49;74m▀[0m[38;2;39;35;42m[48;2;81;81;102m▀[0m[38;2;56;57;97m[48;2;132;140;200m▀[0m[38;2;97;115;162m[48;2;96;100;167m▀[0m[38;2;143;189;226m[48;2;85;107;158m▀[0m[38;2;91;124;207m[48;2;81;127;220m▀[0m[38;2;94;128;190m▄[0m[38;2;30;39;50m▄[0m                
          [38;2;54;86;181m[48;2;0;11;166m▀[0m[38;2;129;174;217m[48;2;88;123;179m▀[0m[38;2;36;40;58m[48;2;49;58;67m▀[0m[38;2;28;26;43m[48;2;34;34;69m▀[0m[38;2;75;65;106m[48;2;58;54;94m▀[0m[38;2;76;64;101m[48;2;69;63;111m▀[0m[38;2;58;52;85m[48;2;70;66;102m▀[0m[38;2;143;138;195m[48;2;144;146;163m▀[0m[38;2;170;176;202m[48;2;59;58;96m▀[0m[38;2;95;101;176m[48;2;72;93;165m▀[0m[38;2;58;56;93m[48;2;92;123;196m▀[0m[38;2;107;149;219m[48;2;125;166;200m▀[0m[38;2;99;129;154m[48;2;56;72;82m▀[0m[38;2;26;30;8m[48;2;40;70;178m▀[0m[38;2;33;66;166m▄[0m               
          [38;2;0;0;0m▀[0m[38;2;44;54;68m▀[0m[38;2;52;64;67m[48;2;0;0;0m▀[0m[38;2;66;53;89m[48;2;36;30;43m▀[0m[38;2;42;41;75m[48;2;35;35;63m▀[0m[38;2;56;51;86m[48;2;55;53;95m▀[0m[38;2;68;54;89m[48;2;50;45;78m▀[0m[38;2;125;124;131m[48;2;80;65;88m▀[0m[38;2;133;120;147m[48;2;129;108;155m▀[0m[38;2;115;150;193m[48;2;63;69;104m▀[0m[38;2;137;182;201m[48;2;27;35;46m▀[0m[38;2;56;71;85m[48;2;60;91;191m▀[0m[38;2;53;82;180m[48;2;76;110;202m▀[0m[38;2;57;88;189m[48;2;31;63;163m▀[0m[38;2;25;51;165m▀[0m               
         [38;2;51;51;153m▄[0m[38;2;85;114;204m▄[0m  [38;2;0;0;0m▀[0m[38;2;29;29;49m[48;2;0;0;0m▀[0m[38;2;45;45;83m[48;2;27;27;48m▀[0m[38;2;26;25;29m[48;2;27;26;35m▀[0m[38;2;76;79;118m[48;2;37;39;56m▀[0m[38;2;58;62;93m[48;2;28;26;25m▀[0m[38;2;28;26;45m[48;2;39;38;71m▀[0m[38;2;33;36;67m[48;2;36;41;67m▀[0m[38;2;67;88;148m[48;2;60;53;91m▀[0m[38;2;54;55;102m[48;2;99;89;163m▀[0m[38;2;56;51;94m[48;2;104;94;169m▀[0m[38;2;52;52;100m[48;2;99;91;166m▀[0m[38;2;54;54;109m[48;2;46;43;77m▀[0m              
       [38;2;99;134;208m▄[0m[38;2;96;129;204m[48;2;135;179;222m▀[0m[38;2;101;136;210m[48;2;147;194;227m▀[0m[38;2;121;163;219m[48;2;146;194;228m▀[0m[38;2;100;133;209m[48;2;99;138;218m▀[0m [38;2;31;31;31m[48;2;35;33;62m▀[0m[38;2;31;31;56m[48;2;41;41;75m▀[0m[38;2;52;53;105m[48;2;35;36;66m▀[0m[38;2;36;35;62m[48;2;67;61;107m▀[0m[38;2;18;18;28m[48;2;77;70;122m▀[0m[38;2;29;28;46m[48;2;77;71;134m▀[0m[38;2;42;49;82m[48;2;52;60;98m▀[0m[38;2;50;63;101m[48;2;48;60;97m▀[0m[38;2;64;62;119m[48;2;63;62;125m▀[0m[38;2;65;64;125m[48;2;63;64;127m▀[0m[38;2;71;66;123m[48;2;42;41;75m▀[0m[38;2;71;65;114m[48;2;70;64;113m▀[0m[38;2;26;26;43m[48;2;48;45;82m▀[0m[38;2;15;15;22m[48;2;18;18;24m▀[0m[38;2;0;0;0m▄[0m [38;2;79;95;207m[48;2;111;149;213m▀[0m[38;2;87;120;201m[48;2;100;136;209m▀[0m[38;2;91;124;208m▄[0m[38;2;93;130;208m▄[0m       
       [38;2;113;152;212m[48;2;109;147;211m▀[0m[38;2;159;209;233m[48;2;114;154;215m▀[0m[38;2;157;206;225m[48;2;137;181;214m▀[0m[38;2;131;176;215m[48;2;91;100;150m▀[0m[38;2;58;71;118m[48;2;74;69;129m▀[0m[38;2;15;10;10m[48;2;34;38;82m▀[0m[38;2;30;39;86m[48;2;35;63;168m▀[0m[38;2;43;48;101m[48;2;36;42;95m▀[0m[38;2;31;31;53m[48;2;44;43;80m▀[0m[38;2;71;66;120m[48;2;32;31;56m▀[0m[38;2;104;94;171m[48;2;61;61;120m▀[0m[38;2;91;83;152m[48;2;45;45;88m▀[0m[38;2;56;53;98m[48;2;43;43;86m▀[0m[38;2;45;57;90m[48;2;58;75;124m▀[0m[38;2;44;52;86m[48;2;64;78;136m▀[0m[38;2;30;29;52m[48;2;34;32;63m▀[0m[38;2;60;56;98m[48;2;53;49;92m▀[0m[38;2;94;84;152m[48;2;70;63;113m▀[0m[38;2;35;48;112m[48;2;25;43;110m▀[0m[38;2;21;29;59m[48;2;42;56;131m▀[0m[38;2;12;12;10m[48;2;44;41;72m▀[0m[38;2;36;38;73m[48;2;46;46;93m▀[0m[38;2;128;170;205m[48;2;60;71;98m▀[0m[38;2;129;172;220m[48;2;143;188;210m▀[0m[38;2;126;169;215m[48;2;155;204;226m▀[0m[38;2;136;181;221m[48;2;159;209;231m▀[0m[38;2;101;136;209m[48;2;118;157;213m▀[0m[38;2;0;0;255m[48;2;42;63;191m▀[0m     
       [38;2;85;113;205m[48;2;115;156;216m▀[0m[38;2;104;144;220m[48;2;134;176;210m▀[0m[38;2;106;132;179m[48;2;61;60;116m▀[0m[38;2;74;68;130m[48;2;87;79;147m▀[0m[38;2;87;79;144m[48;2;78;74;141m▀[0m[38;2;46;53;114m[48;2;50;48;100m▀[0m[38;2;36;50;118m[48;2;40;37;76m▀[0m[38;2;21;20;37m[48;2;64;78;111m▀[0m[38;2;18;16;20m[48;2;229;255;255m▀[0m[38;2;24;24;43m[48;2;28;34;47m▀[0m[38;2;29;29;51m[48;2;48;63;98m▀[0m[38;2;51;50;101m[48;2;41;38;76m▀[0m[38;2;51;60;105m[48;2;58;72;124m▀[0m[38;2;67;80;142m[48;2;66;72;135m▀[0m[38;2;34;34;66m[48;2;47;46;92m▀[0m[38;2;30;15;30m[48;2;32;24;49m▀[0m[38;2;23;23;47m[48;2;106;148;237m▀[0m[38;2;23;20;34m[48;2;97;131;194m▀[0m[38;2;30;30;56m[48;2;62;58;113m▀[0m[38;2;68;65;123m[48;2;85;76;148m▀[0m[38;2;90;82;152m[48;2;79;72;141m▀[0m[38;2;54;52;97m[48;2;87;79;145m▀[0m[38;2;41;38;85m[48;2;54;54;107m▀[0m[38;2;67;84;96m[48;2;33;34;55m▀[0m[38;2;154;204;232m[48;2;96;126;152m▀[0m[38;2;118;157;214m[48;2;108;148;227m▀[0m[38;2;112;150;212m[48;2;74;105;199m▀[0m[38;2;36;72;182m▀[0m     
     [38;2;108;144;214m▄[0m[38;2;108;146;214m[48;2;137;181;217m▀[0m[38;2;137;181;216m[48;2;97;105;157m▀[0m[38;2;94;104;154m[48;2;63;57;116m▀[0m[38;2;78;71;138m[48;2;39;38;78m▀[0m[38;2;61;59;114m[48;2;36;34;72m▀[0m[38;2;40;40;82m[48;2;89;114;135m▀[0m[38;2;64;75;105m[48;2;154;204;231m▀[0m[38;2;119;154;174m[48;2;154;205;239m▀[0m[38;2;140;185;221m[48;2;109;141;155m▀[0m[38;2;64;78;138m[48;2;60;77;128m▀[0m[38;2;37;38;66m[48;2;48;60;98m▀[0m[38;2;57;74;121m[48;2;47;54;96m▀[0m[38;2;42;46;83m[48;2;75;98;165m▀[0m[38;2;67;82;143m[48;2;58;63;120m▀[0m[38;2;64;70;131m[48;2;66;86;142m▀[0m[38;2;69;79;144m[48;2;42;50;69m▀[0m[38;2;34;34;63m[48;2;30;27;24m▀[0m[38;2;52;75;120m[48;2;90;123;201m▀[0m[38;2;121;163;221m[48;2;143;189;229m▀[0m[38;2;122;157;188m[48;2;159;209;227m▀[0m[38;2;77;88;124m[48;2;150;200;232m▀[0m[38;2;84;92;135m[48;2;142;189;213m▀[0m[38;2;75;69;130m[48;2;64;68;109m▀[0m[38;2;85;80;150m[48;2;75;66;132m▀[0m[38;2;61;58;117m[48;2;84;78;147m▀[0m[38;2;45;52;72m[48;2;41;37;79m▀[0m[38;2;141;186;214m[48;2;112;147;156m▀[0m[38;2;116;156;215m[48;2;124;167;223m▀[0m[38;2;51;51;178m[48;2;0;0;182m▀[0m     
  [38;2;71;119;207m▄[0m[38;2;86;119;206m[48;2;133;149;220m▀[0m[38;2;111;145;215m[48;2;165;190;234m▀[0m[38;2;146;194;225m[48;2;146;192;212m▀[0m[38;2;106;129;165m[48;2;59;66;98m▀[0m[38;2;72;61;128m[48;2;68;81;112m▀[0m[38;2;47;46;90m[48;2;120;148;182m▀[0m[38;2;64;77;108m[48;2;134;169;224m▀[0m[38;2;111;144;177m[48;2;68;88;143m▀[0m[38;2;110;141;169m[48;2;85;77;141m▀[0m[38;2;93;124;179m[48;2;54;48;87m▀[0m[38;2;69;88;123m[48;2;24;38;90m▀[0m[38;2;55;53;54m[48;2;57;57;85m▀[0m[38;2;36;34;39m[48;2;52;46;48m▀[0m[38;2;32;37;57m[48;2;51;50;97m▀[0m[38;2;52;58;105m[48;2;58;59;117m▀[0m[38;2;80;104;176m[48;2;67;70;126m▀[0m[38;2;68;69;125m[48;2;72;65;116m▀[0m[38;2;33;33;40m[48;2;33;29;28m▀[0m[38;2;54;46;47m[48;2;70;62;68m▀[0m[38;2;59;51;54m[48;2;62;56;64m▀[0m[38;2;62;76;115m[48;2;35;44;85m▀[0m[38;2;115;153;194m[48;2;35;32;52m▀[0m[38;2;140;187;225m[48;2;66;76;132m▀[0m[38;2;99;136;216m[48;2;37;51;88m▀[0m[38;2;117;156;215m[48;2;0;102;255m▀[0m[38;2;131;173;200m[48;2;123;166;219m▀[0m[38;2;87;109;135m[48;2;157;209;237m▀[0m[38;2;66;61;122m[48;2;97;122;151m▀[0m[38;2;65;61;123m[48;2;55;57;105m▀[0m[38;2;66;81;100m[48;2;37;31;79m▀[0m[38;2;132;175;212m[48;2;96;120;136m▀[0m[38;2;92;130;211m[48;2;126;153;224m▀[0m[38;2;28;85;198m▄[0m    
 [38;2;0;0;255m▄[0m[38;2;111;126;209m[48;2;123;128;209m▀[0m[38;2;172;149;227m[48;2;189;140;222m▀[0m[38;2;158;184;222m[48;2;171;153;219m▀[0m[38;2;150;201;221m[48;2;161;173;222m▀[0m[38;2;147;192;214m[48;2;165;176;231m▀[0m[38;2;143;175;217m[48;2;113;135;217m▀[0m[38;2;119;160;233m[48;2;0;0;0m▀[0m[38;2;55;74;139m[48;2;40;40;80m▀[0m[38;2;63;57;109m[48;2;83;77;143m▀[0m[38;2;105;94;171m[48;2;104;93;168m▀[0m[38;2;83;76;138m[48;2;82;76;141m▀[0m[38;2;27;37;84m[48;2;74;69;125m▀[0m[38;2;31;53;136m[48;2;27;28;45m▀[0m[38;2;28;26;32m[48;2;28;28;50m▀[0m[38;2;69;69;137m[48;2;72;72;142m▀[0m[38;2;57;57;113m[48;2;45;46;88m▀[0m[38;2;92;83;152m[48;2;51;48;88m▀[0m[38;2;82;74;133m[48;2;101;92;168m▀[0m[38;2;21;21;24m[48;2;44;41;68m▀[0m[38;2;45;40;40m[48;2;0;0;0m▀[0m[38;2;45;51;90m[48;2;24;39;90m▀[0m[38;2;34;63;169m[48;2;31;53;137m▀[0m[38;2;47;48;87m[48;2;56;54;98m▀[0m[38;2;97;86;157m[48;2;100;90;163m▀[0m[38;2;50;47;92m[48;2;83;77;145m▀[0m[38;2;22;22;44m[48;2;33;33;62m▀[0m[38;2;102;139;222m[48;2;14;9;23m▀[0m[38;2;101;140;219m▀[0m[38;2;130;175;218m[48;2;88;122;210m▀[0m[38;2;139;181;202m[48;2;131;176;223m▀[0m[38;2;88;111;134m[48;2;163;213;235m▀[0m[38;2;125;164;180m[48;2;154;203;225m▀[0m[38;2;147;180;228m[48;2;154;202;223m▀[0m[38;2;100;128;212m[48;2;142;175;220m▀[0m[38;2;0;85;170m[48;2;124;131;214m▀[0m[38;2;66;121;199m▄[0m  
 [38;2;82;124;206m[48;2;123;127;208m▀[0m[38;2;164;135;221m[48;2;192;138;222m▀[0m[38;2;187;134;215m[48;2;185;137;220m▀[0m[38;2;186;135;215m[48;2;164;138;222m▀[0m[38;2;181;150;224m[48;2;140;135;217m▀[0m[38;2;148;143;221m[48;2;103;131;210m▀[0m[38;2;81;135;222m[48;2;0;85;170m▀[0m[38;2;25;24;38m[48;2;17;17;22m▀[0m[38;2;63;64;128m[48;2;56;56;106m▀[0m[38;2;81;75;139m[48;2;89;81;150m▀[0m[38;2;101;91;165m[48;2;94;86;158m▀[0m[38;2;72;68;131m[48;2;72;68;130m▀[0m[38;2;96;88;161m[48;2;72;69;134m▀[0m[38;2;55;53;99m[48;2;42;43;82m▀[0m[38;2;49;49;95m[48;2;36;36;62m▀[0m[38;2;52;52;100m[48;2;22;22;35m▀[0m[38;2;24;24;36m▀[0m[38;2;10;10;10m▀[0m[38;2;61;58;109m[48;2;13;17;20m▀[0m[38;2;80;73;132m[48;2;54;49;84m▀[0m[38;2;11;11;3m[48;2;12;12;12m▀[0m[38;2;22;22;35m[48;2;60;55;102m▀[0m[38;2;29;30;50m[48;2;78;72;133m▀[0m[38;2;78;72;134m[48;2;75;71;135m▀[0m[38;2;90;83;153m[48;2;86;80;152m▀[0m[38;2;104;93;169m[48;2;103;92;166m▀[0m[38;2;60;56;104m[48;2;70;67;125m▀[0m[38;2;51;51;100m[48;2;66;67;134m▀[0m[38;2;28;28;45m[48;2;40;40;73m▀[0m[38;2;0;0;0m[48;2;0;0;0m▀[0m[38;2;83;117;201m▀[0m[38;2;133;160;220m[48;2;99;126;207m▀[0m[38;2;155;203;225m[48;2;154;180;229m▀[0m[38;2;153;193;221m[48;2;161;182;223m▀[0m[38;2;164;174;224m[48;2;169;157;220m▀[0m[38;2;169;151;230m[48;2;189;137;219m▀[0m[38;2;103;123;204m[48;2;137;131;213m▀[0m[38;2;72;121;206m▄[0m 
[38;2;93;126;205m[48;2;121;131;213m▀[0m[38;2;161;136;221m[48;2;129;132;216m▀[0m[38;2;156;133;216m[48;2;74;123;206m▀[0m[38;2;115;127;208m▀[0m[38;2;80;133;218m▀[0m[38;2;61;122;204m▀[0m  [38;2;0;0;0m▀[0m[38;2;40;37;64m[48;2;12;12;19m▀[0m[38;2;103;93;169m[48;2;70;65;118m▀[0m[38;2;79;73;138m[48;2;68;66;127m▀[0m[38;2;51;52;104m[48;2;51;51;101m▀[0m[38;2;52;52;104m[48;2;54;54;107m▀[0m[38;2;51;51;100m[48;2;39;39;74m▀[0m[38;2;29;29;50m[48;2;33;33;66m▀[0m    [38;2;0;0;0m▀[0m[38;2;7;7;0m▀[0m[38;2;30;30;52m▀[0m[38;2;79;74;136m[48;2;26;26;44m▀[0m[38;2;87;80;148m[48;2;87;79;142m▀[0m[38;2;80;76;144m[48;2;105;95;171m▀[0m[38;2;103;92;166m[48;2;101;91;165m▀[0m[38;2;77;72;134m[48;2;97;88;159m▀[0m[38;2;54;54;108m[48;2;55;55;107m▀[0m[38;2;38;38;69m[48;2;26;26;42m▀[0m[38;2;6;6;0m[48;2;0;0;0m▀[0m [38;2;53;106;201m▀[0m[38;2;125;142;214m[48;2;86;121;202m▀[0m[38;2;160;159;230m[48;2;91;127;215m▀[0m[38;2;181;144;223m[48;2;124;126;209m▀[0m[38;2;189;135;215m[48;2;163;134;216m▀[0m[38;2;178;138;223m[48;2;192;139;223m▀[0m[38;2;99;127;209m[48;2;139;130;211m▀[0m[38;2;76;114;204m▄[0m
[38;2;96;126;207m▀[0m[38;2;51;102;178m▀[0m       [38;2;15;15;26m[48;2;39;39;76m▀[0m[38;2;34;34;62m[48;2;48;48;95m▀[0m[38;2;52;53;105m[48;2;50;50;100m▀[0m[38;2;52;52;103m[48;2;45;45;88m▀[0m[38;2;47;47;89m[48;2;32;32;59m▀[0m[38;2;19;19;26m[48;2;9;9;0m▀[0m         [38;2;33;31;47m▀[0m[38;2;71;66;119m[48;2;17;17;27m▀[0m[38;2;98;89;161m[48;2;49;48;90m▀[0m[38;2;98;90;164m[48;2;67;65;126m▀[0m[38;2;54;54;105m[48;2;48;48;95m▀[0m[38;2;28;28;48m[48;2;34;34;62m▀[0m[38;2;11;11;0m[48;2;6;6;0m▀[0m     [38;2;83;124;208m▀[0m[38;2;138;131;212m[48;2;68;117;196m▀[0m[38;2;177;144;233m[48;2;111;130;214m▀[0m[38;2;104;126;207m[48;2;112;126;208m▀[0m
         [38;2;34;34;65m[48;2;15;31;87m▀[0m[38;2;59;59;115m[48;2;44;48;102m▀[0m[38;2;53;53;106m[48;2;53;53;104m▀[0m[38;2;53;53;106m[48;2;36;36;65m▀[0m[38;2;28;28;48m[48;2;20;20;25m▀[0m[38;2;14;14;4m[48;2;0;0;0m▀[0m          [38;2;0;0;0m▀[0m[38;2;41;41;75m[48;2;12;12;6m▀[0m[38;2;62;62;123m[48;2;29;29;49m▀[0m[38;2;52;52;103m[48;2;48;48;95m▀[0m[38;2;31;31;53m[48;2;37;36;67m▀[0m[38;2;12;12;0m[48;2;6;6;0m▀[0m        [38;2;67;120;201m▀[0m
         [38;2;53;83;186m[48;2;51;80;182m▀[0m[38;2;58;85;179m[48;2;68;100;196m▀[0m[38;2;50;49;100m[48;2;46;50;106m▀[0m[38;2;19;19;22m[48;2;20;19;24m▀[0m              [38;2;18;18;22m[48;2;0;0;0m▀[0m[38;2;51;52;101m[48;2;33;45;97m▀[0m[38;2;42;57;121m[48;2;73;107;205m▀[0m[38;2;7;7;35m[48;2;39;68;179m▀[0m         
        [38;2;24;55;167m[48;2;28;60;174m▀[0m[38;2;71;103;200m[48;2;74;106;196m▀[0m[38;2;93;130;222m[48;2;62;83;134m▀[0m[38;2;31;46;107m[48;2;19;27;56m▀[0m[38;2;11;7;7m[48;2;0;0;0m▀[0m              [38;2;0;0;0m▀[0m[38;2;24;32;61m[48;2;20;20;22m▀[0m[38;2;89;123;206m[48;2;84;114;184m▀[0m[38;2;48;77;182m[48;2;72;106;207m▀[0m[38;2;27;55;179m▄[0m        
        [38;2;43;70;202m▀[0m[38;2;26;38;77m▀[0m[38;2;9;4;0m▀[0m                 [38;2;0;0;0m▀[0m[38;2;41;53;77m▀[0m[38;2;49;67;115m▀[0m[38;2;20;32;90m▀[0m        
[0m