                  [38;2;0;0;0m▄[0m[38;2;52;35;167m[48;2;68;43;183m▀[0m[38;2;81;54;196m[48;2;94;65;209m▀[0m[38;2;85;56;226m[48;2;255;255;255m▀[0m                  
                  [38;2;0;0;0m[48;2;0;0;0m▀[0m[38;2;83;56;199m[48;2;82;56;197m▀[0m[38;2;84;57;200m[48;2;113;80;235m▀[0m[38;2;36;36;109m[48;2;62;39;175m▀[0m                  
                  [38;2;0;0;0m▀[0m[38;2;70;46;184m[48;2;53;35;170m▀[0m[38;2;108;76;229m[48;2;103;71;223m▀[0m[38;2;94;65;212m[48;2;122;87;241m▀[0m[38;2;56;35;168m[48;2;93;63;211m▀[0m[38;2;57;34;168m▄[0m                
                   [38;2;54;32;171m[48;2;76;50;191m▀[0m[38;2;102;70;222m[48;2;114;80;232m▀[0m[38;2;118;85;233m[48;2;116;83;231m▀[0m[38;2;113;79;233m[48;2;118;84;234m▀[0m[38;2;73;46;188m[48;2;84;57;200m▀[0m[38;2;0;0;127m[48;2;17;0;136m▀[0m               
                 [38;2;51;25;178m▄[0m[38;2;61;37;172m[48;2;76;50;191m▀[0m[38;2;97;66;214m[48;2;116;82;235m▀[0m[38;2;118;84;234m[48;2;116;83;231m▀[0m[38;2;115;82;230m[48;2;115;82;230m▀[0m[38;2;118;84;234m[48;2;119;84;234m▀[0m[38;2;84;57;199m[48;2;85;57;200m▀[0m[38;2;18;0;145m[48;2;17;0;136m▀[0m               
                 [38;2;46;28;162m[48;2;47;29;166m▀[0m[38;2;95;66;214m[48;2;95;65;213m▀[0m[38;2;117;84;232m[48;2;117;84;232m▀[0m[38;2;115;82;230m[48;2;115;82;230m▀[0m[38;2;116;83;231m[48;2;117;83;232m▀[0m[38;2;111;78;229m[48;2;106;74;226m▀[0m[38;2;74;48;189m[48;2;56;32;169m▀[0m[38;2;0;0;153m▀[0m               
         [38;2;60;39;177m[48;2;89;60;203m▀[0m[38;2;66;43;182m▄[0m      [38;2;63;31;159m▀[0m[38;2;74;48;189m[48;2;61;37;170m▀[0m[38;2;116;81;236m[48;2;94;65;212m▀[0m[38;2;116;83;231m[48;2;117;84;234m▀[0m[38;2;117;83;232m[48;2;114;80;230m▀[0m[38;2;109;77;228m[48;2;118;84;234m▀[0m[38;2;68;44;184m[48;2;86;59;202m▀[0m[38;2;0;0;127m[48;2;36;12;157m▀[0m           [38;2;0;0;127m▄[0m[38;2;85;42;170m▄[0m  
  [38;2;57;46;173m▄[0m[38;2;72;36;182m▄[0m    [38;2;65;43;182m[48;2;63;40;176m▀[0m[38;2;101;71;221m[48;2;103;72;230m▀[0m[38;2;65;41;180m[48;2;73;47;188m▀[0m[38;2;63;0;127m▄[0m       [38;2;74;49;190m[48;2;44;20;161m▀[0m[38;2;116;84;232m[48;2;109;80;224m▀[0m[38;2;126;97;233m[48;2;169;159;247m▀[0m[38;2;114;80;230m[48;2;122;92;232m▀[0m[38;2;113;80;232m[48;2;116;82;233m▀[0m[38;2;66;43;181m[48;2;93;64;211m▀[0m[38;2;56;28;170m▄[0m     [38;2;63;42;180m▄[0m[38;2;63;63;191m▄[0m   [38;2;62;34;179m[48;2;119;85;238m▀[0m[38;2;62;39;177m[48;2;88;60;204m▀[0m[38;2;39;19;156m▄[0m 
 [38;2;0;0;255m[48;2;47;23;159m▀[0m[38;2;65;41;180m[48;2;90;61;208m▀[0m[38;2;69;38;185m[48;2;89;59;202m▀[0m   [38;2;0;0;191m▄[0m[38;2;59;34;172m[48;2;73;48;188m▀[0m[38;2;109;77;230m[48;2;111;78;230m▀[0m[38;2;91;62;205m[48;2;115;81;234m▀[0m[38;2;49;32;164m[48;2;70;45;185m▀[0m      [38;2;63;63;127m[48;2;64;39;182m▀[0m[38;2;79;52;199m[48;2;91;63;195m▀[0m[38;2;117;88;231m[48;2;160;142;251m▀[0m[38;2;177;170;252m[48;2;154;148;216m▀[0m[38;2;127;98;235m[48;2;116;87;223m▀[0m[38;2;116;82;232m[48;2;119;84;241m▀[0m[38;2;102;71;224m[48;2;95;64;219m▀[0m[38;2;56;32;170m[48;2;60;33;174m▀[0m    [38;2;0;0;255m[48;2;52;31;166m▀[0m[38;2;66;40;180m[48;2;92;62;207m▀[0m[38;2;61;40;183m[48;2;153;102;255m▀[0m   [38;2;94;66;198m[48;2;42;21;148m▀[0m[38;2;93;63;211m[48;2;89;60;205m▀[0m[38;2;70;46;186m[48;2;89;60;206m▀[0m[38;2;61;38;170m▄[0m
[38;2;60;40;175m▄[0m[38;2;70;45;185m[48;2;92;62;209m▀[0m[38;2;114;80;238m[48;2;120;85;242m▀[0m[38;2;73;48;188m[48;2;71;46;186m▀[0m   [38;2;17;0;136m[48;2;18;0;145m▀[0m[38;2;85;57;200m[48;2;84;57;199m▀[0m[38;2;118;84;234m[48;2;121;86;242m▀[0m[38;2;119;84;241m[48;2;100;75;184m▀[0m[38;2;79;52;195m[48;2;101;71;216m▀[0m[38;2;51;25;178m[48;2;57;35;178m▀[0m   [38;2;13;13;13m[48;2;5;5;5m▀[0m[38;2;23;23;23m[48;2;31;31;31m▀[0m[38;2;31;25;58m[48;2;37;37;34m▀[0m[38;2;34;31;45m[48;2;36;37;30m▀[0m[38;2;120;109;182m[48;2;55;46;85m▀[0m[38;2;51;50;60m[48;2;37;36;37m▀[0m[38;2;57;44;99m[48;2;35;36;30m▀[0m[38;2;73;55;135m[48;2;32;33;28m▀[0m[38;2;21;18;37m[48;2;12;13;9m▀[0m[38;2;11;17;5m[48;2;15;15;15m▀[0m   [38;2;64;38;177m▄[0m[38;2;77;50;191m[48;2;98;67;216m▀[0m[38;2;88;60;204m[48;2;85;57;199m▀[0m[38;2;54;36;182m[48;2;0;0;113m▀[0m   [38;2;59;37;173m[48;2;73;47;187m▀[0m[38;2;94;64;209m[48;2;118;84;237m▀[0m[38;2;109;77;231m[48;2;111;79;228m▀[0m[38;2;56;36;172m[48;2;78;51;192m▀[0m
[38;2;58;36;174m[48;2;65;41;180m▀[0m[38;2;108;76;229m[48;2;107;75;226m▀[0m[38;2;119;84;237m[48;2;119;85;234m▀[0m[38;2;83;55;199m[48;2;105;73;227m▀[0m[38;2;60;36;170m[48;2;57;35;172m▀[0m  [38;2;0;0;18m[48;2;0;0;0m▀[0m[38;2;36;32;50m[48;2;28;28;25m▀[0m[38;2;84;68;141m[48;2;48;49;44m▀[0m[38;2;54;52;60m[48;2;49;50;48m▀[0m[38;2;79;57;162m[48;2;16;19;11m▀[0m[38;2;59;36;182m▀[0m  [38;2;92;95;95m▄[0m[38;2;68;68;68m[48;2;129;137;137m▀[0m[38;2;51;49;49m[48;2;125;131;130m▀[0m[38;2;67;69;70m[48;2;183;196;198m▀[0m[38;2;80;80;93m[48;2;138;136;171m▀[0m[38;2;74;73;84m[48;2;169;161;241m▀[0m[38;2;73;72;82m[48;2;163;156;228m▀[0m[38;2;78;76;96m[48;2;136;131;179m▀[0m[38;2;44;43;52m[48;2;180;184;217m▀[0m[38;2;43;43;39m[48;2;129;138;133m▀[0m[38;2;15;15;15m▄[0m[38;2;0;0;0m▄[0m [38;2;85;0;170m▄[0m[38;2;61;38;178m[48;2;68;43;184m▀[0m[38;2;114;80;236m[48;2;111;79;231m▀[0m[38;2;94;65;210m[48;2;117;84;238m▀[0m[38;2;61;37;174m[48;2;66;42;182m▀[0m   [38;2;73;47;189m[48;2;73;47;184m▀[0m[38;2;118;84;240m[48;2;96;73;180m▀[0m[38;2;119;85;236m[48;2;105;78;198m▀[0m[38;2;88;59;207m[48;2;85;57;197m▀[0m
[38;2;86;57;202m[48;2;80;56;180m▀[0m[38;2;118;85;234m[48;2;111;79;225m▀[0m[38;2;118;85;235m[48;2;107;77;211m▀[0m[38;2;103;71;225m[48;2;103;72;218m▀[0m[38;2;59;36;178m[48;2;43;29;132m▀[0m   [38;2;13;13;13m[48;2;7;7;7m▀[0m[38;2;43;43;43m[48;2;28;28;28m▀[0m[38;2;41;41;41m[48;2;28;28;28m▀[0m[38;2;17;17;17m[48;2;24;24;24m▀[0m[38;2;0;0;0m▄[0m[38;2;68;72;72m▄[0m[38;2;101;105;105m[48;2;189;199;199m▀[0m[38;2;194;202;202m[48;2;221;222;222m▀[0m[38;2;163;168;167m[48;2;180;179;179m▀[0m[38;2;206;212;214m[48;2;255;255;255m▀[0m[38;2;177;177;234m[48;2;169;166;181m▀[0m[38;2;121;118;151m[48;2;151;144;211m▀[0m[38;2;175;167;252m[48;2;173;165;249m▀[0m[38;2;174;166;250m[48;2;175;167;252m▀[0m[38;2;132;128;173m[48;2;148;142;202m▀[0m[38;2;170;173;210m[48;2;134;129;176m▀[0m[38;2;205;222;223m[48;2;199;211;231m▀[0m[38;2;136;145;144m[48;2;187;202;200m▀[0m[38;2;30;29;29m[48;2;130;137;137m▀[0m[38;2;0;0;0m[48;2;84;90;87m▀[0m[38;2;46;23;185m[48;2;56;42;148m▀[0m[38;2;87;59;202m[48;2;91;61;214m▀[0m[38;2;118;84;235m[48;2;114;82;224m▀[0m[38;2;117;83;236m[48;2;112;82;219m▀[0m[38;2;85;58;201m[48;2;103;71;229m▀[0m[38;2;58;29;166m[48;2;66;33;198m▀[0m  [38;2;30;25;46m[48;2;9;9;4m▀[0m[38;2;66;58;96m[48;2;34;35;32m▀[0m[38;2;59;55;74m[48;2;44;44;42m▀[0m[38;2;46;38;75m[48;2;15;15;9m▀[0m
[38;2;43;34;87m[48;2;24;24;27m▀[0m[38;2;51;39;100m[48;2;44;45;43m▀[0m[38;2;76;59;130m[48;2;52;51;54m▀[0m[38;2;53;42;94m[48;2;30;31;27m▀[0m[38;2;3;9;0m[48;2;11;11;11m▀[0m [38;2;19;19;19m▄[0m[38;2;20;20;20m[48;2;43;43;43m▀[0m[38;2;37;37;37m[48;2;32;32;32m▀[0m[38;2;35;35;35m[48;2;59;59;59m▀[0m[38;2;30;30;30m[48;2;45;45;45m▀[0m[38;2;31;31;31m[48;2;5;5;5m▀[0m[38;2;29;28;28m[48;2;29;32;32m▀[0m[38;2;93;102;102m[48;2;135;148;151m▀[0m[38;2;206;222;224m[48;2;104;104;88m▀[0m[38;2;110;114;123m[48;2;130;122;44m▀[0m[38;2;240;242;241m[48;2;165;176;169m▀[0m[38;2;246;246;254m[48;2;192;190;255m▀[0m[38;2;128;125;149m[48;2;105;100;144m▀[0m[38;2;155;148;220m[48;2;156;149;220m▀[0m[38;2;174;166;249m[48;2;178;169;255m▀[0m[38;2;176;168;252m[48;2;176;168;255m▀[0m[38;2;139;133;197m[48;2;130;124;152m▀[0m[38;2;105;101;158m[48;2;127;117;40m▀[0m[38;2;185;185;239m[48;2;105;108;110m▀[0m[38;2;205;223;219m[48;2;192;207;207m▀[0m[38;2;149;159;159m[48;2;194;209;209m▀[0m[38;2;159;169;167m[48;2;118;123;123m▀[0m[38;2;69;67;80m[48;2;53;56;55m▀[0m[38;2;51;39;97m[48;2;26;27;21m▀[0m[38;2;90;70;158m[48;2;52;51;55m▀[0m[38;2;67;59;96m[48;2;49;50;47m▀[0m[38;2;82;60;165m[48;2;37;37;38m▀[0m[38;2;19;17;30m[48;2;37;37;35m▀[0m[38;2;0;0;0m[48;2;26;26;26m▀[0m[38;2;0;0;0m▄[0m[38;2;0;0;0m▀[0m[38;2;24;24;24m[48;2;27;27;27m▀[0m[38;2;39;39;39m[48;2;34;34;34m▀[0m[38;2;14;14;14m[48;2;0;0;0m▀[0m
[38;2;10;10;6m▀[0m[38;2;38;38;38m[48;2;16;16;16m▀[0m[38;2;50;51;50m[48;2;42;42;42m▀[0m[38;2;21;21;21m[48;2;63;63;63m▀[0m [38;2;15;15;15m▄[0m[38;2;24;24;24m[48;2;39;39;39m▀[0m[38;2;46;46;46m[48;2;30;30;30m▀[0m[38;2;15;15;15m[48;2;8;8;8m▀[0m[38;2;39;39;39m[48;2;32;32;32m▀[0m[38;2;29;29;29m[48;2;35;35;35m▀[0m[38;2;17;17;17m[48;2;15;15;15m▀[0m[38;2;37;40;40m[48;2;37;40;40m▀[0m[38;2;85;94;98m[48;2;94;104;108m▀[0m[38;2;201;181;30m[48;2;151;137;39m▀[0m[38;2;254;227;25m[48;2;236;212;26m▀[0m[38;2;100;103;90m[48;2;95;99;87m▀[0m[38;2;112;114;139m[48;2;85;86;98m▀[0m[38;2;91;88;119m[48;2;80;77;100m▀[0m[38;2;130;125;179m[48;2;109;105;145m▀[0m[38;2;107;103;141m[48;2;79;77;97m▀[0m[38;2;101;98;139m[48;2;110;106;155m▀[0m[38;2;201;181;30m[48;2;165;152;64m▀[0m[38;2;255;248;28m[48;2;239;221;23m▀[0m[38;2;153;138;32m[48;2;116;108;46m▀[0m[38;2;155;168;177m[48;2;166;180;185m▀[0m[38;2;203;220;220m[48;2;194;210;210m▀[0m[38;2;69;71;71m[48;2;45;47;47m▀[0m[38;2;31;30;30m[48;2;34;33;33m▀[0m[38;2;31;31;31m[48;2;12;12;12m▀[0m[38;2;50;50;49m[48;2;35;35;35m▀[0m[38;2;46;46;46m[48;2;30;30;30m▀[0m[38;2;31;31;30m[48;2;7;7;7m▀[0m[38;2;38;38;38m[48;2;17;17;17m▀[0m[38;2;48;48;48m[48;2;42;42;42m▀[0m[38;2;19;19;19m[48;2;34;34;34m▀[0m[38;2;6;6;6m▄[0m[38;2;51;51;51m[48;2;51;51;51m▀[0m[38;2;23;23;23m[48;2;25;25;25m▀[0m 
 [38;2;0;0;0m▀[0m[38;2;31;31;31m[48;2;15;15;15m▀[0m[38;2;48;48;48m[48;2;40;40;40m▀[0m[38;2;49;49;49m▄[0m[38;2;12;12;12m[48;2;26;26;26m▀[0m[38;2;47;47;47m[48;2;48;48;48m▀[0m[38;2;30;30;30m[48;2;30;30;30m▀[0m[38;2;20;20;20m[48;2;47;47;47m▀[0m[38;2;37;37;37m[48;2;33;33;33m▀[0m[38;2;33;33;33m[48;2;26;26;26m▀[0m[38;2;55;55;55m[48;2;27;27;27m▀[0m[38;2;31;31;31m[48;2;14;14;14m▀[0m[38;2;105;113;114m[48;2;52;54;54m▀[0m[38;2;141;150;152m[48;2;172;186;186m▀[0m[38;2;87;88;72m[48;2;132;140;151m▀[0m[38;2;186;202;197m[48;2;177;191;191m▀[0m[38;2;181;179;245m[48;2;197;204;235m▀[0m[38;2;107;102;145m[48;2;115;109;158m▀[0m[38;2;159;152;226m[48;2;144;138;202m▀[0m[38;2;171;163;244m[48;2;175;167;251m▀[0m[38;2;180;172;255m[48;2;176;168;253m▀[0m[38;2;135;129;189m[48;2;140;134;195m▀[0m[38;2;84;80;82m[48;2;119;113;169m▀[0m[38;2;139;143;168m[48;2;196;198;249m▀[0m[38;2;208;225;223m[48;2;182;198;194m▀[0m[38;2;123;131;131m[48;2;109;116;116m▀[0m[38;2;25;25;25m[48;2;65;66;66m▀[0m[38;2;35;35;35m[48;2;35;35;35m▀[0m[38;2;13;13;13m[48;2;37;37;37m▀[0m[38;2;25;25;25m[48;2;27;27;27m▀[0m[38;2;47;47;47m[48;2;33;33;33m▀[0m[38;2;10;10;10m▄[0m[38;2;0;0;0m▀[0m[38;2;38;38;38m[48;2;53;53;53m▀[0m[38;2;42;42;42m[48;2;49;49;49m▀[0m[38;2;20;20;20m[48;2;33;33;33m▀[0m[38;2;44;44;44m[48;2;30;30;30m▀[0m[38;2;21;21;21m[48;2;0;0;0m▀[0m 
   [38;2;14;14;14m▀[0m[38;2;29;29;29m[48;2;0;0;0m▀[0m[38;2;32;32;32m[48;2;0;0;0m▀[0m[38;2;37;37;37m[48;2;23;23;23m▀[0m[38;2;31;31;31m[48;2;48;48;48m▀[0m[38;2;38;38;38m[48;2;15;15;15m▀[0m     [38;2;47;51;47m▀[0m[38;2;113;113;135m[48;2;12;12;8m▀[0m[38;2;119;124;127m[48;2;27;28;28m▀[0m[38;2;200;216;219m[48;2;65;69;67m▀[0m[38;2;180;179;238m[48;2;144;154;159m▀[0m[38;2;103;99;136m[48;2;92;90;120m▀[0m[38;2;179;171;255m[48;2;98;94;136m▀[0m[38;2;179;171;255m[48;2;124;118;177m▀[0m[38;2;120;115;162m[48;2;77;79;90m▀[0m[38;2;159;161;198m[48;2;86;92;94m▀[0m[38;2;201;217;218m[48;2;41;42;41m▀[0m[38;2;121;130;129m[48;2;17;17;17m▀[0m[38;2;18;18;18m[48;2;0;0;0m▀[0m[38;2;63;63;63m▀[0m[38;2;12;12;12m▀[0m[38;2;18;18;18m▀[0m[38;2;14;14;14m▀[0m[38;2;28;28;28m[48;2;12;12;12m▀[0m[38;2;36;36;36m[48;2;22;22;22m▀[0m[38;2;22;22;22m[48;2;32;32;32m▀[0m[38;2;40;40;40m[48;2;45;45;45m▀[0m[38;2;52;52;52m[48;2;43;43;43m▀[0m[38;2;36;36;36m[48;2;10;10;10m▀[0m[38;2;15;15;15m▀[0m  
      [38;2;18;18;18m▀[0m[38;2;40;40;40m[48;2;17;17;17m▀[0m[38;2;37;37;37m[48;2;40;40;40m▀[0m[38;2;11;11;11m[48;2;39;39;39m▀[0m[38;2;0;0;0m[48;2;27;27;27m▀[0m[38;2;15;15;15m▄[0m    [38;2;20;20;20m▀[0m[38;2;26;25;25m[48;2;22;22;22m▀[0m[38;2;28;28;27m[48;2;18;18;18m▀[0m[38;2;36;36;34m[48;2;33;33;33m▀[0m[38;2;35;36;33m[48;2;35;35;35m▀[0m[38;2;34;35;31m[48;2;35;35;35m▀[0m[38;2;33;33;32m[48;2;21;21;21m▀[0m[38;2;26;26;25m[48;2;14;14;14m▀[0m[38;2;22;21;21m▀[0m[38;2;0;0;0m▀[0m     [38;2;13;13;13m▄[0m[38;2;26;26;26m▄[0m[38;2;22;22;22m[48;2;46;46;46m▀[0m[38;2;45;45;45m[48;2;28;28;28m▀[0m[38;2;29;29;29m[48;2;0;0;0m▀[0m[38;2;12;12;12m▀[0m   
        [38;2;16;16;16m▀[0m[38;2;29;29;29m[48;2;0;0;0m▀[0m[38;2;40;40;40m[48;2;12;12;12m▀[0m[38;2;39;39;39m[48;2;21;21;21m▀[0m[38;2;35;35;35m[48;2;30;30;30m▀[0m[38;2;31;31;31m[48;2;28;28;28m▀[0m[38;2;51;51;51m[48;2;29;29;29m▀[0m[38;2;51;51;51m[48;2;28;28;28m▀[0m[38;2;38;38;38m[48;2;15;15;15m▀[0m[38;2;36;36;36m[48;2;14;14;14m▀[0m[38;2;16;16;16m[48;2;17;17;17m▀[0m[38;2;41;41;41m[48;2;34;34;34m▀[0m[38;2;43;43;43m[48;2;52;52;52m▀[0m[38;2;44;44;44m[48;2;40;40;40m▀[0m[38;2;19;19;19m[48;2;17;17;17m▀[0m[38;2;31;31;31m[48;2;15;15;15m▀[0m[38;2;39;39;39m[48;2;14;14;14m▀[0m[38;2;45;45;45m[48;2;26;26;26m▀[0m[38;2;54;54;54m[48;2;30;30;30m▀[0m[38;2;15;15;15m[48;2;35;35;35m▀[0m[38;2;11;11;11m[48;2;37;37;37m▀[0m[38;2;11;11;11m[48;2;37;37;37m▀[0m[38;2;26;26;26m[48;2;30;30;30m▀[0m[38;2;38;38;38m[48;2;28;28;28m▀[0m[38;2;42;42;42m[48;2;16;16;16m▀[0m[38;2;28;28;28m[48;2;0;0;0m▀[0m[38;2;0;0;0m▀[0m     
            [38;2;0;0;0m▀[0m[38;2;0;0;0m▀[0m[38;2;0;0;0m▀[0m[38;2;0;0;0m▀[0m  [38;2;0;0;0m▄[0m[38;2;26;26;26m[48;2;19;19;19m▀[0m[38;2;52;52;52m[48;2;41;41;41m▀[0m[38;2;34;34;34m[48;2;23;23;23m▀[0m[38;2;0;0;0m[48;2;0;0;0m▀[0m  [38;2;0;0;0m▀[0m[38;2;0;0;0m▀[0m[38;2;19;19;19m▀[0m[38;2;21;21;21m▀[0m[38;2;21;21;21m▀[0m[38;2;8;8;8m▀[0m[38;2;0;0;0m▀[0m        
                   [38;2;9;9;9m▀[0m[38;2;26;26;26m▀[0m[38;2;17;17;17m▀[0m                  
[0m