        [38;2;125;100;62m▄[0m[38;2;135;111;68m▄[0m[38;2;114;87;65m[48;2;159;133;64m▀[0m[38;2;148;123;68m[48;2;135;114;51m▀[0m[38;2;122;99;57m[48;2;36;32;10m▀[0m[38;2;92;81;46m[48;2;0;0;0m▀[0m   [38;2;120;94;61m▄[0m[38;2;98;68;39m[48;2;175;148;89m▀[0m[38;2;153;123;76m[48;2;103;86;52m▀[0m[38;2;4;4;4m[48;2;4;4;2m▀[0m                   
      [38;2;134;107;62m▄[0m[38;2;116;93;67m[48;2;141;116;65m▀[0m[38;2;155;129;65m[48;2;126;103;59m▀[0m[38;2;173;147;65m[48;2;40;34;16m▀[0m[38;2;127;106;53m[48;2;36;24;36m▀[0m[38;2;32;27;9m[48;2;0;0;0m▀[0m[38;2;0;0;0m▀[0m[38;2;106;74;63m▄[0m[38;2;134;109;63m[48;2;136;111;58m▀[0m[38;2;140;114;70m[48;2;207;180;93m▀[0m[38;2;140;114;67m[48;2;188;165;99m▀[0m[38;2;192;164;83m[48;2;146;120;71m▀[0m[38;2;139;123;75m[48;2;118;99;61m▀[0m[38;2;24;24;14m▀[0m                    
      [38;2;134;109;64m[48;2;133;108;64m▀[0m[38;2;184;159;61m[48;2;176;151;58m▀[0m[38;2;109;92;41m[48;2;178;152;63m▀[0m[38;2;17;13;11m[48;2;35;30;14m▀[0m[38;2;0;0;0m[48;2;0;0;0m▀[0m  [38;2;145;120;72m[48;2;137;113;64m▀[0m[38;2;185;158;98m[48;2;218;193;101m▀[0m[38;2;120;103;49m[48;2;191;171;106m▀[0m[38;2;14;12;0m[48;2;33;30;18m▀[0m                       
   [38;2;127;85;85m[48;2;114;89;70m▀[0m[38;2;136;111;63m[48;2;159;131;67m▀[0m[38;2;143;117;66m[48;2;177;153;57m▀[0m[38;2;161;137;59m[48;2;180;155;60m▀[0m[38;2;152;128;61m[48;2;122;104;47m▀[0m[38;2;82;72;26m[48;2;0;0;0m▀[0m[38;2;16;12;4m▀[0m[38;2;85;56;56m[48;2;121;99;38m▀[0m[38;2;143;119;73m[48;2;194;169;94m▀[0m[38;2;154;128;78m[48;2;244;218;133m▀[0m[38;2;221;196;116m[48;2;196;171;104m▀[0m[38;2;235;208;120m[48;2;132;117;61m▀[0m[38;2;219;194;114m[48;2;41;34;10m▀[0m[38;2;34;32;19m[48;2;0;0;0m▀[0m                       
   [38;2;113;85;56m[48;2;155;132;66m▀[0m[38;2;136;111;63m[48;2;183;159;69m▀[0m[38;2;171;145;61m[48;2;192;169;90m▀[0m[38;2;151;126;62m[48;2;48;42;25m▀[0m[38;2;131;105;70m▀[0m[38;2;129;103;58m▄[0m[38;2;0;0;0m[48;2;150;122;73m▀[0m[38;2;155;131;76m[48;2;193;168;84m▀[0m[38;2;208;183;92m[48;2;251;223;133m▀[0m[38;2;194;170;80m[48;2;80;70;36m▀[0m[38;2;49;40;22m[48;2;0;0;0m▀[0m[38;2;0;0;0m▀[0m[38;2;0;0;0m▀[0m                        
  [38;2;131;105;65m▄[0m[38;2;150;126;64m[48;2;215;188;99m▀[0m[38;2;228;201;105m[48;2;169;150;80m▀[0m[38;2;92;82;51m[48;2;75;73;68m▀[0m[38;2;22;26;49m[48;2;101;89;74m▀[0m[38;2;105;93;76m[48;2;176;158;97m▀[0m[38;2;190;165;87m[48;2;229;202;111m▀[0m[38;2;222;196;102m[48;2;105;90;43m▀[0m[38;2;223;199;118m[48;2;72;64;40m▀[0m[38;2;152;135;79m[48;2;43;42;47m▀[0m[38;2;58;51;31m[48;2;16;10;13m▀[0m[38;2;0;0;0m[48;2;6;84;90m▀[0m[38;2;5;68;76m[48;2;20;152;160m▀[0m[38;2;8;87;96m[48;2;9;79;84m▀[0m[38;2;0;98;98m[48;2;0;31;38m▀[0m                       
 [38;2;45;45;54m▄[0m[38;2;135;108;64m[48;2;108;92;69m▀[0m[38;2;165;144;74m[48;2;95;94;92m▀[0m[38;2;89;87;88m[48;2;103;95;87m▀[0m[38;2;122;107;82m[48;2;164;146;97m▀[0m[38;2;210;184;105m[48;2;167;145;76m▀[0m[38;2;190;164;95m[48;2;109;108;116m▀[0m[38;2;129;115;71m[48;2;53;111;122m▀[0m[38;2;73;85;80m[48;2;25;171;178m▀[0m[38;2;60;71;76m[48;2;18;134;142m▀[0m[38;2;55;89;92m[48;2;17;137;145m▀[0m[38;2;10;82;89m[48;2;24;178;186m▀[0m[38;2;22;165;173m[48;2;25;178;186m▀[0m[38;2;18;127;132m[48;2;13;102;107m▀[0m[38;2;2;18;18m[48;2;0;0;0m▀[0m[38;2;0;0;0m▀[0m                       
[38;2;51;47;56m[48;2;88;139;155m▀[0m[38;2;70;67;73m[48;2;127;164;178m▀[0m[38;2;93;92;93m[48;2;143;176;188m▀[0m[38;2;102;106;108m[48;2;185;206;219m▀[0m[38;2;159;174;181m[48;2;198;226;242m▀[0m[38;2;86;86;88m[48;2;164;188;201m▀[0m[38;2;121;98;66m[48;2;174;192;198m▀[0m[38;2;238;250;254m[48;2;184;211;225m▀[0m[38;2;89;128;143m[48;2;116;173;190m▀[0m[38;2;19;110;118m[48;2;4;32;37m▀[0m[38;2;17;140;148m[48;2;23;167;174m▀[0m[38;2;25;176;184m[48;2;24;173;181m▀[0m[38;2;24;175;183m[48;2;24;176;184m▀[0m[38;2;21;154;161m[48;2;20;143;150m▀[0m[38;2;3;31;34m[48;2;0;0;0m▀[0m                         
[38;2;62;129;145m[48;2;0;14;14m▀[0m[38;2;145;189;205m[48;2;38;106;115m▀[0m[38;2;206;229;246m[48;2;112;169;186m▀[0m[38;2;203;228;245m[48;2;183;209;224m▀[0m[38;2;151;194;211m[48;2;121;135;142m▀[0m[38;2;97;162;179m[48;2;112;119;127m▀[0m[38;2;111;165;183m[48;2;117;161;175m▀[0m[38;2;166;201;218m[48;2;118;170;187m▀[0m[38;2;110;162;178m[48;2;42;109;120m▀[0m[38;2;5;57;62m[48;2;16;155;163m▀[0m[38;2;23;166;173m[48;2;24;175;184m▀[0m[38;2;24;173;181m[48;2;24;172;180m▀[0m[38;2;24;174;182m[48;2;24;173;181m▀[0m[38;2;10;97;104m[48;2;5;51;56m▀[0m[38;2;0;0;0m▀[0m                         
 [38;2;0;40;40m▀[0m[38;2;4;92;109m▀[0m[38;2;72;135;151m▀[0m[38;2;94;134;145m[48;2;12;37;40m▀[0m[38;2;147;159;170m[48;2;21;40;44m▀[0m[38;2;196;216;232m[48;2;93;139;154m▀[0m[38;2;128;179;196m[48;2;49;132;150m▀[0m[38;2;15;56;64m[48;2;22;44;51m▀[0m[38;2;17;133;139m[48;2;15;125;130m▀[0m[38;2;24;177;185m[48;2;27;176;184m▀[0m[38;2;22;173;181m[48;2;35;163;170m▀[0m[38;2;24;173;181m[48;2;23;174;182m▀[0m[38;2;2;11;12m[48;2;2;16;17m▀[0m                          
 [38;2;91;91;91m[48;2;77;77;77m▀[0m[38;2;89;89;89m[48;2;185;185;185m▀[0m[38;2;190;185;185m[48;2;189;188;188m▀[0m[38;2;0;72;81m[48;2;83;92;93m▀[0m[38;2;34;119;134m[48;2;31;53;56m▀[0m[38;2;16;90;100m[48;2;176;190;192m▀[0m[38;2;89;137;147m[48;2;182;194;195m▀[0m[38;2;16;86;94m[48;2;2;128;137m▀[0m[38;2;18;154;161m[48;2;75;140;143m▀[0m[38;2;77;133;135m[48;2;111;93;92m▀[0m[38;2;73;134;137m[48;2;56;128;132m▀[0m[38;2;19;176;185m[48;2;21;177;186m▀[0m[38;2;2;16;17m[48;2;2;15;16m▀[0m         [38;2;164;140;59m▄[0m[38;2;128;102;62m▄[0m        [38;2;0;0;0m▄[0m[38;2;42;120;134m▄[0m[38;2;54;132;148m▄[0m[38;2;58;135;152m▄[0m[38;2;46;117;132m▄[0m  
 [38;2;0;0;0m[48;2;171;171;171m▀[0m[38;2;117;117;117m[48;2;218;218;218m▀[0m[38;2;233;233;233m[48;2;227;227;227m▀[0m[38;2;249;248;248m[48;2;255;255;255m▀[0m[38;2;241;238;238m[48;2;255;255;255m▀[0m[38;2;255;254;254m[48;2;234;237;238m▀[0m[38;2;151;184;187m[48;2;7;108;116m▀[0m[38;2;6;135;143m[48;2;25;178;186m▀[0m[38;2;67;118;121m[48;2;22;175;183m▀[0m[38;2;77;123;125m[48;2;70;130;133m▀[0m[38;2;29;160;167m[48;2;66;124;127m▀[0m[38;2;23;175;183m[48;2;20;179;188m▀[0m[38;2;11;103;109m[48;2;22;159;167m▀[0m[38;2;8;102;110m[48;2;4;45;49m▀[0m     [38;2;138;114;71m▄[0m[38;2;127;106;42m[48;2;193;167;92m▀[0m[38;2;188;162;70m[48;2;230;205;117m▀[0m[38;2;207;183;105m[48;2;181;156;96m▀[0m[38;2;11;8;5m[48;2;0;0;0m▀[0m     [38;2;23;107;121m▄[0m[38;2;0;85;102m[48;2;84;147;163m▀[0m[38;2;5;100;122m[48;2;120;177;195m▀[0m[38;2;71;137;154m[48;2;195;222;238m▀[0m[38;2;120;172;187m[48;2;210;233;250m▀[0m[38;2;206;236;253m[48;2;149;164;175m▀[0m[38;2;148;173;186m[48;2;20;20;22m▀[0m[38;2;5;13;15m▀[0m  
[38;2;167;167;167m[48;2;189;189;189m▀[0m[38;2;216;216;216m[48;2;236;236;236m▀[0m[38;2;255;255;255m[48;2;255;255;255m▀[0m[38;2;255;255;255m[48;2;255;255;255m▀[0m[38;2;255;255;255m[48;2;255;255;255m▀[0m[38;2;255;255;255m[48;2;255;255;255m▀[0m[38;2;234;231;231m[48;2;56;66;67m▀[0m[38;2;8;67;71m[48;2;18;154;162m▀[0m[38;2;25;180;188m[48;2;24;173;181m▀[0m[38;2;28;167;175m[48;2;24;171;179m▀[0m[38;2;84;102;102m[48;2;26;166;174m▀[0m[38;2;37;164;171m[48;2;22;174;182m▀[0m[38;2;23;177;185m[48;2;24;175;183m▀[0m[38;2;21;145;152m[48;2;22;152;159m▀[0m[38;2;0;0;0m[48;2;2;23;24m▀[0m[38;2;0;0;0m▄[0m  [38;2;155;131;48m▄[0m[38;2;132;108;65m[48;2;218;192;109m▀[0m[38;2;212;186;112m[48;2;236;210;127m▀[0m[38;2;236;211;128m[48;2;230;205;123m▀[0m[38;2;234;209;126m[48;2;225;199;119m▀[0m[38;2;53;44;26m[48;2;17;16;9m▀[0m  [38;2;24;139;180m▄[0m[38;2;77;148;170m▄[0m[38;2;42;118;134m[48;2;135;184;200m▀[0m[38;2;56;132;149m[48;2;193;223;240m▀[0m[38;2;147;193;210m[48;2;203;226;242m▀[0m[38;2;178;212;228m[48;2;200;224;240m▀[0m[38;2;208;229;245m[48;2;197;223;239m▀[0m[38;2;203;227;243m[48;2;206;229;245m▀[0m[38;2;165;204;221m[48;2;109;123;131m▀[0m[38;2;45;102;114m[48;2;0;18;21m▀[0m[38;2;24;97;109m[48;2;7;94;109m▀[0m[38;2;0;91;111m▄[0m[38;2;0;91;111m▄[0m 
[38;2;212;212;212m[48;2;154;154;154m▀[0m[38;2;255;255;255m[48;2;255;255;255m▀[0m[38;2;255;255;255m[48;2;255;255;255m▀[0m[38;2;255;255;255m[48;2;255;255;255m▀[0m[38;2;255;255;255m[48;2;236;236;236m▀[0m[38;2;255;255;255m[48;2;239;239;239m▀[0m[38;2;29;42;43m[48;2;134;134;134m▀[0m[38;2;20;175;183m[48;2;8;89;93m▀[0m[38;2;24;171;179m[48;2;25;179;188m▀[0m[38;2;24;172;180m[48;2;24;172;180m▀[0m[38;2;23;173;181m[48;2;24;172;180m▀[0m[38;2;24;172;180m[48;2;24;172;180m▀[0m[38;2;24;172;180m[48;2;24;172;180m▀[0m[38;2;25;181;190m[48;2;24;175;183m▀[0m[38;2;15;106;111m[48;2;22;153;159m▀[0m[38;2;0;0;0m[48;2;10;96;102m▀[0m[38;2;22;45;52m▄[0m[38;2;76;63;38m[48;2;153;126;76m▀[0m[38;2;156;131;79m[48;2;226;200;121m▀[0m[38;2;225;199;120m[48;2;233;208;125m▀[0m[38;2;232;207;124m[48;2;230;205;123m▀[0m[38;2;238;212;127m[48;2;238;213;128m▀[0m[38;2;118;100;60m[48;2;122;104;63m▀[0m[38;2;116;92;57m▄[0m[38;2;118;91;54m[48;2;160;135;81m▀[0m[38;2;124;99;61m[48;2;213;186;113m▀[0m[38;2;81;111;105m[48;2;183;152;83m▀[0m[38;2;163;182;182m[48;2;87;86;78m▀[0m[38;2;203;228;245m[48;2;204;232;248m▀[0m[38;2;199;223;239m[48;2;197;222;238m▀[0m[38;2;197;222;238m[48;2;197;222;238m▀[0m[38;2;197;222;238m[48;2;199;223;239m▀[0m[38;2;202;227;243m[48;2;170;202;218m▀[0m[38;2;118;161;175m[48;2;139;183;200m▀[0m[38;2;9;51;59m[48;2;148;194;211m▀[0m[38;2;23;108;124m[48;2;146;193;210m▀[0m[38;2;100;157;173m[48;2;198;224;240m▀[0m[38;2;110;167;184m[48;2;217;240;255m▀[0m[38;2;118;178;195m[48;2;140;154;165m▀[0m[38;2;46;69;74m[48;2;31;35;36m▀[0m
[38;2;123;123;123m[48;2;133;133;133m▀[0m[38;2;255;255;255m[48;2;255;255;255m▀[0m[38;2;255;255;255m[48;2;255;255;255m▀[0m[38;2;255;255;255m[48;2;255;255;255m▀[0m[38;2;229;229;229m[48;2;255;255;255m▀[0m[38;2;230;230;230m[48;2;189;189;189m▀[0m[38;2;194;188;188m[48;2;187;187;187m▀[0m[38;2;16;49;50m[48;2;167;160;160m▀[0m[38;2;19;169;178m[48;2;37;81;83m▀[0m[38;2;25;176;184m[48;2;18;158;166m▀[0m[38;2;24;172;180m[48;2;24;174;182m▀[0m[38;2;24;172;180m[48;2;24;172;180m▀[0m[38;2;24;172;180m[48;2;24;172;180m▀[0m[38;2;24;172;180m[48;2;24;172;180m▀[0m[38;2;25;176;184m[48;2;22;173;182m▀[0m[38;2;19;175;185m[48;2;44;158;157m▀[0m[38;2;26;92;94m[48;2;160;148;96m▀[0m[38;2;174;146;88m[48;2;234;206;123m▀[0m[38;2;236;211;127m[48;2;230;205;123m▀[0m[38;2;230;205;123m[48;2;230;205;123m▀[0m[38;2;234;209;126m[48;2;232;207;126m▀[0m[38;2;187;162;96m[48;2;211;186;101m▀[0m[38;2;196;170;101m[48;2;218;193;108m▀[0m[38;2;226;200;120m[48;2;240;214;130m▀[0m[38;2;234;208;125m[48;2;217;188;111m▀[0m[38;2;225;199;116m[48;2;49;51;35m▀[0m[38;2;84;82;66m[48;2;74;120;137m▀[0m[38;2;182;205;222m[48;2;134;173;187m▀[0m[38;2;207;230;246m[48;2;127;165;178m▀[0m[38;2;199;223;239m[48;2;191;217;233m▀[0m[38;2;197;222;238m[48;2;208;233;250m▀[0m[38;2;197;222;238m[48;2;197;222;237m▀[0m[38;2;190;217;233m[48;2;198;222;238m▀[0m[38;2;202;225;241m[48;2;197;221;237m▀[0m[38;2;204;226;242m[48;2;206;231;248m▀[0m[38;2;210;233;250m[48;2;160;180;193m▀[0m[38;2;203;231;249m[48;2;87;110;121m▀[0m[38;2;131;148;159m[48;2;0;0;0m▀[0m[38;2;10;12;15m▀[0m 
[38;2;106;106;106m[48;2;24;24;24m▀[0m[38;2;204;204;204m[48;2;153;153;153m▀[0m[38;2;255;255;255m[48;2;250;250;250m▀[0m[38;2;255;255;255m[48;2;253;253;253m▀[0m[38;2;241;241;241m[48;2;192;192;192m▀[0m[38;2;170;170;170m[48;2;191;191;191m▀[0m[38;2;128;128;128m[48;2;174;174;174m▀[0m[38;2;116;111;111m[48;2;174;172;172m▀[0m[38;2;40;84;86m[48;2;80;92;93m▀[0m[38;2;17;158;166m[48;2;14;129;136m▀[0m[38;2;25;174;182m[48;2;24;175;183m▀[0m[38;2;24;172;180m[48;2;24;172;180m▀[0m[38;2;24;172;180m[48;2;24;172;180m▀[0m[38;2;24;172;180m[48;2;19;175;186m▀[0m[38;2;17;177;188m[48;2;47;146;144m▀[0m[38;2;89;125;103m[48;2;181;157;95m▀[0m[38;2;226;190;110m[48;2;233;207;124m▀[0m[38;2;232;207;124m[48;2;236;211;126m▀[0m[38;2;230;205;123m[48;2;240;213;128m▀[0m[38;2;230;205;123m[48;2;235;210;126m▀[0m[38;2;230;205;123m[48;2;230;205;123m▀[0m[38;2;231;206;125m[48;2;230;205;123m▀[0m[38;2;235;209;127m[48;2;228;200;116m▀[0m[38;2;215;188;110m[48;2;129;123;82m▀[0m[38;2;51;77;63m[48;2;16;143;151m▀[0m[38;2;10;125;137m[48;2;31;170;176m▀[0m[38;2;12;135;143m[48;2;26;180;188m▀[0m[38;2;8;129;137m[48;2;25;177;185m▀[0m[38;2;5;130;137m[48;2;25;178;186m▀[0m[38;2;62;128;137m[48;2;14;159;167m▀[0m[38;2;107;116;125m[48;2;5;103;108m▀[0m[38;2;205;230;247m[48;2;111;123;132m▀[0m[38;2;197;222;238m[48;2;207;236;253m▀[0m[38;2;206;231;248m[48;2;85;138;153m▀[0m[38;2;159;179;192m[48;2;26;30;33m▀[0m[38;2;35;38;41m[48;2;0;0;0m▀[0m[38;2;0;0;0m▀[0m   
 [38;2;0;0;0m▀[0m[38;2;96;96;96m[48;2;0;0;0m▀[0m[38;2;206;206;206m[48;2;67;67;67m▀[0m[38;2;196;196;196m[48;2;126;124;124m▀[0m[38;2;189;189;189m[48;2;197;197;197m▀[0m[38;2;186;186;186m[48;2;185;185;185m▀[0m[38;2;168;169;169m[48;2;136;136;136m▀[0m[38;2;203;201;201m[48;2;171;171;171m▀[0m[38;2;34;38;38m[48;2;126;126;126m▀[0m[38;2;17;168;175m[48;2;14;95;99m▀[0m[38;2;24;173;181m[48;2;24;176;184m▀[0m[38;2;23;172;181m[48;2;21;172;183m▀[0m[38;2;26;172;178m[48;2;44;166;158m▀[0m[38;2;102;149;116m[48;2;210;174;78m▀[0m[38;2;216;182;107m[48;2;205;175;105m▀[0m[38;2;239;213;128m[48;2;168;145;89m▀[0m[38;2;191;159;92m[48;2;47;123;118m▀[0m[38;2;158;132;75m[48;2;2;88;96m▀[0m[38;2;197;164;95m[48;2;49;121;115m▀[0m[38;2;240;214;128m[48;2;130;114;68m▀[0m[38;2;232;207;125m[48;2;237;211;126m▀[0m[38;2;201;177;90m[48;2;233;208;126m▀[0m[38;2;161;136;81m[48;2;237;212;127m▀[0m[38;2;162;138;85m[48;2;250;222;133m▀[0m[38;2;174;143;85m[48;2;158;135;78m▀[0m[38;2;40;120;116m[48;2;20;90;91m▀[0m[38;2;21;171;180m[48;2;22;172;181m▀[0m[38;2;24;172;180m[48;2;24;172;180m▀[0m[38;2;24;176;184m[48;2;24;172;180m▀[0m[38;2;14;158;165m[48;2;24;185;195m▀[0m[38;2;66;123;132m[48;2;1;79;83m▀[0m[38;2;145;175;191m[48;2;94;113;124m▀[0m[38;2;141;185;203m[48;2;148;189;207m▀[0m[38;2;101;128;140m[48;2;149;191;208m▀[0m[38;2;39;92;104m[48;2;124;177;195m▀[0m[38;2;0;34;39m[48;2;77;105;115m▀[0m[38;2;0;0;0m▄[0m  
   [38;2;0;49;49m[48;2;0;71;78m▀[0m[38;2;34;75;79m[48;2;21;105;118m▀[0m[38;2;160;158;159m[48;2;75;102;109m▀[0m[38;2;200;200;200m[48;2;181;177;176m▀[0m[38;2;141;140;139m[48;2;122;124;125m▀[0m[38;2;23;25;25m[48;2;22;74;86m▀[0m[38;2;148;143;142m[48;2;23;54;61m▀[0m[38;2;13;38;39m[48;2;17;57;63m▀[0m[38;2;24;180;187m[48;2;28;171;180m▀[0m[38;2;21;172;183m[48;2;22;175;182m▀[0m[38;2;46;168;161m[48;2;44;133;147m▀[0m[38;2;165;140;65m[48;2;25;171;179m▀[0m[38;2;77;143;128m[48;2;22;172;181m▀[0m[38;2;32;157;162m[48;2;21;174;183m▀[0m[38;2;20;177;187m[48;2;24;172;180m▀[0m[38;2;25;181;190m[48;2;24;172;180m▀[0m[38;2;15;175;187m[48;2;22;175;184m▀[0m[38;2;35;125;125m[48;2;35;149;151m▀[0m[38;2;200;168;99m[48;2;136;108;59m▀[0m[38;2;230;202;119m[48;2;59;81;61m▀[0m[38;2;191;165;97m[48;2;7;65;69m▀[0m[38;2;48;52;36m[48;2;20;164;176m▀[0m[38;2;21;100;101m[48;2;22;151;161m▀[0m[38;2;20;170;181m[48;2;15;120;128m▀[0m[38;2;24;173;181m[48;2;23;172;180m▀[0m[38;2;23;174;182m[48;2;32;157;164m▀[0m[38;2;27;168;176m[48;2;26;167;175m▀[0m[38;2;65;121;124m[48;2;91;114;115m▀[0m[38;2;12;122;129m[48;2;68;138;142m▀[0m[38;2;95;137;150m[48;2;5;58;61m▀[0m[38;2;80;136;151m[48;2;82;112;123m▀[0m[38;2;29;41;46m[48;2;27;76;87m▀[0m[38;2;31;38;41m[48;2;0;0;0m▀[0m[38;2;34;44;48m[48;2;0;0;0m▀[0m[38;2;0;0;0m▀[0m  
   [38;2;0;70;70m▀[0m[38;2;14;95;107m[48;2;0;76;87m▀[0m[38;2;67;96;102m[48;2;59;92;97m▀[0m[38;2;170;162;161m[48;2;53;57;58m▀[0m[38;2;43;64;68m[48;2;37;100;114m▀[0m[38;2;50;130;147m[48;2;50;125;141m▀[0m[38;2;50;127;144m[48;2;49;123;139m▀[0m[38;2;52;125;143m[48;2;49;123;139m▀[0m[38;2;44;132;147m[48;2;51;123;140m▀[0m[38;2;38;149;161m[48;2;28;98;110m▀[0m[38;2;34;152;163m[48;2;21;166;174m▀[0m[38;2;24;173;181m[48;2;24;173;181m▀[0m[38;2;24;172;180m[48;2;24;172;180m▀[0m[38;2;24;172;180m[48;2;24;172;180m▀[0m[38;2;24;172;180m[48;2;24;172;180m▀[0m[38;2;24;172;180m[48;2;24;172;180m▀[0m[38;2;24;175;183m[48;2;24;174;182m▀[0m[38;2;24;148;157m[48;2;21;153;162m▀[0m[38;2;18;57;69m[48;2;34;107;121m▀[0m[38;2;31;124;137m[48;2;53;128;145m▀[0m[38;2;38;158;170m[48;2;52;123;140m▀[0m[38;2;44;139;153m[48;2;53;127;145m▀[0m[38;2;24;92;104m[48;2;18;52;58m▀[0m[38;2;20;160;168m[48;2;19;146;152m▀[0m[38;2;20;179;187m[48;2;23;177;185m▀[0m[38;2;67;124;128m[48;2;32;167;174m▀[0m[38;2;76;125;127m[48;2;99;110;110m▀[0m[38;2;27;165;173m[48;2;63;117;121m▀[0m[38;2;41;155;161m[48;2;22;186;194m▀[0m[38;2;5;53;56m[48;2;7;51;53m▀[0m[38;2;0;0;0m[48;2;0;0;0m▀[0m[38;2;0;0;0m▀[0m     
   [38;2;0;91;102m[48;2;3;19;21m▀[0m[38;2;22;96;109m[48;2;37;112;126m▀[0m[38;2;52;124;141m[48;2;51;125;141m▀[0m[38;2;42;114;129m[48;2;47;122;137m▀[0m[38;2;42;118;133m[48;2;26;103;115m▀[0m[38;2;52;128;145m[48;2;24;76;85m▀[0m[38;2;50;125;141m[48;2;45;108;123m▀[0m[38;2;49;123;139m[48;2;52;131;147m▀[0m[38;2;51;125;141m[48;2;52;130;146m▀[0m[38;2;17;92;101m[48;2;36;110;123m▀[0m[38;2;21;166;174m[48;2;18;133;141m▀[0m[38;2;24;173;181m[48;2;24;174;182m▀[0m[38;2;24;172;180m[48;2;24;172;180m▀[0m[38;2;24;172;180m[48;2;24;172;180m▀[0m[38;2;24;172;180m[48;2;24;172;180m▀[0m[38;2;24;172;180m[48;2;24;172;180m▀[0m[38;2;25;177;185m[48;2;25;177;185m▀[0m[38;2;16;128;133m[48;2;17;131;136m▀[0m[38;2;23;54;61m[48;2;11;39;43m▀[0m[38;2;43;105;119m[48;2;25;74;83m▀[0m[38;2;39;95;107m[48;2;7;38;43m▀[0m[38;2;54;136;154m[48;2;26;66;74m▀[0m[38;2;26;61;70m[48;2;44;106;120m▀[0m[38;2;17;133;140m[48;2;13;65;72m▀[0m[38;2;24;175;183m[48;2;24;176;184m▀[0m[38;2;20;176;184m[48;2;24;172;179m▀[0m[38;2;77;129;133m[48;2;24;172;180m▀[0m[38;2;94;113;115m[48;2;56;146;151m▀[0m[38;2;22;183;192m[48;2;23;182;190m▀[0m[38;2;7;51;53m[48;2;7;51;53m▀[0m[38;2;0;0;0m[48;2;0;0;0m▀[0m      
[38;2;0;69;69m▄[0m[38;2;13;83;94m▄[0m[38;2;1;0;1m[48;2;35;117;129m▀[0m[38;2;36;87;98m[48;2;47;137;152m▀[0m[38;2;52;125;142m[48;2;44;132;147m▀[0m[38;2;50;122;138m[48;2;44;132;147m▀[0m[38;2;50;124;140m[48;2;49;122;138m▀[0m[38;2;47;122;138m[48;2;51;127;143m▀[0m[38;2;35;97;109m[48;2;49;121;136m▀[0m[38;2;22;87;98m[48;2;10;29;33m▀[0m[38;2;13;35;39m[48;2;0;0;0m▀[0m[38;2;13;33;37m[48;2;0;0;0m▀[0m[38;2;18;74;83m[48;2;0;17;17m▀[0m[38;2;11;94;102m[48;2;5;71;77m▀[0m[38;2;24;176;184m[48;2;13;119;128m▀[0m[38;2;24;173;181m[48;2;24;172;180m▀[0m[38;2;24;172;180m[48;2;24;173;180m▀[0m[38;2;24;172;180m[48;2;24;172;180m▀[0m[38;2;24;172;180m[48;2;24;173;181m▀[0m[38;2;23;170;178m[48;2;22;163;170m▀[0m[38;2;17;103;112m[48;2;11;34;39m▀[0m[38;2;36;97;110m[48;2;53;131;148m▀[0m[38;2;48;128;144m[48;2;44;119;135m▀[0m[38;2;12;87;95m[48;2;11;86;94m▀[0m[38;2;0;0;0m▀[0m[38;2;15;78;86m[48;2;0;85;85m▀[0m[38;2;8;59;65m[48;2;0;41;49m▀[0m[38;2;11;83;88m[48;2;5;41;43m▀[0m[38;2;25;180;189m[48;2;23;167;175m▀[0m[38;2;24;172;180m[48;2;24;175;183m▀[0m[38;2;21;175;183m[48;2;24;172;180m▀[0m[38;2;25;180;189m[48;2;25;175;184m▀[0m[38;2;7;50;52m[48;2;15;118;125m▀[0m[38;2;0;0;0m[48;2;0;21;26m▀[0m      
[38;2;0;64;73m[48;2;4;58;67m▀[0m[38;2;24;114;125m[48;2;15;128;136m▀[0m[38;2;30;170;180m[48;2;25;179;187m▀[0m[38;2;23;175;183m[48;2;24;172;180m▀[0m[38;2;23;174;181m[48;2;24;172;180m▀[0m[38;2;23;175;182m[48;2;24;174;181m▀[0m[38;2;38;150;162m[48;2;23;165;172m▀[0m[38;2;46;115;130m[48;2;11;29;31m▀[0m[38;2;13;36;41m[48;2;0;0;0m▀[0m[38;2;0;0;0m▀[0m    [38;2;2;29;34m[48;2;0;0;0m▀[0m[38;2;17;129;136m[48;2;10;87;94m▀[0m[38;2;25;179;187m[48;2;23;169;177m▀[0m[38;2;24;172;180m[48;2;24;173;181m▀[0m[38;2;24;173;181m[48;2;24;173;181m▀[0m[38;2;22;163;170m[48;2;22;163;170m▀[0m[38;2;11;31;35m[48;2;11;30;34m▀[0m[38;2;53;129;146m[48;2;54;131;148m▀[0m[38;2;19;93;104m[48;2;19;93;104m▀[0m[38;2;0;54;54m[48;2;0;60;60m▀[0m   [38;2;0;0;0m▀[0m[38;2;11;86;91m[48;2;1;19;21m▀[0m[38;2;23;172;181m[48;2;19;141;148m▀[0m[38;2;24;173;181m[48;2;25;178;186m▀[0m[38;2;24;172;180m[48;2;24;172;180m▀[0m[38;2;24;176;184m[48;2;24;173;181m▀[0m[38;2;2;15;17m[48;2;2;15;16m▀[0m      
[38;2;0;51;51m▀[0m[38;2;7;68;76m[48;2;0;0;0m▀[0m[38;2;21;151;160m[48;2;14;111;117m▀[0m[38;2;25;177;185m[48;2;24;175;183m▀[0m[38;2;24;172;180m[48;2;24;172;180m▀[0m[38;2;24;174;182m[48;2;24;173;180m▀[0m[38;2;23;160;167m[48;2;28;174;183m▀[0m[38;2;5;13;14m[48;2;33;89;101m▀[0m[38;2;0;0;0m[48;2;0;0;0m▀[0m      [38;2;0;3;3m[48;2;0;0;0m▀[0m[38;2;21;148;155m[48;2;22;150;157m▀[0m[38;2;24;176;184m[48;2;24;176;184m▀[0m[38;2;24;173;181m[48;2;24;172;180m▀[0m[38;2;22;165;172m[48;2;25;178;186m▀[0m[38;2;12;47;51m[48;2;14;134;139m▀[0m[38;2;48;117;132m[48;2;21;48;54m▀[0m[38;2;25;100;112m[48;2;53;135;153m▀[0m[38;2;0;80;90m[48;2;27;77;86m▀[0m    [38;2;0;0;0m▀[0m[38;2;2;21;23m[48;2;0;0;0m▀[0m[38;2;21;157;165m[48;2;11;103;112m▀[0m[38;2;24;173;181m[48;2;25;176;184m▀[0m[38;2;24;176;184m[48;2;23;173;181m▀[0m[38;2;18;141;148m[48;2;54;136;142m▀[0m[38;2;6;4;6m[48;2;48;46;49m▀[0m[38;2;0;0;0m[48;2;0;0;0m▀[0m    
  [38;2;1;24;27m[48;2;0;0;0m▀[0m[38;2;22;163;171m[48;2;7;41;42m▀[0m[38;2;23;175;183m[48;2;27;169;178m▀[0m[38;2;23;173;181m[48;2;19;178;186m▀[0m[38;2;27;168;176m[48;2;32;155;162m▀[0m[38;2;74;92;96m[48;2;99;96;96m▀[0m[38;2;38;38;38m[48;2;61;64;65m▀[0m[38;2;0;0;0m[48;2;0;0;0m▀[0m     [38;2;0;0;0m▀[0m[38;2;14;113;121m[48;2;3;20;21m▀[0m[38;2;23;176;184m[48;2;27;167;174m▀[0m[38;2;24;173;181m[48;2;24;170;179m▀[0m[38;2;26;175;182m[48;2;71;111;112m▀[0m[38;2;44;84;85m[48;2;96;87;88m▀[0m[38;2;20;54;62m[48;2;21;25;30m▀[0m[38;2;56;101;115m[48;2;54;53;53m▀[0m[38;2;73;70;74m[48;2;81;79;81m▀[0m[38;2;55;52;60m[48;2;61;71;81m▀[0m[38;2;0;69;69m▄[0m   [38;2;0;0;0m[48;2;0;0;0m▀[0m[38;2;7;60;65m[48;2;20;15;14m▀[0m[38;2;24;179;187m[48;2;58;134;137m▀[0m[38;2;22;173;181m[48;2;62;119;122m▀[0m[38;2;87;93;93m[48;2;91;87;88m▀[0m[38;2;84;82;85m[48;2;115;124;134m▀[0m[38;2;30;30;35m[48;2;81;90;98m▀[0m[38;2;0;0;0m▄[0m   
   [38;2;16;9;8m[48;2;13;13;13m▀[0m[38;2;83;118;120m[48;2;70;67;67m▀[0m[38;2;43;147;153m[48;2;107;99;98m▀[0m[38;2;86;98;98m[48;2;101;99;98m▀[0m[38;2;100;95;94m[48;2;104;107;110m▀[0m[38;2;132;153;162m[48;2;181;202;215m▀[0m[38;2;90;106;116m[48;2;209;236;253m▀[0m[38;2;0;0;0m[48;2;100;113;121m▀[0m[38;2;0;0;0m▄[0m    [38;2;10;4;4m[48;2;10;11;11m▀[0m[38;2;75;107;109m[48;2;104;101;101m▀[0m[38;2;67;114;117m[48;2;103;99;99m▀[0m[38;2;106;98;98m[48;2;93;93;93m▀[0m[38;2;102;103;106m[48;2;171;190;201m▀[0m[38;2;53;57;63m[48;2;103;116;124m▀[0m[38;2;65;73;76m[48;2;90;119;130m▀[0m[38;2;106;123;135m[48;2;155;198;217m▀[0m[38;2;92;151;166m[48;2;90;148;162m▀[0m[38;2;0;65;72m[48;2;0;66;74m▀[0m   [38;2;0;0;0m[48;2;0;0;0m▀[0m[38;2;17;13;13m[48;2;34;73;81m▀[0m[38;2;90;87;88m[48;2;122;129;136m▀[0m[38;2;104;101;101m[48;2;85;83;82m▀[0m[38;2;95;94;93m[48;2;153;168;179m▀[0m[38;2;163;180;191m[48;2;207;234;251m▀[0m[38;2;72;81;88m[48;2;151;171;183m▀[0m[38;2;0;0;0m[48;2;29;31;34m▀[0m   
   [38;2;0;0;0m[48;2;0;27;34m▀[0m[38;2;27;27;27m[48;2;73;107;117m▀[0m[38;2;100;101;101m[48;2;146;166;176m▀[0m[38;2;103;105;108m[48;2;190;213;227m▀[0m[38;2;186;209;223m[48;2;200;226;242m▀[0m[38;2;201;227;243m[48;2;197;222;238m▀[0m[38;2;203;229;245m[48;2;197;222;238m▀[0m[38;2;166;187;200m[48;2;211;238;255m▀[0m[38;2;14;16;18m[48;2;113;127;137m▀[0m[38;2;0;0;0m[48;2;0;0;0m▀[0m  [38;2;0;0;0m▄[0m[38;2;2;1;1m[48;2;81;92;99m▀[0m[38;2;98;99;99m[48;2;179;198;211m▀[0m[38;2;95;95;94m[48;2;161;175;186m▀[0m[38;2;161;178;190m[48;2;203;230;246m▀[0m[38;2;204;231;249m[48;2;197;222;238m▀[0m[38;2;190;214;229m[48;2;209;236;252m▀[0m[38;2;62;72;77m[48;2;50;56;59m▀[0m[38;2;131;166;182m[48;2;123;163;178m▀[0m[38;2;95;154;168m[48;2;70;132;146m▀[0m[38;2;0;66;73m[48;2;0;65;73m▀[0m   [38;2;14;87;96m[48;2;25;76;85m▀[0m[38;2;179;217;233m[48;2;146;165;179m▀[0m[38;2;203;227;243m[48;2;132;150;161m▀[0m[38;2;179;201;214m[48;2;188;213;228m▀[0m[38;2;199;225;241m[48;2;207;234;251m▀[0m[38;2;197;222;238m[48;2;197;222;238m▀[0m[38;2;208;235;252m[48;2;202;228;244m▀[0m[38;2;31;35;38m[48;2;21;24;27m▀[0m   
  [38;2;69;69;69m▄[0m[38;2;17;68;85m[48;2;87;86;86m▀[0m[38;2;80;107;120m[48;2;96;93;94m▀[0m[38;2;123;133;145m[48;2;89;88;88m▀[0m[38;2;136;149;157m[48;2;89;88;88m▀[0m[38;2;201;227;243m[48;2;116;126;138m▀[0m[38;2;197;222;238m[48;2;203;229;245m▀[0m[38;2;200;226;242m[48;2;210;237;254m▀[0m[38;2;179;202;216m[48;2;143;161;172m▀[0m[38;2;63;69;75m[48;2;0;0;0m▀[0m[38;2;0;0;0m▀[0m [38;2;14;14;14m▄[0m[38;2;0;0;0m[48;2;60;60;60m▀[0m[38;2;106;115;125m[48;2;96;94;95m▀[0m[38;2;115;142;155m[48;2;63;68;70m▀[0m[38;2;165;207;224m[48;2;26;37;40m▀[0m[38;2;204;227;244m[48;2;154;174;186m▀[0m[38;2;197;222;238m[48;2;205;231;247m▀[0m[38;2;201;227;243m[48;2;196;221;237m▀[0m[38;2;138;155;166m[48;2;205;231;248m▀[0m[38;2;56;80;87m[48;2;14;14;15m▀[0m[38;2;0;66;74m▀[0m  [38;2;75;75;75m▄[0m[38;2;75;75;75m[48;2;95;95;95m▀[0m[38;2;89;86;89m[48;2;112;112;111m▀[0m[38;2;74;73;75m[48;2;112;112;112m▀[0m[38;2;46;45;44m[48;2;103;103;103m▀[0m[38;2;67;74;78m[48;2;66;65;65m▀[0m[38;2;129;143;155m[48;2;65;63;65m▀[0m[38;2;203;229;245m[48;2;126;138;151m▀[0m[38;2;200;226;242m[48;2;214;241;255m▀[0m[38;2;120;134;145m[48;2;181;203;218m▀[0m[38;2;0;0;0m[48;2;0;0;0m▀[0m  
  [38;2;82;82;82m[48;2;83;83;83m▀[0m[38;2;111;111;111m[48;2;82;82;87m▀[0m[38;2;111;111;111m[48;2;71;71;73m▀[0m[38;2;113;113;113m[48;2;51;51;51m▀[0m[38;2;115;115;115m[48;2;53;53;53m▀[0m[38;2;83;82;83m[48;2;40;40;40m▀[0m[38;2;97;108;117m[48;2;0;0;0m▀[0m[38;2;145;164;176m[48;2;0;0;0m▀[0m[38;2;11;11;13m▀[0m[38;2;0;0;0m▀[0m [38;2;83;83;83m[48;2;85;85;85m▀[0m[38;2;96;96;96m[48;2;111;111;111m▀[0m[38;2;108;108;108m[48;2;110;110;110m▀[0m[38;2;108;108;108m[48;2;110;110;110m▀[0m[38;2;107;107;106m[48;2;110;110;110m▀[0m[38;2;90;88;88m[48;2;95;95;95m▀[0m[38;2;37;38;38m[48;2;85;84;84m▀[0m[38;2;163;183;197m[48;2;73;75;79m▀[0m[38;2;210;237;254m[48;2;96;109;117m▀[0m[38;2;209;236;252m[48;2;94;106;114m▀[0m[38;2;18;22;23m[48;2;17;19;21m▀[0m   [38;2;49;49;58m▀[0m[38;2;81;81;85m[48;2;50;50;58m▀[0m[38;2;100;100;103m[48;2;56;56;67m▀[0m[38;2;89;89;91m[48;2;40;40;46m▀[0m[38;2;59;59;59m[48;2;0;0;0m▀[0m[38;2;63;63;63m[48;2;0;0;0m▀[0m[38;2;48;47;47m[48;2;6;6;8m▀[0m[38;2;63;69;75m[48;2;33;33;37m▀[0m[38;2;156;176;187m[48;2;0;0;0m▀[0m[38;2;31;36;38m[48;2;0;0;0m▀[0m[38;2;0;0;0m▀[0m  
   [38;2;47;47;56m▀[0m[38;2;17;17;25m▀[0m[38;2;0;0;0m▀[0m[38;2;0;0;0m▀[0m[38;2;0;0;0m▀[0m     [38;2;82;82;89m▀[0m[38;2;54;54;58m▀[0m[38;2;25;25;25m▀[0m[38;2;25;25;25m▀[0m[38;2;40;40;43m▀[0m[38;2;44;44;47m▀[0m[38;2;20;20;20m▀[0m[38;2;16;15;15m▀[0m[38;2;0;0;0m▀[0m[38;2;0;0;0m▀[0m                 
[0m