          [38;2;8;4;8m▄[0m[38;2;10;8;10m▄[0m[38;2;0;0;0m▄[0m          [38;2;0;0;0m[48;2;121;109;121m▀[0m[38;2;118;115;118m[48;2;214;209;214m▀[0m[38;2;53;55;53m[48;2;89;90;89m▀[0m[38;2;0;0;0m[48;2;0;0;0m▀[0m             
          [38;2;75;67;75m[48;2;78;68;78m▀[0m[38;2;142;134;142m[48;2;117;110;117m▀[0m[38;2;74;70;74m[48;2;187;178;187m▀[0m[38;2;0;0;0m[48;2;61;59;61m▀[0m[38;2;0;0;0m▄[0m       [38;2;145;135;145m▄[0m[38;2;169;163;169m[48;2;222;219;222m▀[0m[38;2;233;232;233m[48;2;194;190;194m▀[0m[38;2;121;120;121m[48;2;194;191;194m▀[0m[38;2;26;26;26m[48;2;20;20;20m▀[0m             
           [38;2;91;84;91m[48;2;102;94;102m▀[0m[38;2;199;190;199m[48;2;192;183;192m▀[0m[38;2;120;116;120m[48;2;200;191;199m▀[0m[38;2;11;11;11m[48;2;37;33;30m▀[0m[38;2;0;0;0m▄[0m[38;2;0;0;53m▄[0m[38;2;0;0;40m▄[0m[38;2;0;0;40m▄[0m  [38;2;163;154;163m▄[0m[38;2;175;168;175m[48;2;238;236;238m▀[0m[38;2;237;234;237m[48;2;186;183;186m▀[0m[38;2;156;151;156m[48;2;218;217;218m▀[0m[38;2;217;215;217m[48;2;158;152;158m▀[0m[38;2;71;69;71m[48;2;147;141;147m▀[0m[38;2;0;0;0m[48;2;0;0;0m▀[0m            
           [38;2;31;31;31m▀[0m[38;2;125;117;125m[48;2;123;114;123m▀[0m[38;2;208;198;206m[48;2;114;128;180m▀[0m[38;2;117;122;158m[48;2;105;151;240m▀[0m[38;2;34;61;126m[48;2;115;164;255m▀[0m[38;2;50;85;166m[48;2;97;147;246m▀[0m[38;2;49;83;162m[48;2;93;143;244m▀[0m[38;2;51;87;168m[48;2;95;146;247m▀[0m[38;2;31;60;134m[48;2;71;117;211m▀[0m[38;2;136;119;127m[48;2;89;99;139m▀[0m[38;2;201;195;201m[48;2;243;240;240m▀[0m[38;2;241;239;241m[48;2;218;216;218m▀[0m[38;2;235;234;235m[48;2;144;138;144m▀[0m[38;2;198;194;198m[48;2;202;193;202m▀[0m[38;2;196;187;196m[48;2;213;204;213m▀[0m[38;2;120;113;120m[48;2;108;102;108m▀[0m[38;2;0;0;0m[48;2;0;0;0m▀[0m            
          [38;2;0;0;0m[48;2;0;0;0m▀[0m[38;2;0;0;0m[48;2;127;126;127m▀[0m[38;2;19;36;91m[48;2;152;154;162m▀[0m[38;2;107;154;250m[48;2;51;63;86m▀[0m[38;2;128;179;255m[48;2;113;158;232m▀[0m[38;2;125;174;255m[48;2;126;176;255m▀[0m[38;2;112;161;249m[48;2;110;159;248m▀[0m[38;2;88;137;237m[48;2;91;142;245m▀[0m[38;2;89;139;239m[48;2;92;144;247m▀[0m[38;2;91;138;234m[48;2;90;137;233m▀[0m[38;2;192;190;200m[48;2;181;181;195m▀[0m[38;2;254;255;253m[48;2;241;235;237m▀[0m[38;2;185;177;185m[48;2;199;191;200m▀[0m[38;2;204;195;204m[48;2;214;205;214m▀[0m[38;2;147;138;147m[48;2;157;150;157m▀[0m[38;2;164;157;164m[48;2;27;25;27m▀[0m[38;2;25;25;25m▀[0m[38;2;0;0;0m▀[0m            
          [38;2;0;0;0m▀[0m[38;2;112;107;112m[48;2;0;0;153m▀[0m[38;2;221;217;217m[48;2;46;60;98m▀[0m[38;2;245;241;232m[48;2;75;82;94m▀[0m[38;2;46;61;89m[48;2;74;114;193m▀[0m[38;2;112;163;252m[48;2;90;140;243m▀[0m[38;2;93;143;244m[48;2;88;135;237m▀[0m[38;2;62;97;167m[48;2;39;47;74m▀[0m[38;2;62;95;164m[48;2;1;3;4m▀[0m[38;2;90;140;243m[48;2;63;100;174m▀[0m[38;2;87;126;209m[48;2;94;147;252m▀[0m[38;2;146;142;159m[48;2;77;108;187m▀[0m[38;2;232;221;228m[48;2;59;59;66m▀[0m[38;2;232;222;232m[48;2;60;57;60m▀[0m[38;2;104;99;104m[48;2;0;0;0m▀[0m[38;2;0;0;0m▀[0m              
           [38;2;0;0;0m▀[0m[38;2;34;64;141m[48;2;11;30;88m▀[0m[38;2;75;123;220m[48;2;68;110;200m▀[0m[38;2;93;143;245m[48;2;93;143;243m▀[0m[38;2;91;140;240m[48;2;90;139;238m▀[0m[38;2;77;122;223m[48;2;89;140;243m▀[0m[38;2;184;198;225m[48;2;77;75;109m▀[0m[38;2;35;13;11m[48;2;77;3;19m▀[0m[38;2;68;70;137m[48;2;111;83;170m▀[0m[38;2;91;144;246m[48;2;88;145;246m▀[0m[38;2;77;117;214m[48;2;77;115;210m▀[0m[38;2;16;40;107m[48;2;26;50;117m▀[0m                 
            [38;2;70;102;196m▄[0m[38;2;72;106;197m[48;2;105;149;239m▀[0m[38;2;91;141;244m[48;2;119;168;253m▀[0m[38;2;89;138;238m[48;2;102;151;244m▀[0m[38;2;88;143;243m[48;2;90;138;237m▀[0m[38;2;122;83;169m[48;2;87;143;243m▀[0m[38;2;123;80;164m[48;2;92;150;253m▀[0m[38;2;85;135;234m[48;2;56;93;176m▀[0m[38;2;67;103;191m[48;2;61;90;175m▀[0m[38;2;73;105;198m[48;2;75;108;201m▀[0m[38;2;26;55;122m[48;2;22;45;102m▀[0m                 
            [38;2;40;65;146m[48;2;0;15;75m▀[0m[38;2;107;152;241m[48;2;41;71;139m▀[0m[38;2;132;183;255m[48;2;61;97;170m▀[0m[38;2;115;165;255m[48;2;80;123;209m▀[0m[38;2;92;142;243m[48;2;79;123;211m▀[0m[38;2;94;145;248m[48;2;40;62;109m▀[0m[38;2;77;118;201m[48;2;34;49;91m▀[0m[38;2;45;71;137m[48;2;70;100;185m▀[0m[38;2;75;107;201m[48;2;78;112;208m▀[0m[38;2;58;87;171m[48;2;26;40;80m▀[0m[38;2;2;5;12m[48;2;0;0;0m▀[0m                 
    [38;2;6;20;89m▄[0m[38;2;55;81;146m▄[0m[38;2;75;105;202m[48;2;83;123;221m▀[0m[38;2;78;111;209m[48;2;52;86;167m▀[0m[38;2;27;54;120m[48;2;20;46;104m▀[0m     [38;2;0;0;0m[48;2;255;255;255m▀[0m[38;2;0;0;0m[48;2;0;0;27m▀[0m[38;2;0;0;0m[48;2;0;0;19m▀[0m[38;2;19;39;90m[48;2;40;59;116m▀[0m[38;2;72;104;197m[48;2;83;124;222m▀[0m[38;2;76;109;202m[48;2;90;138;237m▀[0m[38;2;73;110;203m[48;2;69;112;202m▀[0m[38;2;22;34;71m[48;2;13;36;100m▀[0m[38;2;0;0;0m▀[0m                 
 [38;2;0;0;31m▄[0m[38;2;0;2;22m▄[0m[38;2;38;70;134m[48;2;10;18;42m▀[0m[38;2;55;100;161m[48;2;63;94;217m▀[0m[38;2;30;47;124m[48;2;58;83;238m▀[0m[38;2;43;67;126m[48;2;0;0;4m▀[0m[38;2;6;31;89m▀[0m     [38;2;0;42;127m[48;2;19;39;137m▀[0m[38;2;15;35;114m[48;2;19;35;121m▀[0m[38;2;103;120;176m[48;2;105;151;207m▀[0m[38;2;66;104;175m[48;2;89;145;207m▀[0m[38;2;12;21;71m[48;2;40;57;188m▀[0m[38;2;59;91;156m[48;2;28;43;80m▀[0m[38;2;95;147;250m[48;2;97;150;254m▀[0m[38;2;70;114;206m[48;2;58;92;164m▀[0m[38;2;14;35;97m[48;2;3;7;21m▀[0m                  
[38;2;40;69;255m[48;2;49;66;232m▀[0m[38;2;128;146;200m[48;2;113;163;240m▀[0m[38;2;66;105;172m[48;2;92;150;234m▀[0m[38;2;32;49;155m[48;2;63;87;255m▀[0m[38;2;21;30;93m[48;2;19;32;94m▀[0m[38;2;19;29;86m[48;2;0;0;0m▀[0m[38;2;0;0;0m▀[0m      [38;2;42;42;127m▀[0m[38;2;17;29;90m[48;2;36;24;0m▀[0m[38;2;11;26;98m[48;2;51;52;63m▀[0m[38;2;45;69;210m[48;2;58;63;93m▀[0m[38;2;39;55;167m[48;2;154;157;166m▀[0m[38;2;58;90;154m[48;2;105;153;249m▀[0m[38;2;90;141;243m[48;2;88;137;236m▀[0m[38;2;27;54;123m[48;2;9;15;34m▀[0m                   
[38;2;14;35;120m[48;2;41;49;98m▀[0m[38;2;47;56;113m[48;2;123;116;124m▀[0m[38;2;99;106;177m[48;2;146;150;181m▀[0m[38;2;41;62;186m[48;2;0;11;42m▀[0m[38;2;10;18;54m[48;2;0;0;0m▀[0m[38;2;0;0;0m▀[0m       [38;2;0;0;0m▄[0m[38;2;62;53;62m[48;2;135;129;135m▀[0m[38;2;209;206;207m[48;2;247;247;247m▀[0m[38;2;255;255;255m[48;2;255;255;255m▀[0m[38;2;255;255;255m[48;2;214;218;239m▀[0m[38;2;101;149;246m[48;2;97;147;248m▀[0m[38;2;56;89;153m[48;2;27;43;74m▀[0m[38;2;5;5;11m[48;2;0;0;0m▀[0m                   
[38;2;69;60;63m[48;2;102;94;100m▀[0m[38;2;174;168;182m[48;2;182;176;190m▀[0m[38;2;40;65;129m[48;2;44;67;129m▀[0m          [38;2;94;86;94m[48;2;94;85;94m▀[0m[38;2;203;200;203m[48;2;255;255;255m▀[0m[38;2;255;255;255m[48;2;255;255;255m▀[0m[38;2;255;255;255m[48;2;255;254;252m▀[0m[38;2;141;175;244m[48;2;147;180;250m▀[0m[38;2;87;141;249m[48;2;59;96;172m▀[0m[38;2;32;48;82m[48;2;9;16;26m▀[0m[38;2;0;0;0m[48;2;0;0;0m▀[0m                   
[38;2;141;131;140m[48;2;137;128;135m▀[0m[38;2;220;214;228m[48;2;223;217;232m▀[0m[38;2;36;58;121m[48;2;71;108;192m▀[0m[38;2;7;23;86m▄[0m        [38;2;66;55;66m[48;2;54;44;54m▀[0m[38;2;168;163;168m[48;2;209;206;209m▀[0m[38;2;253;253;253m[48;2;255;255;255m▀[0m[38;2;255;255;255m[48;2;255;255;255m▀[0m[38;2;223;229;246m[48;2;199;216;249m▀[0m[38;2;108;151;244m[48;2;84;138;247m▀[0m[38;2;57;91;158m[48;2;60;93;160m▀[0m[38;2;0;0;0m[48;2;0;0;0m▀[0m         [38;2;61;85;177m▄[0m[38;2;78;112;204m▄[0m[38;2;0;0;63m[48;2;91;129;219m▀[0m[38;2;73;104;197m[48;2;118;166;253m▀[0m[38;2;73;106;198m[48;2;120;169;255m▀[0m[38;2;73;106;198m[48;2;120;169;255m▀[0m[38;2;73;104;197m[48;2;118;166;253m▀[0m[38;2;0;0;63m[48;2;91;129;219m▀[0m[38;2;75;110;199m▄[0m[38;2;7;23;85m▄[0m 
[38;2;141;131;139m[48;2;131;121;128m▀[0m[38;2;224;218;232m[48;2;213;206;217m▀[0m[38;2;87;133;228m[48;2;120;160;244m▀[0m[38;2;36;67;140m[48;2;55;92;177m▀[0m[38;2;0;0;0m[48;2;11;27;72m▀[0m      [38;2;0;0;0m[48;2;0;0;0m▀[0m[38;2;129;123;129m[48;2;147;142;147m▀[0m[38;2;233;232;233m[48;2;255;255;255m▀[0m[38;2;255;255;255m[48;2;255;255;255m▀[0m[38;2;255;255;255m[48;2;255;255;255m▀[0m[38;2;201;217;249m[48;2;201;217;249m▀[0m[38;2;86;139;247m[48;2;82;135;238m▀[0m[38;2;60;93;160m[48;2;90;139;238m▀[0m[38;2;0;0;0m[48;2;29;45;77m▀[0m[38;2;0;0;0m▄[0m   [38;2;0;23;69m▄[0m[38;2;8;30;90m▄[0m[38;2;24;51;120m▄[0m[38;2;0;0;85m[48;2;75;112;198m▀[0m[38;2;71;103;193m[48;2;120;167;255m▀[0m[38;2;94;133;220m[48;2;124;174;255m▀[0m[38;2;114;160;248m[48;2;125;174;255m▀[0m[38;2;127;178;255m[48;2;123;172;255m▀[0m[38;2;124;173;255m[48;2;125;174;255m▀[0m[38;2;124;174;255m[48;2;103;149;240m▀[0m[38;2;124;173;255m[48;2;120;169;253m▀[0m[38;2;124;173;255m[48;2;123;172;255m▀[0m[38;2;127;178;255m[48;2;123;172;255m▀[0m[38;2;111;157;245m[48;2;126;176;255m▀[0m[38;2;52;87;169m[48;2;76;122;218m▀[0m[38;2;5;28;86m[48;2;23;52;126m▀[0m
[38;2;65;55;65m[48;2;85;56;85m▀[0m[38;2;186;173;179m[48;2;115;106;110m▀[0m[38;2;186;195;233m[48;2;196;201;232m▀[0m[38;2;85;138;245m[48;2;97;144;239m▀[0m[38;2;55;92;175m[48;2;90;141;244m▀[0m[38;2;5;26;83m[48;2;57;95;177m▀[0m[38;2;35;64;137m▄[0m[38;2;8;28;89m▄[0m[38;2;6;26;87m▄[0m  [38;2;0;0;0m[48;2;102;93;98m▀[0m[38;2;147;143;147m[48;2;227;222;227m▀[0m[38;2;248;245;248m[48;2;241;237;241m▀[0m[38;2;253;253;253m[48;2;255;254;255m▀[0m[38;2;255;255;255m[48;2;255;255;255m▀[0m[38;2;199;216;249m[48;2;213;223;247m▀[0m[38;2;80;133;237m[48;2;94;140;235m▀[0m[38;2;95;146;251m[48;2;90;140;241m▀[0m[38;2;32;48;82m[48;2;78;120;204m▀[0m[38;2;0;0;0m[48;2;16;28;55m▀[0m[38;2;43;76;155m▄[0m[38;2;15;36;98m[48;2;56;93;174m▀[0m[38;2;22;48;116m[48;2;86;134;234m▀[0m[38;2;41;72;146m[48;2;87;136;235m▀[0m[38;2;64;104;194m[48;2;94;144;245m▀[0m[38;2;71;114;207m[48;2;92;142;242m▀[0m[38;2;116;167;255m[48;2;94;142;240m▀[0m[38;2;126;175;255m[48;2;114;163;250m▀[0m[38;2;124;173;255m[48;2;115;164;251m▀[0m[38;2;124;173;255m[48;2;116;165;251m▀[0m[38;2;124;173;255m[48;2;101;150;244m▀[0m[38;2;118;167;253m[48;2;85;127;222m▀[0m[38;2;84;122;213m[48;2;107;152;236m▀[0m[38;2;120;167;250m[48;2;124;174;255m▀[0m[38;2;123;173;255m[48;2;123;173;255m▀[0m[38;2;125;174;255m[48;2;123;172;254m▀[0m[38;2;106;157;248m[48;2;89;141;241m▀[0m[38;2;121;160;240m[48;2;149;181;246m▀[0m[38;2;78;99;158m[48;2;114;127;166m▀[0m
 [38;2;85;78;85m▀[0m[38;2;142;133;133m[48;2;3;0;0m▀[0m[38;2;147;175;244m[48;2;112;113;126m▀[0m[38;2;87;140;246m[48;2;85;124;206m▀[0m[38;2;94;144;245m[48;2;95;146;252m▀[0m[38;2;83;130;228m[48;2;92;141;241m▀[0m[38;2;65;106;195m[48;2;94;144;245m▀[0m[38;2;53;88;170m[48;2;90;140;240m▀[0m[38;2;21;45;109m[48;2;84;132;231m▀[0m[38;2;20;47;116m[48;2;83;134;237m▀[0m[38;2;83;83;104m[48;2;95;105;143m▀[0m[38;2;237;231;234m[48;2;232;225;226m▀[0m[38;2;239;234;239m[48;2;239;235;239m▀[0m[38;2;243;240;243m[48;2;245;243;245m▀[0m[38;2;255;255;255m[48;2;255;255;255m▀[0m[38;2;255;252;250m[48;2;255;255;255m▀[0m[38;2;141;171;238m[48;2;224;226;241m▀[0m[38;2;84;135;238m[48;2;90;139;237m▀[0m[38;2;90;139;237m[48;2;90;140;240m▀[0m[38;2;48;75;128m[48;2;90;139;239m▀[0m[38;2;72;111;189m[48;2;45;69;117m▀[0m[38;2;93;143;243m[48;2;43;67;117m▀[0m[38;2;94;144;245m[48;2;72;115;207m▀[0m[38;2;91;140;240m[48;2;92;142;241m▀[0m[38;2;90;139;238m[48;2;93;143;244m▀[0m[38;2;90;139;238m[48;2;93;143;243m▀[0m[38;2;90;139;238m[48;2;93;144;244m▀[0m[38;2;89;138;238m[48;2;90;138;237m▀[0m[38;2;89;139;239m[48;2;83;126;224m▀[0m[38;2;87;136;236m[48;2;87;124;215m▀[0m[38;2;83;125;220m[48;2;109;153;238m▀[0m[38;2;108;152;237m[48;2;126;176;255m▀[0m[38;2;125;175;255m[48;2;124;173;255m▀[0m[38;2;124;173;255m[48;2;116;165;251m▀[0m[38;2;123;172;255m[48;2;98;148;244m▀[0m[38;2;97;147;243m[48;2;94;140;236m▀[0m[38;2;88;137;237m[48;2;192;204;237m▀[0m[38;2;217;230;255m[48;2;238;237;234m▀[0m[38;2;102;108;122m[48;2;76;75;74m▀[0m
   [38;2;0;0;0m▀[0m[38;2;15;23;40m▀[0m[38;2;40;61;106m[48;2;0;0;0m▀[0m[38;2;86;133;228m[48;2;10;15;27m▀[0m[38;2;89;138;236m[48;2;13;21;37m▀[0m[38;2;93;144;247m[48;2;63;97;165m▀[0m[38;2;94;146;249m[48;2;66;101;174m▀[0m[38;2;93;147;255m[48;2;66;104;179m▀[0m[38;2;98;110;149m[48;2;37;48;72m▀[0m[38;2;223;214;217m[48;2;213;202;208m▀[0m[38;2;232;226;232m[48;2;223;214;223m▀[0m[38;2;238;234;238m[48;2;224;215;224m▀[0m[38;2;247;246;247m[48;2;225;217;225m▀[0m[38;2;255;255;255m[48;2;254;254;254m▀[0m[38;2;254;255;254m[48;2;255;255;255m▀[0m[38;2;149;173;233m[48;2;249;245;245m▀[0m[38;2;82;133;237m[48;2;161;184;238m▀[0m[38;2;87;138;239m[48;2;107;148;235m▀[0m[38;2;94;144;246m[48;2;81;133;238m▀[0m[38;2;83;129;225m[48;2;90;140;240m▀[0m[38;2;59;97;181m[48;2;92;143;243m▀[0m[38;2;51;86;166m[48;2;82;128;223m▀[0m[38;2;51;86;165m[48;2;81;127;222m▀[0m[38;2;51;86;165m[48;2;81;127;222m▀[0m[38;2;49;83;163m[48;2;81;126;221m▀[0m[38;2;68;105;186m[48;2;86;133;229m▀[0m[38;2;106;149;231m[48;2;96;146;242m▀[0m[38;2;123;172;255m[48;2;93;142;240m▀[0m[38;2;124;174;255m[48;2;93;142;239m▀[0m[38;2;116;165;251m[48;2;91;140;239m▀[0m[38;2;101;150;244m[48;2;82;134;238m▀[0m[38;2;88;137;238m[48;2;92;138;235m▀[0m[38;2;82;134;238m[48;2;191;201;233m▀[0m[38;2;136;163;231m[48;2;246;249;254m▀[0m[38;2;255;255;255m[48;2;246;245;246m▀[0m[38;2;165;166;165m[48;2;34;34;34m▀[0m[38;2;0;0;0m[48;2;0;0;0m▀[0m
        [38;2;0;0;0m▀[0m[38;2;0;0;0m▀[0m[38;2;0;0;0m▀[0m[38;2;4;2;0m[48;2;0;0;0m▀[0m[38;2;167;158;167m[48;2;115;108;115m▀[0m[38;2;227;218;227m[48;2;234;225;234m▀[0m[38;2;222;213;222m[48;2;222;213;222m▀[0m[38;2;222;212;222m[48;2;222;213;222m▀[0m[38;2;240;236;240m[48;2;221;212;221m▀[0m[38;2;255;255;255m[48;2;238;233;238m▀[0m[38;2;255;255;255m[48;2;249;248;249m▀[0m[38;2;255;255;255m[48;2;255;255;255m▀[0m[38;2;231;233;245m[48;2;255;255;255m▀[0m[38;2;173;190;236m[48;2;255;255;253m▀[0m[38;2;96;142;236m[48;2;240;240;246m▀[0m[38;2;86;135;237m[48;2;164;186;238m▀[0m[38;2;84;136;239m[48;2;134;171;244m▀[0m[38;2;86;137;240m[48;2;128;162;236m▀[0m[38;2;91;140;240m[48;2;84;134;237m▀[0m[38;2;91;140;240m[48;2;82;133;237m▀[0m[38;2;91;140;239m[48;2;80;132;237m▀[0m[38;2;86;136;238m[48;2;113;151;234m▀[0m[38;2;83;134;237m[48;2;137;172;242m▀[0m[38;2;84;134;237m[48;2;141;174;242m▀[0m[38;2;88;137;237m[48;2;225;227;242m▀[0m[38;2;146;173;234m[48;2;248;246;247m▀[0m[38;2;211;221;245m[48;2;248;242;244m▀[0m[38;2;255;253;250m[48;2;237;228;237m▀[0m[38;2;247;241;246m[48;2;123;117;123m▀[0m[38;2;131;126;131m[48;2;0;0;0m▀[0m[38;2;3;3;3m▀[0m 
           [38;2;0;0;0m▀[0m[38;2;42;40;42m[48;2;0;0;0m▀[0m[38;2;185;177;185m[48;2;111;107;111m▀[0m[38;2;228;219;228m[48;2;236;226;236m▀[0m[38;2;222;213;222m[48;2;227;218;227m▀[0m[38;2;222;213;222m[48;2;223;214;223m▀[0m[38;2;221;211;221m[48;2;222;213;222m▀[0m[38;2;225;217;225m[48;2;222;212;222m▀[0m[38;2;235;229;235m[48;2;221;211;221m▀[0m[38;2;253;253;253m[48;2;224;216;224m▀[0m[38;2;254;254;254m[48;2;225;217;225m▀[0m[38;2;255;255;255m[48;2;244;241;244m▀[0m[38;2;255;255;255m[48;2;245;242;245m▀[0m[38;2;255;255;255m[48;2;245;242;245m▀[0m[38;2;252;249;249m[48;2;246;244;246m▀[0m[38;2;198;215;249m[48;2;252;247;246m▀[0m[38;2;196;214;250m[48;2;252;247;246m▀[0m[38;2;194;213;250m[48;2;253;248;246m▀[0m[38;2;233;236;246m[48;2;248;245;246m▀[0m[38;2;255;255;254m[48;2;231;222;231m▀[0m[38;2;255;255;254m[48;2;231;222;231m▀[0m[38;2;247;241;245m[48;2;163;156;163m▀[0m[38;2;230;222;229m[48;2;75;71;75m▀[0m[38;2;170;163;170m[48;2;14;12;14m▀[0m[38;2;80;77;80m[48;2;0;0;0m▀[0m[38;2;0;0;0m▀[0m   
             [38;2;0;0;0m▀[0m[38;2;78;75;78m[48;2;0;0;0m▀[0m[38;2;170;163;170m[48;2;10;10;10m▀[0m[38;2;225;216;225m[48;2;74;70;74m▀[0m[38;2;232;222;232m[48;2;156;150;156m▀[0m[38;2;231;222;231m[48;2;150;144;150m▀[0m[38;2;225;216;225m[48;2;204;196;204m▀[0m[38;2;221;212;221m[48;2;234;224;234m▀[0m[38;2;222;212;222m[48;2;230;221;230m▀[0m[38;2;221;211;221m[48;2;230;221;230m▀[0m[38;2;221;211;221m[48;2;230;221;230m▀[0m[38;2;220;211;220m[48;2;234;225;234m▀[0m[38;2;227;217;227m[48;2;177;169;177m▀[0m[38;2;230;220;230m[48;2;150;144;150m▀[0m[38;2;230;221;230m[48;2;156;150;156m▀[0m[38;2;224;214;224m[48;2;114;110;114m▀[0m[38;2;218;209;218m[48;2;19;19;19m▀[0m[38;2;169;162;169m[48;2;10;10;10m▀[0m[38;2;78;75;78m[48;2;0;0;0m▀[0m[38;2;0;0;0m▀[0m[38;2;0;0;0m▀[0m      
                [38;2;0;0;0m▀[0m[38;2;0;0;0m▀[0m[38;2;0;0;0m▀[0m[38;2;62;59;62m▀[0m[38;2;81;78;81m▀[0m[38;2;78;75;78m▀[0m[38;2;78;75;78m▀[0m[38;2;78;75;78m▀[0m[38;2;82;79;82m▀[0m[38;2;31;31;31m▀[0m[38;2;0;0;0m▀[0m[38;2;0;0;0m▀[0m[38;2;0;0;0m▀[0m           
[0m