                 [38;2;204;153;153m▄[0m[38;2;163;95;95m[48;2;157;92;92m▀[0m[38;2;100;55;60m[48;2;95;57;57m▀[0m[38;2;120;60;63m[48;2;177;132;138m▀[0m[38;2;0;0;0m[48;2;139;150;162m▀[0m                  
                 [38;2;216;123;123m[48;2;133;71;76m▀[0m[38;2;93;58;57m[48;2;150;82;83m▀[0m[38;2;149;90;93m[48;2;168;132;140m▀[0m[38;2;201;190;201m[48;2;240;244;255m▀[0m[38;2;138;122;138m[48;2;196;185;196m▀[0m[38;2;97;75;92m▄[0m                 
             [38;2;103;75;89m▄[0m[38;2;114;96;109m[48;2;172;161;176m▀[0m[38;2;59;51;56m[48;2;114;112;119m▀[0m[38;2;132;112;129m[48;2;171;155;173m▀[0m[38;2;104;52;59m[48;2;67;52;61m▀[0m[38;2;112;67;76m[48;2;165;154;167m▀[0m[38;2;137;130;139m[48;2;110;110;113m▀[0m[38;2;192;185;199m[48;2;207;201;212m▀[0m[38;2;223;220;230m[48;2;191;184;197m▀[0m[38;2;152;138;150m[48;2;173;162;175m▀[0m[38;2;122;112;122m▄[0m                
            [38;2;133;110;121m▄[0m[38;2;141;126;141m[48;2;169;157;171m▀[0m[38;2;216;213;226m[48;2;235;237;249m▀[0m[38;2;226;224;237m[48;2;229;230;242m▀[0m[38;2;184;173;189m[48;2;232;234;246m▀[0m[38;2;174;164;179m[48;2;233;235;247m▀[0m[38;2;214;212;225m[48;2;232;234;244m▀[0m[38;2;229;227;235m[48;2;213;207;217m▀[0m[38;2;220;218;230m[48;2;229;231;243m▀[0m[38;2;210;207;220m[48;2;237;240;251m▀[0m[38;2;179;168;183m[48;2;212;209;222m▀[0m[38;2;131;111;128m[48;2;108;95;105m▀[0m[38;2;34;34;34m▄[0m               
           [38;2;102;76;102m▄[0m[38;2;125;107;121m[48;2;149;133;147m▀[0m[38;2;224;221;235m[48;2;225;223;236m▀[0m[38;2;230;231;243m[48;2;230;231;243m▀[0m[38;2;228;229;241m[48;2;229;230;242m▀[0m[38;2;228;229;241m[48;2;228;230;243m▀[0m[38;2;228;230;242m[48;2;238;239;247m▀[0m[38;2;229;226;234m[48;2;172;165;173m▀[0m[38;2;222;220;231m[48;2;118;119;125m▀[0m[38;2;196;190;203m[48;2;167;153;169m▀[0m[38;2;175;165;179m[48;2;162;143;160m▀[0m[38;2;204;200;213m[48;2;163;149;164m▀[0m[38;2;169;153;168m[48;2;170;156;170m▀[0m[38;2;70;68;70m[48;2;98;93;98m▀[0m[38;2;25;25;25m▄[0m              
           [38;2;108;89;103m[48;2;104;78;98m▀[0m[38;2;186;174;188m[48;2;185;174;184m▀[0m[38;2;230;231;243m[48;2;215;210;221m▀[0m[38;2;229;230;242m[48;2;227;227;238m▀[0m[38;2;221;221;233m[48;2;223;219;226m▀[0m[38;2;230;228;235m[48;2;208;194;207m▀[0m[38;2;221;210;223m[48;2;115;108;119m▀[0m[38;2;69;66;72m[48;2;147;140;81m▀[0m[38;2;80;82;85m[48;2;104;104;97m▀[0m[38;2;173;160;176m[48;2;174;162;178m▀[0m[38;2;173;155;172m[48;2;171;153;173m▀[0m[38;2;199;189;200m[48;2;190;177;190m▀[0m[38;2;200;190;201m[48;2;199;189;200m▀[0m[38;2;182;173;183m[48;2;185;176;186m▀[0m[38;2;17;17;17m[48;2;57;56;57m▀[0m[38;2;0;0;0m▄[0m             
            [38;2;126;106;122m[48;2;127;109;124m▀[0m[38;2;234;230;237m[48;2;218;213;222m▀[0m[38;2;245;243;245m[48;2;218;210;218m▀[0m[38;2;210;197;210m[48;2;196;183;197m▀[0m[38;2;125;117;129m[48;2;90;87;91m▀[0m[38;2;150;148;129m[48;2;112;108;108m▀[0m[38;2;142;134;77m[48;2;141;136;148m▀[0m[38;2;176;177;182m[48;2;183;181;208m▀[0m[38;2;172;161;176m[48;2;121;118;119m▀[0m[38;2;200;191;207m[48;2;206;197;206m▀[0m[38;2;174;156;174m[48;2;191;178;192m▀[0m[38;2;196;186;197m[48;2;196;186;197m▀[0m[38;2;205;195;206m[48;2;202;192;203m▀[0m[38;2;124;118;124m[48;2;145;138;145m▀[0m[38;2;0;0;0m[48;2;39;37;39m▀[0m             
             [38;2;152;138;153m[48;2;40;40;45m▀[0m[38;2;236;234;240m[48;2;107;96;106m▀[0m[38;2;204;191;205m[48;2;183;175;183m▀[0m[38;2;88;84;89m[48;2;95;89;96m▀[0m[38;2;137;131;135m[48;2;167;159;167m▀[0m[38;2;138;134;182m[48;2;103;100;107m▀[0m[38;2;53;53;92m[48;2;197;197;214m▀[0m[38;2;176;167;183m[48;2;207;204;227m▀[0m[38;2;240;235;239m[48;2;255;255;255m▀[0m[38;2;216;210;217m[48;2;237;236;242m▀[0m[38;2;194;183;195m[48;2;196;186;197m▀[0m[38;2;196;186;197m[48;2;196;186;197m▀[0m[38;2;207;195;208m[48;2;202;191;203m▀[0m[38;2;62;60;62m[48;2;104;100;104m▀[0m[38;2;17;17;17m▄[0m            
              [38;2;134;114;131m[48;2;131;111;128m▀[0m[38;2;123;114;123m[48;2;177;158;176m▀[0m[38;2;48;45;48m[48;2;176;163;176m▀[0m[38;2;90;86;91m[48;2;164;144;164m▀[0m[38;2;162;148;163m[48;2;165;142;164m▀[0m[38;2;202;192;201m[48;2;166;153;166m▀[0m[38;2;231;231;243m[48;2;255;255;255m▀[0m[38;2;212;211;231m[48;2;212;211;231m▀[0m[38;2;251;251;251m[48;2;221;220;237m▀[0m[38;2;198;188;199m[48;2;225;221;228m▀[0m[38;2;196;186;197m[48;2;194;184;195m▀[0m[38;2;199;189;200m[48;2;198;188;199m▀[0m[38;2;178;170;179m[48;2;185;176;186m▀[0m[38;2;11;11;11m[48;2;68;65;68m▀[0m[38;2;0;0;0m▄[0m           
              [38;2;131;112;128m[48;2;128;108;124m▀[0m[38;2;170;149;170m[48;2;169;148;169m▀[0m[38;2;169;147;169m[48;2;168;147;168m▀[0m[38;2;169;147;169m[48;2;167;146;167m▀[0m[38;2;163;141;162m[48;2;162;139;161m▀[0m[38;2;163;151;166m[48;2;165;153;167m▀[0m[38;2;247;247;252m[48;2;219;219;237m▀[0m[38;2;198;197;223m[48;2;200;199;225m▀[0m[38;2;244;244;249m[48;2;231;233;243m▀[0m[38;2;223;221;229m[48;2;228;230;242m▀[0m[38;2;195;186;197m[48;2;196;186;200m▀[0m[38;2;196;186;197m[48;2;195;184;195m▀[0m[38;2;206;196;207m[48;2;201;191;202m▀[0m[38;2;118;112;118m[48;2;151;143;151m▀[0m[38;2;0;0;0m[48;2;46;43;46m▀[0m           
             [38;2;124;100;118m[48;2;114;97;110m▀[0m[38;2;158;140;158m[48;2;179;165;182m▀[0m[38;2;180;163;182m[48;2;205;197;213m▀[0m[38;2;178;160;180m[48;2;202;193;209m▀[0m[38;2;178;160;180m[48;2;202;193;209m▀[0m[38;2;174;156;175m[48;2;205;196;213m▀[0m[38;2;172;161;174m[48;2;175;162;178m▀[0m[38;2;183;182;214m[48;2;191;185;199m▀[0m[38;2;219;220;237m[48;2;193;193;223m▀[0m[38;2;229;231;242m[48;2;219;219;235m▀[0m[38;2;230;232;243m[48;2;231;232;243m▀[0m[38;2;189;176;194m[48;2;221;220;233m▀[0m[38;2;192;181;192m[48;2;180;163;180m▀[0m[38;2;196;186;197m[48;2;197;188;198m▀[0m[38;2;206;196;207m[48;2;203;193;204m▀[0m[38;2;56;54;57m[48;2;114;109;116m▀[0m[38;2;13;13;13m▄[0m          
     [38;2;56;28;28m▄[0m[38;2;125;106;121m▄[0m[38;2;125;106;121m▄[0m[38;2;125;106;121m▄[0m[38;2;131;110;127m▄[0m[38;2;120;98;116m▄[0m [38;2;125;105;117m▄[0m[38;2;119;98;114m[48;2;142;120;139m▀[0m[38;2;155;133;153m[48;2;163;142;162m▀[0m[38;2;167;145;167m[48;2;169;148;169m▀[0m[38;2;165;143;165m[48;2;168;147;168m▀[0m[38;2;165;143;165m[48;2;168;147;168m▀[0m[38;2;167;144;167m[48;2;170;148;170m▀[0m[38;2;150;127;148m[48;2;152;130;150m▀[0m[38;2;196;191;204m[48;2;195;190;203m▀[0m[38;2;228;230;243m[48;2;234;236;247m▀[0m[38;2;190;189;219m[48;2;220;220;236m▀[0m[38;2;221;222;238m[48;2;185;184;217m▀[0m[38;2;208;205;218m[48;2;199;194;205m▀[0m[38;2;154;139;155m[48;2;227;229;240m▀[0m[38;2;163;149;163m[48;2;216;215;230m▀[0m[38;2;188;175;187m[48;2;160;149;173m▀[0m[38;2;163;152;163m[48;2;165;156;168m▀[0m[38;2;3;5;3m[48;2;88;75;85m▀[0m[38;2;85;51;85m▄[0m         
 [38;2;124;103;119m▄[0m[38;2;56;28;56m[48;2;162;147;163m▀[0m[38;2;127;102;123m[48;2;197;189;202m▀[0m[38;2;150;136;150m[48;2;238;239;251m▀[0m[38;2;160;147;162m[48;2;240;241;254m▀[0m[38;2;217;214;227m[48;2;232;234;246m▀[0m[38;2;217;214;227m[48;2;230;232;244m▀[0m[38;2;218;214;228m[48;2;231;232;244m▀[0m[38;2;218;213;226m[48;2;231;233;245m▀[0m[38;2;166;152;166m[48;2;224;223;235m▀[0m[38;2;143;122;138m[48;2;193;180;194m▀[0m[38;2;157;146;179m[48;2;188;180;200m▀[0m[38;2;148;129;152m[48;2;144;126;146m▀[0m[38;2;170;149;169m[48;2;168;147;168m▀[0m[38;2;168;147;168m[48;2;168;147;168m▀[0m[38;2;168;147;168m[48;2;168;147;168m▀[0m[38;2;168;147;168m[48;2;168;147;168m▀[0m[38;2;170;148;170m[48;2;170;148;170m▀[0m[38;2;152;130;150m[48;2;152;130;150m▀[0m[38;2;195;190;203m[48;2;197;192;204m▀[0m[38;2;235;237;248m[48;2;218;219;237m▀[0m[38;2;188;187;218m[48;2;195;195;225m▀[0m[38;2;209;207;225m[48;2;185;177;191m▀[0m[38;2;226;227;239m[48;2;196;191;204m▀[0m[38;2;231;232;244m[48;2;225;225;237m▀[0m[38;2;188;188;220m[48;2;155;144;169m▀[0m[38;2;211;210;226m[48;2;167;154;167m▀[0m[38;2;179;174;201m[48;2;185;177;190m▀[0m[38;2;215;210;223m[48;2;225;224;236m▀[0m[38;2;171;158;173m[48;2;243;244;255m▀[0m[38;2;116;101;114m[48;2;170;168;177m▀[0m[38;2;55;50;55m▄[0m[38;2;134;115;130m▄[0m[38;2;128;109;124m▄[0m[38;2;136;116;134m▄[0m[38;2;131;112;128m▄[0m   
 [38;2;74;61;91m▀[0m[38;2;78;74;100m[48;2;50;42;76m▀[0m[38;2;69;70;80m[48;2;61;56;93m▀[0m[38;2;151;144;159m[48;2;51;52;83m▀[0m[38;2;186;187;195m[48;2;41;38;58m▀[0m[38;2;216;215;227m[48;2;171;161;175m▀[0m[38;2;229;230;242m[48;2;233;235;247m▀[0m[38;2;228;229;241m[48;2;230;231;243m▀[0m[38;2;228;229;241m[48;2;230;231;243m▀[0m[38;2;230;232;243m[48;2;229;230;242m▀[0m[38;2;191;179;196m[48;2;226;225;237m▀[0m[38;2;179;165;178m[48;2;160;145;158m▀[0m[38;2;149;129;147m[48;2;190;180;197m▀[0m[38;2;165;143;165m[48;2;203;195;211m▀[0m[38;2;165;143;164m[48;2;202;193;209m▀[0m[38;2;165;143;164m[48;2;202;193;209m▀[0m[38;2;165;143;164m[48;2;202;194;210m▀[0m[38;2;167;144;167m[48;2;203;193;210m▀[0m[38;2;150;128;148m[48;2;180;165;180m▀[0m[38;2;195;190;202m[48;2;202;198;214m▀[0m[38;2;197;198;226m[48;2;183;183;217m▀[0m[38;2;211;211;231m[48;2;233;234;244m▀[0m[38;2;230;230;242m[48;2;231;232;245m▀[0m[38;2;120;121;127m[48;2;193;186;199m▀[0m[38;2;104;95;103m[48;2;224;219;223m▀[0m[38;2;208;202;212m[48;2;255;255;255m▀[0m[38;2;221;222;235m[48;2;249;249;254m▀[0m[38;2;234;237;248m[48;2;213;207;215m▀[0m[38;2;219;216;228m[48;2;121;109;130m▀[0m[38;2;193;183;196m[48;2;131;115;133m▀[0m[38;2;201;192;203m[48;2;204;194;205m▀[0m[38;2;98;94;99m[48;2;151;144;152m▀[0m[38;2;176;165;177m[48;2;112;107;113m▀[0m[38;2;198;186;199m[48;2;175;161;174m▀[0m[38;2;187;174;187m[48;2;154;135;153m▀[0m[38;2;165;150;164m[48;2;158;137;156m▀[0m[38;2;131;111;127m[48;2;164;142;163m▀[0m[38;2;132;113;129m▄[0m 
[38;2;57;48;79m▄[0m[38;2;51;35;56m[48;2;111;105;146m▀[0m[38;2;81;77;131m[48;2;130;128;182m▀[0m[38;2;76;74;152m[48;2;74;75;142m▀[0m[38;2;70;64;106m[48;2;75;71;126m▀[0m[38;2;158;149;168m[48;2;101;99;97m▀[0m[38;2;237;237;246m[48;2;160;158;160m▀[0m[38;2;249;249;251m[48;2;219;212;219m▀[0m[38;2;237;234;239m[48;2;194;183;195m▀[0m[38;2;230;227;232m[48;2;194;184;195m▀[0m[38;2;199;189;201m[48;2;202;192;203m▀[0m[38;2;206;197;208m[48;2;178;169;179m▀[0m[38;2;149;136;148m[48;2;41;40;42m▀[0m[38;2;211;211;223m[48;2;176;169;181m▀[0m[38;2;232;234;247m[48;2;246;246;251m▀[0m[38;2;231;233;244m[48;2;231;232;243m▀[0m[38;2;232;234;246m[48;2;227;228;241m▀[0m[38;2;229;230;242m[48;2;193;181;198m▀[0m[38;2;208;202;214m[48;2;169;154;169m▀[0m[38;2;178;167;178m[48;2;77;66;76m▀[0m[38;2;202;201;211m[48;2;180;177;188m▀[0m[38;2;208;208;231m[48;2;237;239;249m▀[0m[38;2;203;203;229m[48;2;206;206;229m▀[0m[38;2;192;186;198m[48;2;187;183;209m▀[0m[38;2;187;175;183m[48;2;106;94;117m▀[0m[38;2;245;243;243m[48;2;124;114;135m▀[0m[38;2;255;255;255m[48;2;177;166;181m▀[0m[38;2;194;185;193m[48;2;84;80;142m▀[0m[38;2;120;108;144m[48;2;73;74;145m▀[0m[38;2;69;69;129m[48;2;71;71;134m▀[0m[38;2;132;118;138m[48;2;135;121;151m▀[0m[38;2;204;193;203m[48;2;199;189;198m▀[0m[38;2;165;157;165m[48;2;206;196;207m▀[0m[38;2;99;90;99m[48;2;98;93;98m▀[0m[38;2;161;140;160m[48;2;142;124;142m▀[0m[38;2;167;145;167m[48;2;171;149;171m▀[0m[38;2;170;149;170m[48;2;166;144;165m▀[0m[38;2;170;149;171m[48;2;166;145;166m▀[0m[38;2;160;139;159m[48;2;193;176;196m▀[0m[38;2;96;81;94m[48;2;94;91;97m▀[0m
[38;2;68;62;87m[48;2;13;16;10m▀[0m[38;2;83;82;112m[48;2;11;11;5m▀[0m[38;2;61;61;98m[48;2;14;14;5m▀[0m[38;2;64;64;119m[48;2;21;19;17m▀[0m[38;2;74;73;146m[48;2;57;47;83m▀[0m[38;2;50;44;85m[48;2;67;64;125m▀[0m[38;2;43;43;68m[48;2;85;79;112m▀[0m[38;2;121;107;121m[48;2;166;152;167m▀[0m[38;2;199;189;200m[48;2;209;198;209m▀[0m[38;2;201;191;202m[48;2;176;168;177m▀[0m[38;2;175;166;175m[48;2;48;45;48m▀[0m[38;2;74;68;73m[48;2;132;114;130m▀[0m[38;2;86;75;84m[48;2;194;182;195m▀[0m[38;2;172;158;172m[48;2;193;179;193m▀[0m[38;2;255;255;255m[48;2;232;226;232m▀[0m[38;2;247;246;248m[48;2;213;206;214m▀[0m[38;2;197;184;198m[48;2;189;177;190m▀[0m[38;2;195;183;195m[48;2;197;187;198m▀[0m[38;2;123;116;123m[48;2;200;190;201m▀[0m[38;2;146;133;145m[48;2;200;190;201m▀[0m[38;2;203;194;205m[48;2;198;189;200m▀[0m[38;2;229;229;241m[48;2;228;229;240m▀[0m[38;2;210;209;230m[48;2;182;180;214m▀[0m[38;2;203;203;230m[48;2;229;231;243m▀[0m[38;2;101;95;120m[48;2;97;91;118m▀[0m[38;2;52;45;79m[48;2;61;59;95m▀[0m[38;2;102;98;145m[48;2;75;69;107m▀[0m[38;2;80;81;170m[48;2;102;101;159m▀[0m[38;2;73;73;129m[48;2;76;76;143m▀[0m[38;2;76;76;159m[48;2;103;102;175m▀[0m[38;2;136;122;149m[48;2;104;92;121m▀[0m[38;2;202;192;201m[48;2;164;148;164m▀[0m[38;2;205;195;206m[48;2;201;189;202m▀[0m[38;2;98;93;98m[48;2;103;98;104m▀[0m[38;2;141;123;141m[48;2;158;144;161m▀[0m[38;2;168;145;168m[48;2;211;205;220m▀[0m[38;2;182;166;186m[48;2;225;224;236m▀[0m[38;2;214;207;223m[48;2;207;201;213m▀[0m[38;2;215;213;225m[48;2;81;78;82m▀[0m[38;2;82;82;86m[48;2;0;0;0m▀[0m
   [38;2;78;58;98m[48;2;31;10;31m▀[0m[38;2;55;45;85m[48;2;74;63;96m▀[0m[38;2;93;85;141m[48;2;164;152;168m▀[0m[38;2;177;163;177m[48;2;143;136;142m▀[0m[38;2;199;190;199m[48;2;69;66;70m▀[0m[38;2;141;134;141m[48;2;0;0;0m▀[0m[38;2;55;52;57m[48;2;148;135;148m▀[0m[38;2;147;133;147m[48;2;189;180;194m▀[0m[38;2;157;140;156m[48;2;181;168;180m▀[0m[38;2;203;194;204m[48;2;182;167;180m▀[0m[38;2;172;158;172m[48;2;76;69;84m▀[0m[38;2;159;144;158m[48;2;55;51;68m▀[0m[38;2;200;190;201m[48;2;166;151;164m▀[0m[38;2;196;187;197m[48;2;201;192;203m▀[0m[38;2;196;186;197m[48;2;196;186;197m▀[0m[38;2;196;186;197m[48;2;196;186;197m▀[0m[38;2;196;186;197m[48;2;196;186;197m▀[0m[38;2;201;192;201m[48;2;197;187;197m▀[0m[38;2;198;198;223m[48;2;206;201;216m▀[0m[38;2;210;210;233m[48;2;199;198;229m▀[0m[38;2;167;163;180m[48;2;150;149;163m▀[0m[38;2;77;73;115m[48;2;61;59;75m▀[0m[38;2;97;97;157m[48;2;54;54;82m▀[0m[38;2;123;120;183m[48;2;52;48;89m▀[0m[38;2;73;71;120m[48;2;66;64;100m▀[0m[38;2;101;99;141m[48;2;70;70;134m▀[0m[38;2;67;63;97m[48;2;72;68;135m▀[0m[38;2;63;59;92m[48;2;73;70;141m▀[0m[38;2;73;71;109m[48;2;52;52;89m▀[0m[38;2;72;64;76m[48;2;53;52;53m▀[0m[38;2;86;87;90m[48;2;136;130;136m▀[0m[38;2;218;215;228m[48;2;113;108;113m▀[0m[38;2;214;208;220m[48;2;185;175;185m▀[0m[38;2;192;182;193m[48;2;83;79;83m▀[0m[38;2;77;74;76m[48;2;0;0;0m▀[0m[38;2;0;0;0m▀[0m 
   [38;2;17;17;17m▀[0m[38;2;25;24;24m▀[0m[38;2;34;34;33m▀[0m[38;2;19;19;19m[48;2;255;255;255m▀[0m[38;2;0;0;0m[48;2;155;140;156m▀[0m[38;2;160;145;161m[48;2;223;221;235m▀[0m[38;2;228;227;241m[48;2;241;244;253m▀[0m[38;2;181;172;186m[48;2;190;180;188m▀[0m[38;2;164;148;162m[48;2;58;51;70m▀[0m[38;2;93;86;100m[48;2;111;111;170m▀[0m[38;2;113;109;148m[48;2;141;136;178m▀[0m[38;2;54;51;85m[48;2;65;60;94m▀[0m[38;2;58;56;72m[48;2;62;63;100m▀[0m[38;2;163;149;161m[48;2;55;52;69m▀[0m[38;2;204;194;204m[48;2;98;91;102m▀[0m[38;2;199;189;200m[48;2;175;163;172m▀[0m[38;2;196;186;197m[48;2;204;194;204m▀[0m[38;2;195;184;195m[48;2;198;187;198m▀[0m[38;2;208;202;212m[48;2;206;200;211m▀[0m[38;2;229;230;243m[48;2;251;253;255m▀[0m[38;2;185;185;215m[48;2;229;230;242m▀[0m[38;2;211;212;225m[48;2;187;186;219m▀[0m[38;2;227;229;236m[48;2;219;214;229m▀[0m[38;2;114;112;118m[48;2;115;110;115m▀[0m[38;2;49;50;80m[48;2;96;92;99m▀[0m[38;2;99;98;167m[48;2;104;101;144m▀[0m[38;2;83;83;174m[48;2;59;59;111m▀[0m[38;2;59;60;111m[48;2;141;135;141m▀[0m[38;2;140;134;141m[48;2;204;194;204m▀[0m[38;2;197;188;198m[48;2;197;186;198m▀[0m[38;2;207;196;208m[48;2;196;186;197m▀[0m[38;2;167;158;168m[48;2;202;192;203m▀[0m[38;2;44;43;44m[48;2;169;160;170m▀[0m[38;2;0;0;0m[48;2;31;30;31m▀[0m   
     [38;2;68;17;51m▄[0m[38;2;119;97;116m[48;2;165;152;167m▀[0m[38;2;215;210;224m[48;2;232;233;245m▀[0m[38;2;241;243;252m[48;2;213;206;219m▀[0m[38;2;219;212;220m[48;2;186;171;185m▀[0m[38;2;198;188;197m[48;2;198;188;200m▀[0m[38;2;96;92;105m[48;2;192;180;191m▀[0m[38;2;64;65;137m[48;2;86;77;93m▀[0m[38;2;123;123;191m[48;2;62;64;135m▀[0m[38;2;84;77;118m[48;2;79;77;157m▀[0m[38;2;65;64;104m[48;2;65;59;108m▀[0m[38;2;76;77;152m[48;2;82;82;168m▀[0m[38;2;65;65;135m[48;2;81;81;166m▀[0m[38;2;49;49;79m[48;2;80;80;168m▀[0m[38;2;113;107;113m[48;2;72;73;136m▀[0m[38;2;174;164;173m[48;2;78;76;101m▀[0m[38;2;217;211;223m[48;2;68;67;72m▀[0m[38;2;227;221;230m[48;2;147;143;156m▀[0m[38;2;215;208;224m[48;2;149;140;169m▀[0m[38;2;183;178;209m[48;2;180;170;180m▀[0m[38;2;148;133;149m[48;2;96;91;95m▀[0m[38;2;101;94;101m[48;2;155;149;157m▀[0m[38;2;206;198;209m[48;2;231;231;243m▀[0m[38;2;122;121;127m[48;2;237;238;251m▀[0m[38;2;162;163;170m[48;2;234;235;248m▀[0m[38;2;202;191;205m[48;2;187;173;191m▀[0m[38;2;195;185;196m[48;2;196;186;197m▀[0m[38;2;196;186;197m[48;2;196;186;197m▀[0m[38;2;196;186;197m[48;2;196;186;197m▀[0m[38;2;196;186;197m[48;2;196;186;197m▀[0m[38;2;202;192;203m[48;2;202;192;203m▀[0m[38;2;91;88;92m[48;2;161;154;162m▀[0m[38;2;0;0;0m[48;2;23;23;23m▀[0m[38;2;0;0;0m▄[0m 
    [38;2;127;95;111m▄[0m[38;2;133;113;131m[48;2;157;144;160m▀[0m[38;2;204;199;213m[48;2;237;238;250m▀[0m[38;2;234;235;246m[48;2;220;218;231m▀[0m[38;2;204;194;204m[48;2;182;166;183m▀[0m[38;2;191;179;192m[48;2;197;188;198m▀[0m[38;2;198;188;199m[48;2;197;187;198m▀[0m[38;2;192;179;192m[48;2;191;180;192m▀[0m[38;2;171;148;168m[48;2;171;150;171m▀[0m[38;2;88;80;98m[48;2;165;144;164m▀[0m[38;2;46;48;93m[48;2;134;117;129m▀[0m[38;2;68;64;127m[48;2;65;62;88m▀[0m[38;2;82;82;169m[48;2;54;55;97m▀[0m[38;2;92;92;172m[48;2;69;63;104m▀[0m[38;2;118;117;182m[48;2;83;75;110m▀[0m[38;2;112;105;149m[48;2;64;61;99m▀[0m[38;2;109;105;148m[48;2;59;59;92m▀[0m[38;2;66;66;106m[48;2;62;62;94m▀[0m[38;2;49;49;73m[48;2;60;60;92m▀[0m[38;2;43;44;61m[48;2;34;35;46m▀[0m[38;2;36;36;52m[48;2;32;30;41m▀[0m[38;2;54;54;57m[48;2;161;152;164m▀[0m[38;2;207;208;219m[48;2;237;239;251m▀[0m[38;2;232;234;246m[48;2;228;229;241m▀[0m[38;2;228;229;241m[48;2;228;229;241m▀[0m[38;2;230;231;242m[48;2;230;231;243m▀[0m[38;2;219;217;230m[48;2;219;216;229m▀[0m[38;2;188;175;188m[48;2;187;172;187m▀[0m[38;2;197;187;198m[48;2;196;187;197m▀[0m[38;2;196;186;197m[48;2;196;186;197m▀[0m[38;2;196;186;197m[48;2;196;186;197m▀[0m[38;2;196;186;197m[48;2;196;186;197m▀[0m[38;2;205;195;206m[48;2;198;188;199m▀[0m[38;2;85;80;85m[48;2;171;162;172m▀[0m[38;2;0;0;0m[48;2;37;37;37m▀[0m 
   [38;2;0;0;0m▄[0m[38;2;120;100;117m[48;2;77;65;94m▀[0m[38;2;215;211;223m[48;2;137;126;154m▀[0m[38;2;235;237;248m[48;2;221;221;233m▀[0m[38;2;201;192;208m[48;2;184;168;186m▀[0m[38;2;187;173;187m[48;2;196;185;196m▀[0m[38;2;197;187;198m[48;2;196;186;197m▀[0m[38;2;196;186;197m[48;2;196;186;197m▀[0m[38;2;197;188;198m[48;2;196;186;197m▀[0m[38;2;181;165;181m[48;2;194;183;195m▀[0m[38;2;167;145;167m[48;2;174;155;174m▀[0m[38;2;175;153;175m[48;2;166;145;166m▀[0m[38;2;150;131;148m[48;2;170;149;170m▀[0m[38;2;88;78;86m[48;2;180;157;180m▀[0m[38;2;45;45;62m[48;2;109;96;107m▀[0m[38;2;42;42;61m[48;2;4;4;0m▀[0m[38;2;47;47;68m[48;2;5;5;0m▀[0m[38;2;31;32;40m[48;2;0;0;0m▀[0m[38;2;17;17;13m▀[0m[38;2;19;19;17m▀[0m [38;2;141;123;138m[48;2;140;123;139m▀[0m[38;2;203;198;211m[48;2;235;235;248m▀[0m[38;2;230;232;244m[48;2;228;230;242m▀[0m[38;2;229;230;242m[48;2;222;220;233m▀[0m[38;2;228;230;241m[48;2;227;227;240m▀[0m[38;2;227;228;241m[48;2;228;229;241m▀[0m[38;2;237;238;247m[48;2;232;233;243m▀[0m[38;2;224;220;224m[48;2;248;247;249m▀[0m[38;2;193;183;194m[48;2;202;194;203m▀[0m[38;2;196;186;197m[48;2;195;185;196m▀[0m[38;2;196;186;197m[48;2;197;187;198m▀[0m[38;2;196;186;197m[48;2;197;187;198m▀[0m[38;2;197;187;198m[48;2;185;171;185m▀[0m[38;2;196;185;197m[48;2;187;173;188m▀[0m[38;2;34;34;34m[48;2;130;125;131m▀[0m[38;2;0;0;0m▄[0m
   [38;2;23;11;11m[48;2;60;49;90m▀[0m[38;2;81;74;121m[48;2;80;80;160m▀[0m[38;2;91;88;164m[48;2;70;71;124m▀[0m[38;2;173;163;177m[48;2;108;98;125m▀[0m[38;2;200;190;204m[48;2;196;183;194m▀[0m[38;2;195;185;196m[48;2;198;188;199m▀[0m[38;2;196;186;197m[48;2;196;186;197m▀[0m[38;2;196;186;197m[48;2;196;186;197m▀[0m[38;2;196;186;197m[48;2;196;186;197m▀[0m[38;2;197;187;198m[48;2;196;186;197m▀[0m[38;2;194;184;195m[48;2;199;189;200m▀[0m[38;2;174;155;174m[48;2;204;193;205m▀[0m[38;2;167;145;167m[48;2;198;184;198m▀[0m[38;2;177;154;177m[48;2;158;140;158m▀[0m[38;2;132;116;132m[48;2;103;90;103m▀[0m[38;2;2;5;2m[48;2;3;7;3m▀[0m    [38;2;120;101;115m[48;2;120;100;115m▀[0m[38;2;184;174;188m[48;2;214;209;223m▀[0m[38;2;231;233;245m[48;2;233;235;246m▀[0m[38;2;230;232;244m[48;2;225;224;236m▀[0m[38;2;208;201;214m[48;2;171;156;174m▀[0m[38;2;199;188;204m[48;2;149;132;150m▀[0m[38;2;230;231;243m[48;2;212;207;220m▀[0m[38;2;227;228;240m[48;2;229;231;244m▀[0m[38;2;244;244;250m[48;2;240;240;247m▀[0m[38;2;207;198;207m[48;2;201;190;201m▀[0m[38;2;194;184;195m[48;2;195;184;196m▀[0m[38;2;185;171;185m[48;2;169;156;171m▀[0m[38;2;197;188;198m[48;2;193;182;194m▀[0m[38;2;192;183;195m[48;2;204;196;208m▀[0m[38;2;188;176;191m[48;2;178;166;182m▀[0m[38;2;144;136;145m[48;2;135;127;135m▀[0m[38;2;0;0;0m[48;2;0;2;0m▀[0m
   [38;2;38;34;50m[48;2;0;13;0m▀[0m[38;2;45;45;73m[48;2;0;0;0m▀[0m[38;2;39;39;54m[48;2;0;0;0m▀[0m[38;2;48;44;56m[48;2;0;0;0m▀[0m[38;2;104;98;103m[48;2;0;0;0m▀[0m[38;2;198;188;199m[48;2;46;44;46m▀[0m[38;2;196;186;197m[48;2;44;43;46m▀[0m[38;2;196;186;197m[48;2;44;43;46m▀[0m[38;2;196;186;197m[48;2;44;43;46m▀[0m[38;2;199;189;200m[48;2;47;46;47m▀[0m[38;2;173;164;174m[48;2;40;40;40m▀[0m[38;2;92;88;92m[48;2;0;0;0m▀[0m[38;2;100;96;100m[48;2;0;0;0m▀[0m[38;2;61;60;61m[48;2;0;0;0m▀[0m[38;2;0;0;0m▀[0m     [38;2;121;100;115m[48;2;120;100;115m▀[0m[38;2;209;204;218m[48;2;214;209;223m▀[0m[38;2;235;237;248m[48;2;236;238;249m▀[0m[38;2;192;181;198m[48;2;145;131;154m▀[0m[38;2;101;89;122m[48;2;71;66;130m▀[0m[38;2;87;80;132m[48;2;80;80;159m▀[0m[38;2;188;173;189m[48;2;117;102;127m▀[0m[38;2;227;228;239m[48;2;223;220;232m▀[0m[38;2;228;229;241m[48;2;230;231;243m▀[0m[38;2;182;167;184m[48;2;183;168;185m▀[0m[38;2;190;177;191m[48;2;181;165;181m▀[0m[38;2;200;194;208m[48;2;180;167;181m▀[0m[38;2;171;155;170m[48;2;160;141;159m▀[0m[38;2;182;165;183m[48;2;183;167;184m▀[0m[38;2;163;147;162m[48;2;198;187;199m▀[0m[38;2;126;114;126m[48;2;118;104;117m▀[0m[38;2;0;5;0m[48;2;2;5;2m▀[0m
                       [38;2;120;100;114m▀[0m[38;2;173;161;177m[48;2;130;115;130m▀[0m[38;2;246;248;255m[48;2;172;173;179m▀[0m[38;2;96;89;118m[48;2;83;77;103m▀[0m[38;2;71;71;142m[48;2;67;66;108m▀[0m[38;2;68;70;130m[48;2;64;65;102m▀[0m[38;2;118;107;138m[48;2;85;78;98m▀[0m[38;2;224;220;233m[48;2;221;218;231m▀[0m[38;2;230;232;243m[48;2;239;241;253m▀[0m[38;2;195;184;197m[48;2;211;203;214m▀[0m[38;2;184;167;184m[48;2;167;158;168m▀[0m[38;2;202;190;203m[48;2;142;136;143m▀[0m[38;2;173;157;172m[48;2;115;104;114m▀[0m[38;2;186;176;187m[48;2;44;41;44m▀[0m[38;2;196;186;197m[48;2;38;38;38m▀[0m[38;2;114;99;111m[48;2;32;30;32m▀[0m[38;2;7;7;7m▀[0m
                        [38;2;0;0;0m▀[0m[38;2;0;0;0m▀[0m[38;2;38;33;54m▀[0m[38;2;39;40;54m▀[0m[38;2;36;36;48m▀[0m[38;2;2;2;0m▀[0m[38;2;88;88;93m▀[0m[38;2;98;99;103m▀[0m[38;2;89;86;91m▀[0m[38;2;56;54;57m▀[0m[38;2;0;0;0m▀[0m[38;2;2;5;2m▀[0m    
[0m