                  [38;2;15;15;15m[48;2;16;16;16m▀[0m[38;2;13;13;13m[48;2;12;12;12m▀[0m[38;2;0;0;0m▄[0m                   
                   [38;2;16;16;16m[48;2;16;16;16m▀[0m[38;2;16;16;16m▄[0m                   
                   [38;2;15;15;15m▄[0m[38;2;17;17;17m[48;2;14;14;14m▀[0m                   
                 [38;2;15;15;15m▄[0m[38;2;16;16;16m[48;2;16;16;16m▀[0m[38;2;14;14;14m▀[0m                    
                [38;2;79;111;191m▄[0m[38;2;14;14;12m[48;2;87;114;193m▀[0m[38;2;10;10;5m[48;2;24;28;37m▀[0m[38;2;57;67;109m▄[0m[38;2;91;109;191m▄[0m[38;2;88;110;188m▄[0m                  
            [38;2;102;127;200m▄[0m[38;2;92;92;185m[48;2;113;148;198m▀[0m[38;2;93;122;201m[48;2;153;186;229m▀[0m[38;2;73;102;181m[48;2;159;176;225m▀[0m[38;2;120;152;200m[48;2;182;222;227m▀[0m[38;2;133;167;216m[48;2;193;245;229m▀[0m[38;2;128;161;208m[48;2;191;242;229m▀[0m[38;2;128;161;208m[48;2;191;242;229m▀[0m[38;2;130;164;212m[48;2;192;244;229m▀[0m[38;2;123;154;202m[48;2;183;232;227m▀[0m[38;2;88;107;186m[48;2;136;172;216m▀[0m[38;2;98;122;201m[48;2;145;184;225m▀[0m[38;2;85;116;191m[48;2;124;157;203m▀[0m[38;2;102;127;204m▄[0m[38;2;99;113;184m▄[0m             
          [38;2;127;127;191m[48;2;51;0;153m▀[0m[38;2;112;144;197m[48;2;122;155;213m▀[0m[38;2;132;172;218m[48;2;183;238;223m▀[0m[38;2;176;213;229m[48;2;189;226;228m▀[0m[38;2;250;255;251m[48;2;192;208;230m▀[0m[38;2;250;255;252m[48;2;200;243;232m▀[0m[38;2;201;242;232m[48;2;184;236;226m▀[0m[38;2;185;236;226m[48;2;190;240;228m▀[0m[38;2;191;243;229m[48;2;148;186;212m▀[0m[38;2;187;238;227m[48;2;188;238;227m▀[0m[38;2;187;237;227m[48;2;193;244;229m▀[0m[38;2;188;238;227m[48;2;191;243;229m▀[0m[38;2;192;244;229m[48;2;187;237;227m▀[0m[38;2;194;247;230m[48;2;187;237;227m▀[0m[38;2;175;220;226m[48;2;191;241;228m▀[0m[38;2;139;179;223m[48;2;183;235;223m▀[0m[38;2;117;149;204m[48;2;136;173;223m▀[0m[38;2;107;137;196m[48;2;107;122;205m▀[0m            
         [38;2;85;85;170m[48;2;63;127;191m▀[0m[38;2;115;144;198m[48;2;121;151;206m▀[0m[38;2;160;202;217m[48;2;180;232;224m▀[0m[38;2;132;166;206m[48;2;152;182;210m▀[0m[38;2;121;159;199m[48;2;194;212;228m▀[0m[38;2;149;196;210m[48;2;156;208;212m▀[0m[38;2;189;241;228m[48;2;190;240;228m▀[0m[38;2;187;237;227m[48;2;187;237;227m▀[0m[38;2;190;240;228m[48;2;189;239;228m▀[0m[38;2;135;175;204m[48;2;147;195;207m▀[0m[38;2;125;162;202m[48;2;212;220;235m▀[0m[38;2;126;162;202m[48;2;211;218;235m▀[0m[38;2;141;178;209m[48;2;137;180;204m▀[0m[38;2;190;241;228m[48;2;190;240;228m▀[0m[38;2;187;237;227m[48;2;187;237;227m▀[0m[38;2;187;237;227m[48;2;187;237;227m▀[0m[38;2;190;241;228m[48;2;187;237;227m▀[0m[38;2;180;226;229m[48;2;199;250;233m▀[0m[38;2;72;121;157m[48;2;72;128;161m▀[0m[38;2;0;49;98m[48;2;0;51;102m▀[0m           
         [38;2;0;0;63m[48;2;0;0;63m▀[0m[38;2;52;100;138m[48;2;41;91;129m▀[0m[38;2;180;232;224m[48;2;185;235;227m▀[0m[38;2;172;205;218m[48;2;177;225;221m▀[0m[38;2;221;233;238m[48;2;141;188;204m▀[0m[38;2;153;205;211m[48;2;129;167;201m▀[0m[38;2;189;240;228m[48;2;119;145;200m▀[0m[38;2;186;237;227m[48;2;118;145;201m▀[0m[38;2;189;239;228m[48;2;132;174;202m▀[0m[38;2;145;193;206m[48;2;178;228;222m▀[0m[38;2;248;250;249m[48;2;151;196;209m▀[0m[38;2;248;250;249m[48;2;150;195;209m▀[0m[38;2;146;194;206m[48;2;186;236;226m▀[0m[38;2;189;239;228m[48;2;188;238;227m▀[0m[38;2;187;237;227m[48;2;188;238;227m▀[0m[38;2;187;237;227m[48;2;186;236;227m▀[0m[38;2;187;237;227m[48;2;188;238;228m▀[0m[38;2;198;251;240m[48;2;160;209;216m▀[0m[38;2;60;77;78m[48;2;43;54;59m▀[0m[38;2;0;6;13m[48;2;0;0;0m▀[0m           
          [38;2;0;28;70m[48;2;0;0;0m▀[0m[38;2;54;100;129m[48;2;33;37;38m▀[0m[38;2;180;231;229m[48;2;114;153;178m▀[0m[38;2;120;158;197m[48;2;145;168;211m▀[0m[38;2;184;194;223m[48;2;210;211;227m▀[0m[38;2;255;255;255m[48;2;219;225;240m▀[0m[38;2;255;255;255m[48;2;220;225;240m▀[0m[38;2;157;172;212m[48;2;200;202;219m▀[0m[38;2;128;169;200m[48;2;124;151;198m▀[0m[38;2;184;235;225m[48;2;170;219;219m▀[0m[38;2;189;239;228m[48;2;177;227;222m▀[0m[38;2;187;238;227m[48;2;171;220;219m▀[0m[38;2;180;230;224m[48;2;139;187;205m▀[0m[38;2;183;233;224m[48;2;146;196;215m▀[0m[38;2;164;214;218m[48;2;131;175;190m▀[0m[38;2;146;196;221m[48;2;101;129;164m▀[0m[38;2;58;73;82m[48;2;42;49;70m▀[0m[38;2;0;0;0m[48;2;0;0;0m▀[0m            
           [38;2;0;0;0m▀[0m[38;2;37;43;42m[48;2;0;0;0m▀[0m[38;2;96;133;160m[48;2;1;15;28m▀[0m[38;2;95;135;192m[48;2;58;97;117m▀[0m[38;2;121;160;208m[48;2;89;115;120m▀[0m[38;2;118;157;206m[48;2;82;109;114m▀[0m[38;2;119;158;208m[48;2;82;108;114m▀[0m[38;2;145;195;215m[48;2;81;106;114m▀[0m[38;2;146;195;214m[48;2;80;105;113m▀[0m[38;2;145;194;214m[48;2;81;106;113m▀[0m[38;2;144;193;215m[48;2;80;104;117m▀[0m[38;2;124;164;193m[48;2;61;71;106m▀[0m[38;2;101;133;144m[48;2;0;0;0m▀[0m[38;2;63;81;87m[48;2;0;0;0m▀[0m[38;2;0;0;0m▀[0m[38;2;5;0;0m▀[0m             
              [38;2;0;0;0m[48;2;37;34;41m▀[0m[38;2;12;7;8m[48;2;43;45;54m▀[0m[38;2;26;24;29m[48;2;48;53;63m▀[0m[38;2;27;28;32m[48;2;49;54;64m▀[0m[38;2;27;27;32m[48;2;49;54;63m▀[0m[38;2;26;26;30m[48;2;64;68;84m▀[0m[38;2;27;27;31m[48;2;67;70;87m▀[0m[38;2;40;38;48m[48;2;73;75;96m▀[0m[38;2;30;24;30m[48;2;57;57;71m▀[0m[38;2;29;29;35m▄[0m                
             [38;2;35;31;41m▄[0m[38;2;31;28;37m[48;2;42;43;52m▀[0m[38;2;56;57;71m[48;2;60;63;79m▀[0m[38;2;69;71;89m[48;2;72;75;95m▀[0m[38;2;67;69;86m[48;2;72;74;94m▀[0m[38;2;67;69;86m[48;2;72;74;94m▀[0m[38;2;71;74;93m[48;2;70;72;91m▀[0m[38;2;72;74;93m[48;2;70;72;91m▀[0m[38;2;71;73;93m[48;2;71;73;92m▀[0m[38;2;73;75;94m[48;2;71;73;92m▀[0m[38;2;57;57;71m[48;2;73;75;95m▀[0m[38;2;32;29;36m[48;2;56;56;71m▀[0m[38;2;31;29;38m▄[0m              
           [38;2;0;0;0m[48;2;24;24;32m▀[0m[38;2;44;41;55m[48;2;45;44;56m▀[0m[38;2;30;28;34m[48;2;47;49;61m▀[0m[38;2;39;41;49m[48;2;86;108;116m▀[0m[38;2;76;80;99m[48;2;185;233;234m▀[0m[38;2;124;154;170m[48;2;238;252;248m▀[0m[38;2;149;193;209m[48;2;255;254;254m▀[0m[38;2;147;191;206m[48;2;255;253;254m▀[0m[38;2;83;92;109m[48;2;204;243;235m▀[0m[38;2;73;79;98m[48;2;153;192;206m▀[0m[38;2;70;71;90m[48;2;75;84;103m▀[0m[38;2;71;73;92m[48;2;69;69;88m▀[0m[38;2;71;73;92m[48;2;71;73;92m▀[0m[38;2;73;75;95m[48;2;71;73;92m▀[0m[38;2;55;55;69m[48;2;73;76;95m▀[0m[38;2;34;31;39m[48;2;55;55;69m▀[0m[38;2;0;0;0m[48;2;35;35;43m▀[0m            
         [38;2;0;0;0m▄[0m[38;2;40;37;47m▄[0m[38;2;42;40;48m[48;2;53;52;65m▀[0m[38;2;34;30;40m[48;2;47;52;64m▀[0m[38;2;49;68;70m[48;2;111;136;138m▀[0m[38;2;210;241;248m[48;2;239;255;254m▀[0m[38;2;255;255;255m[48;2;254;252;253m▀[0m[38;2;253;252;252m[48;2;252;252;252m▀[0m[38;2;252;252;252m[48;2;252;252;252m▀[0m[38;2;252;252;252m[48;2;252;252;252m▀[0m[38;2;255;253;253m[48;2;252;252;252m▀[0m[38;2;253;253;253m[48;2;254;253;253m▀[0m[38;2;158;193;207m[48;2;247;254;253m▀[0m[38;2;79;89;109m[48;2;131;175;185m▀[0m[38;2;70;71;90m[48;2;63;60;80m▀[0m[38;2;72;73;93m[48;2;67;70;87m▀[0m[38;2;72;73;93m[48;2;67;70;87m▀[0m[38;2;74;76;96m[48;2;72;74;94m▀[0m[38;2;50;50;63m[48;2;62;66;81m▀[0m[38;2;34;34;42m[48;2;41;39;49m▀[0m[38;2;51;51;51m[48;2;42;0;0m▀[0m          
         [38;2;34;31;39m▄[0m[38;2;41;39;49m[48;2;55;55;69m▀[0m[38;2;62;61;79m[48;2;40;45;54m▀[0m[38;2;35;49;47m[48;2;125;154;162m▀[0m[38;2;209;246;249m[48;2;244;255;253m▀[0m[38;2;255;254;255m[48;2;253;252;253m▀[0m[38;2;252;252;252m[48;2;252;252;252m▀[0m[38;2;252;252;252m[48;2;252;252;252m▀[0m[38;2;252;252;252m[48;2;252;252;252m▀[0m[38;2;252;252;252m[48;2;252;252;252m▀[0m[38;2;252;252;252m[48;2;252;252;252m▀[0m[38;2;252;252;252m[48;2;252;252;252m▀[0m[38;2;251;255;253m[48;2;255;253;254m▀[0m[38;2;194;221;221m[48;2;240;253;253m▀[0m[38;2;86;102;125m[48;2;131;170;176m▀[0m[38;2;53;53;67m[48;2;48;44;60m▀[0m[38;2;56;58;72m[48;2;48;51;62m▀[0m[38;2;73;75;95m[48;2;67;70;88m▀[0m[38;2;73;75;94m[48;2;71;73;92m▀[0m[38;2;58;58;73m[48;2;73;75;96m▀[0m[38;2;37;34;43m[48;2;47;49;59m▀[0m[38;2;36;34;43m▄[0m         
        [38;2;36;33;43m[48;2;35;33;40m▀[0m[38;2;63;63;79m[48;2;70;72;91m▀[0m[38;2;66;67;86m[48;2;46;50;61m▀[0m[38;2;34;44;42m[48;2;47;48;46m▀[0m[38;2;204;247;245m[48;2;249;255;254m▀[0m[38;2;255;254;255m[48;2;252;252;252m▀[0m[38;2;252;252;252m[48;2;252;252;252m▀[0m[38;2;252;252;252m[48;2;252;252;252m▀[0m[38;2;252;252;252m[48;2;252;252;252m▀[0m[38;2;252;252;252m[48;2;252;252;252m▀[0m[38;2;252;252;252m[48;2;252;252;252m▀[0m[38;2;252;252;252m[48;2;252;252;252m▀[0m[38;2;252;252;252m[48;2;252;252;252m▀[0m[38;2;252;252;252m[48;2;252;252;252m▀[0m[38;2;252;255;254m[48;2;255;255;254m▀[0m[38;2;200;224;227m[48;2;220;238;244m▀[0m[38;2;91;113;132m[48;2;105;136;156m▀[0m[38;2;45;44;56m[48;2;45;41;54m▀[0m[38;2;59;60;75m[48;2;58;58;73m▀[0m[38;2;73;75;94m[48;2;73;75;94m▀[0m[38;2;71;73;92m[48;2;71;73;92m▀[0m[38;2;66;69;86m[48;2;72;74;93m▀[0m[38;2;36;34;43m[48;2;64;65;81m▀[0m[38;2;36;33;42m▄[0m        
      [38;2;31;31;47m▄[0m[38;2;35;32;39m[48;2;39;36;45m▀[0m[38;2;64;65;82m[48;2;69;70;89m▀[0m[38;2;69;71;89m[48;2;50;54;65m▀[0m[38;2;25;30;31m[48;2;26;29;28m▀[0m[38;2;152;190;203m[48;2;206;246;238m▀[0m[38;2;255;255;254m[48;2;255;253;253m▀[0m[38;2;252;252;252m[48;2;252;252;252m▀[0m[38;2;252;252;252m[48;2;252;252;252m▀[0m[38;2;252;252;252m[48;2;252;252;252m▀[0m[38;2;252;252;252m[48;2;252;252;252m▀[0m[38;2;252;252;252m[48;2;252;252;252m▀[0m[38;2;252;252;252m[48;2;252;252;252m▀[0m[38;2;252;252;252m[48;2;252;252;252m▀[0m[38;2;252;252;252m[48;2;252;252;252m▀[0m[38;2;252;252;252m[48;2;252;252;252m▀[0m[38;2;252;252;252m[48;2;252;252;252m▀[0m[38;2;252;254;254m[48;2;254;255;254m▀[0m[38;2;167;171;181m[48;2;204;230;237m▀[0m[38;2;61;63;83m[48;2;96;120;140m▀[0m[38;2;54;58;71m[48;2;42;38;49m▀[0m[38;2;65;68;85m[48;2;60;61;76m▀[0m[38;2;72;74;93m[48;2;72;74;94m▀[0m[38;2;71;73;92m[48;2;71;73;92m▀[0m[38;2;70;73;91m[48;2;72;74;93m▀[0m[38;2;47;50;60m[48;2;67;69;87m▀[0m[38;2;35;34;42m[48;2;39;36;45m▀[0m[38;2;36;18;36m▄[0m      
     [38;2;30;30;36m▄[0m[38;2;31;30;37m[48;2;44;43;53m▀[0m[38;2;66;66;83m[48;2;69;70;89m▀[0m[38;2;69;72;90m[48;2;52;57;68m▀[0m[38;2;42;46;55m[48;2;18;19;20m▀[0m[38;2;56;63;66m[48;2;146;193;210m▀[0m[38;2;255;255;255m[48;2;220;233;238m▀[0m[38;2;252;252;252m[48;2;253;253;253m▀[0m[38;2;252;252;252m[48;2;252;252;252m▀[0m[38;2;252;252;252m[48;2;252;252;252m▀[0m[38;2;252;252;252m[48;2;252;252;252m▀[0m[38;2;252;252;252m[48;2;252;252;252m▀[0m[38;2;252;252;252m[48;2;252;252;252m▀[0m[38;2;252;252;252m[48;2;252;252;252m▀[0m[38;2;252;252;252m[48;2;252;252;252m▀[0m[38;2;252;252;252m[48;2;252;252;252m▀[0m[38;2;252;252;252m[48;2;253;253;253m▀[0m[38;2;255;254;254m[48;2;245;249;250m▀[0m[38;2;232;248;244m[48;2;183;211;222m▀[0m[38;2;158;213;218m[48;2;128;179;199m▀[0m[38;2;109;137;157m[48;2;146;198;215m▀[0m[38;2;54;54;68m[48;2;101;119;140m▀[0m[38;2;39;41;49m[48;2;21;18;21m▀[0m[38;2;67;70;87m[48;2;56;58;72m▀[0m[38;2;71;73;93m[48;2;72;74;93m▀[0m[38;2;71;73;92m[48;2;71;73;92m▀[0m[38;2;72;74;94m[48;2;72;74;93m▀[0m[38;2;66;67;84m[48;2;68;71;89m▀[0m[38;2;35;35;43m[48;2;51;53;64m▀[0m[38;2;37;28;37m[48;2;32;28;37m▀[0m     
    [38;2;24;19;29m▄[0m[38;2;30;28;33m[48;2;47;47;59m▀[0m[38;2;64;64;81m[48;2;70;71;91m▀[0m[38;2;67;70;86m[48;2;54;58;70m▀[0m[38;2;50;55;66m[48;2;50;55;66m▀[0m[38;2;20;21;22m[48;2;14;13;13m▀[0m[38;2;154;203;209m[48;2;231;249;242m▀[0m[38;2;190;216;226m[48;2;255;255;255m▀[0m[38;2;254;254;253m[48;2;252;252;252m▀[0m[38;2;252;252;252m[48;2;252;252;252m▀[0m[38;2;252;252;252m[48;2;252;252;252m▀[0m[38;2;252;252;252m[48;2;252;252;252m▀[0m[38;2;252;252;252m[48;2;252;252;252m▀[0m[38;2;252;252;252m[48;2;252;252;252m▀[0m[38;2;252;252;252m[48;2;252;252;252m▀[0m[38;2;252;252;252m[48;2;252;252;252m▀[0m[38;2;252;252;252m[48;2;252;252;252m▀[0m[38;2;254;253;253m[48;2;252;252;252m▀[0m[38;2;234;241;245m[48;2;254;253;253m▀[0m[38;2;178;209;220m[48;2;255;255;255m▀[0m[38;2;174;212;219m[48;2;249;255;252m▀[0m[38;2;149;203;214m[48;2;183;223;229m▀[0m[38;2;96;113;133m[48;2;86;103;122m▀[0m[38;2;44;43;53m[48;2;72;72;92m▀[0m[38;2;32;35;40m[48;2;22;22;24m▀[0m[38;2;70;71;90m[48;2;56;60;74m▀[0m[38;2;71;73;92m[48;2;72;74;94m▀[0m[38;2;71;73;92m[48;2;71;73;92m▀[0m[38;2;73;75;94m[48;2;71;73;92m▀[0m[38;2;68;68;86m[48;2;74;76;96m▀[0m[38;2;46;46;56m[48;2;60;60;75m▀[0m[38;2;32;27;37m[48;2;27;25;34m▀[0m    
  [38;2;26;26;26m▄[0m[38;2;27;21;27m[48;2;47;46;57m▀[0m[38;2;47;46;59m[48;2;73;74;93m▀[0m[38;2;72;74;93m[48;2;63;67;82m▀[0m[38;2;63;67;83m[48;2;51;56;66m▀[0m[38;2;51;57;68m[48;2;30;32;36m▀[0m[38;2;29;30;35m[48;2;13;11;11m▀[0m[38;2;93;121;132m[48;2;136;181;197m▀[0m[38;2;183;212;223m[48;2;133;184;203m▀[0m[38;2;219;247;239m[48;2;160;204;213m▀[0m[38;2;254;253;253m[48;2;255;255;254m▀[0m[38;2;252;252;252m[48;2;252;252;252m▀[0m[38;2;252;252;252m[48;2;252;252;252m▀[0m[38;2;252;252;252m[48;2;252;252;252m▀[0m[38;2;252;252;252m[48;2;252;252;252m▀[0m[38;2;252;252;252m[48;2;252;252;252m▀[0m[38;2;252;252;252m[48;2;252;252;252m▀[0m[38;2;252;252;252m[48;2;252;252;252m▀[0m[38;2;252;252;252m[48;2;252;252;252m▀[0m[38;2;252;252;252m[48;2;252;252;252m▀[0m[38;2;252;252;252m[48;2;254;253;253m▀[0m[38;2;255;253;253m[48;2;238;251;247m▀[0m[38;2;241;253;249m[48;2;172;220;219m▀[0m[38;2;173;215;221m[48;2;137;186;203m▀[0m[38;2;123;162;181m[48;2;145;196;214m▀[0m[38;2;83;92;111m[48;2;89;102;121m▀[0m[38;2;20;19;21m[48;2;59;59;75m▀[0m[38;2;24;26;28m[48;2;17;17;18m▀[0m[38;2;58;63;76m[48;2;25;26;28m▀[0m[38;2;72;74;94m[48;2;58;62;76m▀[0m[38;2;71;73;92m[48;2;72;74;94m▀[0m[38;2;72;74;93m[48;2;71;73;92m▀[0m[38;2;68;69;88m[48;2;72;74;94m▀[0m[38;2;49;48;60m[48;2;71;73;91m▀[0m[38;2;27;21;27m[48;2;47;46;57m▀[0m[38;2;26;26;26m▄[0m  
[38;2;34;34;34m[48;2;39;37;46m▀[0m[38;2;36;33;42m[48;2;71;73;93m▀[0m[38;2;44;43;54m[48;2;64;67;84m▀[0m[38;2;72;74;94m[48;2;49;54;63m▀[0m[38;2;64;67;83m[48;2;49;54;64m▀[0m[38;2;50;55;65m[48;2;31;34;38m▀[0m[38;2;31;33;37m[48;2;13;11;11m▀[0m[38;2;13;9;9m▀[0m[38;2;13;11;10m[48;2;11;10;10m▀[0m[38;2;130;175;190m[48;2;176;219;212m▀[0m[38;2;184;232;226m[48;2;250;253;252m▀[0m[38;2;239;243;247m[48;2;254;253;253m▀[0m[38;2;252;252;252m[48;2;252;252;252m▀[0m[38;2;252;252;252m[48;2;252;252;252m▀[0m[38;2;252;252;252m[48;2;252;252;252m▀[0m[38;2;252;252;252m[48;2;252;252;252m▀[0m[38;2;252;252;252m[48;2;252;252;252m▀[0m[38;2;252;252;252m[48;2;252;252;252m▀[0m[38;2;252;252;252m[48;2;252;252;252m▀[0m[38;2;252;252;252m[48;2;252;252;252m▀[0m[38;2;252;252;252m[48;2;252;252;252m▀[0m[38;2;252;252;252m[48;2;252;252;252m▀[0m[38;2;252;252;252m[48;2;252;252;252m▀[0m[38;2;249;252;251m[48;2;252;252;252m▀[0m[38;2;241;247;248m[48;2;255;254;255m▀[0m[38;2;207;238;235m[48;2;222;248;241m▀[0m[38;2;155;208;216m[48;2;158;211;218m▀[0m[38;2;85;98;118m[48;2;85;98;118m▀[0m[38;2;71;73;92m[48;2;70;71;90m▀[0m[38;2;20;20;21m[48;2;20;20;21m▀[0m[38;2;4;4;4m▀[0m[38;2;24;25;28m[48;2;5;5;5m▀[0m[38;2;58;61;75m[48;2;24;27;29m▀[0m[38;2;72;74;94m[48;2;50;54;65m▀[0m[38;2;71;73;92m[48;2;59;63;77m▀[0m[38;2;72;74;93m[48;2;71;73;93m▀[0m[38;2;71;73;92m[48;2;71;73;92m▀[0m[38;2;46;45;56m[48;2;73;74;93m▀[0m[38;2;24;24;32m[48;2;44;42;54m▀[0m[38;2;36;36;36m▄[0m
[38;2;21;21;22m[48;2;0;0;0m▀[0m[38;2;63;65;81m[48;2;14;14;12m▀[0m[38;2;45;50;59m[48;2;15;15;15m▀[0m[38;2;34;37;44m[48;2;15;15;13m▀[0m[38;2;14;14;13m▀[0m[38;2;15;15;15m▀[0m  [38;2;10;10;10m[48;2;10;10;10m▀[0m[38;2;240;240;239m[48;2;204;205;209m▀[0m[38;2;254;254;254m[48;2;253;253;253m▀[0m[38;2;252;252;252m[48;2;252;252;252m▀[0m[38;2;252;252;252m[48;2;252;252;252m▀[0m[38;2;252;252;252m[48;2;252;252;252m▀[0m[38;2;252;252;252m[48;2;252;252;252m▀[0m[38;2;252;252;252m[48;2;252;252;252m▀[0m[38;2;252;252;252m[48;2;252;252;252m▀[0m[38;2;252;252;252m[48;2;252;252;252m▀[0m[38;2;252;252;252m[48;2;252;252;252m▀[0m[38;2;252;252;252m[48;2;252;252;252m▀[0m[38;2;252;252;252m[48;2;252;252;252m▀[0m[38;2;252;252;252m[48;2;252;252;252m▀[0m[38;2;252;252;252m[48;2;252;252;252m▀[0m[38;2;252;252;252m[48;2;252;252;252m▀[0m[38;2;252;252;252m[48;2;253;253;253m▀[0m[38;2;255;255;255m[48;2;255;255;255m▀[0m[38;2;181;216;227m[48;2;188;214;225m▀[0m[38;2;82;97;117m[48;2;84;96;116m▀[0m[38;2;70;71;90m[48;2;70;71;90m▀[0m[38;2;20;20;21m[48;2;20;20;21m▀[0m[38;2;0;0;0m[48;2;0;0;0m▀[0m [38;2;9;9;9m▀[0m[38;2;26;29;32m[48;2;12;12;12m▀[0m[38;2;46;51;60m[48;2;14;12;11m▀[0m[38;2;45;51;60m[48;2;31;33;37m▀[0m[38;2;62;66;81m[48;2;43;47;56m▀[0m[38;2;70;73;91m[48;2;41;45;52m▀[0m[38;2;70;73;91m[48;2;42;46;53m▀[0m[38;2;38;36;45m[48;2;17;17;18m▀[0m
         [38;2;46;48;61m[48;2;16;16;15m▀[0m[38;2;253;253;253m[48;2;223;221;229m▀[0m[38;2;254;254;254m[48;2;239;239;241m▀[0m[38;2;252;252;252m[48;2;255;255;255m▀[0m[38;2;252;252;252m[48;2;255;255;255m▀[0m[38;2;252;252;252m[48;2;253;253;253m▀[0m[38;2;252;252;252m[48;2;252;252;252m▀[0m[38;2;252;252;252m[48;2;252;252;252m▀[0m[38;2;252;252;252m[48;2;252;252;252m▀[0m[38;2;252;252;252m[48;2;254;254;254m▀[0m[38;2;252;252;252m[48;2;255;255;254m▀[0m[38;2;252;252;252m[48;2;255;255;255m▀[0m[38;2;252;252;252m[48;2;253;253;253m▀[0m[38;2;255;255;255m[48;2;228;228;232m▀[0m[38;2;255;255;255m[48;2;222;221;228m▀[0m[38;2;249;249;249m[48;2;217;216;223m▀[0m[38;2;233;232;237m[48;2;172;169;186m▀[0m[38;2;196;191;204m[48;2;174;171;188m▀[0m[38;2;93;93;112m[48;2;95;96;114m▀[0m[38;2;69;71;91m[48;2;72;74;95m▀[0m[38;2;20;20;21m[48;2;21;21;22m▀[0m[38;2;0;0;0m[48;2;0;0;0m▀[0m    [38;2;14;11;11m▀[0m[38;2;14;13;13m▀[0m[38;2;13;13;11m▀[0m[38;2;13;13;11m▀[0m 
         [38;2;17;17;17m▀[0m[38;2;84;83;91m[48;2;21;21;21m▀[0m[38;2;190;188;201m[48;2;179;176;194m▀[0m[38;2;206;204;214m[48;2;165;162;180m▀[0m[38;2;213;211;220m[48;2;171;167;185m▀[0m[38;2;244;244;246m[48;2;189;186;200m▀[0m[38;2;255;255;255m[48;2;197;195;207m▀[0m[38;2;255;255;255m[48;2;196;194;206m▀[0m[38;2;255;255;255m[48;2;197;195;207m▀[0m[38;2;234;234;237m[48;2;183;181;195m▀[0m[38;2;229;228;234m[48;2;180;177;193m▀[0m[38;2;209;207;217m[48;2;167;164;182m▀[0m[38;2;224;223;229m[48;2;184;181;196m▀[0m[38;2;182;180;195m[48;2;195;192;205m▀[0m[38;2;188;185;199m[48;2;189;187;200m▀[0m[38;2;188;186;199m[48;2;194;192;204m▀[0m[38;2;181;178;194m[48;2;176;173;189m▀[0m[38;2;176;173;190m[48;2;176;173;190m▀[0m[38;2;96;97;116m[48;2;97;98;118m▀[0m[38;2;42;43;53m[48;2;18;19;21m▀[0m[38;2;19;19;19m[48;2;0;0;0m▀[0m[38;2;0;0;0m▀[0m         
         [38;2;0;0;0m▀[0m[38;2;19;19;23m[48;2;0;0;0m▀[0m[38;2;67;66;72m[48;2;36;35;38m▀[0m[38;2;177;174;191m[48;2;178;175;193m▀[0m[38;2;171;168;185m[48;2;171;168;185m▀[0m[38;2;169;165;183m[48;2;171;168;185m▀[0m[38;2;168;164;182m[48;2;171;168;185m▀[0m[38;2;168;165;182m[48;2;172;169;186m▀[0m[38;2;168;164;182m[48;2;172;169;186m▀[0m[38;2;169;166;183m[48;2;171;168;185m▀[0m[38;2;169;166;184m[48;2;171;168;185m▀[0m[38;2;171;168;185m[48;2;171;168;185m▀[0m[38;2;171;168;185m[48;2;171;168;185m▀[0m[38;2;178;175;191m[48;2;170;167;184m▀[0m[38;2;173;170;187m[48;2;171;168;185m▀[0m[38;2;176;173;189m[48;2;170;167;184m▀[0m[38;2;169;166;184m[48;2;171;168;185m▀[0m[38;2;177;174;191m[48;2;181;177;195m▀[0m[38;2;98;99;120m[48;2;59;58;64m▀[0m[38;2;22;23;26m[48;2;8;8;12m▀[0m[38;2;0;0;0m[48;2;0;0;0m▀[0m          
          [38;2;0;0;0m▀[0m[38;2;44;49;60m[48;2;0;0;0m▀[0m[38;2;99;100;119m[48;2;50;49;53m▀[0m[38;2;179;176;193m[48;2;165;161;177m▀[0m[38;2;171;168;185m[48;2;178;175;192m▀[0m[38;2;166;164;181m[48;2;123;122;140m▀[0m[38;2;162;160;177m[48;2;84;86;106m▀[0m[38;2;165;162;179m[48;2;65;67;84m▀[0m[38;2;173;170;187m[48;2;135;133;148m▀[0m[38;2;174;171;188m[48;2;151;148;163m▀[0m[38;2;171;168;185m[48;2;176;173;190m▀[0m[38;2;171;168;185m[48;2;175;172;190m▀[0m[38;2;171;168;185m[48;2;171;168;185m▀[0m[38;2;171;168;185m[48;2;171;168;185m▀[0m[38;2;171;168;185m[48;2;171;168;185m▀[0m[38;2;172;169;186m[48;2;181;178;196m▀[0m[38;2;174;170;187m[48;2;69;68;73m▀[0m[38;2;52;51;55m[48;2;0;0;0m▀[0m[38;2;0;0;0m▀[0m           
          [38;2;100;61;61m▄[0m[38;2;97;58;60m▄[0m[38;2;0;0;0m[48;2;97;68;48m▀[0m[38;2;56;57;68m[48;2;137;122;81m▀[0m[38;2;178;178;202m[48;2;201;176;151m▀[0m[38;2;175;173;192m[48;2;184;171;181m▀[0m[38;2;159;155;169m[48;2;52;57;69m▀[0m[38;2;48;46;50m[48;2;0;0;0m▀[0m[38;2;2;2;1m▀[0m[38;2;10;10;9m▀[0m[38;2;130;128;141m[48;2;0;0;0m▀[0m[38;2;140;138;151m[48;2;24;24;24m▀[0m[38;2;179;176;193m[48;2;132;131;148m▀[0m[38;2;170;168;186m[48;2;175;164;178m▀[0m[38;2;168;168;190m[48;2;193;166;142m▀[0m[38;2;177;177;201m[48;2;208;189;158m▀[0m[38;2;61;62;73m[48;2;137;121;80m▀[0m[38;2;0;0;0m[48;2;101;70;50m▀[0m[38;2;0;0;0m▄[0m           
       [38;2;99;60;60m▄[0m[38;2;102;65;60m[48;2;192;145;78m▀[0m[38;2;110;69;63m[48;2;220;172;86m▀[0m[38;2;193;145;80m[48;2;255;215;91m▀[0m[38;2;195;148;82m[48;2;234;170;76m▀[0m[38;2;216;166;85m[48;2;240;180;80m▀[0m[38;2;255;219;92m[48;2;255;213;92m▀[0m[38;2;251;189;72m[48;2;255;221;96m▀[0m[38;2;228;187;115m[48;2;255;198;83m▀[0m[38;2;151;121;81m[48;2;253;172;77m▀[0m[38;2;49;36;23m[48;2;71;52;32m▀[0m[38;2;0;0;0m[48;2;0;0;5m▀[0m  [38;2;0;0;0m[48;2;0;0;6m▀[0m[38;2;55;51;40m[48;2;72;55;31m▀[0m[38;2;225;193;124m[48;2;255;201;84m▀[0m[38;2;250;188;72m[48;2;244;187;84m▀[0m[38;2;255;210;83m[48;2;246;188;83m▀[0m[38;2;255;217;90m[48;2;255;214;92m▀[0m[38;2;223;175;88m[48;2;190;146;78m▀[0m[38;2;126;84;66m[48;2;213;163;84m▀[0m[38;2;125;87;66m▄[0m          
      [38;2;110;71;63m[48;2;109;72;65m▀[0m[38;2;208;157;83m[48;2;66;55;32m▀[0m[38;2;255;219;94m[48;2;59;52;30m▀[0m[38;2;179;133;77m[48;2;32;25;24m▀[0m[38;2;171;124;75m[48;2;32;25;24m▀[0m[38;2;252;196;86m[48;2;59;52;30m▀[0m[38;2;255;191;86m[48;2;60;50;30m▀[0m[38;2;182;132;63m[48;2;40;30;23m▀[0m[38;2;74;64;34m[48;2;0;0;0m▀[0m[38;2;76;58;33m[48;2;0;0;0m▀[0m[38;2;75;53;33m[48;2;0;0;5m▀[0m[38;2;45;34;23m[48;2;0;0;0m▀[0m[38;2;0;0;0m▀[0m  [38;2;0;0;0m▀[0m[38;2;37;26;19m[48;2;0;0;4m▀[0m[38;2;140;108;52m[48;2;52;41;34m▀[0m[38;2;253;216;92m[48;2;189;137;76m▀[0m[38;2;186;138;75m[48;2;218;149;72m▀[0m[38;2;220;176;83m[48;2;158;108;69m▀[0m[38;2;223;183;85m[48;2;214;153;76m▀[0m[38;2;176;130;76m[48;2;61;45;31m▀[0m[38;2;199;135;74m[48;2;49;37;25m▀[0m[38;2;132;87;68m[48;2;37;29;25m▀[0m         
       [38;2;0;0;0m▀[0m[38;2;0;0;0m▀[0m[38;2;0;0;0m▀[0m[38;2;0;0;0m▀[0m[38;2;0;0;0m▀[0m[38;2;0;0;0m▀[0m[38;2;0;0;0m▀[0m        [38;2;0;0;0m▀[0m[38;2;34;23;34m▀[0m[38;2;38;28;24m▀[0m[38;2;36;29;22m▀[0m[38;2;26;22;20m▀[0m[38;2;30;24;20m▀[0m[38;2;17;16;16m▀[0m[38;2;0;0;6m▀[0m[38;2;0;0;0m▀[0m         
[0m