           [38;2;79;74;106m▄[0m[38;2;78;78;117m[48;2;89;91;125m▀[0m[38;2;79;78;111m[48;2;117;144;176m▀[0m[38;2;85;84;119m[48;2;169;191;232m▀[0m[38;2;87;87;121m[48;2;56;62;78m▀[0m[38;2;0;0;0m▄[0m                       
           [38;2;69;65;98m[48;2;69;64;99m▀[0m[38;2;96;99;136m[48;2;94;97;133m▀[0m[38;2;164;193;237m[48;2;182;207;255m▀[0m[38;2;164;198;237m[48;2;140;174;210m▀[0m[38;2;35;43;52m[48;2;85;107;128m▀[0m[38;2;0;0;0m[48;2;34;42;52m▀[0m[38;2;0;0;0m▄[0m[38;2;0;0;0m▄[0m[38;2;77;73;108m▄[0m[38;2;73;66;100m▄[0m[38;2;69;68;100m[48;2;120;131;170m▀[0m[38;2;80;77;113m[48;2;150;163;198m▀[0m[38;2;37;36;53m[48;2;73;79;102m▀[0m[38;2;0;0;0m[48;2;0;0;0m▀[0m               
           [38;2;69;64;99m[48;2;69;64;99m▀[0m[38;2;94;97;133m[48;2;94;97;133m▀[0m[38;2;179;204;254m[48;2;179;204;254m▀[0m[38;2;138;170;205m[48;2;139;171;206m▀[0m[38;2;144;181;217m[48;2;128;162;194m▀[0m[38;2;86;108;130m[48;2;136;171;205m▀[0m[38;2;39;49;58m[48;2;141;176;212m▀[0m[38;2;50;60;74m[48;2;140;175;210m▀[0m[38;2;104;114;150m[48;2;135;170;203m▀[0m[38;2;100;109;144m[48;2;132;168;200m▀[0m[38;2;175;198;248m[48;2;170;197;243m▀[0m[38;2;195;226;255m[48;2;156;189;230m▀[0m[38;2;91;106;130m[48;2;65;84;100m▀[0m[38;2;0;0;0m[48;2;0;0;0m▀[0m               
           [38;2;69;64;99m[48;2;69;64;99m▀[0m[38;2;94;97;133m[48;2;94;97;133m▀[0m[38;2;179;204;254m[48;2;179;204;254m▀[0m[38;2;139;171;206m[48;2;139;171;206m▀[0m[38;2;129;163;195m[48;2;140;177;212m▀[0m[38;2;130;162;195m[48;2;67;85;102m▀[0m[38;2;128;161;193m[48;2;10;12;14m▀[0m[38;2;129;161;193m[48;2;23;24;32m▀[0m[38;2;130;162;195m[48;2;90;94;127m▀[0m[38;2;131;164;197m[48;2;129;160;194m▀[0m[38;2;130;164;196m[48;2;134;170;203m▀[0m[38;2;140;175;209m[48;2;110;123;160m▀[0m[38;2;69;86;104m[48;2;44;43;62m▀[0m[38;2;0;0;0m[48;2;0;0;0m▀[0m               
           [38;2;69;64;99m[48;2;76;68;101m▀[0m[38;2;94;97;133m[48;2;97;101;138m▀[0m[38;2;182;207;255m[48;2;152;185;224m▀[0m[38;2;141;175;210m[48;2;140;176;211m▀[0m[38;2;113;129;166m[48;2;60;68;87m▀[0m[38;2;71;73;100m[48;2;29;24;38m▀[0m[38;2;0;0;0m▀[0m[38;2;31;25;42m[48;2;102;94;138m▀[0m[38;2;86;86;120m[48;2;87;88;122m▀[0m[38;2;129;160;194m[48;2;129;160;194m▀[0m[38;2;140;176;210m[48;2;144;183;218m▀[0m[38;2;57;68;84m[48;2;43;56;66m▀[0m[38;2;12;11;17m[48;2;0;0;0m▀[0m[38;2;0;0;0m▀[0m               
           [38;2;75;75;105m▀[0m[38;2;89;91;125m[48;2;63;0;0m▀[0m[38;2;105;124;156m[48;2;76;74;107m▀[0m[38;2;137;170;206m[48;2;134;163;199m▀[0m[38;2;34;44;51m[48;2;39;50;59m▀[0m[38;2;0;0;0m[48;2;0;0;0m▀[0m [38;2;79;73;107m[48;2;71;65;98m▀[0m[38;2;87;88;122m[48;2;86;87;121m▀[0m[38;2;130;161;195m[48;2;132;164;197m▀[0m[38;2;126;150;186m[48;2;75;80;108m▀[0m[38;2;38;45;56m[48;2;21;19;29m▀[0m[38;2;0;0;0m[48;2;0;0;0m▀[0m                
            [38;2;85;72;109m[48;2;85;72;109m▀[0m[38;2;80;80;113m[48;2;80;80;113m▀[0m[38;2;134;164;200m[48;2;134;164;200m▀[0m[38;2;39;50;59m[48;2;39;50;59m▀[0m[38;2;0;0;0m[48;2;0;0;0m▀[0m[38;2;109;109;145m[48;2;96;92;133m▀[0m[38;2;83;83;117m[48;2;96;102;137m▀[0m[38;2;92;97;131m[48;2;133;167;200m▀[0m[38;2;134;167;201m[48;2;135;169;204m▀[0m[38;2;20;27;31m[48;2;23;29;35m▀[0m[38;2;0;0;0m[48;2;0;0;0m▀[0m                 
            [38;2;85;72;109m[48;2;12;12;24m▀[0m[38;2;85;85;119m[48;2;13;14;23m▀[0m[38;2;135;165;202m[48;2;120;153;186m▀[0m[38;2;33;43;50m[48;2;122;156;189m▀[0m[38;2;0;0;0m[48;2;42;56;69m▀[0m[38;2;110;102;148m[48;2;35;45;58m▀[0m[38;2;95;101;136m[48;2;134;166;205m▀[0m[38;2;132;164;198m[48;2;128;164;198m▀[0m[38;2;96;102;138m[48;2;18;20;31m▀[0m[38;2;16;15;22m[48;2;6;6;9m▀[0m[38;2;0;0;0m[48;2;0;0;0m▀[0m                 
          [38;2;77;61;61m▄[0m[38;2;85;65;67m▄[0m[38;2;0;0;0m[48;2;96;80;73m▀[0m[38;2;41;31;29m[48;2;162;151;116m▀[0m[38;2;94;97;109m[48;2;157;146;107m▀[0m[38;2;118;126;142m[48;2;130;112;82m▀[0m[38;2;77;74;79m[48;2;124;105;82m▀[0m[38;2;66;61;64m[48;2;136;119;91m▀[0m[38;2;111;119;134m[48;2;142;126;88m▀[0m[38;2;101;106;119m[48;2;140;124;88m▀[0m[38;2;48;38;37m[48;2;153;139;103m▀[0m[38;2;3;3;1m[48;2;52;45;39m▀[0m[38;2;0;0;0m[48;2;52;41;43m▀[0m[38;2;77;66;66m▄[0m          [38;2;0;0;0m▄[0m[38;2;0;0;0m[48;2;54;61;77m▀[0m[38;2;0;0;0m[48;2;85;97;106m▀[0m[38;2;0;0;0m[48;2;51;58;73m▀[0m[38;2;0;0;0m[48;2;0;0;0m▀[0m 
       [38;2;90;75;75m▄[0m[38;2;89;70;70m[48;2;102;86;76m▀[0m[38;2;85;70;70m[48;2;105;87;79m▀[0m[38;2;111;95;79m[48;2;152;139;101m▀[0m[38;2;135;119;96m[48;2;236;232;148m▀[0m[38;2;144;132;105m[48;2;238;237;162m▀[0m[38;2;232;230;157m[48;2;170;153;104m▀[0m[38;2;238;237;162m[48;2;166;148;101m▀[0m[38;2;201;190;127m[48;2;199;189;123m▀[0m[38;2;182;167;110m[48;2;219;212;134m▀[0m[38;2;194;182;119m[48;2;199;188;122m▀[0m[38;2;215;206;132m[48;2;176;161;109m▀[0m[38;2;222;215;136m[48;2;211;204;130m▀[0m[38;2;224;217;137m[48;2;213;205;131m▀[0m[38;2;145;132;99m[48;2;217;210;133m▀[0m[38;2;133;117;95m[48;2;226;219;137m▀[0m[38;2;117;103;84m[48;2;174;161;114m▀[0m[38;2;68;48;62m[48;2;94;78;73m▀[0m[38;2;79;63;63m▄[0m     [38;2;0;0;0m▄[0m[38;2;6;6;6m▄[0m[38;2;0;0;0m[48;2;9;11;14m▀[0m[38;2;23;30;36m[48;2;124;155;186m▀[0m[38;2;142;166;205m[48;2;143;178;216m▀[0m[38;2;185;213;237m[48;2;58;74;90m▀[0m[38;2;107;122;152m[48;2;1;3;4m▀[0m[38;2;0;0;0m[48;2;0;0;0m▀[0m 
     [38;2;91;81;72m▄[0m[38;2;99;84;75m▄[0m[38;2;92;76;71m[48;2;156;140;100m▀[0m[38;2;156;139;100m[48;2;173;157;107m▀[0m[38;2;169;152;103m[48;2;176;160;107m▀[0m[38;2;200;191;131m[48;2;166;148;106m▀[0m[38;2;239;240;162m[48;2;172;153;113m▀[0m[38;2;208;200;128m[48;2;215;207;132m▀[0m[38;2;172;156;106m[48;2;208;199;128m▀[0m[38;2;171;155;106m[48;2;174;158;107m▀[0m[38;2;170;153;104m[48;2;165;147;101m▀[0m[38;2;195;183;119m[48;2;192;180;118m▀[0m[38;2;218;210;134m[48;2;220;213;134m▀[0m[38;2;204;194;126m[48;2;200;189;125m▀[0m[38;2;174;159;107m[48;2;148;123;97m▀[0m[38;2;211;203;130m[48;2;214;206;131m▀[0m[38;2;214;206;131m[48;2;215;208;132m▀[0m[38;2;213;205;131m[48;2;214;206;132m▀[0m[38;2;219;211;134m[48;2;218;211;134m▀[0m[38;2;181;170;115m[48;2;217;210;133m▀[0m[38;2;88;71;69m[48;2;183;172;116m▀[0m[38;2;88;71;69m▄[0m[38;2;0;0;63m▄[0m   [38;2;0;0;0m[48;2;0;0;0m▀[0m[38;2;11;13;16m[48;2;5;6;7m▀[0m[38;2;125;157;189m[48;2;180;208;255m▀[0m[38;2;181;210;255m[48;2;105;108;146m▀[0m[38;2;109;114;152m[48;2;111;130;164m▀[0m[38;2;109;127;161m[48;2;139;175;210m▀[0m[38;2;87;111;133m[48;2;85;105;127m▀[0m[38;2;0;0;0m[48;2;0;0;0m▀[0m 
    [38;2;87;67;67m▄[0m[38;2;70;56;56m[48;2;114;99;82m▀[0m[38;2;95;78;74m[48;2;159;146;103m▀[0m[38;2;163;146;101m[48;2;205;198;136m▀[0m[38;2;177;161;107m[48;2;169;151;109m▀[0m[38;2;164;145;104m[48;2;142;116;94m▀[0m[38;2;144;118;95m[48;2;156;132;102m▀[0m[38;2;155;132;102m[48;2;192;179;120m▀[0m[38;2;217;210;133m[48;2;214;207;132m▀[0m[38;2;215;207;132m[48;2;213;205;131m▀[0m[38;2;203;193;125m[48;2;217;210;133m▀[0m[38;2;200;189;123m[48;2;226;219;139m▀[0m[38;2;207;198;127m[48;2;228;220;140m▀[0m[38;2;215;207;132m[48;2;225;216;138m▀[0m[38;2;210;201;130m[48;2;221;214;135m▀[0m[38;2;191;177;120m[48;2;213;205;131m▀[0m[38;2;167;147;107m[48;2;141;114;94m▀[0m[38;2;206;196;128m[48;2;207;196;128m▀[0m[38;2;199;188;122m[48;2;179;163;112m▀[0m[38;2;172;154;109m[48;2;142;117;94m▀[0m[38;2;183;166;116m[48;2;152;128;100m▀[0m[38;2;222;215;136m[48;2;188;173;118m▀[0m[38;2;180;169;115m[48;2;218;211;134m▀[0m[38;2;111;94;82m[48;2;112;95;84m▀[0m[38;2;83;65;65m[48;2;58;39;39m▀[0m[38;2;98;98;145m▄[0m[38;2;0;0;0m[48;2;59;56;82m▀[0m[38;2;33;40;49m[48;2;76;82;107m▀[0m[38;2;132;149;187m[48;2;194;221;255m▀[0m[38;2;113;120;159m[48;2;74;71;103m▀[0m[38;2;111;131;164m[48;2;124;155;187m▀[0m[38;2;127;159;191m[48;2;134;169;202m▀[0m[38;2;135;171;204m[48;2;132;165;198m▀[0m[38;2;122;152;183m[48;2;146;183;219m▀[0m[38;2;79;98;119m[48;2;119;148;179m▀[0m[38;2;0;0;0m[48;2;0;0;0m▀[0m
   [38;2;85;60;60m▄[0m[38;2;72;54;58m[48;2;106;92;80m▀[0m[38;2;122;104;89m[48;2;144;132;104m▀[0m[38;2;232;227;147m[48;2;241;242;167m▀[0m[38;2;246;248;170m[48;2;240;241;166m▀[0m[38;2;185;171;123m[48;2;222;217;141m▀[0m[38;2;162;140;104m[48;2;217;209;131m▀[0m[38;2;190;176;119m[48;2;216;208;132m▀[0m[38;2;220;214;134m[48;2;213;205;131m▀[0m[38;2;213;205;131m[48;2;213;205;131m▀[0m[38;2;215;207;132m[48;2;210;201;129m▀[0m[38;2;211;200;130m[48;2;157;143;97m▀[0m[38;2;159;152;98m[48;2;25;22;14m▀[0m[38;2;141;135;86m[48;2;0;0;0m▀[0m[38;2;152;144;95m[48;2;8;4;8m▀[0m[38;2;188;177;120m[48;2;103;89;74m▀[0m[38;2;214;206;131m[48;2;214;204;131m▀[0m[38;2;171;153;110m[48;2;219;213;134m▀[0m[38;2;188;173;119m[48;2;152;128;100m▀[0m[38;2;178;162;114m[48;2;193;180;121m▀[0m[38;2;157;134;103m[48;2;195;182;122m▀[0m[38;2;140;112;94m[48;2;153;129;100m▀[0m[38;2;150;126;99m[48;2;166;146;107m▀[0m[38;2;213;205;131m[48;2;214;206;131m▀[0m[38;2;149;136;100m[48;2;226;219;137m▀[0m[38;2;120;104;81m[48;2;137;120;95m▀[0m[38;2;50;46;62m[48;2;28;20;19m▀[0m[38;2;84;86;119m[48;2;76;91;115m▀[0m[38;2;135;146;190m[48;2;166;188;236m▀[0m[38;2;143;160;203m[48;2;74;74;105m▀[0m[38;2;99;110;143m[48;2;133;168;201m▀[0m[38;2;126;156;189m[48;2;133;166;199m▀[0m[38;2;134;168;201m[48;2;134;169;202m▀[0m[38;2;123;149;183m[48;2;112;130;165m▀[0m[38;2;104;124;154m[48;2;59;61;83m▀[0m[38;2;70;87;104m[48;2;16;20;25m▀[0m[38;2;0;0;0m[48;2;141;141;207m▀[0m
   [38;2;80;61;61m[48;2;82;63;63m▀[0m[38;2;149;137;108m[48;2;148;135;107m▀[0m[38;2;250;251;171m[48;2;246;247;169m▀[0m[38;2;238;238;164m[48;2;238;238;164m▀[0m[38;2;239;240;166m[48;2;240;241;167m▀[0m[38;2;219;213;139m[48;2;219;213;139m▀[0m[38;2;212;203;129m[48;2;212;203;129m▀[0m[38;2;213;205;131m[48;2;213;205;131m▀[0m[38;2;214;206;132m[48;2;219;211;135m▀[0m[38;2;210;201;130m[48;2;197;190;121m▀[0m[38;2;166;151;103m[48;2;11;10;7m▀[0m[38;2;15;13;9m[48;2;0;0;0m▀[0m[38;2;6;5;6m[48;2;152;146;152m▀[0m[38;2;11;11;11m[48;2;244;244;244m▀[0m[38;2;6;7;7m[48;2;159;159;159m▀[0m[38;2;25;23;14m[48;2;0;0;0m▀[0m[38;2;171;155;106m[48;2;18;17;11m▀[0m[38;2;214;206;131m[48;2;205;198;126m▀[0m[38;2;156;133;102m[48;2;157;133;103m▀[0m[38;2;188;173;118m[48;2;189;174;118m▀[0m[38;2;218;211;134m[48;2;218;212;134m▀[0m[38;2;215;208;132m[48;2;213;205;131m▀[0m[38;2;215;207;132m[48;2;213;206;131m▀[0m[38;2;213;205;131m[48;2;215;208;132m▀[0m[38;2;219;211;134m[48;2;215;207;132m▀[0m[38;2;130;115;86m[48;2;217;210;133m▀[0m[38;2;84;75;93m[48;2;143;129;94m▀[0m[38;2;103;119;153m[48;2;82;71;85m▀[0m[38;2;119;146;178m[48;2;93;103;139m▀[0m[38;2;86;89;122m[48;2;131;164;197m▀[0m[38;2;130;163;196m[48;2;131;164;197m▀[0m[38;2;132;165;198m[48;2;131;164;197m▀[0m[38;2;131;164;197m[48;2;131;164;197m▀[0m[38;2;132;165;198m[48;2;131;164;197m▀[0m[38;2;136;172;205m[48;2;137;171;206m▀[0m[38;2;125;152;186m[48;2;107;133;160m▀[0m[38;2;79;78;111m[48;2;4;4;5m▀[0m
   [38;2;14;10;10m[48;2;0;0;0m▀[0m[38;2;82;80;58m[48;2;59;59;37m▀[0m[38;2;253;254;175m[48;2;237;233;154m▀[0m[38;2;238;238;164m[48;2;238;238;164m▀[0m[38;2;219;214;140m[48;2;214;207;133m▀[0m[38;2;213;206;132m[48;2;212;204;130m▀[0m[38;2;213;205;131m[48;2;213;205;131m▀[0m[38;2;215;207;132m[48;2;215;208;132m▀[0m[38;2;210;200;129m[48;2;208;197;128m▀[0m[38;2;161;147;98m[48;2;152;137;93m▀[0m[38;2;0;0;0m[48;2;0;0;0m▀[0m[38;2;161;155;162m[48;2;220;217;221m▀[0m[38;2;242;239;242m[48;2;255;255;255m▀[0m[38;2;255;255;255m[48;2;255;255;255m▀[0m[38;2;243;241;243m[48;2;255;255;255m▀[0m[38;2;149;143;151m[48;2;206;203;208m▀[0m[38;2;0;1;0m[48;2;2;1;0m▀[0m[38;2;203;195;124m[48;2;203;195;124m▀[0m[38;2;211;201;130m[48;2;225;218;137m▀[0m[38;2;170;150;109m[48;2;165;144;107m▀[0m[38;2;181;165;115m[48;2;175;157;111m▀[0m[38;2;220;214;135m[48;2;206;197;128m▀[0m[38;2;210;201;130m[48;2;164;143;106m▀[0m[38;2;159;136;104m[48;2;145;119;97m▀[0m[38;2;177;162;109m[48;2;151;127;98m▀[0m[38;2;217;208;132m[48;2;209;198;129m▀[0m[38;2;149;136;96m[48;2;141;126;89m▀[0m[38;2;79;65;78m[48;2;91;91;108m▀[0m[38;2;89;95;131m[48;2;122;152;190m▀[0m[38;2;134;170;203m[48;2;132;165;198m▀[0m[38;2;131;164;197m[48;2;131;164;197m▀[0m[38;2;131;164;197m[48;2;134;169;202m▀[0m[38;2;131;164;197m[48;2;137;174;207m▀[0m[38;2;132;167;199m[48;2;122;145;181m▀[0m[38;2;143;179;215m[48;2;83;93;121m▀[0m[38;2;113;141;169m[48;2;38;48;57m▀[0m[38;2;0;0;0m[48;2;0;0;0m▀[0m
   [38;2;0;0;0m[48;2;0;0;0m▀[0m[38;2;59;57;35m[48;2;57;56;34m▀[0m[38;2;228;220;141m[48;2;229;222;143m▀[0m[38;2;238;238;164m[48;2;238;238;164m▀[0m[38;2;215;208;134m[48;2;215;208;134m▀[0m[38;2;212;204;130m[48;2;212;204;130m▀[0m[38;2;213;205;131m[48;2;214;206;132m▀[0m[38;2;215;208;132m[48;2;216;209;133m▀[0m[38;2;208;198;128m[48;2;208;198;128m▀[0m[38;2;154;139;94m[48;2;154;139;94m▀[0m[38;2;0;0;0m[48;2;0;0;0m▀[0m[38;2;230;231;231m[48;2;233;234;234m▀[0m[38;2;152;152;152m[48;2;106;106;106m▀[0m[38;2;183;183;183m[48;2;150;150;150m▀[0m[38;2;255;255;255m[48;2;255;255;255m▀[0m[38;2;207;208;208m[48;2;207;207;208m▀[0m[38;2;2;1;0m[48;2;2;1;0m▀[0m[38;2;203;195;124m[48;2;203;195;124m▀[0m[38;2;222;215;136m[48;2;222;215;136m▀[0m[38;2;166;145;107m[48;2;166;145;107m▀[0m[38;2;178;162;113m[48;2;177;160;112m▀[0m[38;2;196;185;123m[48;2;205;196;127m▀[0m[38;2;137;109;92m[48;2;161;140;105m▀[0m[38;2;148;123;98m[48;2;146;120;97m▀[0m[38;2;142;115;95m[48;2;150;126;97m▀[0m[38;2;201;190;125m[48;2;199;188;123m▀[0m[38;2;183;172;112m[48;2;230;224;140m▀[0m[38;2;134;130;113m[48;2;170;154;100m▀[0m[38;2;118;137;159m[48;2;94;86;90m▀[0m[38;2;132;166;200m[48;2;133;168;203m▀[0m[38;2;132;165;198m[48;2;132;165;198m▀[0m[38;2;108;126;159m[48;2;98;109;142m▀[0m[38;2;109;125;159m[48;2;97;104;139m▀[0m[38;2;97;107;142m[48;2;88;91;125m▀[0m[38;2;34;25;43m[48;2;80;71;107m▀[0m[38;2;0;0;0m[48;2;92;92;133m▀[0m 
  [38;2;85;85;85m▄[0m[38;2;8;6;6m[48;2;85;68;68m▀[0m[38;2;70;66;44m[48;2;139;124;96m▀[0m[38;2;228;221;142m[48;2;223;217;139m▀[0m[38;2;238;238;164m[48;2;238;238;164m▀[0m[38;2;215;208;134m[48;2;215;208;134m▀[0m[38;2;213;205;131m[48;2;214;207;132m▀[0m[38;2;210;201;129m[48;2;185;171;113m▀[0m[38;2;211;204;130m[48;2;187;174;116m▀[0m[38;2;208;199;128m[48;2;211;202;130m▀[0m[38;2;154;139;94m[48;2;154;139;94m▀[0m[38;2;0;0;0m[48;2;0;0;0m▀[0m[38;2;219;218;220m[48;2;193;186;194m▀[0m[38;2;255;255;255m[48;2;253;251;253m▀[0m[38;2;255;255;255m[48;2;255;255;255m▀[0m[38;2;255;255;255m[48;2;253;251;253m▀[0m[38;2;205;204;207m[48;2;179;172;181m▀[0m[38;2;2;1;0m[48;2;2;2;0m▀[0m[38;2;203;195;124m[48;2;203;195;124m▀[0m[38;2;222;215;136m[48;2;222;215;136m▀[0m[38;2;166;145;107m[48;2;166;145;107m▀[0m[38;2;174;156;111m[48;2;174;156;111m▀[0m[38;2;221;215;135m[48;2;218;211;133m▀[0m[38;2;209;200;129m[48;2;213;205;131m▀[0m[38;2;157;133;103m[48;2;214;206;132m▀[0m[38;2;176;159;108m[48;2;214;206;131m▀[0m[38;2;206;197;126m[48;2;213;205;131m▀[0m[38;2;223;216;136m[48;2;221;214;135m▀[0m[38;2;166;152;101m[48;2;164;150;100m▀[0m[38;2;98;93;99m[48;2;95;91;97m▀[0m[38;2;133;168;203m[48;2;133;168;203m▀[0m[38;2;131;164;197m[48;2;131;164;197m▀[0m[38;2;134;168;201m[48;2;131;164;197m▀[0m[38;2;137;174;207m[48;2;132;165;198m▀[0m[38;2;112;130;164m[48;2;130;163;195m▀[0m[38;2;97;99;136m[48;2;158;189;231m▀[0m[38;2;92;95;130m[48;2;150;170;212m▀[0m[38;2;0;0;0m[48;2;0;0;0m▀[0m
  [38;2;92;77;72m[48;2;98;83;77m▀[0m[38;2;122;100;87m[48;2;132;109;94m▀[0m[38;2;168;147;108m[48;2;160;138;102m▀[0m[38;2;222;217;139m[48;2;196;185;122m▀[0m[38;2;238;238;164m[48;2;248;250;170m▀[0m[38;2;217;210;135m[48;2;227;221;140m▀[0m[38;2;185;173;113m[48;2;170;150;108m▀[0m[38;2;154;132;99m[48;2;144;117;96m▀[0m[38;2;176;158;112m[48;2;180;161;114m▀[0m[38;2;212;203;131m[48;2;229;222;139m▀[0m[38;2;154;139;95m[48;2;185;176;114m▀[0m[38;2;2;2;1m[48;2;0;0;0m▀[0m[38;2;14;14;14m[48;2;0;0;0m▀[0m[38;2;176;170;176m[48;2;32;31;32m▀[0m[38;2;255;255;255m[48;2;54;54;54m▀[0m[38;2;183;183;183m[48;2;34;34;34m▀[0m[38;2;13;13;13m[48;2;0;0;0m▀[0m[38;2;9;8;6m[48;2;3;3;1m▀[0m[38;2;203;196;125m[48;2;203;196;125m▀[0m[38;2;222;215;136m[48;2;227;221;138m▀[0m[38;2;166;145;107m[48;2;164;143;106m▀[0m[38;2;174;156;111m[48;2;173;154;111m▀[0m[38;2;218;212;133m[48;2;210;202;129m▀[0m[38;2;215;208;132m[48;2;178;162;109m▀[0m[38;2;216;209;133m[48;2;162;140;105m▀[0m[38;2;215;208;132m[48;2;179;165;110m▀[0m[38;2;213;205;131m[48;2;205;197;126m▀[0m[38;2;227;218;140m[48;2;240;232;149m▀[0m[38;2;123;116;69m[48;2;125;117;66m▀[0m[38;2;21;28;41m[48;2;1;9;19m▀[0m[38;2;136;172;206m[48;2;138;173;208m▀[0m[38;2;129;162;194m[48;2;170;197;243m▀[0m[38;2;130;165;197m[48;2;96;104;138m▀[0m[38;2;168;196;241m[48;2;83;85;119m▀[0m[38;2;181;207;254m[48;2;149;165;210m▀[0m[38;2;186;212;254m[48;2;208;238;255m▀[0m[38;2;146;166;207m[48;2;155;177;221m▀[0m[38;2;0;0;0m[48;2;0;0;0m▀[0m
  [38;2;35;30;27m[48;2;0;0;0m▀[0m[38;2;95;79;65m[48;2;55;49;39m▀[0m[38;2;148;126;99m[48;2;155;116;102m▀[0m[38;2;115;109;83m[48;2;172;100;104m▀[0m[38;2;141;140;105m[48;2;170;96;100m▀[0m[38;2;133;129;94m[48;2;171;97;101m▀[0m[38;2;110;100;81m[48;2;175;104;104m▀[0m[38;2;105;92;78m[48;2;162;93;100m▀[0m[38;2;115;106;83m[48;2;150;78;96m▀[0m[38;2;161;156;107m[48;2;135;82;86m▀[0m[38;2;227;219;140m[48;2;120;124;74m▀[0m[38;2;134;129;83m[48;2;240;230;147m▀[0m[38;2;3;2;2m[48;2;115;111;71m▀[0m[38;2;0;0;0m[48;2;51;45;36m▀[0m[38;2;0;0;0m[48;2;32;25;27m▀[0m[38;2;0;0;0m[48;2;34;27;28m▀[0m[38;2;2;1;2m[48;2;57;50;43m▀[0m[38;2;62;50;47m[48;2;164;150;109m▀[0m[38;2;207;199;128m[48;2;220;212;135m▀[0m[38;2;185;168;117m[48;2;131;111;90m▀[0m[38;2;181;163;114m[48;2;181;169;115m▀[0m[38;2;204;194;127m[48;2;227;221;138m▀[0m[38;2;197;185;123m[48;2;204;194;127m▀[0m[38;2;146;121;95m[48;2;168;148;109m▀[0m[38;2;145;119;96m[48;2;144;118;96m▀[0m[38;2;152;129;98m[48;2;139;112;93m▀[0m[38;2;209;198;130m[48;2;223;210;140m▀[0m[38;2;138;132;80m[48;2;73;68;33m▀[0m[38;2;68;74;67m[48;2;27;43;65m▀[0m[38;2;99;123;152m[48;2;156;192;232m▀[0m[38;2;170;198;243m[48;2;165;192;235m▀[0m[38;2;183;208;255m[48;2;182;207;255m▀[0m[38;2;146;161;205m[48;2;187;213;255m▀[0m[38;2;142;157;189m[48;2;196;224;255m▀[0m[38;2;94;105;134m[48;2;122;139;173m▀[0m[38;2;62;71;80m[48;2;68;77;92m▀[0m[38;2;51;60;75m[48;2;60;68;85m▀[0m[38;2;0;0;0m[48;2;0;0;0m▀[0m
  [38;2;0;0;0m[48;2;0;0;0m▀[0m[38;2;25;25;22m[48;2;0;0;0m▀[0m[38;2;111;72;70m[48;2;0;0;0m▀[0m[38;2;195;94;101m[48;2;12;4;7m▀[0m[38;2;194;91;98m[48;2;15;7;8m▀[0m[38;2;194;91;98m[48;2;15;8;8m▀[0m[38;2;195;94;99m[48;2;11;4;6m▀[0m[38;2;171;73;91m[48;2;11;4;6m▀[0m[38;2;160;60;89m[48;2;13;5;7m▀[0m[38;2;126;44;69m[48;2;59;24;33m▀[0m[38;2;46;17;25m[48;2;185;73;104m▀[0m[38;2;150;148;92m[48;2;10;0;5m▀[0m[38;2;232;225;142m[48;2;164;158;101m▀[0m[38;2;167;153;110m[48;2;215;207;132m▀[0m[38;2;131;116;93m[48;2;218;209;134m▀[0m[38;2;128;113;90m[48;2;200;187;122m▀[0m[38;2;140;125;95m[48;2;171;153;105m▀[0m[38;2;215;206;131m[48;2;159;142;99m▀[0m[38;2;186;177;118m[48;2;98;81;74m▀[0m[38;2;114;96;81m[48;2;139;114;94m▀[0m[38;2;167;154;107m[48;2;164;143;103m▀[0m[38;2;209;199;128m[48;2;166;149;103m▀[0m[38;2;210;202;128m[48;2;178;163;110m▀[0m[38;2;214;206;132m[48;2;209;200;129m▀[0m[38;2;165;145;107m[48;2;213;205;130m▀[0m[38;2;165;145;107m[48;2;223;215;137m▀[0m[38;2;170;161;105m[48;2;33;31;15m▀[0m[38;2;68;63;43m[48;2;35;36;63m▀[0m[38;2;56;69;92m[48;2;112;126;162m▀[0m[38;2;138;175;209m[48;2;131;163;197m▀[0m[38;2;129;162;195m[48;2;136;169;203m▀[0m[38;2;166;194;239m[48;2;127;162;193m▀[0m[38;2;182;208;255m[48;2;164;187;233m▀[0m[38;2;182;206;255m[48;2;176;200;247m▀[0m[38;2;188;213;255m[48;2;179;205;254m▀[0m[38;2;202;230;255m[48;2;190;216;255m▀[0m[38;2;156;177;221m[48;2;146;167;208m▀[0m[38;2;0;0;0m[48;2;0;0;0m▀[0m
   [38;2;0;0;0m[48;2;0;0;0m▀[0m[38;2;57;22;32m[48;2;16;5;11m▀[0m[38;2;224;92;124m[48;2;25;10;14m▀[0m[38;2;255;123;131m[48;2;23;9;11m▀[0m[38;2;255;125;132m[48;2;21;8;10m▀[0m[38;2;217;91;119m[48;2;17;4;8m▀[0m[38;2;202;80;114m[48;2;15;2;8m▀[0m[38;2;216;86;121m[48;2;16;3;8m▀[0m[38;2;152;61;85m[48;2;55;20;30m▀[0m[38;2;9;4;5m[48;2;204;81;114m▀[0m[38;2;205;82;115m[48;2;220;88;123m▀[0m[38;2;19;2;10m[48;2;10;0;4m▀[0m[38;2;117;111;72m[48;2;96;84;64m▀[0m[38;2;169;148;108m[48;2;161;134;105m▀[0m[38;2;148;122;98m[48;2;130;108;90m▀[0m[38;2;138;115;93m[48;2;106;89;79m▀[0m[38;2;99;83;74m[48;2;144;119;96m▀[0m[38;2;146;121;97m[48;2;148;123;98m▀[0m[38;2;149;124;98m[48;2;148;123;98m▀[0m[38;2;148;123;98m[48;2;154;128;102m▀[0m[38;2;148;123;98m[48;2;153;127;101m▀[0m[38;2;147;122;98m[48;2;147;122;97m▀[0m[38;2;151;127;99m[48;2;148;123;98m▀[0m[38;2;172;156;106m[48;2;150;126;99m▀[0m[38;2;180;164;111m[48;2;165;139;109m▀[0m[38;2;30;24;10m[48;2;27;18;9m▀[0m[38;2;72;95;117m[48;2;77;103;125m▀[0m[38;2;115;136;170m[48;2;121;142;178m▀[0m[38;2;102;106;143m[48;2;87;91;124m▀[0m[38;2;181;208;255m[48;2;146;181;216m▀[0m[38;2;132;166;199m[48;2;175;201;249m▀[0m[38;2;85;87;120m[48;2;137;168;204m▀[0m[38;2;112;135;166m[48;2;29;39;46m▀[0m[38;2;160;191;233m[48;2;51;52;72m▀[0m[38;2;191;217;255m[48;2;77;80;106m▀[0m[38;2;145;165;206m[48;2;17;19;24m▀[0m[38;2;0;0;0m[48;2;0;0;0m▀[0m
   [38;2;64;56;86m▄[0m[38;2;0;0;0m[48;2;80;87;118m▀[0m[38;2;0;0;0m[48;2;80;95;110m▀[0m[38;2;67;59;52m[48;2;101;81;69m▀[0m[38;2;110;94;75m[48;2;64;52;39m▀[0m[38;2;107;92;72m[48;2;143;118;93m▀[0m[38;2;104;89;69m[48;2;166;137;110m▀[0m[38;2;110;94;73m[48;2;159;132;105m▀[0m[38;2;91;72;59m[48;2;137;115;91m▀[0m[38;2;50;15;27m[48;2;72;65;49m▀[0m[38;2;42;12;22m[48;2;73;65;49m▀[0m[38;2;99;79;65m[48;2;146;122;97m▀[0m[38;2;139;116;92m[48;2;155;129;102m▀[0m[38;2;155;129;102m[48;2;132;110;91m▀[0m[38;2;130;108;89m[48;2;119;99;85m▀[0m[38;2;98;82;75m[48;2;131;109;90m▀[0m[38;2;152;125;100m[48;2;153;126;97m▀[0m[38;2;148;123;98m[48;2;150;120;90m▀[0m[38;2;157;127;98m[48;2;145;146;146m▀[0m[38;2;60;46;31m[48;2;92;112;132m▀[0m[38;2;82;66;50m[48;2;57;62;68m▀[0m[38;2;168;139;111m[48;2;60;46;32m▀[0m[38;2;159;132;105m[48;2;70;55;40m▀[0m[38;2;146;120;97m[48;2;157;130;104m▀[0m[38;2;47;39;32m[48;2;6;5;4m▀[0m[38;2;16;10;5m[48;2;0;0;0m▀[0m[38;2;28;37;45m[48;2;0;0;0m▀[0m[38;2;72;88;107m[48;2;56;72;85m▀[0m[38;2;117;138;172m[48;2;136;165;202m▀[0m[38;2;99;108;143m[48;2;82;78;113m▀[0m[38;2;181;205;255m[48;2;186;211;255m▀[0m[38;2;174;203;248m[48;2;184;210;255m▀[0m[38;2;150;172;198m[48;2;194;221;255m▀[0m[38;2;61;68;89m[48;2;148;169;200m▀[0m[38;2;4;1;5m[48;2;76;87;108m▀[0m[38;2;0;0;0m[48;2;0;0;0m▀[0m 
 [38;2;59;53;83m▄[0m[38;2;59;55;80m[48;2;97;99;135m▀[0m[38;2;90;97;129m[48;2;127;148;186m▀[0m[38;2;123;144;182m[48;2;137;174;207m▀[0m[38;2;140;173;205m[48;2;134;167;201m▀[0m[38;2;111;116;124m[48;2;122;151;187m▀[0m[38;2;25;28;43m[48;2;95;97;133m▀[0m[38;2;64;53;44m[48;2;19;21;38m▀[0m[38;2;131;108;84m[48;2;69;58;48m▀[0m[38;2;159;133;106m[48;2;125;105;83m▀[0m[38;2;156;130;103m[48;2;125;103;83m▀[0m[38;2;158;132;105m[48;2;153;127;102m▀[0m[38;2;159;132;105m[48;2;152;126;100m▀[0m[38;2;149;124;99m[48;2;150;125;99m▀[0m[38;2;154;128;101m[48;2;142;118;95m▀[0m[38;2;115;97;83m[48;2;118;99;84m▀[0m[38;2;110;91;79m[48;2;123;102;84m▀[0m[38;2;149;125;102m[48;2;140;118;100m▀[0m[38;2;119;106;107m[48;2;91;89;116m▀[0m[38;2;144;140;137m[48;2;120;148;186m▀[0m[38;2;132;163;193m[48;2;131;165;199m▀[0m[38;2;145;186;225m[48;2;122;149;182m▀[0m[38;2;96;122;147m[48;2;129;159;193m▀[0m[38;2;41;56;71m[48;2;147;184;220m▀[0m[38;2;47;57;67m[48;2;124;157;189m▀[0m[38;2;85;68;51m[48;2;17;26;35m▀[0m[38;2;6;3;0m[48;2;70;70;103m▀[0m[38;2;0;0;0m[48;2;85;80;115m▀[0m[38;2;0;0;0m[48;2;255;255;255m▀[0m[38;2;42;54;64m[48;2;5;2;5m▀[0m[38;2;87;108;131m[48;2;38;44;57m▀[0m[38;2;107;121;156m[48;2;127;156;191m▀[0m[38;2;139;152;195m[48;2;86;91;122m▀[0m[38;2;183;208;255m[48;2;129;145;182m▀[0m[38;2;182;208;255m[48;2;176;201;246m▀[0m[38;2;204;232;255m[48;2;173;196;231m▀[0m[38;2;132;150;187m[48;2;98;112;139m▀[0m[38;2;0;0;0m[48;2;0;0;0m▀[0m 
[38;2;80;80;120m[48;2;80;79;112m▀[0m[38;2;81;81;115m[48;2;162;182;229m▀[0m[38;2;157;175;223m[48;2;152;184;223m▀[0m[38;2;164;196;239m[48;2;138;173;208m▀[0m[38;2;126;161;192m[48;2;93;117;139m▀[0m[38;2;115;141;172m[48;2;4;3;5m▀[0m[38;2;79;78;111m[48;2;83;83;116m▀[0m[38;2;82;81;115m[48;2;87;87;123m▀[0m[38;2;87;87;121m[48;2;21;21;29m▀[0m[38;2;29;30;44m[48;2;2;2;2m▀[0m[38;2;0;0;0m[48;2;0;0;0m▀[0m[38;2;28;23;19m[48;2;3;3;0m▀[0m[38;2;144;120;96m[48;2;3;3;2m▀[0m[38;2;137;114;91m[48;2;3;3;2m▀[0m[38;2;147;121;97m[48;2;85;71;65m▀[0m[38;2;110;92;80m[48;2;139;115;95m▀[0m[38;2;125;104;87m[48;2;153;127;100m▀[0m[38;2;154;128;101m[48;2;151;125;100m▀[0m[38;2;150;125;99m[48;2;154;127;102m▀[0m[38;2;148;123;98m[48;2;144;119;95m▀[0m[38;2;75;72;100m[48;2;5;2;2m▀[0m[38;2;123;153;186m[48;2;107;136;163m▀[0m[38;2;100;111;144m[48;2;140;177;212m▀[0m[38;2;101;113;146m[48;2;104;120;153m▀[0m[38;2;132;165;198m[48;2;93;100;133m▀[0m[38;2;133;167;200m[48;2;134;169;202m▀[0m[38;2;136;170;204m[48;2;131;164;197m▀[0m[38;2;96;101;137m[48;2;176;202;250m▀[0m[38;2;95;96;133m[48;2;145;178;215m▀[0m[38;2;85;87;120m[48;2;103;117;150m▀[0m[38;2;86;86;121m[48;2;81;77;111m▀[0m[38;2;88;86;122m[48;2;6;6;6m▀[0m[38;2;80;81;112m[48;2;13;16;19m▀[0m[38;2;135;169;202m[48;2;131;165;197m▀[0m[38;2;10;14;16m[48;2;138;173;207m▀[0m[38;2;127;145;180m[48;2;31;41;48m▀[0m[38;2;87;98;124m[48;2;42;40;58m▀[0m[38;2;0;0;0m[48;2;91;91;128m▀[0m  
[38;2;12;12;17m[48;2;0;0;0m▀[0m[38;2;155;174;218m[48;2;128;157;189m▀[0m[38;2;167;202;245m[48;2;136;156;197m▀[0m[38;2;73;95;111m[48;2;47;50;67m▀[0m[38;2;25;25;35m[48;2;1;0;1m▀[0m[38;2;80;79;111m[48;2;29;29;41m▀[0m[38;2;86;86;120m[48;2;24;24;33m▀[0m[38;2;18;18;26m[48;2;0;0;0m▀[0m[38;2;5;5;5m[48;2;0;0;0m▀[0m[38;2;0;0;0m▀[0m [38;2;0;0;0m▀[0m[38;2;0;0;0m▀[0m[38;2;0;0;0m▀[0m[38;2;10;9;8m[48;2;0;0;0m▀[0m[38;2;19;16;13m[48;2;0;0;0m▀[0m[38;2;21;18;14m[48;2;0;0;0m▀[0m[38;2;20;17;13m[48;2;0;0;0m▀[0m[38;2;21;17;14m[48;2;0;0;0m▀[0m[38;2;19;16;13m[48;2;0;0;0m▀[0m[38;2;0;0;0m▀[0m[38;2;16;21;26m[48;2;0;0;0m▀[0m[38;2;94;118;141m[48;2;90;112;135m▀[0m[38;2;137;172;207m[48;2;144;182;217m▀[0m[38;2;107;127;160m[48;2;136;165;203m▀[0m[38;2;93;97;131m[48;2;144;157;202m▀[0m[38;2;180;208;255m[48;2;106;111;148m▀[0m[38;2;182;208;255m[48;2;180;205;255m▀[0m[38;2;176;203;251m[48;2;187;212;255m▀[0m[38;2;176;202;243m[48;2;204;232;255m▀[0m[38;2;141;155;199m[48;2;130;146;183m▀[0m[38;2;78;75;108m[48;2;22;21;30m▀[0m[38;2;0;5;5m▀[0m[38;2;18;22;27m[48;2;0;0;0m▀[0m[38;2;126;159;191m[48;2;33;42;51m▀[0m[38;2;137;172;207m[48;2;47;59;71m▀[0m[38;2;61;76;92m[48;2;19;24;29m▀[0m[38;2;13;13;19m[48;2;0;0;0m▀[0m  
[38;2;0;0;0m▀[0m[38;2;52;67;78m[48;2;0;0;0m▀[0m[38;2;50;55;71m[48;2;0;0;0m▀[0m[38;2;22;20;30m[48;2;0;0;0m▀[0m[38;2;0;0;0m▀[0m[38;2;0;0;0m▀[0m[38;2;0;0;0m▀[0m              [38;2;0;0;0m▀[0m[38;2;47;59;71m[48;2;0;0;0m▀[0m[38;2;114;138;168m[48;2;61;68;86m▀[0m[38;2;183;214;252m[48;2;147;167;194m▀[0m[38;2;180;204;254m[48;2;189;217;255m▀[0m[38;2;130;141;183m[48;2;175;205;251m▀[0m[38;2;132;143;186m[48;2;56;55;79m▀[0m[38;2;162;190;233m[48;2;80;98;120m▀[0m[38;2;125;146;171m[48;2;33;44;52m▀[0m[38;2;59;68;83m[48;2;0;0;0m▀[0m[38;2;0;0;0m▀[0m  [38;2;0;0;0m▀[0m[38;2;0;0;0m▀[0m[38;2;0;0;0m▀[0m[38;2;0;0;0m▀[0m  
                       [38;2;4;2;4m[48;2;82;82;119m▀[0m[38;2;51;55;73m[48;2;92;92;130m▀[0m[38;2;165;187;226m[48;2;67;66;95m▀[0m[38;2;101;128;153m[48;2;0;0;0m▀[0m[38;2;4;7;7m[48;2;0;0;0m▀[0m[38;2;0;0;0m▀[0m[38;2;0;0;0m▀[0m          
[0m