           [38;2;33;37;92m▄[0m[38;2;33;37;92m[48;2;50;83;214m▀[0m[38;2;33;37;92m▄[0m                           
     [38;2;33;37;92m▄[0m   [38;2;33;37;92m▄[0m[38;2;33;37;92m[48;2;50;83;214m▀[0m[38;2;50;83;214m[48;2;50;83;214m▀[0m[38;2;50;83;214m[48;2;50;83;214m▀[0m[38;2;33;37;92m[48;2;33;37;92m▀[0m                           
    [38;2;33;37;92m[48;2;33;37;92m▀[0m[38;2;50;83;214m[48;2;50;83;214m▀[0m[38;2;33;37;92m[48;2;50;83;214m▀[0m[38;2;33;37;92m▄[0m[38;2;33;37;92m▄[0m[38;2;33;37;92m[48;2;50;83;214m▀[0m[38;2;50;83;214m[48;2;50;83;214m▀[0m[38;2;93;224;170m[48;2;93;224;170m▀[0m[38;2;50;83;214m[48;2;50;83;214m▀[0m[38;2;44;54;154m[48;2;50;83;214m▀[0m[38;2;33;37;92m[48;2;33;37;92m▀[0m                          
    [38;2;33;37;92m[48;2;33;37;92m▀[0m[38;2;50;83;214m[48;2;50;83;214m▀[0m[38;2;93;224;170m[48;2;65;150;139m▀[0m[38;2;44;54;154m[48;2;61;70;75m▀[0m[38;2;33;37;92m[48;2;61;70;75m▀[0m[38;2;50;83;214m[48;2;61;70;75m▀[0m[38;2;65;150;139m[48;2;65;150;139m▀[0m[38;2;50;83;214m[48;2;50;83;214m▀[0m[38;2;50;83;214m[48;2;50;83;214m▀[0m[38;2;50;83;214m[48;2;44;54;154m▀[0m[38;2;33;37;92m[48;2;33;37;92m▀[0m[38;2;33;37;92m▄[0m[38;2;33;37;92m[48;2;50;83;214m▀[0m[38;2;33;37;92m[48;2;50;83;214m▀[0m[38;2;33;37;92m[48;2;50;83;214m▀[0m[38;2;33;37;92m[48;2;50;83;214m▀[0m[38;2;33;37;92m[48;2;50;83;214m▀[0m[38;2;33;37;92m▄[0m                   
  [38;2;61;70;75m▄[0m[38;2;61;70;75m▄[0m[38;2;61;70;75m[48;2;77;96;118m▀[0m[38;2;61;70;75m[48;2;77;96;118m▀[0m[38;2;61;70;75m[48;2;77;96;118m▀[0m[38;2;77;96;118m[48;2;77;96;118m▀[0m[38;2;77;96;118m[48;2;255;255;49m▀[0m[38;2;77;96;118m[48;2;77;96;118m▀[0m[38;2;61;70;75m[48;2;77;96;118m▀[0m[38;2;61;70;75m[48;2;77;96;118m▀[0m[38;2;44;54;154m[48;2;15;15;15m▀[0m[38;2;33;37;92m[48;2;44;54;154m▀[0m[38;2;50;83;214m[48;2;50;83;214m▀[0m[38;2;50;83;214m[48;2;93;224;170m▀[0m[38;2;93;224;170m[48;2;50;83;214m▀[0m[38;2;93;224;170m[48;2;50;83;214m▀[0m[38;2;50;83;214m[48;2;50;83;214m▀[0m[38;2;50;83;214m[48;2;33;37;92m▀[0m[38;2;33;37;92m▀[0m                    
[38;2;77;96;118m▄[0m[38;2;77;96;118m[48;2;90;134;156m▀[0m[38;2;90;134;156m[48;2;90;134;156m▀[0m[38;2;90;134;156m[48;2;90;134;156m▀[0m[38;2;77;96;118m[48;2;90;134;156m▀[0m[38;2;77;96;118m[48;2;77;96;118m▀[0m[38;2;77;96;118m[48;2;77;96;118m▀[0m[38;2;255;255;49m[48;2;255;255;49m▀[0m[38;2;255;255;49m[48;2;90;134;156m▀[0m[38;2;77;96;118m[48;2;77;96;118m▀[0m[38;2;77;96;118m[48;2;255;255;49m▀[0m[38;2;255;255;49m[48;2;255;255;49m▀[0m[38;2;15;15;15m[48;2;77;96;118m▀[0m[38;2;44;54;154m[48;2;15;15;15m▀[0m[38;2;65;150;139m[48;2;44;54;154m▀[0m[38;2;50;83;214m[48;2;44;54;154m▀[0m[38;2;50;83;214m[48;2;44;54;154m▀[0m[38;2;44;54;154m[48;2;15;15;15m▀[0m[38;2;33;37;92m▀[0m                      
 [38;2;61;70;75m▀[0m[38;2;90;134;156m[48;2;61;70;75m▀[0m[38;2;90;134;156m[48;2;61;70;75m▀[0m[38;2;90;134;156m[48;2;90;134;156m▀[0m[38;2;77;96;118m[48;2;77;96;118m▀[0m[38;2;77;96;118m[48;2;77;96;118m▀[0m[38;2;90;134;156m[48;2;77;96;118m▀[0m[38;2;77;96;118m[48;2;77;96;118m▀[0m[38;2;77;96;118m[48;2;77;96;118m▀[0m[38;2;255;255;49m[48;2;90;134;156m▀[0m[38;2;90;134;156m[48;2;77;96;118m▀[0m[38;2;77;96;118m[48;2;33;37;92m▀[0m[38;2;33;37;92m[48;2;44;54;154m▀[0m[38;2;15;15;15m[48;2;44;54;154m▀[0m[38;2;15;15;15m[48;2;33;37;92m▀[0m[38;2;15;15;15m[48;2;99;81;129m▀[0m[38;2;69;59;77m▄[0m                       
    [38;2;61;70;75m[48;2;33;37;92m▀[0m[38;2;61;70;75m[48;2;65;150;139m▀[0m[38;2;61;70;75m[48;2;33;37;92m▀[0m[38;2;77;96;118m[48;2;61;70;75m▀[0m[38;2;77;96;118m[48;2;61;70;75m▀[0m[38;2;77;96;118m[48;2;61;70;75m▀[0m[38;2;77;96;118m[48;2;61;70;75m▀[0m[38;2;77;96;118m[48;2;15;15;15m▀[0m[38;2;33;37;92m[48;2;44;54;154m▀[0m[38;2;65;150;139m[48;2;50;83;214m▀[0m[38;2;50;83;214m[48;2;65;150;139m▀[0m[38;2;50;83;214m[48;2;93;224;170m▀[0m[38;2;33;37;92m[48;2;50;83;214m▀[0m[38;2;99;81;129m[48;2;33;37;92m▀[0m[38;2;69;59;77m[48;2;99;81;129m▀[0m[38;2;69;59;77m▄[0m                     
   [38;2;33;37;92m[48;2;33;37;92m▀[0m[38;2;44;54;154m[48;2;44;54;154m▀[0m[38;2;44;54;154m[48;2;44;54;154m▀[0m[38;2;33;37;92m[48;2;33;37;92m▀[0m[38;2;44;54;154m[48;2;44;54;154m▀[0m[38;2;65;150;139m[48;2;65;150;139m▀[0m[38;2;44;54;154m[48;2;44;54;154m▀[0m[38;2;33;37;92m[48;2;44;54;154m▀[0m[38;2;15;15;15m[48;2;33;37;92m▀[0m[38;2;44;54;154m[48;2;15;15;15m▀[0m[38;2;50;83;214m[48;2;15;15;15m▀[0m[38;2;50;83;214m[48;2;44;54;154m▀[0m[38;2;50;83;214m[48;2;50;83;214m▀[0m[38;2;93;224;170m[48;2;50;83;214m▀[0m[38;2;50;83;214m[48;2;50;83;214m▀[0m[38;2;33;37;92m[48;2;50;83;214m▀[0m[38;2;132;117;167m[48;2;33;37;92m▀[0m[38;2;69;59;77m[48;2;132;117;167m▀[0m[38;2;69;59;77m▄[0m                   
   [38;2;33;37;92m▀[0m[38;2;44;54;154m[48;2;33;37;92m▀[0m[38;2;33;37;92m▀[0m [38;2;33;37;92m[48;2;33;37;92m▀[0m[38;2;44;54;154m[48;2;44;54;154m▀[0m[38;2;65;150;139m[48;2;93;224;170m▀[0m[38;2;44;54;154m[48;2;33;37;92m▀[0m[38;2;15;15;15m[48;2;15;15;15m▀[0m  [38;2;15;15;15m▀[0m[38;2;15;15;15m▀[0m[38;2;15;15;15m▀[0m[38;2;15;15;15m▀[0m[38;2;15;15;15m▀[0m[38;2;132;117;167m[48;2;69;59;77m▀[0m[38;2;132;117;167m[48;2;132;117;167m▀[0m[38;2;132;117;167m[48;2;132;117;167m▀[0m[38;2;69;59;77m[48;2;132;117;167m▀[0m[38;2;69;59;77m▄[0m[38;2;69;59;77m▄[0m                
        [38;2;33;37;92m[48;2;33;37;92m▀[0m[38;2;44;54;154m[48;2;44;54;154m▀[0m[38;2;15;15;15m[48;2;15;15;15m▀[0m         [38;2;69;59;77m▀[0m[38;2;132;117;167m[48;2;69;59;77m▀[0m[38;2;132;117;167m[48;2;132;117;167m▀[0m[38;2;132;117;167m[48;2;132;117;167m▀[0m[38;2;132;117;167m[48;2;132;117;167m▀[0m[38;2;99;81;129m[48;2;132;117;167m▀[0m[38;2;69;59;77m[48;2;132;117;167m▀[0m[38;2;99;81;129m▄[0m[38;2;69;59;77m▄[0m[38;2;69;59;77m▄[0m           
         [38;2;15;15;15m▀[0m           [38;2;69;59;77m▀[0m[38;2;132;117;167m[48;2;69;59;77m▀[0m[38;2;132;117;167m[48;2;148;136;189m▀[0m[38;2;132;117;167m[48;2;132;117;167m▀[0m[38;2;132;117;167m[48;2;132;117;167m▀[0m[38;2;132;117;167m[48;2;132;117;167m▀[0m[38;2;132;117;167m[48;2;148;136;189m▀[0m[38;2;148;136;189m[48;2;173;169;214m▀[0m[38;2;148;136;189m[48;2;173;169;214m▀[0m[38;2;99;81;129m[48;2;173;169;214m▀[0m[38;2;69;59;77m[48;2;148;136;189m▀[0m[38;2;69;59;77m[48;2;148;136;189m▀[0m[38;2;69;59;77m[48;2;148;136;189m▀[0m[38;2;99;81;129m▄[0m[38;2;69;59;77m▄[0m     
                      [38;2;69;59;77m[48;2;69;59;77m▀[0m[38;2;173;169;214m[48;2;173;169;214m▀[0m[38;2;173;169;214m[48;2;173;169;214m▀[0m[38;2;148;136;189m[48;2;173;169;214m▀[0m[38;2;148;136;189m[48;2;173;169;214m▀[0m[38;2;173;169;214m[48;2;173;169;214m▀[0m[38;2;173;169;214m[48;2;173;169;214m▀[0m[38;2;173;169;214m[48;2;173;169;214m▀[0m[38;2;99;81;129m[48;2;173;169;214m▀[0m[38;2;69;59;77m[48;2;173;169;214m▀[0m[38;2;69;59;77m[48;2;173;169;214m▀[0m[38;2;99;81;129m[48;2;99;81;129m▀[0m[38;2;148;136;189m[48;2;69;59;77m▀[0m[38;2;148;136;189m[48;2;69;59;77m▀[0m[38;2;69;59;77m[48;2;148;136;189m▀[0m[38;2;69;59;77m▄[0m   
                      [38;2;69;59;77m▀[0m[38;2;173;169;214m[48;2;69;59;77m▀[0m[38;2;173;169;214m[48;2;173;169;214m▀[0m[38;2;173;169;214m[48;2;173;169;214m▀[0m[38;2;173;169;214m[48;2;173;169;214m▀[0m[38;2;173;169;214m[48;2;173;169;214m▀[0m[38;2;173;169;214m[48;2;173;169;214m▀[0m[38;2;173;169;214m[48;2;173;169;214m▀[0m[38;2;173;169;214m[48;2;173;169;214m▀[0m[38;2;173;169;214m[48;2;173;169;214m▀[0m[38;2;173;169;214m[48;2;173;169;214m▀[0m[38;2;173;169;214m[48;2;173;169;214m▀[0m[38;2;173;169;214m[48;2;173;169;214m▀[0m[38;2;173;169;214m[48;2;173;169;214m▀[0m[38;2;69;59;77m[48;2;148;136;189m▀[0m[38;2;99;81;129m[48;2;69;59;77m▀[0m[38;2;69;59;77m[48;2;69;59;77m▀[0m  
                       [38;2;69;59;77m[48;2;69;59;77m▀[0m[38;2;148;136;189m[48;2;132;117;167m▀[0m[38;2;173;169;214m[48;2;148;136;189m▀[0m[38;2;173;169;214m[48;2;173;169;214m▀[0m[38;2;173;169;214m[48;2;99;81;129m▀[0m[38;2;173;169;214m[48;2;173;169;214m▀[0m[38;2;173;169;214m[48;2;173;169;214m▀[0m[38;2;173;169;214m[48;2;173;169;214m▀[0m[38;2;173;169;214m[48;2;173;169;214m▀[0m[38;2;173;169;214m[48;2;173;169;214m▀[0m[38;2;173;169;214m[48;2;173;169;214m▀[0m[38;2;173;169;214m[48;2;148;136;189m▀[0m[38;2;173;169;214m[48;2;148;136;189m▀[0m[38;2;148;136;189m[48;2;132;117;167m▀[0m[38;2;132;117;167m[48;2;132;117;167m▀[0m[38;2;69;59;77m[48;2;99;81;129m▀[0m[38;2;69;59;77m[48;2;69;59;77m▀[0m 
                       [38;2;69;59;77m▀[0m[38;2;132;117;167m[48;2;69;59;77m▀[0m[38;2;132;117;167m[48;2;132;117;167m▀[0m[38;2;148;136;189m[48;2;132;117;167m▀[0m[38;2;148;136;189m[48;2;132;117;167m▀[0m[38;2;69;59;77m[48;2;132;117;167m▀[0m[38;2;173;169;214m[48;2;69;59;77m▀[0m[38;2;173;169;214m[48;2;132;117;167m▀[0m[38;2;148;136;189m[48;2;132;117;167m▀[0m[38;2;148;136;189m[48;2;132;117;167m▀[0m[38;2;132;117;167m[48;2;132;117;167m▀[0m[38;2;132;117;167m[48;2;132;117;167m▀[0m[38;2;132;117;167m[48;2;132;117;167m▀[0m[38;2;132;117;167m[48;2;132;117;167m▀[0m[38;2;132;117;167m[48;2;132;117;167m▀[0m[38;2;132;117;167m[48;2;69;59;77m▀[0m[38;2;69;59;77m▀[0m 
                        [38;2;69;59;77m▀[0m[38;2;132;117;167m[48;2;69;59;77m▀[0m[38;2;132;117;167m[48;2;132;117;167m▀[0m[38;2;132;117;167m[48;2;132;117;167m▀[0m[38;2;132;117;167m[48;2;132;117;167m▀[0m[38;2;132;117;167m[48;2;132;117;167m▀[0m[38;2;69;59;77m[48;2;132;117;167m▀[0m[38;2;99;81;129m[48;2;99;81;129m▀[0m[38;2;132;117;167m[48;2;69;59;77m▀[0m[38;2;132;117;167m[48;2;69;59;77m▀[0m[38;2;132;117;167m[48;2;99;81;129m▀[0m[38;2;132;117;167m[48;2;132;117;167m▀[0m[38;2;132;117;167m[48;2;99;81;129m▀[0m[38;2;132;117;167m[48;2;69;59;77m▀[0m[38;2;69;59;77m▀[0m  
                          [38;2;69;59;77m▀[0m[38;2;132;117;167m[48;2;15;15;15m▀[0m[38;2;132;117;167m[48;2;69;59;77m▀[0m[38;2;132;117;167m[48;2;132;117;167m▀[0m[38;2;132;117;167m[48;2;132;117;167m▀[0m[38;2;132;117;167m[48;2;132;117;167m▀[0m[38;2;132;117;167m[48;2;132;117;167m▀[0m[38;2;132;117;167m[48;2;132;117;167m▀[0m[38;2;132;117;167m[48;2;69;59;77m▀[0m[38;2;132;117;167m[48;2;15;15;15m▀[0m[38;2;69;59;77m[48;2;132;117;167m▀[0m[38;2;99;81;129m[48;2;132;117;167m▀[0m[38;2;99;81;129m[48;2;132;117;167m▀[0m[38;2;69;59;77m[48;2;132;117;167m▀[0m[38;2;69;59;77m[48;2;69;59;77m▀[0m
                             [38;2;15;15;15m▀[0m[38;2;15;15;15m▀[0m[38;2;15;15;15m▀[0m[38;2;15;15;15m▀[0m[38;2;15;15;15m▀[0m  [38;2;15;15;15m▀[0m[38;2;132;117;167m[48;2;15;15;15m▀[0m[38;2;132;117;167m[48;2;15;15;15m▀[0m[38;2;69;59;77m▀[0m 
[0m