             [38;2;15;103;143m[48;2;0;85;113m▀[0m[38;2;58;116;154m[48;2;65;137;174m▀[0m[38;2;45;80;121m[48;2;88;157;197m▀[0m[38;2;44;85;129m▄[0m[38;2;0;0;0m▄[0m                      
              [38;2;22;81;125m[48;2;12;12;72m▀[0m[38;2;83;151;190m[48;2;57;107;148m▀[0m[38;2;75;144;186m[48;2;74;147;188m▀[0m[38;2;44;86;129m[48;2;64;134;177m▀[0m[38;2;0;0;0m[48;2;34;75;117m▀[0m                     
               [38;2;42;84;126m[48;2;37;70;112m▀[0m[38;2;68;141;184m[48;2;62;128;172m▀[0m[38;2;68;141;182m[48;2;67;139;180m▀[0m[38;2;55;116;158m[48;2;67;142;184m▀[0m[38;2;29;62;103m[48;2;46;95;138m▀[0m[38;2;17;34;85m▄[0m                   
               [38;2;28;49;94m[48;2;42;42;85m▀[0m[38;2;59;120;164m[48;2;48;96;137m▀[0m[38;2;67;139;180m[48;2;68;142;184m▀[0m[38;2;67;138;179m[48;2;66;137;178m▀[0m[38;2;64;136;179m[48;2;68;141;183m▀[0m[38;2;35;74;114m[48;2;54;107;143m▀[0m[38;2;17;22;39m▄[0m                  
            [38;2;34;59;102m▄[0m[38;2;42;63;106m▄[0m [38;2;32;56;86m▄[0m[38;2;46;90;132m[48;2;48;95;140m▀[0m[38;2;68;142;184m[48;2;64;134;176m▀[0m[38;2;66;137;178m[48;2;66;137;178m▀[0m[38;2;66;137;178m[48;2;66;137;178m▀[0m[38;2;67;139;182m[48;2;68;142;185m▀[0m[38;2;34;65;93m[48;2;45;92;121m▀[0m[38;2;0;0;0m[48;2;0;0;0m▀[0m[38;2;31;57;102m▄[0m[38;2;50;86;127m▄[0m[38;2;21;21;63m▄[0m              
           [38;2;42;85;127m[48;2;29;52;85m▀[0m[38;2;61;103;143m[48;2;61;124;169m▀[0m[38;2;48;83;125m[48;2;40;75;120m▀[0m [38;2;24;38;38m[48;2;34;58;93m▀[0m[38;2;38;80;106m[48;2;36;72;112m▀[0m[38;2;39;110;149m[48;2;50;114;155m▀[0m[38;2;65;137;178m[48;2;63;136;177m▀[0m[38;2;66;137;178m[48;2;66;137;178m▀[0m[38;2;67;138;180m[48;2;66;137;178m▀[0m[38;2;63;130;172m[48;2;68;142;185m▀[0m[38;2;27;51;74m[48;2;38;77;102m▀[0m[38;2;13;40;80m[48;2;28;52;92m▀[0m[38;2;61;113;154m[48;2;29;68;101m▀[0m[38;2;56;108;150m[48;2;46;100;132m▀[0m[38;2;23;34;57m[48;2;29;45;54m▀[0m             
           [38;2;9;18;18m▀[0m[38;2;31;66;90m[48;2;21;28;31m▀[0m[38;2;37;80;121m[48;2;43;81;112m▀[0m[38;2;35;63;113m▄[0m[38;2;26;42;55m▀[0m[38;2;38;78;101m[48;2;21;36;66m▀[0m[38;2;37;90;122m[48;2;29;82;116m▀[0m[38;2;36;101;141m[48;2;52;124;164m▀[0m[38;2;66;137;178m[48;2;67;138;179m▀[0m[38;2;66;137;178m[48;2;66;137;178m▀[0m[38;2;68;140;181m[48;2;67;139;180m▀[0m[38;2;52;112;153m[48;2;56;113;156m▀[0m[38;2;40;90;131m[48;2;39;81;108m▀[0m[38;2;31;58;70m[48;2;7;0;0m▀[0m[38;2;12;8;8m▀[0m[38;2;19;19;19m▀[0m             
            [38;2;0;0;0m▀[0m[38;2;36;65;83m[48;2;20;38;45m▀[0m[38;2;43;81;123m[48;2;45;94;130m▀[0m[38;2;34;53;100m▄[0m[38;2;42;80;124m[48;2;49;112;156m▀[0m[38;2;63;136;179m[48;2;55;137;180m▀[0m[38;2;67;139;180m[48;2;57;136;179m▀[0m[38;2;66;137;178m[48;2;65;140;181m▀[0m[38;2;67;140;181m[48;2;65;133;175m▀[0m[38;2;60;123;165m[48;2;48;99;139m▀[0m[38;2;44;90;126m[48;2;44;85;110m▀[0m[38;2;39;88;114m[48;2;48;128;170m▀[0m[38;2;23;76;103m[48;2;99;103;131m▀[0m[38;2;0;17;26m[48;2;105;37;35m▀[0m[38;2;0;0;0m▄[0m             
             [38;2;0;0;0m[48;2;0;0;51m▀[0m[38;2;41;79;103m[48;2;38;77;102m▀[0m[38;2;42;96;141m[48;2;72;72;100m▀[0m[38;2;117;96;120m[48;2;235;65;58m▀[0m[38;2;192;80;84m[48;2;253;69;60m▀[0m[38;2;172;84;92m[48;2;220;58;54m▀[0m[38;2;74;117;153m[48;2;77;86;116m▀[0m[38;2;53;113;157m[48;2;37;89;118m▀[0m[38;2;45;90;118m[48;2;45;99;127m▀[0m[38;2;53;119;154m[48;2;82;121;156m▀[0m[38;2;92;113;144m[48;2;112;96;119m▀[0m[38;2;114;100;123m[48;2;73;153;193m▀[0m[38;2;68;109;138m[48;2;81;154;194m▀[0m[38;2;44;88;112m[48;2;69;143;186m▀[0m[38;2;31;52;76m[48;2;54;117;160m▀[0m[38;2;25;51;91m▄[0m           
     [38;2;28;50;93m▄[0m[38;2;50;94;137m▄[0m[38;2;8;24;65m[48;2;66;122;162m▀[0m[38;2;18;18;63m[48;2;59;113;153m▀[0m[38;2;42;84;128m▄[0m[38;2;28;62;104m▄[0m[38;2;21;36;87m▄[0m[38;2;43;71;113m▄[0m[38;2;41;79;121m[48;2;45;80;123m▀[0m[38;2;75;123;161m[48;2;63;124;152m▀[0m[38;2;154;58;64m[48;2;143;86;67m▀[0m[38;2;253;69;60m[48;2;199;69;68m▀[0m[38;2;244;66;58m[48;2;112;101;126m▀[0m[38;2;182;65;69m[48;2;141;81;98m▀[0m[38;2;142;55;54m[48;2;206;77;77m▀[0m[38;2;158;48;53m[48;2;139;108;91m▀[0m[38;2;57;108;148m[48;2;40;112;156m▀[0m[38;2;118;91;113m[48;2;122;85;105m▀[0m[38;2;72;106;143m[48;2;68;104;139m▀[0m[38;2;69;144;184m[48;2;66;140;181m▀[0m[38;2;67;138;179m[48;2;67;139;180m▀[0m[38;2;66;138;179m[48;2;62;126;166m▀[0m[38;2;56;115;155m[48;2;51;101;139m▀[0m[38;2;30;50;62m[48;2;78;144;180m▀[0m[38;2;52;92;132m▄[0m[38;2;27;51;82m▄[0m [38;2;0;0;0m▄[0m[38;2;9;0;0m▄[0m[38;2;10;0;0m▄[0m     
  [38;2;0;0;85m▄[0m[38;2;45;87;129m▄[0m[38;2;44;85;128m[48;2;67;135;178m▀[0m[38;2;68;130;171m[48;2;79;151;190m▀[0m[38;2;89;160;199m[48;2;68;139;179m▀[0m[38;2;91;162;200m[48;2;65;136;177m▀[0m[38;2;73;145;186m[48;2;66;137;178m▀[0m[38;2;67;141;184m[48;2;63;134;175m▀[0m[38;2;55;112;150m[48;2;58;132;173m▀[0m[38;2;40;72;102m[48;2;43;102;134m▀[0m[38;2;52;99;140m[48;2;35;67;92m▀[0m[38;2;73;135;176m[48;2;46;95;123m▀[0m[38;2;64;110;145m[48;2;70;134;170m▀[0m[38;2;71;100;110m[48;2;65;141;185m▀[0m[38;2;55;117;155m[48;2;68;143;186m▀[0m[38;2;52;128;174m[48;2;61;134;178m▀[0m[38;2;74;116;137m[48;2;65;125;152m▀[0m[38;2;114;115;81m[48;2;140;166;129m▀[0m[38;2;139;166;127m[48;2;91;149;163m▀[0m[38;2;41;126;172m[48;2;48;128;172m▀[0m[38;2;122;78;91m[48;2;102;94;117m▀[0m[38;2;57;89;113m[48;2;55;59;75m▀[0m[38;2;66;141;184m[48;2;32;114;157m▀[0m[38;2;63;134;175m[48;2;34;108;148m▀[0m[38;2;46;117;157m[48;2;30;106;146m▀[0m[38;2;27;77;103m[48;2;30;107;149m▀[0m[38;2;35;85;113m[48;2;19;38;49m▀[0m[38;2;41;111;151m[48;2;16;27;32m▀[0m[38;2;39;85;114m[48;2;48;95;121m▀[0m[38;2;28;45;54m[48;2;65;134;173m▀[0m[38;2;48;95;122m[48;2;68;142;185m▀[0m[38;2;55;110;142m[48;2;67;141;183m▀[0m[38;2;55;108;140m[48;2;68;142;184m▀[0m[38;2;37;67;99m[48;2;65;132;174m▀[0m[38;2;27;45;87m[48;2;38;85;128m▀[0m[38;2;29;70;112m▄[0m  
 [38;2;0;31;95m▄[0m[38;2;38;64;108m[48;2;44;92;134m▀[0m[38;2;62;127;171m[48;2;67;143;185m▀[0m[38;2;67;140;181m[48;2;67;138;179m▀[0m[38;2;65;136;177m[48;2;64;135;176m▀[0m[38;2;66;137;178m[48;2;52;125;165m▀[0m[38;2;61;132;173m[48;2;54;126;167m▀[0m[38;2;52;125;165m[48;2;63;135;176m▀[0m[38;2;53;125;165m[48;2;67;138;179m▀[0m[38;2;59;130;171m[48;2;67;138;179m▀[0m[38;2;65;139;182m[48;2;65;140;182m▀[0m[38;2;46;94;132m[48;2;30;76;101m▀[0m[38;2;20;39;62m[48;2;0;0;0m▀[0m[38;2;24;48;69m[48;2;11;11;11m▀[0m[38;2;49;69;90m[48;2;88;31;32m▀[0m[38;2;36;84;109m[48;2;102;84;107m▀[0m[38;2;32;78;104m[48;2;121;104;126m▀[0m[38;2;39;89;132m[48;2;156;117;134m▀[0m[38;2;40;117;164m[48;2;143;106;124m▀[0m[38;2;49;129;173m[48;2;123;120;146m▀[0m[38;2;61;140;183m[48;2;98;111;140m▀[0m[38;2;44;114;154m[48;2;84;81;107m▀[0m[38;2;99;49;59m[48;2;90;83;108m▀[0m[38;2;34;77;105m[48;2;89;59;74m▀[0m[38;2;29;104;144m[48;2;36;63;85m▀[0m[38;2;29;100;139m[48;2;38;65;81m▀[0m[38;2;33;72;89m[48;2;135;110;36m▀[0m[38;2;17;17;20m[48;2;29;42;61m▀[0m[38;2;38;70;92m[48;2;42;86;131m▀[0m[38;2;94;165;204m[48;2;75;148;187m▀[0m[38;2;80;151;190m[48;2;92;161;198m▀[0m[38;2;64;135;177m[48;2;67;138;179m▀[0m[38;2;66;137;178m[48;2;66;137;178m▀[0m[38;2;66;137;178m[48;2;66;137;178m▀[0m[38;2;68;141;181m[48;2;67;139;180m▀[0m[38;2;54;113;155m[48;2;59;128;169m▀[0m[38;2;31;91;134m[48;2;34;89;131m▀[0m[38;2;30;74;117m[48;2;31;93;133m▀[0m[38;2;0;0;0m[48;2;31;55;95m▀[0m
[38;2;148;148;146m▄[0m[38;2;21;37;63m[48;2;140;147;156m▀[0m[38;2;99;88;116m[48;2;64;112;152m▀[0m[38;2;70;127;165m[48;2;155;94;107m▀[0m[38;2;57;132;173m[48;2;62;125;164m▀[0m[38;2;52;124;164m[48;2;66;138;180m▀[0m[38;2;63;135;175m[48;2;67;138;179m▀[0m[38;2;67;138;179m[48;2;67;138;179m▀[0m[38;2;66;137;178m[48;2;68;138;180m▀[0m[38;2;66;137;178m[48;2;66;137;178m▀[0m[38;2;68;138;180m[48;2;51;125;167m▀[0m[38;2;50;124;165m[48;2;29;94;129m▀[0m[38;2;19;48;61m[48;2;16;30;36m▀[0m[38;2;38;38;89m[48;2;30;30;90m▀[0m[38;2;35;63;89m[48;2;41;98;140m▀[0m[38;2;25;19;19m[48;2;79;103;132m▀[0m[38;2;97;102;126m[48;2;66;102;137m▀[0m[38;2;100;140;172m[48;2;44;122;164m▀[0m[38;2;88;159;196m[48;2;61;127;168m▀[0m[38;2;70;141;181m[48;2;63;128;169m▀[0m[38;2;100;126;158m[48;2;53;123;165m▀[0m[38;2;89;103;132m[48;2;38;107;150m▀[0m[38;2;60;107;143m[48;2;61;136;177m▀[0m[38;2;24;108;149m[48;2;31;109;151m▀[0m[38;2;53;101;137m[48;2;117;56;67m▀[0m[38;2;124;53;64m[48;2;73;81;100m▀[0m[38;2;77;56;63m[48;2;57;125;161m▀[0m[38;2;81;69;29m[48;2;46;98;139m▀[0m[38;2;23;55;85m[48;2;22;55;76m▀[0m[38;2;40;95;138m[48;2;30;96;136m▀[0m[38;2;65;134;175m[48;2;55;111;153m▀[0m[38;2;70;141;181m[48;2;68;140;181m▀[0m[38;2;67;138;179m[48;2;66;137;178m▀[0m[38;2;66;137;178m[48;2;66;137;178m▀[0m[38;2;67;138;179m[48;2;61;139;181m▀[0m[38;2;64;137;178m[48;2;67;125;163m▀[0m[38;2;50;127;168m[48;2;88;126;160m▀[0m[38;2;41;97;138m[48;2;47;98;138m▀[0m[38;2;31;101;142m[48;2;26;94;135m▀[0m[38;2;32;69;111m[48;2;31;86;128m▀[0m
[38;2;101;101;100m▀[0m[38;2;97;99;105m[48;2;71;67;67m▀[0m[38;2;32;85;122m[48;2;163;160;158m▀[0m[38;2;88;106;137m[48;2;70;109;133m▀[0m[38;2;89;96;124m[48;2;96;60;88m▀[0m[38;2;62;140;183m[48;2;50;101;140m▀[0m[38;2;62;133;174m[48;2;33;110;150m▀[0m[38;2;59;131;171m[48;2;31;107;148m▀[0m[38;2;47;120;160m[48;2;31;108;149m▀[0m[38;2;38;113;155m[48;2;29;93;128m▀[0m[38;2;31;106;147m[48;2;23;59;79m▀[0m[38;2;23;58;78m[48;2;19;0;0m▀[0m[38;2;0;0;0m▀[0m[38;2;22;34;62m[48;2;24;41;49m▀[0m[38;2;53;115;157m[48;2;54;126;166m▀[0m[38;2;93;134;169m[48;2;35;113;155m▀[0m[38;2;102;65;80m[48;2;76;77;100m▀[0m[38;2;39;99;142m[48;2;59;64;84m▀[0m[38;2;35;71;114m[48;2;30;82;125m▀[0m[38;2;48;93;135m[48;2;36;80;123m▀[0m[38;2;47;94;136m[48;2;49;96;138m▀[0m[38;2;34;80;121m[48;2;40;84;125m▀[0m[38;2;62;125;167m[48;2;43;89;130m▀[0m[38;2;46;121;162m[48;2;35;114;156m▀[0m[38;2;97;48;56m[48;2;93;62;75m▀[0m[38;2;54;117;151m[48;2;52;92;119m▀[0m[38;2;71;144;187m[48;2;57;134;177m▀[0m[38;2;63;138;180m[48;2;46;123;165m▀[0m[38;2;26;76;103m[48;2;28;88;122m▀[0m[38;2;28;91;125m[48;2;26;78;105m▀[0m[38;2;38;94;136m[48;2;30;107;148m▀[0m[38;2;63;129;170m[48;2;38;95;135m▀[0m[38;2;68;140;181m[48;2;55;120;163m▀[0m[38;2;61;137;179m[48;2;92;111;140m▀[0m[38;2;98;105;134m[48;2;93;80;107m▀[0m[38;2;119;81;102m[48;2;25;101;144m▀[0m[38;2;100;74;99m[48;2;50;97;129m▀[0m[38;2;120;70;93m[48;2;49;89;114m▀[0m[38;2;70;87;120m[48;2;124;85;107m▀[0m[38;2;23;80;112m[48;2;35;56;73m▀[0m
[38;2;9;9;9m[48;2;0;0;0m▀[0m[38;2;91;91;91m[48;2;0;0;0m▀[0m[38;2;108;107;106m[48;2;30;30;30m▀[0m[38;2;70;86;105m[48;2;59;56;53m▀[0m[38;2;67;36;53m[48;2;0;0;0m▀[0m[38;2;36;74;105m[48;2;15;30;33m▀[0m[38;2;30;105;144m[48;2;20;35;45m▀[0m[38;2;29;92;126m[48;2;17;26;32m▀[0m[38;2;23;61;82m[48;2;0;0;0m▀[0m[38;2;16;24;30m▀[0m[38;2;0;0;0m▀[0m  [38;2;7;15;23m[48;2;53;67;93m▀[0m[38;2;16;59;81m[48;2;90;98;121m▀[0m[38;2;21;65;91m[48;2;66;104;137m▀[0m[38;2;27;73;105m[48;2;41;95;138m▀[0m[38;2;39;25;26m[48;2;19;54;75m▀[0m[38;2;22;52;72m[48;2;0;0;0m▀[0m[38;2;30;63;100m[48;2;16;16;22m▀[0m[38;2;33;77;121m[48;2;24;53;73m▀[0m[38;2;33;85;129m[48;2;23;59;81m▀[0m[38;2;32;74;118m[48;2;25;60;83m▀[0m[38;2;28;97;139m[48;2;22;46;62m▀[0m[38;2;56;87;101m[48;2;13;19;27m▀[0m[38;2;48;53;52m[48;2;0;0;0m▀[0m[38;2;26;93;131m[48;2;22;35;51m▀[0m[38;2;26;78;108m[48;2;25;61;84m▀[0m[38;2;30;99;136m[48;2;23;53;71m▀[0m[38;2;24;66;88m[48;2;18;25;32m▀[0m[38;2;30;100;137m[48;2;22;55;74m▀[0m[38;2;30;106;147m[48;2;31;103;141m▀[0m[38;2;31;89;130m[48;2;32;101;143m▀[0m[38;2;127;70;90m[48;2;127;67;90m▀[0m[38;2;34;94;133m[48;2;39;74;98m▀[0m[38;2;22;93;130m[48;2;64;85;97m▀[0m[38;2;184;186;189m[48;2;74;108;130m▀[0m[38;2;122;138;143m[48;2;159;159;159m▀[0m[38;2;61;73;95m[48;2;22;45;55m▀[0m[38;2;82;21;12m[48;2;0;0;0m▀[0m
            [38;2;0;0;0m[48;2;0;0;0m▀[0m[38;2;95;95;95m[48;2;25;25;25m▀[0m[38;2;189;189;190m[48;2;4;4;4m▀[0m[38;2;73;105;122m[48;2;0;4;4m▀[0m[38;2;25;70;94m[48;2;0;0;0m▀[0m[38;2;20;46;60m▀[0m[38;2;0;0;0m▀[0m [38;2;0;0;0m▀[0m[38;2;0;0;0m▀[0m[38;2;0;0;0m▀[0m   [38;2;38;69;105m[48;2;19;25;33m▀[0m[38;2;56;114;149m[48;2;34;72;97m▀[0m[38;2;27;70;96m[48;2;134;143;147m▀[0m[38;2;19;51;92m[48;2;118;120;126m▀[0m[38;2;0;0;0m▄[0m[38;2;21;43;56m▀[0m[38;2;21;78;106m[48;2;13;0;0m▀[0m[38;2;80;65;91m[48;2;21;21;27m▀[0m[38;2;116;101;117m[48;2;53;35;42m▀[0m[38;2;202;204;203m[48;2;99;105;106m▀[0m[38;2;64;90;105m[48;2;108;106;106m▀[0m[38;2;96;99;100m[48;2;29;29;29m▀[0m[38;2;67;64;62m[48;2;108;108;108m▀[0m 
                           [38;2;0;0;0m▀[0m[38;2;90;87;85m▀[0m[38;2;101;101;100m▀[0m[38;2;6;6;6m▀[0m         
[0m