        [38;2;0;0;0m[48;2;32;36;46m▀[0m[38;2;0;0;0m[48;2;76;94;123m▀[0m[38;2;0;0;0m▄[0m  [38;2;0;0;0m▄[0m[38;2;0;0;0m[48;2;67;83;109m▀[0m[38;2;56;68;89m[48;2;155;197;252m▀[0m[38;2;51;62;79m[48;2;93;117;155m▀[0m[38;2;0;0;0m[48;2;0;0;0m▀[0m                      
       [38;2;9;0;0m[48;2;6;4;2m▀[0m[38;2;70;89;129m[48;2;93;127;167m▀[0m[38;2;111;141;190m[48;2;120;152;213m▀[0m[38;2;8;8;19m[48;2;35;38;73m▀[0m [38;2;45;51;90m▄[0m[38;2;47;57;79m[48;2;115;144;204m▀[0m[38;2;154;197;254m[48;2;141;185;243m▀[0m[38;2;143;183;247m[48;2;92;117;168m▀[0m[38;2;50;58;99m[48;2;44;49;89m▀[0m[38;2;0;0;0m▀[0m                      
       [38;2;37;43;74m▀[0m[38;2;78;106;146m[48;2;18;19;21m▀[0m[38;2;128;171;229m[48;2;115;156;207m▀[0m[38;2;67;81;112m[48;2;96;128;179m▀[0m[38;2;0;0;0m[48;2;58;72;113m▀[0m[38;2;57;71;114m[48;2;100;137;186m▀[0m[38;2;112;152;205m[48;2;108;151;200m▀[0m[38;2;111;154;206m[48;2;110;153;203m▀[0m[38;2;30;38;48m[48;2;46;59;85m▀[0m                        
       [38;2;11;5;0m[48;2;30;30;48m▀[0m[38;2;47;68;100m[48;2;60;86;132m▀[0m[38;2;82;121;173m[48;2;49;69;108m▀[0m[38;2;107;150;200m[48;2;86;120;160m▀[0m[38;2;103;142;192m[48;2;99;140;190m▀[0m[38;2;84;122;171m[48;2;63;96;147m▀[0m[38;2;70;106;158m[48;2;42;61;88m▀[0m[38;2;89;129;181m[48;2;49;67;104m▀[0m[38;2;90;123;166m[48;2;93;127;175m▀[0m[38;2;10;8;4m[48;2;31;36;55m▀[0m                       
       [38;2;63;63;114m▀[0m[38;2;53;66;111m▀[0m[38;2;43;47;84m▀[0m[38;2;37;46;57m[48;2;52;63;106m▀[0m[38;2;94;133;182m[48;2;94;133;184m▀[0m[38;2;43;61;91m[48;2;54;72;116m▀[0m[38;2;7;3;0m[48;2;51;51;102m▀[0m[38;2;21;15;31m▀[0m[38;2;59;72;117m▀[0m[38;2;50;60;103m▀[0m                       
       [38;2;42;49;92m▄[0m[38;2;41;46;85m▄[0m [38;2;28;31;44m[48;2;21;21;22m▀[0m[38;2;92;130;177m[48;2;90;127;173m▀[0m[38;2;56;76;122m[48;2;65;98;149m▀[0m[38;2;33;38;60m[48;2;21;25;31m▀[0m     [38;2;0;0;0m▄[0m[38;2;56;69;95m▄[0m[38;2;10;10;40m[48;2;83;105;154m▀[0m[38;2;27;33;44m▄[0m                 
      [38;2;0;0;0m[48;2;0;0;0m▀[0m[38;2;68;83;113m[48;2;47;61;78m▀[0m[38;2;106;141;198m[48;2;83;113;151m▀[0m[38;2;51;58;102m[48;2;47;62;99m▀[0m[38;2;21;21;21m[48;2;0;0;0m▀[0m[38;2;89;125;172m[48;2;61;78;112m▀[0m[38;2;67;100;152m[48;2;86;125;178m▀[0m[38;2;44;54;87m[48;2;53;78;118m▀[0m[38;2;0;0;0m[48;2;21;21;29m▀[0m[38;2;43;46;89m▄[0m[38;2;0;0;0m[48;2;62;76;119m▀[0m[38;2;15;0;31m[48;2;71;93;138m▀[0m[38;2;15;0;31m[48;2;71;93;138m▀[0m[38;2;37;37;75m[48;2;52;64;96m▀[0m[38;2;53;68;88m[48;2;81;109;150m▀[0m[38;2;113;156;207m[48;2;26;28;45m▀[0m[38;2;25;29;34m[48;2;0;0;0m▀[0m                 
       [38;2;0;0;0m▀[0m[38;2;10;8;8m[48;2;0;0;0m▀[0m[38;2;64;87;127m[48;2;44;55;73m▀[0m[38;2;59;77;113m[48;2;99;136;182m▀[0m[38;2;42;53;67m[48;2;49;65;82m▀[0m[38;2;86;125;177m[48;2;85;123;174m▀[0m[38;2;61;92;140m[48;2;64;98;149m▀[0m[38;2;37;47;71m[48;2;58;82;128m▀[0m[38;2;78;103;145m[48;2;80;107;151m▀[0m[38;2;95;130;180m[48;2;72;93;138m▀[0m[38;2;109;153;203m[48;2;52;62;100m▀[0m[38;2;82;114;149m[48;2;67;90;119m▀[0m[38;2;65;88;114m[48;2;85;117;155m▀[0m[38;2;54;73;93m[48;2;62;83;108m▀[0m[38;2;84;114;156m[48;2;112;157;209m▀[0m[38;2;61;74;118m[48;2;103;145;195m▀[0m[38;2;50;56;97m[48;2;78;106;152m▀[0m[38;2;0;0;0m[48;2;51;64;104m▀[0m[38;2;0;0;0m▄[0m              
         [38;2;0;0;0m▀[0m[38;2;38;48;60m[48;2;0;0;0m▀[0m[38;2;45;59;77m[48;2;41;42;51m▀[0m[38;2;86;123;175m[48;2;69;96;125m▀[0m[38;2;63;96;146m[48;2;72;107;159m▀[0m[38;2;65;98;149m[48;2;63;96;146m▀[0m[38;2;66;93;140m[48;2;70;105;155m▀[0m[38;2;110;153;202m[48;2;107;150;201m▀[0m[38;2;92;127;176m[48;2;105;134;157m▀[0m[38;2;106;149;202m[48;2;150;142;70m▀[0m[38;2;41;55;75m[48;2;103;99;78m▀[0m[38;2;101;142;191m[48;2;102;133;165m▀[0m[38;2;107;150;198m[48;2;107;150;200m▀[0m[38;2;102;144;192m[48;2;99;140;189m▀[0m[38;2;87;125;175m[48;2;86;123;172m▀[0m[38;2;85;122;170m[48;2;75;112;164m▀[0m[38;2;33;44;61m[48;2;49;71;105m▀[0m[38;2;0;0;0m[48;2;18;20;26m▀[0m             
          [38;2;126;105;36m[48;2;115;95;27m▀[0m[38;2;114;91;22m[48;2;157;131;42m▀[0m[38;2;64;89;120m[48;2;99;124;143m▀[0m[38;2;90;130;182m[48;2;109;154;207m▀[0m[38;2;63;95;145m[48;2;104;146;196m▀[0m[38;2;87;124;174m[48;2;107;152;206m▀[0m[38;2;103;147;202m[48;2;104;123;129m▀[0m[38;2;184;188;131m[48;2;209;206;109m▀[0m[38;2;207;206;151m[48;2;23;23;37m▀[0m[38;2;187;173;73m[48;2;180;180;101m▀[0m[38;2;116;114;79m[48;2;123;133;114m▀[0m[38;2;105;149;204m[48;2;105;148;202m▀[0m[38;2;108;151;199m[48;2;109;152;200m▀[0m[38;2;83;120;170m[48;2;84;121;171m▀[0m[38;2;62;95;145m[48;2;63;96;146m▀[0m[38;2;68;103;156m[48;2;66;99;150m▀[0m[38;2;27;35;45m[48;2;56;83;124m▀[0m[38;2;15;15;13m▄[0m            
          [38;2;74;68;59m[48;2;45;54;101m▀[0m[38;2;86;95;105m[48;2;92;129;185m▀[0m[38;2;108;153;206m[48;2;72;98;144m▀[0m[38;2;84;119;167m[48;2;93;129;176m▀[0m[38;2;74;96;141m[48;2;95;130;178m▀[0m[38;2;102;144;195m[48;2;71;91;135m▀[0m[38;2;88;110;137m[48;2;77;106;158m▀[0m[38;2;177;160;72m[48;2;115;117;92m▀[0m[38;2;158;158;94m[48;2;140;133;72m▀[0m[38;2;179;174;100m[48;2;111;132;140m▀[0m[38;2;109;149;194m[48;2;104;147;199m▀[0m[38;2;106;149;198m[48;2;107;150;199m▀[0m[38;2;102;144;192m[48;2;91;130;179m▀[0m[38;2;72;107;157m[48;2;63;95;146m▀[0m[38;2;64;98;148m[48;2;64;97;147m▀[0m[38;2;66;100;151m[48;2;45;64;92m▀[0m[38;2;59;88;133m[48;2;46;57;73m▀[0m[38;2;11;11;8m[48;2;32;36;45m▀[0m[38;2;0;0;0m▄[0m           
         [38;2;0;0;0m[48;2;9;9;11m▀[0m[38;2;78;96;136m[48;2;104;133;175m▀[0m[38;2;82;112;148m[48;2;46;58;74m▀[0m[38;2;108;151;201m[48;2;104;146;194m▀[0m[38;2;107;149;198m[48;2;108;152;202m▀[0m[38;2;109;152;202m[48;2;92;130;174m▀[0m[38;2;108;151;201m[48;2;88;123;162m▀[0m[38;2;108;151;201m[48;2;88;123;163m▀[0m[38;2;106;150;202m[48;2;93;128;174m▀[0m[38;2;103;147;200m[48;2;98;137;185m▀[0m[38;2;105;148;200m[48;2;108;152;203m▀[0m[38;2;106;148;197m[48;2;110;154;206m▀[0m[38;2;108;150;200m[48;2;80;115;161m▀[0m[38;2;69;103;154m[48;2;50;73;107m▀[0m[38;2;65;99;151m[48;2;30;39;54m▀[0m[38;2;57;79;121m[48;2;30;38;53m▀[0m[38;2;82;112;146m[48;2;93;134;189m▀[0m[38;2;131;176;230m[48;2;100;142;190m▀[0m[38;2;114;149;198m[48;2;107;149;201m▀[0m[38;2;59;70;108m[48;2;101;137;188m▀[0m[38;2;65;80;123m▄[0m[38;2;45;54;80m▄[0m         
       [38;2;36;38;72m▄[0m[38;2;17;17;17m[48;2;70;93;130m▀[0m[38;2;68;94;125m[48;2;54;75;104m▀[0m[38;2;88;126;176m[48;2;51;69;113m▀[0m[38;2;30;37;46m[48;2;49;63;81m▀[0m[38;2;61;83;106m[48;2;68;90;130m▀[0m[38;2;84;113;160m[48;2;93;123;170m▀[0m[38;2;86;113;152m[48;2;157;200;255m▀[0m[38;2;71;87;113m[48;2;153;196;255m▀[0m[38;2;72;89;116m[48;2;138;182;244m▀[0m[38;2;87;108;153m[48;2;120;164;218m▀[0m[38;2;66;89;135m[48;2;103;143;192m▀[0m[38;2;62;84;116m[48;2;78;105;143m▀[0m[38;2;58;81;106m[48;2;51;63;92m▀[0m[38;2;34;48;70m[48;2;94;131;177m▀[0m[38;2;42;60;87m[48;2;73;108;161m▀[0m[38;2;66;99;149m[48;2;64;98;148m▀[0m[38;2;41;58;83m[48;2;64;97;146m▀[0m[38;2;40;56;82m[48;2;51;74;109m▀[0m[38;2;61;92;138m[48;2;35;47;67m▀[0m[38;2;65;99;151m[48;2;32;42;58m▀[0m[38;2;84;123;174m[48;2;32;42;61m▀[0m[38;2;95;135;188m[48;2;60;90;137m▀[0m[38;2;56;79;110m[48;2;41;59;86m▀[0m[38;2;27;30;42m[48;2;52;73;109m▀[0m[38;2;52;58;111m[48;2;42;56;81m▀[0m[38;2;32;37;41m▄[0m[38;2;29;34;44m▄[0m[38;2;0;0;0m▄[0m    
   [38;2;0;0;0m▄[0m[38;2;12;12;30m▄[0m[38;2;54;64;106m▄[0m[38;2;47;55;91m[48;2;89;120;166m▀[0m[38;2;45;55;76m[48;2;87;124;169m▀[0m[38;2;51;69;108m[48;2;28;35;52m▀[0m[38;2;28;33;50m▀[0m[38;2;38;43;82m▀[0m[38;2;37;50;60m[48;2;0;0;0m▀[0m[38;2;73;96;136m[48;2;68;92;121m▀[0m[38;2;98;130;181m[48;2;73;93;140m▀[0m[38;2;144;186;247m[48;2;112;154;207m▀[0m[38;2;110;152;202m[48;2;105;147;195m▀[0m[38;2;105;147;196m[48;2;106;148;197m▀[0m[38;2;105;146;195m[48;2;106;148;197m▀[0m[38;2;107;150;199m[48;2;106;149;198m▀[0m[38;2;104;144;194m[48;2;101;139;188m▀[0m[38;2;71;92;137m[48;2;68;88;132m▀[0m[38;2;112;156;205m[48;2;111;155;204m▀[0m[38;2;96;136;185m[48;2;96;136;185m▀[0m[38;2;63;96;146m[48;2;63;96;146m▀[0m[38;2;65;98;149m[48;2;65;98;148m▀[0m[38;2;67;102;154m[48;2;65;99;149m▀[0m[38;2;53;68;110m[48;2;55;71;116m▀[0m[38;2;64;95;144m[48;2;66;98;149m▀[0m[38;2;50;63;102m[48;2;54;70;114m▀[0m[38;2;17;17;19m[48;2;85;0;0m▀[0m[38;2;12;8;4m▀[0m[38;2;12;12;10m[48;2;0;0;0m▀[0m[38;2;70;95;124m[48;2;68;92;119m▀[0m[38;2;135;179;233m[48;2;108;152;203m▀[0m[38;2;111;142;197m[48;2;114;157;209m▀[0m[38;2;68;84;116m[48;2;127;169;229m▀[0m[38;2;31;37;69m[48;2;90;114;166m▀[0m[38;2;33;33;67m▄[0m[38;2;0;0;0m▄[0m 
 [38;2;17;19;19m▄[0m[38;2;0;0;0m[48;2;94;118;157m▀[0m[38;2;48;57;71m[48;2;112;145;193m▀[0m[38;2;73;94;121m[48;2;123;167;221m▀[0m[38;2;101;141;193m[48;2;85;124;174m▀[0m[38;2;90;130;180m[48;2;62;95;146m▀[0m[38;2;66;98;150m[48;2;60;84;133m▀[0m[38;2;30;40;57m[48;2;47;47;90m▀[0m[38;2;0;0;0m▀[0m[38;2;51;51;51m▄[0m[38;2;39;39;79m[48;2;19;9;39m▀[0m[38;2;85;114;162m[48;2;67;85;130m▀[0m[38;2;69;88;132m[48;2;81;107;154m▀[0m[38;2;108;150;200m[48;2;88;119;166m▀[0m[38;2;106;148;197m[48;2;108;151;200m▀[0m[38;2;106;148;197m[48;2;106;148;197m▀[0m[38;2;106;148;197m[48;2;106;148;197m▀[0m[38;2;106;149;198m[48;2;106;148;197m▀[0m[38;2;103;144;193m[48;2;108;153;202m▀[0m[38;2;75;98;143m[48;2;87;117;163m▀[0m[38;2;101;139;187m[48;2;82;109;155m▀[0m[38;2;98;139;188m[48;2;81;119;169m▀[0m[38;2;63;96;146m[48;2;64;97;147m▀[0m[38;2;65;98;148m[48;2;66;101;153m▀[0m[38;2;66;101;152m[48;2;48;70;103m▀[0m[38;2;64;93;144m[48;2;33;43;60m▀[0m[38;2;58;77;125m[48;2;31;38;54m▀[0m[38;2;63;95;144m[48;2;51;76;112m▀[0m[38;2;18;18;22m[48;2;13;12;10m▀[0m[38;2;51;62;102m▄[0m[38;2;49;57;101m▄[0m[38;2;17;17;19m[48;2;10;10;10m▀[0m[38;2;89;126;169m[48;2;57;76;121m▀[0m[38;2;110;153;202m[48;2;81;118;169m▀[0m[38;2;73;109;157m[48;2;67;101;150m▀[0m[38;2;69;103;155m[48;2;64;98;148m▀[0m[38;2;58;79;125m[48;2;60;84;130m▀[0m[38;2;54;67;112m[48;2;64;94;144m▀[0m[38;2;42;42;85m[48;2;50;62;102m▀[0m
[38;2;40;40;81m▄[0m[38;2;12;11;9m[48;2;65;88;121m▀[0m[38;2;72;97;126m[48;2;73;102;136m▀[0m[38;2;51;66;83m[48;2;94;136;190m▀[0m[38;2;34;43;60m[48;2;51;71;108m▀[0m[38;2;59;88;132m[48;2;36;50;71m▀[0m[38;2;65;97;148m[48;2;62;92;140m▀[0m[38;2;65;96;148m[48;2;41;50;79m▀[0m[38;2;30;41;56m[48;2;28;35;48m▀[0m [38;2;50;58;97m[48;2;50;58;101m▀[0m[38;2;43;53;70m[48;2;81;114;161m▀[0m[38;2;7;4;0m[48;2;71;96;124m▀[0m[38;2;83;113;155m[48;2;74;99;141m▀[0m[38;2;77;101;147m[48;2;77;101;146m▀[0m[38;2;111;156;205m[48;2;83;118;166m▀[0m[38;2;106;148;197m[48;2;107;150;200m▀[0m[38;2;106;148;197m[48;2;106;149;198m▀[0m[38;2;106;148;197m[48;2;107;149;198m▀[0m[38;2;109;154;203m[48;2;90;128;178m▀[0m[38;2;88;118;163m[48;2;74;106;154m▀[0m[38;2;75;100;147m[48;2;54;74;119m▀[0m[38;2;69;104;154m[48;2;64;95;144m▀[0m[38;2;65;98;149m[48;2;64;96;146m▀[0m[38;2;49;71;105m[48;2;38;49;63m▀[0m[38;2;70;95;124m[48;2;109;153;203m▀[0m[38;2;101;140;185m[48;2;107;149;199m▀[0m[38;2;101;141;186m[48;2;107;150;199m▀[0m[38;2;57;78;101m[48;2;105;148;198m▀[0m[38;2;30;40;51m[48;2;75;112;163m▀[0m[38;2;77;106;145m[48;2;74;110;163m▀[0m[38;2;54;66;110m[48;2;49;60;103m▀[0m[38;2;12;9;6m▄[0m[38;2;51;64;106m[48;2;57;81;125m▀[0m[38;2;64;98;149m[48;2;67;102;154m▀[0m[38;2;65;98;148m[48;2;62;94;143m▀[0m[38;2;65;98;149m[48;2;61;92;141m▀[0m[38;2;86;120;165m[48;2;80;116;167m▀[0m[38;2;19;20;24m[48;2;58;79;102m▀[0m[38;2;21;23;28m[48;2;0;0;0m▀[0m
[38;2;47;62;80m[48;2;30;36;45m▀[0m[38;2;100;138;184m[48;2;29;36;44m▀[0m[38;2;85;91;98m[48;2;252;250;248m▀[0m[38;2;76;92;115m[48;2;178;176;174m▀[0m[38;2;56;81;123m[48;2;48;56;88m▀[0m[38;2;46;68;99m[48;2;64;92;144m▀[0m[38;2;32;43;60m[48;2;26;35;46m▀[0m[38;2;20;10;20m▀[0m[38;2;22;22;33m▀[0m[38;2;0;0;0m[48;2;2;0;0m▀[0m[38;2;58;73;111m[48;2;79;108;140m▀[0m[38;2;104;145;196m[48;2;106;149;201m▀[0m[38;2;104;146;197m[48;2;72;107;159m▀[0m[38;2;47;62;80m[48;2;47;66;94m▀[0m[38;2;80;105;151m[48;2;57;77;111m▀[0m[38;2;54;75;121m[48;2;53;65;109m▀[0m[38;2;65;92;139m[48;2;57;78;123m▀[0m[38;2;65;93;140m[48;2;57;77;123m▀[0m[38;2;70;105;156m[48;2;55;74;119m▀[0m[38;2;66;100;150m[48;2;56;74;119m▀[0m[38;2;66;101;152m[48;2;56;75;120m▀[0m[38;2;55;74;118m[48;2;51;63;104m▀[0m[38;2;63;94;142m[48;2;57;78;123m▀[0m[38;2;64;97;147m[48;2;65;99;149m▀[0m[38;2;39;51;67m[48;2;33;43;58m▀[0m[38;2;108;151;200m[48;2;95;136;185m▀[0m[38;2;106;148;197m[48;2;109;153;202m▀[0m[38;2;106;149;197m[48;2;108;150;199m▀[0m[38;2;104;147;196m[48;2;88;127;176m▀[0m[38;2;66;99;150m[48;2;67;102;154m▀[0m[38;2;57;85;128m[48;2;30;41;57m▀[0m[38;2;54;63;110m[48;2;0;0;0m▀[0m[38;2;14;13;11m[48;2;19;19;23m▀[0m[38;2;59;88;131m[48;2;35;50;70m▀[0m[38;2;57;82;125m[48;2;43;62;100m▀[0m[38;2;45;61;83m[48;2;102;141;193m▀[0m[38;2;41;53;68m[48;2;115;160;212m▀[0m[38;2;49;71;103m[48;2;51;73;103m▀[0m[38;2;58;86;125m[48;2;5;2;0m▀[0m[38;2;26;33;43m[48;2;15;15;13m▀[0m
[38;2;93;92;91m[48;2;95;95;95m▀[0m[38;2;120;119;118m[48;2;206;206;206m▀[0m[38;2;185;185;185m[48;2;50;50;50m▀[0m[38;2;95;95;95m[48;2;46;46;46m▀[0m[38;2;0;0;0m[48;2;7;7;7m▀[0m[38;2;27;32;45m▀[0m[38;2;20;24;31m▀[0m  [38;2;8;5;0m[48;2;6;6;0m▀[0m[38;2;55;80;115m[48;2;34;47;65m▀[0m[38;2;69;104;155m[48;2;39;56;81m▀[0m[38;2;52;76;114m[48;2;39;55;79m▀[0m[38;2;66;100;151m[48;2;52;72;112m▀[0m[38;2;38;54;78m[48;2;29;39;53m▀[0m[38;2;49;69;102m[48;2;13;11;11m▀[0m[38;2;67;100;153m[48;2;36;44;66m▀[0m[38;2;67;102;153m[48;2;56;77;119m▀[0m[38;2;62;90;139m[48;2;68;102;154m▀[0m[38;2;62;90;139m[48;2;67;101;153m▀[0m[38;2;62;90;139m[48;2;67;101;153m▀[0m[38;2;62;90;139m[48;2;68;102;154m▀[0m[38;2;54;71;115m[48;2;65;97;149m▀[0m[38;2;66;98;150m[48;2;48;66;100m▀[0m[38;2;56;83;124m[48;2;42;60;85m▀[0m[38;2;45;64;92m[48;2;31;40;56m▀[0m[38;2;64;94;137m[48;2;15;13;13m▀[0m[38;2;73;109;162m[48;2;40;56;81m▀[0m[38;2;68;103;155m[48;2;39;54;78m▀[0m[38;2;67;101;154m[48;2;49;71;105m▀[0m[38;2;60;90;133m[48;2;66;100;151m▀[0m[38;2;20;23;26m[48;2;18;21;24m▀[0m [38;2;23;23;23m[48;2;104;104;104m▀[0m[38;2;68;74;81m[48;2;255;255;255m▀[0m[38;2;88;120;155m[48;2;66;69;77m▀[0m[38;2;83;120;168m[48;2;22;32;58m▀[0m[38;2;68;78;94m[48;2;212;210;207m▀[0m[38;2;57;56;56m[48;2;180;180;180m▀[0m[38;2;0;0;0m[48;2;0;0;0m▀[0m
[38;2;42;42;42m▀[0m[38;2;123;123;123m▀[0m[38;2;31;31;31m▀[0m[38;2;0;0;0m▀[0m[38;2;0;0;0m▀[0m   [38;2;0;0;0m▄[0m[38;2;0;0;255m[48;2;81;84;95m▀[0m[38;2;0;0;15m[48;2;150;154;177m▀[0m[38;2;45;54;86m[48;2;157;162;170m▀[0m[38;2;64;86;134m[48;2;105;141;181m▀[0m[38;2;57;69;111m[48;2;88;128;181m▀[0m[38;2;35;42;64m[48;2;69;105;159m▀[0m[38;2;13;18;23m[48;2;25;32;43m▀[0m[38;2;5;0;0m▀[0m[38;2;29;29;51m▀[0m[38;2;25;33;43m▀[0m[38;2;25;32;43m▀[0m[38;2;25;32;43m▀[0m[38;2;25;32;43m▀[0m[38;2;28;35;47m▀[0m[38;2;20;27;31m▀[0m[38;2;0;0;0m▀[0m[38;2;0;0;0m▀[0m [38;2;0;0;0m▀[0m[38;2;5;0;0m[48;2;57;72;118m▀[0m[38;2;31;36;58m[48;2;51;70;95m▀[0m[38;2;36;50;70m[48;2;39;55;80m▀[0m[38;2;54;76;117m[48;2;42;59;86m▀[0m[38;2;26;26;56m[48;2;43;55;85m▀[0m[38;2;144;143;140m[48;2;98;98;98m▀[0m[38;2;155;155;155m[48;2;85;85;85m▀[0m[38;2;42;42;46m▀[0m[38;2;64;64;72m[48;2;98;98;96m▀[0m[38;2;230;230;230m[48;2;156;156;156m▀[0m[38;2;153;153;153m[48;2;21;21;21m▀[0m[38;2;0;0;0m▀[0m
        [38;2;32;32;32m[48;2;17;17;17m▀[0m[38;2;196;196;196m[48;2;23;23;23m▀[0m[38;2;239;237;235m[48;2;13;13;13m▀[0m[38;2;121;126;134m[48;2;10;10;10m▀[0m[38;2;65;93;133m[48;2;13;13;15m▀[0m[38;2;31;42;59m[48;2;0;0;0m▀[0m[38;2;28;35;48m▀[0m[38;2;22;26;32m▀[0m            [38;2;52;63;102m[48;2;21;22;26m▀[0m[38;2;105;145;192m[48;2;87;120;168m▀[0m[38;2;79;109;144m[48;2;79;118;172m▀[0m[38;2;54;81;122m[48;2;73;89;112m▀[0m[38;2;52;79;127m[48;2;97;97;96m▀[0m[38;2;46;57;103m[48;2;40;45;68m▀[0m  [38;2;98;98;98m▀[0m[38;2;72;72;72m▀[0m  
                            [38;2;17;17;17m▀[0m[38;2;24;27;39m[48;2;0;0;0m▀[0m[38;2;29;38;51m[48;2;0;0;0m▀[0m[38;2;155;155;154m[48;2;79;79;79m▀[0m[38;2;255;255;255m[48;2;172;172;172m▀[0m[38;2;175;174;173m[48;2;209;209;209m▀[0m[38;2;0;0;0m[48;2;2;2;2m▀[0m     
                               [38;2;0;0;0m▀[0m[38;2;0;0;0m▀[0m[38;2;71;71;71m▀[0m[38;2;14;14;14m▀[0m     
[0m