   [38;2;82;82;106m[48;2;76;76;97m▀[0m[38;2;142;142;155m[48;2;182;182;190m▀[0m[38;2;106;106;131m[48;2;113;108;103m▀[0m[38;2;127;85;42m▄[0m                                 
  [38;2;0;0;0m[48;2;0;0;0m▀[0m[38;2;128;129;144m[48;2;142;143;156m▀[0m[38;2;202;200;197m[48;2;202;196;175m▀[0m[38;2;126;104;36m[48;2;159;130;25m▀[0m[38;2;119;96;22m[48;2;132;108;27m▀[0m                                 
  [38;2;0;0;0m[48;2;0;0;0m▀[0m[38;2;143;144;159m[48;2;143;144;159m▀[0m[38;2;162;145;89m[48;2;164;148;94m▀[0m[38;2;181;147;12m[48;2;177;144;13m▀[0m[38;2;162;132;26m[48;2;181;149;23m▀[0m[38;2;108;87;33m[48;2;132;107;29m▀[0m[38;2;0;0;0m▄[0m                               
  [38;2;0;0;0m[48;2;0;0;0m▀[0m[38;2;143;144;159m[48;2;143;144;159m▀[0m[38;2;164;148;94m[48;2;163;147;93m▀[0m[38;2;175;143;13m[48;2;188;153;26m▀[0m[38;2;184;152;20m[48;2;188;155;28m▀[0m[38;2;153;125;26m[48;2;184;151;22m▀[0m[38;2;108;92;32m[48;2;128;105;30m▀[0m[38;2;85;85;0m▄[0m                              
  [38;2;0;0;0m[48;2;0;0;0m▀[0m[38;2;143;144;159m[48;2;143;144;159m▀[0m[38;2;166;148;90m[48;2;175;161;114m▀[0m[38;2;152;123;21m[48;2;163;133;16m▀[0m[38;2;199;164;50m[48;2;167;137;42m▀[0m[38;2;184;151;19m[48;2;199;164;34m▀[0m[38;2;160;131;26m[48;2;179;147;20m▀[0m[38;2;102;81;35m[48;2;131;107;28m▀[0m                              
  [38;2;0;0;0m▀[0m[38;2;125;125;141m[48;2;79;79;104m▀[0m[38;2;194;192;192m[48;2;174;172;174m▀[0m[38;2;152;126;30m[48;2;155;127;29m▀[0m[38;2;161;131;28m[48;2;172;141;20m▀[0m[38;2;194;159;46m[48;2;173;142;45m▀[0m[38;2;187;154;21m[48;2;195;160;32m▀[0m[38;2;158;130;26m[48;2;181;149;22m▀[0m[38;2;114;92;30m[48;2;129;106;28m▀[0m[38;2;85;42;42m▄[0m                            
   [38;2;81;81;103m[48;2;0;0;0m▀[0m[38;2;183;183;190m[48;2;113;115;133m▀[0m[38;2;171;157;107m[48;2;178;169;142m▀[0m[38;2;174;142;15m[48;2;166;135;13m▀[0m[38;2;153;125;29m[48;2;174;143;20m▀[0m[38;2;200;164;48m[48;2;168;138;45m▀[0m[38;2;185;152;20m[48;2;197;162;33m▀[0m[38;2;154;127;26m[48;2;182;150;20m▀[0m[38;2;110;86;34m[48;2;128;104;29m▀[0m                            
    [38;2;87;87;103m[48;2;0;0;25m▀[0m[38;2;201;199;200m[48;2;144;144;157m▀[0m[38;2;153;130;49m[48;2;183;172;138m▀[0m[38;2;183;150;17m[48;2;165;134;14m▀[0m[38;2;155;128;28m[48;2;176;145;23m▀[0m[38;2;196;160;47m[48;2;169;139;42m▀[0m[38;2;194;159;26m[48;2;185;152;44m▀[0m[38;2;164;135;28m[48;2;177;146;25m▀[0m[38;2;102;85;31m[48;2;131;109;28m▀[0m                           
    [38;2;0;0;0m▀[0m[38;2;69;71;88m[48;2;49;49;68m▀[0m[38;2;192;190;189m[48;2;137;138;154m▀[0m[38;2;158;134;49m[48;2;181;170;133m▀[0m[38;2;185;151;28m[48;2;161;131;17m▀[0m[38;2;145;118;34m[48;2;176;145;20m▀[0m[38;2;161;132;36m[48;2;163;134;31m▀[0m[38;2;190;156;23m[48;2;175;144;24m▀[0m[38;2;155;128;24m[48;2;170;139;34m▀[0m[38;2;96;81;25m[48;2;181;149;51m▀[0m[38;2;115;97;37m▄[0m                 [38;2;6;31;31m▄[0m[38;2;51;51;51m▄[0m      
[38;2;29;39;39m▄[0m[38;2;0;23;23m▄[0m    [38;2;84;84;100m[48;2;15;15;37m▀[0m[38;2;193;192;196m[48;2;141;142;151m▀[0m[38;2;154;129;43m[48;2;180;170;138m▀[0m[38;2;184;151;19m[48;2;165;133;12m▀[0m[38;2;183;151;20m[48;2;181;149;19m▀[0m[38;2;159;131;23m[48;2;182;149;36m▀[0m[38;2;196;160;57m[48;2;226;188;62m▀[0m[38;2;231;192;56m[48;2;179;141;28m▀[0m[38;2;153;118;28m[48;2;173;65;50m▀[0m[38;2;110;22;25m[48;2;196;46;49m▀[0m[38;2;105;23;23m[48;2;170;41;41m▀[0m[38;2;0;0;0m[48;2;131;31;31m▀[0m[38;2;96;8;8m▄[0m           [38;2;26;42;47m▄[0m[38;2;70;46;43m[48;2;170;76;75m▀[0m[38;2;103;57;55m[48;2;176;72;69m▀[0m[38;2;25;37;37m[48;2;0;29;34m▀[0m      
[38;2;104;57;56m[48;2;129;60;58m▀[0m[38;2;95;58;60m[48;2;175;91;96m▀[0m[38;2;0;0;0m[48;2;47;57;63m▀[0m[38;2;0;0;0m▄[0m   [38;2;51;51;53m[48;2;0;0;0m▀[0m[38;2;192;191;188m[48;2;108;108;115m▀[0m[38;2;158;136;54m[48;2;168;153;124m▀[0m[38;2;176;144;14m[48;2;163;133;15m▀[0m[38;2;159;131;42m[48;2;181;150;38m▀[0m[38;2;207;167;47m[48;2;178;137;42m▀[0m[38;2;166;63;52m[48;2;180;45;52m▀[0m[38;2;197;46;50m[48;2;199;49;48m▀[0m[38;2;199;49;49m[48;2;197;49;49m▀[0m[38;2;201;50;50m[48;2;202;48;47m▀[0m[38;2;206;49;49m[48;2;174;51;58m▀[0m[38;2;113;43;45m[48;2;113;88;106m▀[0m[38;2;7;31;31m[48;2;66;68;75m▀[0m[38;2;34;34;31m▄[0m       [38;2;40;43;43m▄[0m[38;2;45;42;42m[48;2;75;82;95m▀[0m[38;2;74;83;95m[48;2;111;101;117m▀[0m[38;2;192;95;100m[48;2;204;87;87m▀[0m[38;2;162;66;63m[48;2;64;44;43m▀[0m[38;2;0;28;33m[48;2;0;0;0m▀[0m      
[38;2;60;42;42m[48;2;17;37;37m▀[0m[38;2;189;80;78m[48;2;198;76;73m▀[0m[38;2;111;97;111m[48;2;220;90;89m▀[0m[38;2;53;59;65m[48;2;113;96;109m▀[0m[38;2;0;0;0m[48;2;55;58;62m▀[0m[38;2;0;0;0m▄[0m [38;2;0;0;0m▀[0m[38;2;52;52;54m▀[0m[38;2;136;131;147m[48;2;65;64;69m▀[0m[38;2;146;128;86m[48;2;160;150;151m▀[0m[38;2;195;161;29m[48;2;174;145;45m▀[0m[38;2;162;121;45m[48;2;164;123;45m▀[0m[38;2;194;46;46m[48;2;185;45;49m▀[0m[38;2;199;49;48m[48;2;172;51;54m▀[0m[38;2;204;47;46m[48;2;112;62;74m▀[0m[38;2;141;57;64m[48;2;87;88;105m▀[0m[38;2;97;88;106m[48;2;93;96;113m▀[0m[38;2;98;100;118m[48;2;98;98;115m▀[0m[38;2;98;98;115m[48;2;98;98;116m▀[0m[38;2;85;85;98m[48;2;100;100;117m▀[0m[38;2;57;57;63m[48;2;103;103;121m▀[0m[38;2;41;41;45m[48;2;77;77;87m▀[0m[38;2;42;42;46m▄[0m [38;2;20;20;13m▄[0m[38;2;19;19;9m[48;2;67;67;73m▀[0m[38;2;43;43;43m[48;2;80;84;99m▀[0m[38;2;82;82;94m[48;2;159;93;102m▀[0m[38;2;130;98;112m[48;2;235;84;80m▀[0m[38;2;209;88;88m[48;2;251;86;82m▀[0m[38;2;207;76;72m[48;2;115;57;55m▀[0m[38;2;55;42;44m[48;2;0;0;0m▀[0m       
[38;2;23;35;35m▀[0m[38;2;159;67;63m[48;2;79;48;48m▀[0m[38;2;217;89;88m[48;2;230;92;91m▀[0m[38;2;146;89;99m[48;2;115;94;109m▀[0m[38;2;88;92;108m[48;2;73;83;101m▀[0m[38;2;59;59;64m[48;2;76;83;99m▀[0m[38;2;31;31;28m[48;2;71;73;83m▀[0m[38;2;52;54;56m▄[0m[38;2;28;34;28m▄[0m[38;2;38;38;42m[48;2;48;51;57m▀[0m[38;2;92;91;104m[48;2;65;55;67m▀[0m[38;2;158;137;86m[48;2;135;123;121m▀[0m[38;2;154;126;33m[48;2;162;133;23m▀[0m[38;2;86;74;75m[48;2;146;128;57m▀[0m[38;2;85;81;101m[48;2;87;88;107m▀[0m[38;2;89;96;114m[48;2;78;77;93m▀[0m[38;2;94;94;111m[48;2;125;118;126m▀[0m[38;2;66;68;75m[48;2;138;83;92m▀[0m[38;2;98;98;115m[48;2;75;75;86m▀[0m[38;2;99;99;116m[48;2;91;92;106m▀[0m[38;2;99;99;117m[48;2;85;85;98m▀[0m[38;2;100;100;117m[48;2;60;61;68m▀[0m[38;2;97;97;113m[48;2;55;61;70m▀[0m[38;2;50;50;52m[48;2;71;78;92m▀[0m[38;2;49;49;52m[48;2;66;74;90m▀[0m[38;2;67;68;77m[48;2;82;83;102m▀[0m[38;2;82;86;104m[48;2;119;89;102m▀[0m[38;2;76;81;100m[48;2;127;100;114m▀[0m[38;2;99;91;107m[48;2;195;94;98m▀[0m[38;2;198;91;93m[48;2;234;80;75m▀[0m[38;2;233;84;80m[48;2;163;65;62m▀[0m[38;2;98;53;52m[48;2;7;33;37m▀[0m[38;2;0;0;28m▀[0m       
 [38;2;68;40;43m▀[0m[38;2;126;48;45m[48;2;0;0;0m▀[0m[38;2;204;82;81m[48;2;50;25;23m▀[0m[38;2;170;92;98m[48;2;60;25;22m▀[0m[38;2;165;84;89m[48;2;57;25;24m▀[0m[38;2;104;84;100m[48;2;137;58;57m▀[0m[38;2;90;84;101m[48;2;153;62;62m▀[0m[38;2;67;59;68m[48;2;155;63;63m▀[0m[38;2;54;55;64m[48;2;84;55;62m▀[0m[38;2;63;45;53m[48;2;118;70;79m▀[0m[38;2;62;59;68m[48;2;111;56;55m▀[0m[38;2;128;122;104m[48;2;115;70;75m▀[0m[38;2;169;138;26m[48;2;129;122;104m▀[0m[38;2;143;121;31m[48;2;175;139;32m▀[0m[38;2;167;150;70m[48;2;185;112;40m▀[0m[38;2;135;115;96m[48;2;124;71;72m▀[0m[38;2;73;37;46m[48;2;117;69;78m▀[0m[38;2;48;54;59m[48;2;132;79;87m▀[0m[38;2;64;58;67m[48;2;151;65;66m▀[0m[38;2;67;59;67m[48;2;151;61;61m▀[0m[38;2;90;83;99m[48;2;151;60;63m▀[0m[38;2;149;76;85m[48;2;149;60;52m▀[0m[38;2;152;72;82m[48;2;90;64;22m▀[0m[38;2;165;89;95m[48;2;66;28;25m▀[0m[38;2;179;89;93m[48;2;96;31;29m▀[0m[38;2;173;64;61m[48;2;98;34;42m▀[0m[38;2;117;46;45m[48;2;120;41;55m▀[0m[38;2;125;47;45m[48;2;36;27;31m▀[0m[38;2;82;45;49m[48;2;55;62;78m▀[0m[38;2;31;38;47m[48;2;69;69;87m▀[0m[38;2;10;10;10m[48;2;38;38;43m▀[0m[38;2;9;9;9m▄[0m       
      [38;2;0;4;4m▀[0m[38;2;0;6;6m▀[0m[38;2;0;3;3m▀[0m[38;2;40;20;20m▀[0m[38;2;99;40;38m▀[0m[38;2;96;38;39m[48;2;88;88;23m▀[0m[38;2;99;40;37m[48;2;127;112;23m▀[0m[38;2;164;75;82m[48;2;106;82;17m▀[0m[38;2;157;74;70m[48;2;89;74;34m▀[0m[38;2;89;40;46m[48;2;28;36;48m▀[0m[38;2;91;39;38m[48;2;18;24;24m▀[0m[38;2;94;41;41m[48;2;47;53;66m▀[0m[38;2;94;43;43m[48;2;58;64;82m▀[0m[38;2;30;28;29m[48;2;61;61;76m▀[0m[38;2;13;19;20m[48;2;40;42;54m▀[0m[38;2;54;51;28m[48;2;119;99;41m▀[0m[38;2;155;133;37m[48;2;218;185;60m▀[0m[38;2;160;123;25m[48;2;166;65;42m▀[0m[38;2;160;44;41m[48;2;170;38;40m▀[0m[38;2;154;38;41m[48;2;135;42;55m▀[0m[38;2;145;45;60m[48;2;117;42;56m▀[0m[38;2;60;30;34m[48;2;35;33;38m▀[0m[38;2;36;40;39m[48;2;36;37;36m▀[0m[38;2;55;55;65m[48;2;41;41;41m▀[0m[38;2;64;64;81m[48;2;44;44;47m▀[0m[38;2;62;62;77m[48;2;55;55;64m▀[0m[38;2;30;30;31m[48;2;44;44;44m▀[0m[38;2;13;13;13m[48;2;22;22;22m▀[0m      
       [38;2;85;28;28m▄[0m[38;2;102;24;26m▄[0m[38;2;117;26;22m[48;2;136;38;45m▀[0m[38;2;140;33;32m[48;2;151;37;38m▀[0m[38;2;183;55;46m[48;2;192;45;47m▀[0m[38;2;165;91;37m[48;2;199;46;50m▀[0m[38;2;184;158;27m[48;2;165;94;44m▀[0m[38;2;226;186;54m[48;2;222;188;63m▀[0m[38;2;79;67;33m[48;2;177;146;53m▀[0m[38;2;47;49;64m[48;2;62;62;74m▀[0m[38;2;46;46;49m[48;2;67;67;80m▀[0m[38;2;59;59;74m[48;2;81;81;95m▀[0m[38;2;73;74;94m[48;2;83;83;104m▀[0m[38;2;69;66;63m[48;2;57;53;44m▀[0m[38;2;207;173;58m[48;2;227;190;61m▀[0m[38;2;166;115;44m[48;2;153;101;38m▀[0m[38;2;187;47;45m[48;2;184;41;45m▀[0m[38;2;136;35;41m[48;2;96;33;40m▀[0m[38;2;151;49;65m[48;2;149;45;59m▀[0m[38;2;69;28;34m[48;2;61;27;26m▀[0m[38;2;54;59;74m[48;2;39;43;52m▀[0m[38;2;38;38;45m[48;2;81;81;98m▀[0m[38;2;35;35;34m[48;2;51;51;57m▀[0m[38;2;41;41;41m[48;2;35;35;34m▀[0m[38;2;40;40;39m[48;2;42;42;42m▀[0m[38;2;42;42;42m[48;2;41;41;41m▀[0m[38;2;35;35;35m[48;2;41;41;41m▀[0m[38;2;14;14;14m[48;2;23;23;23m▀[0m[38;2;0;0;0m▄[0m    
       [38;2;28;0;0m▀[0m[38;2;61;25;30m[48;2;0;0;0m▀[0m[38;2;113;41;53m[48;2;15;15;15m▀[0m[38;2;147;48;64m[48;2;55;28;32m▀[0m[38;2;128;36;42m[48;2;103;37;48m▀[0m[38;2;179;45;45m[48;2;92;32;37m▀[0m[38;2;200;45;49m[48;2;183;44;46m▀[0m[38;2;165;93;42m[48;2;186;57;50m▀[0m[38;2;214;180;58m[48;2;185;151;50m▀[0m[38;2;93;82;51m[48;2;145;121;24m▀[0m[38;2;75;76;96m[48;2;63;64;76m▀[0m[38;2;96;96;114m[48;2;84;84;103m▀[0m[38;2;88;88;108m[48;2;88;89;108m▀[0m[38;2;55;50;41m[48;2;52;47;35m▀[0m[38;2;193;161;44m[48;2;152;126;27m▀[0m[38;2;175;92;48m[48;2;215;80;71m▀[0m[38;2;189;50;52m[48;2;200;57;56m▀[0m[38;2;70;26;29m[48;2;47;32;37m▀[0m[38;2;87;30;33m[48;2;31;30;33m▀[0m[38;2;41;41;41m[48;2;38;39;37m▀[0m[38;2;32;33;34m[48;2;42;39;29m▀[0m[38;2;46;46;55m[48;2;32;32;33m▀[0m[38;2;91;92;112m[48;2;62;59;57m▀[0m[38;2;52;52;58m[48;2;91;91;110m▀[0m[38;2;35;35;34m[48;2;46;46;50m▀[0m[38;2;37;37;37m[48;2;75;75;74m▀[0m[38;2;37;37;37m[48;2;81;81;81m▀[0m[38;2;29;29;29m[48;2;80;80;80m▀[0m[38;2;3;3;3m[48;2;74;74;77m▀[0m[38;2;107;107;119m▄[0m[38;2;0;0;0m▄[0m[38;2;0;0;17m▄[0m 
     [38;2;83;83;104m▄[0m[38;2;116;116;129m▄[0m[38;2;0;0;0m[48;2;154;154;165m▀[0m[38;2;117;117;130m▄[0m[38;2;50;52;65m▄[0m[38;2;35;42;40m[48;2;71;71;81m▀[0m[38;2;55;57;66m[48;2;80;81;100m▀[0m[38;2;47;28;35m[48;2;50;53;60m▀[0m[38;2;96;29;29m[48;2;33;30;29m▀[0m[38;2;245;81;79m[48;2;143;41;41m▀[0m[38;2;188;77;56m[48;2;211;50;53m▀[0m[38;2;161;131;20m[48;2;177;68;43m▀[0m[38;2;69;63;33m[48;2;157;54;39m▀[0m[38;2;76;80;101m[48;2;72;51;59m▀[0m[38;2;84;84;104m[48;2;75;78;96m▀[0m[38;2;50;46;36m[48;2;81;85;97m▀[0m[38;2;150;122;23m[48;2;78;34;22m▀[0m[38;2;182;53;44m[48;2;68;35;38m▀[0m[38;2;183;42;42m[48;2;49;36;43m▀[0m[38;2;45;37;45m[48;2;38;37;46m▀[0m[38;2;32;33;38m[48;2;70;68;75m▀[0m[38;2;31;31;29m[48;2;92;83;66m▀[0m[38;2;138;114;16m[48;2;164;135;16m▀[0m[38;2;114;96;35m[48;2;175;144;41m▀[0m[38;2;130;107;38m[48;2;193;159;47m▀[0m[38;2;35;37;52m[48;2;106;87;20m▀[0m[38;2;62;62;76m[48;2;48;45;47m▀[0m[38;2;104;105;108m[48;2;55;48;26m▀[0m[38;2;116;115;115m[48;2;25;26;27m▀[0m[38;2;113;113;112m[48;2;29;29;28m▀[0m[38;2;123;123;126m[48;2;15;15;16m▀[0m[38;2;141;141;150m[48;2;27;27;33m▀[0m[38;2;134;134;134m[48;2;129;126;136m▀[0m[38;2;152;151;158m[48;2;193;190;195m▀[0m[38;2;165;157;174m[48;2;106;106;106m▀[0m
  [38;2;68;68;83m▄[0m[38;2;96;96;114m[48;2;175;175;181m▀[0m[38;2;120;119;134m[48;2;205;202;207m▀[0m[38;2;171;171;177m[48;2;87;84;93m▀[0m[38;2;159;159;165m[48;2;91;91;106m▀[0m[38;2;87;89;90m▀[0m[38;2;90;82;63m[48;2;72;52;0m▀[0m[38;2;133;109;36m[48;2;167;139;50m▀[0m[38;2;59;58;62m[48;2;112;94;37m▀[0m[38;2;77;70;59m[48;2;141;116;39m▀[0m[38;2;140;129;119m[48;2;89;76;37m▀[0m[38;2;119;118;132m[48;2;53;50;43m▀[0m[38;2;37;35;37m[48;2;42;41;35m▀[0m[38;2;137;37;37m[48;2;26;28;28m▀[0m[38;2;181;41;43m[48;2;50;46;48m▀[0m[38;2;168;37;38m[48;2;100;94;103m▀[0m[38;2;100;29;32m[48;2;103;99;116m▀[0m[38;2;89;86;101m[48;2;87;86;104m▀[0m[38;2;98;99;116m[48;2;87;87;104m▀[0m[38;2;71;73;87m[48;2;89;89;107m▀[0m[38;2;71;75;92m[48;2;109;106;123m▀[0m[38;2;67;70;88m[48;2;148;142;157m▀[0m[38;2;104;101;117m[48;2;118;113;122m▀[0m[38;2;126;121;138m[48;2;47;47;53m▀[0m[38;2;105;87;16m[48;2;36;32;17m▀[0m[38;2;148;121;28m[48;2;93;77;23m▀[0m[38;2;182;150;50m[48;2;173;141;40m▀[0m[38;2;165;136;35m[48;2;218;179;54m▀[0m[38;2;177;145;38m[48;2;184;152;52m▀[0m[38;2;168;138;48m[48;2;73;64;37m▀[0m[38;2;69;61;34m[48;2;35;37;42m▀[0m[38;2;30;30;32m[48;2;45;45;45m▀[0m[38;2;75;72;78m[48;2;40;40;41m▀[0m[38;2;167;166;169m[48;2;118;116;121m▀[0m[38;2;163;162;163m[48;2;75;75;75m▀[0m[38;2;150;149;151m[48;2;0;0;0m▀[0m[38;2;91;91;90m▀[0m[38;2;0;0;0m▀[0m
  [38;2;65;65;82m▀[0m[38;2;141;141;150m[48;2;46;46;69m▀[0m[38;2;177;174;185m[48;2;83;85;102m▀[0m[38;2;76;73;87m[48;2;118;116;133m▀[0m[38;2;60;60;77m[48;2;154;153;165m▀[0m[38;2;91;77;33m[48;2;122;118;132m▀[0m[38;2;158;129;42m[48;2;139;115;40m▀[0m[38;2;115;95;29m[48;2;171;141;26m▀[0m[38;2;180;148;44m[48;2;189;155;43m▀[0m[38;2;167;137;47m[48;2;183;150;42m▀[0m[38;2;142;117;41m[48;2;195;160;45m▀[0m[38;2;166;136;45m[48;2;222;182;53m▀[0m[38;2;76;67;48m[48;2;46;43;22m▀[0m[38;2;138;134;149m[48;2;75;76;83m▀[0m[38;2;61;59;64m[48;2;174;176;180m▀[0m[38;2;87;86;91m[48;2;102;102;113m▀[0m[38;2;160;160;162m[48;2;61;61;72m▀[0m[38;2;142;142;144m[48;2;54;54;65m▀[0m[38;2;143;143;145m[48;2;55;55;65m▀[0m[38;2;148;148;150m[48;2;59;59;70m▀[0m[38;2;94;93;98m[48;2;79;78;95m▀[0m[38;2;71;70;78m[48;2;100;99;118m▀[0m[38;2;29;31;45m[48;2;92;80;52m▀[0m[38;2;54;46;21m[48;2;183;151;50m▀[0m[38;2;197;163;58m[48;2;192;163;53m▀[0m[38;2;150;123;44m[48;2;156;130;37m▀[0m[38;2;220;181;57m[48;2;73;56;18m▀[0m[38;2;221;182;44m[48;2;78;67;17m▀[0m[38;2;104;86;13m[48;2;37;39;33m▀[0m[38;2;88;90;97m[48;2;33;33;34m▀[0m[38;2;149;149;149m[48;2;28;28;28m▀[0m[38;2;143;143;143m[48;2;29;29;29m▀[0m[38;2;145;145;145m[48;2;26;26;27m▀[0m[38;2;173;170;175m[48;2;70;69;72m▀[0m[38;2;131;130;142m[48;2;100;100;100m▀[0m[38;2;154;152;163m[48;2;159;158;161m▀[0m[38;2;110;110;125m[48;2;173;170;182m▀[0m[38;2;28;28;42m[48;2;91;89;106m▀[0m
 [38;2;28;28;28m▄[0m[38;2;126;126;139m▄[0m[38;2;120;120;134m[48;2;199;197;204m▀[0m[38;2;149;147;161m[48;2;154;150;163m▀[0m[38;2;147;144;155m[48;2;28;28;34m▀[0m[38;2;110;108;123m▀[0m[38;2;112;113;133m[48;2;23;0;0m▀[0m[38;2;0;11;22m[48;2;119;18;27m▀[0m[38;2;141;117;20m[48;2;73;48;20m▀[0m[38;2;169;139;37m[48;2;190;159;42m▀[0m[38;2;168;138;45m[48;2;175;143;49m▀[0m[38;2;191;156;49m[48;2;176;144;46m▀[0m[38;2;151;125;36m[48;2;98;83;24m▀[0m[38;2;57;33;30m[48;2;134;34;36m▀[0m[38;2;102;27;28m[48;2;199;48;48m▀[0m[38;2;133;94;94m[48;2;187;44;43m▀[0m[38;2;158;164;165m[48;2;116;48;55m▀[0m[38;2;163;160;171m[48;2;91;96;98m▀[0m[38;2;132;132;143m[48;2;100;100;102m▀[0m[38;2;135;135;146m[48;2;99;99;101m▀[0m[38;2;136;136;146m[48;2;97;103;105m▀[0m[38;2;163;162;173m[48;2;114;80;82m▀[0m[38;2;65;66;64m[48;2;155;40;38m▀[0m[38;2;210;176;51m[48;2;91;57;28m▀[0m[38;2;156;125;44m[48;2;139;40;36m▀[0m[38;2;84;30;28m[48;2;208;49;51m▀[0m[38;2;121;38;33m[48;2;202;49;50m▀[0m[38;2;182;41;46m[48;2;200;50;50m▀[0m[38;2;95;27;32m[48;2;194;47;47m▀[0m[38;2;52;35;36m[48;2;165;39;39m▀[0m[38;2;40;43;43m[48;2;53;31;31m▀[0m[38;2;41;41;41m[48;2;62;64;68m▀[0m[38;2;40;40;43m[48;2;170;168;172m▀[0m[38;2;79;78;89m[48;2;195;193;198m▀[0m[38;2;99;98;98m[48;2;142;139;146m▀[0m[38;2;156;153;160m[48;2;77;76;77m▀[0m[38;2;178;175;180m[48;2;62;61;64m▀[0m[38;2;120;117;123m[48;2;0;0;0m▀[0m[38;2;48;48;51m▀[0m
 [38;2;12;12;38m▀[0m[38;2;103;103;108m[48;2;0;0;0m▀[0m[38;2;212;211;213m[48;2;40;40;42m▀[0m[38;2;132;129;142m[48;2;32;32;39m▀[0m[38;2;8;8;8m▀[0m[38;2;74;10;10m[48;2;113;23;23m▀[0m[38;2;140;33;33m[48;2;182;43;43m▀[0m[38;2;181;42;45m[48;2;207;50;50m▀[0m[38;2;139;50;35m[48;2;163;35;40m▀[0m[38;2;163;137;39m[48;2;128;109;34m▀[0m[38;2;228;187;65m[48;2;248;204;68m▀[0m[38;2;175;144;36m[48;2;156;124;34m▀[0m[38;2;181;154;42m[48;2;96;67;23m▀[0m[38;2;96;56;33m[48;2;112;49;30m▀[0m[38;2;199;46;49m[48;2;199;48;51m▀[0m[38;2;199;49;50m[48;2;171;49;57m▀[0m[38;2;173;48;55m[48;2;177;48;57m▀[0m[38;2;95;75;92m[48;2;111;52;66m▀[0m[38;2;92;95;113m[48;2;65;68;85m▀[0m[38;2;93;94;112m[48;2;66;72;90m▀[0m[38;2;93;75;87m[48;2;82;47;55m▀[0m[38;2;157;44;53m[48;2;167;42;46m▀[0m[38;2;195;50;53m[48;2;195;49;50m▀[0m[38;2;198;45;49m[48;2;182;44;44m▀[0m[38;2;201;46;47m[48;2;194;70;73m▀[0m[38;2;197;49;49m[48;2;198;46;46m▀[0m[38;2;197;49;49m[48;2;197;48;48m▀[0m[38;2;197;49;49m[48;2;197;49;49m▀[0m[38;2;198;50;50m[48;2;197;47;47m▀[0m[38;2;206;49;49m[48;2;196;58;59m▀[0m[38;2;141;36;35m[48;2;193;62;63m▀[0m[38;2;29;31;35m[48;2;72;36;41m▀[0m[38;2;108;106;119m[48;2;47;50;61m▀[0m[38;2;64;64;63m[48;2;18;18;17m▀[0m[38;2;0;0;0m[48;2;21;21;21m▀[0m    
      [38;2;129;35;35m[48;2;125;64;69m▀[0m[38;2;204;53;54m[48;2;187;139;151m▀[0m[38;2;197;60;62m[48;2;170;139;155m▀[0m[38;2;167;75;87m[48;2;159;100;116m▀[0m[38;2;98;83;68m[48;2;146;48;67m▀[0m[38;2;180;153;41m[48;2;81;32;39m▀[0m[38;2;90;59;27m[48;2;122;43;55m▀[0m[38;2;161;35;44m[48;2;168;50;63m▀[0m[38;2;192;46;47m[48;2;182;50;58m▀[0m[38;2;200;49;49m[48;2;177;50;58m▀[0m[38;2;194;49;50m[48;2;155;50;66m▀[0m[38;2;181;49;55m[48;2;152;48;63m▀[0m[38;2;155;43;51m[48;2;153;48;65m▀[0m[38;2;92;45;55m[48;2;124;37;47m▀[0m[38;2;68;62;78m[48;2;45;30;34m▀[0m[38;2;115;40;49m[48;2;73;26;30m▀[0m[38;2;170;48;57m[48;2;140;46;62m▀[0m[38;2;183;46;46m[48;2;124;34;41m▀[0m[38;2;146;33;32m[48;2;165;46;54m▀[0m[38;2;178;133;145m[48;2;184;61;66m▀[0m[38;2;187;101;108m[48;2;170;117;131m▀[0m[38;2;196;54;54m[48;2;174;141;154m▀[0m[38;2;198;42;41m[48;2;186;101;107m▀[0m[38;2;197;49;49m[48;2;178;135;148m▀[0m[38;2;187;92;98m[48;2;163;108;123m▀[0m[38;2;193;95;102m[48;2;193;47;51m▀[0m[38;2;132;33;33m[48;2;107;33;38m▀[0m[38;2;9;18;16m[48;2;0;7;7m▀[0m[38;2;17;17;17m▀[0m     
      [38;2;87;26;26m[48;2;0;0;0m▀[0m[38;2;146;106;118m[48;2;59;23;28m▀[0m[38;2;155;68;85m[48;2;143;46;61m▀[0m[38;2;147;43;59m[48;2;153;50;67m▀[0m[38;2;148;49;65m[48;2;149;50;66m▀[0m[38;2;154;51;68m[48;2;148;49;65m▀[0m[38;2;133;38;48m[48;2;154;51;67m▀[0m[38;2;119;37;46m[48;2;84;32;42m▀[0m[38;2;115;42;56m[48;2;0;8;8m▀[0m[38;2;115;41;54m[48;2;24;29;28m▀[0m[38;2;117;39;52m[48;2;33;37;41m▀[0m[38;2;104;44;52m[48;2;69;72;86m▀[0m[38;2;55;39;46m[48;2;94;96;112m▀[0m[38;2;64;54;63m[48;2;93;95;110m▀[0m[38;2;83;86;99m[48;2;97;97;113m▀[0m[38;2;81;85;99m[48;2;88;88;105m▀[0m[38;2;62;50;58m[48;2;65;68;77m▀[0m[38;2;55;39;44m[48;2;62;65;73m▀[0m[38;2;128;43;56m[48;2;50;41;49m▀[0m[38;2;188;49;53m[48;2;128;42;54m▀[0m[38;2;197;44;43m[48;2;173;50;60m▀[0m[38;2;182;64;70m[48;2;192;47;48m▀[0m[38;2;172;126;139m[48;2;197;45;45m▀[0m[38;2;172;112;124m[48;2;184;45;49m▀[0m[38;2;189;46;50m[48;2;170;51;63m▀[0m[38;2;147;43;49m[48;2;60;27;34m▀[0m[38;2;40;18;18m[48;2;0;0;0m▀[0m       
       [38;2;0;0;0m▀[0m[38;2;57;20;21m▀[0m[38;2;106;35;42m[48;2;0;6;6m▀[0m[38;2;147;47;60m[48;2;62;24;26m▀[0m[38;2;154;51;68m[48;2;125;46;60m▀[0m[38;2;138;46;60m[48;2;95;55;70m▀[0m[38;2;24;16;18m[48;2;6;12;10m▀[0m[38;2;30;30;23m[48;2;43;43;43m▀[0m[38;2;78;78;89m[48;2;82;82;95m▀[0m[38;2;93;93;110m[48;2;101;101;118m▀[0m[38;2;66;66;76m[48;2;100;100;118m▀[0m[38;2;65;65;73m[48;2;101;101;119m▀[0m[38;2;62;62;69m[48;2;90;90;107m▀[0m[38;2;52;52;59m[48;2;65;65;82m▀[0m[38;2;58;58;70m[48;2;65;65;83m▀[0m[38;2;62;62;78m[48;2;65;65;82m▀[0m[38;2;62;62;77m[48;2;65;65;82m▀[0m[38;2;62;65;82m[48;2;66;66;84m▀[0m[38;2;51;41;50m[48;2;53;58;73m▀[0m[38;2;125;42;56m[48;2;76;33;41m▀[0m[38;2;153;50;65m[48;2;153;49;65m▀[0m[38;2;151;49;64m[48;2;153;51;67m▀[0m[38;2;156;51;68m[48;2;94;35;45m▀[0m[38;2;93;36;46m[48;2;15;15;11m▀[0m[38;2;15;15;15m▀[0m[38;2;0;0;0m▀[0m       
           [38;2;20;23;27m[48;2;17;17;15m▀[0m[38;2;50;52;67m[48;2;94;94;101m▀[0m[38;2;31;31;38m[48;2;179;179;180m▀[0m[38;2;53;53;56m[48;2;86;86;90m▀[0m[38;2;101;101;119m[48;2;80;80;97m▀[0m[38;2;98;98;115m[48;2;91;91;108m▀[0m[38;2;98;98;115m[48;2;95;95;112m▀[0m[38;2;99;99;116m[48;2;99;99;116m▀[0m[38;2;89;89;106m[48;2;82;82;99m▀[0m[38;2;64;64;81m[48;2;65;65;82m▀[0m[38;2;65;65;83m[48;2;61;61;76m▀[0m[38;2;65;65;82m[48;2;62;62;78m▀[0m[38;2;65;65;82m[48;2;65;65;82m▀[0m[38;2;65;65;82m[48;2;65;65;82m▀[0m[38;2;67;67;85m[48;2;68;68;86m▀[0m[38;2;37;40;48m[48;2;36;37;45m▀[0m[38;2;108;49;64m[48;2;57;55;71m▀[0m[38;2;99;35;44m[48;2;39;37;46m▀[0m[38;2;4;13;8m[48;2;0;0;0m▀[0m          
       [38;2;0;0;0m▄[0m[38;2;0;0;0m[48;2;107;107;119m▀[0m[38;2;63;63;78m[48;2;149;149;158m▀[0m[38;2;82;82;95m[48;2;154;151;160m▀[0m[38;2;118;118;120m[48;2;210;207;212m▀[0m[38;2;234;234;233m[48;2;180;181;184m▀[0m[38;2;197;197;197m[48;2;87;87;88m▀[0m[38;2;61;61;64m[48;2;9;9;6m▀[0m[38;2;83;83;100m[48;2;71;71;82m▀[0m[38;2;86;86;103m[48;2;102;102;120m▀[0m[38;2;87;87;104m[48;2;80;80;98m▀[0m[38;2;99;99;116m[48;2;99;99;117m▀[0m[38;2;68;68;85m[48;2;71;71;88m▀[0m[38;2;65;65;82m[48;2;60;60;75m▀[0m[38;2;55;55;63m[48;2;70;70;78m▀[0m[38;2;75;75;89m[48;2;96;96;114m▀[0m[38;2;65;65;83m[48;2;65;65;83m▀[0m[38;2;66;66;83m[48;2;67;67;86m▀[0m[38;2;55;55;70m[48;2;49;50;64m▀[0m[38;2;83;80;88m[48;2;107;102;110m▀[0m[38;2;104;104;114m[48;2;215;214;216m▀[0m[38;2;97;97;107m[48;2;156;154;163m▀[0m[38;2;65;65;76m[48;2;175;172;182m▀[0m[38;2;85;85;98m▄[0m         
       [38;2;92;92;92m▀[0m[38;2;62;62;73m▀[0m[38;2;90;90;95m[48;2;0;0;0m▀[0m[38;2;158;157;161m[48;2;2;2;2m▀[0m[38;2;102;102;109m[48;2;0;0;0m▀[0m[38;2;34;34;40m▀[0m[38;2;0;0;0m▀[0m[38;2;51;51;51m▀[0m[38;2;27;27;31m▀[0m[38;2;54;54;61m[48;2;0;0;0m▀[0m[38;2;70;70;83m[48;2;17;17;15m▀[0m[38;2;73;73;86m[48;2;20;20;20m▀[0m[38;2;60;60;73m[48;2;17;17;17m▀[0m[38;2;46;46;53m[48;2;22;22;20m▀[0m[38;2;63;63;74m[48;2;10;10;7m▀[0m[38;2;64;64;78m[48;2;10;10;7m▀[0m[38;2;38;38;45m[48;2;7;7;0m▀[0m[38;2;24;24;28m▀[0m[38;2;23;23;28m▀[0m[38;2;47;45;47m▀[0m[38;2;167;167;168m[48;2;30;30;41m▀[0m[38;2;188;188;192m[48;2;80;80;86m▀[0m[38;2;134;131;144m[48;2;35;36;39m▀[0m[38;2;173;172;181m[48;2;87;87;90m▀[0m[38;2;57;57;76m[48;2;32;32;40m▀[0m        
[0m