              [38;2;86;77;86m▄[0m[38;2;104;96;104m[48;2;203;200;203m▀[0m[38;2;110;102;110m[48;2;253;253;253m▀[0m[38;2;105;97;105m[48;2;253;253;253m▀[0m[38;2;112;104;112m[48;2;243;238;243m▀[0m[38;2;105;97;105m[48;2;166;156;166m▀[0m[38;2;89;81;89m▄[0m                   
             [38;2;90;82;90m[48;2;90;81;90m▀[0m[38;2;207;204;207m[48;2;211;208;211m▀[0m[38;2;254;254;254m[48;2;255;255;255m▀[0m[38;2;255;255;255m[48;2;255;255;255m▀[0m[38;2;255;255;255m[48;2;255;255;255m▀[0m[38;2;255;255;255m[48;2;255;255;255m▀[0m[38;2;225;216;225m[48;2;233;223;233m▀[0m[38;2;151;137;151m[48;2;95;85;95m▀[0m[38;2;97;91;97m[48;2;3;3;3m▀[0m                  
             [38;2;93;85;93m[48;2;96;89;96m▀[0m[38;2;188;178;188m[48;2;173;159;173m▀[0m[38;2;250;248;250m[48;2;199;182;199m▀[0m[38;2;255;255;255m[48;2;193;177;193m▀[0m[38;2;255;255;255m[48;2;193;177;193m▀[0m[38;2;241;238;241m[48;2;191;175;191m▀[0m[38;2;216;202;216m[48;2;206;188;206m▀[0m[38;2;95;86;95m[48;2;101;92;101m▀[0m[38;2;0;0;0m[48;2;0;0;0m▀[0m                  
             [38;2;98;98;98m▀[0m[38;2;16;15;16m[48;2;0;0;0m▀[0m[38;2;128;116;128m[48;2;116;108;116m▀[0m[38;2;204;186;204m[48;2;62;57;62m▀[0m[38;2;197;179;197m[48;2;16;15;16m▀[0m[38;2;210;190;210m[48;2;16;15;15m▀[0m[38;2;103;92;100m[48;2;32;45;84m▀[0m[38;2;11;9;5m[48;2;25;38;78m▀[0m[38;2;0;0;0m[48;2;0;0;0m▀[0m                  
               [38;2;111;111;111m▀[0m[38;2;29;29;29m▀[0m[38;2;0;0;0m▀[0m[38;2;30;35;66m[48;2;51;51;102m▀[0m[38;2;47;65;126m[48;2;42;49;91m▀[0m[38;2;47;74;149m[48;2;63;82;159m▀[0m[38;2;42;58;113m[48;2;83;108;218m▀[0m[38;2;36;42;74m[48;2;63;80;156m▀[0m[38;2;33;38;66m▄[0m                
                   [38;2;3;3;7m[48;2;0;0;0m▀[0m[38;2;45;57;114m[48;2;35;41;77m▀[0m[38;2;89;116;233m[48;2;64;81;158m▀[0m[38;2;82;106;214m[48;2;89;116;233m▀[0m[38;2;65;83;163m[48;2;51;66;132m▀[0m[38;2;37;44;82m[48;2;0;0;0m▀[0m               
              [38;2;36;43;78m▄[0m[38;2;36;41;74m▄[0m[38;2;37;45;80m[48;2;61;77;151m▀[0m[38;2;39;47;85m[48;2;78;100;200m▀[0m[38;2;40;47;87m[48;2;76;97;194m▀[0m[38;2;9;9;15m[48;2;70;90;180m▀[0m[38;2;33;43;86m[48;2;74;96;193m▀[0m[38;2;83;107;214m[48;2;83;108;217m▀[0m[38;2;83;108;217m[48;2;82;106;213m▀[0m[38;2;80;103;208m[48;2;85;110;221m▀[0m[38;2;44;58;116m[48;2;68;87;172m▀[0m[38;2;0;0;0m[48;2;30;38;65m▀[0m              
             [38;2;37;42;76m[48;2;37;43;76m▀[0m[38;2;65;83;162m[48;2;71;90;179m▀[0m[38;2;76;98;194m[48;2;85;111;222m▀[0m[38;2;80;103;206m[48;2;82;107;214m▀[0m[38;2;83;108;217m[48;2;82;106;213m▀[0m[38;2;83;107;216m[48;2;82;106;213m▀[0m[38;2;84;108;217m[48;2;82;106;213m▀[0m[38;2;83;107;216m[48;2;82;106;213m▀[0m[38;2;82;106;213m[48;2;82;106;213m▀[0m[38;2;82;106;212m[48;2;86;113;226m▀[0m[38;2;88;114;229m[48;2;60;78;156m▀[0m[38;2;59;77;154m[48;2;14;18;37m▀[0m[38;2;6;8;15m[48;2;0;0;0m▀[0m              
             [38;2;37;42;77m[48;2;56;66;113m▀[0m[38;2;73;93;185m[48;2;52;63;119m▀[0m[38;2;87;112;226m[48;2;56;76;149m▀[0m[38;2;83;107;215m[48;2;74;99;199m▀[0m[38;2;82;106;213m[48;2;86;110;221m▀[0m[38;2;82;106;213m[48;2;83;107;215m▀[0m[38;2;82;106;213m[48;2;82;106;213m▀[0m[38;2;82;106;213m[48;2;82;106;213m▀[0m[38;2;84;109;219m[48;2;83;107;215m▀[0m[38;2;70;90;176m[48;2;79;102;205m▀[0m[38;2;35;44;80m[48;2;60;76;147m▀[0m[38;2;0;0;0m[48;2;32;37;62m▀[0m               
         [38;2;35;42;76m▄[0m[38;2;34;39;70m▄[0m[38;2;35;43;76m[48;2;62;79;156m▀[0m[38;2;41;48;88m[48;2;74;94;187m▀[0m[38;2;0;0;0m[48;2;61;79;157m▀[0m[38;2;22;24;40m[48;2;68;86;173m▀[0m[38;2;46;65;127m[48;2;51;65;124m▀[0m[38;2;54;81;163m[48;2;43;62;123m▀[0m[38;2;57;82;163m[48;2;47;73;147m▀[0m[38;2;73;97;195m[48;2;52;77;155m▀[0m[38;2;85;109;218m[48;2;71;95;192m▀[0m[38;2;82;106;213m[48;2;83;107;216m▀[0m[38;2;82;106;213m[48;2;82;106;213m▀[0m[38;2;83;108;217m[48;2;82;106;213m▀[0m[38;2;81;105;210m[48;2;83;108;217m▀[0m[38;2;60;77;148m[48;2;81;105;211m▀[0m[38;2;30;36;60m[48;2;60;76;148m▀[0m[38;2;31;36;61m▄[0m             
       [38;2;45;52;96m▄[0m[38;2;37;41;73m[48;2;43;61;119m▀[0m[38;2;64;82;161m[48;2;80;103;208m▀[0m[38;2;71;90;178m[48;2;85;110;222m▀[0m[38;2;80;104;208m[48;2;82;107;214m▀[0m[38;2;84;109;219m[48;2;82;106;213m▀[0m[38;2;85;110;221m[48;2;82;106;213m▀[0m[38;2;85;110;223m[48;2;82;106;213m▀[0m[38;2;75;96;191m[48;2;84;108;218m▀[0m[38;2;55;77;152m[48;2;76;101;202m▀[0m[38;2;45;71;142m[48;2;70;95;190m▀[0m[38;2;44;69;137m[48;2;70;95;190m▀[0m[38;2;64;88;178m[48;2;77;101;203m▀[0m[38;2;84;108;217m[48;2;83;107;214m▀[0m[38;2;82;106;213m[48;2;82;106;213m▀[0m[38;2;82;106;213m[48;2;82;106;213m▀[0m[38;2;82;106;213m[48;2;82;106;213m▀[0m[38;2;83;108;217m[48;2;82;106;213m▀[0m[38;2;82;105;210m[48;2;83;107;216m▀[0m[38;2;61;77;148m[48;2;81;105;210m▀[0m[38;2;31;35;60m[48;2;62;78;154m▀[0m[38;2;41;47;86m▄[0m           
       [38;2;15;17;32m[48;2;0;0;0m▀[0m[38;2;43;66;131m[48;2;44;66;132m▀[0m[38;2;58;83;167m[48;2;49;75;149m▀[0m[38;2;80;104;208m[48;2;58;83;166m▀[0m[38;2;85;109;220m[48;2;60;85;170m▀[0m[38;2;83;107;214m[48;2;78;102;205m▀[0m[38;2;82;106;213m[48;2;85;109;219m▀[0m[38;2;82;106;213m[48;2;84;108;218m▀[0m[38;2;82;106;213m[48;2;84;108;218m▀[0m[38;2;83;107;215m[48;2;84;108;218m▀[0m[38;2;84;108;216m[48;2;84;108;218m▀[0m[38;2;84;108;216m[48;2;84;108;218m▀[0m[38;2;83;107;214m[48;2;84;108;218m▀[0m[38;2;82;106;213m[48;2;84;108;218m▀[0m[38;2;82;106;213m[48;2;86;110;221m▀[0m[38;2;83;107;215m[48;2;72;97;194m▀[0m[38;2;84;107;216m[48;2;68;93;186m▀[0m[38;2;83;107;215m[48;2;76;100;201m▀[0m[38;2;84;108;216m[48;2;66;91;182m▀[0m[38;2;86;111;223m[48;2;83;109;218m▀[0m[38;2;68;87;174m[48;2;45;64;129m▀[0m[38;2;13;16;30m[48;2;0;0;0m▀[0m           
       [38;2;0;0;0m[48;2;0;0;0m▀[0m[38;2;14;22;44m[48;2;15;16;27m▀[0m[38;2;43;66;131m[48;2;44;64;128m▀[0m[38;2;48;74;148m[48;2;50;75;150m▀[0m[38;2;46;71;142m[48;2;46;76;152m▀[0m[38;2;58;83;166m[48;2;43;76;151m▀[0m[38;2;62;87;175m[48;2;43;75;150m▀[0m[38;2;62;87;174m[48;2;43;75;150m▀[0m[38;2;62;87;174m[48;2;43;75;150m▀[0m[38;2;62;87;174m[48;2;42;75;150m▀[0m[38;2;62;87;174m[48;2;45;74;147m▀[0m[38;2;62;87;174m[48;2;48;72;144m▀[0m[38;2;62;87;174m[48;2;47;72;145m▀[0m[38;2;62;87;174m[48;2;47;72;145m▀[0m[38;2;62;86;173m[48;2;46;71;143m▀[0m[38;2;66;90;181m[48;2;53;78;157m▀[0m[38;2;66;90;181m[48;2;67;90;182m▀[0m[38;2;63;88;175m[48;2;67;92;185m▀[0m[38;2;70;95;190m[48;2;58;84;168m▀[0m[38;2;48;68;137m[48;2;39;57;113m▀[0m[38;2;11;19;40m[48;2;20;21;35m▀[0m[38;2;0;0;0m▀[0m           
     [38;2;32;37;65m▄[0m[38;2;32;36;65m[48;2;60;74;145m▀[0m[38;2;83;106;212m[48;2;85;109;218m▀[0m[38;2;70;87;172m[48;2;84;119;238m▀[0m[38;2;49;79;156m[48;2;72;51;119m▀[0m[38;2;35;74;151m[48;2;122;80;143m▀[0m[38;2;67;46;109m[48;2;183;115;150m▀[0m[38;2;78;38;96m[48;2;196;120;145m▀[0m[38;2;77;39;97m[48;2;195;119;145m▀[0m[38;2;77;39;97m[48;2;195;119;145m▀[0m[38;2;77;39;97m[48;2;195;119;145m▀[0m[38;2;80;37;93m[48;2;197;121;144m▀[0m[38;2;53;57;125m[48;2;168;110;157m▀[0m[38;2;39;76;153m[48;2;102;64;126m▀[0m[38;2;45;77;153m[48;2;71;36;95m▀[0m[38;2;44;77;153m[48;2;79;40;97m▀[0m[38;2;45;74;148m[48;2;62;59;123m▀[0m[38;2;58;82;164m[48;2;50;86;171m▀[0m[38;2;67;91;184m[48;2;65;94;188m▀[0m[38;2;65;90;180m[48;2;66;90;181m▀[0m[38;2;62;87;173m[48;2;65;89;179m▀[0m[38;2;46;69;137m[48;2;68;94;187m▀[0m[38;2;45;61;115m[48;2;62;86;172m▀[0m[38;2;38;43;75m[48;2;41;55;107m▀[0m[38;2;38;43;75m▄[0m          
    [38;2;39;45;85m[48;2;36;42;76m▀[0m[38;2;60;75;146m[48;2;80;104;209m▀[0m[38;2;83;107;215m[48;2;82;110;219m▀[0m[38;2;80;115;229m[48;2;91;72;154m▀[0m[38;2;82;62;146m[48;2;168;96;130m▀[0m[38;2;169;100;135m[48;2;250;190;206m▀[0m[38;2;237;152;182m[48;2;255;206;220m▀[0m[38;2;255;198;217m[48;2;255;198;213m▀[0m[38;2;255;208;222m[48;2;255;197;213m▀[0m[38;2;255;207;221m[48;2;255;197;213m▀[0m[38;2;255;207;221m[48;2;255;197;213m▀[0m[38;2;255;207;221m[48;2;255;197;213m▀[0m[38;2;255;210;223m[48;2;255;197;213m▀[0m[38;2;255;186;210m[48;2;255;199;214m▀[0m[38;2;218;135;164m[48;2;255;205;219m▀[0m[38;2;188;115;141m[48;2;255;211;224m▀[0m[38;2;189;96;131m[48;2;255;191;214m▀[0m[38;2;127;55;109m[48;2;218;141;171m▀[0m[38;2;68;38;94m[48;2;183;92;125m▀[0m[38;2;70;64;135m[48;2;136;56;105m▀[0m[38;2;61;95;189m[48;2;78;70;146m▀[0m[38;2;70;94;190m[48;2;83;111;224m▀[0m[38;2;86;110;221m[48;2;82;106;213m▀[0m[38;2;80;104;210m[48;2;84;108;216m▀[0m[38;2;62;86;171m[48;2;76;101;203m▀[0m[38;2;43;58;111m[48;2;47;70;136m▀[0m[38;2;40;47;85m[48;2;39;44;81m▀[0m         
   [38;2;44;53;97m[48;2;23;27;49m▀[0m[38;2;61;75;148m[48;2;66;90;180m▀[0m[38;2;80;103;208m[48;2;82;109;219m▀[0m[38;2;79;115;230m[48;2;90;74;158m▀[0m[38;2;94;18;69m[48;2;185;113;152m▀[0m[38;2;254;187;204m[48;2;128;90;101m▀[0m[38;2;255;206;221m[48;2;240;187;202m▀[0m[38;2;255;196;212m[48;2;255;202;219m▀[0m[38;2;255;197;213m[48;2;255;197;213m▀[0m[38;2;255;197;213m[48;2;255;197;213m▀[0m[38;2;255;197;213m[48;2;255;197;213m▀[0m[38;2;255;197;213m[48;2;255;197;213m▀[0m[38;2;255;197;213m[48;2;255;197;213m▀[0m[38;2;255;197;213m[48;2;255;197;213m▀[0m[38;2;255;197;213m[48;2;255;197;213m▀[0m[38;2;255;197;213m[48;2;255;196;212m▀[0m[38;2;255;197;213m[48;2;255;204;220m▀[0m[38;2;255;199;214m[48;2;255;204;220m▀[0m[38;2;255;207;219m[48;2;255;200;215m▀[0m[38;2;255;201;223m[48;2;214;175;193m▀[0m[38;2;188;112;144m[48;2;113;108;153m▀[0m[38;2;68;50;111m[48;2;58;84;172m▀[0m[38;2;82;111;223m[48;2;84;108;218m▀[0m[38;2;82;106;213m[48;2;82;106;213m▀[0m[38;2;83;107;215m[48;2;84;108;216m▀[0m[38;2;74;99;198m[48;2;76;99;200m▀[0m[38;2;46;70;139m[48;2;47;73;146m▀[0m[38;2;45;59;115m[48;2;45;68;135m▀[0m[38;2;45;52;95m[48;2;23;26;48m▀[0m        
   [38;2;0;0;0m[48;2;0;0;0m▀[0m[38;2;42;65;131m[48;2;47;73;144m▀[0m[38;2;64;94;188m[48;2;44;75;149m▀[0m[38;2;110;30;75m[48;2;115;40;88m▀[0m[38;2;152;114;123m[48;2;0;0;0m▀[0m[38;2;114;115;114m[48;2;146;148;147m▀[0m[38;2;127;104;111m[48;2;0;6;4m▀[0m[38;2;227;178;192m[48;2;202;158;170m▀[0m[38;2;255;207;221m[48;2;243;153;181m▀[0m[38;2;255;207;221m[48;2;227;115;145m▀[0m[38;2;255;206;221m[48;2;228;122;153m▀[0m[38;2;255;207;221m[48;2;228;122;151m▀[0m[38;2;255;200;216m[48;2;255;179;200m▀[0m[38;2;255;197;213m[48;2;255;205;221m▀[0m[38;2;255;196;212m[48;2;255;202;219m▀[0m[38;2;255;210;227m[48;2;189;153;166m▀[0m[38;2;189;144;157m[48;2;114;104;107m▀[0m[38;2;189;144;157m[48;2;114;104;107m▀[0m[38;2;255;221;237m[48;2;195;164;178m▀[0m[38;2;147;116;132m[48;2;151;114;119m▀[0m[38;2;15;35;87m[48;2;0;10;34m▀[0m[38;2;80;106;212m[48;2;58;85;170m▀[0m[38;2;85;108;218m[48;2;70;94;189m▀[0m[38;2;84;108;218m[48;2;69;93;187m▀[0m[38;2;80;104;209m[48;2;62;87;174m▀[0m[38;2;62;87;173m[48;2;46;71;141m▀[0m[38;2;49;75;149m[48;2;51;77;154m▀[0m[38;2;39;59;119m[48;2;42;63;126m▀[0m[38;2;0;0;0m[48;2;0;0;0m▀[0m        
   [38;2;0;0;0m▀[0m[38;2;27;42;83m[48;2;0;0;0m▀[0m[38;2;46;77;154m[48;2;25;43;85m▀[0m[38;2;114;38;88m[48;2;63;20;49m▀[0m[38;2;101;49;73m[48;2;230;125;176m▀[0m[38;2;0;0;0m[48;2;101;54;77m▀[0m[38;2;84;67;70m[48;2;236;167;195m▀[0m[38;2;134;118;124m[48;2;99;36;59m▀[0m[38;2;195;57;68m[48;2;193;59;29m▀[0m[38;2;215;99;126m[48;2;255;194;167m▀[0m[38;2;215;72;86m[48;2;237;122;106m▀[0m[38;2;202;19;54m[48;2;217;42;69m▀[0m[38;2;156;78;97m[48;2;73;0;23m▀[0m[38;2;209;171;182m[48;2;159;118;133m▀[0m[38;2;255;217;234m[48;2;255;216;232m▀[0m[38;2;88;63;69m[48;2;169;136;148m▀[0m[38;2;76;82;80m[48;2;23;16;18m▀[0m[38;2;76;82;80m[48;2;24;18;19m▀[0m[38;2;103;75;82m[48;2;180;149;158m▀[0m[38;2;159;122;128m[48;2;196;142;156m▀[0m[38;2;0;11;37m[48;2;58;47;88m▀[0m[38;2;53;79;158m[48;2;47;76;156m▀[0m[38;2;47;72;143m[48;2;49;74;148m▀[0m[38;2;47;72;143m[48;2;50;75;150m▀[0m[38;2;47;72;145m[48;2;51;78;156m▀[0m[38;2;50;75;151m[48;2;52;77;153m▀[0m[38;2;46;70;140m[48;2;37;53;102m▀[0m[38;2;24;37;75m[48;2;0;0;0m▀[0m[38;2;0;0;0m▀[0m    [38;2;111;21;68m▄[0m[38;2;100;12;58m[48;2;178;99;134m▀[0m[38;2;98;10;54m[48;2;173;94;129m▀[0m[38;2;115;32;72m▄[0m
     [38;2;0;0;0m▀[0m[38;2;0;0;0m▀[0m[38;2;166;81;123m[48;2;60;9;36m▀[0m[38;2;235;128;181m[48;2;206;110;157m▀[0m[38;2;231;128;182m[48;2;239;132;185m▀[0m[38;2;143;35;70m[48;2;90;58;78m▀[0m[38;2;205;56;59m[48;2;99;16;42m▀[0m[38;2;237;66;54m[48;2;124;12;45m▀[0m[38;2;211;37;70m[48;2;124;18;45m▀[0m[38;2;213;32;81m[48;2;138;22;50m▀[0m[38;2;107;11;45m[48;2;78;27;42m▀[0m[38;2;177;127;147m[48;2;179;128;149m▀[0m[38;2;255;212;225m[48;2;223;162;187m▀[0m[38;2;255;222;238m[48;2;199;133;157m▀[0m[38;2;171;137;145m[48;2;235;168;193m▀[0m[38;2;162;118;134m[48;2;246;156;196m▀[0m[38;2;252;188;217m[48;2;218;113;166m▀[0m[38;2;251;157;195m[48;2;227;122;173m▀[0m[38;2;159;101;158m[48;2;182;107;153m▀[0m[38;2;28;62;130m[48;2;74;64;108m▀[0m[38;2;52;79;159m[48;2;35;53;106m▀[0m[38;2;45;69;137m[48;2;23;35;69m▀[0m[38;2;32;49;97m[48;2;0;0;0m▀[0m[38;2;32;46;91m[48;2;0;0;0m▀[0m[38;2;40;44;79m▀[0m  [38;2;0;0;0m▄[0m[38;2;105;12;60m▄[0m[38;2;96;12;56m▄[0m[38;2;127;41;85m[48;2;132;42;87m▀[0m[38;2;181;102;137m[48;2;255;215;228m▀[0m[38;2;255;213;226m[48;2;255;196;213m▀[0m[38;2;255;208;222m[48;2;250;173;203m▀[0m[38;2;127;35;82m[48;2;76;21;49m▀[0m
       [38;2;0;0;0m▀[0m[38;2;128;71;99m[48;2;0;0;0m▀[0m[38;2;218;121;169m[48;2;126;70;98m▀[0m[38;2;255;143;200m[48;2;160;89;124m▀[0m[38;2;102;61;84m[48;2;225;124;174m▀[0m[38;2;57;38;50m[48;2;255;143;198m▀[0m[38;2;28;14;24m[48;2;182;83;134m▀[0m[38;2;15;3;12m[48;2;151;58;105m▀[0m[38;2;136;67;102m[48;2;144;55;100m▀[0m[38;2;202;99;151m[48;2;131;46;89m▀[0m[38;2;157;63;110m[48;2;191;97;144m▀[0m[38;2;130;42;87m[48;2;235;134;184m▀[0m[38;2;180;84;133m[48;2;230;129;179m▀[0m[38;2;226;124;175m[48;2;234;129;181m▀[0m[38;2;226;126;175m[48;2;193;107;150m▀[0m[38;2;234;130;182m[48;2;158;88;122m▀[0m[38;2;212;117;163m[48;2;95;49;72m▀[0m[38;2;115;62;83m[48;2;30;1;16m▀[0m[38;2;0;0;0m[48;2;136;27;81m▀[0m[38;2;0;0;0m[48;2;119;20;74m▀[0m[38;2;91;3;51m▄[0m[38;2;128;47;87m▄[0m[38;2;105;12;60m[48;2;174;92;130m▀[0m[38;2;95;12;57m[48;2;174;90;128m▀[0m[38;2;95;6;54m[48;2;172;88;127m▀[0m[38;2;119;35;76m[48;2;187;104;141m▀[0m[38;2;175;94;131m[48;2;250;192;214m▀[0m[38;2;176;93;130m[48;2;191;152;161m▀[0m[38;2;175;99;132m[48;2;190;151;160m▀[0m[38;2;255;209;225m[48;2;183;140;152m▀[0m[38;2;255;199;215m[48;2;211;145;168m▀[0m[38;2;147;76;112m[48;2;0;0;0m▀[0m[38;2;0;0;0m▀[0m
 [38;2;97;12;56m▄[0m[38;2;102;11;58m▄[0m      [38;2;0;0;0m▀[0m[38;2;0;0;0m▀[0m[38;2;122;67;94m[48;2;0;0;0m▀[0m[38;2;166;92;129m[48;2;0;0;0m▀[0m[38;2;214;121;167m[48;2;117;66;91m▀[0m[38;2;240;136;187m[48;2;167;93;130m▀[0m[38;2;237;134;185m[48;2;158;88;123m▀[0m[38;2;238;134;186m[48;2;161;90;125m▀[0m[38;2;233;130;181m[48;2;160;89;124m▀[0m[38;2;232;129;180m[48;2;187;97;141m▀[0m[38;2;189;105;146m[48;2;116;59;87m▀[0m[38;2;165;91;127m[48;2;41;23;32m▀[0m[38;2;104;57;80m[48;2;132;74;102m▀[0m[38;2;50;28;39m[48;2;237;128;182m▀[0m[38;2;90;42;66m[48;2;203;101;152m▀[0m[38;2;164;64;114m[48;2;186;99;142m▀[0m[38;2;160;62;111m[48;2;166;92;128m▀[0m[38;2;163;70;116m[48;2;177;114;142m▀[0m[38;2;166;84;122m[48;2;201;166;173m▀[0m[38;2;194;113;148m[48;2;205;147;168m▀[0m[38;2;245;192;211m[48;2;154;69;113m▀[0m[38;2;196;155;165m[48;2;0;0;0m▀[0m[38;2;196;156;166m[48;2;0;0;0m▀[0m[38;2;199;148;165m[48;2;0;0;0m▀[0m[38;2;170;77;125m[48;2;113;26;70m▀[0m[38;2;0;0;0m▀[0m[38;2;0;0;0m▀[0m[38;2;0;0;0m▀[0m[38;2;104;17;61m▀[0m  
[38;2;114;29;72m[48;2;125;34;80m▀[0m[38;2;154;71;110m[48;2;255;209;225m▀[0m[38;2;159;75;115m[48;2;255;215;227m▀[0m[38;2;106;24;67m[48;2;160;78;116m▀[0m[38;2;102;12;59m[48;2;157;72;113m▀[0m[38;2;114;30;73m▄[0m[38;2;97;9;55m▄[0m[38;2;97;13;55m▄[0m[38;2;92;4;51m▄[0m[38;2;97;10;59m[48;2;147;68;105m▀[0m[38;2;102;12;59m[48;2;163;77;118m▀[0m[38;2;127;16;72m[48;2;160;76;116m▀[0m[38;2;149;24;87m[48;2;154;62;108m▀[0m[38;2;13;0;5m[48;2;149;53;102m▀[0m[38;2;30;14;22m[48;2;178;89;133m▀[0m[38;2;46;26;36m[48;2;199;114;156m▀[0m[38;2;23;7;15m[48;2;122;50;86m▀[0m[38;2;25;10;17m[48;2;175;85;130m▀[0m[38;2;85;31;58m[48;2;229;124;176m▀[0m[38;2;196;95;145m[48;2;197;101;150m▀[0m[38;2;247;140;192m[48;2;193;100;149m▀[0m[38;2;237;131;184m[48;2;211;118;164m▀[0m[38;2;186;96;140m[48;2;247;173;203m▀[0m[38;2;139;62;98m[48;2;255;217;227m▀[0m[38;2;103;47;73m[48;2;255;187;212m▀[0m[38;2;37;18;28m[48;2;251;149;197m▀[0m[38;2;18;7;14m[48;2;250;151;198m▀[0m[38;2;0;0;0m[48;2;255;124;199m▀[0m[38;2;5;0;0m[48;2;124;0;68m▀[0m[38;2;119;26;74m[48;2;91;0;45m▀[0m          
[38;2;113;31;72m▀[0m[38;2;202;155;168m[48;2;0;0;0m▀[0m[38;2;252;183;207m[48;2;172;89;132m▀[0m[38;2;255;212;227m[48;2;208;158;173m▀[0m[38;2;255;219;233m[48;2;209;161;174m▀[0m[38;2;167;85;122m[48;2;217;171;183m▀[0m[38;2;155;70;110m[48;2;219;173;184m▀[0m[38;2;157;73;112m[48;2;218;177;187m▀[0m[38;2;146;50;99m[48;2;207;125;164m▀[0m[38;2;201;148;166m[48;2;24;9;18m▀[0m[38;2;214;173;184m[48;2;0;0;0m▀[0m[38;2;214;174;183m[48;2;0;0;0m▀[0m[38;2;193;122;154m[48;2;0;0;0m▀[0m[38;2;199;111;155m[48;2;0;0;0m▀[0m[38;2;59;33;46m[48;2;0;0;0m▀[0m[38;2;0;0;0m[48;2;122;24;74m▀[0m[38;2;27;13;21m[48;2;212;111;160m▀[0m[38;2;139;73;105m[48;2;147;63;105m▀[0m[38;2;176;95;139m[48;2;175;144;155m▀[0m[38;2;129;53;82m[48;2;255;183;150m▀[0m[38;2;121;20;56m[48;2;230;56;54m▀[0m[38;2;169;89;121m[48;2;148;13;63m▀[0m[38;2;239;191;207m[48;2;164;95;128m▀[0m[38;2;255;199;215m[48;2;255;210;224m▀[0m[38;2;255;199;214m[48;2;255;197;213m▀[0m[38;2;255;205;217m[48;2;255;197;213m▀[0m[38;2;255;188;212m[48;2;255;199;215m▀[0m[38;2;217;121;167m[48;2;252;195;210m▀[0m[38;2;151;67;107m[48;2;236;180;200m▀[0m[38;2;137;62;97m[48;2;189;140;156m▀[0m[38;2;0;0;0m[48;2;0;0;0m▀[0m         
  [38;2;0;0;0m▀[0m[38;2;0;0;0m▀[0m[38;2;0;0;0m▀[0m[38;2;0;0;0m▀[0m[38;2;0;0;0m▀[0m[38;2;0;0;0m▀[0m[38;2;0;0;0m▀[0m[38;2;0;0;0m▀[0m   [38;2;107;19;68m▄[0m[38;2;115;11;69m[48;2;135;53;93m▀[0m[38;2;96;8;55m[48;2;134;50;92m▀[0m[38;2;224;150;178m[48;2;223;154;180m▀[0m[38;2;93;86;90m[48;2;125;108;111m▀[0m[38;2;105;23;8m[48;2;104;18;44m▀[0m[38;2;250;83;56m[48;2;179;23;70m▀[0m[38;2;224;59;69m[48;2;173;24;65m▀[0m[38;2;139;15;59m[48;2;91;16;34m▀[0m[38;2;153;96;123m[48;2;113;99;103m▀[0m[38;2;255;210;224m[48;2;255;209;226m▀[0m[38;2;255;197;213m[48;2;255;198;214m▀[0m[38;2;255;197;213m[48;2;255;199;215m▀[0m[38;2;255;202;218m[48;2;255;196;212m▀[0m[38;2;221;158;180m[48;2;255;208;224m▀[0m[38;2;112;30;72m[48;2;201;159;168m▀[0m[38;2;68;12;41m[48;2;0;0;0m▀[0m[38;2;1;1;1m[48;2;16;20;39m▀[0m[38;2;45;52;97m[48;2;43;51;95m▀[0m[38;2;47;55;95m▄[0m       
             [38;2;86;12;50m[48;2;0;0;0m▀[0m[38;2;219;152;176m[48;2;155;124;132m▀[0m[38;2;255;211;227m[48;2;222;133;175m▀[0m[38;2;255;196;213m[48;2;236;159;191m▀[0m[38;2;255;214;230m[48;2;255;201;215m▀[0m[38;2;201;127;158m[48;2;255;203;217m▀[0m[38;2;65;29;49m[48;2;255;204;222m▀[0m[38;2;21;24;23m[48;2;255;204;223m▀[0m[38;2;136;108;116m[48;2;255;204;220m▀[0m[38;2;255;217;235m[48;2;255;196;212m▀[0m[38;2;255;197;213m[48;2;255;206;221m▀[0m[38;2;247;188;205m[48;2;197;128;155m▀[0m[38;2;242;182;200m[48;2;136;59;96m▀[0m[38;2;255;202;218m[48;2;225;192;204m▀[0m[38;2;248;197;212m[48;2;160;123;133m▀[0m[38;2;165;127;137m[48;2;0;6;31m▀[0m[38;2;7;13;38m[48;2;54;82;163m▀[0m[38;2;54;79;157m[48;2;44;67;134m▀[0m[38;2;42;51;95m[48;2;36;56;113m▀[0m[38;2;35;42;78m[48;2;0;0;0m▀[0m       
              [38;2;0;0;0m▀[0m[38;2;48;0;24m[48;2;0;4;6m▀[0m[38;2;198;126;155m[48;2;120;63;93m▀[0m[38;2;255;205;221m[48;2;233;161;189m▀[0m[38;2;255;200;217m[48;2;232;152;185m▀[0m[38;2;221;141;176m[48;2;74;32;54m▀[0m[38;2;223;146;179m[48;2;98;78;81m▀[0m[38;2;255;204;218m[48;2;249;199;219m▀[0m[38;2;255;198;213m[48;2;255;197;214m▀[0m[38;2;255;203;220m[48;2;243;164;196m▀[0m[38;2;205;133;160m[48;2;122;62;92m▀[0m[38;2;56;6;34m[48;2;0;19;43m▀[0m[38;2;0;0;6m[48;2;52;79;159m▀[0m[38;2;7;18;42m[48;2;34;52;104m▀[0m[38;2;51;78;154m[48;2;0;0;0m▀[0m[38;2;33;51;103m[48;2;0;0;0m▀[0m[38;2;0;0;0m▀[0m[38;2;0;0;0m▀[0m        
               [38;2;47;57;104m▀[0m[38;2;14;22;42m[48;2;48;72;145m▀[0m[38;2;0;0;2m[48;2;51;78;155m▀[0m[38;2;0;0;4m[48;2;71;96;194m▀[0m[38;2;3;6;14m[48;2;92;119;239m▀[0m[38;2;46;10;32m[48;2;44;60;119m▀[0m[38;2;155;63;109m[48;2;0;3;6m▀[0m[38;2;223;123;173m[48;2;0;0;2m▀[0m[38;2;119;63;88m[48;2;15;23;43m▀[0m[38;2;0;20;47m[48;2;30;35;65m▀[0m[38;2;35;54;107m[48;2;0;0;0m▀[0m[38;2;0;0;0m▀[0m[38;2;0;0;0m▀[0m            
                [38;2;0;0;0m▀[0m[38;2;46;60;120m[48;2;35;38;69m▀[0m[38;2;87;111;224m[48;2;64;81;158m▀[0m[38;2;82;106;213m[48;2;86;111;223m▀[0m[38;2;85;109;219m[48;2;65;89;180m▀[0m[38;2;68;93;188m[48;2;46;71;144m▀[0m[38;2;49;75;151m[48;2;46;65;124m▀[0m[38;2;48;68;131m[48;2;39;45;81m▀[0m[38;2;41;46;83m▀[0m               
                 [38;2;0;0;0m▀[0m[38;2;26;38;77m[48;2;0;0;0m▀[0m[38;2;51;77;154m[48;2;25;39;78m▀[0m[38;2;52;79;156m[48;2;50;69;133m▀[0m[38;2;27;39;79m[48;2;22;24;44m▀[0m[38;2;0;0;0m[48;2;0;0;0m▀[0m                 
                   [38;2;0;0;0m▀[0m[38;2;0;0;0m▀[0m[38;2;0;0;0m▀[0m                  
[0m