            [38;2;11;11;11m▄[0m[38;2;15;15;15m[48;2;53;53;53m▀[0m[38;2;16;16;16m[48;2;35;35;35m▀[0m[38;2;11;11;11m▄[0m                        
            [38;2;10;10;10m[48;2;10;10;10m▀[0m[38;2;54;54;54m[48;2;54;54;54m▀[0m[38;2;35;35;35m[48;2;34;34;34m▀[0m[38;2;11;11;11m[48;2;8;8;8m▀[0m                        
           [38;2;8;8;8m▄[0m[38;2;8;8;8m[48;2;47;47;47m▀[0m[38;2;50;50;50m[48;2;65;65;65m▀[0m[38;2;68;68;68m[48;2;68;68;68m▀[0m[38;2;33;33;33m[48;2;34;34;34m▀[0m[38;2;10;10;10m[48;2;10;10;10m▀[0m                       
          [38;2;12;12;11m[48;2;0;0;2m▀[0m[38;2;45;45;48m[48;2;121;114;76m▀[0m[38;2;57;58;61m[48;2;212;198;130m▀[0m[38;2;55;56;60m[48;2;229;215;140m▀[0m[38;2;61;61;65m[48;2;194;182;118m▀[0m[38;2;32;32;33m[48;2;67;64;46m▀[0m[38;2;10;10;10m[48;2;0;0;5m▀[0m                       
         [38;2;2;4;8m[48;2;0;0;2m▀[0m[38;2;122;114;75m[48;2;186;174;113m▀[0m[38;2;219;205;131m[48;2;248;231;148m▀[0m[38;2;244;228;146m[48;2;243;226;145m▀[0m[38;2;244;228;146m[48;2;253;240;153m▀[0m[38;2;255;246;158m[48;2;116;110;74m▀[0m[38;2;102;96;66m[48;2;32;30;21m▀[0m[38;2;0;0;0m[48;2;0;0;0m▀[0m                       
         [38;2;75;70;45m[48;2;81;75;48m▀[0m[38;2;211;198;127m[48;2;212;198;127m▀[0m[38;2;247;231;148m[48;2;246;230;147m▀[0m[38;2;242;226;145m[48;2;242;226;145m▀[0m[38;2;255;242;155m[48;2;255;242;155m▀[0m[38;2;89;84;58m[48;2;92;87;60m▀[0m[38;2;0;0;0m[48;2;0;0;0m▀[0m                        
        [38;2;90;84;54m[48;2;90;85;53m▀[0m[38;2;195;182;116m[48;2;222;207;132m▀[0m[38;2;239;223;143m[48;2;247;230;148m▀[0m[38;2;243;227;145m[48;2;242;226;145m▀[0m[38;2;242;226;145m[48;2;242;226;145m▀[0m[38;2;255;243;156m[48;2;245;229;147m▀[0m[38;2;80;76;53m[48;2;221;209;135m▀[0m[38;2;0;0;0m[48;2;91;85;58m▀[0m[38;2;0;0;0m▄[0m                       
        [38;2;90;85;53m[48;2;94;88;56m▀[0m[38;2;222;207;132m[48;2;177;165;106m▀[0m[38;2;247;230;148m[48;2;234;219;140m▀[0m[38;2;242;226;145m[48;2;243;227;146m▀[0m[38;2;242;226;145m[48;2;246;229;147m▀[0m[38;2;248;231;149m[48;2;213;199;128m▀[0m[38;2;234;220;140m[48;2;139;129;83m▀[0m[38;2;81;76;53m[48;2;80;75;49m▀[0m[38;2;0;0;0m[48;2;75;70;46m▀[0m[38;2;87;81;52m▄[0m[38;2;87;81;52m▄[0m[38;2;94;87;56m▄[0m[38;2;85;80;50m▄[0m     [38;2;83;77;47m▄[0m[38;2;95;88;56m▄[0m[38;2;87;81;52m▄[0m[38;2;94;87;56m▄[0m[38;2;103;96;61m▄[0m         
        [38;2;95;89;57m[48;2;80;75;47m▀[0m[38;2;156;145;93m[48;2;208;194;123m▀[0m[38;2;228;213;137m[48;2;255;238;151m▀[0m[38;2;244;228;146m[48;2;246;230;147m▀[0m[38;2;244;227;146m[48;2;241;225;145m▀[0m[38;2;229;214;137m[48;2;244;227;146m▀[0m[38;2;204;190;122m[48;2;247;231;148m▀[0m[38;2;200;187;120m[48;2;248;231;149m▀[0m[38;2;204;190;122m[48;2;248;231;148m▀[0m[38;2;204;190;122m[48;2;248;231;148m▀[0m[38;2;204;190;122m[48;2;248;231;148m▀[0m[38;2;213;198;127m[48;2;251;234;150m▀[0m[38;2;154;144;91m[48;2;225;210;135m▀[0m[38;2;77;71;45m[48;2;200;186;120m▀[0m[38;2;90;84;54m[48;2;178;166;107m▀[0m[38;2;91;85;54m[48;2;171;159;102m▀[0m[38;2;87;80;51m[48;2;208;194;124m▀[0m[38;2;80;75;47m[48;2;198;185;119m▀[0m[38;2;130;121;77m[48;2;215;200;129m▀[0m[38;2;214;200;128m[48;2;251;235;150m▀[0m[38;2;207;193;124m[48;2;249;233;149m▀[0m[38;2;182;169;109m[48;2;237;221;142m▀[0m[38;2;85;79;51m[48;2;199;185;119m▀[0m[38;2;89;82;52m[48;2;170;158;103m▀[0m[38;2;0;0;0m▄[0m[38;2;11;11;11m▄[0m      
      [38;2;75;69;44m▄[0m[38;2;72;69;43m[48;2;180;167;107m▀[0m[38;2;197;183;116m[48;2;171;159;102m▀[0m[38;2;139;133;98m[48;2;144;135;93m▀[0m[38;2;112;107;87m[48;2;86;81;62m▀[0m[38;2;222;207;137m[48;2;131;121;79m▀[0m[38;2;249;232;149m[48;2;222;206;132m▀[0m[38;2;242;226;145m[48;2;245;229;147m▀[0m[38;2;242;226;145m[48;2;242;226;145m▀[0m[38;2;242;226;145m[48;2;242;226;145m▀[0m[38;2;242;226;145m[48;2;242;226;145m▀[0m[38;2;242;226;145m[48;2;241;225;145m▀[0m[38;2;242;226;145m[48;2;249;232;148m▀[0m[38;2;242;226;145m[48;2;255;239;152m▀[0m[38;2;245;229;147m[48;2;249;232;148m▀[0m[38;2;250;233;150m[48;2;241;225;145m▀[0m[38;2;239;223;143m[48;2;245;229;147m▀[0m[38;2;211;197;126m[48;2;232;217;139m▀[0m[38;2;218;203;130m[48;2;223;208;133m▀[0m[38;2;252;235;151m[48;2;246;229;147m▀[0m[38;2;246;230;148m[48;2;247;231;148m▀[0m[38;2;241;225;145m[48;2;248;232;148m▀[0m[38;2;243;227;146m[48;2;236;220;141m▀[0m[38;2;248;232;149m[48;2;200;186;119m▀[0m[38;2;255;238;153m[48;2;202;189;121m▀[0m[38;2;241;225;144m[48;2;208;195;124m▀[0m[38;2;147;138;93m[48;2;201;188;122m▀[0m[38;2;36;37;40m[48;2;55;57;61m▀[0m[38;2;6;6;6m[48;2;43;43;43m▀[0m[38;2;13;13;13m▄[0m    
     [38;2;93;88;56m[48;2;84;77;49m▀[0m[38;2;173;162;104m[48;2;233;223;147m▀[0m[38;2;253;236;151m[48;2;255;248;161m▀[0m[38;2;123;114;71m[48;2;94;90;71m▀[0m[38;2;103;98;75m[48;2;117;111;83m▀[0m[38;2;110;102;66m[48;2;93;89;70m▀[0m[38;2;66;64;52m[48;2;62;60;51m▀[0m[38;2;194;182;121m[48;2;196;184;121m▀[0m[38;2;249;232;148m[48;2;248;232;148m▀[0m[38;2;242;226;145m[48;2;242;226;145m▀[0m[38;2;242;226;145m[48;2;242;226;145m▀[0m[38;2;241;225;145m[48;2;248;231;148m▀[0m[38;2;255;239;153m[48;2;203;189;120m▀[0m[38;2;189;177;122m[48;2;92;88;72m▀[0m[38;2;119;114;90m[48;2;51;51;52m▀[0m[38;2;192;180;123m[48;2;102;98;74m▀[0m[38;2;255;240;151m[48;2;190;179;122m▀[0m[38;2;241;225;144m[48;2;249;232;148m▀[0m[38;2;243;227;146m[48;2;244;228;146m▀[0m[38;2;248;232;149m[48;2;230;215;138m▀[0m[38;2;232;217;139m[48;2;192;180;115m▀[0m[38;2;201;188;120m[48;2;177;165;105m▀[0m[38;2;205;191;122m[48;2;191;178;114m▀[0m[38;2;200;187;120m[48;2;162;151;98m▀[0m[38;2;186;174;111m[48;2;79;74;52m▀[0m[38;2;189;176;112m[48;2;87;82;56m▀[0m[38;2;175;164;107m[48;2;76;72;52m▀[0m[38;2;99;96;78m[48;2;33;34;38m▀[0m[38;2;63;63;64m[48;2;70;70;70m▀[0m[38;2;62;62;62m[48;2;65;65;65m▀[0m[38;2;10;10;10m[48;2;41;41;41m▀[0m[38;2;7;7;7m▄[0m   
    [38;2;94;88;56m[48;2;100;95;63m▀[0m[38;2;172;169;113m[48;2;239;176;84m▀[0m[38;2;239;175;83m[48;2;247;190;97m▀[0m[38;2;204;152;75m[48;2;212;114;24m▀[0m[38;2;166;153;105m[48;2;250;219;130m▀[0m[38;2;144;135;86m[48;2;188;178;113m▀[0m[38;2;58;58;59m[48;2;152;143;101m▀[0m[38;2;142;134;92m[48;2;228;214;140m▀[0m[38;2;230;214;136m[48;2;247;231;148m▀[0m[38;2;244;228;146m[48;2;242;226;145m▀[0m[38;2;242;226;145m[48;2;242;226;145m▀[0m[38;2;242;226;145m[48;2;242;226;145m▀[0m[38;2;252;235;151m[48;2;254;237;151m▀[0m[38;2;156;144;91m[48;2;147;138;95m▀[0m[38;2;112;105;72m[48;2;93;90;71m▀[0m[38;2;122;114;75m[48;2;143;135;91m▀[0m[38;2;62;60;51m[48;2;110;104;71m▀[0m[38;2;134;128;99m[48;2;151;142;98m▀[0m[38;2;255;238;151m[48;2;253;236;151m▀[0m[38;2;245;229;147m[48;2;244;229;147m▀[0m[38;2;217;203;130m[48;2;227;213;135m▀[0m[38;2;179;168;107m[48;2;158;147;96m▀[0m[38;2;161;151;97m[48;2;66;62;44m▀[0m[38;2;85;81;56m[48;2;0;0;0m▀[0m[38;2;74;69;47m[48;2;0;0;2m▀[0m[38;2;0;0;0m▀[0m[38;2;0;0;4m▀[0m[38;2;0;0;4m▀[0m[38;2;18;18;16m[48;2;0;0;0m▀[0m[38;2;40;40;40m[48;2;10;10;10m▀[0m[38;2;42;42;42m[48;2;17;17;17m▀[0m[38;2;70;70;70m[48;2;42;42;42m▀[0m[38;2;43;43;43m[48;2;41;41;41m▀[0m[38;2;15;15;15m[48;2;16;16;16m▀[0m  
    [38;2;49;49;36m[48;2;2;4;9m▀[0m[38;2;230;174;86m[48;2;194;160;92m▀[0m[38;2;248;193;100m[48;2;254;142;32m▀[0m[38;2;184;125;50m[48;2;84;71;51m▀[0m[38;2;233;211;130m[48;2;189;180;118m▀[0m[38;2;251;236;152m[48;2;240;224;144m▀[0m[38;2;253;236;150m[48;2;255;239;152m▀[0m[38;2;252;235;151m[48;2;192;178;113m▀[0m[38;2;244;228;146m[48;2;222;207;132m▀[0m[38;2;242;226;145m[48;2;244;228;146m▀[0m[38;2;242;226;145m[48;2;242;226;145m▀[0m[38;2;242;226;145m[48;2;242;226;145m▀[0m[38;2;255;238;151m[48;2;254;237;151m▀[0m[38;2;136;129;99m[48;2;141;132;93m▀[0m[38;2;51;52;54m[48;2;105;98;66m▀[0m[38;2;102;98;75m[48;2;89;87;70m▀[0m[38;2;106;100;69m[48;2;97;99;81m▀[0m[38;2;160;149;94m[48;2;210;198;127m▀[0m[38;2;253;235;151m[48;2;247;230;148m▀[0m[38;2;249;233;149m[48;2;254;236;151m▀[0m[38;2;195;182;117m[48;2;157;147;97m▀[0m[38;2;68;63;43m[48;2;0;0;0m▀[0m[38;2;0;0;0m▀[0m        [38;2;9;9;9m▀[0m[38;2;9;9;9m▀[0m[38;2;16;16;16m▀[0m  
    [38;2;9;11;15m▀[0m[38;2;82;41;9m[48;2;0;2;10m▀[0m[38;2;206;143;61m[48;2;163;159;106m▀[0m[38;2;128;116;82m[48;2;196;184;116m▀[0m[38;2;109;105;81m[48;2;81;78;62m▀[0m[38;2;234;219;140m[48;2;145;137;99m▀[0m[38;2;186;175;121m[48;2;119;113;86m▀[0m[38;2;80;76;61m[48;2;50;51;58m▀[0m[38;2;194;181;119m[48;2;199;187;126m▀[0m[38;2;250;234;150m[48;2;241;225;142m▀[0m[38;2;250;234;149m[48;2;177;166;115m▀[0m[38;2;252;235;150m[48;2;169;159;105m▀[0m[38;2;250;234;150m[48;2;219;205;130m▀[0m[38;2;195;181;115m[48;2;255;244;156m▀[0m[38;2;200;188;120m[48;2;218;209;137m▀[0m[38;2;155;133;86m[48;2;189;132;58m▀[0m[38;2;169;120;60m[48;2;228;139;44m▀[0m[38;2;255;219;124m[48;2;226;172;87m▀[0m[38;2;244;233;153m[48;2;218;191;116m▀[0m[38;2;253;235;150m[48;2;254;240;155m▀[0m[38;2;161;151;99m[48;2;161;151;99m▀[0m[38;2;0;0;1m[48;2;0;0;1m▀[0m      [38;2;0;0;0m▄[0m[38;2;68;47;28m▄[0m[38;2;63;44;25m▄[0m[38;2;74;51;29m▄[0m[38;2;66;46;26m[48;2;129;91;51m▀[0m[38;2;64;44;26m[48;2;126;88;50m▀[0m[38;2;63;45;25m[48;2;123;86;49m▀[0m[38;2;14;14;16m▄[0m
     [38;2;7;7;11m▀[0m[38;2;98;93;62m[48;2;0;0;0m▀[0m[38;2;182;170;109m[48;2;98;92;61m▀[0m[38;2;148;137;85m[48;2;183;171;110m▀[0m[38;2;97;93;73m[48;2;191;177;112m▀[0m[38;2;172;161;105m[48;2;180;168;107m▀[0m[38;2;127;121;87m[48;2;192;179;112m▀[0m[38;2;149;142;103m[48;2;117;112;84m▀[0m[38;2;153;143;94m[48;2;108;101;71m▀[0m[38;2;113;106;79m[48;2;174;162;101m▀[0m[38;2;66;64;55m[48;2;132;125;90m▀[0m[38;2;185;173;114m[48;2;145;138;101m▀[0m[38;2;211;201;134m[48;2;124;118;90m▀[0m[38;2;131;126;89m[48;2;138;132;94m▀[0m[38;2;168;130;66m[48;2;198;172;102m▀[0m[38;2;241;185;95m[48;2;208;132;48m▀[0m[38;2;221;150;63m[48;2;216;121;30m▀[0m[38;2;210;146;64m[48;2;237;190;103m▀[0m[38;2;255;250;163m[48;2;220;210;138m▀[0m[38;2;169;159;104m[48;2;116;109;71m▀[0m[38;2;0;0;1m[48;2;0;0;0m▀[0m[38;2;63;51;25m▄[0m[38;2;75;53;29m▄[0m[38;2;59;42;24m▄[0m[38;2;63;42;21m[48;2;85;58;34m▀[0m[38;2;67;47;27m[48;2;127;89;51m▀[0m[38;2;62;42;25m[48;2;120;84;48m▀[0m[38;2;78;56;32m[48;2;135;94;54m▀[0m[38;2;128;90;51m[48;2;195;136;77m▀[0m[38;2;122;85;49m[48;2;186;130;74m▀[0m[38;2;128;89;51m[48;2;186;130;74m▀[0m[38;2;189;132;74m[48;2;179;125;71m▀[0m[38;2;186;130;74m[48;2;179;125;71m▀[0m[38;2;183;128;73m[48;2;176;123;70m▀[0m[38;2;16;16;17m[48;2;15;15;16m▀[0m
       [38;2;0;0;0m[48;2;4;4;9m▀[0m[38;2;97;91;61m[48;2;45;43;31m▀[0m[38;2;170;158;102m[48;2;157;147;95m▀[0m[38;2;181;169;108m[48;2;182;170;108m▀[0m[38;2;178;166;107m[48;2;179;167;107m▀[0m[38;2;185;173;109m[48;2;179;167;107m▀[0m[38;2;186;174;111m[48;2;179;167;107m▀[0m[38;2;180;168;108m[48;2;179;167;107m▀[0m[38;2;191;177;111m[48;2;180;168;108m▀[0m[38;2;122;116;85m[48;2;190;177;112m▀[0m[38;2;142;134;93m[48;2;190;177;112m▀[0m[38;2;185;177;114m[48;2;186;173;110m▀[0m[38;2;206;158;80m[48;2;183;174;113m▀[0m[38;2;196;125;46m[48;2;184;178;118m▀[0m[38;2;178;150;88m[48;2;184;175;114m▀[0m[38;2;231;221;145m[48;2;158;146;96m▀[0m[38;2;140;131;86m[48;2;84;79;53m▀[0m[38;2;0;0;0m[48;2;0;0;2m▀[0m[38;2;204;127;76m[48;2;79;56;29m▀[0m[38;2;86;59;35m[48;2;109;76;44m▀[0m[38;2;109;76;43m[48;2;164;113;65m▀[0m[38;2;117;82;47m[48;2;191;133;75m▀[0m[38;2;134;93;54m[48;2;177;124;70m▀[0m[38;2;197;138;78m[48;2;139;98;55m▀[0m[38;2;184;128;73m[48;2;135;94;54m▀[0m[38;2;142;99;56m[48;2;99;70;40m▀[0m[38;2;143;100;57m[48;2;112;78;45m▀[0m[38;2;181;127;72m[48;2;183;128;72m▀[0m[38;2;179;125;71m[48;2;179;125;71m▀[0m[38;2;179;125;71m[48;2;179;125;71m▀[0m[38;2;179;125;71m[48;2;179;125;71m▀[0m[38;2;176;123;70m[48;2;180;126;72m▀[0m[38;2;15;15;16m[48;2;15;15;16m▀[0m
       [38;2;4;4;9m[48;2;0;0;4m▀[0m[38;2;163;152;98m[48;2;149;139;90m▀[0m[38;2;186;172;110m[48;2;181;168;108m▀[0m[38;2;179;167;107m[48;2;177;165;106m▀[0m[38;2;179;167;107m[48;2;178;167;107m▀[0m[38;2;179;167;107m[48;2;179;167;107m▀[0m[38;2;179;167;107m[48;2;179;167;107m▀[0m[38;2;181;169;108m[48;2;184;171;109m▀[0m[38;2;164;153;98m[48;2;145;135;86m▀[0m[38;2;134;125;81m[48;2;77;72;48m▀[0m[38;2;126;118;77m[48;2;16;16;17m▀[0m[38;2;131;122;80m[48;2;0;0;3m▀[0m[38;2;131;122;80m[48;2;0;0;7m▀[0m[38;2;139;130;85m[48;2;0;1;6m▀[0m[38;2;78;73;51m[48;2;0;0;5m▀[0m[38;2;0;0;0m▀[0m[38;2;0;0;7m▀[0m [38;2;45;33;21m[48;2;0;0;9m▀[0m[38;2;100;71;42m[48;2;63;48;33m▀[0m[38;2;191;133;75m[48;2;191;133;75m▀[0m[38;2;181;126;72m[48;2;179;125;71m▀[0m[38;2;162;113;64m[48;2;181;126;72m▀[0m[38;2;93;65;37m[48;2;188;131;75m▀[0m[38;2;115;81;46m[48;2;180;126;71m▀[0m[38;2;196;137;77m[48;2;145;102;58m▀[0m[38;2;189;132;75m[48;2;157;109;62m▀[0m[38;2;178;125;71m[48;2;187;130;74m▀[0m[38;2;179;125;71m[48;2;181;126;72m▀[0m[38;2;185;129;73m[48;2;133;94;56m▀[0m[38;2;184;128;73m[48;2;131;93;56m▀[0m[38;2;148;103;59m[48;2;51;37;24m▀[0m[38;2;16;16;17m[48;2;16;16;16m▀[0m
     [38;2;96;91;57m▄[0m[38;2;81;77;50m[48;2;108;100;64m▀[0m[38;2;65;62;44m[48;2;242;226;144m▀[0m[38;2;175;164;106m[48;2;250;234;150m▀[0m[38;2;198;184;118m[48;2;246;230;148m▀[0m[38;2;196;183;117m[48;2;250;234;150m▀[0m[38;2;181;169;108m[48;2;206;192;123m▀[0m[38;2;176;164;105m[48;2;193;180;116m▀[0m[38;2;178;166;107m[48;2;182;170;109m▀[0m[38;2;179;167;107m[48;2;176;165;105m▀[0m[38;2;182;170;109m[48;2;178;166;107m▀[0m[38;2;199;185;117m[48;2;178;166;107m▀[0m[38;2;118;110;74m[48;2;198;184;117m▀[0m[38;2;39;36;27m[48;2;95;89;61m▀[0m[38;2;0;0;0m[48;2;0;0;1m▀[0m     [38;2;0;3;9m[48;2;0;0;6m▀[0m[38;2;66;50;34m[48;2;64;49;33m▀[0m[38;2;191;133;75m[48;2;193;134;76m▀[0m[38;2;179;125;71m[48;2;184;128;73m▀[0m[38;2;180;126;71m[48;2;175;122;70m▀[0m[38;2;186;130;74m[48;2;139;98;58m▀[0m[38;2;171;119;67m[48;2;146;103;60m▀[0m[38;2;87;62;35m[48;2;131;93;55m▀[0m[38;2;62;45;28m[48;2;0;5;10m▀[0m[38;2;144;102;59m[48;2;0;5;10m▀[0m[38;2;128;91;54m[48;2;1;5;11m▀[0m[38;2;0;1;8m▀[0m[38;2;0;5;10m▀[0m[38;2;10;12;15m▀[0m 
     [38;2;97;89;57m[48;2;90;84;54m▀[0m[38;2;186;173;111m[48;2;231;216;138m▀[0m[38;2;237;222;142m[48;2;244;228;146m▀[0m[38;2;243;227;146m[48;2;245;229;146m▀[0m[38;2;242;226;145m[48;2;243;227;145m▀[0m[38;2;242;226;145m[48;2;242;226;145m▀[0m[38;2;245;229;147m[48;2;243;227;145m▀[0m[38;2;252;235;151m[48;2;234;219;140m▀[0m[38;2;209;195;125m[48;2;242;226;145m▀[0m[38;2;191;178;114m[48;2;251;234;151m▀[0m[38;2;183;170;109m[48;2;212;197;127m▀[0m[38;2;178;166;106m[48;2;180;168;107m▀[0m[38;2;188;175;112m[48;2;177;165;106m▀[0m[38;2;112;104;69m[48;2;197;183;117m▀[0m[38;2;33;32;23m[48;2;103;96;65m▀[0m[38;2;0;0;0m[48;2;0;0;3m▀[0m [38;2;0;12;12m▄[0m[38;2;0;0;15m[48;2;31;26;20m▀[0m[38;2;0;4;9m[48;2;36;30;24m▀[0m[38;2;19;17;17m[48;2;71;52;34m▀[0m[38;2;81;60;38m[48;2;142;99;55m▀[0m[38;2;176;122;69m[48;2;108;76;44m▀[0m[38;2;160;111;64m[48;2;41;31;20m▀[0m[38;2;116;83;49m[48;2;0;3;9m▀[0m[38;2;0;0;6m▀[0m[38;2;1;6;11m▀[0m[38;2;1;5;11m▀[0m       
    [38;2;98;91;58m[48;2;95;88;56m▀[0m[38;2;118;109;70m[48;2;239;223;143m▀[0m[38;2;230;214;138m[48;2;245;228;147m▀[0m[38;2;245;229;147m[48;2;254;237;150m▀[0m[38;2;215;202;133m[48;2;70;69;67m▀[0m[38;2;236;220;142m[48;2;201;190;127m▀[0m[38;2;243;227;145m[48;2;247;230;147m▀[0m[38;2;249;232;149m[48;2;255;239;151m▀[0m[38;2;172;162;107m[48;2;91;89;77m▀[0m[38;2;213;199;129m[48;2;179;168;117m▀[0m[38;2;246;229;147m[48;2;249;233;148m▀[0m[38;2;249;232;149m[48;2;242;226;145m▀[0m[38;2;213;198;127m[48;2;248;232;149m▀[0m[38;2;180;168;107m[48;2;214;199;128m▀[0m[38;2;189;176;112m[48;2;188;176;112m▀[0m[38;2;94;89;60m[48;2;109;102;68m▀[0m[38;2;0;0;1m[48;2;25;23;18m▀[0m[38;2;0;0;0m▄[0m[38;2;2;6;11m[48;2;0;4;9m▀[0m[38;2;65;49;33m[48;2;61;46;31m▀[0m[38;2;145;100;57m[48;2;130;90;52m▀[0m[38;2;135;94;53m[48;2;112;79;46m▀[0m[38;2;131;91;51m[48;2;100;70;42m▀[0m[38;2;91;65;39m[48;2;49;37;23m▀[0m[38;2;1;6;11m[48;2;10;12;13m▀[0m           
    [38;2;95;88;57m[48;2;94;87;56m▀[0m[38;2;230;214;138m[48;2;230;214;138m▀[0m[38;2;244;227;146m[48;2;244;227;146m▀[0m[38;2;252;235;150m[48;2;245;229;147m▀[0m[38;2;94;91;77m[48;2;197;184;117m▀[0m[38;2;207;195;129m[48;2;232;217;138m▀[0m[38;2;247;230;147m[48;2;244;227;146m▀[0m[38;2;253;236;150m[48;2;241;225;145m▀[0m[38;2;117;112;88m[48;2;250;233;149m▀[0m[38;2;190;178;121m[48;2;245;229;146m▀[0m[38;2;248;232;148m[48;2;242;226;145m▀[0m[38;2;242;226;145m[48;2;242;226;145m▀[0m[38;2;242;226;145m[48;2;242;226;145m▀[0m[38;2;248;232;149m[48;2;242;226;145m▀[0m[38;2;214;200;128m[48;2;248;232;149m▀[0m[38;2;195;182;116m[48;2;226;211;135m▀[0m[38;2;106;100;67m[48;2;98;92;61m▀[0m[38;2;0;0;5m[48;2;5;5;10m▀[0m[38;2;18;16;16m[48;2;70;52;34m▀[0m[38;2;79;56;36m[48;2;132;92;52m▀[0m[38;2;94;66;40m[48;2;81;58;37m▀[0m[38;2;0;6;10m[48;2;1;6;12m▀[0m[38;2;10;12;14m▀[0m[38;2;12;14;16m▀[0m            
 [38;2;99;85;56m▄[0m[38;2;80;80;53m▄[0m[38;2;81;81;46m[48;2;105;99;64m▀[0m[38;2;108;100;65m[48;2;239;224;143m▀[0m[38;2;231;215;139m[48;2;245;229;147m▀[0m[38;2;245;228;147m[48;2;233;217;139m▀[0m[38;2;242;226;145m[48;2;242;226;145m▀[0m[38;2;245;229;147m[48;2;242;226;145m▀[0m[38;2;243;227;145m[48;2;242;226;145m▀[0m[38;2;242;226;145m[48;2;242;226;145m▀[0m[38;2;242;226;145m[48;2;242;226;145m▀[0m[38;2;242;226;145m[48;2;242;226;145m▀[0m[38;2;242;226;145m[48;2;243;227;145m▀[0m[38;2;242;226;145m[48;2;242;226;145m▀[0m[38;2;242;226;145m[48;2;242;226;145m▀[0m[38;2;242;226;145m[48;2;242;226;145m▀[0m[38;2;242;226;145m[48;2;242;226;145m▀[0m[38;2;242;226;145m[48;2;243;227;145m▀[0m[38;2;255;240;153m[48;2;243;227;145m▀[0m[38;2;139;132;88m[48;2;255;244;156m▀[0m[38;2;68;48;31m[48;2;154;144;95m▀[0m[38;2;83;59;36m[48;2;10;11;8m▀[0m[38;2;2;7;12m▀[0m[38;2;8;10;14m▀[0m               
[38;2;95;95;63m[48;2;101;94;59m▀[0m[38;2;113;105;68m[48;2;234;218;140m▀[0m[38;2;111;104;67m[48;2;237;221;142m▀[0m[38;2;241;225;144m[48;2;235;219;141m▀[0m[38;2;241;225;144m[48;2;178;167;107m▀[0m[38;2;242;226;145m[48;2;105;97;62m▀[0m[38;2;100;94;60m[48;2;24;23;21m▀[0m[38;2;206;193;124m[48;2;0;0;6m▀[0m[38;2;243;227;145m[48;2;195;182;119m▀[0m[38;2;242;226;145m[48;2;245;230;147m▀[0m[38;2;242;226;145m[48;2;243;227;145m▀[0m[38;2;242;226;145m[48;2;243;227;145m▀[0m[38;2;243;227;146m[48;2;248;232;148m▀[0m[38;2;236;220;141m[48;2;128;120;77m▀[0m[38;2;240;224;144m[48;2;181;169;109m▀[0m[38;2;243;227;146m[48;2;243;227;146m▀[0m[38;2;242;226;145m[48;2;243;226;145m▀[0m[38;2;243;227;146m[48;2;249;236;151m▀[0m[38;2;235;220;141m[48;2;110;104;70m▀[0m[38;2;228;213;137m[48;2;0;0;4m▀[0m[38;2;230;215;138m[48;2;43;40;30m▀[0m[38;2;255;238;152m[48;2;162;151;97m▀[0m[38;2;160;150;99m[48;2;248;239;154m▀[0m[38;2;13;13;10m[48;2;153;144;95m▀[0m[38;2;0;0;0m[48;2;0;0;1m▀[0m               
 [38;2;10;11;13m▀[0m[38;2;10;11;13m▀[0m[38;2;10;11;13m▀[0m[38;2;12;12;13m▀[0m[38;2;12;12;13m[48;2;15;15;15m▀[0m[38;2;58;58;58m[48;2;15;15;15m▀[0m[38;2;68;68;68m[48;2;15;15;15m▀[0m[38;2;5;6;13m[48;2;16;16;16m▀[0m[38;2;192;179;115m[48;2;13;13;14m▀[0m[38;2;241;225;144m[48;2;6;7;11m▀[0m[38;2;247;232;148m[48;2;81;75;48m▀[0m[38;2;139;129;82m[48;2;75;73;64m▀[0m[38;2;72;71;63m[48;2;62;62;63m▀[0m[38;2;16;17;24m[48;2;68;68;68m▀[0m[38;2;108;101;66m[48;2;31;31;32m▀[0m[38;2;235;219;140m[48;2;10;11;12m▀[0m[38;2;105;98;66m[48;2;14;14;15m▀[0m[38;2;27;28;34m[48;2;16;16;15m▀[0m[38;2;70;70;70m[48;2;15;15;15m▀[0m[38;2;40;40;41m[48;2;16;16;16m▀[0m[38;2;9;10;11m[48;2;17;17;17m▀[0m[38;2;10;10;12m▀[0m[38;2;13;14;15m▀[0m[38;2;16;16;16m▀[0m               
            [38;2;16;16;16m▀[0m[38;2;17;17;17m▀[0m[38;2;17;17;17m▀[0m[38;2;16;16;16m▀[0m                        
[0m