                    [38;2;120;117;127m▄[0m[38;2;120;117;127m[48;2;204;192;216m▀[0m[38;2;16;16;16m▄[0m             
                   [38;2;120;117;127m▄[0m[38;2;120;117;127m[48;2;204;192;216m▀[0m[38;2;204;192;216m[48;2;16;16;16m▀[0m[38;2;16;16;16m▀[0m             
                  [38;2;120;117;127m▄[0m[38;2;120;117;127m[48;2;204;192;216m▀[0m[38;2;204;192;216m[48;2;204;192;216m▀[0m[38;2;16;16;16m[48;2;16;16;16m▀[0m              
                 [38;2;120;117;127m▄[0m[38;2;120;117;127m[48;2;204;192;216m▀[0m[38;2;204;192;216m[48;2;204;192;216m▀[0m[38;2;16;16;16m[48;2;16;16;16m▀[0m               
              [38;2;152;41;94m▄[0m[38;2;152;41;94m▄[0m[38;2;152;41;94m[48;2;255;108;204m▀[0m[38;2;152;41;94m[48;2;255;108;204m▀[0m[38;2;152;41;94m[48;2;255;108;204m▀[0m[38;2;152;41;94m[48;2;255;108;204m▀[0m[38;2;16;16;16m[48;2;152;41;94m▀[0m[38;2;16;16;16m▄[0m              
           [38;2;152;41;94m▄[0m[38;2;152;41;94m▄[0m[38;2;152;41;94m[48;2;255;108;204m▀[0m[38;2;217;51;142m[48;2;255;108;204m▀[0m[38;2;217;51;142m[48;2;255;108;204m▀[0m[38;2;217;51;142m[48;2;255;108;204m▀[0m[38;2;217;51;142m[48;2;255;108;204m▀[0m[38;2;217;51;142m[48;2;255;108;204m▀[0m[38;2;217;51;142m[48;2;255;108;204m▀[0m[38;2;255;108;204m[48;2;217;51;142m▀[0m[38;2;217;51;142m[48;2;152;41;94m▀[0m[38;2;16;16;16m[48;2;217;51;142m▀[0m[38;2;16;16;16m▄[0m            
         [38;2;152;41;94m▄[0m[38;2;152;41;94m[48;2;255;108;204m▀[0m[38;2;255;108;204m[48;2;255;108;204m▀[0m[38;2;255;108;204m[48;2;69;57;102m▀[0m[38;2;69;57;102m[48;2;129;78;186m▀[0m[38;2;69;57;102m[48;2;129;78;186m▀[0m[38;2;69;57;102m[48;2;129;78;186m▀[0m[38;2;255;108;204m[48;2;69;57;102m▀[0m[38;2;255;108;204m[48;2;255;108;204m▀[0m[38;2;255;108;204m[48;2;255;108;204m▀[0m[38;2;255;108;204m[48;2;255;108;204m▀[0m[38;2;255;108;204m[48;2;255;108;204m▀[0m[38;2;217;51;142m[48;2;255;108;204m▀[0m[38;2;152;41;94m[48;2;217;51;142m▀[0m[38;2;16;16;16m[48;2;152;41;94m▀[0m[38;2;16;16;16m▄[0m           
       [38;2;57;40;77m▄[0m[38;2;69;57;102m[48;2;129;78;186m▀[0m[38;2;69;57;102m[48;2;69;57;102m▀[0m[38;2;255;108;204m[48;2;69;57;102m▀[0m[38;2;69;57;102m[48;2;129;78;186m▀[0m[38;2;129;78;186m[48;2;129;78;186m▀[0m[38;2;129;78;186m[48;2;129;78;186m▀[0m[38;2;129;78;186m[48;2;129;78;186m▀[0m[38;2;129;78;186m[48;2;129;78;186m▀[0m[38;2;129;78;186m[48;2;129;78;186m▀[0m[38;2;69;57;102m[48;2;129;78;186m▀[0m[38;2;69;57;102m[48;2;129;78;186m▀[0m[38;2;255;108;204m[48;2;69;57;102m▀[0m[38;2;255;108;204m[48;2;69;57;102m▀[0m[38;2;255;108;204m[48;2;255;108;204m▀[0m[38;2;217;51;142m[48;2;217;51;142m▀[0m[38;2;217;51;142m[48;2;57;40;77m▀[0m[38;2;57;40;77m[48;2;88;63;135m▀[0m[38;2;16;16;16m[48;2;16;16;16m▀[0m          
 [38;2;120;117;127m▄[0m    [38;2;69;57;102m▄[0m[38;2;69;57;102m[48;2;129;78;186m▀[0m[38;2;129;78;186m[48;2;179;137;211m▀[0m[38;2;129;78;186m[48;2;129;78;186m▀[0m[38;2;129;78;186m[48;2;129;78;186m▀[0m[38;2;129;78;186m[48;2;152;41;94m▀[0m[38;2;129;78;186m[48;2;88;63;135m▀[0m[38;2;129;78;186m[48;2;129;78;186m▀[0m[38;2;129;78;186m[48;2;129;78;186m▀[0m[38;2;129;78;186m[48;2;129;78;186m▀[0m[38;2;129;78;186m[48;2;129;78;186m▀[0m[38;2;129;78;186m[48;2;129;78;186m▀[0m[38;2;129;78;186m[48;2;129;78;186m▀[0m[38;2;129;78;186m[48;2;129;78;186m▀[0m[38;2;129;78;186m[48;2;129;78;186m▀[0m[38;2;69;57;102m[48;2;129;78;186m▀[0m[38;2;69;57;102m[48;2;129;78;186m▀[0m[38;2;57;40;77m[48;2;88;63;135m▀[0m[38;2;88;63;135m[48;2;88;63;135m▀[0m[38;2;88;63;135m[48;2;88;63;135m▀[0m[38;2;16;16;16m[48;2;16;16;16m▀[0m   [38;2;120;117;127m▄[0m[38;2;120;117;127m[48;2;204;192;216m▀[0m[38;2;16;16;16m▄[0m   
[38;2;120;117;127m[48;2;16;16;16m▀[0m[38;2;204;192;216m[48;2;204;192;216m▀[0m[38;2;16;16;16m[48;2;16;16;16m▀[0m  [38;2;69;57;102m▄[0m[38;2;69;57;102m[48;2;129;78;186m▀[0m[38;2;179;137;211m[48;2;179;137;211m▀[0m[38;2;179;137;211m[48;2;179;137;211m▀[0m[38;2;129;78;186m[48;2;129;78;186m▀[0m[38;2;152;41;94m[48;2;152;41;94m▀[0m[38;2;255;108;204m[48;2;255;108;204m▀[0m[38;2;152;41;94m[48;2;152;41;94m▀[0m[38;2;88;63;135m[48;2;88;63;135m▀[0m[38;2;129;78;186m[48;2;129;78;186m▀[0m[38;2;129;78;186m[48;2;129;78;186m▀[0m[38;2;129;78;186m[48;2;129;78;186m▀[0m[38;2;129;78;186m[48;2;129;78;186m▀[0m[38;2;129;78;186m[48;2;129;78;186m▀[0m[38;2;129;78;186m[48;2;129;78;186m▀[0m[38;2;129;78;186m[48;2;129;78;186m▀[0m[38;2;129;78;186m[48;2;129;78;186m▀[0m[38;2;129;78;186m[48;2;129;78;186m▀[0m[38;2;88;63;135m[48;2;129;78;186m▀[0m[38;2;88;63;135m[48;2;88;63;135m▀[0m[38;2;88;63;135m[48;2;88;63;135m▀[0m[38;2;88;63;135m[48;2;88;63;135m▀[0m[38;2;16;16;16m[48;2;16;16;16m▀[0m [38;2;120;117;127m▄[0m[38;2;120;117;127m[48;2;204;192;216m▀[0m[38;2;204;192;216m[48;2;16;16;16m▀[0m[38;2;16;16;16m▀[0m   
 [38;2;120;117;127m[48;2;152;41;94m▀[0m[38;2;204;192;216m[48;2;152;41;94m▀[0m[38;2;16;16;16m[48;2;16;16;16m▀[0m [38;2;57;40;77m[48;2;57;40;77m▀[0m[38;2;129;78;186m[48;2;129;78;186m▀[0m[38;2;179;137;211m[48;2;179;137;211m▀[0m[38;2;129;78;186m[48;2;129;78;186m▀[0m[38;2;152;41;94m[48;2;152;41;94m▀[0m[38;2;255;108;204m[48;2;255;108;204m▀[0m[38;2;255;108;204m[48;2;255;108;204m▀[0m[38;2;255;108;204m[48;2;255;108;204m▀[0m[38;2;152;41;94m[48;2;152;41;94m▀[0m[38;2;129;78;186m[48;2;88;63;135m▀[0m[38;2;129;78;186m[48;2;88;63;135m▀[0m[38;2;129;78;186m[48;2;88;63;135m▀[0m[38;2;129;78;186m[48;2;88;63;135m▀[0m[38;2;129;78;186m[48;2;88;63;135m▀[0m[38;2;129;78;186m[48;2;88;63;135m▀[0m[38;2;129;78;186m[48;2;88;63;135m▀[0m[38;2;129;78;186m[48;2;129;78;186m▀[0m[38;2;129;78;186m[48;2;129;78;186m▀[0m[38;2;129;78;186m[48;2;129;78;186m▀[0m[38;2;88;63;135m[48;2;88;63;135m▀[0m[38;2;88;63;135m[48;2;88;63;135m▀[0m[38;2;88;63;135m[48;2;57;40;77m▀[0m[38;2;16;16;16m[48;2;57;40;77m▀[0m[38;2;152;41;94m[48;2;255;108;204m▀[0m[38;2;152;41;94m[48;2;255;108;204m▀[0m[38;2;152;41;94m[48;2;16;16;16m▀[0m[38;2;16;16;16m▀[0m    
 [38;2;152;41;94m[48;2;152;41;94m▀[0m[38;2;255;108;204m[48;2;255;108;204m▀[0m[38;2;152;41;94m[48;2;255;108;204m▀[0m[38;2;152;41;94m[48;2;57;40;77m▀[0m[38;2;57;40;77m[48;2;88;63;135m▀[0m[38;2;129;78;186m[48;2;88;63;135m▀[0m[38;2;88;63;135m[48;2;129;78;186m▀[0m[38;2;88;63;135m[48;2;69;57;102m▀[0m[38;2;152;41;94m[48;2;217;51;142m▀[0m[38;2;255;108;204m[48;2;255;108;204m▀[0m[38;2;255;108;204m[48;2;255;108;204m▀[0m[38;2;255;108;204m[48;2;217;51;142m▀[0m[38;2;129;78;186m[48;2;129;78;186m▀[0m[38;2;69;57;102m[48;2;69;57;102m▀[0m[38;2;129;78;186m[48;2;129;78;186m▀[0m[38;2;129;78;186m[48;2;129;78;186m▀[0m[38;2;129;78;186m[48;2;129;78;186m▀[0m[38;2;129;78;186m[48;2;129;78;186m▀[0m[38;2;129;78;186m[48;2;129;78;186m▀[0m[38;2;129;78;186m[48;2;129;78;186m▀[0m[38;2;88;63;135m[48;2;129;78;186m▀[0m[38;2;88;63;135m[48;2;129;78;186m▀[0m[38;2;69;57;102m[48;2;69;57;102m▀[0m[38;2;69;57;102m[48;2;57;40;77m▀[0m[38;2;57;40;77m[48;2;129;78;186m▀[0m[38;2;129;78;186m[48;2;129;78;186m▀[0m[38;2;88;63;135m[48;2;88;63;135m▀[0m[38;2;255;108;204m[48;2;255;108;204m▀[0m[38;2;255;108;204m[48;2;255;108;204m▀[0m[38;2;16;16;16m[48;2;16;16;16m▀[0m     
 [38;2;57;40;77m[48;2;57;40;77m▀[0m[38;2;129;78;186m[48;2;129;78;186m▀[0m[38;2;255;108;204m[48;2;129;78;186m▀[0m[38;2;57;40;77m[48;2;57;40;77m▀[0m[38;2;129;78;186m[48;2;129;78;186m▀[0m[38;2;129;78;186m[48;2;129;78;186m▀[0m[38;2;129;78;186m[48;2;129;78;186m▀[0m[38;2;69;57;102m[48;2;69;57;102m▀[0m[38;2;217;51;142m[48;2;129;78;186m▀[0m[38;2;255;108;204m[48;2;255;108;204m▀[0m[38;2;255;108;204m[48;2;217;51;142m▀[0m[38;2;129;78;186m[48;2;129;78;186m▀[0m[38;2;129;78;186m[48;2;129;78;186m▀[0m[38;2;69;57;102m[48;2;129;78;186m▀[0m[38;2;129;78;186m[48;2;69;57;102m▀[0m[38;2;129;78;186m[48;2;129;78;186m▀[0m[38;2;129;78;186m[48;2;129;78;186m▀[0m[38;2;129;78;186m[48;2;129;78;186m▀[0m[38;2;129;78;186m[48;2;129;78;186m▀[0m[38;2;129;78;186m[48;2;129;78;186m▀[0m[38;2;129;78;186m[48;2;129;78;186m▀[0m[38;2;129;78;186m[48;2;129;78;186m▀[0m[38;2;57;40;77m[48;2;57;40;77m▀[0m[38;2;129;78;186m[48;2;129;78;186m▀[0m[38;2;129;78;186m[48;2;129;78;186m▀[0m[38;2;129;78;186m[48;2;129;78;186m▀[0m[38;2;88;63;135m[48;2;88;63;135m▀[0m[38;2;255;108;204m[48;2;255;108;204m▀[0m[38;2;255;108;204m[48;2;88;63;135m▀[0m[38;2;16;16;16m[48;2;16;16;16m▀[0m     
 [38;2;57;40;77m▀[0m[38;2;129;78;186m[48;2;57;40;77m▀[0m[38;2;129;78;186m[48;2;129;78;186m▀[0m[38;2;57;40;77m[48;2;129;78;186m▀[0m[38;2;129;78;186m[48;2;57;40;77m▀[0m[38;2;129;78;186m[48;2;129;78;186m▀[0m[38;2;129;78;186m[48;2;129;78;186m▀[0m[38;2;69;57;102m[48;2;57;40;77m▀[0m[38;2;129;78;186m[48;2;129;78;186m▀[0m[38;2;217;51;142m[48;2;129;78;186m▀[0m[38;2;129;78;186m[48;2;129;78;186m▀[0m[38;2;129;78;186m[48;2;129;78;186m▀[0m[38;2;129;78;186m[48;2;129;78;186m▀[0m[38;2;129;78;186m[48;2;129;78;186m▀[0m[38;2;69;57;102m[48;2;57;40;77m▀[0m[38;2;129;78;186m[48;2;129;78;186m▀[0m[38;2;129;78;186m[48;2;129;78;186m▀[0m[38;2;129;78;186m[48;2;129;78;186m▀[0m[38;2;129;78;186m[48;2;129;78;186m▀[0m[38;2;129;78;186m[48;2;129;78;186m▀[0m[38;2;129;78;186m[48;2;129;78;186m▀[0m[38;2;69;57;102m[48;2;69;57;102m▀[0m[38;2;129;78;186m[48;2;129;78;186m▀[0m[38;2;129;78;186m[48;2;129;78;186m▀[0m[38;2;129;78;186m[48;2;129;78;186m▀[0m[38;2;129;78;186m[48;2;88;63;135m▀[0m[38;2;88;63;135m[48;2;88;63;135m▀[0m[38;2;88;63;135m[48;2;88;63;135m▀[0m[38;2;57;40;77m[48;2;16;16;16m▀[0m      
  [38;2;16;16;16m[48;2;16;16;16m▀[0m[38;2;129;78;186m[48;2;88;63;135m▀[0m[38;2;129;78;186m[48;2;129;78;186m▀[0m[38;2;57;40;77m[48;2;57;40;77m▀[0m[38;2;129;78;186m[48;2;129;78;186m▀[0m[38;2;129;78;186m[48;2;88;63;135m▀[0m[38;2;57;40;77m[48;2;129;78;186m▀[0m[38;2;88;63;135m[48;2;57;40;77m▀[0m[38;2;129;78;186m[48;2;129;78;186m▀[0m[38;2;129;78;186m[48;2;129;78;186m▀[0m[38;2;129;78;186m[48;2;129;78;186m▀[0m[38;2;129;78;186m[48;2;88;63;135m▀[0m[38;2;88;63;135m[48;2;57;40;77m▀[0m[38;2;57;40;77m[48;2;129;78;186m▀[0m[38;2;129;78;186m[48;2;88;63;135m▀[0m[38;2;88;63;135m[48;2;255;108;204m▀[0m[38;2;88;63;135m[48;2;255;108;204m▀[0m[38;2;129;78;186m[48;2;217;51;142m▀[0m[38;2;129;78;186m[48;2;88;63;135m▀[0m[38;2;129;78;186m[48;2;57;40;77m▀[0m[38;2;69;57;102m[48;2;129;78;186m▀[0m[38;2;129;78;186m[48;2;129;78;186m▀[0m[38;2;129;78;186m[48;2;129;78;186m▀[0m[38;2;129;78;186m[48;2;88;63;135m▀[0m[38;2;88;63;135m[48;2;88;63;135m▀[0m[38;2;88;63;135m[48;2;88;63;135m▀[0m[38;2;88;63;135m[48;2;16;16;16m▀[0m[38;2;16;16;16m▀[0m      
   [38;2;57;40;77m[48;2;16;16;16m▀[0m[38;2;88;63;135m[48;2;88;63;135m▀[0m[38;2;129;78;186m[48;2;88;63;135m▀[0m[38;2;57;40;77m[48;2;16;16;16m▀[0m[38;2;255;108;204m[48;2;255;108;204m▀[0m[38;2;88;63;135m[48;2;255;108;204m▀[0m[38;2;16;16;16m[48;2;88;63;135m▀[0m[38;2;88;63;135m[48;2;16;16;16m▀[0m[38;2;88;63;135m[48;2;69;57;102m▀[0m[38;2;88;63;135m[48;2;69;57;102m▀[0m[38;2;88;63;135m[48;2;57;40;77m▀[0m[38;2;57;40;77m[48;2;88;63;135m▀[0m[38;2;88;63;135m[48;2;255;108;204m▀[0m[38;2;255;108;204m[48;2;0;143;221m▀[0m[38;2;255;108;204m[48;2;255;108;204m▀[0m[38;2;255;108;204m[48;2;255;108;204m▀[0m[38;2;255;108;204m[48;2;0;143;221m▀[0m[38;2;255;108;204m[48;2;182;228;243m▀[0m[38;2;57;40;77m[48;2;57;40;77m▀[0m[38;2;129;78;186m[48;2;88;63;135m▀[0m[38;2;129;78;186m[48;2;88;63;135m▀[0m[38;2;88;63;135m[48;2;88;63;135m▀[0m[38;2;88;63;135m[48;2;88;63;135m▀[0m[38;2;88;63;135m[48;2;88;63;135m▀[0m[38;2;88;63;135m[48;2;16;16;16m▀[0m[38;2;16;16;16m▀[0m       
    [38;2;16;16;16m▀[0m[38;2;88;63;135m[48;2;16;16;16m▀[0m[38;2;88;63;135m[48;2;88;63;135m▀[0m[38;2;0;143;221m[48;2;182;228;243m▀[0m[38;2;255;108;204m[48;2;0;143;221m▀[0m[38;2;0;143;221m[48;2;0;143;221m▀[0m[38;2;88;63;135m[48;2;255;108;204m▀[0m[38;2;16;16;16m[48;2;255;108;204m▀[0m[38;2;57;40;77m[48;2;255;108;204m▀[0m[38;2;88;63;135m[48;2;255;108;204m▀[0m[38;2;255;108;204m[48;2;255;108;204m▀[0m[38;2;255;108;204m[48;2;255;108;204m▀[0m[38;2;0;143;221m[48;2;0;143;221m▀[0m[38;2;0;143;221m[48;2;182;228;243m▀[0m[38;2;182;228;243m[48;2;182;228;243m▀[0m[38;2;182;228;243m[48;2;182;228;243m▀[0m[38;2;182;228;243m[48;2;0;143;221m▀[0m[38;2;57;40;77m[48;2;57;40;77m▀[0m[38;2;88;63;135m[48;2;88;63;135m▀[0m[38;2;88;63;135m[48;2;88;63;135m▀[0m[38;2;88;63;135m[48;2;16;16;16m▀[0m[38;2;88;63;135m[48;2;16;16;16m▀[0m[38;2;16;16;16m▀[0m         
      [38;2;16;16;16m▀[0m[38;2;88;63;135m[48;2;16;16;16m▀[0m[38;2;182;228;243m[48;2;16;16;16m▀[0m[38;2;182;228;243m[48;2;182;228;243m▀[0m[38;2;0;143;221m[48;2;182;228;243m▀[0m[38;2;255;108;204m[48;2;0;143;221m▀[0m[38;2;255;108;204m[48;2;217;51;142m▀[0m[38;2;255;108;204m[48;2;217;51;142m▀[0m[38;2;255;108;204m[48;2;217;51;142m▀[0m[38;2;255;108;204m[48;2;0;143;221m▀[0m[38;2;182;228;243m[48;2;182;228;243m▀[0m[38;2;182;228;243m[48;2;0;143;221m▀[0m[38;2;182;228;243m[48;2;217;51;142m▀[0m[38;2;0;143;221m[48;2;217;51;142m▀[0m[38;2;217;51;142m[48;2;16;16;16m▀[0m[38;2;57;40;77m[48;2;16;16;16m▀[0m[38;2;16;16;16m▀[0m[38;2;16;16;16m▀[0m            
         [38;2;16;16;16m▀[0m[38;2;16;16;16m▀[0m[38;2;217;51;142m[48;2;16;16;16m▀[0m[38;2;182;228;243m[48;2;16;16;16m▀[0m[38;2;182;228;243m[48;2;152;41;94m▀[0m[38;2;182;228;243m[48;2;152;41;94m▀[0m[38;2;217;51;142m[48;2;16;16;16m▀[0m[38;2;217;51;142m[48;2;16;16;16m▀[0m[38;2;217;51;142m[48;2;16;16;16m▀[0m[38;2;16;16;16m▀[0m[38;2;16;16;16m▀[0m                
         [38;2;57;40;77m▄[0m[38;2;57;40;77m▄[0m[38;2;57;40;77m[48;2;129;78;186m▀[0m[38;2;57;40;77m[48;2;88;63;135m▀[0m[38;2;69;57;102m[48;2;69;57;102m▀[0m[38;2;152;41;94m[48;2;152;41;94m▀[0m[38;2;217;51;142m[48;2;217;51;142m▀[0m[38;2;57;40;77m[48;2;57;40;77m▀[0m[38;2;69;57;102m[48;2;69;57;102m▀[0m[38;2;57;40;77m[48;2;88;63;135m▀[0m[38;2;57;40;77m[48;2;129;78;186m▀[0m[38;2;57;40;77m▄[0m[38;2;57;40;77m▄[0m[38;2;57;40;77m▄[0m             
        [38;2;57;40;77m[48;2;16;16;16m▀[0m[38;2;129;78;186m[48;2;16;16;16m▀[0m[38;2;129;78;186m[48;2;16;16;16m▀[0m[38;2;88;63;135m[48;2;16;16;16m▀[0m[38;2;16;16;16m▀[0m[38;2;152;41;94m[48;2;152;41;94m▀[0m[38;2;217;51;142m[48;2;255;108;204m▀[0m[38;2;217;51;142m[48;2;255;108;204m▀[0m[38;2;16;16;16m[48;2;217;51;142m▀[0m[38;2;16;16;16m[48;2;69;57;102m▀[0m[38;2;69;57;102m[48;2;16;16;16m▀[0m[38;2;88;63;135m[48;2;16;16;16m▀[0m[38;2;129;78;186m[48;2;16;16;16m▀[0m[38;2;129;78;186m[48;2;16;16;16m▀[0m[38;2;129;78;186m[48;2;16;16;16m▀[0m[38;2;16;16;16m▀[0m            
          [38;2;57;40;77m▄[0m[38;2;57;40;77m▄[0m[38;2;57;40;77m[48;2;255;108;204m▀[0m[38;2;255;108;204m[48;2;88;63;135m▀[0m[38;2;255;108;204m[48;2;88;63;135m▀[0m[38;2;255;108;204m[48;2;255;108;204m▀[0m[38;2;255;108;204m[48;2;255;108;204m▀[0m[38;2;69;57;102m[48;2;69;57;102m▀[0m[38;2;129;78;186m[48;2;129;78;186m▀[0m[38;2;16;16;16m[48;2;129;78;186m▀[0m[38;2;57;40;77m▄[0m[38;2;57;40;77m▄[0m[38;2;57;40;77m▄[0m             
        [38;2;57;40;77m▄[0m[38;2;57;40;77m[48;2;129;78;186m▀[0m[38;2;129;78;186m[48;2;57;40;77m▀[0m[38;2;57;40;77m[48;2;129;78;186m▀[0m[38;2;88;63;135m[48;2;129;78;186m▀[0m[38;2;129;78;186m[48;2;129;78;186m▀[0m[38;2;129;78;186m[48;2;129;78;186m▀[0m[38;2;88;63;135m[48;2;129;78;186m▀[0m[38;2;88;63;135m[48;2;129;78;186m▀[0m[38;2;88;63;135m[48;2;129;78;186m▀[0m[38;2;129;78;186m[48;2;129;78;186m▀[0m[38;2;129;78;186m[48;2;57;40;77m▀[0m[38;2;57;40;77m[48;2;129;78;186m▀[0m[38;2;129;78;186m[48;2;129;78;186m▀[0m[38;2;129;78;186m[48;2;129;78;186m▀[0m[38;2;57;40;77m[48;2;129;78;186m▀[0m[38;2;57;40;77m▄[0m           
        [38;2;57;40;77m[48;2;16;16;16m▀[0m[38;2;129;78;186m[48;2;129;78;186m▀[0m[38;2;57;40;77m[48;2;16;16;16m▀[0m[38;2;129;78;186m[48;2;129;78;186m▀[0m[38;2;129;78;186m[48;2;129;78;186m▀[0m[38;2;129;78;186m[48;2;129;78;186m▀[0m[38;2;129;78;186m[48;2;129;78;186m▀[0m[38;2;129;78;186m[48;2;129;78;186m▀[0m[38;2;129;78;186m[48;2;129;78;186m▀[0m[38;2;129;78;186m[48;2;129;78;186m▀[0m[38;2;129;78;186m[48;2;129;78;186m▀[0m[38;2;57;40;77m[48;2;69;57;102m▀[0m[38;2;129;78;186m[48;2;129;78;186m▀[0m[38;2;129;78;186m[48;2;129;78;186m▀[0m[38;2;129;78;186m[48;2;129;78;186m▀[0m[38;2;129;78;186m[48;2;129;78;186m▀[0m[38;2;57;40;77m[48;2;16;16;16m▀[0m           
        [38;2;16;16;16m▀[0m[38;2;129;78;186m[48;2;57;40;77m▀[0m[38;2;16;16;16m[48;2;88;63;135m▀[0m[38;2;88;63;135m[48;2;16;16;16m▀[0m[38;2;129;78;186m[48;2;88;63;135m▀[0m[38;2;129;78;186m[48;2;88;63;135m▀[0m[38;2;129;78;186m[48;2;88;63;135m▀[0m[38;2;129;78;186m[48;2;88;63;135m▀[0m[38;2;129;78;186m[48;2;88;63;135m▀[0m[38;2;88;63;135m[48;2;69;57;102m▀[0m[38;2;69;57;102m[48;2;69;57;102m▀[0m[38;2;69;57;102m[48;2;57;40;77m▀[0m[38;2;129;78;186m[48;2;129;78;186m▀[0m[38;2;129;78;186m[48;2;129;78;186m▀[0m[38;2;129;78;186m[48;2;88;63;135m▀[0m[38;2;88;63;135m[48;2;88;63;135m▀[0m[38;2;16;16;16m[48;2;16;16;16m▀[0m[38;2;57;40;77m[48;2;88;63;135m▀[0m[38;2;57;40;77m▄[0m[38;2;57;40;77m▄[0m[38;2;57;40;77m[48;2;88;63;135m▀[0m[38;2;57;40;77m[48;2;57;40;77m▀[0m  [38;2;152;41;94m▄[0m[38;2;152;41;94m▄[0m[38;2;152;41;94m[48;2;255;108;204m▀[0m[38;2;152;41;94m[48;2;16;16;16m▀[0m
         [38;2;16;16;16m▀[0m[38;2;69;57;102m[48;2;16;16;16m▀[0m[38;2;69;57;102m[48;2;69;57;102m▀[0m[38;2;16;16;16m[48;2;69;57;102m▀[0m[38;2;57;40;77m[48;2;69;57;102m▀[0m[38;2;69;57;102m[48;2;16;16;16m▀[0m[38;2;69;57;102m[48;2;16;16;16m▀[0m[38;2;69;57;102m[48;2;16;16;16m▀[0m[38;2;69;57;102m[48;2;16;16;16m▀[0m[38;2;69;57;102m[48;2;16;16;16m▀[0m[38;2;57;40;77m[48;2;16;16;16m▀[0m[38;2;88;63;135m[48;2;69;57;102m▀[0m[38;2;88;63;135m[48;2;69;57;102m▀[0m[38;2;69;57;102m[48;2;16;16;16m▀[0m[38;2;16;16;16m[48;2;16;16;16m▀[0m[38;2;69;57;102m[48;2;16;16;16m▀[0m[38;2;69;57;102m[48;2;69;57;102m▀[0m[38;2;88;63;135m[48;2;69;57;102m▀[0m[38;2;88;63;135m[48;2;69;57;102m▀[0m[38;2;57;40;77m[48;2;69;57;102m▀[0m[38;2;57;40;77m[48;2;69;57;102m▀[0m[38;2;57;40;77m[48;2;69;57;102m▀[0m[38;2;152;41;94m[48;2;217;51;142m▀[0m[38;2;255;108;204m[48;2;217;51;142m▀[0m[38;2;255;108;204m[48;2;16;16;16m▀[0m[38;2;16;16;16m▀[0m 
           [38;2;16;16;16m▀[0m[38;2;69;57;102m[48;2;16;16;16m▀[0m[38;2;69;57;102m[48;2;69;57;102m▀[0m[38;2;16;16;16m[48;2;16;16;16m▀[0m    [38;2;16;16;16m[48;2;16;16;16m▀[0m[38;2;69;57;102m[48;2;69;57;102m▀[0m[38;2;69;57;102m[48;2;16;16;16m▀[0m[38;2;16;16;16m▀[0m  [38;2;16;16;16m▀[0m[38;2;16;16;16m▀[0m[38;2;69;57;102m[48;2;16;16;16m▀[0m[38;2;69;57;102m[48;2;16;16;16m▀[0m[38;2;69;57;102m[48;2;16;16;16m▀[0m[38;2;69;57;102m[48;2;16;16;16m▀[0m[38;2;16;16;16m▀[0m[38;2;16;16;16m▀[0m   
            [38;2;16;16;16m▀[0m[38;2;69;57;102m[48;2;16;16;16m▀[0m[38;2;16;16;16m▀[0m    [38;2;16;16;16m▀[0m[38;2;69;57;102m[48;2;16;16;16m▀[0m[38;2;16;16;16m▀[0m              
[0m