                           [38;2;172;103;179m▄[0m[38;2;185;115;185m[48;2;191;124;201m▀[0m[38;2;183;117;193m[48;2;211;153;212m▀[0m[38;2;179;114;189m[48;2;210;152;211m▀[0m[38;2;179;114;189m[48;2;213;156;214m▀[0m[38;2;193;122;202m[48;2;220;163;221m▀[0m[38;2;179;114;189m[48;2;162;100;162m▀[0m[38;2;142;71;141m▄[0m[38;2;135;71;135m▄[0m    
                          [38;2;176;108;183m[48;2;177;111;186m▀[0m[38;2;197;129;205m[48;2;217;143;225m▀[0m[38;2;214;155;215m[48;2;220;164;219m▀[0m[38;2;214;157;214m[48;2;213;156;213m▀[0m[38;2;215;159;215m[48;2;214;157;214m▀[0m[38;2;154;91;154m[48;2;194;135;194m▀[0m[38;2;143;79;143m[48;2;196;138;196m▀[0m[38;2;169;103;174m[48;2;160;97;160m▀[0m[38;2;183;116;191m[48;2;166;101;173m▀[0m[38;2;165;97;169m[48;2;189;121;199m▀[0m[38;2;132;67;131m[48;2;144;87;145m▀[0m[38;2;57;29;45m▄[0m  
                          [38;2;175;105;184m▀[0m[38;2;179;111;185m[48;2;42;0;42m▀[0m[38;2;186;118;186m[48;2;137;72;135m▀[0m[38;2;224;166;225m[48;2;146;99;141m▀[0m[38;2;219;162;219m[48;2;176;113;176m▀[0m[38;2;220;164;219m[48;2;201;137;206m▀[0m[38;2;202;142;207m[48;2;189;122;199m▀[0m[38;2;173;109;179m[48;2;194;125;206m▀[0m[38;2;157;90;161m[48;2;132;78;132m▀[0m[38;2;172;105;179m[48;2;128;75;128m▀[0m[38;2;166;102;171m[48;2;185;116;194m▀[0m[38;2;102;51;96m[48;2;148;87;150m▀[0m[38;2;69;40;61m[48;2;69;37;59m▀[0m 
                             [38;2;60;29;51m▀[0m[38;2;107;55;103m[48;2;67;36;56m▀[0m[38;2;134;80;134m[48;2;64;32;53m▀[0m[38;2;138;85;139m[48;2;62;32;50m▀[0m[38;2;141;87;142m[48;2;55;29;44m▀[0m[38;2;114;65;110m[48;2;107;55;101m▀[0m[38;2;137;81;137m[48;2;160;91;164m▀[0m[38;2;193;125;204m[48;2;178;111;187m▀[0m[38;2;161;102;166m[48;2;169;107;176m▀[0m[38;2;61;31;50m[48;2;100;60;97m▀[0m[38;2;12;15;12m▄[0m
                                   [38;2;128;63;126m[48;2;135;69;132m▀[0m[38;2;164;92;166m[48;2;160;90;162m▀[0m[38;2;190;122;200m[48;2;183;116;192m▀[0m[38;2;168;109;177m[48;2;161;104;169m▀[0m[38;2;13;15;13m[48;2;12;14;12m▀[0m
                                    [38;2;127;65;127m[48;2;132;69;132m▀[0m[38;2;160;89;162m[48;2;161;90;163m▀[0m[38;2;164;106;172m[48;2;164;106;172m▀[0m[38;2;12;14;12m[48;2;12;14;12m▀[0m
                                    [38;2;132;69;132m[48;2;134;70;134m▀[0m[38;2;161;90;163m[48;2;159;88;161m▀[0m[38;2;164;106;172m[48;2;164;106;172m▀[0m[38;2;12;14;12m[48;2;12;14;12m▀[0m
                                   [38;2;58;30;50m[48;2;59;30;50m▀[0m[38;2;113;66;109m[48;2;120;71;116m▀[0m[38;2;188;118;197m[48;2;166;108;175m▀[0m[38;2;172;111;181m[48;2;53;39;55m▀[0m[38;2;13;15;13m[48;2;10;14;10m▀[0m
   [38;2;140;68;140m▄[0m[38;2;127;63;127m[48;2;179;112;179m▀[0m[38;2;138;69;138m[48;2;199;132;199m▀[0m[38;2;137;69;137m[48;2;184;116;185m▀[0m[38;2;133;68;133m[48;2;157;90;161m▀[0m[38;2;130;66;130m▄[0m          [38;2;181;113;190m▄[0m[38;2;176;110;186m[48;2;204;141;210m▀[0m[38;2;177;111;188m[48;2;217;150;223m▀[0m[38;2;190;117;200m[48;2;222;155;226m▀[0m[38;2;181;114;194m[48;2;173;106;174m▀[0m[38;2;116;53;116m▄[0m          [38;2;59;31;50m[48;2;49;27;39m▀[0m[38;2;119;71;116m[48;2;120;72;117m▀[0m[38;2;153;99;161m[48;2;165;106;173m▀[0m[38;2;0;4;0m[48;2;5;10;5m▀[0m 
   [38;2;106;54;101m[48;2;89;48;86m▀[0m[38;2;142;90;143m[48;2;88;48;50m▀[0m[38;2;192;142;194m[48;2;124;83;87m▀[0m[38;2;218;157;221m[48;2;180;124;184m▀[0m[38;2;179;112;188m[48;2;183;117;193m▀[0m[38;2;153;88;156m[48;2;185;117;194m▀[0m[38;2;136;73;136m[48;2;147;78;147m▀[0m[38;2;64;30;55m▄[0m[38;2;55;26;45m▄[0m[38;2;55;26;45m▄[0m[38;2;55;26;45m▄[0m[38;2;55;26;45m▄[0m[38;2;49;22;39m▄[0m[38;2;94;52;91m▄[0m[38;2;139;69;162m[48;2;188;121;196m▀[0m[38;2;188;121;198m[48;2;213;145;220m▀[0m[38;2;210;143;216m[48;2;221;163;220m▀[0m[38;2;220;164;220m[48;2;193;132;199m▀[0m[38;2;158;112;161m[48;2;99;61;47m▀[0m[38;2;198;141;202m[48;2;126;76;121m▀[0m[38;2;189;118;193m[48;2;176;114;189m▀[0m[38;2;150;83;153m[48;2;176;103;180m▀[0m[38;2;136;70;136m[48;2;133;68;133m▀[0m        [38;2;65;39;57m[48;2;61;35;53m▀[0m[38;2;93;49;85m[48;2;121;65;116m▀[0m[38;2;114;66;112m[48;2;109;60;109m▀[0m[38;2;101;68;106m[48;2;0;3;0m▀[0m[38;2;5;9;5m▀[0m 
   [38;2;138;70;157m[48;2;129;60;142m▀[0m[38;2;186;126;85m[48;2;206;158;141m▀[0m[38;2;127;92;22m[48;2;169;142;96m▀[0m[38;2;91;49;100m[48;2;110;67;103m▀[0m[38;2;186;119;196m[48;2;155;98;161m▀[0m[38;2;149;92;153m[48;2;80;47;70m▀[0m[38;2;121;64;119m[48;2;91;56;83m▀[0m[38;2;109;68;101m[48;2;217;160;218m▀[0m[38;2;108;68;100m[48;2;222;164;223m▀[0m[38;2;108;68;101m[48;2;221;163;222m▀[0m[38;2;108;68;101m[48;2;221;163;222m▀[0m[38;2;108;68;100m[48;2;222;163;222m▀[0m[38;2;104;65;95m[48;2;222;163;222m▀[0m[38;2;134;84;132m[48;2;205;144;209m▀[0m[38;2;203;135;213m[48;2;191;127;198m▀[0m[38;2;214;159;213m[48;2;195;139;196m▀[0m[38;2;180;129;177m[48;2;73;39;61m▀[0m[38;2;138;75;108m[48;2;170;126;14m▀[0m[38;2;170;117;9m[48;2;174;128;21m▀[0m[38;2;97;62;24m[48;2;172;123;0m▀[0m[38;2;143;88;140m[48;2;143;83;89m▀[0m[38;2;172;101;179m[48;2;168;100;183m▀[0m[38;2;136;75;136m[48;2;145;91;146m▀[0m[38;2;62;34;48m[48;2;63;33;50m▀[0m[38;2;127;127;127m▄[0m[38;2;143;71;143m▄[0m[38;2;135;71;135m▄[0m[38;2;135;71;135m▄[0m[38;2;143;71;143m▄[0m[38;2;127;127;127m▄[0m[38;2;68;41;55m[48;2;65;37;54m▀[0m[38;2;84;46;76m[48;2;129;69;125m▀[0m[38;2;109;59;105m[48;2;90;52;91m▀[0m[38;2;90;51;90m[48;2;0;5;0m▀[0m[38;2;4;11;4m▀[0m  
    [38;2;122;51;143m[48;2;128;58;142m▀[0m[38;2;199;146;143m[48;2;197;145;141m▀[0m[38;2;185;162;91m[48;2;182;158;92m▀[0m[38;2;88;51;89m[48;2;91;53;92m▀[0m[38;2;227;167;227m[48;2;221;162;221m▀[0m[38;2;218;160;218m[48;2;213;156;213m▀[0m[38;2;213;156;213m[48;2;213;156;213m▀[0m[38;2;213;156;213m[48;2;213;156;213m▀[0m[38;2;213;156;213m[48;2;213;156;213m▀[0m[38;2;213;156;213m[48;2;215;159;215m▀[0m[38;2;214;158;214m[48;2;194;133;200m▀[0m[38;2;195;134;200m[48;2;178;112;187m▀[0m[38;2;188;126;195m[48;2;180;115;189m▀[0m[38;2;209;151;210m[48;2;181;116;190m▀[0m[38;2;172;106;182m[48;2;175;109;184m▀[0m[38;2;143;78;140m[48;2;141;77;137m▀[0m[38;2;230;205;120m[48;2;227;201;116m▀[0m[38;2;236;214;125m[48;2;231;206;115m▀[0m[38;2;182;141;27m[48;2;236;214;113m▀[0m[38;2;142;82;92m[48;2;165;112;128m▀[0m[38;2;168;100;183m[48;2;168;97;180m▀[0m[38;2;139;87;140m[48;2;104;71;110m▀[0m[38;2;56;30;45m[48;2;41;25;40m▀[0m[38;2;168;86;173m[48;2;156;86;158m▀[0m[38;2;154;83;155m[48;2;182;117;192m▀[0m[38;2;146;79;147m[48;2;180;115;189m▀[0m[38;2;146;79;147m[48;2;180;115;189m▀[0m[38;2;154;83;155m[48;2;182;117;192m▀[0m[38;2;162;86;168m[48;2;147;82;149m▀[0m[38;2;68;39;59m[48;2;146;77;146m▀[0m[38;2;120;65;116m[48;2;71;42;71m▀[0m[38;2;87;50;88m[48;2;1;8;1m▀[0m[38;2;3;10;3m▀[0m   
[38;2;166;115;8m[48;2;111;82;5m▀[0m[38;2;170;116;2m[48;2;230;210;160m▀[0m[38;2;157;103;0m[48;2;190;143;39m▀[0m[38;2;146;91;0m▄[0m[38;2;127;63;127m▀[0m[38;2;74;44;59m[48;2;40;20;30m▀[0m[38;2;117;72;108m[48;2;108;63;104m▀[0m[38;2;182;115;191m[48;2;189;121;200m▀[0m[38;2;185;121;194m[48;2;180;115;189m▀[0m[38;2;215;158;215m[48;2;184;120;192m▀[0m[38;2;214;157;214m[48;2;184;120;192m▀[0m[38;2;216;159;215m[48;2;184;120;192m▀[0m[38;2;189;125;195m[48;2;180;115;189m▀[0m[38;2;181;115;189m[48;2;187;120;197m▀[0m[38;2;181;117;190m[48;2;166;101;176m▀[0m[38;2;183;117;192m[48;2;108;59;109m▀[0m[38;2;183;117;193m[48;2;93;47;87m▀[0m[38;2;181;116;190m[48;2;154;87;156m▀[0m[38;2;180;115;189m[48;2;182;117;192m▀[0m[38;2;177;112;185m[48;2;180;115;189m▀[0m[38;2;141;77;138m[48;2;175;109;184m▀[0m[38;2;223;196;116m[48;2;150;90;138m▀[0m[38;2;243;222;113m[48;2;145;86;128m▀[0m[38;2;165;112;127m[48;2;165;102;166m▀[0m[38;2;167;96;179m[48;2;197;125;208m▀[0m[38;2;102;69;107m[48;2;101;67;106m▀[0m[38;2;55;39;57m[48;2;48;35;50m▀[0m[38;2;191;120;199m[48;2;193;123;202m▀[0m[38;2;180;115;189m[48;2;180;115;189m▀[0m[38;2;180;115;189m[48;2;180;115;189m▀[0m[38;2;180;115;189m[48;2;180;115;189m▀[0m[38;2;180;115;189m[48;2;180;115;189m▀[0m[38;2;179;113;187m[48;2;180;115;189m▀[0m[38;2;186;118;196m[48;2;181;116;191m▀[0m[38;2;120;73;118m[48;2;180;115;189m▀[0m[38;2;51;27;40m[48;2;133;81;132m▀[0m[38;2;63;33;52m▄[0m   
[38;2;86;67;4m▀[0m[38;2;120;98;40m[48;2;67;45;0m▀[0m[38;2;226;206;131m[48;2;166;119;143m▀[0m[38;2;174;125;143m[48;2;177;113;178m▀[0m[38;2;126;58;127m[48;2;169;100;177m▀[0m[38;2;145;83;147m[48;2;177;109;185m▀[0m[38;2;169;108;176m[48;2;184;118;194m▀[0m[38;2;181;116;191m[48;2;180;115;189m▀[0m[38;2;180;115;189m[48;2;180;115;189m▀[0m[38;2;179;114;188m[48;2;180;115;189m▀[0m[38;2;179;114;188m[48;2;180;115;189m▀[0m[38;2;179;114;188m[48;2;188;121;198m▀[0m[38;2;193;124;205m[48;2;105;62;111m▀[0m[38;2;111;67;116m[48;2;168;171;181m▀[0m[38;2;118;23;62m[48;2;179;91;112m▀[0m[38;2;169;95;114m[48;2;195;106;125m▀[0m[38;2;170;154;178m[48;2;243;241;247m▀[0m[38;2;168;95;176m[48;2;222;192;227m▀[0m[38;2;181;116;190m[48;2;178;110;188m▀[0m[38;2;180;115;189m[48;2;178;113;187m▀[0m[38;2;188;121;199m[48;2;101;60;97m▀[0m[38;2;182;111;192m[48;2;60;42;73m▀[0m[38;2;180;109;190m[48;2;56;40;71m▀[0m[38;2;200;126;211m[48;2;50;36;64m▀[0m[38;2;100;67;104m[48;2;90;60;106m▀[0m[38;2;73;51;76m[48;2;157;101;178m▀[0m[38;2;164;105;173m[48;2;190;120;212m▀[0m[38;2;183;116;192m[48;2;181;115;199m▀[0m[38;2;180;115;189m[48;2;180;115;188m▀[0m[38;2;180;115;189m[48;2;180;115;189m▀[0m[38;2;180;115;189m[48;2;180;115;189m▀[0m[38;2;180;115;189m[48;2;180;115;189m▀[0m[38;2;180;115;189m[48;2;180;115;189m▀[0m[38;2;180;115;189m[48;2;180;115;189m▀[0m[38;2;189;121;199m[48;2;184;119;194m▀[0m[38;2;139;86;138m[48;2;157;95;161m▀[0m[38;2;57;31;44m[48;2;107;56;102m▀[0m[38;2;74;39;65m▄[0m  
  [38;2;128;58;132m[48;2;134;68;134m▀[0m[38;2;187;122;191m[48;2;191;125;194m▀[0m[38;2;209;150;213m[48;2;206;146;210m▀[0m[38;2;195;133;201m[48;2;179;116;185m▀[0m[38;2;181;115;190m[48;2;160;92;171m▀[0m[38;2;180;115;189m[48;2;177;109;192m▀[0m[38;2;180;115;190m[48;2;178;112;184m▀[0m[38;2;178;111;195m[48;2;191;141;140m▀[0m[38;2;177;108;190m[48;2;208;167;184m▀[0m[38;2;151;84;164m[48;2;184;145;160m▀[0m[38;2;154;57;94m[48;2;235;157;154m▀[0m[38;2;192;101;122m[48;2;209;119;115m▀[0m[38;2;203;70;101m[48;2;216;127;123m▀[0m[38;2;227;139;160m[48;2;246;199;186m▀[0m[38;2;255;255;255m[48;2;242;231;206m▀[0m[38;2;246;238;255m[48;2;215;189;154m▀[0m[38;2;177;107;198m[48;2;164;103;85m▀[0m[38;2;180;114;200m[48;2;168;109;91m▀[0m[38;2;134;83;150m[48;2;173;112;98m▀[0m[38;2;94;64;6m[48;2;205;167;92m▀[0m[38;2;89;61;0m[48;2;217;182;100m▀[0m[38;2;84;58;0m[48;2;219;183;103m▀[0m[38;2;138;91;40m[48;2;212;179;96m▀[0m[38;2;176;114;81m[48;2;207;176;90m▀[0m[38;2;164;107;64m[48;2;210;180;91m▀[0m[38;2;169;110;97m[48;2;192;159;88m▀[0m[38;2;186;118;208m[48;2;136;90;100m▀[0m[38;2;180;115;189m[48;2;181;116;191m▀[0m[38;2;180;115;189m[48;2;180;115;189m▀[0m[38;2;180;115;189m[48;2;180;115;189m▀[0m[38;2;180;115;189m[48;2;180;115;189m▀[0m[38;2;180;115;189m[48;2;181;116;191m▀[0m[38;2;185;120;194m[48;2;170;105;177m▀[0m[38;2;171;102;177m[48;2;157;87;159m▀[0m[38;2;110;58;108m[48;2;98;54;98m▀[0m[38;2;32;22;28m[48;2;1;10;1m▀[0m  
  [38;2;135;70;133m▀[0m[38;2;161;93;169m[48;2;114;63;86m▀[0m[38;2;175;105;192m[48;2;175;117;162m▀[0m[38;2;167;105;153m[48;2;215;174;165m▀[0m[38;2;172;122;132m[48;2;233;214;138m▀[0m[38;2;204;159;192m[48;2;250;239;191m▀[0m[38;2;204;161;180m[48;2;242;229;179m▀[0m[38;2;228;205;131m[48;2;194;176;128m▀[0m[38;2;252;239;186m[48;2;174;162;131m▀[0m[38;2;255;243;191m[48;2;172;161;133m▀[0m[38;2;243;236;189m[48;2;223;203;153m▀[0m[38;2;242;235;189m[48;2;240;222;177m▀[0m[38;2;241;234;187m[48;2;239;223;183m▀[0m[38;2;239;228;183m[48;2;238;223;181m▀[0m[38;2;231;211;160m[48;2;236;219;175m▀[0m[38;2;210;180;108m[48;2;227;206;154m▀[0m[38;2;194;160;66m[48;2;220;196;138m▀[0m[38;2;195;161;69m[48;2;221;198;141m▀[0m[38;2;196;162;66m[48;2;202;187;139m▀[0m[38;2;248;233;191m[48;2;201;185;132m▀[0m[38;2;200;187;138m[48;2;127;96;62m▀[0m[38;2;183;169;115m[48;2;107;70;43m▀[0m[38;2;186;171;118m[48;2;111;75;46m▀[0m[38;2;186;171;118m[48;2;111;75;46m▀[0m[38;2;189;175;120m[48;2;108;72;40m▀[0m[38;2;172;153;104m[48;2;126;83;78m▀[0m[38;2;126;85;74m[48;2;189;120;210m▀[0m[38;2;181;116;192m[48;2;181;116;190m▀[0m[38;2;180;115;189m[48;2;180;115;189m▀[0m[38;2;180;115;189m[48;2;180;115;189m▀[0m[38;2;180;115;189m[48;2;182;117;192m▀[0m[38;2;185;120;195m[48;2;175;110;183m▀[0m[38;2;156;91;160m[48;2;151;86;154m▀[0m[38;2;141;72;140m[48;2;144;75;143m▀[0m[38;2;101;56;101m[48;2;100;55;100m▀[0m[38;2;5;11;5m[48;2;0;8;0m▀[0m  
   [38;2;79;57;0m▀[0m[38;2;172;154;87m[48;2;87;64;0m▀[0m[38;2;226;210;159m[48;2;101;76;8m▀[0m[38;2;210;193;147m[48;2;106;85;24m▀[0m[38;2;210;192;145m[48;2;103;81;19m▀[0m[38;2;200;182;133m[48;2;125;106;52m▀[0m[38;2;112;93;39m[48;2;255;255;255m▀[0m[38;2;18;18;20m[48;2;101;101;101m▀[0m[38;2;0;0;2m[48;2;23;23;23m▀[0m[38;2;128;106;56m[48;2;0;0;6m▀[0m[38;2;219;196;140m[48;2;130;106;54m▀[0m[38;2;240;223;180m[48;2;228;203;143m▀[0m[38;2;240;225;185m[48;2;241;226;187m▀[0m[38;2;230;210;161m[48;2;238;223;181m▀[0m[38;2;199;165;87m[48;2;241;227;188m▀[0m[38;2;170;124;22m[48;2;239;223;179m▀[0m[38;2;165;117;13m[48;2;206;172;104m▀[0m[38;2;106;73;29m[48;2;187;120;197m▀[0m[38;2;100;69;23m[48;2;181;112;195m▀[0m[38;2;169;109;167m[48;2;179;114;189m▀[0m[38;2;188;119;208m[48;2;182;118;190m▀[0m[38;2;185;117;201m[48;2;184;120;192m▀[0m[38;2;185;117;201m[48;2;182;118;191m▀[0m[38;2;187;119;203m[48;2;176;112;184m▀[0m[38;2;187;119;201m[48;2;172;109;180m▀[0m[38;2;178;114;187m[48;2;176;111;184m▀[0m[38;2;171;105;181m[48;2;143;82;132m▀[0m[38;2;182;116;191m[48;2;167;105;175m▀[0m[38;2;182;117;191m[48;2;178;113;186m▀[0m[38;2;177;112;185m[48;2;145;80;147m▀[0m[38;2;147;82;149m[48;2;137;71;136m▀[0m[38;2;136;71;135m[48;2;139;74;139m▀[0m[38;2;145;77;145m[48;2;139;74;139m▀[0m[38;2;109;60;109m[48;2;146;77;146m▀[0m[38;2;29;22;29m[48;2;120;66;120m▀[0m[38;2;6;12;6m[48;2;7;11;7m▀[0m 
     [38;2;203;205;210m[48;2;255;255;255m▀[0m[38;2;239;240;242m[48;2;199;202;199m▀[0m[38;2;255;255;255m[48;2;232;232;232m▀[0m[38;2;255;255;255m[48;2;255;255;255m▀[0m[38;2;250;250;250m[48;2;251;251;251m▀[0m[38;2;96;96;96m[48;2;97;97;97m▀[0m[38;2;22;22;22m[48;2;22;22;22m▀[0m[38;2;9;10;15m[48;2;7;9;14m▀[0m[38;2;59;43;0m[48;2;62;48;3m▀[0m[38;2;179;158;101m[48;2;160;130;54m▀[0m[38;2;247;231;190m[48;2;228;202;141m▀[0m[38;2;238;222;180m[48;2;240;226;186m▀[0m[38;2;239;223;182m[48;2;239;223;182m▀[0m[38;2;235;217;170m[48;2;236;218;172m▀[0m[38;2;204;169;99m[48;2;201;168;95m▀[0m[38;2;176;113;180m[48;2;20;20;16m▀[0m[38;2;139;74;140m[48;2;119;61;120m▀[0m[38;2;169;104;177m[48;2;200;140;201m▀[0m[38;2;205;146;208m[48;2;216;159;216m▀[0m[38;2;218;162;217m[48;2;213;156;213m▀[0m[38;2;205;144;210m[48;2;224;164;224m▀[0m[38;2;139;86;142m[48;2;143;106;148m▀[0m[38;2;83;47;79m[48;2;41;38;20m▀[0m[38;2;191;129;183m[48;2;215;179;103m▀[0m[38;2;204;172;94m[48;2;206;173;99m▀[0m[38;2;78;47;62m[48;2;208;175;100m▀[0m[38;2;128;67;127m[48;2;89;56;69m▀[0m[38;2;138;73;138m[48;2;68;37;61m▀[0m[38;2;138;74;138m[48;2;119;65;117m▀[0m[38;2;139;74;139m[48;2;143;76;143m▀[0m[38;2;139;74;139m[48;2;139;74;139m▀[0m[38;2;144;76;144m[48;2;139;74;139m▀[0m[38;2;115;63;115m[48;2;142;75;142m▀[0m[38;2;13;14;13m[48;2;123;65;124m▀[0m[38;2;0;25;0m[48;2;13;15;13m▀[0m
     [38;2;58;32;46m▄[0m[38;2;59;24;48m[48;2;94;49;86m▀[0m[38;2;113;87;105m[48;2;137;74;136m▀[0m[38;2;220;225;220m[48;2;149;94;150m▀[0m[38;2;206;209;206m[48;2;146;91;144m▀[0m[38;2;23;24;27m[48;2;85;64;10m▀[0m[38;2;0;4;7m[48;2;164;143;74m▀[0m[38;2;173;69;89m[48;2;227;104;118m▀[0m[38;2;231;88;119m[48;2;245;85;134m▀[0m[38;2;186;99;43m[48;2;187;92;39m▀[0m[38;2;194;166;80m[48;2;188;159;67m▀[0m[38;2;242;229;192m[48;2;255;242;203m▀[0m[38;2;245;229;185m[48;2;212;199;161m▀[0m[38;2;225;210;169m[48;2;33;32;29m▀[0m[38;2;25;23;20m[48;2;6;0;13m▀[0m[38;2;65;35;56m[48;2;71;38;62m▀[0m[38;2;193;138;193m[48;2;200;145;199m▀[0m[38;2;215;158;215m[48;2;216;159;216m▀[0m[38;2;213;156;213m[48;2;213;156;213m▀[0m[38;2;212;156;212m[48;2;224;165;224m▀[0m[38;2;228;167;228m[48;2;136;102;141m▀[0m[38;2;148;110;154m[48;2;45;37;21m▀[0m[38;2;40;38;21m[48;2;104;79;10m▀[0m[38;2;210;175;97m[48;2;114;88;20m▀[0m[38;2;108;82;13m[48;2;82;62;0m▀[0m[38;2;112;87;15m[48;2;89;62;0m▀[0m[38;2;92;69;28m[48;2;0;0;0m▀[0m[38;2;56;28;56m▀[0m[38;2;72;40;62m[48;2;117;58;78m▀[0m[38;2;122;66;117m[48;2;13;3;23m▀[0m[38;2;144;75;147m[48;2;104;84;70m▀[0m[38;2;133;66;144m[48;2;199;154;84m▀[0m[38;2;155;95;138m[48;2;170;120;34m▀[0m[38;2;183;153;89m[48;2;190;162;97m▀[0m[38;2;12;12;14m[48;2;12;12;14m▀[0m
    [38;2;71;41;60m[48;2;12;7;34m▀[0m[38;2;103;54;104m[48;2;86;57;38m▀[0m[38;2;134;70;141m[48;2;158;94;78m▀[0m[38;2;141;75;141m[48;2;133;66;148m▀[0m[38;2;137;70;138m[48;2;140;75;140m▀[0m[38;2;136;71;133m[48;2;142;76;142m▀[0m[38;2;101;76;5m[48;2;88;54;54m▀[0m[38;2;208;177;99m[48;2;131;103;37m▀[0m[38;2;188;124;45m[48;2;190;153;59m▀[0m[38;2;170;93;17m[48;2;220;190;111m▀[0m[38;2;198;152;84m[48;2;255;238;182m▀[0m[38;2;249;231;179m[48;2;192;181;152m▀[0m[38;2;201;188;155m[48;2;61;58;47m▀[0m[38;2;47;45;37m[48;2;0;0;0m▀[0m[38;2;0;0;0m[48;2;113;56;85m▀[0m[38;2;79;44;70m▄[0m[38;2;60;29;50m[48;2;164;115;161m▀[0m[38;2;198;143;197m[48;2;209;153;209m▀[0m[38;2;216;159;216m[48;2;214;157;214m▀[0m[38;2;213;156;213m[48;2;215;160;215m▀[0m[38;2;228;168;227m[48;2;221;155;225m▀[0m[38;2;125;95;126m[48;2;122;84;126m▀[0m[38;2;3;5;0m[48;2;0;2;0m▀[0m[38;2;112;86;4m▀[0m[38;2;83;58;0m▀[0m    [38;2;0;0;3m[48;2;5;6;14m▀[0m[38;2;113;99;62m[48;2;99;80;34m▀[0m[38;2;157;130;60m[48;2;100;80;27m▀[0m[38;2;151;121;42m[48;2;85;65;19m▀[0m[38;2;205;165;74m[48;2;177;133;37m▀[0m[38;2;165;121;24m[48;2;51;38;9m▀[0m[38;2;14;15;17m[48;2;12;15;15m▀[0m
   [38;2;0;7;18m[48;2;0;2;13m▀[0m[38;2;61;44;2m[48;2;129;101;38m▀[0m[38;2;148;114;23m[48;2;175;139;60m▀[0m[38;2;203;159;79m[48;2;151;132;78m▀[0m[38;2;169;117;126m[48;2;207;169;106m▀[0m[38;2;139;72;142m[48;2;99;51;101m▀[0m[38;2;104;56;98m[48;2;63;36;53m▀[0m[38;2;73;37;75m▀[0m[38;2;75;52;0m▀[0m[38;2;93;78;44m[48;2;0;0;7m▀[0m[38;2;116;108;88m[48;2;0;0;0m▀[0m[38;2;124;118;101m[48;2;0;0;0m▀[0m[38;2;77;72;60m[48;2;0;0;0m▀[0m[38;2;0;0;0m▀[0m [38;2;54;27;54m[48;2;36;0;18m▀[0m[38;2;78;42;79m[48;2;117;73;33m▀[0m[38;2;217;158;225m[48;2;205;159;150m▀[0m[38;2;217;160;217m[48;2;198;138;203m▀[0m[38;2;216;161;216m[48;2;198;137;205m▀[0m[38;2;209;146;212m[48;2;204;132;213m▀[0m[38;2;137;92;142m[48;2;85;57;89m▀[0m[38;2;59;39;63m[48;2;0;0;0m▀[0m[38;2;0;6;0m▀[0m      [38;2;6;10;20m▀[0m[38;2;39;31;9m[48;2;3;9;15m▀[0m[38;2;31;26;10m[48;2;7;7;17m▀[0m[38;2;44;34;13m[48;2;0;0;18m▀[0m[38;2;69;49;9m[48;2;0;4;17m▀[0m[38;2;0;0;18m▀[0m 
   [38;2;0;0;6m▀[0m[38;2;105;90;59m[48;2;0;0;6m▀[0m[38;2;90;78;51m[48;2;0;0;7m▀[0m[38;2;46;40;27m[48;2;0;0;6m▀[0m[38;2;131;107;69m[48;2;0;0;6m▀[0m[38;2;58;29;52m▀[0m       [38;2;170;109;0m▄[0m[38;2;113;56;0m[48;2;191;139;30m▀[0m[38;2;174;122;7m[48;2;213;168;70m▀[0m[38;2;204;167;76m[48;2;224;201;147m▀[0m[38;2;217;192;116m[48;2;248;232;192m▀[0m[38;2;188;138;146m[48;2;223;199;120m▀[0m[38;2;188;120;192m[48;2;163;115;147m▀[0m[38;2;150;96;160m[48;2;50;35;56m▀[0m[38;2;70;47;73m[48;2;0;0;0m▀[0m[38;2;0;2;0m▀[0m              
                [38;2;130;86;2m[48;2;6;10;17m▀[0m[38;2;173;133;46m[48;2;2;4;11m▀[0m[38;2;207;192;158m[48;2;31;30;27m▀[0m[38;2;175;130;28m[48;2;219;207;172m▀[0m[38;2;200;186;149m[48;2;6;6;8m▀[0m[38;2;253;237;196m[48;2;204;190;155m▀[0m[38;2;55;56;43m[48;2;65;63;53m▀[0m[38;2;0;0;0m[48;2;0;0;0m▀[0m                
                  [38;2;10;10;10m▀[0m[38;2;12;12;13m▀[0m [38;2;11;11;12m▀[0m[38;2;14;14;14m▀[0m                 
[0m