                    [38;2;40;161;187m[48;2;45;173;187m▀[0m[38;2;38;168;187m[48;2;66;195;202m▀[0m[38;2;27;166;188m▄[0m                 
                   [38;2;35;162;184m[48;2;29;170;192m▀[0m[38;2;60;189;196m[48;2;88;188;185m▀[0m[38;2;85;205;203m[48;2;96;204;193m▀[0m[38;2;50;175;189m[48;2;56;178;188m▀[0m[38;2;0;127;255m[48;2;0;153;204m▀[0m                
                  [38;2;0;153;204m[48;2;0;85;170m▀[0m[38;2;45;186;200m[48;2;50;187;199m▀[0m[38;2;154;113;82m[48;2;160;109;74m▀[0m[38;2;113;147;128m[48;2;122;102;78m▀[0m[38;2;54;183;193m[48;2;54;186;196m▀[0m[38;2;0;153;204m[48;2;0;153;204m▀[0m                
                  [38;2;37;180;200m[48;2;35;180;200m▀[0m[38;2;96;172;163m[48;2;125;162;143m▀[0m[38;2;200;96;42m[48;2;230;86;18m▀[0m[38;2;119;110;88m[48;2;134;117;90m▀[0m[38;2;54;186;196m[48;2;53;185;196m▀[0m[38;2;0;153;204m[48;2;0;170;255m▀[0m                
                 [38;2;34;168;185m[48;2;30;171;193m▀[0m[38;2;63;196;203m[48;2;73;193;195m▀[0m[38;2;132;154;130m[48;2;184;92;43m▀[0m[38;2;234;90;21m[48;2;246;114;36m▀[0m[38;2;167;128;89m[48;2;202;124;68m▀[0m[38;2;51;189;200m[48;2;94;191;185m▀[0m[38;2;30;165;180m[48;2;37;174;192m▀[0m                
              [38;2;37;168;187m▄[0m[38;2;39;168;186m[48;2;64;196;200m▀[0m[38;2;48;188;204m[48;2;120;168;148m▀[0m[38;2;75;191;191m[48;2;167;120;79m▀[0m[38;2;97;169;159m[48;2;222;91;27m▀[0m[38;2;167;87;43m[48;2;238;114;41m▀[0m[38;2;244;118;42m[48;2;240;117;42m▀[0m[38;2;230;93;25m[48;2;233;104;32m▀[0m[38;2;120;146;127m[48;2;184;85;34m▀[0m[38;2;64;200;205m[48;2;99;160;147m▀[0m[38;2;35;168;186m[48;2;69;197;201m▀[0m[38;2;40;170;188m▄[0m              
             [38;2;23;162;185m[48;2;62;183;188m▀[0m[38;2;69;192;194m[48;2;83;202;199m▀[0m[38;2;133;164;139m[48;2;195;136;108m▀[0m[38;2;231;151;115m[48;2;251;182;150m▀[0m[38;2;253;207;187m[48;2;255;197;166m▀[0m[38;2;246;133;67m[48;2;240;122;51m▀[0m[38;2;238;114;38m[48;2;242;112;35m▀[0m[38;2;231;106;35m[48;2;220;143;100m▀[0m[38;2;236;137;75m[48;2;187;213;243m▀[0m[38;2;247;120;47m[48;2;176;148;152m▀[0m[38;2;163;80;32m[48;2;250;114;34m▀[0m[38;2;69;141;134m[48;2;122;72;41m▀[0m[38;2;65;192;198m[48;2;81;197;195m▀[0m[38;2;25;165;191m[48;2;50;176;189m▀[0m             
             [38;2;60;186;189m[48;2;55;182;185m▀[0m[38;2;45;131;185m[48;2;63;151;213m▀[0m[38;2;73;120;202m[48;2;40;91;185m▀[0m[38;2;211;126;80m[48;2;202;127;84m▀[0m[38;2;240;112;37m[48;2;239;110;33m▀[0m[38;2;242;117;41m[48;2;241;113;35m▀[0m[38;2;206;89;23m[48;2;222;140;86m▀[0m[38;2;156;145;158m[48;2;40;92;177m▀[0m[38;2;21;83;191m[48;2;0;57;176m▀[0m[38;2;179;192;222m[48;2;88;94;119m▀[0m[38;2;252;128;50m[48;2;226;101;33m▀[0m[38;2;219;101;34m[48;2;196;80;23m▀[0m[38;2;94;123;109m[48;2;48;94;91m▀[0m[38;2;53;185;196m[48;2;57;188;198m▀[0m             
            [38;2;0;141;198m▄[0m[38;2;47;179;189m[48;2;43;178;197m▀[0m[38;2;154;189;186m[48;2;80;169;165m▀[0m[38;2;163;178;221m[48;2;169;104;71m▀[0m[38;2;237;142;82m[48;2;190;77;26m▀[0m[38;2;241;114;36m[48;2;211;103;40m▀[0m[38;2;241;112;35m[48;2;198;99;38m▀[0m[38;2;255;154;89m[48;2;140;60;20m▀[0m[38;2;148;167;212m[48;2;190;109;72m▀[0m[38;2;97;123;173m[48;2;162;90;59m▀[0m[38;2;148;78;49m[48;2;193;70;20m▀[0m[38;2;198;72;20m[48;2;206;75;23m▀[0m[38;2;177;59;14m[48;2;144;65;31m▀[0m[38;2;50;93;89m[48;2;62;164;167m▀[0m[38;2;57;188;198m[48;2;46;179;195m▀[0m             
    [38;2;34;173;197m▄[0m[38;2;42;174;191m▄[0m[38;2;50;180;193m▄[0m[38;2;80;190;199m▄[0m[38;2;10;161;182m[48;2;115;204;201m▀[0m[38;2;29;176;195m[48;2;110;211;211m▀[0m[38;2;29;167;186m[48;2;146;229;227m▀[0m[38;2;34;170;188m[48;2;138;230;228m▀[0m[38;2;56;180;189m[48;2;79;203;201m▀[0m[38;2;71;191;193m[48;2;59;180;187m▀[0m[38;2;89;206;199m[48;2;51;179;191m▀[0m[38;2;65;91;81m[48;2;56;181;190m▀[0m[38;2;169;56;13m[48;2;59;102;99m▀[0m[38;2;148;58;23m[48;2;149;74;41m▀[0m[38;2;100;43;20m[48;2;184;61;15m▀[0m[38;2;185;70;24m[48;2;197;73;23m▀[0m[38;2;194;69;18m[48;2;199;75;24m▀[0m[38;2;198;71;20m[48;2;189;67;19m▀[0m[38;2;206;74;21m[48;2;135;68;38m▀[0m[38;2;170;56;13m[48;2;65;101;94m▀[0m[38;2;69;96;86m[48;2;55;181;190m▀[0m[38;2;80;205;204m[48;2;52;179;190m▀[0m[38;2;47;181;198m[48;2;72;194;197m▀[0m[38;2;31;165;187m[48;2;71;188;190m▀[0m[38;2;51;182;195m▄[0m[38;2;34;169;181m▄[0m[38;2;17;171;195m▄[0m[38;2;18;163;182m▄[0m        
    [38;2;39;171;191m▀[0m[38;2;49;180;194m[48;2;48;170;188m▀[0m[38;2;91;210;202m[48;2;48;178;190m▀[0m[38;2;143;228;220m[48;2;69;187;188m▀[0m[38;2;248;255;255m[48;2;106;208;203m▀[0m[38;2;226;249;246m[48;2;76;196;202m▀[0m[38;2;145;222;221m[48;2;26;168;185m▀[0m[38;2;69;187;194m[48;2;0;153;187m▀[0m[38;2;37;171;190m▀[0m[38;2;0;139;185m▀[0m [38;2;37;179;207m▀[0m[38;2;37;192;213m[48;2;42;171;186m▀[0m[38;2;74;169;170m[48;2;81;207;205m▀[0m[38;2;74;114;105m[48;2;114;124;105m▀[0m[38;2;162;70;31m[48;2;188;67;20m▀[0m[38;2;202;71;20m[48;2;202;74;22m▀[0m[38;2;121;78;53m[48;2;154;64;27m▀[0m[38;2;72;180;176m[48;2;88;161;151m▀[0m[38;2;59;194;203m[48;2;69;198;202m▀[0m[38;2;28;170;198m[48;2;31;165;187m▀[0m [38;2;48;174;186m▀[0m[38;2;66;192;197m[48;2;21;160;189m▀[0m[38;2;96;209;203m[48;2;58;181;190m▀[0m[38;2;156;227;226m[48;2;105;213;212m▀[0m[38;2;89;199;205m[48;2;191;235;230m▀[0m[38;2;51;177;186m[48;2;212;250;247m▀[0m[38;2;30;174;193m[48;2;135;222;220m▀[0m[38;2;17;161;178m[48;2;104;204;208m▀[0m[38;2;54;180;191m▄[0m[38;2;33;167;183m▄[0m    
      [38;2;17;158;184m▄[0m[38;2;29;163;185m[48;2;32;175;194m▀[0m[38;2;48;179;190m[48;2;60;184;185m▀[0m[38;2;80;200;196m[48;2;145;219;213m▀[0m[38;2;57;185;191m[48;2;174;235;230m▀[0m[38;2;37;170;189m[48;2;83;200;198m▀[0m[38;2;45;177;190m▄[0m[38;2;30;164;190m▄[0m  [38;2;41;172;187m▀[0m[38;2;69;192;195m[48;2;41;168;189m▀[0m[38;2;100;161;149m[48;2;46;184;199m▀[0m[38;2;164;72;34m[48;2;90;189;181m▀[0m[38;2;199;74;24m[48;2;101;187;175m▀[0m[38;2;119;84;60m[48;2;78;192;192m▀[0m[38;2;75;184;181m[48;2;44;178;195m▀[0m[38;2;60;188;196m[48;2;0;139;162m▀[0m[38;2;28;170;188m▀[0m   [38;2;0;141;170m▀[0m[38;2;26;167;185m[48;2;11;150;185m▀[0m[38;2;69;186;191m[48;2;33;174;192m▀[0m[38;2;148;222;216m[48;2;64;188;187m▀[0m[38;2;238;251;249m[48;2;100;201;192m▀[0m[38;2;175;237;228m[48;2;83;197;193m▀[0m[38;2;91;208;202m[48;2;51;183;195m▀[0m[38;2;53;186;199m[48;2;49;175;190m▀[0m[38;2;37;172;187m[48;2;36;170;194m▀[0m   
   [38;2;25;163;185m▄[0m[38;2;0;0;255m[48;2;42;177;190m▀[0m[38;2;37;171;187m[48;2;106;213;210m▀[0m[38;2;66;188;195m[48;2;113;213;205m▀[0m[38;2;101;210;209m[48;2;241;252;250m▀[0m[38;2;185;236;230m[48;2;255;255;255m▀[0m[38;2;255;255;255m[48;2;199;238;234m▀[0m[38;2;255;255;255m[48;2;191;236;232m▀[0m[38;2;208;242;238m[48;2;155;229;221m▀[0m[38;2;111;214;210m[48;2;83;198;195m▀[0m[38;2;68;190;192m[48;2;75;200;202m▀[0m[38;2;47;174;188m[48;2;55;180;189m▀[0m[38;2;0;170;170m[48;2;17;170;204m▀[0m  [38;2;43;174;189m[48;2;18;163;182m▀[0m[38;2;86;202;198m[48;2;60;181;189m▀[0m[38;2;91;205;198m[48;2;79;196;195m▀[0m[38;2;54;183;193m[48;2;38;170;188m▀[0m[38;2;15;159;191m▀[0m   [38;2;47;174;186m▄[0m[38;2;12;153;191m[48;2;60;184;192m▀[0m[38;2;40;171;187m[48;2;94;201;197m▀[0m[38;2;59;185;191m[48;2;189;240;235m▀[0m[38;2;102;209;208m[48;2;253;255;255m▀[0m[38;2;189;237;230m[48;2;255;255;255m▀[0m[38;2;97;203;199m[48;2;156;221;216m▀[0m[38;2;44;174;186m[48;2;64;188;188m▀[0m[38;2;39;170;187m▄[0m     
[38;2;32;168;189m▄[0m[38;2;12;153;191m[48;2;59;184;192m▀[0m[38;2;37;173;189m[48;2;77;201;201m▀[0m[38;2;82;198;200m[48;2;136;224;216m▀[0m[38;2;157;227;225m[48;2;148;221;227m▀[0m[38;2;219;246;241m[48;2;80;195;200m▀[0m[38;2;147;217;210m[48;2;69;192;196m▀[0m[38;2;113;210;206m[48;2;41;173;186m▀[0m[38;2;118;217;213m[48;2;30;172;189m▀[0m[38;2;75;194;191m[48;2;39;171;187m▀[0m[38;2;44;175;185m▀[0m[38;2;51;183;193m▀[0m[38;2;49;175;188m▀[0m[38;2;29;175;196m▀[0m[38;2;25;165;178m▀[0m   [38;2;0;159;159m▀[0m[38;2;58;180;188m[48;2;37;170;185m▀[0m[38;2;56;178;187m[48;2;37;170;185m▀[0m[38;2;0;0;255m▀[0m    [38;2;41;173;189m▀[0m[38;2;70;192;194m[48;2;34;165;187m▀[0m[38;2;94;205;200m[48;2;46;181;195m▀[0m[38;2;167;229;222m[48;2;63;189;194m▀[0m[38;2;230;248;245m[48;2;66;189;191m▀[0m[38;2;249;253;253m[48;2;136;217;212m▀[0m[38;2;255;255;255m[48;2;192;236;231m▀[0m[38;2;165;225;220m[48;2;201;239;235m▀[0m[38;2;71;193;193m[48;2;126;212;204m▀[0m[38;2;30;167;185m[48;2;109;206;208m▀[0m[38;2;23;164;182m▄[0m   
[38;2;39;171;188m▀[0m[38;2;50;178;190m▀[0m[38;2;55;180;191m▀[0m[38;2;45;174;186m▀[0m[38;2;0;147;170m▀[0m[38;2;17;160;183m▀[0m[38;2;29;171;195m▀[0m                      [38;2;23;166;195m▀[0m[38;2;41;171;188m▀[0m[38;2;45;178;190m▀[0m[38;2;74;191;191m[48;2;34;166;187m▀[0m[38;2;83;199;196m[48;2;38;172;190m▀[0m[38;2;189;232;229m[48;2;54;183;191m▀[0m[38;2;239;251;249m[48;2;123;210;210m▀[0m[38;2;115;208;210m[48;2;173;235;229m▀[0m[38;2;32;166;180m[48;2;99;207;206m▀[0m[38;2;38;171;188m▄[0m 
                                 [38;2;51;153;178m▀[0m[38;2;28;170;198m▀[0m[38;2;32;169;184m▀[0m[38;2;56;186;195m[48;2;14;155;184m▀[0m[38;2;89;205;203m[48;2;36;177;195m▀[0m[38;2;78;194;193m[48;2;60;181;188m▀[0m[38;2;49;175;187m[48;2;50;183;197m▀[0m
[0m