[38;2;40;20;20m[48;2;0;0;0m▀[0m[38;2;49;16;15m[48;2;13;2;0m▀[0m[38;2;51;15;13m[48;2;73;23;20m▀[0m[38;2;49;0;9m[48;2;109;31;52m▀[0m[38;2;49;0;9m[48;2;107;30;51m▀[0m[38;2;51;15;12m[48;2;61;19;13m▀[0m[38;2;53;17;17m[48;2;50;14;12m▀[0m[38;2;53;10;10m[48;2;53;10;21m▀[0m       [38;2;0;0;0m▄[0m[38;2;0;0;0m▄[0m [38;2;0;0;0m▄[0m[38;2;0;0;0m[48;2;14;3;1m▀[0m[38;2;0;0;0m[48;2;8;2;1m▀[0m[38;2;0;0;0m[48;2;0;0;0m▀[0m                  
 [38;2;0;0;0m[48;2;44;4;14m▀[0m[38;2;59;24;38m[48;2;105;29;52m▀[0m[38;2;196;93;103m[48;2;192;100;97m▀[0m[38;2;214;101;112m[48;2;215;111;109m▀[0m[38;2;152;64;92m[48;2;181;74;109m▀[0m[38;2;39;15;17m[48;2;48;23;32m▀[0m[38;2;40;10;10m[48;2;0;0;0m▀[0m       [38;2;1;0;0m[48;2;2;0;0m▀[0m[38;2;22;5;2m[48;2;77;16;8m▀[0m[38;2;0;0;0m▄[0m[38;2;0;0;0m[48;2;56;12;4m▀[0m[38;2;38;8;4m[48;2;42;9;4m▀[0m[38;2;41;9;4m[48;2;26;5;2m▀[0m[38;2;0;0;0m[48;2;0;0;0m▀[0m                  
 [38;2;93;0;26m▀[0m[38;2;127;44;66m[48;2;0;0;0m▀[0m[38;2;76;27;44m[48;2;0;0;0m▀[0m[38;2;159;53;85m[48;2;72;22;31m▀[0m[38;2;106;34;42m[48;2;85;20;15m▀[0m[38;2;3;0;0m[48;2;6;0;0m▀[0m[38;2;0;0;0m[48;2;0;0;0m▀[0m       [38;2;2;0;0m▀[0m[38;2;31;7;3m[48;2;1;0;0m▀[0m[38;2;34;6;2m[48;2;112;35;36m▀[0m[38;2;23;1;0m[48;2;150;68;91m▀[0m[38;2;50;11;5m[48;2;17;4;1m▀[0m[38;2;0;0;0m[48;2;0;0;0m▀[0m                   
[38;2;0;0;0m▄[0m[38;2;0;0;0m▄[0m[38;2;32;0;0m▄[0m[38;2;2;2;0m[48;2;144;99;53m▀[0m[38;2;0;1;0m[48;2;91;87;43m▀[0m[38;2;163;73;97m[48;2;129;37;65m▀[0m[38;2;202;71;103m[48;2;140;36;64m▀[0m[38;2;18;4;8m[48;2;8;1;3m▀[0m[38;2;0;0;0m[48;2;0;0;0m▀[0m [38;2;85;42;42m▄[0m[38;2;72;39;28m▄[0m[38;2;0;0;0m[48;2;60;26;21m▀[0m[38;2;33;10;10m▄[0m[38;2;65;25;29m▄[0m[38;2;0;0;0m[48;2;109;20;47m▀[0m[38;2;0;0;0m[48;2;68;24;26m▀[0m[38;2;34;10;9m[48;2;47;9;2m▀[0m[38;2;78;24;25m[48;2;1;0;0m▀[0m[38;2;0;0;0m[48;2;42;0;0m▀[0m[38;2;51;0;0m▄[0m                   
[38;2;0;0;0m[48;2;0;0;0m▀[0m[38;2;3;1;0m[48;2;14;2;2m▀[0m[38;2;17;4;2m[48;2;62;14;7m▀[0m[38;2;41;21;12m[48;2;38;5;2m▀[0m[38;2;102;60;34m[48;2;45;25;14m▀[0m[38;2;41;21;11m[48;2;82;27;15m▀[0m[38;2;0;0;0m[48;2;15;2;1m▀[0m[38;2;0;0;0m[48;2;0;0;0m▀[0m  [38;2;74;29;16m[48;2;78;13;6m▀[0m[38;2;158;115;62m[48;2;86;19;10m▀[0m[38;2;91;80;42m[48;2;24;7;1m▀[0m[38;2;13;3;6m[48;2;80;15;35m▀[0m[38;2;191;80;113m[48;2;157;46;80m▀[0m[38;2;153;66;73m[48;2;217;155;105m▀[0m[38;2;226;98;133m[48;2;236;90;126m▀[0m[38;2;43;20;26m[48;2;196;78;109m▀[0m[38;2;31;4;2m[48;2;42;1;0m▀[0m[38;2;103;38;20m[48;2;111;80;42m▀[0m[38;2;87;46;23m[48;2;88;82;44m▀[0m[38;2;0;0;0m[48;2;0;0;0m▀[0m                  
 [38;2;0;0;0m▀[0m[38;2;0;0;0m▀[0m[38;2;26;6;2m[48;2;0;0;0m▀[0m[38;2;17;2;1m[48;2;0;0;0m▀[0m[38;2;54;11;6m[48;2;21;4;0m▀[0m[38;2;5;0;0m[48;2;129;59;77m▀[0m[38;2;0;0;0m[48;2;30;13;18m▀[0m  [38;2;39;6;3m[48;2;0;0;0m▀[0m[38;2;76;36;20m[48;2;47;29;16m▀[0m[38;2;43;28;15m[48;2;48;29;16m▀[0m[38;2;34;4;15m[48;2;24;4;0m▀[0m[38;2;168;68;87m[48;2;23;2;0m▀[0m[38;2;217;65;106m[48;2;80;24;37m▀[0m[38;2;146;64;88m[48;2;0;0;0m▀[0m[38;2;65;11;22m[48;2;42;15;12m▀[0m[38;2;0;0;0m▀[0m[38;2;0;0;0m▀[0m[38;2;0;0;0m▀[0m                   
   [38;2;0;0;0m▄[0m[38;2;129;24;52m[48;2;142;55;86m▀[0m[38;2;82;10;34m[48;2;229;153;118m▀[0m[38;2;208;68;109m[48;2;215;178;101m▀[0m[38;2;17;7;9m[48;2;178;67;86m▀[0m[38;2;0;0;0m[48;2;191;85;117m▀[0m[38;2;0;0;0m▄[0m[38;2;0;0;0m[48;2;0;0;0m▀[0m[38;2;41;14;8m[48;2;32;6;3m▀[0m[38;2;33;12;6m[48;2;75;15;8m▀[0m[38;2;55;11;6m[48;2;28;6;3m▀[0m[38;2;16;4;2m[48;2;9;3;0m▀[0m[38;2;0;0;0m▀[0m                        
 [38;2;77;33;27m[48;2;55;5;5m▀[0m[38;2;51;24;18m[48;2;83;30;16m▀[0m[38;2;1;1;1m[48;2;47;25;9m▀[0m[38;2;71;11;34m[48;2;134;57;81m▀[0m[38;2;204;151;100m[48;2;239;91;129m▀[0m[38;2;229;168;61m[48;2;196;59;92m▀[0m[38;2;145;45;60m[48;2;253;111;151m▀[0m[38;2;225;100;136m[48;2;80;19;18m▀[0m[38;2;0;0;0m[48;2;2;0;0m▀[0m[38;2;21;4;2m[48;2;33;7;3m▀[0m[38;2;81;17;9m[48;2;79;17;9m▀[0m[38;2;37;8;4m[48;2;30;6;3m▀[0m[38;2;2;0;0m[48;2;0;0;0m▀[0m[38;2;0;0;0m▄[0m[38;2;0;0;0m[48;2;17;14;7m▀[0m[38;2;0;0;0m[48;2;19;15;8m▀[0m[38;2;0;0;0m[48;2;14;11;6m▀[0m[38;2;0;0;0m[48;2;0;0;0m▀[0m                     
 [38;2;0;0;0m▀[0m[38;2;17;3;1m[48;2;0;0;0m▀[0m[38;2;72;20;9m[48;2;51;29;19m▀[0m[38;2;74;15;19m[48;2;70;41;24m▀[0m[38;2;164;68;98m[48;2;0;0;0m▀[0m[38;2;131;46;61m[48;2;39;23;11m▀[0m[38;2;175;75;105m[48;2;36;30;11m▀[0m[38;2;75;14;34m[48;2;43;34;17m▀[0m[38;2;4;0;0m[48;2;34;26;14m▀[0m[38;2;71;16;8m[48;2;15;0;0m▀[0m[38;2;42;9;5m[48;2;41;4;2m▀[0m[38;2;0;0;0m[48;2;23;18;10m▀[0m[38;2;26;18;10m[48;2;112;85;46m▀[0m[38;2;28;19;11m[48;2;105;58;32m▀[0m[38;2;107;69;37m[48;2;72;13;7m▀[0m[38;2;120;79;43m[48;2;68;10;5m▀[0m[38;2;103;71;39m[48;2;51;29;16m▀[0m[38;2;0;0;0m[48;2;0;0;0m▀[0m                     
   [38;2;27;12;10m[48;2;0;0;0m▀[0m[38;2;43;23;14m[48;2;37;28;15m▀[0m[38;2;59;41;22m[48;2;118;87;48m▀[0m[38;2;62;46;25m[48;2;132;97;53m▀[0m[38;2;124;91;49m[48;2;124;91;49m▀[0m[38;2;133;98;54m[48;2;120;86;47m▀[0m[38;2;120;91;50m[48;2;82;31;18m▀[0m[38;2;78;52;28m[48;2;105;59;32m▀[0m[38;2;65;31;19m[48;2;119;88;50m▀[0m[38;2;84;60;34m[48;2;117;85;47m▀[0m[38;2;112;68;37m[48;2;116;75;41m▀[0m[38;2;72;14;7m[48;2;112;68;37m▀[0m[38;2;72;11;5m[48;2;112;69;38m▀[0m[38;2;96;54;29m[48;2;41;32;18m▀[0m[38;2;0;0;0m[48;2;0;0;0m▀[0m                      
  [38;2;45;16;16m[48;2;55;22;22m▀[0m[38;2;104;69;44m[48;2;88;48;31m▀[0m[38;2;135;101;57m[48;2;120;82;45m▀[0m[38;2;125;91;50m[48;2;124;92;50m▀[0m[38;2;123;90;49m[48;2;122;90;49m▀[0m[38;2;122;89;49m[48;2;103;63;34m▀[0m[38;2;110;68;34m[48;2;207;140;49m▀[0m[38;2;185;117;37m[48;2;153;112;65m▀[0m[38;2;127;85;53m[48;2;141;91;40m▀[0m[38;2;111;77;42m[48;2;178;123;44m▀[0m[38;2;107;59;31m[48;2;122;87;50m▀[0m[38;2;43;21;11m[48;2;33;23;12m▀[0m[38;2;28;22;12m[48;2;0;0;0m▀[0m[38;2;27;22;12m[48;2;0;0;0m▀[0m[38;2;0;0;0m▀[0m                       
 [38;2;68;35;27m▄[0m[38;2;61;26;21m[48;2;101;65;40m▀[0m[38;2;97;62;37m[48;2;123;89;48m▀[0m[38;2;127;94;51m[48;2;111;75;41m▀[0m[38;2;118;84;46m[48;2;114;77;42m▀[0m[38;2;130;98;53m[48;2;206;178;96m▀[0m[38;2;116;79;46m[48;2;223;199;108m▀[0m[38;2;171;168;168m[48;2;51;41;20m▀[0m[38;2;30;26;30m[48;2;109;62;34m▀[0m[38;2;197;169;128m[48;2;159;113;46m▀[0m[38;2;182;121;36m[48;2;176;112;35m▀[0m[38;2;124;91;52m[48;2;110;75;44m▀[0m[38;2;37;28;15m[48;2;49;29;16m▀[0m[38;2;0;0;0m[48;2;12;0;0m▀[0m                         
[38;2;14;7;7m[48;2;9;3;2m▀[0m[38;2;71;40;28m[48;2;51;13;10m▀[0m[38;2;90;65;34m[48;2;26;21;11m▀[0m[38;2;122;85;47m[48;2;200;168;91m▀[0m[38;2;134;98;54m[48;2;245;222;119m▀[0m[38;2;201;174;93m[48;2;239;213;114m▀[0m[38;2;227;203;109m[48;2;236;209;113m▀[0m[38;2;223;198;106m[48;2;230;205;111m▀[0m[38;2;237;213;115m[48;2;155;123;67m▀[0m[38;2;190;160;84m[48;2;117;73;35m▀[0m[38;2;171;114;41m[48;2;150;95;36m▀[0m[38;2;147;93;36m[48;2;108;75;45m▀[0m[38;2;113;81;46m[48;2;125;92;50m▀[0m[38;2;109;60;32m[48;2;131;99;54m▀[0m[38;2;34;12;6m[48;2;20;17;9m▀[0m[38;2;0;0;0m[48;2;0;0;0m▀[0m                        
[38;2;8;2;0m▀[0m[38;2;40;14;8m[48;2;15;15;10m▀[0m[38;2;158;132;74m[48;2;55;44;25m▀[0m[38;2;238;206;113m[48;2;52;43;24m▀[0m[38;2;130;108;61m[48;2;12;6;5m▀[0m[38;2;85;75;41m[48;2;0;0;0m▀[0m[38;2;85;75;41m[48;2;0;0;0m▀[0m[38;2;138;104;57m[48;2;100;67;36m▀[0m[38;2;108;71;39m[48;2;125;92;51m▀[0m[38;2;110;74;41m[48;2;124;92;50m▀[0m[38;2;111;78;44m[48;2;124;91;50m▀[0m[38;2;125;92;50m[48;2;123;90;49m▀[0m[38;2;123;90;49m[48;2;123;90;49m▀[0m[38;2;127;95;52m[48;2;124;91;49m▀[0m[38;2;59;21;11m[48;2;119;77;42m▀[0m[38;2;69;0;0m[48;2;13;7;5m▀[0m[38;2;0;0;0m▄[0m                       
  [38;2;0;0;0m[48;2;255;255;255m▀[0m[38;2;0;0;0m[48;2;127;91;52m▀[0m[38;2;88;52;30m[48;2;188;157;85m▀[0m[38;2;96;36;19m[48;2;221;194;105m▀[0m[38;2;8;0;0m[48;2;122;86;47m▀[0m[38;2;110;81;44m[48;2;105;65;36m▀[0m[38;2;124;91;50m[48;2;121;87;48m▀[0m[38;2;123;90;49m[48;2;124;91;49m▀[0m[38;2;123;90;49m[48;2;123;90;49m▀[0m[38;2;123;90;49m[48;2;125;92;50m▀[0m[38;2;123;90;49m[48;2;108;70;38m▀[0m[38;2;123;90;49m[48;2;114;79;43m▀[0m[38;2;127;94;51m[48;2;124;91;50m▀[0m[38;2;11;8;5m[48;2;116;84;46m▀[0m[38;2;0;0;0m[48;2;0;0;0m▀[0m                       
 [38;2;102;68;37m▄[0m[38;2;152;109;67m[48;2;145;109;62m▀[0m[38;2;201;163;93m[48;2;209;175;98m▀[0m[38;2;232;209;112m[48;2;225;200;107m▀[0m[38;2;160;130;71m[48;2;225;201;108m▀[0m[38;2;204;178;96m[48;2;223;198;107m▀[0m[38;2;224;200;107m[48;2;223;198;107m▀[0m[38;2;140;108;59m[48;2;209;184;99m▀[0m[38;2;122;87;48m[48;2;66;37;21m▀[0m[38;2;123;90;49m[48;2;132;97;53m▀[0m[38;2;126;93;50m[48;2;121;86;47m▀[0m[38;2;107;69;38m[48;2;108;70;39m▀[0m[38;2;114;77;43m[48;2;117;82;45m▀[0m[38;2;124;91;50m[48;2;124;91;50m▀[0m[38;2;122;89;49m[48;2;124;91;50m▀[0m[38;2;21;16;8m[48;2;121;88;48m▀[0m[38;2;0;0;0m[48;2;35;25;14m▀[0m[38;2;54;20;20m▄[0m[38;2;49;21;21m▄[0m                    
[38;2;131;100;54m[48;2;129;97;51m▀[0m[38;2;179;148;80m[48;2;174;144;79m▀[0m[38;2;192;164;88m[48;2;202;170;95m▀[0m[38;2;227;203;109m[48;2;224;200;107m▀[0m[38;2;222;197;106m[48;2;222;197;106m▀[0m[38;2;222;197;106m[48;2;222;197;106m▀[0m[38;2;222;197;106m[48;2;223;198;107m▀[0m[38;2;226;202;108m[48;2;190;155;88m▀[0m[38;2;211;187;101m[48;2;232;207;111m▀[0m[38;2;77;68;37m[48;2;231;206;111m▀[0m[38;2;80;56;31m[48;2;96;85;46m▀[0m[38;2;118;78;44m[48;2;68;45;25m▀[0m[38;2;110;73;40m[48;2;123;87;47m▀[0m[38;2;125;93;51m[48;2;123;91;49m▀[0m[38;2;123;90;49m[48;2;123;90;49m▀[0m[38;2;123;90;49m[48;2;123;90;49m▀[0m[38;2;124;91;50m[48;2;123;90;49m▀[0m[38;2;124;89;49m[48;2;124;91;49m▀[0m[38;2;96;60;37m[48;2;128;95;51m▀[0m[38;2;81;48;30m[48;2;116;82;46m▀[0m[38;2;55;20;20m[48;2;105;69;42m▀[0m[38;2;57;23;11m[48;2;67;41;22m▀[0m[38;2;43;21;8m▄[0m   [38;2;54;23;15m▄[0m[38;2;66;29;24m▄[0m[38;2;17;5;5m▄[0m[38;2;0;0;0m▄[0m[38;2;0;0;0m▄[0m [38;2;59;25;21m▄[0m[38;2;61;26;22m▄[0m[38;2;58;23;21m▄[0m     
[38;2;148;106;63m[48;2;127;127;63m▀[0m[38;2;167;127;74m[48;2;146;108;62m▀[0m[38;2;214;186;102m[48;2;175;146;78m▀[0m[38;2;224;200;107m[48;2;203;172;96m▀[0m[38;2;223;199;107m[48;2;198;166;93m▀[0m[38;2;222;197;106m[48;2;227;204;108m▀[0m[38;2;225;201;108m[48;2;183;146;84m▀[0m[38;2;204;174;96m[48;2;222;195;105m▀[0m[38;2;140;112;61m[48;2;188;161;87m▀[0m[38;2;68;61;32m[48;2;51;24;18m▀[0m[38;2;72;62;33m[48;2;107;78;42m▀[0m[38;2;100;73;39m[48;2;128;94;51m▀[0m[38;2;126;93;50m[48;2;123;90;49m▀[0m[38;2;123;90;49m[48;2;123;90;49m▀[0m[38;2;123;90;49m[48;2;123;90;49m▀[0m[38;2;123;90;49m[48;2;123;90;49m▀[0m[38;2;123;90;49m[48;2;123;90;49m▀[0m[38;2;123;90;49m[48;2;123;90;49m▀[0m[38;2;123;90;49m[48;2;123;90;49m▀[0m[38;2;124;91;50m[48;2;123;90;49m▀[0m[38;2;121;93;46m[48;2;123;91;48m▀[0m[38;2;184;94;102m[48;2;123;73;50m▀[0m[38;2;204;95;125m[48;2;238;109;144m▀[0m[38;2;71;35;28m[48;2;230;105;139m▀[0m[38;2;59;26;21m[48;2;118;81;47m▀[0m[38;2;59;25;21m[48;2;115;81;45m▀[0m[38;2;78;45;29m[48;2;117;85;46m▀[0m[38;2;115;79;46m[48;2;125;93;49m▀[0m[38;2;97;68;38m[48;2;127;93;50m▀[0m[38;2;89;66;35m[48;2;129;94;51m▀[0m[38;2;67;36;25m[48;2;118;84;47m▀[0m[38;2;62;28;22m[48;2;112;79;45m▀[0m[38;2;113;77;45m[48;2;34;25;14m▀[0m[38;2;112;77;44m[48;2;129;95;51m▀[0m[38;2;93;61;36m[48;2;123;89;49m▀[0m[38;2;60;25;22m[48;2;123;86;48m▀[0m[38;2;67;31;24m[48;2;53;37;20m▀[0m[38;2;0;0;0m▄[0m[38;2;0;0;0m▄[0m 
[38;2;92;69;34m[48;2;121;72;36m▀[0m[38;2;141;109;58m[48;2;78;45;25m▀[0m[38;2;194;164;90m[48;2;18;8;4m▀[0m[38;2;186;151;86m[48;2;152;114;62m▀[0m[38;2;224;199;107m[48;2;231;204;110m▀[0m[38;2;230;205;110m[48;2;211;189;101m▀[0m[38;2;144;111;61m[48;2;85;55;35m▀[0m[38;2;34;27;15m[48;2;154;116;69m▀[0m[38;2;192;168;91m[48;2;18;13;6m▀[0m[38;2;69;37;26m[48;2;44;26;9m▀[0m[38;2;127;94;50m[48;2;106;67;39m▀[0m[38;2;125;92;50m[48;2;127;95;52m▀[0m[38;2;108;71;39m[48;2;104;67;37m▀[0m[38;2;115;79;43m[48;2;112;77;43m▀[0m[38;2;124;91;50m[48;2;124;91;50m▀[0m[38;2;123;90;49m[48;2;123;90;49m▀[0m[38;2;123;90;49m[48;2;123;90;49m▀[0m[38;2;123;90;49m[48;2;123;90;49m▀[0m[38;2;123;90;49m[48;2;123;90;49m▀[0m[38;2;123;90;49m[48;2;123;90;49m▀[0m[38;2;123;90;49m[48;2;123;90;49m▀[0m[38;2;119;87;46m[48;2;123;90;49m▀[0m[38;2;129;91;54m[48;2;122;90;48m▀[0m[38;2;136;94;59m[48;2;122;90;48m▀[0m[38;2;122;90;47m[48;2;124;91;49m▀[0m[38;2;146;95;67m[48;2;114;82;42m▀[0m[38;2;242;115;155m[48;2;143;76;67m▀[0m[38;2;197;104;110m[48;2;238;116;155m▀[0m[38;2;118;89;46m[48;2;172;99;89m▀[0m[38;2;123;90;49m[48;2;117;89;44m▀[0m[38;2;124;91;49m[48;2;123;90;49m▀[0m[38;2;125;92;50m[48;2;123;90;49m▀[0m[38;2;100;73;40m[48;2;126;92;50m▀[0m[38;2;31;22;12m[48;2;99;73;39m▀[0m[38;2;125;92;50m[48;2;32;19;10m▀[0m[38;2;116;79;43m[48;2;95;56;31m▀[0m[38;2;94;55;31m[48;2;96;55;32m▀[0m[38;2;96;56;32m[48;2;96;55;32m▀[0m[38;2;24;13;7m[48;2;89;51;29m▀[0m[38;2;7;0;0m[48;2;8;4;3m▀[0m
   [38;2;71;26;16m▀[0m[38;2;148;120;64m[48;2;0;0;0m▀[0m[38;2;56;53;28m[48;2;0;0;0m▀[0m[38;2;42;14;13m[48;2;63;28;23m▀[0m[38;2;209;184;100m[48;2;222;194;106m▀[0m[38;2;161;125;64m[48;2;222;198;108m▀[0m[38;2;189;124;39m[48;2;161;126;65m▀[0m[38;2;122;77;37m[48;2;178;115;37m▀[0m[38;2;119;87;49m[48;2;135;87;38m▀[0m[38;2;85;52;33m[48;2;95;62;37m▀[0m[38;2;100;68;39m[48;2;110;78;44m▀[0m[38;2;125;92;50m[48;2;124;91;50m▀[0m[38;2;123;90;49m[48;2;123;90;49m▀[0m[38;2;123;90;49m[48;2;123;90;49m▀[0m[38;2;123;90;49m[48;2;123;90;49m▀[0m[38;2;123;90;49m[48;2;123;90;49m▀[0m[38;2;123;90;49m[48;2;123;90;49m▀[0m[38;2;123;90;49m[48;2;124;91;50m▀[0m[38;2;123;90;49m[48;2;124;91;49m▀[0m[38;2;123;90;49m[48;2;117;86;49m▀[0m[38;2;118;87;49m[48;2;163;113;46m▀[0m[38;2;118;87;49m[48;2;163;113;46m▀[0m[38;2;123;90;49m[48;2;116;86;50m▀[0m[38;2;123;91;49m[48;2;116;83;47m▀[0m[38;2;119;90;45m[48;2;119;83;45m▀[0m[38;2;121;90;47m[48;2;124;91;49m▀[0m[38;2;123;90;49m[48;2;123;90;49m▀[0m[38;2;123;90;49m[48;2;123;90;49m▀[0m[38;2;123;90;49m[48;2;123;90;49m▀[0m[38;2;123;90;49m[48;2;123;90;49m▀[0m[38;2;129;95;52m[48;2;126;92;50m▀[0m[38;2;79;59;32m[48;2;99;73;40m▀[0m[38;2;32;17;9m[48;2;48;31;18m▀[0m[38;2;97;54;33m[48;2;70;40;23m▀[0m[38;2;58;29;21m[48;2;16;10;5m▀[0m[38;2;7;3;3m[48;2;0;0;0m▀[0m[38;2;0;0;0m▀[0m
      [38;2;64;29;23m[48;2;66;32;24m▀[0m[38;2;106;91;50m[48;2;0;0;0m▀[0m[38;2;226;202;108m[48;2;190;155;88m▀[0m[38;2;217;194;105m[48;2;226;201;108m▀[0m[38;2;171;135;67m[48;2;222;198;107m▀[0m[38;2;129;79;31m[48;2;126;98;58m▀[0m[38;2;100;67;40m[48;2;89;56;34m▀[0m[38;2;126;94;51m[48;2;126;93;50m▀[0m[38;2;123;90;49m[48;2;123;90;49m▀[0m[38;2;123;90;49m[48;2;123;90;49m▀[0m[38;2;123;90;49m[48;2;123;90;49m▀[0m[38;2;123;90;49m[48;2;123;90;49m▀[0m[38;2;123;90;49m[48;2;123;90;49m▀[0m[38;2;124;91;50m[48;2;127;94;51m▀[0m[38;2;115;79;43m[48;2;102;65;38m▀[0m[38;2;111;79;46m[48;2;164;106;38m▀[0m[38;2;169;118;46m[48;2;171;118;44m▀[0m[38;2;176;120;43m[48;2;145;108;64m▀[0m[38;2;175;120;43m[48;2;146;109;64m▀[0m[38;2;186;128;45m[48;2;164;115;45m▀[0m[38;2;148;96;38m[48;2;125;81;35m▀[0m[38;2;91;57;35m[48;2;82;50;33m▀[0m[38;2;126;93;51m[48;2;131;97;53m▀[0m[38;2;123;90;49m[48;2;123;90;49m▀[0m[38;2;123;90;49m[48;2;123;90;49m▀[0m[38;2;123;90;49m[48;2;123;90;49m▀[0m[38;2;123;90;49m[48;2;123;90;49m▀[0m[38;2;123;90;49m[48;2;123;90;49m▀[0m[38;2;133;97;53m[48;2;130;95;52m▀[0m[38;2;72;53;29m[48;2;70;51;28m▀[0m[38;2;0;0;0m[48;2;0;0;0m▀[0m[38;2;0;0;0m▀[0m[38;2;0;0;0m▀[0m 
      [38;2;68;33;24m[48;2;6;3;2m▀[0m[38;2;52;25;19m[48;2;62;30;23m▀[0m[38;2;49;38;22m[48;2;49;22;17m▀[0m[38;2;233;208;112m[48;2;51;42;24m▀[0m[38;2;217;188;103m[48;2;171;130;78m▀[0m[38;2;123;87;54m[48;2;162;121;73m▀[0m[38;2;90;57;34m[48;2;104;68;44m▀[0m[38;2;127;94;50m[48;2;103;70;40m▀[0m[38;2;123;90;49m[48;2;125;92;50m▀[0m[38;2;123;90;49m[48;2;123;90;49m▀[0m[38;2;123;90;49m[48;2;123;90;49m▀[0m[38;2;123;90;49m[48;2;123;90;49m▀[0m[38;2;125;92;50m[48;2;130;95;52m▀[0m[38;2;101;68;40m[48;2;62;44;24m▀[0m[38;2;95;62;37m[48;2;87;64;39m▀[0m[38;2;140;99;45m[48;2;168;127;76m▀[0m[38;2;151;113;64m[48;2;165;124;75m▀[0m[38;2;165;124;75m[48;2;166;125;75m▀[0m[38;2;165;124;75m[48;2;161;121;73m▀[0m[38;2;151;114;69m[48;2;161;121;73m▀[0m[38;2;155;116;70m[48;2;171;129;77m▀[0m[38;2;86;62;38m[48;2;83;63;38m▀[0m[38;2;73;54;29m[48;2;56;41;22m▀[0m[38;2;129;94;51m[48;2;129;94;52m▀[0m[38;2;123;90;49m[48;2;123;90;49m▀[0m[38;2;123;90;49m[48;2;123;90;49m▀[0m[38;2;123;90;49m[48;2;123;90;49m▀[0m[38;2;123;90;49m[48;2;128;94;51m▀[0m[38;2;131;96;52m[48;2;90;66;36m▀[0m[38;2;72;52;29m[48;2;11;8;4m▀[0m[38;2;0;0;0m[48;2;0;0;0m▀[0m   
      [38;2;0;0;0m▀[0m[38;2;53;26;20m[48;2;0;0;0m▀[0m[38;2;67;33;25m[48;2;67;32;25m▀[0m[38;2;51;24;18m[48;2;65;32;24m▀[0m[38;2;10;6;4m[48;2;70;35;26m▀[0m[38;2;76;57;34m[48;2;33;15;12m▀[0m[38;2;107;70;45m[48;2;24;9;8m▀[0m[38;2;102;69;40m[48;2;101;67;39m▀[0m[38;2;125;92;50m[48;2;126;92;50m▀[0m[38;2;123;90;49m[48;2;123;90;49m▀[0m[38;2;123;90;49m[48;2;123;90;49m▀[0m[38;2;123;90;49m[48;2;123;90;49m▀[0m[38;2;131;96;52m[48;2;127;91;51m▀[0m[38;2;61;45;24m[48;2;64;44;25m▀[0m[38;2;76;58;35m[48;2;0;0;0m▀[0m[38;2;156;117;70m[48;2;0;0;0m▀[0m[38;2;147;111;67m[48;2;0;0;0m▀[0m[38;2;145;109;66m[48;2;0;0;0m▀[0m[38;2;7;5;3m[48;2;6;3;2m▀[0m[38;2;10;6;4m[48;2;68;34;26m▀[0m[38;2;10;6;4m[48;2;66;33;24m▀[0m[38;2;37;19;14m[48;2;71;35;27m▀[0m[38;2;25;10;9m[48;2;23;10;8m▀[0m[38;2;85;63;34m[48;2;65;48;26m▀[0m[38;2;129;95;51m[48;2;127;93;50m▀[0m[38;2;123;90;49m[48;2;125;92;50m▀[0m[38;2;123;90;49m[48;2;124;91;49m▀[0m[38;2;128;94;51m[48;2;117;80;44m▀[0m[38;2;83;59;32m[48;2;67;38;21m▀[0m[38;2;0;0;0m[48;2;0;0;0m▀[0m    
       [38;2;1;1;0m▀[0m[38;2;44;22;17m[48;2;3;1;1m▀[0m[38;2;66;32;24m[48;2;71;35;26m▀[0m[38;2;69;34;25m[48;2;69;34;25m▀[0m[38;2;37;18;14m[48;2;35;17;13m▀[0m[38;2;0;0;0m[48;2;0;0;0m▀[0m[38;2;59;24;19m▀[0m[38;2;99;65;38m[48;2;59;27;22m▀[0m[38;2;122;89;49m[48;2;123;88;48m▀[0m[38;2;123;90;49m[48;2;124;91;49m▀[0m[38;2;126;93;50m[48;2;129;95;51m▀[0m[38;2;100;69;39m[48;2;85;63;34m▀[0m[38;2;23;8;8m[48;2;0;0;0m▀[0m[38;2;0;0;0m▀[0m  [38;2;0;0;0m▄[0m[38;2;6;3;2m[48;2;8;3;3m▀[0m[38;2;68;34;25m[48;2;63;27;23m▀[0m[38;2;66;33;24m[48;2;69;35;25m▀[0m[38;2;58;29;22m[48;2;35;17;13m▀[0m[38;2;23;12;8m[48;2;0;0;0m▀[0m[38;2;0;0;0m▀[0m[38;2;69;50;27m[48;2;0;0;0m▀[0m[38;2;114;79;43m[48;2;92;53;29m▀[0m[38;2;113;77;42m[48;2;98;56;31m▀[0m[38;2;100;58;32m[48;2;102;59;33m▀[0m[38;2;68;39;22m[48;2;67;38;21m▀[0m[38;2;0;0;0m[48;2;0;0;0m▀[0m    
       [38;2;0;0;0m▀[0m[38;2;4;2;2m[48;2;0;0;0m▀[0m[38;2;33;16;13m[48;2;10;5;4m▀[0m[38;2;68;34;25m[48;2;70;35;26m▀[0m[38;2;57;28;21m[48;2;70;35;27m▀[0m[38;2;21;11;7m[48;2;29;15;11m▀[0m[38;2;0;0;0m[48;2;0;0;0m▀[0m[38;2;64;32;22m▀[0m[38;2;88;54;34m[48;2;63;30;23m▀[0m[38;2;125;92;50m[48;2;107;67;37m▀[0m[38;2;126;91;49m[48;2;104;64;36m▀[0m[38;2;72;46;25m[48;2;93;53;30m▀[0m[38;2;0;0;0m[48;2;43;25;14m▀[0m[38;2;0;0;0m▄[0m   [38;2;25;0;0m[48;2;0;0;0m▀[0m[38;2;27;10;10m[48;2;10;5;4m▀[0m[38;2;71;35;27m[48;2;71;34;27m▀[0m[38;2;37;18;14m[48;2;36;17;13m▀[0m[38;2;0;0;0m[48;2;0;0;0m▀[0m [38;2;0;0;0m▀[0m[38;2;35;21;12m[48;2;0;0;0m▀[0m[38;2;102;60;33m[48;2;28;15;9m▀[0m[38;2;102;59;33m[48;2;82;45;28m▀[0m[38;2;82;47;28m[48;2;89;50;31m▀[0m[38;2;22;9;8m[48;2;72;37;25m▀[0m[38;2;0;0;0m[48;2;37;21;11m▀[0m[38;2;0;0;0m▄[0m  
        [38;2;0;0;0m▀[0m[38;2;6;3;3m[48;2;0;0;0m▀[0m[38;2;26;13;9m[48;2;17;8;6m▀[0m[38;2;72;36;27m[48;2;72;35;27m▀[0m[38;2;28;14;10m[48;2;29;14;10m▀[0m[38;2;0;0;0m[48;2;0;0;0m▀[0m [38;2;56;28;21m[48;2;0;0;0m▀[0m[38;2;20;11;6m[48;2;7;4;2m▀[0m[38;2;99;57;32m[48;2;99;57;33m▀[0m[38;2;100;58;33m[48;2;98;57;32m▀[0m[38;2;99;58;32m[48;2;106;62;35m▀[0m[38;2;39;23;12m[48;2;45;26;15m▀[0m[38;2;0;0;0m[48;2;0;0;0m▀[0m  [38;2;0;0;0m[48;2;0;0;0m▀[0m[38;2;10;4;4m[48;2;27;20;12m▀[0m[38;2;90;53;35m[48;2;180;134;81m▀[0m[38;2;68;50;27m[48;2;95;72;43m▀[0m[38;2;0;0;0m[48;2;0;0;0m▀[0m   [38;2;0;0;0m[48;2;0;0;0m▀[0m[38;2;26;14;9m[48;2;18;10;5m▀[0m[38;2;100;57;33m[48;2;91;49;28m▀[0m[38;2;114;74;42m[48;2;165;129;70m▀[0m[38;2;55;40;21m[48;2;102;93;50m▀[0m[38;2;0;0;0m[48;2;0;0;0m▀[0m  
        [38;2;36;0;0m▄[0m[38;2;0;0;0m[48;2;72;37;28m▀[0m[38;2;32;17;12m[48;2;133;90;57m▀[0m[38;2;78;43;30m[48;2;98;75;45m▀[0m[38;2;25;13;8m[48;2;0;0;0m▀[0m[38;2;0;0;0m▀[0m  [38;2;48;24;24m[48;2;0;0;0m▀[0m[38;2;63;33;22m[48;2;17;10;5m▀[0m[38;2;101;59;33m[48;2;108;63;35m▀[0m[38;2;96;56;31m[48;2;52;30;17m▀[0m[38;2;39;23;13m[48;2;0;0;0m▀[0m[38;2;0;0;0m▀[0m [38;2;0;0;0m[48;2;0;0;0m▀[0m[38;2;12;8;4m[48;2;16;11;7m▀[0m[38;2;56;42;25m[48;2;182;136;82m▀[0m[38;2;171;128;77m[48;2;111;83;50m▀[0m[38;2;83;62;37m[48;2;0;0;0m▀[0m[38;2;0;0;0m▀[0m    [38;2;0;0;0m[48;2;0;0;0m▀[0m[38;2;37;28;15m[48;2;70;62;34m▀[0m[38;2;199;167;90m[48;2;254;225;122m▀[0m[38;2;102;91;49m[48;2;96;86;46m▀[0m[38;2;0;0;0m[48;2;0;0;0m▀[0m  
        [38;2;40;10;10m[48;2;0;0;0m▀[0m[38;2;90;53;36m[48;2;80;46;32m▀[0m[38;2;182;138;83m[48;2;177;133;80m▀[0m[38;2;93;70;42m[48;2;91;67;41m▀[0m[38;2;0;0;0m[48;2;0;0;0m▀[0m   [38;2;0;0;0m[48;2;0;0;0m▀[0m[38;2;19;11;6m[48;2;11;3;1m▀[0m[38;2;110;66;37m[48;2;133;92;50m▀[0m[38;2;58;37;20m[48;2;108;93;51m▀[0m[38;2;0;0;0m[48;2;0;0;0m▀[0m  [38;2;0;0;0m[48;2;0;0;0m▀[0m[38;2;15;11;7m[48;2;15;11;7m▀[0m[38;2;175;131;79m[48;2;173;130;78m▀[0m[38;2;110;82;49m[48;2;155;116;70m▀[0m[38;2;0;0;0m[48;2;64;48;29m▀[0m[38;2;0;0;0m▄[0m    [38;2;0;0;0m[48;2;0;0;0m▀[0m[38;2;68;60;33m[48;2;63;57;32m▀[0m[38;2;252;223;120m[48;2;243;215;116m▀[0m[38;2;87;78;42m[48;2;176;157;84m▀[0m[38;2;0;0;0m[48;2;55;48;27m▀[0m[38;2;0;0;0m▄[0m 
       [38;2;63;0;0m[48;2;51;0;0m▀[0m[38;2;101;60;34m[48;2;112;71;39m▀[0m[38;2;137;97;61m[48;2;220;191;105m▀[0m[38;2;188;148;87m[48;2;218;191;104m▀[0m[38;2;114;98;54m[48;2;220;197;106m▀[0m[38;2;0;0;0m[48;2;88;79;42m▀[0m[38;2;0;0;0m▄[0m  [38;2;10;0;0m[48;2;22;0;0m▀[0m[38;2;72;46;29m[48;2;99;66;41m▀[0m[38;2;218;188;101m[48;2;246;220;118m▀[0m[38;2;132;117;63m[48;2;126;111;60m▀[0m[38;2;0;0;0m[48;2;0;0;0m▀[0m  [38;2;0;0;0m▄[0m[38;2;18;14;8m[48;2;19;15;9m▀[0m[38;2;140;105;64m[48;2;136;101;62m▀[0m[38;2;92;69;42m[48;2;4;3;2m▀[0m[38;2;110;82;50m[48;2;18;13;8m▀[0m[38;2;0;0;0m[48;2;0;0;0m▀[0m   [38;2;0;0;0m▄[0m[38;2;57;12;6m[48;2;43;38;19m▀[0m[38;2;115;85;47m[48;2;227;198;107m▀[0m[38;2;234;209;113m[48;2;183;155;84m▀[0m[38;2;246;219;118m[48;2;198;167;90m▀[0m[38;2;71;63;35m[48;2;74;66;36m▀[0m[38;2;0;0;0m[48;2;0;0;0m▀[0m 
       [38;2;0;0;0m▄[0m[38;2;56;35;21m[48;2;0;0;0m▀[0m[38;2;59;55;29m[48;2;56;48;27m▀[0m[38;2;200;171;92m[48;2;189;161;89m▀[0m[38;2;175;143;78m[48;2;24;6;7m▀[0m[38;2;100;89;49m[48;2;0;0;0m▀[0m[38;2;0;0;0m[48;2;0;0;0m▀[0m [38;2;0;0;0m▄[0m[38;2;37;15;7m[48;2;80;48;32m▀[0m[38;2;102;70;43m[48;2;232;207;111m▀[0m[38;2;242;216;116m[48;2;227;201;108m▀[0m[38;2;125;110;60m[48;2;132;115;62m▀[0m[38;2;0;0;0m[48;2;27;23;13m▀[0m[38;2;0;0;0m▄[0m [38;2;1;0;0m[48;2;1;0;0m▀[0m[38;2;42;14;14m[48;2;43;14;14m▀[0m[38;2;12;8;5m[48;2;33;10;11m▀[0m[38;2;0;0;0m[48;2;0;0;0m▀[0m[38;2;0;0;0m▀[0m[38;2;0;0;0m▀[0m   [38;2;0;0;0m[48;2;0;0;0m▀[0m[38;2;3;3;2m[48;2;3;0;0m▀[0m[38;2;90;82;44m[48;2;88;74;39m▀[0m[38;2;169;138;78m[48;2;143;128;69m▀[0m[38;2;28;13;10m[48;2;0;0;0m▀[0m[38;2;5;5;3m[48;2;0;0;0m▀[0m[38;2;0;0;0m▀[0m 
       [38;2;0;0;0m[48;2;0;0;0m▀[0m[38;2;3;0;0m[48;2;8;1;1m▀[0m[38;2;101;59;37m[48;2;82;15;7m▀[0m[38;2;133;111;60m[48;2;48;4;2m▀[0m[38;2;0;0;0m[48;2;0;0;0m▀[0m   [38;2;0;0;0m▀[0m[38;2;76;46;30m▀[0m[38;2;184;164;88m[48;2;35;33;18m▀[0m[38;2;188;159;86m[48;2;203;172;94m▀[0m[38;2;183;150;81m[48;2;119;91;51m▀[0m[38;2;112;100;54m[48;2;64;57;31m▀[0m[38;2;0;0;0m[48;2;0;0;0m▀[0m [38;2;0;0;0m▀[0m[38;2;0;0;0m▀[0m[38;2;0;0;0m▀[0m      [38;2;0;0;0m[48;2;0;0;0m▀[0m[38;2;10;1;1m[48;2;15;3;2m▀[0m[38;2;124;67;35m[48;2;84;15;8m▀[0m[38;2;112;94;51m[48;2;39;3;2m▀[0m[38;2;0;0;0m[48;2;0;0;0m▀[0m   
       [38;2;0;0;0m[48;2;0;0;0m▀[0m[38;2;3;0;0m[48;2;0;0;0m▀[0m[38;2;38;8;4m[48;2;0;0;0m▀[0m[38;2;27;5;3m[48;2;0;0;0m▀[0m[38;2;0;0;0m▀[0m   [38;2;0;0;0m[48;2;0;0;0m▀[0m[38;2;3;1;1m[48;2;7;1;1m▀[0m[38;2;64;44;27m[48;2;80;25;15m▀[0m[38;2;127;98;55m[48;2;50;14;8m▀[0m[38;2;3;0;0m[48;2;0;0;0m▀[0m[38;2;0;0;0m▀[0m[38;2;0;0;0m▀[0m          [38;2;0;0;0m[48;2;0;0;0m▀[0m[38;2;7;1;1m[48;2;0;0;0m▀[0m[38;2;39;9;4m[48;2;0;0;0m▀[0m[38;2;24;4;2m[48;2;0;0;0m▀[0m[38;2;0;0;0m▀[0m   
               [38;2;0;0;0m[48;2;0;0;0m▀[0m[38;2;7;1;1m[48;2;1;0;0m▀[0m[38;2;81;16;8m[48;2;8;2;1m▀[0m[38;2;51;10;5m[48;2;6;1;1m▀[0m[38;2;0;0;0m[48;2;0;0;0m▀[0m                    
[0m