     [38;2;51;52;53m▄[0m[38;2;51;52;53m[48;2;77;78;79m▀[0m[38;2;51;52;53m[48;2;77;78;79m▀[0m[38;2;51;52;53m[48;2;77;78;79m▀[0m[38;2;51;52;53m[48;2;77;78;79m▀[0m[38;2;51;52;53m▄[0m[38;2;51;52;53m▄[0m[38;2;16;16;16m▄[0m                       
  [38;2;51;52;53m▄[0m[38;2;51;52;53m[48;2;77;78;79m▀[0m[38;2;51;52;53m[48;2;77;78;79m▀[0m[38;2;77;78;79m[48;2;51;52;53m▀[0m[38;2;51;52;53m[48;2;77;78;79m▀[0m[38;2;77;78;79m[48;2;77;78;79m▀[0m[38;2;77;78;79m[48;2;77;78;79m▀[0m[38;2;51;52;53m[48;2;77;78;79m▀[0m[38;2;77;78;79m[48;2;51;52;53m▀[0m[38;2;77;78;79m[48;2;51;52;53m▀[0m[38;2;51;52;53m[48;2;77;78;79m▀[0m[38;2;16;16;16m[48;2;16;16;16m▀[0m                      
  [38;2;51;52;53m[48;2;51;52;53m▀[0m[38;2;77;78;79m[48;2;77;78;79m▀[0m[38;2;77;78;79m[48;2;77;78;79m▀[0m[38;2;51;52;53m[48;2;77;78;79m▀[0m[38;2;77;78;79m[48;2;51;52;53m▀[0m[38;2;77;78;79m[48;2;77;78;79m▀[0m[38;2;77;78;79m[48;2;77;78;79m▀[0m[38;2;51;52;53m[48;2;77;78;79m▀[0m[38;2;77;78;79m[48;2;77;78;79m▀[0m[38;2;77;78;79m[48;2;77;78;79m▀[0m[38;2;16;16;16m[48;2;77;78;79m▀[0m[38;2;51;52;53m[48;2;16;16;16m▀[0m[38;2;16;16;16m[48;2;51;52;53m▀[0m[38;2;16;16;16m▄[0m                    
   [38;2;51;52;53m[48;2;51;52;53m▀[0m[38;2;77;78;79m[48;2;77;78;79m▀[0m[38;2;77;78;79m[48;2;77;78;79m▀[0m[38;2;77;78;79m[48;2;77;78;79m▀[0m[38;2;77;78;79m[48;2;77;78;79m▀[0m[38;2;77;78;79m[48;2;77;78;79m▀[0m[38;2;77;78;79m[48;2;77;78;79m▀[0m[38;2;77;78;79m[48;2;77;78;79m▀[0m[38;2;77;78;79m[48;2;77;78;79m▀[0m[38;2;77;78;79m[48;2;16;16;16m▀[0m[38;2;16;16;16m[48;2;51;52;53m▀[0m[38;2;51;52;53m[48;2;51;52;53m▀[0m[38;2;16;16;16m[48;2;16;16;16m▀[0m                    
  [38;2;16;16;16m[48;2;16;16;16m▀[0m[38;2;77;78;79m[48;2;77;78;79m▀[0m[38;2;77;78;79m[48;2;77;78;79m▀[0m[38;2;77;78;79m[48;2;77;78;79m▀[0m[38;2;77;78;79m[48;2;77;78;79m▀[0m[38;2;77;78;79m[48;2;77;78;79m▀[0m[38;2;77;78;79m[48;2;77;78;79m▀[0m[38;2;77;78;79m[48;2;77;78;79m▀[0m[38;2;77;78;79m[48;2;77;78;79m▀[0m[38;2;16;16;16m[48;2;77;78;79m▀[0m[38;2;51;52;53m[48;2;77;78;79m▀[0m[38;2;51;52;53m[48;2;51;52;53m▀[0m[38;2;16;16;16m[48;2;16;16;16m▀[0m[38;2;16;16;16m▄[0m                    
  [38;2;16;16;16m▀[0m[38;2;77;78;79m[48;2;51;52;53m▀[0m[38;2;77;78;79m[48;2;77;78;79m▀[0m[38;2;77;78;79m[48;2;77;78;79m▀[0m[38;2;77;78;79m[48;2;77;78;79m▀[0m[38;2;77;78;79m[48;2;77;78;79m▀[0m[38;2;77;78;79m[48;2;77;78;79m▀[0m[38;2;77;78;79m[48;2;77;78;79m▀[0m[38;2;77;78;79m[48;2;77;78;79m▀[0m[38;2;77;78;79m[48;2;77;78;79m▀[0m[38;2;77;78;79m[48;2;77;78;79m▀[0m[38;2;77;78;79m[48;2;51;52;53m▀[0m[38;2;77;78;79m[48;2;51;52;53m▀[0m[38;2;77;78;79m[48;2;51;52;53m▀[0m[38;2;16;16;16m[48;2;77;78;79m▀[0m[38;2;16;16;16m▄[0m                  
   [38;2;16;16;16m▀[0m[38;2;77;78;79m[48;2;16;16;16m▀[0m[38;2;77;78;79m[48;2;77;78;79m▀[0m[38;2;77;78;79m[48;2;77;78;79m▀[0m[38;2;77;78;79m[48;2;77;78;79m▀[0m[38;2;77;78;79m[48;2;77;78;79m▀[0m[38;2;77;78;79m[48;2;77;78;79m▀[0m[38;2;77;78;79m[48;2;51;52;53m▀[0m[38;2;77;78;79m[48;2;51;52;53m▀[0m[38;2;51;52;53m[48;2;252;252;252m▀[0m[38;2;137;145;145m[48;2;252;252;252m▀[0m[38;2;193;202;202m[48;2;137;145;145m▀[0m[38;2;193;202;202m[48;2;193;202;202m▀[0m[38;2;137;145;145m[48;2;193;202;202m▀[0m[38;2;16;16;16m[48;2;137;145;145m▀[0m[38;2;16;16;16m▄[0m                 
    [38;2;105;70;39m▄[0m[38;2;16;16;16m[48;2;253;194;72m▀[0m[38;2;51;52;53m[48;2;253;194;72m▀[0m[38;2;51;52;53m[48;2;253;194;72m▀[0m[38;2;51;52;53m[48;2;253;194;72m▀[0m[38;2;51;52;53m[48;2;203;131;78m▀[0m[38;2;203;131;78m[48;2;203;131;78m▀[0m[38;2;252;252;252m[48;2;16;16;16m▀[0m[38;2;252;252;252m[48;2;16;16;16m▀[0m[38;2;252;252;252m[48;2;16;16;16m▀[0m[38;2;252;252;252m[48;2;16;16;16m▀[0m[38;2;193;202;202m[48;2;16;16;16m▀[0m[38;2;193;202;202m[48;2;137;145;145m▀[0m[38;2;193;202;202m[48;2;193;202;202m▀[0m[38;2;137;145;145m[48;2;193;202;202m▀[0m[38;2;16;16;16m[48;2;16;16;16m▀[0m                
   [38;2;105;70;39m[48;2;105;70;39m▀[0m[38;2;253;194;72m[48;2;252;252;252m▀[0m[38;2;252;252;252m[48;2;253;194;72m▀[0m[38;2;253;194;72m[48;2;253;194;72m▀[0m[38;2;253;194;72m[48;2;253;194;72m▀[0m[38;2;253;194;72m[48;2;253;194;72m▀[0m[38;2;253;194;72m[48;2;253;194;72m▀[0m[38;2;203;131;78m[48;2;203;131;78m▀[0m[38;2;252;252;252m[48;2;252;252;252m▀[0m[38;2;82;87;90m[48;2;16;16;16m▀[0m[38;2;252;252;252m[48;2;252;252;252m▀[0m[38;2;252;252;252m[48;2;252;252;252m▀[0m[38;2;122;135;141m[48;2;122;135;141m▀[0m[38;2;193;202;202m[48;2;137;145;145m▀[0m[38;2;193;202;202m[48;2;193;202;202m▀[0m[38;2;193;202;202m[48;2;193;202;202m▀[0m[38;2;137;145;145m[48;2;193;202;202m▀[0m[38;2;16;16;16m[48;2;16;16;16m▀[0m               
  [38;2;105;70;39m[48;2;105;70;39m▀[0m[38;2;253;194;72m[48;2;253;194;72m▀[0m[38;2;253;194;72m[48;2;253;194;72m▀[0m[38;2;253;194;72m[48;2;253;194;72m▀[0m[38;2;253;194;72m[48;2;253;194;72m▀[0m[38;2;253;194;72m[48;2;253;194;72m▀[0m[38;2;253;194;72m[48;2;253;194;72m▀[0m[38;2;253;194;72m[48;2;253;194;72m▀[0m[38;2;253;194;72m[48;2;253;194;72m▀[0m[38;2;203;131;78m[48;2;253;194;72m▀[0m[38;2;252;252;252m[48;2;203;131;78m▀[0m[38;2;252;252;252m[48;2;105;70;39m▀[0m[38;2;122;135;141m[48;2;105;70;39m▀[0m[38;2;252;252;252m[48;2;252;252;252m▀[0m[38;2;252;252;252m[48;2;252;252;252m▀[0m[38;2;137;145;145m[48;2;252;252;252m▀[0m[38;2;193;202;202m[48;2;193;202;202m▀[0m[38;2;193;202;202m[48;2;137;145;145m▀[0m[38;2;16;16;16m[48;2;16;16;16m▀[0m               
  [38;2;105;70;39m▀[0m[38;2;253;194;72m[48;2;16;16;16m▀[0m[38;2;253;194;72m[48;2;16;16;16m▀[0m[38;2;16;16;16m[48;2;203;131;78m▀[0m[38;2;16;16;16m[48;2;203;131;78m▀[0m[38;2;16;16;16m[48;2;203;131;78m▀[0m[38;2;203;131;78m[48;2;105;70;39m▀[0m[38;2;253;194;72m[48;2;16;16;16m▀[0m[38;2;253;194;72m[48;2;16;16;16m▀[0m[38;2;253;194;72m[48;2;16;16;16m▀[0m[38;2;253;194;72m[48;2;105;70;39m▀[0m[38;2;253;194;72m[48;2;179;184;189m▀[0m[38;2;105;70;39m[48;2;252;252;252m▀[0m[38;2;252;252;252m[48;2;252;252;252m▀[0m[38;2;252;252;252m[48;2;252;252;252m▀[0m[38;2;252;252;252m[48;2;179;184;189m▀[0m[38;2;137;145;145m[48;2;137;145;145m▀[0m[38;2;137;145;145m[48;2;137;145;145m▀[0m[38;2;16;16;16m[48;2;16;16;16m▀[0m               
    [38;2;105;70;39m▀[0m[38;2;203;131;78m[48;2;105;70;39m▀[0m[38;2;203;131;78m[48;2;203;131;78m▀[0m[38;2;203;131;78m[48;2;203;131;78m▀[0m[38;2;203;131;78m[48;2;203;131;78m▀[0m[38;2;203;131;78m[48;2;105;70;39m▀[0m[38;2;203;131;78m[48;2;105;70;39m▀[0m[38;2;105;70;39m[48;2;179;184;189m▀[0m[38;2;252;252;252m[48;2;179;184;189m▀[0m[38;2;252;252;252m[48;2;179;184;189m▀[0m[38;2;252;252;252m[48;2;179;184;189m▀[0m[38;2;179;184;189m[48;2;179;184;189m▀[0m[38;2;179;184;189m[48;2;179;184;189m▀[0m[38;2;179;184;189m[48;2;179;184;189m▀[0m[38;2;137;145;145m[48;2;137;145;145m▀[0m[38;2;91;94;94m[48;2;16;16;16m▀[0m                
      [38;2;16;16;16m▀[0m[38;2;16;16;16m[48;2;82;87;90m▀[0m[38;2;16;16;16m[48;2;122;135;141m▀[0m[38;2;179;184;189m[48;2;122;135;141m▀[0m[38;2;179;184;189m[48;2;122;135;141m▀[0m[38;2;179;184;189m[48;2;179;184;189m▀[0m[38;2;179;184;189m[48;2;179;184;189m▀[0m[38;2;179;184;189m[48;2;179;184;189m▀[0m[38;2;179;184;189m[48;2;179;184;189m▀[0m[38;2;179;184;189m[48;2;179;184;189m▀[0m[38;2;179;184;189m[48;2;179;184;189m▀[0m[38;2;137;145;145m[48;2;16;16;16m▀[0m[38;2;16;16;16m▀[0m                 
   [38;2;91;94;94m▄[0m[38;2;137;145;145m[48;2;193;202;202m▀[0m[38;2;137;145;145m[48;2;82;87;90m▀[0m[38;2;82;87;90m[48;2;252;252;252m▀[0m[38;2;252;252;252m[48;2;252;252;252m▀[0m[38;2;252;252;252m[48;2;252;252;252m▀[0m[38;2;252;252;252m[48;2;252;252;252m▀[0m[38;2;252;252;252m[48;2;252;252;252m▀[0m[38;2;179;184;189m[48;2;252;252;252m▀[0m[38;2;179;184;189m[48;2;252;252;252m▀[0m[38;2;179;184;189m[48;2;179;184;189m▀[0m[38;2;179;184;189m[48;2;91;94;94m▀[0m[38;2;179;184;189m[48;2;91;94;94m▀[0m[38;2;91;94;94m[48;2;193;202;202m▀[0m[38;2;91;94;94m[48;2;193;202;202m▀[0m[38;2;91;94;94m[48;2;193;202;202m▀[0m[38;2;91;94;94m▄[0m[38;2;91;94;94m▄[0m               
 [38;2;91;94;94m▄[0m[38;2;91;94;94m[48;2;193;202;202m▀[0m[38;2;193;202;202m[48;2;193;202;202m▀[0m[38;2;82;87;90m[48;2;82;87;90m▀[0m[38;2;252;252;252m[48;2;252;252;252m▀[0m[38;2;252;252;252m[48;2;252;252;252m▀[0m[38;2;252;252;252m[48;2;252;252;252m▀[0m[38;2;252;252;252m[48;2;252;252;252m▀[0m[38;2;252;252;252m[48;2;252;252;252m▀[0m[38;2;252;252;252m[48;2;252;252;252m▀[0m[38;2;252;252;252m[48;2;252;252;252m▀[0m[38;2;252;252;252m[48;2;252;252;252m▀[0m[38;2;91;94;94m[48;2;91;94;94m▀[0m[38;2;137;145;145m[48;2;193;202;202m▀[0m[38;2;193;202;202m[48;2;193;202;202m▀[0m[38;2;193;202;202m[48;2;193;202;202m▀[0m[38;2;193;202;202m[48;2;193;202;202m▀[0m[38;2;193;202;202m[48;2;193;202;202m▀[0m[38;2;193;202;202m[48;2;193;202;202m▀[0m[38;2;193;202;202m[48;2;193;202;202m▀[0m[38;2;91;94;94m[48;2;193;202;202m▀[0m[38;2;16;16;16m▄[0m  [38;2;91;94;94m▄[0m[38;2;91;94;94m▄[0m  [38;2;91;94;94m▄[0m[38;2;91;94;94m▄[0m[38;2;91;94;94m▄[0m    
[38;2;91;94;94m▄[0m[38;2;91;94;94m[48;2;193;202;202m▀[0m[38;2;193;202;202m[48;2;193;202;202m▀[0m[38;2;82;87;90m[48;2;82;87;90m▀[0m[38;2;252;252;252m[48;2;252;252;252m▀[0m[38;2;252;252;252m[48;2;252;252;252m▀[0m[38;2;252;252;252m[48;2;252;252;252m▀[0m[38;2;252;252;252m[48;2;252;252;252m▀[0m[38;2;252;252;252m[48;2;252;252;252m▀[0m[38;2;252;252;252m[48;2;252;252;252m▀[0m[38;2;252;252;252m[48;2;252;252;252m▀[0m[38;2;252;252;252m[48;2;252;252;252m▀[0m[38;2;91;94;94m[48;2;91;94;94m▀[0m[38;2;193;202;202m[48;2;193;202;202m▀[0m[38;2;193;202;202m[48;2;193;202;202m▀[0m[38;2;193;202;202m[48;2;193;202;202m▀[0m[38;2;193;202;202m[48;2;193;202;202m▀[0m[38;2;193;202;202m[48;2;193;202;202m▀[0m[38;2;193;202;202m[48;2;193;202;202m▀[0m[38;2;193;202;202m[48;2;193;202;202m▀[0m[38;2;193;202;202m[48;2;193;202;202m▀[0m[38;2;193;202;202m[48;2;193;202;202m▀[0m[38;2;91;94;94m[48;2;193;202;202m▀[0m[38;2;16;16;16m▄[0m[38;2;91;94;94m[48;2;137;145;145m▀[0m[38;2;193;202;202m[48;2;193;202;202m▀[0m[38;2;193;202;202m[48;2;193;202;202m▀[0m[38;2;91;94;94m[48;2;91;94;94m▀[0m[38;2;91;94;94m[48;2;193;202;202m▀[0m[38;2;193;202;202m[48;2;193;202;202m▀[0m[38;2;193;202;202m[48;2;193;202;202m▀[0m[38;2;193;202;202m[48;2;193;202;202m▀[0m[38;2;16;16;16m[48;2;16;16;16m▀[0m   
[38;2;91;94;94m[48;2;91;94;94m▀[0m[38;2;193;202;202m[48;2;193;202;202m▀[0m[38;2;193;202;202m[48;2;193;202;202m▀[0m[38;2;82;87;90m[48;2;82;87;90m▀[0m[38;2;252;252;252m[48;2;252;252;252m▀[0m[38;2;252;252;252m[48;2;252;252;252m▀[0m[38;2;252;252;252m[48;2;252;252;252m▀[0m[38;2;252;252;252m[48;2;252;252;252m▀[0m[38;2;252;252;252m[48;2;252;252;252m▀[0m[38;2;252;252;252m[48;2;252;252;252m▀[0m[38;2;252;252;252m[48;2;252;252;252m▀[0m[38;2;252;252;252m[48;2;252;252;252m▀[0m[38;2;91;94;94m[48;2;91;94;94m▀[0m[38;2;193;202;202m[48;2;193;202;202m▀[0m[38;2;193;202;202m[48;2;193;202;202m▀[0m[38;2;193;202;202m[48;2;193;202;202m▀[0m[38;2;193;202;202m[48;2;193;202;202m▀[0m[38;2;193;202;202m[48;2;193;202;202m▀[0m[38;2;193;202;202m[48;2;193;202;202m▀[0m[38;2;193;202;202m[48;2;193;202;202m▀[0m[38;2;193;202;202m[48;2;193;202;202m▀[0m[38;2;193;202;202m[48;2;193;202;202m▀[0m[38;2;193;202;202m[48;2;193;202;202m▀[0m[38;2;16;16;16m[48;2;137;145;145m▀[0m[38;2;137;145;145m[48;2;16;16;16m▀[0m[38;2;137;145;145m[48;2;91;94;94m▀[0m[38;2;91;94;94m[48;2;137;145;145m▀[0m[38;2;137;145;145m[48;2;137;145;145m▀[0m[38;2;193;202;202m[48;2;137;145;145m▀[0m[38;2;193;202;202m[48;2;137;145;145m▀[0m[38;2;193;202;202m[48;2;91;94;94m▀[0m[38;2;137;145;145m[48;2;91;94;94m▀[0m[38;2;91;94;94m[48;2;193;202;202m▀[0m[38;2;91;94;94m[48;2;193;202;202m▀[0m[38;2;91;94;94m[48;2;193;202;202m▀[0m[38;2;16;16;16m▄[0m
[38;2;91;94;94m▀[0m[38;2;193;202;202m[48;2;16;16;16m▀[0m[38;2;137;145;145m[48;2;137;145;145m▀[0m[38;2;16;16;16m[48;2;16;16;16m▀[0m[38;2;252;252;252m[48;2;252;252;252m▀[0m[38;2;252;252;252m[48;2;252;252;252m▀[0m[38;2;252;252;252m[48;2;252;252;252m▀[0m[38;2;252;252;252m[48;2;252;252;252m▀[0m[38;2;252;252;252m[48;2;252;252;252m▀[0m[38;2;252;252;252m[48;2;252;252;252m▀[0m[38;2;252;252;252m[48;2;252;252;252m▀[0m[38;2;252;252;252m[48;2;252;252;252m▀[0m[38;2;91;94;94m[48;2;252;252;252m▀[0m[38;2;137;145;145m[48;2;16;16;16m▀[0m[38;2;193;202;202m[48;2;193;202;202m▀[0m[38;2;193;202;202m[48;2;193;202;202m▀[0m[38;2;193;202;202m[48;2;193;202;202m▀[0m[38;2;193;202;202m[48;2;193;202;202m▀[0m[38;2;193;202;202m[48;2;193;202;202m▀[0m[38;2;193;202;202m[48;2;193;202;202m▀[0m[38;2;193;202;202m[48;2;193;202;202m▀[0m[38;2;193;202;202m[48;2;193;202;202m▀[0m[38;2;193;202;202m[48;2;193;202;202m▀[0m[38;2;137;145;145m[48;2;137;145;145m▀[0m[38;2;179;184;189m[48;2;179;184;189m▀[0m[38;2;16;16;16m[48;2;179;184;189m▀[0m[38;2;137;145;145m[48;2;16;16;16m▀[0m[38;2;137;145;145m[48;2;91;94;94m▀[0m[38;2;91;94;94m[48;2;137;145;145m▀[0m[38;2;91;94;94m[48;2;137;145;145m▀[0m[38;2;137;145;145m[48;2;137;145;145m▀[0m[38;2;193;202;202m[48;2;137;145;145m▀[0m[38;2;193;202;202m[48;2;137;145;145m▀[0m[38;2;193;202;202m[48;2;16;16;16m▀[0m[38;2;193;202;202m[48;2;16;16;16m▀[0m[38;2;16;16;16m▀[0m
 [38;2;16;16;16m▀[0m[38;2;91;94;94m[48;2;16;16;16m▀[0m[38;2;91;94;94m[48;2;91;94;94m▀[0m[38;2;16;16;16m[48;2;16;16;16m▀[0m[38;2;252;252;252m[48;2;179;184;189m▀[0m[38;2;252;252;252m[48;2;252;252;252m▀[0m[38;2;252;252;252m[48;2;252;252;252m▀[0m[38;2;252;252;252m[48;2;252;252;252m▀[0m[38;2;252;252;252m[48;2;252;252;252m▀[0m[38;2;252;252;252m[48;2;252;252;252m▀[0m[38;2;252;252;252m[48;2;252;252;252m▀[0m[38;2;252;252;252m[48;2;252;252;252m▀[0m[38;2;16;16;16m[48;2;179;184;189m▀[0m[38;2;137;145;145m[48;2;16;16;16m▀[0m[38;2;193;202;202m[48;2;137;145;145m▀[0m[38;2;193;202;202m[48;2;137;145;145m▀[0m[38;2;193;202;202m[48;2;193;202;202m▀[0m[38;2;193;202;202m[48;2;193;202;202m▀[0m[38;2;193;202;202m[48;2;193;202;202m▀[0m[38;2;193;202;202m[48;2;137;145;145m▀[0m[38;2;193;202;202m[48;2;137;145;145m▀[0m[38;2;137;145;145m[48;2;137;145;145m▀[0m[38;2;179;184;189m[48;2;91;94;94m▀[0m[38;2;179;184;189m[48;2;179;184;189m▀[0m[38;2;179;184;189m[48;2;179;184;189m▀[0m[38;2;179;184;189m[48;2;179;184;189m▀[0m[38;2;16;16;16m[48;2;179;184;189m▀[0m[38;2;137;145;145m[48;2;16;16;16m▀[0m[38;2;137;145;145m[48;2;16;16;16m▀[0m[38;2;91;94;94m▀[0m[38;2;16;16;16m▀[0m[38;2;16;16;16m▀[0m   
   [38;2;16;16;16m[48;2;16;16;16m▀[0m[38;2;137;145;145m[48;2;137;145;145m▀[0m[38;2;16;16;16m[48;2;137;145;145m▀[0m[38;2;179;184;189m[48;2;16;16;16m▀[0m[38;2;252;252;252m[48;2;179;184;189m▀[0m[38;2;252;252;252m[48;2;179;184;189m▀[0m[38;2;252;252;252m[48;2;179;184;189m▀[0m[38;2;252;252;252m[48;2;179;184;189m▀[0m[38;2;179;184;189m[48;2;179;184;189m▀[0m[38;2;179;184;189m[48;2;179;184;189m▀[0m[38;2;179;184;189m[48;2;179;184;189m▀[0m[38;2;16;16;16m[48;2;16;16;16m▀[0m[38;2;16;16;16m[48;2;137;145;145m▀[0m[38;2;137;145;145m[48;2;16;16;16m▀[0m[38;2;137;145;145m[48;2;91;94;94m▀[0m[38;2;137;145;145m[48;2;137;145;145m▀[0m[38;2;137;145;145m[48;2;137;145;145m▀[0m[38;2;137;145;145m[48;2;137;145;145m▀[0m[38;2;137;145;145m[48;2;137;145;145m▀[0m[38;2;137;145;145m[48;2;137;145;145m▀[0m[38;2;137;145;145m[48;2;137;145;145m▀[0m[38;2;91;94;94m[48;2;137;145;145m▀[0m[38;2;91;94;94m[48;2;137;145;145m▀[0m[38;2;179;184;189m[48;2;91;94;94m▀[0m[38;2;179;184;189m[48;2;91;94;94m▀[0m[38;2;179;184;189m[48;2;91;94;94m▀[0m[38;2;179;184;189m[48;2;179;184;189m▀[0m[38;2;16;16;16m[48;2;179;184;189m▀[0m[38;2;16;16;16m▄[0m    
  [38;2;91;94;94m▄[0m[38;2;91;94;94m[48;2;137;145;145m▀[0m[38;2;137;145;145m[48;2;137;145;145m▀[0m[38;2;137;145;145m[48;2;137;145;145m▀[0m[38;2;137;145;145m[48;2;137;145;145m▀[0m[38;2;91;94;94m[48;2;91;94;94m▀[0m[38;2;137;145;145m[48;2;137;145;145m▀[0m[38;2;179;184;189m[48;2;137;145;145m▀[0m[38;2;179;184;189m[48;2;137;145;145m▀[0m[38;2;179;184;189m[48;2;137;145;145m▀[0m[38;2;179;184;189m[48;2;137;145;145m▀[0m[38;2;137;145;145m[48;2;137;145;145m▀[0m[38;2;16;16;16m[48;2;137;145;145m▀[0m[38;2;137;145;145m[48;2;91;94;94m▀[0m[38;2;137;145;145m[48;2;137;145;145m▀[0m[38;2;137;145;145m[48;2;137;145;145m▀[0m[38;2;16;16;16m[48;2;91;94;94m▀[0m[38;2;16;16;16m[48;2;137;145;145m▀[0m[38;2;91;94;94m[48;2;137;145;145m▀[0m[38;2;137;145;145m[48;2;16;16;16m▀[0m[38;2;137;145;145m[48;2;16;16;16m▀[0m[38;2;137;145;145m[48;2;16;16;16m▀[0m[38;2;137;145;145m[48;2;16;16;16m▀[0m[38;2;137;145;145m[48;2;16;16;16m▀[0m[38;2;137;145;145m[48;2;16;16;16m▀[0m[38;2;137;145;145m[48;2;16;16;16m▀[0m[38;2;137;145;145m[48;2;16;16;16m▀[0m[38;2;16;16;16m▀[0m[38;2;16;16;16m▀[0m     
  [38;2;16;16;16m[48;2;16;16;16m▀[0m[38;2;137;145;145m[48;2;137;145;145m▀[0m[38;2;137;145;145m[48;2;137;145;145m▀[0m[38;2;91;94;94m[48;2;16;16;16m▀[0m[38;2;137;145;145m[48;2;137;145;145m▀[0m[38;2;137;145;145m[48;2;137;145;145m▀[0m[38;2;91;94;94m[48;2;91;94;94m▀[0m[38;2;137;145;145m[48;2;137;145;145m▀[0m[38;2;137;145;145m[48;2;137;145;145m▀[0m[38;2;137;145;145m[48;2;137;145;145m▀[0m[38;2;91;94;94m[48;2;137;145;145m▀[0m[38;2;91;94;94m[48;2;137;145;145m▀[0m[38;2;137;145;145m[48;2;16;16;16m▀[0m[38;2;16;16;16m[48;2;16;16;16m▀[0m[38;2;137;145;145m[48;2;91;94;94m▀[0m[38;2;137;145;145m[48;2;137;145;145m▀[0m[38;2;137;145;145m[48;2;137;145;145m▀[0m[38;2;91;94;94m[48;2;91;94;94m▀[0m[38;2;137;145;145m[48;2;137;145;145m▀[0m[38;2;137;145;145m[48;2;137;145;145m▀[0m[38;2;91;94;94m[48;2;137;145;145m▀[0m[38;2;137;145;145m[48;2;91;94;94m▀[0m[38;2;137;145;145m[48;2;137;145;145m▀[0m[38;2;16;16;16m[48;2;137;145;145m▀[0m[38;2;16;16;16m▄[0m         
   [38;2;16;16;16m▀[0m[38;2;16;16;16m▀[0m [38;2;16;16;16m▀[0m[38;2;16;16;16m▀[0m [38;2;16;16;16m▀[0m[38;2;137;145;145m[48;2;16;16;16m▀[0m[38;2;137;145;145m[48;2;137;145;145m▀[0m[38;2;137;145;145m[48;2;91;94;94m▀[0m[38;2;16;16;16m▀[0m  [38;2;16;16;16m▀[0m[38;2;137;145;145m[48;2;16;16;16m▀[0m[38;2;137;145;145m[48;2;16;16;16m▀[0m[38;2;16;16;16m[48;2;137;145;145m▀[0m[38;2;16;16;16m[48;2;137;145;145m▀[0m[38;2;137;145;145m[48;2;16;16;16m▀[0m[38;2;137;145;145m[48;2;16;16;16m▀[0m[38;2;91;94;94m▀[0m[38;2;16;16;16m▀[0m[38;2;16;16;16m▀[0m          
      [38;2;105;70;39m▄[0m[38;2;105;70;39m▄[0m[38;2;105;70;39m[48;2;242;225;172m▀[0m[38;2;105;70;39m[48;2;242;225;172m▀[0m[38;2;198;155;108m[48;2;242;225;172m▀[0m[38;2;198;155;108m[48;2;198;155;108m▀[0m[38;2;16;16;16m[48;2;198;155;108m▀[0m[38;2;105;70;39m▄[0m   [38;2;16;16;16m[48;2;16;16;16m▀[0m[38;2;137;145;145m[48;2;198;155;108m▀[0m[38;2;137;145;145m[48;2;198;155;108m▀[0m[38;2;16;16;16m[48;2;16;16;16m▀[0m               
    [38;2;105;70;39m▄[0m[38;2;105;70;39m[48;2;253;194;72m▀[0m[38;2;203;131;78m[48;2;253;194;72m▀[0m[38;2;242;225;172m[48;2;203;131;78m▀[0m[38;2;242;225;172m[48;2;105;70;39m▀[0m[38;2;203;131;78m[48;2;253;194;72m▀[0m[38;2;203;131;78m[48;2;203;131;78m▀[0m[38;2;242;225;172m[48;2;16;16;16m▀[0m[38;2;198;155;108m[48;2;16;16;16m▀[0m[38;2;203;131;78m[48;2;203;131;78m▀[0m[38;2;105;70;39m[48;2;105;70;39m▀[0m[38;2;105;70;39m▄[0m[38;2;105;70;39m[48;2;242;225;172m▀[0m[38;2;242;225;172m[48;2;242;225;172m▀[0m[38;2;242;225;172m[48;2;242;225;172m▀[0m[38;2;242;225;172m[48;2;242;225;172m▀[0m[38;2;16;16;16m[48;2;242;225;172m▀[0m[38;2;105;70;39m[48;2;198;155;108m▀[0m[38;2;105;70;39m▄[0m             
    [38;2;105;70;39m▀[0m[38;2;253;194;72m[48;2;16;16;16m▀[0m[38;2;16;16;16m▀[0m[38;2;16;16;16m[48;2;16;16;16m▀[0m[38;2;253;194;72m[48;2;253;194;72m▀[0m[38;2;253;194;72m[48;2;16;16;16m▀[0m[38;2;16;16;16m▀[0m [38;2;105;70;39m▄[0m[38;2;105;70;39m[48;2;253;194;72m▀[0m[38;2;203;131;78m[48;2;253;194;72m▀[0m[38;2;242;225;172m[48;2;203;131;78m▀[0m[38;2;198;155;108m[48;2;105;70;39m▀[0m[38;2;203;131;78m[48;2;253;194;72m▀[0m[38;2;203;131;78m[48;2;203;131;78m▀[0m[38;2;242;225;172m[48;2;105;70;39m▀[0m[38;2;198;155;108m[48;2;16;16;16m▀[0m[38;2;198;155;108m[48;2;16;16;16m▀[0m[38;2;203;131;78m[48;2;203;131;78m▀[0m[38;2;16;16;16m[48;2;16;16;16m▀[0m            
        [38;2;16;16;16m▀[0m   [38;2;105;70;39m▀[0m[38;2;253;194;72m[48;2;16;16;16m▀[0m[38;2;16;16;16m▀[0m[38;2;105;70;39m[48;2;105;70;39m▀[0m[38;2;253;194;72m[48;2;253;194;72m▀[0m[38;2;253;194;72m[48;2;16;16;16m▀[0m[38;2;16;16;16m▀[0m   [38;2;16;16;16m▀[0m             
                [38;2;16;16;16m▀[0m                   
[0m