                 [38;2;0;0;0m▄[0m[38;2;0;0;0m[48;2;12;12;12m▀[0m[38;2;17;17;17m[48;2;61;61;61m▀[0m[38;2;19;19;19m[48;2;58;58;58m▀[0m[38;2;15;15;15m[48;2;6;6;6m▀[0m                  
                [38;2;0;0;0m▄[0m[38;2;4;4;4m[48;2;18;18;18m▀[0m[38;2;52;52;52m[48;2;57;57;57m▀[0m[38;2;101;101;101m[48;2;98;98;99m▀[0m[38;2;53;53;53m[48;2;53;53;54m▀[0m[38;2;6;6;6m[48;2;7;7;7m▀[0m                  
                [38;2;4;4;4m[48;2;6;6;6m▀[0m[38;2;53;53;53m[48;2;45;45;45m▀[0m[38;2;98;98;99m[48;2;69;69;74m▀[0m[38;2;69;69;73m[48;2;42;42;47m▀[0m[38;2;44;44;53m[48;2;23;23;23m▀[0m[38;2;10;10;10m▄[0m                  
                [38;2;0;0;0m[48;2;2;0;2m▀[0m[38;2;28;30;26m[48;2;65;69;60m▀[0m[38;2;53;56;54m[48;2;127;136;117m▀[0m[38;2;91;92;93m[48;2;101;104;99m▀[0m[38;2;58;58;58m[48;2;47;47;50m▀[0m[38;2;6;6;6m[48;2;8;8;6m▀[0m                  
                [38;2;4;4;4m[48;2;12;12;12m▀[0m[38;2;53;56;51m[48;2;24;24;28m▀[0m[38;2;101;104;99m[48;2;67;67;71m▀[0m[38;2;66;65;70m[48;2;57;57;57m▀[0m[38;2;27;27;31m[48;2;2;2;0m▀[0m[38;2;9;9;9m▀[0m                  
                 [38;2;2;2;2m[48;2;7;7;7m▀[0m[38;2;53;53;53m[48;2;55;55;55m▀[0m[38;2;60;60;60m[48;2;60;60;60m▀[0m[38;2;6;6;6m[48;2;6;6;6m▀[0m                   
                 [38;2;7;7;7m[48;2;4;4;2m▀[0m[38;2;55;55;55m[48;2;52;52;51m▀[0m[38;2;58;58;58m[48;2;74;74;76m▀[0m[38;2;2;2;2m[48;2;35;35;39m▀[0m                   
               [38;2;73;58;68m▄[0m[38;2;52;41;49m▄[0m[38;2;39;39;44m[48;2;31;33;36m▀[0m[38;2;69;69;71m[48;2;76;76;81m▀[0m[38;2;80;80;85m[48;2;91;91;92m▀[0m[38;2;39;39;44m[48;2;48;48;49m▀[0m[38;2;10;10;10m[48;2;8;8;8m▀[0m  [38;2;68;51;63m▄[0m[38;2;73;55;67m▄[0m[38;2;89;63;80m▄[0m[38;2;88;62;83m▄[0m            
              [38;2;64;52;60m[48;2;63;51;60m▀[0m[38;2;132;74;111m[48;2;146;79;121m▀[0m[38;2;112;55;90m[48;2;153;76;127m▀[0m[38;2;31;37;34m[48;2;53;62;61m▀[0m[38;2;90;90;91m[48;2;93;93;93m▀[0m[38;2;96;96;96m[48;2;95;95;95m▀[0m[38;2;54;54;54m[48;2;52;52;51m▀[0m[38;2;6;6;6m[48;2;0;0;0m▀[0m[38;2;88;64;80m▄[0m[38;2;60;50;57m[48;2;110;67;98m▀[0m[38;2;144;76;119m[48;2;140;77;121m▀[0m[38;2;186;90;149m[48;2;204;94;163m▀[0m[38;2;80;48;68m[48;2;78;42;63m▀[0m[38;2;23;20;23m[48;2;0;6;0m▀[0m            
             [38;2;4;4;4m▄[0m[38;2;99;66;86m[48;2;27;26;30m▀[0m[38;2;73;46;63m[48;2;75;75;77m▀[0m[38;2;57;44;53m[48;2;106;115;98m▀[0m[38;2;88;89;90m[48;2;114;121;106m▀[0m[38;2;90;89;90m[48;2;101;105;97m▀[0m[38;2;93;93;93m[48;2;88;88;89m▀[0m[38;2;71;71;74m[48;2;90;90;91m▀[0m[38;2;22;24;27m[48;2;68;69;74m▀[0m[38;2;57;39;51m[48;2;28;27;31m▀[0m[38;2;92;62;82m[48;2;62;43;56m▀[0m[38;2;122;72;108m[48;2;52;37;47m▀[0m[38;2;126;75;109m[48;2;19;18;19m▀[0m[38;2;82;52;72m[48;2;12;15;13m▀[0m[38;2;0;0;0m[48;2;0;4;0m▀[0m            
      [38;2;141;75;132m▄[0m[38;2;126;74;112m▄[0m[38;2;77;54;69m[48;2;96;61;83m▀[0m[38;2;82;59;76m[48;2;197;91;156m▀[0m[38;2;74;54;69m[48;2;198;91;157m▀[0m[38;2;96;62;87m[48;2;149;70;119m▀[0m[38;2;101;57;89m[48;2;31;35;33m▀[0m[38;2;25;30;27m[48;2;80;79;83m▀[0m[38;2;97;99;94m[48;2;78;81;80m▀[0m[38;2;113;121;105m[48;2;120;129;109m▀[0m[38;2;117;125;107m[48;2;115;123;106m▀[0m[38;2;115;124;106m[48;2;115;123;106m▀[0m[38;2;116;123;106m[48;2;119;128;108m▀[0m[38;2;102;105;97m[48;2;87;91;87m▀[0m[38;2;89;89;90m[48;2;72;72;76m▀[0m[38;2;89;89;90m[48;2;92;92;92m▀[0m[38;2;87;88;88m[48;2;93;93;93m▀[0m[38;2;38;40;38m[48;2;70;70;75m▀[0m[38;2;81;47;72m[48;2;30;28;32m▀[0m[38;2;124;71;110m[48;2;61;43;55m▀[0m[38;2;123;69;108m[48;2;122;72;108m▀[0m[38;2;95;62;86m[48;2;128;74;114m▀[0m[38;2;25;23;24m[48;2;170;82;138m▀[0m[38;2;7;13;8m[48;2;197;89;156m▀[0m[38;2;6;13;6m[48;2;48;29;41m▀[0m[38;2;9;12;10m▄[0m[38;2;7;7;7m▄[0m       
   [38;2;121;72;109m▄[0m[38;2;133;85;109m[48;2;142;78;123m▀[0m[38;2;129;75;113m[48;2;199;91;157m▀[0m[38;2;94;60;83m[48;2;196;89;155m▀[0m[38;2;201;92;159m[48;2;185;88;145m▀[0m[38;2;197;91;156m[48;2;100;63;74m▀[0m[38;2;164;76;130m[48;2;52;35;40m▀[0m[38;2;14;15;14m[48;2;148;88;102m▀[0m[38;2;19;16;18m[48;2;19;24;22m▀[0m[38;2;39;39;39m[48;2;147;147;147m▀[0m[38;2;70;70;70m[48;2;209;209;209m▀[0m[38;2;36;36;37m[48;2;78;78;78m▀[0m[38;2;105;108;101m[48;2;90;90;90m▀[0m[38;2;118;127;108m[48;2;91;91;90m▀[0m[38;2;105;110;99m[48;2;90;90;90m▀[0m[38;2;94;94;94m[48;2;81;80;81m▀[0m[38;2;51;51;51m[48;2;173;172;174m▀[0m[38;2;50;50;50m[48;2;191;196;186m▀[0m[38;2;95;95;95m[48;2;95;99;90m▀[0m[38;2;90;90;90m[48;2;89;88;89m▀[0m[38;2;94;94;94m[48;2;92;92;92m▀[0m[38;2;37;39;38m[48;2;72;72;77m▀[0m[38;2;55;40;50m[48;2;16;22;24m▀[0m[38;2;86;60;78m[48;2;127;75;88m▀[0m[38;2;77;56;70m[48;2;190;112;130m▀[0m[38;2;169;83;136m[48;2;102;68;83m▀[0m[38;2;203;92;160m[48;2;167;81;135m▀[0m[38;2;191;88;151m[48;2;200;91;158m▀[0m[38;2;199;91;157m[48;2;198;90;157m▀[0m[38;2;42;26;36m[48;2;194;89;154m▀[0m[38;2;13;15;13m[48;2;202;92;160m▀[0m[38;2;19;19;19m[48;2;39;26;34m▀[0m[38;2;0;9;0m▄[0m    
  [38;2;115;92;139m[48;2;90;65;90m▀[0m[38;2;139;77;121m[48;2;144;78;124m▀[0m[38;2;199;91;157m[48;2;200;91;158m▀[0m[38;2;199;91;158m[48;2;182;87;143m▀[0m[38;2;169;79;134m[48;2;129;79;92m▀[0m[38;2;38;30;29m[48;2;199;118;134m▀[0m[38;2;190;112;130m[48;2;242;151;158m▀[0m[38;2;201;120;134m[48;2;240;149;157m▀[0m[38;2;184;113;119m[48;2;187;117;124m▀[0m[38;2;66;72;72m[48;2;16;17;19m▀[0m[38;2;199;199;200m[48;2;113;114;119m▀[0m[38;2;31;30;31m[48;2;184;185;184m▀[0m[38;2;91;91;91m[48;2;28;30;28m▀[0m[38;2;90;90;90m[48;2;94;95;94m▀[0m[38;2;90;90;90m[48;2;90;90;90m▀[0m[38;2;90;90;90m[48;2;90;90;90m▀[0m[38;2;94;94;94m[48;2;81;81;81m▀[0m[38;2;46;46;46m[48;2;176;175;177m▀[0m[38;2;148;148;148m[48;2;185;190;180m▀[0m[38;2;177;177;176m[48;2;84;88;80m▀[0m[38;2;81;81;81m[48;2;84;84;84m▀[0m[38;2;92;92;92m[48;2;65;67;71m▀[0m[38;2;69;70;75m[48;2;23;25;28m▀[0m[38;2;20;24;26m[48;2;129;77;88m▀[0m[38;2;133;79;91m[48;2;234;144;154m▀[0m[38;2;186;110;127m[48;2;202;122;136m▀[0m[38;2;187;109;126m[48;2;185;108;125m▀[0m[38;2;97;66;80m[48;2;107;70;85m▀[0m[38;2;168;81;136m[48;2;116;69;104m▀[0m[38;2;200;91;158m[48;2;179;86;144m▀[0m[38;2;197;90;156m[48;2;197;90;156m▀[0m[38;2;197;90;156m[48;2;197;90;156m▀[0m[38;2;205;93;162m[48;2;197;90;156m▀[0m[38;2;40;26;35m[48;2;206;94;163m▀[0m[38;2;0;9;0m[48;2;42;27;36m▀[0m[38;2;0;8;0m▄[0m  
[38;2;18;12;18m▄[0m[38;2;7;21;14m[48;2;52;32;44m▀[0m[38;2;104;65;90m[48;2;209;94;165m▀[0m[38;2;202;91;159m[48;2;195;91;154m▀[0m[38;2;183;87;143m[48;2;124;77;89m▀[0m[38;2;130;79;92m[48;2;192;114;130m▀[0m[38;2;198;118;133m[48;2;246;154;160m▀[0m[38;2;242;151;158m[48;2;228;141;150m▀[0m[38;2;222;136;146m[48;2;173;101;119m▀[0m[38;2;174;101;119m[48;2;201;122;136m▀[0m[38;2;204;122;137m[48;2;230;142;151m▀[0m[38;2;191;119;127m[48;2;185;107;127m▀[0m[38;2;9;6;7m[48;2;142;88;96m▀[0m[38;2;45;43;40m[48;2;56;29;48m▀[0m[38;2;128;120;116m[48;2;221;95;173m▀[0m[38;2;95;88;93m[48;2;168;91;139m▀[0m[38;2;90;91;90m[48;2;84;87;86m▀[0m[38;2;86;87;87m[48;2;57;54;55m▀[0m[38;2;78;80;79m[48;2;34;22;24m▀[0m[38;2;83;84;85m[48;2;58;47;52m▀[0m[38;2;45;46;48m[48;2;74;67;76m▀[0m[38;2;18;15;17m[48;2;147;98;110m▀[0m[38;2;31;23;25m[48;2;192;112;130m▀[0m[38;2;25;21;20m[48;2;228;139;151m▀[0m[38;2;128;76;88m[48;2;211;127;140m▀[0m[38;2;229;140;152m[48;2;212;130;141m▀[0m[38;2;242;151;157m[48;2;238;148;155m▀[0m[38;2;243;152;159m[48;2;238;148;156m▀[0m[38;2;200;121;134m[48;2;244;153;159m▀[0m[38;2;186;110;125m[48;2;200;119;134m▀[0m[38;2;139;80;115m[48;2;110;71;87m▀[0m[38;2;78;55;73m[48;2;73;54;68m▀[0m[38;2;178;85;143m[48;2;183;86;147m▀[0m[38;2;200;91;158m[48;2;189;89;151m▀[0m[38;2;197;90;156m[48;2;201;91;159m▀[0m[38;2;189;88;151m[48;2;141;77;121m▀[0m[38;2;208;94;164m[48;2;184;87;148m▀[0m[38;2;45;28;38m[48;2;207;94;164m▀[0m[38;2;0;7;0m[48;2;48;30;42m▀[0m[38;2;18;12;18m▄[0m
[38;2;20;18;20m[48;2;15;15;15m▀[0m[38;2;175;81;139m[48;2;1;10;5m▀[0m[38;2;164;77;131m[48;2;1;10;5m▀[0m[38;2;159;75;126m[48;2;7;12;8m▀[0m[38;2;105;65;76m[48;2;46;32;36m▀[0m[38;2;190;112;129m[48;2;171;101;118m▀[0m[38;2;232;144;152m[48;2;184;109;126m▀[0m[38;2;230;143;151m[48;2;242;151;158m▀[0m[38;2;197;118;133m[48;2;242;151;159m▀[0m[38;2;242;151;158m[48;2;227;139;149m▀[0m[38;2;216;132;143m[48;2;206;124;138m▀[0m[38;2;196;118;132m[48;2;174;113;115m▀[0m[38;2;153;97;103m[48;2;39;19;38m▀[0m[38;2;86;42;72m[48;2;228;104;180m▀[0m[38;2;200;91;158m[48;2;119;60;98m▀[0m[38;2;146;71;119m[48;2;0;6;0m▀[0m[38;2;69;41;62m[48;2;108;67;76m▀[0m[38;2;100;62;69m[48;2;231;140;154m▀[0m[38;2;237;145;157m[48;2;246;153;160m▀[0m[38;2;219;132;145m[48;2;217;133;144m▀[0m[38;2;207;124;138m[48;2;177;105;122m▀[0m[38;2;247;152;160m[48;2;209;127;139m▀[0m[38;2;210;128;140m[48;2;248;155;162m▀[0m[38;2;209;127;139m[48;2;197;118;133m▀[0m[38;2;243;151;159m[48;2;215;131;143m▀[0m[38;2;193;116;131m[48;2;208;126;139m▀[0m[38;2;216;132;143m[48;2;223;136;147m▀[0m[38;2;240;150;157m[48;2;240;150;157m▀[0m[38;2;242;151;158m[48;2;242;151;158m▀[0m[38;2;193;116;130m[48;2;193;116;130m▀[0m[38;2;188;110;127m[48;2;178;105;122m▀[0m[38;2;111;73;88m[48;2;196;114;132m▀[0m[38;2;154;74;123m[48;2;22;22;18m▀[0m[38;2;142;76;122m[48;2;179;81;141m▀[0m[38;2;171;83;138m[48;2;86;58;77m▀[0m[38;2;202;91;159m[48;2;189;88;151m▀[0m[38;2;122;71;108m[48;2;86;58;76m▀[0m[38;2;197;91;157m[48;2;151;72;120m▀[0m[38;2;208;94;165m[48;2;203;93;161m▀[0m[38;2;20;18;20m[48;2;20;18;20m▀[0m
   [38;2;26;21;22m[48;2;255;255;255m▀[0m[38;2;134;80;98m[48;2;138;83;100m▀[0m[38;2;139;83;99m[48;2;188;110;127m▀[0m[38;2;190;113;129m[48;2;184;109;125m▀[0m[38;2;243;152;159m[48;2;225;139;149m▀[0m[38;2;238;148;156m[48;2;245;153;160m▀[0m[38;2;239;149;157m[48;2;236;146;155m▀[0m[38;2;248;155;162m[48;2;222;137;147m▀[0m[38;2;193;122;128m[48;2;248;154;162m▀[0m[38;2;91;53;70m[48;2;220;138;148m▀[0m[38;2;144;72;122m[48;2;94;66;73m▀[0m[38;2;65;41;60m[48;2;118;74;79m▀[0m[38;2;108;68;75m[48;2;231;140;154m▀[0m[38;2;232;140;154m[48;2;243;152;158m▀[0m[38;2;243;152;158m[48;2;238;148;156m▀[0m[38;2;237;148;156m[48;2;238;148;156m▀[0m[38;2;244;153;159m[48;2;241;150;157m▀[0m[38;2;205;125;137m[48;2;215;132;143m▀[0m[38;2;207;125;138m[48;2;217;133;144m▀[0m[38;2;244;152;160m[48;2;240;149;157m▀[0m[38;2;210;128;140m[48;2;241;150;158m▀[0m[38;2;220;135;146m[48;2;239;149;157m▀[0m[38;2;243;152;159m[48;2;240;149;157m▀[0m[38;2;239;149;157m[48;2;241;150;158m▀[0m[38;2;238;148;156m[48;2;242;151;158m▀[0m[38;2;244;152;159m[48;2;228;141;150m▀[0m[38;2;194;116;130m[48;2;190;114;129m▀[0m[38;2;178;105;122m[48;2;179;106;123m▀[0m[38;2;190;111;129m[48;2;187;109;127m▀[0m[38;2;25;23;21m[48;2;81;53;58m▀[0m[38;2;183;83;145m[48;2;126;60;101m▀[0m[38;2;95;62;84m[48;2;62;43;56m▀[0m[38;2;197;91;156m[48;2;136;66;109m▀[0m[38;2;96;64;86m[48;2;88;59;78m▀[0m[38;2;6;13;8m[48;2;19;17;17m▀[0m[38;2;145;69;116m[48;2;0;8;1m▀[0m[38;2;20;17;18m▀[0m
   [38;2;115;69;92m▀[0m[38;2;131;79;95m▀[0m[38;2;171;101;119m[48;2;129;78;94m▀[0m[38;2;184;108;125m[48;2;163;97;114m▀[0m[38;2;187;110;128m[48;2;102;63;73m▀[0m[38;2;207;128;139m[48;2;86;53;65m▀[0m[38;2;207;125;138m[48;2;188;111;128m▀[0m[38;2;184;110;125m[48;2;218;134;144m▀[0m[38;2;242;151;158m[48;2;246;153;160m▀[0m[38;2;241;150;157m[48;2;239;148;156m▀[0m[38;2;252;156;164m[48;2;240;150;157m▀[0m[38;2;250;156;164m[48;2;239;149;157m▀[0m[38;2;240;149;157m[48;2;240;150;157m▀[0m[38;2;238;148;156m[48;2;238;148;156m▀[0m[38;2;238;148;156m[48;2;238;148;156m▀[0m[38;2;238;148;156m[48;2;238;148;156m▀[0m[38;2;238;148;156m[48;2;242;150;158m▀[0m[38;2;240;150;157m[48;2;242;150;158m▀[0m[38;2;240;149;157m[48;2;239;149;156m▀[0m[38;2;240;149;157m[48;2;227;139;149m▀[0m[38;2;241;150;158m[48;2;214;131;142m▀[0m[38;2;243;151;159m[48;2;216;133;144m▀[0m[38;2;225;138;148m[48;2;191;113;129m▀[0m[38;2;218;133;145m[48;2;156;92;110m▀[0m[38;2;221;135;146m[48;2;168;99;116m▀[0m[38;2;188;111;127m[48;2;182;107;124m▀[0m[38;2;157;93;110m[48;2;150;89;105m▀[0m[38;2;177;105;121m[48;2;151;90;106m▀[0m[38;2;180;106;123m[48;2;176;104;121m▀[0m[38;2;197;115;134m[48;2;184;108;125m▀[0m[38;2;83;55;58m[48;2;174;103;121m▀[0m[38;2;59;40;45m[48;2;145;87;104m▀[0m[38;2;4;11;5m▀[0m    
      [38;2;106;65;80m▀[0m[38;2;0;0;0m[48;2;0;0;0m▀[0m[38;2;41;31;33m[48;2;39;28;30m▀[0m[38;2;208;123;141m[48;2;117;72;83m▀[0m[38;2;213;130;142m[48;2;133;79;96m▀[0m[38;2;203;126;137m[48;2;91;58;67m▀[0m[38;2;235;145;154m[48;2;217;131;144m▀[0m[38;2;215;132;143m[48;2;220;135;146m▀[0m[38;2;230;142;152m[48;2;218;134;145m▀[0m[38;2;219;134;145m[48;2;191;114;130m▀[0m[38;2;240;149;157m[48;2;242;151;158m▀[0m[38;2;238;148;156m[48;2;242;150;158m▀[0m[38;2;241;150;158m[48;2;250;157;163m▀[0m[38;2;209;129;139m[48;2;170;104;117m▀[0m[38;2;211;130;140m[48;2;156;94;109m▀[0m[38;2;252;157;164m[48;2;222;135;147m▀[0m[38;2;187;114;127m[48;2;152;92;107m▀[0m[38;2;161;94;112m[48;2;153;91;108m▀[0m[38;2;177;104;122m[48;2;185;109;126m▀[0m[38;2;183;107;124m[48;2;186;109;126m▀[0m[38;2;133;80;96m[48;2;142;85;102m▀[0m[38;2;161;95;111m[48;2;173;102;119m▀[0m[38;2;182;107;124m[48;2;188;110;128m▀[0m[38;2;188;110;127m[48;2;187;110;127m▀[0m[38;2;128;76;94m[48;2;140;83;101m▀[0m[38;2;172;102;118m[48;2;159;95;113m▀[0m[38;2;168;100;117m[48;2;126;76;91m▀[0m[38;2;137;83;101m[48;2;127;76;94m▀[0m[38;2;98;78;78m[48;2;117;78;98m▀[0m     
        [38;2;0;0;0m▀[0m[38;2;20;18;20m▀[0m[38;2;68;44;53m[48;2;0;0;0m▀[0m[38;2;51;35;39m[48;2;42;29;31m▀[0m[38;2;218;130;146m[48;2;121;76;84m▀[0m[38;2;239;148;156m[48;2;188;112;128m▀[0m[38;2;207;125;138m[48;2;173;105;119m▀[0m[38;2;222;136;147m[48;2;250;156;163m▀[0m[38;2;243;152;159m[48;2;246;153;161m▀[0m[38;2;207;128;138m[48;2;181;112;124m▀[0m[38;2;203;126;136m[48;2;169;104;117m▀[0m[38;2;203;124;136m[48;2;226;138;149m▀[0m[38;2;142;84;101m[48;2;143;85;102m▀[0m[38;2;165;97;114m[48;2;150;89;106m▀[0m[38;2;143;85;102m[48;2;173;102;119m▀[0m[38;2;131;79;95m[48;2;130;78;94m▀[0m[38;2;171;102;118m[48;2;174;103;121m▀[0m[38;2;172;101;119m[48;2;109;67;78m▀[0m[38;2;89;57;66m[48;2;21;18;18m▀[0m[38;2;73;48;54m[48;2;0;0;0m▀[0m[38;2;140;84;99m[48;2;82;51;64m▀[0m[38;2;166;98;117m[48;2;128;77;95m▀[0m[38;2;132;79;95m[48;2;127;63;95m▀[0m[38;2;122;75;91m▀[0m[38;2;63;63;63m▀[0m       
           [38;2;0;0;0m[48;2;0;0;0m▀[0m[38;2;62;43;47m[48;2;36;27;27m▀[0m[38;2;176;102;122m[48;2;103;65;74m▀[0m[38;2;137;82;98m[48;2;183;107;126m▀[0m[38;2;223;137;148m[48;2;186;110;126m▀[0m[38;2;232;143;153m[48;2;194;116;131m▀[0m[38;2;159;96;111m[48;2;147;88;104m▀[0m[38;2;154;92;108m[48;2;144;85;102m▀[0m[38;2;201;120;135m[48;2;161;96;112m▀[0m[38;2;145;86;103m[48;2;149;88;105m▀[0m[38;2;149;88;105m[48;2;173;102;119m▀[0m[38;2;191;112;129m[48;2;195;114;132m▀[0m[38;2;135;83;103m[48;2;98;63;72m▀[0m[38;2;84;56;66m[48;2;8;12;12m▀[0m[38;2;39;28;30m[48;2;0;0;0m▀[0m[38;2;0;0;0m▀[0m             
            [38;2;0;0;0m▀[0m[38;2;26;20;20m[48;2;0;3;0m▀[0m[38;2;106;66;75m[48;2;37;30;34m▀[0m[38;2;192;112;131m[48;2;133;83;101m▀[0m[38;2;179;105;122m[48;2;187;109;126m▀[0m[38;2;173;102;119m[48;2;183;108;125m▀[0m[38;2;175;103;120m[48;2;181;107;124m▀[0m[38;2;146;87;104m[48;2;175;103;120m▀[0m[38;2;147;87;104m[48;2;181;106;123m▀[0m[38;2;193;113;130m[48;2;140;86;104m▀[0m[38;2;150;93;112m[48;2;49;38;46m▀[0m[38;2;75;51;64m[48;2;8;11;11m▀[0m[38;2;0;0;0m▀[0m               
            [38;2;0;8;8m▄[0m[38;2;0;0;0m[48;2;44;31;37m▀[0m[38;2;61;41;47m[48;2;142;84;100m▀[0m[38;2;183;108;126m[48;2;168;99;117m▀[0m[38;2;160;95;111m[48;2;145;86;104m▀[0m[38;2;147;87;104m[48;2;178;105;121m▀[0m[38;2;186;109;126m[48;2;184;108;125m▀[0m[38;2;155;91;108m[48;2;148;88;105m▀[0m[38;2;156;92;109m[48;2;150;88;105m▀[0m[38;2;177;105;122m[48;2;185;109;126m▀[0m[38;2;132;80;95m[48;2;193;113;132m▀[0m[38;2;49;34;41m[48;2;83;54;60m▀[0m[38;2;0;9;6m[48;2;0;2;0m▀[0m               
            [38;2;0;3;0m[48;2;0;0;0m▀[0m[38;2;68;45;51m[48;2;25;19;22m▀[0m[38;2;202;118;137m[48;2;28;23;24m▀[0m[38;2;119;72;83m[48;2;14;14;15m▀[0m[38;2;75;48;55m[48;2;80;52;58m▀[0m[38;2;191;112;131m[48;2;193;113;132m▀[0m[38;2;183;108;125m[48;2;185;109;126m▀[0m[38;2;152;90;107m[48;2;160;95;113m▀[0m[38;2;120;72;89m[48;2;67;44;52m▀[0m[38;2;171;101;119m[48;2;20;19;19m▀[0m[38;2;102;64;73m[48;2;23;21;21m▀[0m[38;2;17;12;12m[48;2;0;0;0m▀[0m[38;2;0;0;0m▀[0m               
             [38;2;0;0;0m▀[0m[38;2;0;0;0m▀[0m[38;2;15;15;15m▀[0m[38;2;19;18;18m▀[0m[38;2;22;19;20m▀[0m[38;2;21;19;19m▀[0m[38;2;22;19;20m▀[0m[38;2;19;17;17m▀[0m[38;2;0;0;0m▀[0m[38;2;0;0;0m▀[0m                 
[0m