                     [38;2;14;57;115m[48;2;13;55;114m▀[0m[38;2;16;95;183m[48;2;17;96;184m▀[0m[38;2;17;89;175m[48;2;17;106;199m▀[0m[38;2;0;0;85m[48;2;17;86;170m▀[0m               
                     [38;2;13;52;112m[48;2;11;52;111m▀[0m[38;2;17;71;150m[48;2;13;56;117m▀[0m[38;2;16;106;198m[48;2;16;83;162m▀[0m[38;2;14;75;145m[48;2;16;87;169m▀[0m[38;2;13;67;134m[48;2;14;95;176m▀[0m[38;2;19;39;98m[48;2;15;36;78m▀[0m             
                     [38;2;13;54;114m[48;2;13;53;114m▀[0m[38;2;18;78;161m[48;2;15;71;145m▀[0m[38;2;18;77;158m[48;2;18;81;165m▀[0m[38;2;18;83;169m[48;2;18;79;163m▀[0m[38;2;16;70;143m[48;2;17;85;167m▀[0m[38;2;14;57;121m[48;2;16;82;164m▀[0m             
                     [38;2;0;0;0m▄[0m[38;2;13;60;124m[48;2;14;58;121m▀[0m[38;2;18;83;167m[48;2;17;76;155m▀[0m[38;2;18;78;159m[48;2;18;80;164m▀[0m[38;2;17;105;198m[48;2;15;84;164m▀[0m[38;2;17;91;179m[48;2;17;100;189m▀[0m[38;2;21;74;159m[48;2;18;79;161m▀[0m            
                     [38;2;0;0;0m▀[0m[38;2;14;63;128m[48;2;12;71;137m▀[0m[38;2;17;81;161m[48;2;15;79;153m▀[0m[38;2;18;80;164m[48;2;18;78;160m▀[0m[38;2;15;62;130m[48;2;16;90;170m▀[0m[38;2;15;101;186m[48;2;15;108;197m▀[0m[38;2;18;85;172m[48;2;16;113;208m▀[0m[38;2;17;85;170m[48;2;16;93;180m▀[0m[38;2;0;0;0m[48;2;63;0;63m▀[0m          
                    [38;2;9;47;103m▄[0m[38;2;0;0;28m[48;2;13;75;146m▀[0m[38;2;14;63;128m[48;2;15;120;216m▀[0m[38;2;17;96;183m[48;2;15;122;217m▀[0m[38;2;16;114;207m[48;2;15;121;217m▀[0m[38;2;15;124;220m[48;2;15;120;215m▀[0m[38;2;15;115;207m[48;2;15;120;214m▀[0m[38;2;15;86;164m[48;2;15;119;213m▀[0m[38;2;17;80;163m[48;2;14;93;173m▀[0m[38;2;17;17;68m[48;2;12;73;143m▀[0m[38;2;8;41;90m▄[0m         
                   [38;2;23;0;0m▄[0m[38;2;14;45;94m[48;2;15;49;80m▀[0m[38;2;15;102;189m[48;2;15;126;225m▀[0m[38;2;15;123;221m[48;2;15;122;218m▀[0m[38;2;15;120;215m[48;2;15;122;218m▀[0m[38;2;15;120;215m[48;2;15;122;217m▀[0m[38;2;15;120;215m[48;2;15;121;215m▀[0m[38;2;15;121;215m[48;2;13;117;216m▀[0m[38;2;13;118;217m[48;2;26;109;177m▀[0m[38;2;11;117;222m[48;2;49;121;135m▀[0m[38;2;14;107;207m[48;2;35;116;166m▀[0m[38;2;15;67;140m[48;2;10;70;148m▀[0m[38;2;0;0;0m[48;2;17;17;51m▀[0m        
                   [38;2;23;0;0m[48;2;23;0;0m▀[0m[38;2;16;41;68m[48;2;16;35;61m▀[0m[38;2;17;99;190m[48;2;18;81;168m▀[0m[38;2;17;95;182m[48;2;18;78;161m▀[0m[38;2;17;94;181m[48;2;18;78;161m▀[0m[38;2;16;99;188m[48;2;18;79;162m▀[0m[38;2;14;120;217m[48;2;16;80;168m▀[0m[38;2;20;122;206m[48;2;28;117;180m▀[0m[38;2;92;177;97m[48;2;114;211;77m▀[0m[38;2;115;210;74m[48;2;108;184;88m▀[0m[38;2;102;192;88m[48;2;59;96;48m▀[0m[38;2;31;86;111m[48;2;183;196;79m▀[0m[38;2;0;0;153m[48;2;201;147;35m▀[0m        
      [38;2;11;0;0m▄[0m[38;2;18;0;0m▄[0m           [38;2;23;0;0m[48;2;28;0;0m▀[0m[38;2;16;36;63m[48;2;17;34;57m▀[0m[38;2;18;84;172m[48;2;18;78;157m▀[0m[38;2;18;80;163m[48;2;18;81;164m▀[0m[38;2;18;80;163m[48;2;18;80;163m▀[0m[38;2;18;80;163m[48;2;18;80;163m▀[0m[38;2;17;79;163m[48;2;18;80;163m▀[0m[38;2;17;81;158m[48;2;13;76;164m▀[0m[38;2;90;166;131m[48;2;53;97;149m▀[0m[38;2;170;220;150m[48;2;138;136;87m▀[0m[38;2;94;136;130m[48;2;174;156;74m▀[0m[38;2;198;192;117m[48;2;238;204;88m▀[0m[38;2;236;194;62m[48;2;255;215;86m▀[0m[38;2;187;157;38m[48;2;227;188;64m▀[0m[38;2;56;87;108m▄[0m[38;2;10;71;143m▄[0m[38;2;10;51;113m▄[0m    
    [38;2;16;12;12m▄[0m[38;2;16;4;0m[48;2;17;48;92m▀[0m[38;2;17;45;81m[48;2;18;81;168m▀[0m[38;2;16;51;100m[48;2;17;99;191m▀[0m[38;2;7;47;95m[48;2;13;71;138m▀[0m           [38;2;17;3;0m[48;2;15;7;0m▀[0m[38;2;18;57;108m[48;2;18;52;97m▀[0m[38;2;18;83;171m[48;2;18;82;167m▀[0m[38;2;18;80;163m[48;2;18;80;163m▀[0m[38;2;18;80;163m[48;2;18;80;163m▀[0m[38;2;14;79;166m[48;2;14;78;167m▀[0m[38;2;67;89;100m[48;2;92;95;74m▀[0m[38;2;172;140;43m[48;2;167;137;38m▀[0m[38;2;186;155;61m[48;2;145;120;39m▀[0m[38;2;255;214;84m[48;2;116;98;41m▀[0m[38;2;254;215;85m[48;2;119;100;42m▀[0m[38;2;250;212;85m[48;2;221;187;75m▀[0m[38;2;254;212;83m[48;2;247;208;82m▀[0m[38;2;41;89;135m[48;2;43;79;120m▀[0m[38;2;11;125;229m[48;2;12;104;199m▀[0m[38;2;13;92;172m[48;2;12;117;215m▀[0m[38;2;14;49;106m[48;2;45;73;97m▀[0m[38;2;90;74;31m▄[0m[38;2;48;36;12m▄[0m 
  [38;2;0;0;0m▄[0m[38;2;15;11;3m[48;2;17;20;26m▀[0m[38;2;15;41;75m[48;2;18;71;143m▀[0m[38;2;18;83;170m[48;2;18;81;166m▀[0m[38;2;18;78;162m[48;2;18;80;163m▀[0m[38;2;17;100;189m[48;2;18;82;166m▀[0m[38;2;14;97;179m[48;2;16;113;207m▀[0m[38;2;12;53;107m[48;2;13;65;130m▀[0m[38;2;0;51;102m▄[0m          [38;2;15;14;14m[48;2;16;16;18m▀[0m[38;2;19;76;152m[48;2;19;70;140m▀[0m[38;2;18;81;165m[48;2;18;81;165m▀[0m[38;2;18;80;163m[48;2;18;81;165m▀[0m[38;2;18;82;167m[48;2;16;73;148m▀[0m[38;2;14;67;138m[48;2;11;52;111m▀[0m[38;2;9;11;13m▀[0m[38;2;11;13;15m▀[0m[38;2;5;7;13m▀[0m[38;2;7;9;13m▀[0m[38;2;87;74;30m▀[0m[38;2;160;133;51m[48;2;80;67;13m▀[0m[38;2;40;75;118m[48;2;16;60;120m▀[0m[38;2;15;89;179m[48;2;18;80;164m▀[0m[38;2;15;122;219m[48;2;16;110;202m▀[0m[38;2;7;88;173m[48;2;10;113;211m▀[0m[38;2;149;131;68m[48;2;80;113;129m▀[0m[38;2;166;138;51m[48;2;212;177;69m▀[0m[38;2;87;73;26m[48;2;85;71;28m▀[0m
 [38;2;0;0;0m▄[0m[38;2;18;0;0m[48;2;16;29;48m▀[0m[38;2;18;51;96m[48;2;18;75;151m▀[0m[38;2;18;84;171m[48;2;18;81;165m▀[0m[38;2;18;80;163m[48;2;18;81;165m▀[0m[38;2;18;81;164m[48;2;16;67;137m▀[0m[38;2;18;77;160m[48;2;18;79;161m▀[0m[38;2;16;113;206m[48;2;17;91;176m▀[0m[38;2;15;102;187m[48;2;15;118;213m▀[0m[38;2;12;44;94m[48;2;13;71;139m▀[0m[38;2;0;0;0m▄[0m     [38;2;21;63;85m▄[0m[38;2;105;135;147m▄[0m[38;2;111;138;152m▄[0m[38;2;78;117;127m▄[0m [38;2;16;32;53m[48;2;15;31;53m▀[0m[38;2;18;83;170m[48;2;18;81;164m▀[0m[38;2;18;81;166m[48;2;18;81;166m▀[0m[38;2;16;70;142m[48;2;16;71;145m▀[0m[38;2;5;46;98m[48;2;3;45;105m▀[0m[38;2;38;89;102m▄[0m    [38;2;8;8;13m[48;2;14;14;12m▀[0m[38;2;16;66;134m[48;2;19;74;149m▀[0m[38;2;18;81;165m[48;2;18;81;165m▀[0m[38;2;18;86;170m[48;2;18;80;162m▀[0m[38;2;13;124;223m[48;2;16;106;198m▀[0m[38;2;31;81;133m[48;2;17;108;193m▀[0m[38;2;171;140;51m[48;2;27;53;85m▀[0m[38;2;86;70;27m▀[0m
 [38;2;16;16;18m▄[0m[38;2;16;31;49m[48;2;18;62;122m▀[0m[38;2;18;84;172m[48;2;18;82;166m▀[0m[38;2;18;80;164m[48;2;18;81;166m▀[0m[38;2;17;75;154m[48;2;15;66;136m▀[0m[38;2;16;66;135m[48;2;17;75;152m▀[0m[38;2;18;80;162m[48;2;18;81;164m▀[0m[38;2;18;80;163m[48;2;18;77;159m▀[0m[38;2;16;113;206m[48;2;17;92;178m▀[0m[38;2;14;95;176m[48;2;15;124;222m▀[0m[38;2;13;52;111m[48;2;14;63;126m▀[0m[38;2;0;51;102m▄[0m   [38;2;91;121;139m[48;2;93;124;137m▀[0m[38;2;133;154;169m[48;2;167;180;205m▀[0m[38;2;150;165;187m[48;2;169;172;209m▀[0m[38;2;204;208;221m[48;2;166;172;202m▀[0m[38;2;137;157;176m[48;2;160;172;190m▀[0m[38;2;129;154;168m[48;2;151;170;183m▀[0m[38;2;11;11;11m[48;2;27;27;18m▀[0m[38;2;17;52;98m[48;2;16;50;95m▀[0m[38;2;18;83;170m[48;2;18;86;177m▀[0m[38;2;16;80;166m[48;2;10;53;110m▀[0m[38;2;47;88;137m[48;2;143;151;165m▀[0m[38;2;146;164;176m[48;2;206;208;226m▀[0m[38;2;119;143;156m[48;2;134;154;167m▀[0m[38;2;0;0;0m[48;2;58;58;98m▀[0m [38;2;0;0;0m▄[0m[38;2;15;15;11m[48;2;14;18;19m▀[0m[38;2;19;73;147m[48;2;19;73;148m▀[0m[38;2;18;81;166m[48;2;18;82;167m▀[0m[38;2;18;79;161m[48;2;17;77;157m▀[0m[38;2;18;91;178m[48;2;16;67;139m▀[0m[38;2;15;118;215m[48;2;16;113;207m▀[0m[38;2;11;75;149m[48;2;15;101;186m▀[0m[38;2;8;42;93m[48;2;13;39;91m▀[0m
[38;2;15;5;0m▄[0m[38;2;15;12;11m[48;2;17;45;84m▀[0m[38;2;19;76;154m[48;2;18;80;163m▀[0m[38;2;18;81;166m[48;2;18;81;165m▀[0m[38;2;17;75;154m[48;2;16;67;136m▀[0m[38;2;15;65;135m[48;2;17;75;153m▀[0m[38;2;18;81;165m[48;2;18;81;166m▀[0m[38;2;18;82;166m[48;2;17;74;149m▀[0m[38;2;15;63;131m[48;2;16;68;140m▀[0m[38;2;18;78;159m[48;2;18;79;162m▀[0m[38;2;16;111;204m[48;2;17;92;179m▀[0m[38;2;15;105;191m[48;2;15;118;211m▀[0m[38;2;10;43;95m[48;2;13;74;142m▀[0m[38;2;0;21;85m▄[0m  [38;2;102;102;153m▀[0m[38;2;106;133;151m[48;2;104;129;146m▀[0m[38;2;140;155;182m[48;2;137;154;180m▀[0m[38;2;152;161;194m[48;2;160;169;201m▀[0m[38;2;175;180;208m[48;2;170;176;213m▀[0m[38;2;122;137;150m[48;2;68;68;77m▀[0m[38;2;17;13;6m[48;2;7;19;35m▀[0m[38;2;17;49;94m[48;2;18;73;146m▀[0m[38;2;17;80;166m[48;2;11;62;130m▀[0m[38;2;24;49;77m[48;2;77;82;90m▀[0m[38;2;126;135;155m[48;2;148;163;192m▀[0m[38;2;168;176;202m[48;2;148;158;190m▀[0m[38;2;171;182;203m[48;2;187;197;213m▀[0m[38;2;102;129;147m[48;2;105;132;147m▀[0m [38;2;15;3;0m[48;2;14;0;0m▀[0m[38;2;18;53;100m[48;2;18;55;105m▀[0m[38;2;18;83;169m[48;2;18;83;170m▀[0m[38;2;18;80;163m[48;2;18;80;163m▀[0m[38;2;18;81;165m[48;2;16;69;140m▀[0m[38;2;16;70;145m[48;2;18;80;164m▀[0m[38;2;15;77;153m[48;2;14;66;133m▀[0m[38;2;15;105;193m[48;2;15;121;218m▀[0m[38;2;13;62;126m[48;2;14;79;151m▀[0m
[38;2;16;0;0m[48;2;16;30;51m▀[0m[38;2;18;57;109m[48;2;18;71;143m▀[0m[38;2;18;84;172m[48;2;18;84;172m▀[0m[38;2;17;77;158m[48;2;16;52;101m▀[0m[38;2;15;66;135m[48;2;18;71;143m▀[0m[38;2;18;81;165m[48;2;18;82;166m▀[0m[38;2;18;80;162m[48;2;17;76;155m▀[0m[38;2;16;67;137m[48;2;15;65;132m▀[0m[38;2;17;75;152m[48;2;18;81;166m▀[0m[38;2;18;81;165m[48;2;18;81;165m▀[0m[38;2;17;75;153m[48;2;15;63;129m▀[0m[38;2;15;114;207m[48;2;18;79;160m▀[0m[38;2;15;97;179m[48;2;16;116;212m▀[0m[38;2;13;17;31m[48;2;15;75;127m▀[0m[38;2;15;3;0m▄[0m[38;2;21;63;127m▄[0m[38;2;15;60;120m▄[0m[38;2;91;91;81m[48;2;12;49;100m▀[0m[38;2;79;79;93m[48;2;4;18;35m▀[0m[38;2;132;134;158m[48;2;10;35;69m▀[0m[38;2;169;174;209m[48;2;139;153;178m▀[0m[38;2;71;80;102m[48;2;71;100;151m▀[0m[38;2;11;66;139m[48;2;7;71;155m▀[0m[38;2;18;84;172m[48;2;15;80;166m▀[0m[38;2;10;62;129m[48;2;7;50;108m▀[0m[38;2;87;89;103m[48;2;87;89;103m▀[0m[38;2;172;179;214m[48;2;157;163;195m▀[0m[38;2;173;180;217m[48;2;77;78;90m▀[0m[38;2;134;136;159m[48;2;29;58;99m▀[0m[38;2;24;22;19m[48;2;8;39;79m▀[0m[38;2;14;21;21m[48;2;15;13;13m▀[0m[38;2;17;45;84m[48;2;19;79;159m▀[0m[38;2;18;80;162m[48;2;18;81;166m▀[0m[38;2;18;81;164m[48;2;17;76;155m▀[0m[38;2;18;82;165m[48;2;17;73;148m▀[0m[38;2;15;62;127m[48;2;18;78;158m▀[0m[38;2;15;68;138m[48;2;14;59;121m▀[0m[38;2;18;76;155m[48;2;18;72;147m▀[0m[38;2;14;88;168m[48;2;16;45;76m▀[0m[38;2;14;82;158m[48;2;14;59;108m▀[0m
[38;2;18;38;66m[48;2;17;38;66m▀[0m[38;2;18;87;177m[48;2;17;77;157m▀[0m[38;2;17;65;130m[48;2;15;34;61m▀[0m[38;2;17;15;14m[48;2;15;11;6m▀[0m[38;2;18;70;140m[48;2;19;75;150m▀[0m[38;2;18;84;171m[48;2;18;66;130m▀[0m[38;2;15;67;137m[48;2;16;40;74m▀[0m[38;2;18;77;158m[48;2;18;81;165m▀[0m[38;2;18;81;165m[48;2;18;80;164m▀[0m[38;2;16;72;147m[48;2;15;67;137m▀[0m[38;2;16;69;142m[48;2;17;76;155m▀[0m[38;2;18;80;164m[48;2;18;83;169m▀[0m[38;2;17;79;159m[48;2;15;64;132m▀[0m[38;2;17;94;184m[48;2;17;75;154m▀[0m[38;2;13;63;113m[48;2;18;83;169m▀[0m[38;2;27;37;55m[48;2;14;76;159m▀[0m[38;2;148;157;184m[48;2;47;65;95m▀[0m[38;2;171;184;202m[48;2;75;99;129m▀[0m[38;2;77;104;136m[48;2;168;175;211m▀[0m[38;2;111;131;177m[48;2;169;173;206m▀[0m[38;2;159;167;199m[48;2;165;171;205m▀[0m[38;2;151;159;195m[48;2;163;169;203m▀[0m[38;2;48;83;138m[48;2;170;174;206m▀[0m[38;2;99;123;170m[48;2;169;173;205m▀[0m[38;2;148;157;190m[48;2;168;173;206m▀[0m[38;2;157;162;195m[48;2;165;171;205m▀[0m[38;2;84;84;96m[48;2;168;173;207m▀[0m[38;2;21;42;72m[48;2;139;151;190m▀[0m[38;2;3;66;147m[48;2;96;117;161m▀[0m[38;2;79;108;159m[48;2;172;177;210m▀[0m[38;2;152;153;179m[48;2;114;116;137m▀[0m[38;2;26;45;74m[48;2;19;58;111m▀[0m[38;2;17;82;170m[48;2;16;73;149m▀[0m[38;2;17;76;155m[48;2;18;80;164m▀[0m[38;2;14;56;116m[48;2;17;77;157m▀[0m[38;2;16;77;158m[48;2;16;43;81m▀[0m[38;2;17;54;104m[48;2;18;36;63m▀[0m[38;2;15;18;25m[48;2;22;0;0m▀[0m[38;2;16;0;0m▀[0m[38;2;0;0;0m▀[0m
[38;2;15;26;36m▀[0m[38;2;16;25;38m▀[0m[38;2;12;6;0m▀[0m[38;2;17;17;0m▀[0m[38;2;16;28;45m▀[0m[38;2;15;21;29m▀[0m[38;2;15;21;30m[48;2;17;25;38m▀[0m[38;2;18;83;170m[48;2;17;46;86m▀[0m[38;2;15;59;119m[48;2;14;21;28m▀[0m[38;2;15;64;130m[48;2;16;51;99m▀[0m[38;2;18;82;168m[48;2;18;85;173m▀[0m[38;2;16;70;143m[48;2;15;30;51m▀[0m[38;2;16;66;132m[48;2;17;53;100m▀[0m[38;2;18;80;164m[48;2;18;86;177m▀[0m[38;2;18;82;168m[48;2;18;67;132m▀[0m[38;2;19;74;148m[48;2;15;22;32m▀[0m[38;2;13;63;129m[48;2;15;9;1m▀[0m[38;2;22;43;74m[48;2;17;62;121m▀[0m[38;2;142;143;166m[48;2;14;44;84m▀[0m[38;2;73;80;101m[48;2;11;63;133m▀[0m[38;2;140;144;171m[48;2;38;61;96m▀[0m[38;2;171;178;214m[48;2;96;96;110m▀[0m[38;2;145;155;190m[48;2;19;66;131m▀[0m[38;2;80;107;156m[48;2;12;72;150m▀[0m[38;2;117;133;175m[48;2;8;64;139m▀[0m[38;2;156;162;197m[48;2;52;89;146m▀[0m[38;2;167;172;205m[48;2;86;111;156m▀[0m[38;2;144;153;189m[48;2;11;63;133m▀[0m[38;2;79;107;156m[48;2;14;73;153m▀[0m[38;2;138;149;186m[48;2;12;64;134m▀[0m[38;2;53;81;127m[48;2;16;73;150m▀[0m[38;2;12;69;143m[48;2;15;40;74m▀[0m[38;2;18;81;166m[48;2;15;48;92m▀[0m[38;2;15;55;110m[48;2;15;20;25m▀[0m[38;2;17;65;128m[48;2;15;11;7m▀[0m[38;2;16;26;41m[48;2;14;14;14m▀[0m[38;2;15;0;0m▀[0m   
       [38;2;19;4;0m▀[0m[38;2;12;0;0m▀[0m[38;2;16;19;25m▀[0m[38;2;16;31;53m▀[0m[38;2;16;9;0m▀[0m[38;2;17;51;96m[48;2;17;17;14m▀[0m[38;2;18;68;135m[48;2;16;14;10m▀[0m[38;2;15;21;28m▀[0m[38;2;0;0;0m[48;2;16;21;32m▀[0m[38;2;16;39;71m[48;2;18;62;120m▀[0m[38;2;18;80;162m[48;2;18;82;168m▀[0m[38;2;18;84;172m[48;2;18;80;163m▀[0m[38;2;18;82;168m[48;2;18;80;163m▀[0m[38;2;16;75;155m[48;2;18;81;164m▀[0m[38;2;10;58;121m[48;2;18;82;168m▀[0m[38;2;18;79;162m[48;2;18;80;163m▀[0m[38;2;18;81;165m[48;2;18;80;163m▀[0m[38;2;19;82;166m[48;2;18;80;163m▀[0m[38;2;14;75;157m[48;2;18;80;164m▀[0m[38;2;10;70;149m[48;2;18;81;164m▀[0m[38;2;18;81;165m[48;2;18;80;162m▀[0m[38;2;18;81;164m[48;2;18;83;166m▀[0m[38;2;18;84;170m[48;2;15;119;214m▀[0m[38;2;16;104;196m[48;2;8;116;213m▀[0m[38;2;24;70;129m[48;2;75;124;187m▀[0m[38;2;43;34;24m[48;2;156;171;181m▀[0m[38;2;52;96;114m▄[0m      
             [38;2;23;46;92m▄[0m[38;2;13;52;109m▄[0m[38;2;17;24;37m[48;2;15;39;71m▀[0m[38;2;18;84;170m[48;2;18;83;168m▀[0m[38;2;18;81;164m[48;2;16;72;147m▀[0m[38;2;18;81;164m[48;2;17;74;150m▀[0m[38;2;18;80;163m[48;2;18;81;165m▀[0m[38;2;18;80;163m[48;2;18;80;163m▀[0m[38;2;18;80;163m[48;2;18;80;163m▀[0m[38;2;18;80;163m[48;2;18;80;163m▀[0m[38;2;18;80;163m[48;2;18;80;163m▀[0m[38;2;18;80;163m[48;2;18;80;163m▀[0m[38;2;18;80;163m[48;2;18;80;163m▀[0m[38;2;18;80;163m[48;2;18;80;163m▀[0m[38;2;18;80;162m[48;2;18;80;162m▀[0m[38;2;18;83;166m[48;2;18;83;166m▀[0m[38;2;15;119;214m[48;2;15;121;217m▀[0m[38;2;10;118;217m[48;2;11;102;189m▀[0m[38;2;51;107;173m[48;2;103;135;188m▀[0m[38;2;134;152;161m[48;2;141;158;173m▀[0m[38;2;51;102;102m[48;2;61;105;114m▀[0m      
            [38;2;0;36;109m[48;2;12;53;112m▀[0m[38;2;14;60;124m[48;2;18;81;165m▀[0m[38;2;17;77;157m[48;2;18;81;166m▀[0m[38;2;16;73;149m[48;2;18;82;168m▀[0m[38;2;15;62;128m[48;2;16;71;144m▀[0m[38;2;16;69;141m[48;2;17;77;157m▀[0m[38;2;16;67;138m[48;2;16;71;145m▀[0m[38;2;16;73;148m[48;2;14;60;123m▀[0m[38;2;18;80;163m[48;2;16;62;125m▀[0m[38;2;18;81;166m[48;2;18;72;145m▀[0m[38;2;18;80;163m[48;2;18;81;165m▀[0m[38;2;18;80;163m[48;2;18;80;163m▀[0m[38;2;18;80;163m[48;2;18;80;163m▀[0m[38;2;18;80;163m[48;2;18;80;163m▀[0m[38;2;18;80;163m[48;2;18;80;163m▀[0m[38;2;18;80;163m[48;2;18;80;163m▀[0m[38;2;18;79;162m[48;2;18;79;162m▀[0m[38;2;16;105;197m[48;2;14;86;170m▀[0m[38;2;15;79;149m[48;2;47;97;158m▀[0m[38;2;150;158;188m[48;2;133;151;177m▀[0m[38;2;110;135;154m[48;2;93;125;137m▀[0m[38;2;85;113;113m▀[0m      
          [38;2;0;0;0m▄[0m[38;2;16;55;110m[48;2;17;36;61m▀[0m[38;2;14;56;114m[48;2;16;72;148m▀[0m[38;2;17;78;159m[48;2;14;61;124m▀[0m[38;2;18;81;165m[48;2;18;82;166m▀[0m[38;2;15;66;135m[48;2;15;62;127m▀[0m[38;2;16;72;146m[48;2;16;68;138m▀[0m[38;2;18;82;167m[48;2;17;74;151m▀[0m[38;2;16;69;142m[48;2;18;80;163m▀[0m[38;2;16;75;153m[48;2;18;82;168m▀[0m[38;2;17;58;112m[48;2;17;57;111m▀[0m[38;2;17;52;98m[48;2;17;53;101m▀[0m[38;2;18;83;170m[48;2;18;83;170m▀[0m[38;2;18;80;163m[48;2;18;80;163m▀[0m[38;2;18;80;163m[48;2;18;80;163m▀[0m[38;2;18;80;163m[48;2;18;80;163m▀[0m[38;2;18;80;163m[48;2;18;80;163m▀[0m[38;2;18;80;163m[48;2;18;80;163m▀[0m[38;2;18;81;165m[48;2;16;79;163m▀[0m[38;2;8;64;140m[48;2;26;74;144m▀[0m[38;2;115;132;172m[48;2;121;140;177m▀[0m[38;2;112;139;153m[48;2;111;136;151m▀[0m[38;2;100;127;140m▀[0m       
          [38;2;0;0;0m▀[0m[38;2;15;38;70m[48;2;11;5;11m▀[0m[38;2;18;79;162m[48;2;16;49;93m▀[0m[38;2;16;71;144m[48;2;18;80;163m▀[0m[38;2;17;73;149m[48;2;18;80;163m▀[0m[38;2;17;72;147m[48;2;18;80;163m▀[0m[38;2;14;60;121m[48;2;17;76;155m▀[0m[38;2;17;73;150m[48;2;18;79;162m▀[0m[38;2;18;81;165m[48;2;18;80;163m▀[0m[38;2;18;83;170m[48;2;18;82;167m▀[0m[38;2;17;57;110m[48;2;16;60;118m▀[0m[38;2;17;52;99m[48;2;17;59;114m▀[0m[38;2;18;83;170m[48;2;18;82;169m▀[0m[38;2;18;80;163m[48;2;18;80;163m▀[0m[38;2;18;80;163m[48;2;18;80;163m▀[0m[38;2;18;80;163m[48;2;18;80;163m▀[0m[38;2;18;80;163m[48;2;18;81;164m▀[0m[38;2;18;80;165m[48;2;14;76;159m▀[0m[38;2;10;72;156m[48;2;47;86;149m▀[0m[38;2;59;94;140m[48;2;123;143;171m▀[0m[38;2;123;144;160m[48;2;87;121;129m▀[0m         
            [38;2;15;7;0m▀[0m[38;2;15;44;88m▀[0m[38;2;18;67;130m[48;2;15;21;29m▀[0m[38;2;18;84;171m[48;2;15;59;117m▀[0m[38;2;18;81;166m[48;2;18;74;149m▀[0m[38;2;18;80;163m[48;2;18;81;164m▀[0m[38;2;18;80;164m[48;2;18;81;165m▀[0m[38;2;18;76;154m[48;2;16;66;134m▀[0m[38;2;16;50;96m[48;2;16;39;71m▀[0m[38;2;18;83;171m[48;2;18;77;155m▀[0m[38;2;18;80;163m[48;2;18;80;164m▀[0m[38;2;18;80;163m[48;2;18;82;168m▀[0m[38;2;18;80;164m[48;2;18;81;164m▀[0m[38;2;18;82;167m[48;2;18;70;140m▀[0m[38;2;16;79;164m[48;2;16;37;68m▀[0m[38;2;31;78;134m[48;2;62;93;124m▀[0m[38;2;116;137;161m[48;2;93;127;134m▀[0m[38;2;108;137;149m▀[0m          
               [38;2;14;14;19m[48;2;17;21;25m▀[0m[38;2;17;56;110m[48;2;15;36;67m▀[0m[38;2;18;83;171m[48;2;17;42;76m▀[0m[38;2;18;81;166m[48;2;16;75;155m▀[0m[38;2;17;72;147m[48;2;17;65;130m▀[0m[38;2;17;48;91m[48;2;15;21;29m▀[0m[38;2;18;69;137m[48;2;16;32;52m▀[0m[38;2;18;85;174m[48;2;15;33;58m▀[0m[38;2;18;64;124m[48;2;17;51;98m▀[0m[38;2;17;46;85m[48;2;17;66;133m▀[0m[38;2;15;25;41m[48;2;15;71;147m▀[0m[38;2;11;0;0m[48;2;7;55;111m▀[0m             
               [38;2;0;0;0m[48;2;6;6;6m▀[0m[38;2;15;25;42m[48;2;19;18;15m▀[0m[38;2;17;63;126m[48;2;45;54;62m▀[0m[38;2;26;43;66m[48;2;47;50;49m▀[0m[38;2;13;12;9m[48;2;17;19;19m▀[0m[38;2;17;19;19m▄[0m[38;2;17;13;6m[48;2;16;16;14m▀[0m[38;2;27;58;99m[48;2;55;61;64m▀[0m[38;2;13;53;108m[48;2;50;59;65m▀[0m[38;2;0;40;91m[48;2;28;29;28m▀[0m[38;2;23;23;23m▄[0m[38;2;51;51;51m▄[0m[38;2;51;63;63m▄[0m[38;2;42;42;42m▄[0m           
              [38;2;15;15;15m[48;2;14;14;14m▀[0m[38;2;37;39;39m[48;2;30;32;32m▀[0m[38;2;62;67;69m[48;2;31;32;33m▀[0m[38;2;63;67;67m[48;2;30;32;32m▀[0m[38;2;61;67;68m[48;2;30;32;32m▀[0m[38;2;63;68;69m[48;2;30;32;32m▀[0m[38;2;53;58;59m[48;2;32;34;34m▀[0m[38;2;22;22;22m[48;2;23;23;23m▀[0m[38;2;68;75;75m[48;2;36;38;39m▀[0m[38;2;87;95;96m[48;2;38;40;41m▀[0m[38;2;85;93;95m[48;2;38;40;41m▀[0m[38;2;77;84;86m[48;2;38;41;42m▀[0m[38;2;69;75;76m[48;2;37;40;41m▀[0m[38;2;66;72;73m[48;2;34;36;37m▀[0m[38;2;71;78;80m[48;2;40;43;44m▀[0m[38;2;65;69;73m[48;2;31;33;34m▀[0m          
[0m