             [38;2;0;0;0m[48;2;0;0;0m▀[0m[38;2;123;116;123m[48;2;142;137;142m▀[0m[38;2;119;112;119m[48;2;177;172;177m▀[0m[38;2;70;63;70m[48;2;29;14;29m▀[0m     [38;2;88;77;88m[48;2;81;74;81m▀[0m[38;2;148;140;148m[48;2;237;233;237m▀[0m[38;2;164;157;164m[48;2;168;161;168m▀[0m               
             [38;2;95;89;95m[48;2;104;97;104m▀[0m[38;2;149;144;149m[48;2;202;199;202m▀[0m[38;2;232;231;232m[48;2;169;163;169m▀[0m[38;2;111;105;111m[48;2;188;184;188m▀[0m[38;2;77;66;77m▄[0m   [38;2;58;39;58m[48;2;46;38;46m▀[0m[38;2;115;109;115m[48;2;189;185;189m▀[0m[38;2;220;217;220m[48;2;146;141;146m▀[0m[38;2;219;216;219m[48;2;243;242;243m▀[0m[38;2;137;122;137m[48;2;178;171;178m▀[0m              
             [38;2;93;84;93m[48;2;95;88;95m▀[0m[38;2;210;204;210m[48;2;146;137;146m▀[0m[38;2;204;198;204m[48;2;198;190;198m▀[0m[38;2;222;219;222m[48;2;208;201;208m▀[0m[38;2;101;95;101m[48;2;212;209;213m▀[0m[38;2;115;107;109m▄[0m[38;2;47;71;159m▄[0m[38;2;64;97;190m▄[0m[38;2;87;77;83m[48;2;140;135;144m▀[0m[38;2;185;181;185m[48;2;168;164;167m▀[0m[38;2;209;206;209m[48;2;211;209;211m▀[0m[38;2;181;178;181m[48;2;166;162;166m▀[0m[38;2;206;200;206m[48;2;238;237;238m▀[0m[38;2;11;0;11m[48;2;154;150;154m▀[0m[38;2;47;39;47m▄[0m            
             [38;2;96;89;96m[48;2;25;25;25m▀[0m[38;2;210;200;210m[48;2;92;86;92m▀[0m[38;2;183;175;183m[48;2;207;198;207m▀[0m[38;2;217;208;217m[48;2;227;217;225m▀[0m[38;2;239;230;235m[48;2;202;198;217m▀[0m[38;2;124;119;133m[48;2;110;141;216m▀[0m[38;2;85;122;210m[48;2;121;172;255m▀[0m[38;2;112;158;248m[48;2;126;178;255m▀[0m[38;2;129;127;144m[48;2;93;130;197m▀[0m[38;2;210;201;209m[48;2;139;129;133m▀[0m[38;2;162;155;162m[48;2;216;207;216m▀[0m[38;2;222;217;222m[48;2;184;175;184m▀[0m[38;2;212;208;212m[48;2;189;185;189m▀[0m[38;2;209;207;209m[48;2;250;248;250m▀[0m[38;2;122;114;122m[48;2;150;145;150m▀[0m[38;2;173;166;173m[48;2;237;233;237m▀[0m[38;2;182;175;182m[48;2;215;213;215m▀[0m[38;2;160;153;160m[48;2;114;108;114m▀[0m         
             [38;2;0;0;0m▀[0m[38;2;40;39;40m[48;2;27;27;27m▀[0m[38;2;187;179;187m[48;2;113;108;110m▀[0m[38;2;226;215;220m[48;2;206;201;223m▀[0m[38;2;150;160;209m[48;2;97;135;224m▀[0m[38;2;104;152;242m[48;2;124;174;255m▀[0m[38;2;126;175;255m[48;2;124;174;255m▀[0m[38;2;126;176;255m[48;2;98;144;237m▀[0m[38;2;51;83;154m[48;2;74;107;199m▀[0m[38;2;101;95;94m[48;2;49;67;117m▀[0m[38;2;219;209;218m[48;2;134;128;134m▀[0m[38;2;149;140;149m[48;2;168;159;167m▀[0m[38;2;169;160;169m[48;2;217;208;217m▀[0m[38;2;201;193;201m[48;2;190;181;190m▀[0m[38;2;213;209;213m[48;2;237;227;237m▀[0m[38;2;131;125;131m[48;2;97;89;97m▀[0m[38;2;48;45;48m[48;2;0;0;0m▀[0m[38;2;0;0;0m▀[0m         
               [38;2;0;0;0m▀[0m[38;2;78;81;96m[48;2;0;0;19m▀[0m[38;2;61;96;184m[48;2;45;74;152m▀[0m[38;2;95;135;225m[48;2;75;106;198m▀[0m[38;2;91;131;222m[48;2;72;103;194m▀[0m[38;2;75;109;201m[48;2;74;105;196m▀[0m[38;2;74;106;196m[48;2;74;106;197m▀[0m[38;2;71;105;201m[48;2;75;107;200m▀[0m[38;2;37;41;56m[48;2;55;80;151m▀[0m[38;2;233;222;228m[48;2;106;103;111m▀[0m[38;2;208;199;208m[48;2;198;188;192m▀[0m[38;2;230;221;229m[48;2;163;155;162m▀[0m[38;2;178;168;175m[48;2;57;69;116m▀[0m[38;2;97;86;92m[48;2;13;48;151m▀[0m           
                [38;2;7;35;99m[48;2;6;34;89m▀[0m[38;2;47;77;156m[48;2;45;74;152m▀[0m[38;2;77;109;201m[48;2;76;108;200m▀[0m[38;2;74;106;197m[48;2;74;106;197m▀[0m[38;2;74;106;197m[48;2;74;106;197m▀[0m[38;2;74;106;197m[48;2;74;106;197m▀[0m[38;2;74;106;197m[48;2;74;106;197m▀[0m[38;2;77;110;206m[48;2;74;106;196m▀[0m[38;2;52;77;148m[48;2;76;108;201m▀[0m[38;2;28;43;83m[48;2;77;111;206m▀[0m[38;2;44;68;128m[48;2;77;111;206m▀[0m[38;2;95;138;234m[48;2;92;137;230m▀[0m[38;2;96;135;225m[48;2;121;171;255m▀[0m[38;2;66;91;183m[48;2;95;135;227m▀[0m[38;2;60;90;180m▄[0m         
                 [38;2;21;45;112m[48;2;6;13;36m▀[0m[38;2;64;96;185m[48;2;58;86;163m▀[0m[38;2;76;108;200m[48;2;76;109;203m▀[0m[38;2;74;106;197m[48;2;74;106;197m▀[0m[38;2;74;106;197m[48;2;74;106;197m▀[0m[38;2;74;106;197m[48;2;76;108;201m▀[0m[38;2;74;106;198m[48;2;73;104;194m▀[0m[38;2;74;106;198m[48;2;72;103;192m▀[0m[38;2;74;106;198m[48;2;72;104;193m▀[0m[38;2;74;106;197m[48;2;77;110;204m▀[0m[38;2;73;104;196m[48;2;77;110;204m▀[0m[38;2;78;114;206m[48;2;79;112;207m▀[0m[38;2;74;112;204m[48;2;46;74;153m▀[0m[38;2;49;77;149m[48;2;5;29;88m▀[0m         
                 [38;2;0;0;0m▀[0m[38;2;24;43;93m[48;2;5;5;5m▀[0m[38;2;76;110;205m[48;2;46;67;123m▀[0m[38;2;74;106;197m[48;2;77;110;205m▀[0m[38;2;75;107;200m[48;2;78;111;207m▀[0m[38;2;65;93;172m[48;2;31;44;82m▀[0m[38;2;16;23;41m[48;2;0;0;5m▀[0m[38;2;4;5;8m[48;2;26;43;131m▀[0m[38;2;9;12;19m[48;2;20;36;117m▀[0m[38;2;53;76;141m[48;2;0;0;0m▀[0m[38;2;56;79;146m[48;2;0;0;0m▀[0m[38;2;48;72;138m[48;2;0;0;0m▀[0m[38;2;26;49;115m▀[0m[38;2;0;0;85m▀[0m         
                  [38;2;0;0;0m▀[0m[38;2;21;31;57m[48;2;0;0;0m▀[0m[38;2;73;104;193m[48;2;49;70;131m▀[0m[38;2;75;108;200m[48;2;77;111;207m▀[0m[38;2;69;99;182m[48;2;76;109;201m▀[0m[38;2;15;20;61m[48;2;40;57;110m▀[0m[38;2;77;122;252m[48;2;45;61;186m▀[0m[38;2;175;209;241m[48;2;101;148;255m▀[0m[38;2;95;106;165m[48;2;124;141;227m▀[0m[38;2;0;0;255m[48;2;7;23;107m▀[0m  [38;2;11;33;88m▀[0m[38;2;41;71;147m[48;2;13;36;100m▀[0m[38;2;83;117;209m[48;2;71;108;186m▀[0m[38;2;80;120;225m[48;2;87;122;202m▀[0m[38;2;153;204;255m[48;2;25;44;93m▀[0m[38;2;21;45;114m▄[0m    
                   [38;2;0;0;0m▀[0m[38;2;14;19;38m[48;2;0;0;0m▀[0m[38;2;72;104;193m[48;2;49;70;132m▀[0m[38;2;75;107;199m[48;2;76;108;202m▀[0m[38;2;76;109;201m[48;2;77;110;205m▀[0m[38;2;33;47;91m[48;2;56;79;145m▀[0m[38;2;42;58;181m[48;2;13;22;64m▀[0m[38;2;26;47;156m[48;2;18;36;123m▀[0m[38;2;24;39;116m▀[0m    [38;2;11;34;85m[48;2;0;0;0m▀[0m[38;2;33;48;100m[48;2;13;19;59m▀[0m[38;2;58;83;217m[48;2;66;92;249m▀[0m[38;2;79;133;210m[48;2;38;52;149m▀[0m[38;2;6;20;72m[48;2;44;71;135m▀[0m[38;2;0;0;69m[48;2;106;123;176m▀[0m[38;2;23;46;92m▄[0m 
                     [38;2;16;22;42m[48;2;3;3;7m▀[0m[38;2;76;108;201m[48;2;42;60;111m▀[0m[38;2;74;106;197m[48;2;78;111;207m▀[0m[38;2;77;110;205m[48;2;74;105;197m▀[0m[38;2;62;85;152m[48;2;85;115;203m▀[0m[38;2;85;76;81m[48;2;125;116;124m▀[0m[38;2;25;12;25m▄[0m    [38;2;0;0;0m▀[0m[38;2;2;4;14m▀[0m[38;2;14;20;58m[48;2;0;0;0m▀[0m[38;2;43;58;180m[48;2;61;86;243m▀[0m[38;2;99;156;255m[48;2;69;95;255m▀[0m[38;2;155;216;255m[48;2;54;81;223m▀[0m[38;2;45;65;185m[48;2;33;47;138m▀[0m[38;2;13;32;92m[48;2;0;3;6m▀[0m
                     [38;2;0;0;0m[48;2;0;0;0m▀[0m[38;2;40;58;107m[48;2;6;10;18m▀[0m[38;2;78;111;207m[48;2;64;91;170m▀[0m[38;2;74;106;197m[48;2;76;108;201m▀[0m[38;2;75;107;199m[48;2;68;101;196m▀[0m[38;2;164;174;213m[48;2;115;139;211m▀[0m[38;2;139;132;133m[48;2;162;157;167m▀[0m[38;2;0;0;0m[48;2;89;80;80m▀[0m     [38;2;0;0;0m▀[0m[38;2;34;47;133m[48;2;0;0;0m▀[0m[38;2;54;78;222m[48;2;12;25;69m▀[0m[38;2;67;97;177m[48;2;96;139;216m▀[0m[38;2;6;10;30m[48;2;103;145;229m▀[0m[38;2;0;0;0m[48;2;69;100;197m▀[0m
                      [38;2;0;0;0m[48;2;0;0;0m▀[0m[38;2;63;90;168m[48;2;56;81;150m▀[0m[38;2;76;108;202m[48;2;76;108;202m▀[0m[38;2;74;106;197m[48;2;74;106;197m▀[0m[38;2;62;97;193m[48;2;68;101;196m▀[0m[38;2;195;206;240m[48;2;165;176;219m▀[0m[38;2;117;107;108m[48;2;206;201;202m▀[0m[38;2;65;57;65m▄[0m       [38;2;38;67;134m[48;2;38;67;135m▀[0m[38;2;108;154;246m[48;2;123;172;253m▀[0m[38;2;62;93;182m[48;2;88;124;213m▀[0m
    [38;2;25;51;153m▄[0m[38;2;31;63;159m▄[0m[38;2;76;108;199m▄[0m[38;2;80;115;208m▄[0m[38;2;77;111;201m▄[0m[38;2;81;115;211m▄[0m[38;2;75;109;201m▄[0m[38;2;31;63;159m▄[0m[38;2;0;42;127m▄[0m         [38;2;0;0;0m▄[0m[38;2;11;15;29m[48;2;16;22;42m▀[0m[38;2;75;108;201m[48;2;75;108;201m▀[0m[38;2;74;106;197m[48;2;74;106;197m▀[0m[38;2;74;106;197m[48;2;74;106;197m▀[0m[38;2;76;108;199m[48;2;74;105;196m▀[0m[38;2;229;231;238m[48;2;227;227;242m▀[0m[38;2;136;128;133m[48;2;181;176;179m▀[0m[38;2;40;26;40m[48;2;38;27;38m▀[0m     [38;2;11;34;96m▄[0m[38;2;34;62;129m[48;2;88;130;210m▀[0m[38;2;126;178;255m[48;2;128;178;255m▀[0m[38;2;91;129;219m[48;2;89;126;215m▀[0m
  [38;2;72;72;182m[48;2;83;118;208m▀[0m[38;2;66;97;194m[48;2;111;156;245m▀[0m[38;2;89;126;214m[48;2;122;171;255m▀[0m[38;2;91;129;218m[48;2;126;176;255m▀[0m[38;2;113;159;245m[48;2;124;173;255m▀[0m[38;2;126;176;255m[48;2;124;173;255m▀[0m[38;2;125;174;255m[48;2;124;173;255m▀[0m[38;2;127;177;255m[48;2;124;173;255m▀[0m[38;2;108;151;238m[48;2;125;175;255m▀[0m[38;2;92;130;220m[48;2;128;179;255m▀[0m[38;2;86;122;211m[48;2;121;169;255m▀[0m[38;2;65;90;183m[48;2;107;150;240m▀[0m[38;2;81;117;210m▄[0m[38;2;69;101;192m▄[0m[38;2;0;0;0m▄[0m    [38;2;0;0;0m▄[0m[38;2;0;0;0m[48;2;30;45;83m▀[0m[38;2;60;86;161m[48;2;72;103;193m▀[0m[38;2;76;108;202m[48;2;75;107;199m▀[0m[38;2;74;106;197m[48;2;74;106;197m▀[0m[38;2;74;106;197m[48;2;74;106;197m▀[0m[38;2;68;101;195m[48;2;68;101;195m▀[0m[38;2;125;149;218m[48;2;123;148;218m▀[0m[38;2;177;172;173m[48;2;179;174;175m▀[0m[38;2;40;28;40m[48;2;40;28;40m▀[0m    [38;2;0;15;75m[48;2;0;9;63m▀[0m[38;2;44;75;146m[48;2;79;118;197m▀[0m[38;2;115;163;245m[48;2;132;183;255m▀[0m[38;2;129;179;255m[48;2;100;143;224m▀[0m[38;2;93;132;224m[48;2;59;91;172m▀[0m
[38;2;13;40;93m[48;2;13;36;99m▀[0m[38;2;34;60;133m[48;2;55;86;171m▀[0m[38;2;115;162;248m[48;2;109;156;247m▀[0m[38;2;127;177;255m[48;2;125;175;255m▀[0m[38;2;123;173;255m[48;2;124;173;255m▀[0m[38;2;123;172;255m[48;2;123;172;255m▀[0m[38;2;124;173;255m[48;2;123;172;255m▀[0m[38;2;108;157;246m[48;2;107;154;244m▀[0m[38;2;70;106;196m[48;2;86;124;203m▀[0m[38;2;60;89;171m[48;2;57;92;174m▀[0m[38;2;76;114;204m[48;2;45;72;150m▀[0m[38;2;108;153;242m[48;2;65;95;183m▀[0m[38;2;114;161;246m[48;2;76;110;204m▀[0m[38;2;125;176;255m[48;2;93;134;225m▀[0m[38;2;128;178;255m[48;2;97;137;224m▀[0m[38;2;103;147;233m[48;2;99;139;226m▀[0m[38;2;47;79;160m[48;2;86;126;221m▀[0m[38;2;31;55;126m[48;2;65;96;184m▀[0m[38;2;8;33;91m[48;2;51;81;162m▀[0m[38;2;12;33;91m[48;2;51;81;162m▀[0m[38;2;32;55;123m[48;2;68;100;189m▀[0m[38;2;33;49;93m[48;2;77;110;205m▀[0m[38;2;75;107;199m[48;2;74;106;198m▀[0m[38;2;75;107;200m[48;2;74;106;197m▀[0m[38;2;74;106;197m[48;2;74;106;197m▀[0m[38;2;74;106;197m[48;2;74;106;197m▀[0m[38;2;74;106;197m[48;2;74;106;197m▀[0m[38;2;68;101;195m[48;2;69;103;196m▀[0m[38;2;122;146;217m[48;2;117;140;215m▀[0m[38;2;161;156;157m[48;2;111;105;106m▀[0m[38;2;28;23;28m[48;2;0;0;0m▀[0m  [38;2;0;6;71m▄[0m[38;2;0;15;79m[48;2;62;97;172m▀[0m[38;2;63;98;171m[48;2;125;176;255m▀[0m[38;2;122;171;250m[48;2;127;177;255m▀[0m[38;2;129;180;255m[48;2;107;156;246m▀[0m[38;2;77;115;190m[48;2;37;64;126m▀[0m[38;2;0;6;44m[48;2;0;0;0m▀[0m
[38;2;36;63;136m[48;2;47;78;152m▀[0m[38;2;71;102;193m[48;2;84;120;213m▀[0m[38;2;77;114;208m[48;2;73;104;194m▀[0m[38;2;104;151;241m[48;2;72;103;195m▀[0m[38;2;120;169;253m[48;2;82;121;214m▀[0m[38;2;125;175;255m[48;2;104;148;236m▀[0m[38;2;123;172;255m[48;2;120;170;255m▀[0m[38;2;125;174;255m[48;2;125;175;255m▀[0m[38;2;128;178;255m[48;2;126;176;255m▀[0m[38;2;119;170;255m[48;2;107;156;246m▀[0m[38;2;78;118;213m[48;2;79;115;209m▀[0m[38;2;40;65;134m[48;2;75;107;199m▀[0m[38;2;37;54;104m[48;2;64;95;183m▀[0m[38;2;61;88;168m[48;2;35;54;105m▀[0m[38;2;74;106;200m[48;2;35;49;91m▀[0m[38;2;73;105;199m[48;2;59;85;158m▀[0m[38;2;73;104;194m[48;2;78;111;207m▀[0m[38;2;75;107;199m[48;2;75;107;199m▀[0m[38;2;77;109;201m[48;2;75;107;198m▀[0m[38;2;77;109;201m[48;2;74;106;197m▀[0m[38;2;75;107;198m[48;2;74;106;197m▀[0m[38;2;74;106;197m[48;2;74;106;197m▀[0m[38;2;74;106;197m[48;2;74;106;197m▀[0m[38;2;74;106;197m[48;2;74;106;197m▀[0m[38;2;74;106;197m[48;2;74;106;197m▀[0m[38;2;74;106;197m[48;2;74;106;197m▀[0m[38;2;74;106;197m[48;2;75;107;199m▀[0m[38;2;75;107;198m[48;2;81;113;206m▀[0m[38;2;196;195;219m[48;2;166;161;173m▀[0m[38;2;98;94;96m[48;2;0;0;0m▀[0m[38;2;0;0;0m[48;2;17;43;108m▀[0m[38;2;0;0;56m[48;2;34;63;135m▀[0m[38;2;10;31;85m[48;2;52;83;165m▀[0m[38;2;64;99;171m[48;2;115;165;254m▀[0m[38;2;126;176;255m[48;2;118;168;254m▀[0m[38;2;126;175;255m[48;2;96;136;226m▀[0m[38;2;107;154;246m[48;2;62;93;183m▀[0m[38;2;65;98;183m[48;2;29;54;123m▀[0m[38;2;0;2;14m▀[0m 
[38;2;85;102;153m[48;2;92;105;152m▀[0m[38;2;132;155;220m[48;2;196;207;240m▀[0m[38;2;68;102;196m[48;2;75;110;202m▀[0m[38;2;74;106;197m[48;2;72;104;196m▀[0m[38;2;73;104;195m[48;2;74;106;197m▀[0m[38;2;73;106;198m[48;2;74;106;197m▀[0m[38;2;83;119;210m[48;2;73;104;195m▀[0m[38;2;86;122;211m[48;2;72;104;195m▀[0m[38;2;86;122;211m[48;2;72;104;195m▀[0m[38;2;77;112;204m[48;2;73;105;196m▀[0m[38;2;73;105;196m[48;2;74;106;197m▀[0m[38;2;74;106;197m[48;2;74;106;197m▀[0m[38;2;75;107;199m[48;2;74;106;197m▀[0m[38;2;77;110;204m[48;2;74;106;197m▀[0m[38;2;56;80;148m[48;2;77;110;204m▀[0m[38;2;35;50;94m[48;2;75;106;198m▀[0m[38;2;29;41;76m[48;2;64;91;170m▀[0m[38;2;66;95;175m[48;2;28;40;74m▀[0m[38;2;68;98;185m[48;2;39;62;126m▀[0m[38;2;77;111;206m[48;2;44;64;120m▀[0m[38;2;77;111;206m[48;2;44;63;117m▀[0m[38;2;77;111;206m[48;2;44;63;117m▀[0m[38;2;77;111;206m[48;2;44;63;117m▀[0m[38;2;77;110;205m[48;2;45;66;123m▀[0m[38;2;76;109;201m[48;2;54;83;165m▀[0m[38;2;75;107;199m[48;2;52;80;158m▀[0m[38;2;60;90;172m[48;2;27;40;75m▀[0m[38;2;130;140;184m[48;2;31;42;73m▀[0m[38;2;60;59;65m[48;2;65;95;179m▀[0m[38;2;13;26;62m[48;2;74;106;199m▀[0m[38;2;57;88;173m[48;2;76;108;200m▀[0m[38;2;70;102;193m[48;2;75;107;199m▀[0m[38;2;77;109;202m[48;2;74;106;197m▀[0m[38;2;80;116;208m[48;2;70;101;194m▀[0m[38;2;79;114;207m[48;2;84;122;216m▀[0m[38;2;76;109;206m[48;2;87;103;158m▀[0m[38;2;41;58;109m[48;2;88;75;78m▀[0m[38;2;0;0;0m▀[0m  
[38;2;78;82;117m[48;2;66;51;51m▀[0m[38;2;201;189;194m[48;2;151;144;151m▀[0m[38;2;167;174;217m[48;2;240;229;234m▀[0m[38;2;69;103;196m[48;2;165;172;213m▀[0m[38;2;71;103;195m[48;2;81;118;209m▀[0m[38;2;74;106;197m[48;2;67;101;195m▀[0m[38;2;74;106;197m[48;2;73;105;196m▀[0m[38;2;74;106;197m[48;2;74;106;197m▀[0m[38;2;74;106;197m[48;2;74;106;197m▀[0m[38;2;74;106;197m[48;2;74;106;197m▀[0m[38;2;74;106;197m[48;2;74;106;197m▀[0m[38;2;74;106;197m[48;2;74;106;197m▀[0m[38;2;74;106;197m[48;2;74;106;197m▀[0m[38;2;74;106;197m[48;2;74;106;197m▀[0m[38;2;74;106;197m[48;2;74;106;197m▀[0m[38;2;74;106;197m[48;2;74;106;197m▀[0m[38;2;75;107;199m[48;2;74;106;197m▀[0m[38;2;78;111;207m[48;2;74;106;197m▀[0m[38;2;74;106;196m[48;2;74;106;198m▀[0m[38;2;46;66;124m[48;2;77;110;205m▀[0m[38;2;46;66;123m[48;2;77;110;205m▀[0m[38;2;46;66;123m[48;2;77;110;205m▀[0m[38;2;46;66;123m[48;2;77;110;205m▀[0m[38;2;47;69;129m[48;2;77;110;205m▀[0m[38;2;55;84;166m[48;2;76;108;200m▀[0m[38;2;56;86;168m[48;2;76;108;200m▀[0m[38;2;77;110;205m[48;2;74;106;197m▀[0m[38;2;77;111;206m[48;2;74;106;197m▀[0m[38;2;74;107;198m[48;2;74;105;196m▀[0m[38;2;74;106;197m[48;2;68;101;195m▀[0m[38;2;74;106;197m[48;2;66;102;198m▀[0m[38;2;70;103;195m[48;2;99;130;214m▀[0m[38;2;68;103;198m[48;2;156;182;244m▀[0m[38;2;114;137;209m[48;2;163;157;169m▀[0m[38;2;134;141;173m[48;2;94;78;72m▀[0m[38;2;85;78;88m▀[0m    
 [38;2;72;63;72m▀[0m[38;2;119;113;119m[48;2;0;0;0m▀[0m[38;2;237;226;232m[48;2;112;108;112m▀[0m[38;2;198;206;237m[48;2;200;189;193m▀[0m[38;2;137;160;221m[48;2;235;227;237m▀[0m[38;2;78;115;208m[48;2;211;207;225m▀[0m[38;2;70;103;196m[48;2;185;193;226m▀[0m[38;2;70;104;197m[48;2;112;143;219m▀[0m[38;2;70;103;196m[48;2;100;124;199m▀[0m[38;2;71;104;196m[48;2;90;121;206m▀[0m[38;2;74;106;197m[48;2;68;104;199m▀[0m[38;2;74;106;197m[48;2;66;100;195m▀[0m[38;2;74;106;197m[48;2;66;100;196m▀[0m[38;2;74;106;197m[48;2;72;103;195m▀[0m[38;2;74;106;197m[48;2;74;106;197m▀[0m[38;2;74;106;197m[48;2;74;106;197m▀[0m[38;2;74;106;197m[48;2;74;106;197m▀[0m[38;2;74;106;197m[48;2;74;106;197m▀[0m[38;2;74;106;197m[48;2;73;105;196m▀[0m[38;2;74;106;197m[48;2;68;101;195m▀[0m[38;2;74;106;197m[48;2;66;100;196m▀[0m[38;2;74;106;197m[48;2;66;100;195m▀[0m[38;2;74;106;197m[48;2;67;102;198m▀[0m[38;2;72;104;196m[48;2;88;120;206m▀[0m[38;2;70;103;196m[48;2;100;124;200m▀[0m[38;2;70;103;197m[48;2;108;139;216m▀[0m[38;2;70;103;196m[48;2;179;191;229m▀[0m[38;2;75;112;205m[48;2;220;215;234m▀[0m[38;2;135;160;225m[48;2;208;203;214m▀[0m[38;2;175;183;226m[48;2;172;163;164m▀[0m[38;2;150;158;181m[48;2;28;24;20m▀[0m[38;2;101;93;92m[48;2;0;0;0m▀[0m[38;2;77;70;77m▀[0m      
   [38;2;0;0;0m▀[0m[38;2;8;8;8m▀[0m[38;2;116;111;115m[48;2;0;0;0m▀[0m[38;2;196;188;194m[48;2;41;39;41m▀[0m[38;2;237;227;235m[48;2;54;52;54m▀[0m[38;2;231;221;228m[48;2;137;132;137m▀[0m[38;2;232;220;225m[48;2;206;198;207m▀[0m[38;2;204;209;234m[48;2;217;207;214m▀[0m[38;2;149;165;217m[48;2;242;229;235m▀[0m[38;2;145;157;208m[48;2;240;229;234m▀[0m[38;2;146;158;211m[48;2;233;222;227m▀[0m[38;2;91;129;217m[48;2;202;204;227m▀[0m[38;2;67;101;195m[48;2;190;190;216m▀[0m[38;2;69;102;196m[48;2;191;191;217m▀[0m[38;2;69;102;196m[48;2;191;191;217m▀[0m[38;2;68;101;195m[48;2;191;190;216m▀[0m[38;2;75;113;208m[48;2;194;196;222m▀[0m[38;2;129;152;216m[48;2;228;222;234m▀[0m[38;2;148;159;209m[48;2;241;229;233m▀[0m[38;2;145;157;208m[48;2;241;229;235m▀[0m[38;2;147;162;215m[48;2;235;224;228m▀[0m[38;2;200;207;237m[48;2;203;193;199m▀[0m[38;2;233;221;225m[48;2;189;182;189m▀[0m[38;2;234;223;230m[48;2;55;53;55m▀[0m[38;2;232;222;229m[48;2;51;49;51m▀[0m[38;2;133;127;131m[48;2;0;0;0m▀[0m[38;2;68;64;65m[48;2;0;0;0m▀[0m[38;2;0;0;0m▀[0m         
        [38;2;0;0;0m▀[0m[38;2;0;0;0m▀[0m[38;2;77;75;77m[48;2;0;0;0m▀[0m[38;2;141;135;141m[48;2;0;0;0m▀[0m[38;2;134;129;134m[48;2;0;0;0m▀[0m[38;2;199;191;199m[48;2;55;53;55m▀[0m[38;2;237;227;234m[48;2;72;70;72m▀[0m[38;2;235;224;231m[48;2;69;66;69m▀[0m[38;2;235;224;231m[48;2;69;66;69m▀[0m[38;2;235;224;231m[48;2;69;66;69m▀[0m[38;2;235;224;231m[48;2;69;66;69m▀[0m[38;2;239;228;235m[48;2;73;70;73m▀[0m[38;2;168;161;167m[48;2;28;28;28m▀[0m[38;2;134;129;134m[48;2;0;0;0m▀[0m[38;2;137;131;137m[48;2;0;0;0m▀[0m[38;2;117;112;117m[48;2;0;0;0m▀[0m[38;2;0;0;0m▀[0m[38;2;0;0;0m▀[0m[38;2;0;0;0m▀[0m             
[0m