            [38;2;27;27;27m▄[0m[38;2;116;116;170m[48;2;122;133;184m▀[0m[38;2;122;132;186m[48;2;200;233;252m▀[0m[38;2;119;129;181m[48;2;190;220;248m▀[0m[38;2;92;92;162m[48;2;120;130;183m▀[0m[38;2;109;109;170m▄[0m                      
            [38;2;24;24;24m[48;2;24;24;24m▀[0m[38;2;170;190;220m[48;2;174;194;226m▀[0m[38;2;171;189;222m[48;2;172;191;223m▀[0m[38;2;178;198;228m[48;2;174;193;224m▀[0m[38;2;187;214;246m[48;2;166;183;222m▀[0m[38;2;106;113;170m[48;2;109;116;173m▀[0m                      
            [38;2;24;24;24m▀[0m[38;2;122;135;156m[48;2;12;10;8m▀[0m[38;2;180;200;234m[48;2;119;131;150m▀[0m[38;2;172;191;224m[48;2;164;182;215m▀[0m[38;2;153;167;213m[48;2;60;63;94m▀[0m[38;2;109;115;171m▀[0m                      
             [38;2;204;102;204m▄[0m[38;2;8;20;22m[48;2;202;124;173m▀[0m[38;2;124;141;184m[48;2;195;170;199m▀[0m[38;2;0;0;0m[48;2;200;108;162m▀[0m                       
             [38;2;162;69;139m▀[0m[38;2;205;124;168m[48;2;191;111;157m▀[0m[38;2;254;207;217m[48;2;252;218;223m▀[0m[38;2;178;90;142m[48;2;231;185;206m▀[0m[38;2;181;94;145m▄[0m                      
            [38;2;0;0;0m[48;2;0;0;0m▀[0m[38;2;190;110;156m[48;2;189;110;156m▀[0m[38;2;241;197;209m[48;2;251;215;219m▀[0m[38;2;252;223;226m[48;2;252;223;226m▀[0m[38;2;250;229;240m[48;2;247;228;240m▀[0m[38;2;181;93;144m[48;2;180;92;143m▀[0m                      
            [38;2;159;95;127m[48;2;188;107;154m▀[0m[38;2;192;114;158m[48;2;249;225;231m▀[0m[38;2;249;213;217m[48;2;223;169;191m▀[0m[38;2;249;216;220m[48;2;248;211;217m▀[0m[38;2;254;241;241m[48;2;253;223;224m▀[0m[38;2;241;212;229m[48;2;241;199;217m▀[0m[38;2;179;90;142m[48;2;179;90;143m▀[0m                     
           [38;2;182;99;149m▄[0m[38;2;185;102;150m[48;2;201;138;175m▀[0m[38;2;252;248;251m[48;2;253;246;248m▀[0m[38;2;219;164;188m[48;2;220;165;189m▀[0m[38;2;223;170;192m[48;2;219;164;188m▀[0m[38;2;249;214;218m[48;2;225;174;194m▀[0m[38;2;242;191;208m[48;2;255;224;225m▀[0m[38;2;192;111;157m[48;2;242;183;207m▀[0m[38;2;174;93;147m[48;2;174;87;140m▀[0m                    
           [38;2;185;102;150m[48;2;183;99;148m▀[0m[38;2;255;250;252m[48;2;238;198;213m▀[0m[38;2;242;211;219m[48;2;219;163;188m▀[0m[38;2;220;165;189m[48;2;220;165;189m▀[0m[38;2;219;164;188m[48;2;220;165;189m▀[0m[38;2;224;172;193m[48;2;218;162;187m▀[0m[38;2;247;209;216m[48;2;228;177;197m▀[0m[38;2;242;191;209m[48;2;255;227;227m▀[0m[38;2;202;126;168m[48;2;239;176;202m▀[0m[38;2;188;85;132m[48;2;155;95;149m▀[0m[38;2;103;113;179m▄[0m[38;2;90;90;165m▄[0m                 
          [38;2;186;104;150m[48;2;185;102;150m▀[0m[38;2;203;132;170m[48;2;224;164;192m▀[0m[38;2;218;160;187m[48;2;220;166;190m▀[0m[38;2;220;165;189m[48;2;220;165;189m▀[0m[38;2;220;165;189m[48;2;220;165;189m▀[0m[38;2;220;165;189m[48;2;220;165;189m▀[0m[38;2;219;164;188m[48;2;220;165;189m▀[0m[38;2;224;172;193m[48;2;219;163;188m▀[0m[38;2;246;209;216m[48;2;224;172;193m▀[0m[38;2;222;158;183m[48;2;231;179;197m▀[0m[38;2;167;141;189m[48;2;208;163;193m▀[0m[38;2;168;198;235m[48;2;206;220;238m▀[0m[38;2;125;136;187m[48;2;182;211;242m▀[0m[38;2;98;101;162m[48;2;169;191;232m▀[0m[38;2;105;109;173m[48;2;172;195;234m▀[0m[38;2;111;119;175m▄[0m[38;2;102;106;167m▄[0m             
         [38;2;184;101;151m▄[0m[38;2;181;98;147m[48;2;211;143;177m▀[0m[38;2;220;160;188m[48;2;221;164;189m▀[0m[38;2;220;166;190m[48;2;220;165;189m▀[0m[38;2;220;165;189m[48;2;220;165;189m▀[0m[38;2;220;165;189m[48;2;220;165;189m▀[0m[38;2;220;165;189m[48;2;219;163;188m▀[0m[38;2;219;164;188m[48;2;224;174;195m▀[0m[38;2;218;162;187m[48;2;237;200;213m▀[0m[38;2;218;163;187m[48;2;217;160;185m▀[0m[38;2;229;181;198m[48;2;220;165;189m▀[0m[38;2;208;131;167m[48;2;220;155;182m▀[0m[38;2;183;162;200m[48;2;153;139;183m▀[0m[38;2;187;218;241m[48;2;156;178;215m▀[0m[38;2;187;212;238m[48;2;173;192;223m▀[0m[38;2;205;240;255m[48;2;178;201;230m▀[0m[38;2;180;206;241m[48;2;184;208;236m▀[0m[38;2;172;196;234m[48;2;203;237;255m▀[0m[38;2;105;110;168m[48;2;175;200;235m▀[0m[38;2;110;118;174m▄[0m           
         [38;2;184;101;150m[48;2;185;101;150m▀[0m[38;2;223;160;189m[48;2;220;157;187m▀[0m[38;2;221;166;190m[48;2;221;166;190m▀[0m[38;2;220;165;189m[48;2;220;165;189m▀[0m[38;2;220;165;189m[48;2;220;165;189m▀[0m[38;2;219;164;188m[48;2;219;164;188m▀[0m[38;2;224;172;194m[48;2;225;176;196m▀[0m[38;2;248;223;228m[48;2;254;236;237m▀[0m[38;2;252;231;234m[48;2;253;234;236m▀[0m[38;2;235;197;210m[48;2;240;208;219m▀[0m[38;2;218;162;187m[48;2;218;161;186m▀[0m[38;2;224;171;192m[48;2;220;166;189m▀[0m[38;2;191;125;166m[48;2;225;162;186m▀[0m[38;2;133;120;173m[48;2;138;126;175m▀[0m[38;2;160;180;217m[48;2;155;175;213m▀[0m[38;2;173;191;223m[48;2;174;193;224m▀[0m[38;2;171;189;222m[48;2;172;191;223m▀[0m[38;2;199;232;254m[48;2;198;230;253m▀[0m[38;2;200;233;255m[48;2;179;202;231m▀[0m[38;2;106;113;170m[48;2;182;211;241m▀[0m[38;2;109;115;172m▄[0m          
        [38;2;123;133;194m▄[0m[38;2;185;101;150m[48;2;45;49;64m▀[0m[38;2;220;157;187m[48;2;180;135;152m▀[0m[38;2;221;166;190m[48;2;225;168;193m▀[0m[38;2;220;165;189m[48;2;220;165;189m▀[0m[38;2;220;165;189m[48;2;220;165;189m▀[0m[38;2;220;165;189m[48;2;220;165;189m▀[0m[38;2;219;164;189m[48;2;220;165;189m▀[0m[38;2;230;186;203m[48;2;220;165;189m▀[0m[38;2;245;216;224m[48;2;221;166;190m▀[0m[38;2;220;164;188m[48;2;220;165;189m▀[0m[38;2;220;165;189m[48;2;220;165;189m▀[0m[38;2;220;165;189m[48;2;220;165;189m▀[0m[38;2;223;170;191m[48;2;220;165;189m▀[0m[38;2;197;123;164m[48;2;227;167;189m▀[0m[38;2;128;118;171m[48;2;136;126;175m▀[0m[38;2;162;182;218m[48;2;158;176;214m▀[0m[38;2;173;192;224m[48;2;173;192;224m▀[0m[38;2;196;228;251m[48;2;198;230;253m▀[0m[38;2;126;137;187m[48;2;192;222;247m▀[0m[38;2;195;226;252m[48;2;116;124;180m▀[0m[38;2;109;115;172m[48;2;114;121;176m▀[0m          
       [38;2;110;110;177m▄[0m[38;2;120;129;191m[48;2;133;144;202m▀[0m[38;2;42;48;63m[48;2;40;46;59m▀[0m[38;2;178;133;150m[48;2;188;147;161m▀[0m[38;2;225;168;193m[48;2;226;169;194m▀[0m[38;2;220;165;189m[48;2;220;165;189m▀[0m[38;2;220;165;189m[48;2;220;165;189m▀[0m[38;2;220;165;189m[48;2;220;165;189m▀[0m[38;2;220;165;189m[48;2;220;165;189m▀[0m[38;2;220;165;189m[48;2;220;165;189m▀[0m[38;2;220;165;189m[48;2;220;165;189m▀[0m[38;2;220;165;189m[48;2;220;165;189m▀[0m[38;2;220;165;189m[48;2;220;165;189m▀[0m[38;2;220;165;189m[48;2;220;165;189m▀[0m[38;2;220;165;189m[48;2;220;165;189m▀[0m[38;2;222;169;191m[48;2;220;165;189m▀[0m[38;2;201;123;163m[48;2;225;168;191m▀[0m[38;2;120;116;171m[48;2;143;133;179m▀[0m[38;2;166;186;220m[48;2;158;175;212m▀[0m[38;2;174;193;225m[48;2;172;192;223m▀[0m[38;2;195;227;250m[48;2;197;229;250m▀[0m[38;2;122;131;185m[48;2;196;228;252m▀[0m[38;2;112;118;175m[48;2;123;134;186m▀[0m[38;2;81;81;145m▄[0m         
      [38;2;79;79;143m▄[0m[38;2;103;110;168m[48;2;125;135;189m▀[0m[38;2;170;187;232m[48;2;163;180;219m▀[0m[38;2;84;94;107m[48;2;191;213;248m▀[0m[38;2;167;157;158m[48;2;26;30;35m▀[0m[38;2;228;184;201m[48;2;228;211;210m▀[0m[38;2;221;166;190m[48;2;228;175;197m▀[0m[38;2;220;165;189m[48;2;220;165;189m▀[0m[38;2;220;165;189m[48;2;220;165;189m▀[0m[38;2;220;165;189m[48;2;220;165;189m▀[0m[38;2;220;165;189m[48;2;220;165;189m▀[0m[38;2;220;165;189m[48;2;220;165;189m▀[0m[38;2;220;165;189m[48;2;220;165;189m▀[0m[38;2;220;165;189m[48;2;220;165;189m▀[0m[38;2;220;165;189m[48;2;220;165;189m▀[0m[38;2;220;165;189m[48;2;220;165;189m▀[0m[38;2;220;165;189m[48;2;220;165;189m▀[0m[38;2;220;165;189m[48;2;220;165;189m▀[0m[38;2;228;168;190m[48;2;222;166;189m▀[0m[38;2;117;120;175m[48;2;154;137;181m▀[0m[38;2;171;190;223m[48;2;158;173;215m▀[0m[38;2;173;192;224m[48;2;173;193;224m▀[0m[38;2;204;239;255m[48;2;193;222;246m▀[0m[38;2;196;227;254m[48;2;205;240;255m▀[0m[38;2;126;138;190m[48;2;196;226;253m▀[0m[38;2;87;80;145m[48;2;131;143;195m▀[0m[38;2;82;82;146m▄[0m       
  [38;2;72;72;145m▄[0m[38;2;108;113;176m▄[0m[38;2;96;98;162m▄[0m[38;2;79;71;143m[48;2;130;142;192m▀[0m[38;2;136;150;201m[48;2;187;214;248m▀[0m[38;2;175;196;234m[48;2;182;205;234m▀[0m[38;2;174;194;225m[48;2;171;190;222m▀[0m[38;2;177;197;230m[48;2;171;190;221m▀[0m[38;2;97;107;124m[48;2;197;219;255m▀[0m[38;2;147;137;140m[48;2;31;36;41m▀[0m[38;2;228;173;196m[48;2;116;89;100m▀[0m[38;2;221;166;190m[48;2;231;173;198m▀[0m[38;2;220;165;189m[48;2;232;174;199m▀[0m[38;2;220;165;189m[48;2;220;165;189m▀[0m[38;2;220;165;189m[48;2;220;165;189m▀[0m[38;2;220;165;189m[48;2;220;165;189m▀[0m[38;2;220;165;189m[48;2;220;165;189m▀[0m[38;2;220;165;189m[48;2;220;165;189m▀[0m[38;2;220;165;189m[48;2;220;165;189m▀[0m[38;2;220;165;189m[48;2;220;165;189m▀[0m[38;2;220;165;189m[48;2;219;164;188m▀[0m[38;2;220;165;189m[48;2;230;172;198m▀[0m[38;2;220;165;189m[48;2;234;176;201m▀[0m[38;2;230;171;192m[48;2;219;147;184m▀[0m[38;2;85;87;121m[48;2;30;23;21m▀[0m[38;2;179;199;233m[48;2;107;118;135m▀[0m[38;2;172;191;223m[48;2;182;202;236m▀[0m[38;2;192;221;245m[48;2;172;192;223m▀[0m[38;2;206;241;255m[48;2;192;220;244m▀[0m[38;2;195;225;253m[48;2;208;243;255m▀[0m[38;2;130;143;192m[48;2;189;218;247m▀[0m[38;2;103;106;174m[48;2;168;189;231m▀[0m[38;2;95;95;159m[48;2;133;145;192m▀[0m[38;2;96;100;162m▄[0m[38;2;108;113;176m▄[0m[38;2;72;72;145m▄[0m  
[38;2;127;136;194m▄[0m[38;2;103;108;169m[48;2;180;207;240m▀[0m[38;2;119;129;182m[48;2;180;206;239m▀[0m[38;2;179;204;240m[48;2;186;212;236m▀[0m[38;2;171;195;233m[48;2;187;213;238m▀[0m[38;2;180;206;239m[48;2;179;201;230m▀[0m[38;2;181;204;232m[48;2;175;194;227m▀[0m[38;2;169;187;220m[48;2;190;211;247m▀[0m[38;2;179;199;232m[48;2;112;124;143m▀[0m[38;2;188;209;245m[48;2;76;82;92m▀[0m[38;2;111;122;140m[48;2;31;33;33m▀[0m[38;2;37;39;43m▀[0m[38;2;0;2;0m▀[0m[38;2;105;82;92m[48;2;0;0;0m▀[0m[38;2;109;87;96m[48;2;114;64;94m▀[0m[38;2;238;178;204m[48;2;77;63;68m▀[0m[38;2;233;175;200m[48;2;78;63;70m▀[0m[38;2;233;175;200m[48;2;84;69;75m▀[0m[38;2;233;175;200m[48;2;92;74;82m▀[0m[38;2;233;175;200m[48;2;87;71;77m▀[0m[38;2;233;175;200m[48;2;78;64;70m▀[0m[38;2;234;175;201m[48;2;70;58;63m▀[0m[38;2;233;176;200m[48;2;166;109;139m▀[0m[38;2;123;98;108m[48;2;145;82;120m▀[0m[38;2;105;84;92m[48;2;7;7;7m▀[0m[38;2;166;94;135m▀[0m [38;2;12;12;10m▀[0m[38;2;103;113;130m[48;2;22;22;20m▀[0m[38;2;186;207;242m[48;2;76;82;93m▀[0m[38;2;181;202;235m[48;2;104;114;132m▀[0m[38;2;183;208;234m[48;2;187;207;244m▀[0m[38;2;194;224;248m[48;2;181;202;234m▀[0m[38;2;212;249;255m[48;2;180;203;232m▀[0m[38;2;185;213;244m[48;2;197;227;250m▀[0m[38;2;168;190;231m[48;2;208;244;255m▀[0m[38;2;177;201;238m[48;2;208;244;255m▀[0m[38;2;119;129;182m[48;2;184;211;244m▀[0m[38;2;103;108;169m[48;2;179;206;240m▀[0m[38;2;127;136;194m▄[0m
[38;2;61;65;82m[48;2;17;17;8m▀[0m[38;2;194;220;248m[48;2;51;55;61m▀[0m[38;2;189;213;244m[48;2;51;54;61m▀[0m[38;2;178;198;232m[48;2;52;56;61m▀[0m[38;2;179;198;233m[48;2;52;56;61m▀[0m[38;2;187;207;243m[48;2;55;59;65m▀[0m[38;2;124;137;158m[48;2;41;44;48m▀[0m[38;2;60;65;72m[48;2;0;0;0m▀[0m[38;2;39;42;46m[48;2;0;0;0m▀[0m[38;2;0;0;0m▀[0m[38;2;0;0;0m▀[0m [38;2;25;25;25m▄[0m[38;2;198;109;160m[48;2;240;196;208m▀[0m[38;2;236;187;203m[48;2;227;177;196m▀[0m[38;2;159;121;137m[48;2;227;170;195m▀[0m[38;2;160;115;137m[48;2;233;172;199m▀[0m[38;2;120;64;98m[48;2;171;124;147m▀[0m[38;2;0;0;0m[48;2;0;4;2m▀[0m[38;2;105;59;87m[48;2;42;22;35m▀[0m[38;2;163;110;137m[48;2;159;118;137m▀[0m[38;2;158;122;137m[48;2;241;181;207m▀[0m[38;2;193;137;164m[48;2;222;168;191m▀[0m[38;2;242;189;209m[48;2;225;174;195m▀[0m[38;2;203;121;168m[48;2;242;194;210m▀[0m[38;2;183;97;149m[48;2;245;198;212m▀[0m[38;2;197;114;161m▄[0m[38;2;0;0;0m▄[0m [38;2;0;0;0m▀[0m[38;2;35;35;37m[48;2;0;0;0m▀[0m[38;2;61;66;74m[48;2;0;0;0m▀[0m[38;2;114;125;144m[48;2;39;41;45m▀[0m[38;2;186;206;242m[48;2;56;60;66m▀[0m[38;2;184;206;239m[48;2;51;55;61m▀[0m[38;2;188;212;243m[48;2;51;54;60m▀[0m[38;2;187;211;243m[48;2;51;54;60m▀[0m[38;2;191;215;245m[48;2;51;54;60m▀[0m[38;2;193;219;248m[48;2;52;55;61m▀[0m[38;2;61;65;82m[48;2;17;17;8m▀[0m
 [38;2;0;0;0m▀[0m[38;2;0;0;0m▀[0m[38;2;0;0;0m▀[0m[38;2;0;0;0m▀[0m[38;2;0;0;0m▀[0m[38;2;0;0;0m▀[0m     [38;2;24;23;24m[48;2;17;17;17m▀[0m[38;2;195;121;161m[48;2;32;27;30m▀[0m[38;2;222;167;191m[48;2;36;32;34m▀[0m[38;2;223;167;192m[48;2;36;32;34m▀[0m[38;2;231;173;198m[48;2;37;34;35m▀[0m[38;2;166;128;145m[48;2;36;31;33m▀[0m[38;2;3;7;6m[48;2;0;0;0m▀[0m[38;2;0;0;0m▀[0m[38;2;24;28;24m[48;2;0;0;0m▀[0m[38;2;139;86;117m[48;2;102;51;85m▀[0m[38;2;221;156;188m[48;2;40;34;37m▀[0m[38;2;222;166;191m[48;2;37;33;35m▀[0m[38;2;250;211;218m[48;2;37;35;35m▀[0m[38;2;255;220;224m[48;2;38;35;36m▀[0m[38;2;54;43;49m[48;2;10;21;10m▀[0m[38;2;0;0;0m▀[0m    [38;2;0;0;0m▀[0m[38;2;0;0;0m▀[0m[38;2;0;0;0m▀[0m[38;2;0;0;0m▀[0m[38;2;0;0;0m▀[0m[38;2;0;0;0m▀[0m[38;2;0;0;0m▀[0m 
[0m