                      [38;2;0;0;0m▄[0m[38;2;0;0;0m[48;2;47;91;133m▀[0m[38;2;39;78;121m[48;2;64;134;178m▀[0m[38;2;38;71;103m[48;2;36;65;81m▀[0m[38;2;10;31;42m[48;2;0;0;0m▀[0m             
                    [38;2;42;0;85m▄[0m[38;2;0;0;0m[48;2;48;91;134m▀[0m[38;2;46;91;132m[48;2;69;139;182m▀[0m[38;2;65;138;182m[48;2;52;127;170m▀[0m[38;2;41;101;139m[48;2;24;60;88m▀[0m[38;2;15;22;33m[48;2;0;0;0m▀[0m              
                  [38;2;0;0;0m▄[0m[38;2;0;0;0m[48;2;21;52;69m▀[0m[38;2;22;57;80m[48;2;31;103;141m▀[0m[38;2;48;121;163m[48;2;30;106;146m▀[0m[38;2;54;130;170m[48;2;31;108;149m▀[0m[38;2;31;90;126m[48;2;26;70;99m▀[0m[38;2;19;27;46m[48;2;0;0;0m▀[0m               
                 [38;2;17;24;28m▄[0m[38;2;19;36;45m[48;2;27;82;110m▀[0m[38;2;32;103;142m[48;2;32;108;149m▀[0m[38;2;31;107;147m[48;2;31;105;145m▀[0m[38;2;31;105;145m[48;2;31;107;148m▀[0m[38;2;32;106;147m[48;2;30;87;124m▀[0m[38;2;22;45;62m[48;2;19;31;43m▀[0m                
           [38;2;0;0;127m▄[0m[38;2;23;38;61m▄[0m[38;2;0;0;0m▄[0m  [38;2;17;0;0m[48;2;19;36;47m▀[0m[38;2;22;56;73m[48;2;32;103;142m▀[0m[38;2;33;109;152m[48;2;31;106;146m▀[0m[38;2;31;105;145m[48;2;31;105;145m▀[0m[38;2;31;105;145m[48;2;31;105;145m▀[0m[38;2;32;108;150m[48;2;32;107;149m▀[0m[38;2;26;74;101m[48;2;24;57;84m▀[0m[38;2;14;0;0m▀[0m                
         [38;2;0;0;0m▄[0m[38;2;0;0;255m[48;2;28;61;87m▀[0m[38;2;48;95;140m[48;2;42;112;154m▀[0m[38;2;39;75;99m[48;2;29;56;80m▀[0m[38;2;0;0;0m[48;2;0;0;0m▀[0m [38;2;7;0;0m[48;2;19;38;47m▀[0m[38;2;25;70;95m[48;2;31;102;141m▀[0m[38;2;32;109;150m[48;2;31;105;146m▀[0m[38;2;31;105;145m[48;2;31;105;145m▀[0m[38;2;31;105;145m[48;2;31;105;145m▀[0m[38;2;31;105;145m[48;2;31;107;147m▀[0m[38;2;32;105;146m[48;2;31;92;132m▀[0m[38;2;29;60;89m[48;2;41;85;119m▀[0m[38;2;33;51;88m[48;2;27;43;57m▀[0m[38;2;40;70;115m[48;2;35;67;112m▀[0m[38;2;43;79;122m[48;2;48;104;147m▀[0m[38;2;0;0;127m[48;2;27;37;51m▀[0m             
         [38;2;0;0;0m▀[0m[38;2;21;48;64m[48;2;18;24;30m▀[0m[38;2;24;56;79m[48;2;23;53;70m▀[0m[38;2;8;0;0m[48;2;14;14;14m▀[0m [38;2;15;7;7m[48;2;15;33;41m▀[0m[38;2;25;70;95m[48;2;31;102;141m▀[0m[38;2;32;109;151m[48;2;31;106;146m▀[0m[38;2;31;105;145m[48;2;31;105;145m▀[0m[38;2;31;105;145m[48;2;31;105;145m▀[0m[38;2;31;105;145m[48;2;31;105;145m▀[0m[38;2;32;108;150m[48;2;31;105;145m▀[0m[38;2;28;77;107m[48;2;36;80;120m▀[0m[38;2;15;17;27m[48;2;46;90;128m▀[0m[38;2;19;39;98m[48;2;27;42;64m▀[0m[38;2;28;63;103m[48;2;22;56;75m▀[0m[38;2;34;99;139m[48;2;22;59;78m▀[0m[38;2;18;32;36m[48;2;18;18;18m▀[0m             
          [38;2;0;0;0m▀[0m[38;2;21;51;68m[48;2;14;26;29m▀[0m[38;2;17;37;48m[48;2;32;67;88m▀[0m[38;2;35;48;54m[48;2;84;136;162m▀[0m[38;2;49;107;140m[48;2;72;146;188m▀[0m[38;2;35;110;151m[48;2;43;116;156m▀[0m[38;2;31;105;145m[48;2;29;104;144m▀[0m[38;2;31;105;145m[48;2;31;105;145m▀[0m[38;2;31;105;145m[48;2;31;105;145m▀[0m[38;2;31;105;146m[48;2;32;108;149m▀[0m[38;2;30;102;140m[48;2;27;80;109m▀[0m[38;2;22;48;63m[48;2;5;0;0m▀[0m[38;2;25;43;51m▀[0m[38;2;17;20;24m[48;2;21;46;61m▀[0m[38;2;22;55;73m[48;2;21;48;64m▀[0m[38;2;14;25;29m[48;2;0;0;0m▀[0m              
          [38;2;32;67;110m▄[0m[38;2;38;71;114m[48;2;59;122;164m▀[0m[38;2;68;132;173m[48;2;68;141;182m▀[0m[38;2;77;150;190m[48;2;67;138;179m▀[0m[38;2;59;131;171m[48;2;43;117;157m▀[0m[38;2;31;106;146m[48;2;29;104;144m▀[0m[38;2;31;105;145m[48;2;31;105;145m▀[0m[38;2;31;105;145m[48;2;31;105;145m▀[0m[38;2;31;105;145m[48;2;31;105;145m▀[0m[38;2;31;105;146m[48;2;25;108;150m▀[0m[38;2;31;106;144m[48;2;89;87;113m▀[0m[38;2;33;66;83m[48;2;99;52;66m▀[0m[38;2;12;4;0m[48;2;16;47;67m▀[0m[38;2;26;72;97m[48;2;24;64;85m▀[0m[38;2;20;37;45m[48;2;11;0;0m▀[0m               
        [38;2;30;40;81m▄[0m[38;2;30;54;100m[48;2;21;56;79m▀[0m[38;2;31;94;136m[48;2;29;109;152m▀[0m[38;2;51;126;167m[48;2;28;110;152m▀[0m[38;2;64;135;176m[48;2;28;110;152m▀[0m[38;2;46;119;159m[48;2;23;106;148m▀[0m[38;2;30;105;144m[48;2;25;107;149m▀[0m[38;2;31;105;145m[48;2;26;107;149m▀[0m[38;2;31;105;145m[48;2;30;105;145m▀[0m[38;2;31;105;145m[48;2;27;108;149m▀[0m[38;2;27;108;150m[48;2;73;83;109m▀[0m[38;2;73;82;108m[48;2;67;53;66m▀[0m[38;2;78;43;51m[48;2;24;102;142m▀[0m[38;2;37;82;116m[48;2;44;120;161m▀[0m[38;2;40;101;144m[48;2;75;148;189m▀[0m[38;2;24;41;59m[48;2;57;110;152m▀[0m[38;2;20;30;71m▄[0m               
   [38;2;27;54;100m▄[0m[38;2;62;75;112m▄[0m[38;2;0;0;127m[48;2;59;66;104m▀[0m[38;2;0;0;0m[48;2;47;99;143m▀[0m[38;2;0;0;0m[48;2;31;52;81m▀[0m[38;2;64;99;137m[48;2;54;106;140m▀[0m[38;2;63;70;90m[48;2;118;80;63m▀[0m[38;2;50;87;123m[48;2;153;77;40m▀[0m[38;2;90;83;107m[48;2;194;126;42m▀[0m[38;2;87;83;108m[48;2;197;138;43m▀[0m[38;2;87;84;108m[48;2;197;138;43m▀[0m[38;2;89;84;108m[48;2;191;133;42m▀[0m[38;2;79;85;112m[48;2;163;108;39m▀[0m[38;2;32;99;144m[48;2;166;98;59m▀[0m[38;2;40;101;143m[48;2;145;78;74m▀[0m[38;2;95;47;55m[48;2;70;42;52m▀[0m[38;2;25;89;121m[48;2;25;107;148m▀[0m[38;2;31;107;148m[48;2;31;105;145m▀[0m[38;2;54;126;166m[48;2;32;106;146m▀[0m[38;2;68;140;181m[48;2;39;86;113m▀[0m[38;2;55;109;153m[48;2;56;116;154m▀[0m[38;2;34;61;102m[48;2;46;89;132m▀[0m[38;2;0;0;56m▄[0m              
[38;2;0;0;85m▄[0m[38;2;0;0;39m[48;2;47;91;133m▀[0m[38;2;46;88;130m[48;2;58;131;174m▀[0m[38;2;55;119;163m[48;2;38;117;158m▀[0m[38;2;117;80;105m[48;2;108;71;92m▀[0m[38;2;55;99;138m[48;2;33;102;141m▀[0m[38;2;46;105;140m[48;2;22;61;81m▀[0m[38;2;36;79;109m[48;2;28;93;128m▀[0m[38;2;24;72;100m[48;2;19;43;57m▀[0m[38;2;142;129;53m[48;2;162;132;40m▀[0m[38;2;164;137;41m[48;2;175;145;47m▀[0m[38;2;175;148;46m[48;2;164;136;44m▀[0m[38;2;192;160;50m[48;2;194;160;50m▀[0m[38;2;185;155;49m[48;2;154;128;42m▀[0m[38;2;157;133;43m[48;2;179;148;47m▀[0m[38;2;183;154;48m[48;2;191;158;49m▀[0m[38;2;193;164;47m[48;2;189;159;49m▀[0m[38;2;201;128;42m[48;2;196;134;45m▀[0m[38;2;73;41;51m[48;2;69;41;52m▀[0m[38;2;25;106;147m[48;2;25;107;149m▀[0m[38;2;31;105;145m[48;2;31;105;145m▀[0m[38;2;31;101;140m[48;2;31;105;145m▀[0m[38;2;22;59;79m[48;2;25;70;94m▀[0m[38;2;42;119;161m[48;2;28;94;130m▀[0m[38;2;65;137;180m[48;2;42;120;162m▀[0m[38;2;44;83;115m[48;2;61;126;165m▀[0m[38;2;0;0;0m[48;2;39;68;93m▀[0m[38;2;0;0;0m[48;2;43;88;129m▀[0m[38;2;40;65;107m▄[0m[38;2;20;30;71m[48;2;52;103;146m▀[0m[38;2;36;64;105m[48;2;66;134;177m▀[0m[38;2;36;66;110m[48;2;67;135;179m▀[0m[38;2;34;60;104m[48;2;61;123;165m▀[0m[38;2;0;0;21m[48;2;50;100;141m▀[0m[38;2;41;79;123m▄[0m[38;2;18;36;81m▄[0m    
[38;2;25;31;40m[48;2;22;55;72m▀[0m[38;2;45;106;146m[48;2;32;106;147m▀[0m[38;2;32;109;149m[48;2;31;89;130m▀[0m[38;2;27;90;131m[48;2;29;96;137m▀[0m[38;2;105;59;81m[48;2;47;100;135m▀[0m[38;2;39;88;128m[48;2;91;66;92m▀[0m[38;2;25;97;133m[48;2;56;75;111m▀[0m[38;2;21;68;93m[48;2;72;65;94m▀[0m[38;2;27;23;27m[48;2;70;50;64m▀[0m[38;2;159;131;41m[48;2;155;130;41m▀[0m[38;2;190;157;49m[48;2;196;162;51m▀[0m[38;2;154;128;42m[48;2;153;128;42m▀[0m[38;2;169;140;45m[48;2;140;117;39m▀[0m[38;2;166;138;44m[48;2;189;156;49m▀[0m[38;2;191;157;49m[48;2;189;156;49m▀[0m[38;2;189;156;49m[48;2;189;156;49m▀[0m[38;2;189;157;49m[48;2;189;156;49m▀[0m[38;2;195;148;48m[48;2;191;161;50m▀[0m[38;2;112;53;42m[48;2;180;108;40m▀[0m[38;2;20;92;130m[48;2;55;54;73m▀[0m[38;2;31;108;148m[48;2;24;100;143m▀[0m[38;2;31;105;146m[48;2;32;109;150m▀[0m[38;2;31;105;144m[48;2;32;107;147m▀[0m[38;2;25;69;93m[48;2;23;58;77m▀[0m[38;2;24;73;100m[48;2;16;10;12m▀[0m[38;2;38;107;148m[48;2;30;89;127m▀[0m[38;2;48;118;161m[48;2;25;109;152m▀[0m[38;2;61;99;136m[48;2;81;59;87m▀[0m[38;2;96;83;110m[48;2;68;80;112m▀[0m[38;2;49;131;174m[48;2;27;107;148m▀[0m[38;2;48;121;162m[48;2;29;103;143m▀[0m[38;2;48;121;161m[48;2;29;103;143m▀[0m[38;2;59;132;173m[48;2;32;106;146m▀[0m[38;2;65;139;181m[48;2;32;106;146m▀[0m[38;2;68;139;183m[48;2;43;117;157m▀[0m[38;2;52;102;144m[48;2;62;136;178m▀[0m[38;2;27;36;81m[48;2;50;96;137m▀[0m[38;2;18;18;54m▄[0m  
[38;2;25;69;92m[48;2;25;63;86m▀[0m[38;2;32;92;135m[48;2;32;87;129m▀[0m[38;2;31;94;135m[48;2;31;106;146m▀[0m[38;2;31;106;146m[48;2;31;105;145m▀[0m[38;2;27;107;148m[48;2;31;105;145m▀[0m[38;2;48;99;134m[48;2;29;106;146m▀[0m[38;2;93;77;101m[48;2;25;108;149m▀[0m[38;2;77;89;120m[48;2;27;107;150m▀[0m[38;2;23;78;106m[48;2;29;65;93m▀[0m[38;2;158;128;38m[48;2;160;130;38m▀[0m[38;2;197;162;50m[48;2;196;162;50m▀[0m[38;2;153;128;42m[48;2;157;130;42m▀[0m[38;2;163;135;44m[48;2;179;147;47m▀[0m[38;2;192;158;50m[48;2;190;157;49m▀[0m[38;2;189;156;49m[48;2;189;156;49m▀[0m[38;2;189;156;49m[48;2;189;156;49m▀[0m[38;2;189;156;49m[48;2;189;156;49m▀[0m[38;2;189;156;49m[48;2;189;159;49m▀[0m[38;2;193;162;50m[48;2;194;132;47m▀[0m[38;2;179;125;42m[48;2;173;76;32m▀[0m[38;2;86;68;70m[48;2;64;70;86m▀[0m[38;2;21;61;85m[48;2;20;68;93m▀[0m[38;2;20;46;62m[48;2;0;0;0m▀[0m[38;2;0;0;0m[48;2;7;0;0m▀[0m[38;2;17;23;26m[48;2;0;0;0m▀[0m[38;2;27;94;129m[48;2;29;39;49m▀[0m[38;2;50;85;123m[48;2;87;56;82m▀[0m[38;2;94;51;76m[48;2;35;96;136m▀[0m[38;2;32;83;124m[48;2;30;94;136m▀[0m[38;2;31;107;147m[48;2;31;91;131m▀[0m[38;2;31;105;145m[48;2;31;107;147m▀[0m[38;2;31;105;145m[48;2;31;105;145m▀[0m[38;2;31;105;145m[48;2;31;105;145m▀[0m[38;2;31;105;145m[48;2;31;105;145m▀[0m[38;2;30;104;144m[48;2;31;105;145m▀[0m[38;2;31;106;147m[48;2;31;105;145m▀[0m[38;2;46;113;155m[48;2;32;108;150m▀[0m[38;2;38;68;109m[48;2;32;71;114m▀[0m[38;2;0;0;0m▄[0m 
[38;2;21;42;56m[48;2;14;14;19m▀[0m[38;2;32;98;138m[48;2;26;77;104m▀[0m[38;2;31;106;146m[48;2;32;110;152m▀[0m[38;2;31;105;145m[48;2;31;105;145m▀[0m[38;2;31;105;145m[48;2;31;105;145m▀[0m[38;2;31;105;145m[48;2;31;107;146m▀[0m[38;2;31;106;146m[48;2;30;92;130m▀[0m[38;2;37;91;134m[48;2;31;87;125m▀[0m[38;2;35;85;117m[48;2;24;103;149m▀[0m[38;2;141;118;40m[48;2;80;81;49m▀[0m[38;2;197;162;50m[48;2;200;163;48m▀[0m[38;2;156;129;42m[48;2;163;135;43m▀[0m[38;2;178;147;47m[48;2;171;141;46m▀[0m[38;2;190;157;49m[48;2;190;157;49m▀[0m[38;2;189;156;49m[48;2;189;156;49m▀[0m[38;2;189;156;49m[48;2;189;156;49m▀[0m[38;2;189;158;49m[48;2;190;161;49m▀[0m[38;2;194;145;48m[48;2;186;92;40m▀[0m[38;2;152;48;39m[48;2;60;47;65m▀[0m[38;2;56;81;109m[48;2;50;132;176m▀[0m[38;2;44;93;121m[48;2;70;143;184m▀[0m[38;2;25;46;61m[48;2;65;131;173m▀[0m[38;2;39;76;121m[48;2;60;125;168m▀[0m[38;2;41;77;108m[48;2;51;104;147m▀[0m[38;2;22;33;66m[48;2;25;25;89m▀[0m[38;2;18;18;20m[48;2;13;19;19m▀[0m[38;2;31;93;131m[48;2;26;75;100m▀[0m[38;2;30;108;148m[48;2;32;108;150m▀[0m[38;2;31;106;146m[48;2;31;105;145m▀[0m[38;2;31;93;134m[48;2;31;106;146m▀[0m[38;2;31;88;129m[48;2;31;96;137m▀[0m[38;2;31;102;142m[48;2;31;83;125m▀[0m[38;2;31;107;147m[48;2;31;88;129m▀[0m[38;2;31;105;145m[48;2;31;102;142m▀[0m[38;2;31;105;145m[48;2;31;107;146m▀[0m[38;2;31;105;145m[48;2;31;106;146m▀[0m[38;2;31;107;148m[48;2;31;107;149m▀[0m[38;2;32;87;128m[48;2;36;84;113m▀[0m[38;2;47;47;74m[48;2;150;146;146m▀[0m[38;2;139;139;139m▄[0m
[38;2;0;0;0m▀[0m[38;2;19;44;57m▀[0m[38;2;30;96;132m[48;2;18;32;39m▀[0m[38;2;32;110;151m[48;2;24;68;92m▀[0m[38;2;32;108;150m[48;2;27;79;107m▀[0m[38;2;32;111;154m[48;2;27;79;108m▀[0m[38;2;28;81;111m[48;2;22;55;73m▀[0m[38;2;27;83;112m[48;2;19;30;36m▀[0m[38;2;28;92;130m[48;2;28;79;109m▀[0m[38;2;40;73;85m[48;2;24;75;113m▀[0m[38;2;176;143;42m[48;2;79;71;32m▀[0m[38;2;187;154;48m[48;2;191;157;48m▀[0m[38;2;152;126;42m[48;2;159;133;43m▀[0m[38;2;192;158;50m[48;2;182;150;48m▀[0m[38;2;189;156;49m[48;2;191;158;49m▀[0m[38;2;189;156;49m[48;2;195;160;47m▀[0m[38;2;193;162;50m[48;2;196;163;48m▀[0m[38;2;157;71;32m[48;2;147;80;49m▀[0m[38;2;22;75;108m[48;2;40;64;91m▀[0m[38;2;32;109;151m[48;2;30;109;151m▀[0m[38;2;53;125;166m[48;2;30;107;148m▀[0m[38;2;52;125;166m[48;2;30;102;142m▀[0m[38;2;38;113;155m[48;2;31;108;149m▀[0m[38;2;31;66;107m[48;2;29;80;116m▀[0m[38;2;18;18;47m▄[0m [38;2;19;41;49m[48;2;7;15;15m▀[0m[38;2;32;105;145m[48;2;25;67;90m▀[0m[38;2;31;106;146m[48;2;32;109;150m▀[0m[38;2;31;105;145m[48;2;31;107;148m▀[0m[38;2;31;106;146m[48;2;31;105;145m▀[0m[38;2;31;106;146m[48;2;31;105;145m▀[0m[38;2;31;96;136m[48;2;31;106;146m▀[0m[38;2;31;83;125m[48;2;31;106;146m▀[0m[38;2;31;88;129m[48;2;31;97;137m▀[0m[38;2;31;95;136m[48;2;31;92;135m▀[0m[38;2;32;108;149m[48;2;33;77;119m▀[0m[38;2;18;57;78m[48;2;112;115;120m▀[0m[38;2;83;80;77m[48;2;156;156;150m▀[0m[38;2;112;112;112m[48;2;0;0;0m▀[0m
   [38;2;10;0;0m▀[0m[38;2;11;0;0m▀[0m[38;2;11;0;0m▀[0m[38;2;26;26;61m[48;2;31;49;93m▀[0m[38;2;32;74;117m[48;2;27;71;101m▀[0m[38;2;30;82;118m[48;2;29;94;127m▀[0m[38;2;28;72;109m[48;2;31;94;134m▀[0m[38;2;31;41;72m[48;2;34;55;78m▀[0m[38;2;99;84;35m[48;2;62;59;70m▀[0m[38;2;151;126;42m[48;2;40;34;17m▀[0m[38;2;161;134;44m[48;2;52;46;23m▀[0m[38;2;181;151;51m[48;2;49;44;24m▀[0m[38;2;140;125;65m[48;2;9;19;39m▀[0m[38;2;87;97;83m[48;2;9;26;45m▀[0m[38;2;38;64;84m[48;2;0;0;0m▀[0m[38;2;32;36;45m[48;2;0;0;0m▀[0m[38;2;19;50;65m▀[0m[38;2;28;73;104m[48;2;15;3;0m▀[0m[38;2;29;73;109m[48;2;27;75;105m▀[0m[38;2;27;85;115m[48;2;24;70;95m▀[0m[38;2;23;65;87m[48;2;38;36;38m▀[0m[38;2;0;0;0m[48;2;133;131;131m▀[0m[38;2;119;119;119m▄[0m[38;2;0;0;0m▄[0m[38;2;8;0;0m▀[0m[38;2;23;60;81m[48;2;0;0;0m▀[0m[38;2;30;95;130m[48;2;18;28;35m▀[0m[38;2;32;107;147m[48;2;22;48;61m▀[0m[38;2;32;109;151m[48;2;25;70;96m▀[0m[38;2;32;109;151m[48;2;25;73;98m▀[0m[38;2;32;108;149m[48;2;23;64;87m▀[0m[38;2;32;106;146m[48;2;19;36;44m▀[0m[38;2;26;81;109m[48;2;17;12;12m▀[0m[38;2;17;37;53m▀[0m[38;2;98;97;97m[48;2;0;0;0m▀[0m[38;2;113;113;113m[48;2;0;0;0m▀[0m[38;2;39;39;39m[48;2;0;0;0m▀[0m
       [38;2;0;0;0m▀[0m[38;2;19;34;40m▀[0m[38;2;19;37;46m▀[0m[38;2;10;16;16m▀[0m         [38;2;20;42;51m[48;2;19;41;54m▀[0m[38;2;30;76;112m[48;2;26;72;95m▀[0m[38;2;27;83;116m[48;2;26;70;94m▀[0m[38;2;36;93;129m[48;2;21;57;78m▀[0m[38;2;146;154;166m[48;2;18;20;25m▀[0m[38;2;94;94;92m[48;2;6;6;0m▀[0m[38;2;30;30;30m[48;2;0;0;0m▀[0m    [38;2;8;0;0m▀[0m[38;2;8;0;0m▀[0m[38;2;13;0;0m▀[0m      
[0m