                  [38;2;52;67;105m[48;2;57;68;112m▀[0m[38;2;68;87;133m[48;2;85;115;157m▀[0m[38;2;47;56;94m[48;2;22;22;37m▀[0m[38;2;0;0;0m▄[0m  [38;2;27;27;62m▄[0m[38;2;53;60;102m[48;2;81;107;155m▀[0m[38;2;61;79;116m[48;2;81;111;144m▀[0m[38;2;0;0;0m[48;2;3;0;0m▀[0m            
                  [38;2;52;62;103m[48;2;50;60;103m▀[0m[38;2;81;116;169m[48;2;66;97;149m▀[0m[38;2;31;42;57m[48;2;59;88;132m▀[0m[38;2;0;0;0m[48;2;37;44;73m▀[0m [38;2;48;60;103m▄[0m[38;2;55;68;109m[48;2;95;131;180m▀[0m[38;2;102;141;192m[48;2;109;151;200m▀[0m[38;2;80;110;144m[48;2;37;46;58m▀[0m[38;2;3;0;0m[48;2;0;0;0m▀[0m            
                  [38;2;30;35;54m[48;2;13;12;10m▀[0m[38;2;64;94;143m[48;2;62;92;138m▀[0m[38;2;66;100;150m[48;2;67;102;154m▀[0m[38;2;37;50;70m[48;2;66;100;150m▀[0m[38;2;23;26;37m[48;2;61;91;137m▀[0m[38;2;77;109;159m[48;2;81;118;169m▀[0m[38;2;108;152;202m[48;2;107;149;199m▀[0m[38;2;90;128;175m[48;2;66;86;131m▀[0m[38;2;18;21;26m[48;2;10;0;21m▀[0m             
                 [38;2;42;48;85m[48;2;43;51;87m▀[0m[38;2;53;72;112m[48;2;46;63;96m▀[0m[38;2;64;96;145m[48;2;32;37;56m▀[0m[38;2;54;73;114m[48;2;30;32;51m▀[0m[38;2;45;65;95m[48;2;35;49;69m▀[0m[38;2;67;101;153m[48;2;66;97;149m▀[0m[38;2;64;94;144m[48;2;42;48;80m▀[0m[38;2;74;110;161m[48;2;45;62;94m▀[0m[38;2;61;91;139m[48;2;64;94;143m▀[0m[38;2;47;55;94m[48;2;22;27;34m▀[0m             
                [38;2;0;0;0m▄[0m [38;2;0;0;0m▀[0m[38;2;7;0;0m▀[0m[38;2;48;60;102m▄[0m[38;2;51;68;108m[48;2;63;90;140m▀[0m[38;2;65;96;146m[48;2;58;87;129m▀[0m[38;2;36;40;68m[48;2;12;10;10m▀[0m[38;2;12;6;3m▀[0m[38;2;26;31;42m▀[0m[38;2;22;22;27m▀[0m             
               [38;2;57;68;112m[48;2;61;75;118m▀[0m[38;2;70;89;136m[48;2;100;144;199m▀[0m[38;2;53;68;108m[48;2;59;87;128m▀[0m[38;2;8;8;0m[48;2;9;4;0m▀[0m[38;2;41;48;89m▄[0m[38;2;49;59;101m[48;2;63;86;133m▀[0m[38;2;68;101;154m[48;2;82;119;171m▀[0m[38;2;58;86;129m[48;2;54;80;122m▀[0m[38;2;12;10;8m[48;2;27;30;46m▀[0m[38;2;42;42;85m[48;2;85;114;162m▀[0m[38;2;45;48;86m[48;2;70;97;145m▀[0m[38;2;21;23;32m▄[0m             
               [38;2;48;58;95m[48;2;0;0;0m▀[0m[38;2;55;79;119m[48;2;35;46;66m▀[0m[38;2;43;61;91m[48;2;30;39;55m▀[0m[38;2;4;0;0m[48;2;49;57;90m▀[0m[38;2;59;72;116m[48;2;78;103;149m▀[0m[38;2;99;136;186m[48;2;111;156;207m▀[0m[38;2;100;142;193m[48;2;107;150;201m▀[0m[38;2;58;73;118m[48;2;44;57;78m▀[0m[38;2;46;53;92m[48;2;31;31;49m▀[0m[38;2;85;120;173m[48;2;46;61;98m▀[0m[38;2;68;103;154m[48;2;28;36;48m▀[0m[38;2;20;24;28m[48;2;19;24;24m▀[0m             
            [38;2;0;0;25m▄[0m[38;2;47;51;94m▄[0m[38;2;74;90;138m▄[0m[38;2;45;51;93m[48;2;117;148;205m▀[0m[38;2;27;29;43m[48;2;106;143;192m▀[0m[38;2;29;39;53m[48;2;91;125;165m▀[0m[38;2;26;29;40m[48;2;67;96;138m▀[0m[38;2;58;76;101m[48;2;53;79;121m▀[0m[38;2;94;129;170m[48;2;44;62;86m▀[0m[38;2;93;134;186m[48;2;45;62;88m▀[0m[38;2;23;28;38m[48;2;41;58;84m▀[0m[38;2;30;42;57m[48;2;44;61;88m▀[0m[38;2;38;52;75m[48;2;8;8;12m▀[0m[38;2;5;0;0m▀[0m              
          [38;2;51;51;102m▄[0m[38;2;0;0;0m[48;2;53;67;113m▀[0m[38;2;66;85;128m[48;2;94;132;182m▀[0m[38;2;90;121;170m[48;2;112;156;205m▀[0m[38;2;137;179;240m[48;2;103;144;194m▀[0m[38;2;149;191;255m[48;2;76;111;162m▀[0m[38;2;104;144;197m[48;2;64;97;146m▀[0m[38;2;77;114;164m[48;2;63;96;146m▀[0m[38;2;65;99;150m[48;2;65;98;148m▀[0m[38;2;66;100;151m[48;2;65;98;148m▀[0m[38;2;66;100;152m[48;2;65;98;148m▀[0m[38;2;56;84;126m[48;2;67;101;153m▀[0m[38;2;40;55;79m[48;2;57;85;127m▀[0m[38;2;28;35;49m[48;2;23;28;39m▀[0m[38;2;0;0;0m[48;2;0;0;0m▀[0m               
          [38;2;38;42;74m[48;2;28;35;48m▀[0m[38;2;62;87;137m[48;2;62;90;140m▀[0m[38;2;71;107;160m[48;2;41;58;86m▀[0m[38;2;80;117;169m[48;2;40;57;84m▀[0m[38;2;72;107;157m[48;2;59;85;131m▀[0m[38;2;63;96;146m[48;2;65;99;149m▀[0m[38;2;65;98;148m[48;2;66;99;150m▀[0m[38;2;65;98;148m[48;2;65;99;149m▀[0m[38;2;65;98;148m[48;2;66;100;151m▀[0m[38;2;65;98;148m[48;2;66;100;151m▀[0m[38;2;65;98;148m[48;2;65;98;148m▀[0m[38;2;64;97;147m[48;2;64;97;147m▀[0m[38;2;74;110;163m[48;2;73;108;158m▀[0m[38;2;58;80;108m[48;2;97;138;187m▀[0m[38;2;4;9;14m[48;2;26;34;43m▀[0m               
      [38;2;57;70;110m▄[0m[38;2;22;22;55m[48;2;90;116;166m▀[0m[38;2;74;90;138m[48;2;132;167;228m▀[0m[38;2;48;57;83m[48;2;75;97;128m▀[0m[38;2;40;49;76m[48;2;77;105;138m▀[0m[38;2;75;100;143m[48;2;66;89;115m▀[0m[38;2;82;114;153m[48;2;115;161;214m▀[0m[38;2;56;82;120m[48;2;80;117;168m▀[0m[38;2;59;82;129m[48;2;65;100;151m▀[0m[38;2;40;54;79m[48;2;63;93;142m▀[0m[38;2;27;36;47m[48;2;49;68;103m▀[0m[38;2;39;52;76m[48;2;60;88;133m▀[0m[38;2;57;84;126m[48;2;49;68;102m▀[0m[38;2;57;85;127m[48;2;40;56;80m▀[0m[38;2;68;102;155m[48;2;40;56;80m▀[0m[38;2;65;98;148m[48;2;64;96;145m▀[0m[38;2;64;98;148m[48;2;66;100;153m▀[0m[38;2;93;133;183m[48;2;74;109;159m▀[0m[38;2;35;44;53m[48;2;29;35;44m▀[0m               
 [38;2;0;0;0m▄[0m[38;2;49;57;98m▄[0m[38;2;0;0;0m[48;2;62;78;125m▀[0m[38;2;52;55;101m[48;2;47;63;97m▀[0m[38;2;24;24;37m[48;2;30;39;54m▀[0m[38;2;74;100;143m[48;2;45;65;95m▀[0m[38;2;93;134;186m[48;2;64;98;149m▀[0m[38;2;66;92;140m[48;2;59;78;121m▀[0m[38;2;84;113;157m[48;2;111;154;203m▀[0m[38;2;89;122;162m[48;2;95;134;183m▀[0m[38;2;71;96;128m[48;2;61;83;125m▀[0m[38;2;93;134;186m[48;2;58;83;127m▀[0m[38;2;64;98;147m[48;2;42;57;85m▀[0m[38;2;54;77;117m[48;2;50;71;107m▀[0m[38;2;45;63;93m[48;2;65;97;148m▀[0m[38;2;65;96;146m[48;2;66;99;149m▀[0m[38;2;66;99;150m[48;2;65;98;148m▀[0m[38;2;67;102;153m[48;2;65;98;148m▀[0m[38;2;65;97;147m[48;2;66;99;150m▀[0m[38;2;55;81;122m[48;2;61;91;137m▀[0m[38;2;42;59;86m[48;2;41;58;84m▀[0m[38;2;52;76;114m[48;2;49;69;104m▀[0m[38;2;43;57;89m[48;2;76;104;152m▀[0m[38;2;0;0;0m[48;2;72;89;137m▀[0m[38;2;46;49;86m▄[0m              
[38;2;46;51;93m[48;2;59;75;114m▀[0m[38;2;68;88;133m[48;2;91;126;168m▀[0m[38;2;92;124;172m[48;2;70;102;145m▀[0m[38;2;91;131;183m[48;2;58;83;126m▀[0m[38;2;63;97;145m[48;2;56;78;122m▀[0m[38;2;40;56;80m[48;2;67;103;155m▀[0m[38;2;46;58;94m[48;2;60;87;133m▀[0m[38;2;41;54;82m[48;2;35;46;66m▀[0m[38;2;54;77;112m[48;2;63;95;143m▀[0m[38;2;92;132;183m[48;2;63;97;148m▀[0m[38;2;72;108;160m[48;2;62;90;138m▀[0m[38;2;42;57;88m[48;2;58;79;126m▀[0m[38;2;42;58;86m[48;2;67;101;152m▀[0m[38;2;64;96;145m[48;2;65;99;149m▀[0m[38;2;66;100;151m[48;2;65;98;148m▀[0m[38;2;65;98;148m[48;2;65;98;148m▀[0m[38;2;65;98;148m[48;2;65;98;148m▀[0m[38;2;65;98;148m[48;2;65;98;148m▀[0m[38;2;65;98;148m[48;2;65;98;148m▀[0m[38;2;67;101;152m[48;2;67;101;152m▀[0m[38;2;35;49;69m[48;2;34;46;65m▀[0m[38;2;60;90;136m[48;2;63;95;144m▀[0m[38;2;70;105;157m[48;2;64;97;148m▀[0m[38;2;100;141;191m[48;2;69;102;152m▀[0m[38;2;133;176;234m[48;2;96;137;185m▀[0m[38;2;83;110;145m[48;2;88;128;180m▀[0m[38;2;20;20;23m[48;2;44;62;92m▀[0m[38;2;15;12;19m▄[0m       [38;2;116;116;116m▄[0m[38;2;83;83;83m▄[0m[38;2;0;0;0m▄[0m  
[38;2;17;17;11m▀[0m[38;2;14;14;14m▀[0m[38;2;10;8;6m▀[0m[38;2;22;22;30m[48;2;38;38;77m▀[0m[38;2;27;28;42m[48;2;42;57;86m▀[0m[38;2;56;79;122m[48;2;53;75;112m▀[0m[38;2;62;93;139m[48;2;35;47;66m▀[0m[38;2;36;50;71m[48;2;58;86;129m▀[0m[38;2;68;102;154m[48;2;65;99;150m▀[0m[38;2;65;99;149m[48;2;65;98;148m▀[0m[38;2;61;88;135m[48;2;56;74;119m▀[0m[38;2;58;79;125m[48;2;64;95;145m▀[0m[38;2;66;100;150m[48;2;65;98;148m▀[0m[38;2;65;98;148m[48;2;65;98;148m▀[0m[38;2;65;98;148m[48;2;65;98;148m▀[0m[38;2;65;98;148m[48;2;65;98;148m▀[0m[38;2;65;98;148m[48;2;65;98;148m▀[0m[38;2;65;98;148m[48;2;65;98;148m▀[0m[38;2;65;98;148m[48;2;65;98;148m▀[0m[38;2;67;100;151m[48;2;65;99;149m▀[0m[38;2;47;68;100m[48;2;65;97;148m▀[0m[38;2;49;70;104m[48;2;39;47;75m▀[0m[38;2;67;101;154m[48;2;43;56;85m▀[0m[38;2;66;100;152m[48;2;55;81;120m▀[0m[38;2;66;100;151m[48;2;45;67;98m▀[0m[38;2;64;97;146m[48;2;22;26;33m▀[0m[38;2;43;62;90m[48;2;16;16;17m▀[0m[38;2;45;56;91m[48;2;54;78;117m▀[0m[38;2;50;57;100m[48;2;67;98;151m▀[0m[38;2;50;54;97m[48;2;61;88;137m▀[0m[38;2;60;76;119m▄[0m[38;2;67;85;128m▄[0m[38;2;0;0;0m[48;2;66;85;129m▀[0m[38;2;42;50;92m[48;2;98;136;186m▀[0m[38;2;92;92;101m[48;2;82;102;140m▀[0m[38;2;220;219;219m[48;2;87;104;125m▀[0m[38;2;198;197;197m[48;2;102;118;151m▀[0m[38;2;58;58;57m[48;2;202;203;209m▀[0m[38;2;86;86;86m[48;2;198;198;198m▀[0m[38;2;93;93;93m▄[0m
   [38;2;12;12;12m▀[0m[38;2;10;10;5m[48;2;73;87;147m▀[0m[38;2;22;20;31m[48;2;53;67;97m▀[0m[38;2;27;31;43m[48;2;47;67;98m▀[0m[38;2;63;95;142m[48;2;67;100;153m▀[0m[38;2;65;99;149m[48;2;66;100;150m▀[0m[38;2;65;97;147m[48;2;57;79;125m▀[0m[38;2;55;72;117m[48;2;62;88;136m▀[0m[38;2;65;98;149m[48;2;65;99;149m▀[0m[38;2;65;98;148m[48;2;65;98;148m▀[0m[38;2;65;98;148m[48;2;65;98;148m▀[0m[38;2;65;98;148m[48;2;65;98;148m▀[0m[38;2;65;98;148m[48;2;65;98;148m▀[0m[38;2;65;98;148m[48;2;65;98;148m▀[0m[38;2;65;98;148m[48;2;65;98;148m▀[0m[38;2;65;98;148m[48;2;65;99;149m▀[0m[38;2;66;100;150m[48;2;64;95;145m▀[0m[38;2;58;80;127m[48;2;59;80;129m▀[0m[38;2;63;90;140m[48;2;47;67;99m▀[0m[38;2;26;35;45m[48;2;4;0;0m▀[0m[38;2;10;5;0m▀[0m[38;2;10;7;0m▀[0m [38;2;0;0;0m▀[0m[38;2;36;48;70m[48;2;23;11;23m▀[0m[38;2;68;101;154m[48;2;47;63;99m▀[0m[38;2;65;99;151m[48;2;65;97;145m▀[0m[38;2;75;110;161m[48;2;66;100;152m▀[0m[38;2;90;130;180m[48;2;64;97;147m▀[0m[38;2;109;152;202m[48;2;68;101;151m▀[0m[38;2;106;149;198m[48;2;69;103;154m▀[0m[38;2;106;150;202m[48;2;69;104;155m▀[0m[38;2;49;70;100m[48;2;65;98;149m▀[0m[38;2;46;67;99m[48;2;33;43;64m▀[0m[38;2;92;94;102m[48;2;21;19;16m▀[0m[38;2;96;96;95m[48;2;0;0;0m▀[0m[38;2;46;46;46m[48;2;0;0;0m▀[0m
   [38;2;42;42;85m[48;2;45;45;85m▀[0m[38;2;56;70;114m[48;2;62;87;137m▀[0m[38;2;74;100;135m[48;2;50;73;107m▀[0m[38;2;45;66;97m[48;2;46;67;98m▀[0m[38;2;67;101;154m[48;2;67;101;154m▀[0m[38;2;66;100;150m[48;2;66;100;150m▀[0m[38;2;57;78;123m[48;2;57;79;124m▀[0m[38;2;62;89;137m[48;2;62;89;137m▀[0m[38;2;65;99;149m[48;2;65;99;149m▀[0m[38;2;65;98;148m[48;2;65;98;148m▀[0m[38;2;65;98;148m[48;2;65;98;148m▀[0m[38;2;65;98;148m[48;2;65;98;148m▀[0m[38;2;65;98;148m[48;2;65;98;148m▀[0m[38;2;65;98;148m[48;2;65;98;148m▀[0m[38;2;65;98;148m[48;2;66;100;152m▀[0m[38;2;67;102;153m[48;2;51;74;111m▀[0m[38;2;53;73;114m[48;2;42;57;78m▀[0m[38;2;40;51;75m[48;2;92;127;167m▀[0m[38;2;36;48;61m[48;2;96;131;178m▀[0m[38;2;19;21;27m[48;2;75;97;141m▀[0m[38;2;27;34;45m[48;2;94;129;177m▀[0m[38;2;23;25;32m[48;2;60;75;118m▀[0m   [38;2;0;0;0m▀[0m[38;2;27;35;46m▀[0m[38;2;46;67;98m[48;2;13;10;6m▀[0m[38;2;68;103;155m[48;2;39;55;79m▀[0m[38;2;67;101;154m[48;2;60;87;132m▀[0m[38;2;52;75;111m[48;2;50;62;104m▀[0m[38;2;45;60;95m[48;2;0;0;0m▀[0m[38;2;63;93;139m[48;2;16;16;16m▀[0m[38;2;52;66;109m[48;2;18;18;18m▀[0m   
   [38;2;12;12;19m▀[0m[38;2;43;61;89m[48;2;16;18;18m▀[0m[38;2;64;95;144m[48;2;50;70;105m▀[0m[38;2;36;48;69m[48;2;37;48;70m▀[0m[38;2;63;95;143m[48;2;47;69;101m▀[0m[38;2;68;102;154m[48;2;69;104;158m▀[0m[38;2;44;61;90m[48;2;41;57;83m▀[0m[38;2;55;82;123m[48;2;53;79;119m▀[0m[38;2;66;100;151m[48;2;66;100;151m▀[0m[38;2;65;98;148m[48;2;65;98;148m▀[0m[38;2;65;98;148m[48;2;65;98;148m▀[0m[38;2;65;98;148m[48;2;65;98;148m▀[0m[38;2;65;98;148m[48;2;65;98;148m▀[0m[38;2;67;100;151m[48;2;68;103;154m▀[0m[38;2;55;81;120m[48;2;52;75;112m▀[0m[38;2;40;58;83m[48;2;44;64;92m▀[0m[38;2;69;104;157m[48;2;67;101;153m▀[0m[38;2;93;133;184m[48;2;65;98;148m▀[0m[38;2;104;143;191m[48;2;83;121;170m▀[0m[38;2;100;141;190m[48;2;69;104;155m▀[0m[38;2;86;123;173m[48;2;55;75;120m▀[0m[38;2;45;54;91m[48;2;17;15;22m▀[0m      [38;2;0;0;0m▀[0m[38;2;23;28;37m▀[0m[38;2;23;27;36m▀[0m      
    [38;2;19;19;19m[48;2;46;46;92m▀[0m[38;2;13;13;10m[48;2;51;67;107m▀[0m[38;2;50;72;105m[48;2;54;74;116m▀[0m[38;2;52;77;113m[48;2;58;82;128m▀[0m[38;2;47;68;99m[48;2;48;68;101m▀[0m[38;2;64;97;147m[48;2;33;44;61m▀[0m[38;2;36;50;71m[48;2;36;52;75m▀[0m[38;2;66;101;153m[48;2;49;71;104m▀[0m[38;2;66;99;149m[48;2;63;94;142m▀[0m[38;2;66;99;150m[48;2;61;90;135m▀[0m[38;2;66;101;151m[48;2;53;70;111m▀[0m[38;2;66;99;151m[48;2;36;46;69m▀[0m[38;2;62;88;138m[48;2;26;28;41m▀[0m[38;2;57;78;122m[48;2;29;38;53m▀[0m[38;2;32;43;59m[48;2;12;9;6m▀[0m[38;2;62;92;139m[48;2;42;60;87m▀[0m[38;2;66;100;151m[48;2;60;82;130m▀[0m[38;2;64;98;149m[48;2;46;61;95m▀[0m[38;2;65;98;149m[48;2;53;79;117m▀[0m[38;2;73;107;158m[48;2;76;113;166m▀[0m[38;2;67;86;129m[48;2;88;121;165m▀[0m[38;2;51;51;102m[48;2;21;18;30m▀[0m              
    [38;2;49;56;97m[48;2;46;54;92m▀[0m[38;2;70;101;155m[48;2;28;36;47m▀[0m[38;2;68;102;156m[48;2;47;68;100m▀[0m[38;2;54;80;119m[48;2;61;90;135m▀[0m[38;2;46;64;105m[48;2;52;77;116m▀[0m[38;2;99;103;123m[48;2;49;50;56m▀[0m[38;2;70;70;70m[48;2;105;105;97m▀[0m[38;2;13;13;13m▀[0m[38;2;18;20;22m▀[0m[38;2;18;18;22m▀[0m[38;2;17;17;17m▀[0m[38;2;6;0;0m▀[0m[38;2;0;0;0m▀[0m[38;2;0;0;0m▀[0m [38;2;9;0;0m[48;2;8;0;0m▀[0m[38;2;51;73;109m[48;2;46;65;96m▀[0m[38;2;65;98;149m[48;2;68;103;155m▀[0m[38;2;46;65;96m[48;2;66;100;152m▀[0m[38;2;63;92;142m[48;2;36;49;72m▀[0m[38;2;43;62;90m[48;2;27;27;27m▀[0m[38;2;0;0;0m[48;2;72;72;72m▀[0m              
      [38;2;13;9;6m▀[0m[38;2;14;14;12m▀[0m[38;2;14;12;9m▀[0m         [38;2;0;0;0m▄[0m[38;2;6;6;0m[48;2;31;42;58m▀[0m[38;2;37;51;74m[48;2;68;104;157m▀[0m[38;2;58;78;124m[48;2;64;94;145m▀[0m[38;2;48;66;95m[48;2;62;93;140m▀[0m[38;2;46;60;83m[48;2;75;107;153m▀[0m[38;2;164;164;168m[48;2;95;101;122m▀[0m[38;2;174;174;173m[48;2;97;95;94m▀[0m[38;2;102;102;102m[48;2;28;28;28m▀[0m             
                  [38;2;0;0;0m▀[0m[38;2;27;34;47m▀[0m[38;2;36;50;70m▀[0m[38;2;35;48;67m▀[0m[38;2;37;51;71m▀[0m[38;2;27;34;48m▀[0m[38;2;0;0;0m▀[0m[38;2;0;0;0m▀[0m              
[0m