                  [38;2;0;0;0m[48;2;0;0;0m▀[0m[38;2;91;91;91m[48;2;98;98;98m▀[0m[38;2;108;108;108m[48;2;211;211;211m▀[0m[38;2;93;93;93m[48;2;132;132;132m▀[0m[38;2;0;0;0m[48;2;66;66;66m▀[0m[38;2;0;0;0m▄[0m                
                  [38;2;0;0;0m[48;2;0;0;0m▀[0m[38;2;97;97;97m[48;2;93;93;93m▀[0m[38;2;208;208;208m[48;2;196;196;196m▀[0m[38;2;145;145;145m[48;2;213;213;213m▀[0m[38;2;123;123;123m[48;2;245;245;245m▀[0m[38;2;106;106;106m[48;2;131;131;131m▀[0m[38;2;63;63;63m[48;2;63;63;63m▀[0m               
                  [38;2;0;0;0m[48;2;0;0;0m▀[0m[38;2;83;83;83m[48;2;85;85;85m▀[0m[38;2;189;189;189m[48;2;186;186;186m▀[0m[38;2;193;193;193m[48;2;152;152;152m▀[0m[38;2;234;234;234m[48;2;166;166;166m▀[0m[38;2;132;132;132m[48;2;122;122;122m▀[0m[38;2;63;63;63m[48;2;63;63;63m▀[0m               
                  [38;2;0;0;0m[48;2;0;0;0m▀[0m[38;2;86;86;86m[48;2;86;86;86m▀[0m[38;2;177;177;177m[48;2;173;173;173m▀[0m[38;2;155;155;155m[48;2;206;206;206m▀[0m[38;2;71;71;71m[48;2;73;73;73m▀[0m[38;2;11;11;11m[48;2;0;0;0m▀[0m                
                  [38;2;0;0;0m[48;2;0;0;0m▀[0m[38;2;86;86;86m[48;2;89;89;89m▀[0m[38;2;183;183;183m[48;2;189;189;189m▀[0m[38;2;105;105;105m[48;2;68;68;68m▀[0m[38;2;39;39;39m[48;2;0;0;0m▀[0m[38;2;0;0;0m▀[0m                
            [38;2;51;51;51m▄[0m[38;2;85;85;85m▄[0m[38;2;93;93;93m▄[0m[38;2;93;93;93m▄[0m[38;2;92;92;92m▄[0m[38;2;96;96;96m▄[0m[38;2;0;0;0m[48;2;99;99;99m▀[0m[38;2;19;19;19m[48;2;0;0;0m▀[0m[38;2;131;131;131m[48;2;111;111;111m▀[0m[38;2;89;89;89m[48;2;202;202;202m▀[0m[38;2;0;0;0m[48;2;122;122;122m▀[0m[38;2;62;62;62m▄[0m[38;2;91;91;91m▄[0m[38;2;94;94;94m▄[0m[38;2;92;92;92m▄[0m[38;2;94;94;94m▄[0m[38;2;91;91;91m▄[0m[38;2;42;42;42m▄[0m[38;2;63;63;63m▄[0m         
         [38;2;44;44;44m▄[0m[38;2;54;54;54m[48;2;107;107;107m▀[0m[38;2;56;56;56m[48;2;115;115;115m▀[0m[38;2;95;95;95m[48;2;198;198;198m▀[0m[38;2;103;103;103m[48;2;173;173;173m▀[0m[38;2;193;193;193m[48;2;153;153;153m▀[0m[38;2;178;178;178m[48;2;5;5;5m▀[0m[38;2;173;173;173m[48;2;11;11;11m▀[0m[38;2;160;160;160m[48;2;4;4;4m▀[0m[38;2;108;108;108m[48;2;65;65;65m▀[0m[38;2;14;14;14m[48;2;168;168;168m▀[0m[38;2;116;116;116m[48;2;184;184;184m▀[0m[38;2;207;207;207m[48;2;194;194;194m▀[0m[38;2;124;124;124m[48;2;167;167;167m▀[0m[38;2;87;87;87m[48;2;162;162;162m▀[0m[38;2;171;171;171m[48;2;98;98;98m▀[0m[38;2;186;186;186m[48;2;85;85;85m▀[0m[38;2;185;185;185m[48;2;85;85;85m▀[0m[38;2;222;222;222m[48;2;96;96;96m▀[0m[38;2;214;214;214m[48;2;215;215;215m▀[0m[38;2;98;98;98m[48;2;224;224;224m▀[0m[38;2;98;98;98m[48;2;204;204;204m▀[0m[38;2;56;56;56m[48;2;110;110;110m▀[0m[38;2;56;56;56m[48;2;104;104;104m▀[0m[38;2;19;19;19m▄[0m      
       [38;2;48;48;48m▄[0m[38;2;39;39;39m[48;2;111;111;111m▀[0m[38;2;106;106;106m[48;2;228;228;228m▀[0m[38;2;226;226;226m[48;2;194;194;194m▀[0m[38;2;201;201;201m[48;2;26;26;26m▀[0m[38;2;185;185;185m[48;2;0;0;0m▀[0m[38;2;12;12;12m▀[0m[38;2;5;5;5m▀[0m   [38;2;0;0;0m[48;2;85;85;85m▀[0m[38;2;77;77;77m[48;2;70;70;70m▀[0m[38;2;182;182;182m[48;2;136;136;136m▀[0m[38;2;201;201;201m[48;2;198;198;198m▀[0m[38;2;116;116;116m[48;2;137;137;137m▀[0m[38;2;80;80;80m[48;2;136;136;136m▀[0m[38;2;67;67;67m▀[0m  [38;2;63;63;63m▀[0m[38;2;79;79;79m▀[0m[38;2;107;107;107m[48;2;66;66;66m▀[0m[38;2;211;211;211m[48;2;75;75;75m▀[0m[38;2;227;227;227m[48;2;119;119;119m▀[0m[38;2;199;199;199m[48;2;232;232;232m▀[0m[38;2;95;95;95m[48;2;202;202;202m▀[0m[38;2;15;15;15m[48;2;99;99;99m▀[0m[38;2;0;0;0m▄[0m    
     [38;2;0;0;0m▄[0m[38;2;0;0;0m[48;2;64;64;64m▀[0m[38;2;95;95;95m[48;2;205;205;205m▀[0m[38;2;228;228;228m[48;2;215;215;215m▀[0m[38;2;188;188;188m[48;2;55;55;55m▀[0m[38;2;32;32;32m[48;2;0;0;0m▀[0m[38;2;0;0;0m▀[0m   [38;2;191;191;191m▄[0m[38;2;51;51;51m[48;2;102;102;102m▀[0m[38;2;72;72;72m[48;2;148;148;148m▀[0m[38;2;104;104;104m[48;2;163;163;163m▀[0m[38;2;143;143;143m[48;2;212;212;212m▀[0m[38;2;169;169;169m[48;2;217;217;217m▀[0m[38;2;204;204;204m[48;2;227;227;227m▀[0m[38;2;199;199;199m[48;2;236;236;236m▀[0m[38;2;206;206;206m[48;2;235;235;235m▀[0m[38;2;172;172;172m[48;2;215;215;215m▀[0m[38;2;164;164;164m▄[0m     [38;2;34;34;34m▀[0m[38;2;110;110;110m[48;2;0;0;0m▀[0m[38;2;215;215;215m[48;2;72;72;72m▀[0m[38;2;205;205;205m[48;2;217;217;217m▀[0m[38;2;102;102;102m[48;2;205;205;205m▀[0m[38;2;0;0;0m[48;2;112;112;112m▀[0m[38;2;60;60;60m▄[0m  
    [38;2;0;0;0m[48;2;0;0;0m▀[0m[38;2;75;75;75m[48;2;105;105;105m▀[0m[38;2;209;209;209m[48;2;214;214;214m▀[0m[38;2;213;213;213m[48;2;105;105;105m▀[0m[38;2;107;107;107m[48;2;12;12;12m▀[0m[38;2;56;56;56m▀[0m   [38;2;0;0;0m▄[0m[38;2;30;30;30m▄[0m[38;2;29;29;29m[48;2;147;147;147m▀[0m[38;2;171;171;171m[48;2;199;199;199m▀[0m[38;2;200;200;200m[48;2;191;191;191m▀[0m[38;2;195;195;195m[48;2;191;191;191m▀[0m[38;2;189;189;189m[48;2;191;191;191m▀[0m[38;2;187;187;187m[48;2;191;191;191m▀[0m[38;2;200;200;200m[48;2;190;190;190m▀[0m[38;2;207;207;207m[48;2;188;188;188m▀[0m[38;2;226;226;226m[48;2;199;199;199m▀[0m[38;2;234;234;234m[48;2;227;227;227m▀[0m[38;2;216;216;216m[48;2;233;233;233m▀[0m[38;2;85;85;85m[48;2;159;159;159m▀[0m[38;2;89;89;89m▄[0m     [38;2;0;0;0m▀[0m[38;2;71;71;71m[48;2;0;0;0m▀[0m[38;2;212;212;212m[48;2;170;170;170m▀[0m[38;2;133;133;133m[48;2;214;214;214m▀[0m[38;2;31;31;31m[48;2;112;112;112m▀[0m[38;2;67;67;67m▄[0m 
   [38;2;0;0;0m[48;2;0;0;0m▀[0m[38;2;76;76;76m[48;2;89;89;89m▀[0m[38;2;220;220;220m[48;2;208;208;208m▀[0m[38;2;174;174;174m[48;2;97;97;97m▀[0m[38;2;58;58;58m[48;2;67;67;67m▀[0m    [38;2;0;0;0m▄[0m[38;2;23;23;23m▄[0m[38;2;25;25;25m[48;2;164;164;164m▀[0m[38;2;204;204;204m[48;2;192;192;192m▀[0m[38;2;191;191;191m[48;2;192;192;192m▀[0m[38;2;191;191;191m[48;2;192;192;192m▀[0m[38;2;191;191;191m[48;2;191;191;191m▀[0m[38;2;191;191;191m[48;2;191;191;191m▀[0m[38;2;191;191;191m[48;2;191;191;191m▀[0m[38;2;191;191;191m[48;2;191;191;191m▀[0m[38;2;191;191;191m[48;2;191;191;191m▀[0m[38;2;189;189;189m[48;2;191;191;191m▀[0m[38;2;198;198;198m[48;2;189;189;189m▀[0m[38;2;227;227;227m[48;2;227;227;227m▀[0m[38;2;221;221;221m[48;2;230;230;230m▀[0m[38;2;84;84;84m[48;2;167;167;167m▀[0m[38;2;85;85;85m▄[0m     [38;2;0;0;0m▀[0m[38;2;52;52;52m[48;2;0;0;0m▀[0m[38;2;206;206;206m[48;2;183;183;183m▀[0m[38;2;120;120;120m[48;2;222;222;222m▀[0m[38;2;30;30;30m[48;2;105;105;105m▀[0m[38;2;42;42;42m▄[0m
  [38;2;0;0;0m[48;2;0;0;0m▀[0m[38;2;67;67;67m[48;2;74;74;74m▀[0m[38;2;234;234;234m[48;2;207;207;207m▀[0m[38;2;179;179;179m[48;2;81;81;81m▀[0m[38;2;67;67;67m[48;2;85;85;85m▀[0m     [38;2;0;0;0m[48;2;0;0;0m▀[0m[38;2;23;23;23m[48;2;23;23;23m▀[0m[38;2;196;196;196m[48;2;190;190;190m▀[0m[38;2;187;187;187m[48;2;166;166;166m▀[0m[38;2;167;167;167m[48;2;166;166;166m▀[0m[38;2;175;175;175m[48;2;166;166;166m▀[0m[38;2;193;193;193m[48;2;166;166;166m▀[0m[38;2;191;191;191m[48;2;177;177;177m▀[0m[38;2;191;191;191m[48;2;192;192;192m▀[0m[38;2;191;191;191m[48;2;190;190;190m▀[0m[38;2;191;191;191m[48;2;190;190;190m▀[0m[38;2;191;191;191m[48;2;191;191;191m▀[0m[38;2;191;191;191m[48;2;191;191;191m▀[0m[38;2;195;195;195m[48;2;191;191;191m▀[0m[38;2;228;228;228m[48;2;228;228;228m▀[0m[38;2;219;219;219m[48;2;220;220;220m▀[0m[38;2;85;85;85m[48;2;85;85;85m▀[0m      [38;2;0;0;0m▀[0m[38;2;23;23;23m[48;2;0;0;0m▀[0m[38;2;205;205;205m[48;2;199;199;199m▀[0m[38;2;111;111;111m[48;2;114;114;114m▀[0m[38;2;54;54;54m[48;2;72;72;72m▀[0m
 [38;2;0;0;0m[48;2;0;0;0m▀[0m[38;2;16;16;16m[48;2;55;55;55m▀[0m[38;2;90;90;90m[48;2;246;246;246m▀[0m[38;2;204;204;204m[48;2;176;176;176m▀[0m[38;2;72;72;72m[48;2;72;72;72m▀[0m      [38;2;0;0;0m[48;2;0;0;0m▀[0m[38;2;23;23;23m[48;2;23;23;23m▀[0m[38;2;193;193;193m[48;2;167;167;167m▀[0m[38;2;164;164;164m[48;2;169;169;169m▀[0m[38;2;166;166;166m[48;2;165;165;165m▀[0m[38;2;166;166;166m[48;2;166;166;166m▀[0m[38;2;166;166;166m[48;2;166;166;166m▀[0m[38;2;166;166;166m[48;2;166;166;166m▀[0m[38;2;166;166;166m[48;2;166;166;166m▀[0m[38;2;166;166;166m[48;2;166;166;166m▀[0m[38;2;164;164;164m[48;2;166;166;166m▀[0m[38;2;184;184;184m[48;2;164;164;164m▀[0m[38;2;192;192;192m[48;2;187;187;187m▀[0m[38;2;191;191;191m[48;2;190;190;190m▀[0m[38;2;228;228;228m[48;2;227;227;227m▀[0m[38;2;222;222;222m[48;2;202;202;202m▀[0m[38;2;84;84;84m[48;2;85;85;85m▀[0m       [38;2;0;0;0m▀[0m[38;2;180;180;180m[48;2;0;0;0m▀[0m[38;2;233;233;233m[48;2;207;207;207m▀[0m[38;2;97;97;97m[48;2;99;99;99m▀[0m
 [38;2;0;0;0m[48;2;0;0;0m▀[0m[38;2;59;59;59m[48;2;56;56;56m▀[0m[38;2;209;209;209m[48;2;201;201;201m▀[0m[38;2;66;66;66m[48;2;76;76;76m▀[0m        [38;2;0;0;0m▄[0m[38;2;26;26;26m[48;2;30;30;30m▀[0m[38;2;202;202;202m[48;2;152;152;152m▀[0m[38;2;169;169;169m[48;2;201;201;201m▀[0m[38;2;164;164;164m[48;2;179;179;179m▀[0m[38;2;165;165;165m[48;2;170;170;170m▀[0m[38;2;166;166;166m[48;2;164;164;164m▀[0m[38;2;166;166;166m[48;2;164;164;164m▀[0m[38;2;165;165;165m[48;2;170;170;170m▀[0m[38;2;164;164;164m[48;2;173;173;173m▀[0m[38;2;170;170;170m[48;2;188;188;188m▀[0m[38;2;188;188;188m[48;2;198;198;198m▀[0m[38;2;199;199;199m[48;2;240;240;240m▀[0m[38;2;230;230;230m[48;2;190;190;190m▀[0m[38;2;83;83;83m[48;2;89;89;89m▀[0m         [38;2;6;6;6m[48;2;6;6;6m▀[0m[38;2;208;208;208m[48;2;210;210;210m▀[0m[38;2;99;99;99m[48;2;99;99;99m▀[0m
 [38;2;0;0;0m[48;2;0;0;0m▀[0m[38;2;49;49;49m[48;2;50;50;50m▀[0m[38;2;178;178;178m[48;2;181;181;181m▀[0m[38;2;79;79;79m[48;2;79;79;79m▀[0m          [38;2;23;23;23m[48;2;0;0;0m▀[0m[38;2;126;126;126m[48;2;0;0;0m▀[0m[38;2;148;148;148m[48;2;43;43;43m▀[0m[38;2;203;203;203m[48;2;114;114;114m▀[0m[38;2;185;185;185m[48;2;108;108;108m▀[0m[38;2;185;185;185m[48;2;100;103;103m▀[0m[38;2;197;197;197m[48;2;101;103;103m▀[0m[38;2;204;204;204m[48;2;106;106;106m▀[0m[38;2;206;206;206m[48;2;112;112;112m▀[0m[38;2;133;133;133m[48;2;20;20;20m▀[0m[38;2;142;142;142m[48;2;0;0;0m▀[0m[38;2;78;78;78m▀[0m          [38;2;6;6;6m[48;2;7;7;7m▀[0m[38;2;194;194;194m[48;2;172;172;172m▀[0m[38;2;98;98;98m[48;2;97;97;97m▀[0m
 [38;2;0;0;0m[48;2;0;0;0m▀[0m[38;2;47;47;47m[48;2;45;45;45m▀[0m[38;2;168;168;168m[48;2;157;157;157m▀[0m[38;2;81;81;81m[48;2;74;74;74m▀[0m            [38;2;0;0;0m▀[0m[38;2;0;0;0m[48;2;0;0;0m▀[0m[38;2;0;0;0m[48;2;76;46;51m▀[0m[38;2;60;33;38m[48;2;168;93;106m▀[0m[38;2;37;22;24m[48;2;191;106;120m▀[0m[38;2;0;0;0m[48;2;79;47;53m▀[0m[38;2;0;0;0m[48;2;0;0;0m▀[0m[38;2;0;0;0m▀[0m            [38;2;7;7;7m[48;2;0;0;0m▀[0m[38;2;174;174;174m[48;2;173;173;173m▀[0m[38;2;97;97;97m[48;2;97;97;97m▀[0m
 [38;2;0;0;0m[48;2;0;0;0m▀[0m[38;2;46;46;46m[48;2;22;22;22m▀[0m[38;2;180;180;180m[48;2;77;77;77m▀[0m[38;2;134;134;134m[48;2;157;157;157m▀[0m[38;2;81;81;81m[48;2;79;79;79m▀[0m           [38;2;0;4;0m▄[0m[38;2;0;0;0m[48;2;73;44;49m▀[0m[38;2;91;55;61m[48;2;174;96;110m▀[0m[38;2;188;103;118m[48;2;180;98;113m▀[0m[38;2;243;133;152m[48;2;184;101;115m▀[0m[38;2;83;51;57m[48;2;214;118;134m▀[0m[38;2;0;0;0m[48;2;66;42;45m▀[0m[38;2;0;0;0m▄[0m           [38;2;3;3;3m[48;2;2;2;2m▀[0m[38;2;129;129;129m[48;2;169;169;169m▀[0m[38;2;195;195;195m[48;2;120;120;120m▀[0m[38;2;100;100;100m[48;2;86;86;86m▀[0m
  [38;2;0;0;0m[48;2;0;0;0m▀[0m[38;2;55;55;55m[48;2;52;52;52m▀[0m[38;2;156;156;156m[48;2;175;175;175m▀[0m[38;2;80;80;80m[48;2;139;139;139m▀[0m[38;2;79;79;79m▄[0m          [38;2;0;3;0m[48;2;0;3;0m▀[0m[38;2;80;49;54m[48;2;76;46;52m▀[0m[38;2;192;105;120m[48;2;187;103;117m▀[0m[38;2;179;98;112m[48;2;181;99;113m▀[0m[38;2;174;95;108m[48;2;181;99;113m▀[0m[38;2;241;132;150m[48;2;187;102;117m▀[0m[38;2;71;45;49m[48;2;53;34;38m▀[0m[38;2;0;0;0m[48;2;0;0;0m▀[0m          [38;2;0;0;0m▄[0m[38;2;2;2;2m[48;2;124;124;124m▀[0m[38;2;165;165;165m[48;2;191;191;191m▀[0m[38;2;103;103;103m[48;2;102;102;102m▀[0m[38;2;56;56;56m[48;2;78;78;78m▀[0m
   [38;2;0;0;0m[48;2;0;0;0m▀[0m[38;2;70;70;70m[48;2;60;60;60m▀[0m[38;2;156;156;156m[48;2;166;166;166m▀[0m[38;2;87;87;87m[48;2;137;137;137m▀[0m[38;2;76;76;76m[48;2;77;77;77m▀[0m[38;2;0;0;0m▄[0m[38;2;12;12;12m▄[0m[38;2;12;12;12m▄[0m       [38;2;0;2;0m▀[0m[38;2;87;53;58m[48;2;8;10;10m▀[0m[38;2;174;95;109m[48;2;10;14;13m▀[0m[38;2;174;96;110m[48;2;10;14;13m▀[0m[38;2;62;40;43m[48;2;8;13;13m▀[0m[38;2;0;0;0m▀[0m          [38;2;0;0;0m[48;2;0;0;0m▀[0m[38;2;16;16;16m[48;2;122;122;122m▀[0m[38;2;139;139;139m[48;2;169;169;169m▀[0m[38;2;111;111;111m[48;2;105;105;105m▀[0m[38;2;72;72;72m[48;2;74;74;74m▀[0m 
    [38;2;0;0;0m[48;2;0;0;0m▀[0m[38;2;79;79;79m[48;2;66;66;66m▀[0m[38;2;163;163;163m[48;2;134;134;134m▀[0m[38;2;88;88;88m[48;2;66;66;66m▀[0m[38;2;12;12;12m[48;2;29;29;29m▀[0m[38;2;23;23;23m[48;2;40;40;40m▀[0m[38;2;23;23;23m[48;2;40;40;40m▀[0m[38;2;14;14;14m[48;2;26;26;26m▀[0m[38;2;12;12;12m[48;2;24;24;24m▀[0m[38;2;11;11;11m▄[0m[38;2;14;10;10m▄[0m [38;2;0;0;3m▄[0m[38;2;0;0;0m▄[0m            [38;2;0;0;0m▄[0m[38;2;0;0;0m▄[0m[38;2;0;0;0m▄[0m[38;2;0;0;0m[48;2;37;37;37m▀[0m[38;2;31;31;31m[48;2;140;140;140m▀[0m[38;2;140;140;140m[48;2;168;168;168m▀[0m[38;2;119;119;119m[48;2;107;107;107m▀[0m[38;2;65;65;65m[48;2;76;76;76m▀[0m  
     [38;2;2;2;2m[48;2;12;12;12m▀[0m[38;2;4;4;4m[48;2;22;22;22m▀[0m[38;2;25;25;25m[48;2;34;34;34m▀[0m[38;2;40;40;40m[48;2;38;38;38m▀[0m[38;2;38;38;38m[48;2;40;40;40m▀[0m[38;2;39;39;39m[48;2;21;21;21m▀[0m[38;2;41;41;41m[48;2;20;20;20m▀[0m[38;2;40;40;40m[48;2;34;34;33m▀[0m[38;2;27;27;27m[48;2;40;40;40m▀[0m[38;2;24;24;25m[48;2;14;21;23m▀[0m[38;2;42;30;26m[48;2;34;25;22m▀[0m[38;2;121;71;55m[48;2;197;108;78m▀[0m[38;2;98;58;45m[48;2;81;50;40m▀[0m[38;2;0;3;7m[48;2;0;3;6m▀[0m   [38;2;0;0;0m▄[0m[38;2;0;0;0m▄[0m[38;2;0;0;0m▄[0m   [38;2;0;0;0m▄[0m[38;2;0;0;0m[48;2;51;47;34m▀[0m[38;2;48;43;32m[48;2;165;132;87m▀[0m[38;2;97;88;63m[48;2;188;149;113m▀[0m[38;2;47;48;50m[48;2;152;155;159m▀[0m[38;2;136;136;136m[48;2;160;162;163m▀[0m[38;2;168;168;168m[48;2;103;106;107m▀[0m[38;2;105;105;105m[48;2;52;52;52m▀[0m[38;2;44;44;44m▀[0m   
     [38;2;12;12;12m[48;2;12;12;12m▀[0m[38;2;29;29;29m[48;2;28;28;28m▀[0m[38;2;40;40;40m[48;2;39;39;39m▀[0m[38;2;39;39;39m[48;2;39;39;39m▀[0m[38;2;23;23;23m[48;2;10;10;10m▀[0m[38;2;91;91;91m[48;2;150;150;150m▀[0m[38;2;62;62;62m[48;2;166;166;166m▀[0m[38;2;71;71;71m[48;2;41;45;47m▀[0m[38;2;20;22;23m[48;2;106;60;44m▀[0m[38;2;96;55;41m[48;2;216;118;86m▀[0m[38;2;154;87;65m[48;2;240;132;96m▀[0m[38;2;182;101;74m[48;2;240;131;96m▀[0m[38;2;138;79;60m[48;2;253;136;98m▀[0m[38;2;104;62;48m[48;2;230;124;89m▀[0m[38;2;0;0;0m[48;2;104;58;42m▀[0m[38;2;0;0;0m▄[0m[38;2;0;0;0m[48;2;100;100;100m▀[0m[38;2;92;92;92m[48;2;131;131;131m▀[0m[38;2;127;127;127m[48;2;120;120;120m▀[0m[38;2;126;126;126m[48;2;123;123;123m▀[0m[38;2;24;24;24m[48;2;68;68;68m▀[0m[38;2;5;5;5m▄[0m[38;2;0;1;1m▄[0m[38;2;0;0;0m[48;2;19;9;8m▀[0m[38;2;60;58;42m[48;2;145;98;70m▀[0m[38;2;240;188;120m[48;2;229;182;120m▀[0m[38;2;153;105;96m[48;2;140;93;80m▀[0m[38;2;157;164;166m[48;2;67;76;81m▀[0m[38;2;126;100;94m[48;2;131;105;72m▀[0m[38;2;110;58;46m[48;2;207;139;93m▀[0m[38;2;134;67;49m▄[0m    
     [38;2;11;11;11m[48;2;17;17;17m▀[0m[38;2;29;29;29m[48;2;16;16;16m▀[0m[38;2;39;39;39m[48;2;32;32;32m▀[0m[38;2;38;38;38m[48;2;39;39;39m▀[0m[38;2;33;33;33m[48;2;39;39;39m▀[0m[38;2;45;45;45m[48;2;33;33;33m▀[0m[38;2;51;52;52m[48;2;11;12;13m▀[0m[38;2;115;65;49m[48;2;146;80;59m▀[0m[38;2;216;118;86m[48;2;231;127;93m▀[0m[38;2;233;129;94m[48;2;223;122;88m▀[0m[38;2;224;123;89m[48;2;163;99;78m▀[0m[38;2;155;88;67m[48;2;164;160;159m▀[0m[38;2;113;93;87m[48;2;154;157;159m▀[0m[38;2;123;96;88m[48;2;162;165;166m▀[0m[38;2;108;93;88m[48;2;97;98;99m▀[0m[38;2;39;39;39m[48;2;24;24;24m▀[0m[38;2;53;53;53m[48;2;36;36;36m▀[0m[38;2;57;57;57m[48;2;15;15;15m▀[0m[38;2;23;23;23m[48;2;117;117;117m▀[0m[38;2;17;17;17m[48;2;149;149;149m▀[0m[38;2;23;23;23m[48;2;146;146;146m▀[0m[38;2;129;129;129m[48;2;171;171;171m▀[0m[38;2;137;138;138m[48;2;106;107;108m▀[0m[38;2;138;129;126m[48;2;112;103;101m▀[0m[38;2;172;103;63m[48;2;167;99;59m▀[0m[38;2;206;153;76m[48;2;199;144;62m▀[0m[38;2;148;80;65m[48;2;164;83;66m▀[0m[38;2;9;13;15m[48;2;0;0;0m▀[0m[38;2;138;123;81m[48;2;142;126;84m▀[0m[38;2;219;155;104m[48;2;218;154;103m▀[0m[38;2;138;66;51m[48;2;149;69;52m▀[0m    
     [38;2;0;0;0m▄[0m[38;2;14;14;14m[48;2;9;9;9m▀[0m[38;2;16;16;16m[48;2;120;120;120m▀[0m[38;2;30;30;30m[48;2;88;88;88m▀[0m[38;2;38;38;38m[48;2;14;14;14m▀[0m[38;2;39;39;39m[48;2;35;35;35m▀[0m[38;2;16;17;18m[48;2;16;18;18m▀[0m[38;2;143;79;58m[48;2;137;76;56m▀[0m[38;2;229;126;92m[48;2;226;124;90m▀[0m[38;2;225;123;90m[48;2;232;128;94m▀[0m[38;2;131;74;55m[48;2;212;117;85m▀[0m[38;2;23;28;29m[48;2;144;79;57m▀[0m[38;2;30;30;30m[48;2;150;82;59m▀[0m[38;2;31;31;31m[48;2;154;84;61m▀[0m[38;2;22;22;22m[48;2;82;47;36m▀[0m[38;2;27;27;27m[48;2;20;24;25m▀[0m[38;2;41;41;41m[48;2;41;41;41m▀[0m[38;2;21;21;21m[48;2;23;23;23m▀[0m[38;2;27;27;27m[48;2;8;8;8m▀[0m[38;2;31;31;31m[48;2;0;0;0m▀[0m[38;2;31;31;31m[48;2;14;14;14m▀[0m[38;2;28;28;28m[48;2;32;33;33m▀[0m[38;2;18;19;19m[48;2;24;23;19m▀[0m[38;2;127;77;72m[48;2;40;29;23m▀[0m[38;2;172;104;64m[48;2;172;106;63m▀[0m[38;2;200;144;63m[48;2;190;137;61m▀[0m[38;2;105;56;46m[48;2;166;104;61m▀[0m[38;2;7;11;12m[48;2;200;154;60m▀[0m[38;2;27;25;22m[48;2;198;151;59m▀[0m[38;2;33;27;23m[48;2;194;148;54m▀[0m[38;2;20;17;16m[48;2;224;186;109m▀[0m[38;2;17;17;17m[48;2;220;175;84m▀[0m[38;2;18;18;18m[48;2;48;39;22m▀[0m[38;2;0;0;9m▄[0m 
    [38;2;0;0;0m▄[0m[38;2;0;0;0m[48;2;27;27;27m▀[0m[38;2;94;94;94m[48;2;106;106;106m▀[0m[38;2;191;191;191m[48;2;234;234;234m▀[0m[38;2;236;236;236m[48;2;202;202;202m▀[0m[38;2;130;130;130m[48;2;101;101;101m▀[0m[38;2;22;22;22m[48;2;67;67;67m▀[0m[38;2;14;14;14m▀[0m[38;2;14;15;15m▀[0m[38;2;138;77;56m[48;2;10;13;14m▀[0m[38;2;200;111;81m[48;2;43;30;25m▀[0m[38;2;152;84;60m[48;2;157;86;63m▀[0m[38;2;153;84;61m[48;2;106;60;45m▀[0m[38;2;145;80;58m[48;2;1;9;12m▀[0m[38;2;94;55;42m[48;2;8;13;13m▀[0m[38;2;4;9;10m[48;2;12;12;12m▀[0m[38;2;28;28;28m[48;2;30;30;30m▀[0m[38;2;41;41;41m[48;2;41;41;41m▀[0m[38;2;23;23;23m[48;2;26;26;26m▀[0m[38;2;15;15;15m[48;2;17;17;17m▀[0m[38;2;11;11;11m▄[0m[38;2;15;15;15m[48;2;14;14;15m▀[0m[38;2;44;40;31m[48;2;240;205;132m▀[0m[38;2;242;205;129m[48;2;234;195;117m▀[0m[38;2;205;158;59m[48;2;204;157;59m▀[0m[38;2;192;139;61m[48;2;194;143;61m▀[0m[38;2;165;101;61m[48;2;170;107;61m▀[0m[38;2;188;134;61m[48;2;178;120;61m▀[0m[38;2;171;110;61m[48;2;171;110;61m▀[0m[38;2;207;161;61m[48;2;207;161;61m▀[0m[38;2;204;156;61m[48;2;204;156;61m▀[0m[38;2;202;153;56m[48;2;202;153;56m▀[0m[38;2;246;205;122m[48;2;243;203;122m▀[0m[38;2;54;49;38m[48;2;84;70;43m▀[0m[38;2;0;0;0m[48;2;22;19;11m▀[0m[38;2;0;0;0m▄[0m
   [38;2;0;0;0m▄[0m[38;2;0;0;0m[48;2;41;41;41m▀[0m[38;2;82;82;82m[48;2;117;117;117m▀[0m[38;2;201;201;201m[48;2;238;238;238m▀[0m[38;2;230;230;230m[48;2;206;206;206m▀[0m[38;2;138;138;138m[48;2;100;100;100m▀[0m[38;2;37;37;37m[48;2;60;60;60m▀[0m  [38;2;0;0;0m[48;2;0;0;0m▀[0m[38;2;21;18;17m[48;2;21;18;17m▀[0m[38;2;163;89;64m[48;2;157;86;62m▀[0m[38;2;131;73;55m[48;2;140;77;57m▀[0m[38;2;0;7;10m[48;2;7;10;13m▀[0m  [38;2;14;14;14m▀[0m[38;2;25;25;25m[48;2;11;11;11m▀[0m[38;2;37;37;37m[48;2;32;32;32m▀[0m[38;2;40;40;40m[48;2;39;39;39m▀[0m[38;2;26;26;26m[48;2;39;39;39m▀[0m[38;2;22;22;22m[48;2;41;41;41m▀[0m[38;2;16;16;16m[48;2;17;17;17m▀[0m[38;2;232;197;126m[48;2;232;197;126m▀[0m[38;2;203;155;58m[48;2;203;154;58m▀[0m[38;2;204;156;61m[48;2;204;156;61m▀[0m[38;2;206;159;61m[48;2;204;156;61m▀[0m[38;2;195;144;61m[48;2;205;157;61m▀[0m[38;2;159;92;61m[48;2;208;161;61m▀[0m[38;2;183;126;61m[48;2;206;159;61m▀[0m[38;2;206;160;61m[48;2;204;156;61m▀[0m[38;2;204;156;61m[48;2;204;156;61m▀[0m[38;2;202;153;56m[48;2;200;151;53m▀[0m[38;2;234;196;118m[48;2;232;193;113m▀[0m[38;2;236;189;95m[48;2;255;220;148m▀[0m[38;2;39;33;23m[48;2;42;38;30m▀[0m[38;2;0;0;0m[48;2;0;0;0m▀[0m
  [38;2;0;0;0m▄[0m[38;2;0;0;0m[48;2;46;46;46m▀[0m[38;2;69;69;69m[48;2;136;136;136m▀[0m[38;2;178;178;178m[48;2;140;140;140m▀[0m[38;2;162;162;162m[48;2;57;57;57m▀[0m[38;2;131;131;131m[48;2;41;41;41m▀[0m[38;2;19;19;19m▀[0m   [38;2;16;16;16m▄[0m[38;2;13;14;15m[48;2;91;53;40m▀[0m[38;2;150;83;60m[48;2;141;78;57m▀[0m[38;2;85;50;39m[48;2;1;8;10m▀[0m[38;2;6;11;13m▀[0m   [38;2;12;12;12m▀[0m[38;2;26;26;26m[48;2;13;13;13m▀[0m[38;2;36;36;36m[48;2;33;33;33m▀[0m[38;2;40;40;40m[48;2;30;30;30m▀[0m[38;2;41;41;41m[48;2;27;27;27m▀[0m[38;2;17;17;17m[48;2;16;17;18m▀[0m[38;2;235;200;132m[48;2;227;183;97m▀[0m[38;2;220;177;90m[48;2;242;206;132m▀[0m[38;2;204;156;60m[48;2;201;152;54m▀[0m[38;2;204;156;61m[48;2;204;156;61m▀[0m[38;2;204;156;61m[48;2;204;156;61m▀[0m[38;2;204;156;61m[48;2;204;156;61m▀[0m[38;2;204;156;61m[48;2;204;156;61m▀[0m[38;2;204;156;61m[48;2;204;156;61m▀[0m[38;2;203;155;59m[48;2;199;151;52m▀[0m[38;2;214;169;79m[48;2;231;191;111m▀[0m[38;2;238;201;126m[48;2;254;219;147m▀[0m[38;2;248;203;114m[48;2;132;104;52m▀[0m[38;2;41;36;26m[48;2;31;26;16m▀[0m[38;2;0;0;0m[48;2;0;0;0m▀[0m
 [38;2;0;0;0m▄[0m[38;2;0;0;0m[48;2;42;42;42m▀[0m[38;2;50;50;50m[48;2;148;148;148m▀[0m[38;2;219;219;219m[48;2;223;223;223m▀[0m[38;2;171;171;171m[48;2;200;200;200m▀[0m[38;2;55;55;55m[48;2;53;53;53m▀[0m     [38;2;16;16;16m[48;2;16;16;16m▀[0m[38;2;159;87;63m[48;2;151;83;60m▀[0m[38;2;141;78;57m[48;2;149;82;60m▀[0m[38;2;10;12;14m[48;2;11;13;14m▀[0m     [38;2;14;14;14m[48;2;14;14;14m▀[0m[38;2;34;34;34m[48;2;34;34;34m▀[0m[38;2;21;21;21m[48;2;22;22;22m▀[0m[38;2;12;12;12m[48;2;9;9;9m▀[0m[38;2;15;15;15m▀[0m[38;2;89;69;31m[48;2;13;14;15m▀[0m[38;2;244;208;136m[48;2;228;182;89m▀[0m[38;2;224;182;98m[48;2;255;218;142m▀[0m[38;2;200;151;54m[48;2;232;194;116m▀[0m[38;2;202;154;57m[48;2;223;181;97m▀[0m[38;2;204;156;61m[48;2;199;151;53m▀[0m[38;2;204;156;61m[48;2;201;152;55m▀[0m[38;2;201;152;55m[48;2;217;174;86m▀[0m[38;2;216;172;83m[48;2;240;203;129m▀[0m[38;2;239;203;129m[48;2;255;226;148m▀[0m[38;2;247;201;107m[48;2;120;98;55m▀[0m[38;2;45;38;27m[48;2;32;25;14m▀[0m[38;2;0;0;0m[48;2;0;0;0m▀[0m 
[38;2;0;0;0m▄[0m[38;2;0;0;0m[48;2;33;33;33m▀[0m[38;2;43;43;43m[48;2;170;170;170m▀[0m[38;2;173;173;173m[48;2;156;156;156m▀[0m[38;2;104;104;104m[48;2;63;63;63m▀[0m[38;2;109;109;109m[48;2;28;28;28m▀[0m[38;2;54;54;54m▀[0m    [38;2;13;13;14m▄[0m[38;2;10;13;14m[48;2;128;70;52m▀[0m[38;2;145;81;58m[48;2;148;82;60m▀[0m[38;2;44;30;24m[48;2;12;13;14m▀[0m[38;2;11;11;16m▀[0m    [38;2;12;12;12m▄[0m[38;2;13;13;13m[48;2;29;29;29m▀[0m[38;2;34;34;34m[48;2;39;39;39m▀[0m[38;2;22;22;22m[48;2;22;22;22m▀[0m[38;2;13;13;13m[48;2;13;13;13m▀[0m [38;2;17;17;13m▀[0m[38;2;53;43;24m[48;2;0;0;7m▀[0m[38;2;84;71;46m[48;2;7;7;3m▀[0m[38;2;236;189;95m[48;2;37;31;20m▀[0m[38;2;250;213;138m[48;2;100;87;60m▀[0m[38;2;234;197;119m[48;2;255;221;146m▀[0m[38;2;218;175;88m[48;2;224;182;98m▀[0m[38;2;222;180;95m[48;2;226;186;97m▀[0m[38;2;255;224;147m[48;2;208;151;104m▀[0m[38;2;127;110;74m[48;2;56;34;29m▀[0m[38;2;22;22;19m[48;2;0;0;4m▀[0m[38;2;0;0;0m▀[0m  
[38;2;0;0;0m[48;2;24;24;24m▀[0m[38;2;35;35;35m[48;2;180;180;180m▀[0m[38;2;204;204;204m[48;2;200;200;200m▀[0m[38;2;210;210;210m[48;2;205;205;205m▀[0m[38;2;60;60;60m[48;2;60;60;60m▀[0m      [38;2;12;13;14m[48;2;12;13;14m▀[0m[38;2;146;80;59m[48;2;144;79;58m▀[0m[38;2;148;82;59m[48;2;147;81;59m▀[0m[38;2;15;16;16m[48;2;36;26;23m▀[0m[38;2;17;17;16m[48;2;128;71;53m▀[0m[38;2;15;15;15m[48;2;8;12;13m▀[0m   [38;2;12;12;12m[48;2;12;12;12m▀[0m[38;2;31;31;31m[48;2;32;32;32m▀[0m[38;2;40;40;40m[48;2;25;25;25m▀[0m[38;2;22;22;22m[48;2;12;12;12m▀[0m[38;2;13;13;13m[48;2;0;0;0m▀[0m    [38;2;0;0;0m[48;2;0;0;0m▀[0m[38;2;75;66;47m[48;2;78;68;47m▀[0m[38;2;255;222;146m[48;2;253;217;141m▀[0m[38;2;223;181;97m[48;2;221;179;97m▀[0m[38;2;224;183;98m[48;2;228;188;98m▀[0m[38;2;231;184;96m[48;2;204;145;98m▀[0m[38;2;73;56;27m[48;2;57;34;29m▀[0m[38;2;0;0;8m[48;2;0;0;8m▀[0m   
[38;2;23;23;23m[48;2;15;15;15m▀[0m[38;2;174;174;174m[48;2;7;7;7m▀[0m[38;2;201;201;201m[48;2;3;3;3m▀[0m[38;2;61;61;61m▀[0m      [38;2;6;13;13m▄[0m[38;2;9;12;13m[48;2;38;26;23m▀[0m[38;2;143;79;58m[48;2;145;80;59m▀[0m[38;2;155;85;62m[48;2;154;84;61m▀[0m[38;2;145;80;58m[48;2;119;67;49m▀[0m[38;2;9;12;13m[48;2;10;12;14m▀[0m   [38;2;11;11;11m▄[0m[38;2;11;11;11m[48;2;17;17;17m▀[0m[38;2;32;32;32m[48;2;34;34;34m▀[0m[38;2;25;25;25m[48;2;25;25;25m▀[0m[38;2;15;15;15m[48;2;8;8;8m▀[0m[38;2;16;16;16m▄[0m[38;2;0;0;0m▄[0m   [38;2;0;0;11m▀[0m[38;2;67;55;28m[48;2;0;0;4m▀[0m[38;2;181;126;56m[48;2;75;59;30m▀[0m[38;2;190;134;92m[48;2;192;130;68m▀[0m[38;2;219;175;91m[48;2;181;124;62m▀[0m[38;2;240;196;108m[48;2;232;194;108m▀[0m[38;2;109;95;62m[48;2;226;175;90m▀[0m[38;2;21;18;9m[48;2;60;46;25m▀[0m[38;2;0;0;0m[48;2;0;0;5m▀[0m  
          [38;2;8;12;14m[48;2;8;12;13m▀[0m[38;2;143;80;58m[48;2;136;76;56m▀[0m[38;2;156;85;62m[48;2;155;85;62m▀[0m[38;2;154;84;61m[48;2;103;59;44m▀[0m[38;2;7;11;13m[48;2;15;15;15m▀[0m    [38;2;12;12;12m[48;2;13;13;13m▀[0m[38;2;30;30;30m[48;2;29;29;29m▀[0m[38;2;42;42;42m[48;2;41;41;41m▀[0m[38;2;21;21;21m[48;2;18;18;18m▀[0m[38;2;29;29;29m[48;2;71;71;71m▀[0m[38;2;21;21;21m[48;2;28;28;28m▀[0m[38;2;10;10;10m[48;2;0;0;0m▀[0m    [38;2;0;3;3m[48;2;0;0;0m▀[0m[38;2;68;45;36m[48;2;99;87;61m▀[0m[38;2;217;166;114m[48;2;255;233;154m▀[0m[38;2;227;187;97m[48;2;221;178;90m▀[0m[38;2;229;189;103m[48;2;224;183;100m▀[0m[38;2;207;151;105m[48;2;255;228;149m▀[0m[38;2;53;36;30m[48;2;74;65;46m▀[0m[38;2;0;5;5m[48;2;0;0;0m▀[0m  
          [38;2;8;12;14m[48;2;8;13;13m▀[0m[38;2;144;80;59m[48;2;71;44;34m▀[0m[38;2;164;89;65m[48;2;81;49;38m▀[0m[38;2;12;14;15m[48;2;19;17;17m▀[0m[38;2;15;15;15m▀[0m    [38;2;13;13;13m[48;2;13;13;13m▀[0m[38;2;29;29;29m[48;2;29;29;29m▀[0m[38;2;40;40;40m[48;2;40;40;40m▀[0m[38;2;29;29;29m[48;2;30;30;30m▀[0m[38;2;54;54;54m[48;2;35;35;35m▀[0m[38;2;24;24;24m[48;2;21;21;21m▀[0m[38;2;0;0;0m[48;2;10;10;10m▀[0m    [38;2;0;0;3m[48;2;0;0;7m▀[0m[38;2;97;82;49m[48;2;58;47;23m▀[0m[38;2;231;183;109m[48;2;139;99;42m▀[0m[38;2;211;164;99m[48;2;189;129;80m▀[0m[38;2;226;186;97m[48;2;195;143;68m▀[0m[38;2;250;212;131m[48;2;236;196;110m▀[0m[38;2;61;54;40m[48;2;172;148;99m▀[0m[38;2;0;0;0m[48;2;48;41;32m▀[0m[38;2;0;0;0m▄[0m 
           [38;2;0;6;9m▀[0m[38;2;0;5;8m▀[0m      [38;2;12;12;12m[48;2;15;15;15m▀[0m[38;2;30;30;30m[48;2;21;21;21m▀[0m[38;2;43;43;43m[48;2;25;25;25m▀[0m[38;2;22;22;22m[48;2;19;19;19m▀[0m[38;2;23;23;23m[48;2;14;14;14m▀[0m[38;2;18;18;18m▀[0m[38;2;0;0;0m▀[0m     [38;2;0;0;3m[48;2;0;2;2m▀[0m[38;2;73;48;30m[48;2;100;80;57m▀[0m[38;2;198;137;86m[48;2;244;205;137m▀[0m[38;2;204;154;75m[48;2;221;178;88m▀[0m[38;2;229;189;107m[48;2;227;186;105m▀[0m[38;2;255;228;149m[48;2;255;228;149m▀[0m[38;2;59;52;39m[48;2;59;52;39m▀[0m[38;2;0;0;0m[48;2;0;0;0m▀[0m 
                    [38;2;11;11;11m▀[0m[38;2;15;15;15m▀[0m[38;2;0;0;0m▀[0m        [38;2;0;0;0m[48;2;0;0;0m▀[0m[38;2;120;105;71m[48;2;39;37;29m▀[0m[38;2;255;233;153m[48;2;35;35;31m▀[0m[38;2;221;176;87m[48;2;141;111;49m▀[0m[38;2;240;199;114m[48;2;232;178;73m▀[0m[38;2;110;96;68m[48;2;61;50;29m▀[0m[38;2;32;29;20m[48;2;0;0;0m▀[0m[38;2;0;0;0m▀[0m 
                                [38;2;0;0;0m▀[0m[38;2;0;0;0m▀[0m[38;2;25;24;19m▀[0m[38;2;31;27;20m▀[0m[38;2;27;24;17m▀[0m[38;2;0;0;0m▀[0m  
[0m