                        [38;2;73;188;170m[48;2;77;195;175m▀[0m[38;2;78;197;178m[48;2;78;197;176m▀[0m[38;2;79;200;179m[48;2;85;170;141m▀[0m[38;2;75;192;173m▀[0m            
                    [38;2;72;186;169m▄[0m[38;2;88;203;180m▄[0m[38;2;72;190;170m[48;2;104;207;181m▀[0m[38;2;82;200;180m[48;2;131;237;206m▀[0m[38;2;79;199;179m[48;2;86;196;174m▀[0m[38;2;75;189;171m[48;2;0;127;127m▀[0m              
                   [38;2;73;190;171m[48;2;70;190;170m▀[0m[38;2;89;204;182m[48;2;109;219;192m▀[0m[38;2;146;234;199m[48;2;168;241;204m▀[0m[38;2;110;213;186m[48;2;105;208;182m▀[0m[38;2;69;193;176m[48;2;69;193;176m▀[0m[38;2;71;183;173m[48;2;71;193;173m▀[0m               
                   [38;2;75;189;173m▀[0m[38;2;76;193;173m[48;2;66;187;170m▀[0m[38;2;152;234;201m[48;2;147;234;202m▀[0m[38;2;163;238;203m[48;2;177;246;209m▀[0m[38;2;92;209;186m[48;2;133;224;193m▀[0m[38;2;74;190;172m[48;2;72;189;171m▀[0m[38;2;69;185;162m[48;2;68;187;170m▀[0m              
              [38;2;85;170;170m▄[0m[38;2;79;191;175m[48;2;74;189;172m▀[0m[38;2;76;194;175m[48;2;83;202;181m▀[0m[38;2;74;193;174m[48;2;123;220;191m▀[0m[38;2;71;187;170m[48;2;140;229;199m▀[0m[38;2;69;188;169m[48;2;137;227;197m▀[0m[38;2;80;196;177m[48;2;150;231;199m▀[0m[38;2;154;233;200m[48;2;173;243;207m▀[0m[38;2;174;244;207m[48;2;171;242;206m▀[0m[38;2;116;217;188m[48;2;91;202;180m▀[0m[38;2;72;188;170m[48;2;72;193;175m▀[0m[38;2;0;127;127m[48;2;76;192;173m▀[0m              
              [38;2;68;170;153m[48;2;68;170;153m▀[0m[38;2;73;189;171m[48;2;71;189;171m▀[0m[38;2;126;220;190m[48;2;151;232;200m▀[0m[38;2;175;245;208m[48;2;155;235;199m▀[0m[38;2;161;238;201m[48;2;66;183;171m▀[0m[38;2;159;237;201m[48;2;59;179;170m▀[0m[38;2;173;244;207m[48;2;141;227;194m▀[0m[38;2;171;242;206m[48;2;168;242;204m▀[0m[38;2;172;243;207m[48;2;169;242;205m▀[0m[38;2;153;232;200m[48;2;173;243;207m▀[0m[38;2;96;208;183m[48;2;164;240;203m▀[0m[38;2;77;197;178m[48;2;105;211;184m▀[0m[38;2;76;191;170m[48;2;74;188;170m▀[0m             
              [38;2;72;182;145m▀[0m[38;2;69;187;170m[48;2;76;190;170m▀[0m[38;2;151;236;204m[48;2;156;241;207m▀[0m[38;2;147;232;196m[48;2;151;234;197m▀[0m[38;2;46;170;166m[48;2;50;172;168m▀[0m[38;2;43;167;166m[48;2;38;165;166m▀[0m[38;2;100;205;179m[48;2;66;182;171m▀[0m[38;2;76;189;173m[48;2;46;170;167m▀[0m[38;2;112;210;185m[48;2;74;188;173m▀[0m[38;2;169;242;205m[48;2;170;243;206m▀[0m[38;2;177;246;208m[48;2;166;241;205m▀[0m[38;2;140;228;198m[48;2;107;216;189m▀[0m[38;2;70;187;170m[48;2;72;189;171m▀[0m             
              [38;2;71;187;170m[48;2;76;190;172m▀[0m[38;2;93;206;182m[48;2;79;198;179m▀[0m[38;2;158;237;200m[48;2;105;210;181m▀[0m[38;2;105;206;183m[48;2;79;191;174m▀[0m[38;2;42;167;166m[48;2;36;163;165m▀[0m[38;2;40;165;166m[48;2;41;166;166m▀[0m[38;2;36;163;165m[48;2;68;185;174m▀[0m[38;2;37;164;165m[48;2;120;215;188m▀[0m[38;2;85;194;176m[48;2;150;239;203m▀[0m[38;2;133;223;190m[48;2;88;198;175m▀[0m[38;2;99;208;184m[48;2;36;163;163m▀[0m[38;2;75;193;174m[48;2;51;153;153m▀[0m[38;2;75;195;165m▀[0m             
               [38;2;75;193;175m[48;2;63;42;42m▀[0m[38;2;88;206;182m[48;2;132;179;171m▀[0m[38;2;50;174;169m[48;2;100;192;184m▀[0m[38;2;40;165;166m[48;2;68;192;177m▀[0m[38;2;80;194;177m[48;2;92;201;175m▀[0m[38;2;92;201;176m[48;2;63;186;171m▀[0m[38;2;105;216;191m[48;2;77;212;193m▀[0m[38;2;96;204;181m[48;2;61;198;179m▀[0m[38;2;77;192;170m▀[0m                
              [38;2;86;86;86m▄[0m[38;2;102;102;102m[48;2;220;220;220m▀[0m[38;2;217;212;213m[48;2;216;216;216m▀[0m[38;2;103;108;107m[48;2;2;0;0m▀[0m[38;2;48;127;114m▀[0m[38;2;36;182;145m▀[0m [38;2;7;0;0m[48;2;48;48;48m▀[0m[38;2;58;49;49m[48;2;199;199;199m▀[0m[38;2;124;124;124m▄[0m[38;2;78;78;78m▄[0m[38;2;0;0;0m▄[0m[38;2;0;0;0m▄[0m[38;2;0;0;0m▄[0m[38;2;0;0;0m▄[0m[38;2;46;46;46m▄[0m[38;2;91;91;91m▄[0m[38;2;40;40;40m[48;2;169;169;169m▀[0m[38;2;124;124;124m[48;2;233;233;233m▀[0m[38;2;111;111;111m[48;2;201;201;201m▀[0m[38;2;6;6;6m[48;2;0;0;0m▀[0m     
       [38;2;74;191;170m[48;2;76;189;172m▀[0m[38;2;70;184;170m[48;2;71;189;171m▀[0m   [38;2;0;0;0m▄[0m[38;2;47;47;47m[48;2;102;102;103m▀[0m[38;2;150;150;150m[48;2;240;240;240m▀[0m[38;2;230;230;230m[48;2;148;148;148m▀[0m[38;2;81;81;81m[48;2;0;0;0m▀[0m[38;2;0;0;0m▀[0m   [38;2;43;43;43m[48;2;0;0;0m▀[0m[38;2;201;201;201m[48;2;98;98;98m▀[0m[38;2;253;253;253m[48;2;250;250;250m▀[0m[38;2;183;183;183m[48;2;196;196;196m▀[0m[38;2;76;76;76m[48;2;203;203;203m▀[0m[38;2;142;142;142m[48;2;246;246;246m▀[0m[38;2;155;155;155m[48;2;255;255;255m▀[0m[38;2;152;152;152m[48;2;255;255;255m▀[0m[38;2;125;125;125m[48;2;237;237;237m▀[0m[38;2;215;215;215m[48;2;243;243;243m▀[0m[38;2;255;255;255m[48;2;249;249;249m▀[0m[38;2;255;255;255m[48;2;255;255;255m▀[0m[38;2;192;192;192m[48;2;188;188;188m▀[0m[38;2;0;0;0m[48;2;0;0;0m▀[0m     
      [38;2;59;181;166m▄[0m[38;2;75;189;171m[48;2;123;223;196m▀[0m[38;2;74;192;172m[48;2;95;201;179m▀[0m[38;2;0;0;0m▄[0m[38;2;34;30;41m▄[0m[38;2;34;29;40m[48;2;55;42;65m▀[0m[38;2;62;47;68m[48;2;100;75;111m▀[0m[38;2;74;56;83m[48;2;110;82;120m▀[0m[38;2;113;104;117m[48;2;92;68;102m▀[0m[38;2;42;42;42m[48;2;42;32;48m▀[0m     [38;2;0;0;0m▄[0m[38;2;2;2;2m[48;2;44;44;44m▀[0m[38;2;215;215;215m[48;2;190;190;190m▀[0m[38;2;252;252;252m[48;2;249;249;249m▀[0m[38;2;253;253;253m[48;2;251;251;251m▀[0m[38;2;249;249;249m[48;2;251;251;251m▀[0m[38;2;248;248;248m[48;2;251;251;251m▀[0m[38;2;251;251;251m[48;2;238;238;238m▀[0m[38;2;245;245;245m[48;2;212;212;212m▀[0m[38;2;217;217;217m[48;2;183;183;183m▀[0m[38;2;248;248;248m[48;2;191;191;191m▀[0m[38;2;221;221;221m[48;2;186;186;186m▀[0m[38;2;143;143;143m[48;2;142;142;142m▀[0m[38;2;93;93;93m[48;2;216;216;216m▀[0m[38;2;0;0;0m[48;2;97;97;97m▀[0m    
     [38;2;51;204;153m[48;2;70;187;168m▀[0m[38;2;85;196;175m[48;2;107;215;189m▀[0m[38;2;143;240;206m[48;2;131;226;196m▀[0m[38;2;90;200;178m[48;2;52;185;168m▀[0m[38;2;0;0;0m[48;2;0;0;0m▀[0m[38;2;25;21;28m[48;2;70;70;70m▀[0m[38;2;103;96;107m[48;2;160;161;161m▀[0m[38;2;68;53;78m[48;2;50;40;57m▀[0m[38;2;104;78;114m[48;2;93;70;104m▀[0m[38;2;104;78;114m[48;2;109;82;119m▀[0m[38;2;46;37;54m[48;2;80;61;87m▀[0m[38;2;0;0;0m[48;2;19;14;24m▀[0m   [38;2;0;0;0m▄[0m[38;2;0;0;0m[48;2;94;94;94m▀[0m[38;2;112;112;112m[48;2;191;191;191m▀[0m[38;2;198;198;198m[48;2;191;191;191m▀[0m[38;2;203;203;203m[48;2;189;189;189m▀[0m[38;2;213;213;213m[48;2;188;188;188m▀[0m[38;2;212;212;212m[48;2;189;189;189m▀[0m[38;2;212;212;212m[48;2;188;188;188m▀[0m[38;2;192;192;192m[48;2;191;191;191m▀[0m[38;2;193;193;193m[48;2;191;191;191m▀[0m[38;2;150;150;150m[48;2;192;192;192m▀[0m[38;2;155;155;155m[48;2;148;148;148m▀[0m[38;2;196;196;196m[48;2;172;172;172m▀[0m[38;2;192;192;192m[48;2;193;193;193m▀[0m[38;2;211;211;211m[48;2;204;204;204m▀[0m[38;2;166;166;166m[48;2;199;200;199m▀[0m[38;2;65;65;65m[48;2;45;43;48m▀[0m[38;2;32;24;35m▄[0m[38;2;30;26;34m▄[0m 
  [38;2;78;192;172m▄[0m[38;2;77;188;177m▄[0m[38;2;69;185;162m[48;2;69;185;185m▀[0m[38;2;73;189;170m[48;2;73;189;171m▀[0m[38;2;136;233;201m[48;2;137;233;202m▀[0m[38;2;97;202;180m[48;2;71;192;172m▀[0m[38;2;0;255;255m[48;2;69;11;11m▀[0m[38;2;83;83;83m[48;2;170;165;165m▀[0m[38;2;210;210;210m[48;2;217;217;217m▀[0m[38;2;129;130;129m[48;2;64;64;64m▀[0m[38;2;32;25;37m[48;2;0;0;0m▀[0m[38;2;73;55;85m[48;2;38;32;43m▀[0m[38;2;93;70;104m[48;2;59;47;69m▀[0m[38;2;100;75;110m[48;2;79;60;91m▀[0m[38;2;64;49;71m[48;2;91;69;103m▀[0m[38;2;0;0;0m[48;2;60;47;67m▀[0m[38;2;32;26;37m▄[0m [38;2;0;0;0m[48;2;0;0;0m▀[0m[38;2;157;157;157m[48;2;83;83;83m▀[0m[38;2;191;191;191m[48;2;146;146;146m▀[0m[38;2;192;192;192m[48;2;197;197;197m▀[0m[38;2;191;191;191m[48;2;191;191;191m▀[0m[38;2;191;191;191m[48;2;191;191;191m▀[0m[38;2;191;191;191m[48;2;191;191;191m▀[0m[38;2;191;191;191m[48;2;191;191;191m▀[0m[38;2;191;191;191m[48;2;191;191;191m▀[0m[38;2;192;192;192m[48;2;195;195;195m▀[0m[38;2;189;189;189m[48;2;150;150;150m▀[0m[38;2;160;160;160m[48;2;114;115;114m▀[0m[38;2;106;106;106m[48;2;150;151;150m▀[0m[38;2;197;198;197m[48;2;119;112;122m▀[0m[38;2;164;162;164m[48;2;67;49;75m▀[0m[38;2;89;81;93m[48;2;83;61;93m▀[0m[38;2;84;64;92m[48;2;68;52;75m▀[0m[38;2;96;72;106m[48;2;60;47;65m▀[0m[38;2;84;63;93m[48;2;64;50;69m▀[0m[38;2;41;31;44m[48;2;40;33;43m▀[0m
 [38;2;47;175;175m▄[0m[38;2;74;188;170m[48;2;97;208;184m▀[0m[38;2;74;186;174m[48;2;88;197;176m▀[0m[38;2;0;145;145m[48;2;28;113;113m▀[0m[38;2;95;202;177m[48;2;115;213;186m▀[0m[38;2;154;236;202m[48;2;175;247;208m▀[0m[38;2;94;202;179m[48;2;105;207;184m▀[0m[38;2;101;193;180m[48;2;45;172;170m▀[0m[38;2;200;225;221m[48;2;82;196;175m▀[0m[38;2;51;48;48m[48;2;55;133;118m▀[0m[38;2;0;0;0m[48;2;127;255;255m▀[0m [38;2;0;0;0m▀[0m[38;2;20;20;20m▀[0m[38;2;38;31;44m[48;2;0;0;0m▀[0m[38;2;60;48;71m[48;2;17;17;17m▀[0m[38;2;76;58;88m[48;2;37;30;41m▀[0m[38;2;61;47;71m[48;2;63;49;74m▀[0m[38;2;47;37;53m[48;2;72;55;84m▀[0m[38;2;40;32;44m[48;2;63;49;73m▀[0m[38;2;0;0;0m[48;2;47;37;56m▀[0m[38;2;98;98;98m[48;2;29;21;31m▀[0m[38;2;191;192;191m[48;2;162;162;163m▀[0m[38;2;196;197;196m[48;2;133;129;134m▀[0m[38;2;198;199;198m[48;2;93;88;97m▀[0m[38;2;197;198;197m[48;2;101;95;103m▀[0m[38;2;197;198;197m[48;2;100;93;101m▀[0m[38;2;196;197;196m[48;2;120;115;123m▀[0m[38;2;195;196;195m[48;2;180;180;180m▀[0m[38;2;170;171;170m[48;2;104;99;107m▀[0m[38;2;119;117;120m[48;2;67;55;76m▀[0m[38;2;71;63;78m[48;2;68;51;81m▀[0m[38;2;64;49;75m[48;2;61;45;73m▀[0m[38;2;78;58;90m[48;2;48;40;56m▀[0m[38;2;69;53;82m[48;2;47;41;50m▀[0m[38;2;62;48;73m[48;2;47;41;51m▀[0m[38;2;42;34;49m[48;2;59;48;67m▀[0m[38;2;0;0;0m[48;2;110;108;112m▀[0m[38;2;0;0;0m[48;2;3;3;3m▀[0m
[38;2;68;190;171m▄[0m[38;2;60;182;166m[48;2;90;203;181m▀[0m[38;2;127;228;199m[48;2;162;238;204m▀[0m[38;2;92;201;178m[48;2;154;235;202m▀[0m[38;2;73;190;171m[48;2;146;234;200m▀[0m[38;2;146;234;199m[48;2;101;204;182m▀[0m[38;2;102;205;182m[48;2;39;165;165m▀[0m[38;2;35;163;164m[48;2;37;164;165m▀[0m[38;2;55;175;169m[48;2;67;184;173m▀[0m[38;2;148;233;198m[48;2;153;235;197m▀[0m[38;2;97;212;187m[48;2;110;220;191m▀[0m[38;2;68;187;170m[48;2;65;189;170m▀[0m     [38;2;0;0;0m▀[0m[38;2;16;16;18m▀[0m[38;2;40;33;44m[48;2;0;7;0m▀[0m[38;2;61;48;71m[48;2;21;19;23m▀[0m[38;2;72;56;85m[48;2;38;31;43m▀[0m[38;2;68;52;81m[48;2;53;41;63m▀[0m[38;2;68;56;73m[48;2;91;71;94m▀[0m[38;2;140;112;122m[48;2;124;97;117m▀[0m[38;2;65;48;76m[48;2;92;71;96m▀[0m[38;2;139;109;123m[48;2;164;130;143m▀[0m[38;2;173;136;145m[48;2;132;104;122m▀[0m[38;2;68;53;72m[48;2;65;50;75m▀[0m[38;2;56;45;64m[48;2;69;53;82m▀[0m[38;2;61;46;73m[48;2;66;50;78m▀[0m[38;2;63;47;75m[48;2;71;66;76m▀[0m[38;2;44;33;51m[48;2;113;114;112m▀[0m[38;2;74;72;76m[48;2;171;171;171m▀[0m[38;2;143;144;143m[48;2;201;201;201m▀[0m[38;2;198;199;197m[48;2;195;195;195m▀[0m[38;2;212;213;212m[48;2;216;216;216m▀[0m[38;2;55;55;55m[48;2;116;116;116m▀[0m[38;2;35;35;35m▀[0m[38;2;15;15;15m▀[0m
[38;2;69;188;170m[48;2;97;207;183m▀[0m[38;2;135;228;196m[48;2;159;237;201m▀[0m[38;2;164;240;203m[48;2;89;197;178m▀[0m[38;2;131;221;191m[48;2;43;168;166m▀[0m[38;2;78;190;174m[48;2;35;162;165m▀[0m[38;2;41;166;166m[48;2;40;165;166m▀[0m[38;2;40;165;166m[48;2;41;166;166m▀[0m[38;2;39;165;165m[48;2;39;165;165m▀[0m[38;2;125;218;188m[48;2;126;220;190m▀[0m[38;2;128;224;193m[48;2;115;214;187m▀[0m[38;2;75;195;174m[48;2;42;170;161m▀[0m[38;2;71;191;167m▀[0m         [38;2;0;0;0m[48;2;21;18;22m▀[0m[38;2;41;34;47m[48;2;82;64;87m▀[0m[38;2;105;82;105m[48;2;87;68;93m▀[0m[38;2;65;50;79m[48;2;68;52;80m▀[0m[38;2;70;54;82m[48;2;69;53;81m▀[0m[38;2;69;53;81m[48;2;69;53;81m▀[0m[38;2;66;51;79m[48;2;69;53;81m▀[0m[38;2;69;53;82m[48;2;68;52;82m▀[0m[38;2;70;54;82m[48;2;57;45;67m▀[0m[38;2;28;22;32m[48;2;15;13;15m▀[0m[38;2;148;150;148m[48;2;40;40;40m▀[0m[38;2;203;203;203m[48;2;105;105;105m▀[0m[38;2;131;131;131m[48;2;171;171;171m▀[0m[38;2;157;157;157m[48;2;167;167;167m▀[0m[38;2;157;157;157m[48;2;145;145;145m▀[0m[38;2;210;210;210m[48;2;132;132;132m▀[0m[38;2;161;161;161m[48;2;120;120;120m▀[0m[38;2;46;46;46m[48;2;56;56;56m▀[0m 
[38;2;116;212;187m[48;2;108;212;186m▀[0m[38;2;171;244;205m[48;2;168;241;204m▀[0m[38;2;76;188;174m[48;2;103;205;182m▀[0m[38;2;31;160;163m[48;2;64;181;171m▀[0m[38;2;64;182;171m[48;2;78;190;174m▀[0m[38;2;48;170;168m[48;2;85;195;176m▀[0m[38;2;40;165;166m[48;2;36;163;165m▀[0m[38;2;39;165;165m[48;2;36;164;165m▀[0m[38;2;127;220;190m[48;2;120;217;187m▀[0m[38;2;117;213;187m[48;2;108;209;183m▀[0m[38;2;0;139;139m[48;2;23;185;185m▀[0m         [38;2;4;9;0m[48;2;11;11;16m▀[0m[38;2;42;33;51m[48;2;103;82;100m▀[0m[38;2;100;78;102m[48;2;179;142;152m▀[0m[38;2;82;64;89m[48;2;179;143;152m▀[0m[38;2;68;52;80m[48;2;130;103;121m▀[0m[38;2;68;52;81m[48;2;68;53;81m▀[0m[38;2;69;53;81m[48;2;69;53;81m▀[0m[38;2;67;51;80m[48;2;71;54;83m▀[0m[38;2;93;73;98m[48;2;128;103;113m▀[0m[38;2;63;52;56m[48;2;19;19;17m▀[0m[38;2;0;0;0m[48;2;0;0;0m▀[0m [38;2;0;0;0m▀[0m[38;2;80;80;80m[48;2;0;0;0m▀[0m[38;2;92;92;92m[48;2;0;0;0m▀[0m[38;2;70;70;70m[48;2;0;0;0m▀[0m[38;2;0;0;0m▀[0m[38;2;0;0;0m▀[0m  
[38;2;96;203;177m[48;2;72;187;171m▀[0m[38;2;157;240;204m[48;2;102;216;189m▀[0m[38;2;170;242;206m[48;2;160;237;202m▀[0m[38;2;161;238;201m[48;2;175;244;208m▀[0m[38;2;162;239;202m[48;2;175;245;208m▀[0m[38;2;100;204;181m[48;2;164;240;203m▀[0m[38;2;43;168;166m[48;2;146;231;195m▀[0m[38;2;81;192;176m[48;2;149;233;196m▀[0m[38;2;134;226;194m[48;2;105;219;192m▀[0m[38;2;80;199;178m[48;2;77;211;189m▀[0m[38;2;21;36;33m[48;2;2;0;0m▀[0m[38;2;36;27;39m[48;2;58;46;67m▀[0m[38;2;23;23;46m[48;2;50;39;56m▀[0m[38;2;50;38;56m▄[0m[38;2;47;37;54m[48;2;94;71;104m▀[0m[38;2;39;31;45m[48;2;45;35;51m▀[0m[38;2;0;0;0m▄[0m[38;2;17;15;15m▄[0m[38;2;0;0;0m[48;2;48;38;53m▀[0m[38;2;56;47;47m[48;2;96;76;93m▀[0m[38;2;147;118;127m[48;2;131;104;122m▀[0m[38;2;167;133;145m[48;2;159;127;139m▀[0m[38;2;89;69;94m[48;2;123;97;116m▀[0m[38;2;114;90;110m[48;2;140;111;127m▀[0m[38;2;180;144;153m[48;2;177;142;151m▀[0m[38;2;75;58;85m[48;2;75;58;85m▀[0m[38;2;64;49;78m[48;2;63;48;77m▀[0m[38;2;113;89;110m[48;2;128;101;119m▀[0m[38;2;74;61;64m[48;2;48;42;42m▀[0m[38;2;0;0;0m▀[0m          
[38;2;72;200;182m▀[0m[38;2;75;192;172m[48;2;85;170;170m▀[0m[38;2;90;209;187m[48;2;73;189;173m▀[0m[38;2;112;214;185m[48;2;72;189;170m▀[0m[38;2;136;225;194m[48;2;74;191;173m▀[0m[38;2;151;233;201m[48;2;73;191;173m▀[0m[38;2;129;223;192m[48;2;72;189;170m▀[0m[38;2;103;218;191m[48;2;73;189;170m▀[0m[38;2;73;191;172m[48;2;85;170;170m▀[0m[38;2;85;212;191m▀[0m[38;2;0;0;0m▀[0m[38;2;32;26;35m[48;2;19;17;19m▀[0m[38;2;71;55;83m[48;2;52;41;60m▀[0m[38;2;87;66;98m[48;2;68;53;81m▀[0m[38;2;106;79;116m[48;2;79;60;91m▀[0m[38;2;84;64;93m[48;2;86;65;98m▀[0m[38;2;60;46;67m[48;2;83;63;94m▀[0m[38;2;84;64;93m[48;2;69;53;82m▀[0m[38;2;78;59;90m[48;2;69;53;81m▀[0m[38;2;66;50;80m[48;2;69;53;81m▀[0m[38;2;61;47;76m[48;2;69;53;81m▀[0m[38;2;90;70;94m[48;2;67;51;80m▀[0m[38;2;159;126;139m[48;2;65;49;78m▀[0m[38;2;159;127;139m[48;2;65;50;79m▀[0m[38;2;108;85;106m[48;2;67;51;80m▀[0m[38;2;67;52;80m[48;2;69;53;81m▀[0m[38;2;66;50;77m[48;2;69;53;81m▀[0m[38;2;59;46;64m[48;2;68;52;81m▀[0m[38;2;30;25;31m[48;2;62;48;72m▀[0m[38;2;31;15;31m[48;2;49;38;56m▀[0m[38;2;19;19;0m▄[0m         
   [38;2;76;204;178m▀[0m[38;2;72;200;182m▀[0m[38;2;72;200;182m▀[0m[38;2;76;204;178m▀[0m     [38;2;14;14;14m▀[0m[38;2;31;27;34m[48;2;0;0;0m▀[0m[38;2;50;39;57m[48;2;4;8;0m▀[0m[38;2;56;44;66m[48;2;23;21;25m▀[0m[38;2;71;55;84m[48;2;31;27;34m▀[0m[38;2;70;54;83m[48;2;34;29;38m▀[0m[38;2;70;54;82m[48;2;56;45;66m▀[0m[38;2;70;54;82m[48;2;59;46;69m▀[0m[38;2;70;54;82m[48;2;60;47;70m▀[0m[38;2;70;54;82m[48;2;62;48;72m▀[0m[38;2;71;54;83m[48;2;63;49;73m▀[0m[38;2;66;51;78m[48;2;60;47;70m▀[0m[38;2;66;50;77m[48;2;48;38;55m▀[0m[38;2;71;54;83m[48;2;60;47;70m▀[0m[38;2;69;53;81m[48;2;69;53;81m▀[0m[38;2;69;53;81m[48;2;72;55;84m▀[0m[38;2;70;54;82m[48;2;69;53;81m▀[0m[38;2;70;54;82m[48;2;70;54;83m▀[0m[38;2;50;39;58m[48;2;62;48;73m▀[0m[38;2;25;25;38m[48;2;37;31;43m▀[0m        
                [38;2;0;0;0m▀[0m[38;2;31;27;33m[48;2;11;14;8m▀[0m[38;2;45;36;52m[48;2;53;42;61m▀[0m[38;2;45;36;52m[48;2;58;46;68m▀[0m[38;2;33;28;37m[48;2;31;25;35m▀[0m[38;2;12;14;12m▀[0m[38;2;13;15;13m▀[0m[38;2;15;15;15m▀[0m[38;2;13;15;13m▀[0m[38;2;11;13;11m▀[0m[38;2;38;31;43m[48;2;0;0;0m▀[0m[38;2;44;35;50m[48;2;0;0;0m▀[0m[38;2;65;51;77m[48;2;35;29;39m▀[0m[38;2;69;53;81m[48;2;73;56;86m▀[0m[38;2;71;54;83m[48;2;72;55;85m▀[0m[38;2;48;38;55m[48;2;56;43;66m▀[0m[38;2;13;15;13m▄[0m       
                  [38;2;9;12;9m▀[0m[38;2;10;10;7m▀[0m        [38;2;24;22;26m▀[0m[38;2;38;32;43m▀[0m[38;2;37;31;42m▀[0m[38;2;27;23;30m▀[0m[38;2;14;14;9m▀[0m       
[0m