                       [38;2;11;11;11m▄[0m[38;2;17;17;17m[48;2;22;22;22m▀[0m[38;2;15;15;15m[48;2;59;59;59m▀[0m[38;2;16;16;16m▄[0m[38;2;31;31;31m▄[0m            
                       [38;2;10;10;10m[48;2;0;0;0m▀[0m[38;2;23;23;23m[48;2;20;20;20m▀[0m[38;2;64;64;64m[48;2;63;63;63m▀[0m[38;2;16;16;16m[48;2;16;16;16m▀[0m[38;2;28;28;28m[48;2;28;28;28m▀[0m            
                      [38;2;10;10;10m[48;2;10;10;10m▀[0m[38;2;24;24;24m[48;2;27;27;27m▀[0m[38;2;54;54;54m[48;2;69;69;69m▀[0m[38;2;61;61;61m[48;2;63;63;63m▀[0m[38;2;12;12;12m[48;2;46;46;46m▀[0m[38;2;12;12;12m▄[0m            
                      [38;2;11;11;11m[48;2;7;7;7m▀[0m[38;2;25;25;25m[48;2;35;34;29m▀[0m[38;2;59;59;64m[48;2;121;115;87m▀[0m[38;2;52;53;59m[48;2;144;137;101m▀[0m[38;2;55;56;62m[48;2;143;136;100m▀[0m[38;2;36;37;41m[48;2;119;113;87m▀[0m[38;2;18;18;18m[48;2;18;18;19m▀[0m[38;2;11;11;11m[48;2;0;0;0m▀[0m          
                      [38;2;0;0;3m[48;2;0;0;0m▀[0m[38;2;56;53;39m[48;2;57;55;39m▀[0m[38;2;236;219;138m[48;2;202;189;122m▀[0m[38;2;255;239;152m[48;2;244;228;146m▀[0m[38;2;255;238;151m[48;2;242;226;145m▀[0m[38;2;215;200;127m[48;2;248;232;148m▀[0m[38;2;87;82;55m[48;2;221;206;132m▀[0m[38;2;32;30;23m[48;2;47;45;34m▀[0m[38;2;0;0;0m[48;2;0;0;0m▀[0m         
                       [38;2;0;0;0m[48;2;0;0;0m▀[0m[38;2;28;27;24m[48;2;43;41;32m▀[0m[38;2;251;235;150m[48;2;250;234;150m▀[0m[38;2;242;226;145m[48;2;242;226;145m▀[0m[38;2;242;226;145m[48;2;242;226;145m▀[0m[38;2;255;240;154m[48;2;249;233;149m▀[0m[38;2;69;66;46m[48;2;135;126;81m▀[0m[38;2;16;16;8m[48;2;89;80;51m▀[0m         
                      [38;2;0;0;0m▄[0m[38;2;0;0;0m[48;2;5;5;0m▀[0m[38;2;42;40;32m[48;2;45;43;33m▀[0m[38;2;250;234;150m[48;2;250;234;150m▀[0m[38;2;242;226;145m[48;2;242;226;145m▀[0m[38;2;242;226;145m[48;2;242;226;145m▀[0m[38;2;249;233;149m[48;2;242;226;145m▀[0m[38;2;139;129;83m[48;2;252;236;152m▀[0m[38;2;97;90;55m[48;2;145;135;87m▀[0m[38;2;102;51;51m[48;2;84;78;51m▀[0m        
                   [38;2;94;88;56m▄[0m[38;2;101;94;60m▄[0m[38;2;94;87;55m▄[0m[38;2;0;0;0m[48;2;89;83;53m▀[0m[38;2;57;55;41m[48;2;124;115;75m▀[0m[38;2;248;232;148m[48;2;252;235;151m▀[0m[38;2;242;226;145m[48;2;242;226;145m▀[0m[38;2;242;226;145m[48;2;242;226;145m▀[0m[38;2;242;226;145m[48;2;242;226;145m▀[0m[38;2;242;226;145m[48;2;242;226;145m▀[0m[38;2;251;235;151m[48;2;254;238;153m▀[0m[38;2;144;134;86m[48;2;145;135;86m▀[0m[38;2;85;78;51m[48;2;85;78;51m▀[0m        
      [38;2;97;88;55m▄[0m[38;2;102;93;62m[48;2;89;83;53m▀[0m[38;2;107;99;63m[48;2;136;126;81m▀[0m[38;2;90;85;54m[48;2;221;207;133m▀[0m[38;2;93;87;55m[48;2;215;201;129m▀[0m[38;2;90;85;53m[48;2;199;186;119m▀[0m[38;2;84;78;50m▄[0m[38;2;89;82;53m▄[0m[38;2;94;88;56m▄[0m[38;2;102;94;60m▄[0m[38;2;80;75;47m▄[0m[38;2;90;85;53m[48;2;180;168;108m▀[0m[38;2;86;79;50m[48;2;217;203;130m▀[0m[38;2;166;156;99m[48;2;231;216;138m▀[0m[38;2;232;217;139m[48;2;248;232;149m▀[0m[38;2;228;213;137m[48;2;250;234;150m▀[0m[38;2;184;172;110m[48;2;219;204;131m▀[0m[38;2;117;109;70m[48;2;167;156;100m▀[0m[38;2;250;233;150m[48;2;247;230;148m▀[0m[38;2;242;226;145m[48;2;242;226;145m▀[0m[38;2;242;226;145m[48;2;242;226;145m▀[0m[38;2;242;226;145m[48;2;242;226;145m▀[0m[38;2;245;229;147m[48;2;245;229;147m▀[0m[38;2;202;189;121m[48;2;193;180;115m▀[0m[38;2;133;125;80m[48;2;69;65;46m▀[0m[38;2;100;88;57m[48;2;21;18;15m▀[0m        
   [38;2;4;4;4m▄[0m[38;2;13;13;10m[48;2;28;28;32m▀[0m[38;2;0;0;0m[48;2;109;103;75m▀[0m[38;2;116;107;72m[48;2;212;197;127m▀[0m[38;2;211;199;127m[48;2;255;239;153m▀[0m[38;2;214;200;129m[48;2;247;230;148m▀[0m[38;2;251;235;150m[48;2;241;225;145m▀[0m[38;2;248;232;149m[48;2;242;226;145m▀[0m[38;2;243;227;146m[48;2;243;227;145m▀[0m[38;2;201;188;121m[48;2;249;233;149m▀[0m[38;2;202;189;121m[48;2;250;233;150m▀[0m[38;2;169;158;101m[48;2;131;122;79m▀[0m[38;2;97;90;58m[48;2;174;162;104m▀[0m[38;2;177;166;106m[48;2;239;223;143m▀[0m[38;2;239;223;143m[48;2;246;230;148m▀[0m[38;2;250;233;150m[48;2;242;226;145m▀[0m[38;2;244;228;146m[48;2;242;226;145m▀[0m[38;2;242;226;145m[48;2;242;226;145m▀[0m[38;2;243;227;146m[48;2;242;226;145m▀[0m[38;2;237;221;142m[48;2;243;227;146m▀[0m[38;2;228;212;136m[48;2;245;229;147m▀[0m[38;2;243;227;146m[48;2;242;226;145m▀[0m[38;2;242;226;145m[48;2;242;226;145m▀[0m[38;2;242;226;145m[48;2;242;226;145m▀[0m[38;2;242;226;145m[48;2;242;226;145m▀[0m[38;2;243;227;146m[48;2;242;226;145m▀[0m[38;2;239;225;144m[48;2;250;234;150m▀[0m[38;2;50;48;36m[48;2;184;174;113m▀[0m[38;2;0;0;0m[48;2;60;55;39m▀[0m[38;2;0;0;0m▄[0m       
  [38;2;13;13;13m[48;2;9;9;9m▀[0m[38;2;35;35;35m[48;2;57;57;57m▀[0m[38;2;48;49;56m[48;2;62;63;65m▀[0m[38;2;167;157;109m[48;2;97;93;75m▀[0m[38;2;249;232;146m[48;2;180;169;112m▀[0m[38;2;245;229;147m[48;2;243;227;145m▀[0m[38;2;242;226;145m[48;2;255;240;154m▀[0m[38;2;242;226;145m[48;2;251;235;150m▀[0m[38;2;242;226;145m[48;2;241;225;145m▀[0m[38;2;242;226;145m[48;2;242;226;145m▀[0m[38;2;242;226;145m[48;2;242;226;145m▀[0m[38;2;243;227;146m[48;2;242;226;145m▀[0m[38;2;170;158;102m[48;2;251;235;151m▀[0m[38;2;241;225;144m[48;2;243;227;146m▀[0m[38;2;245;229;147m[48;2;242;226;145m▀[0m[38;2;242;226;145m[48;2;242;226;145m▀[0m[38;2;242;226;145m[48;2;242;226;145m▀[0m[38;2;242;226;145m[48;2;242;226;145m▀[0m[38;2;242;226;145m[48;2;242;226;145m▀[0m[38;2;242;226;145m[48;2;242;226;145m▀[0m[38;2;242;226;145m[48;2;242;226;145m▀[0m[38;2;242;226;145m[48;2;242;226;145m▀[0m[38;2;242;226;145m[48;2;242;226;145m▀[0m[38;2;242;226;145m[48;2;242;226;145m▀[0m[38;2;242;226;145m[48;2;242;226;145m▀[0m[38;2;242;226;145m[48;2;242;226;145m▀[0m[38;2;242;226;145m[48;2;242;226;145m▀[0m[38;2;241;225;144m[48;2;242;226;145m▀[0m[38;2;255;244;156m[48;2;241;225;144m▀[0m[38;2;182;172;113m[48;2;255;245;157m▀[0m[38;2;65;61;42m[48;2;181;170;111m▀[0m[38;2;0;0;0m[48;2;74;70;46m▀[0m[38;2;0;0;0m▄[0m     
[38;2;16;16;16m▄[0m[38;2;6;6;6m[48;2;27;27;27m▀[0m[38;2;28;28;28m[48;2;65;65;65m▀[0m[38;2;59;59;59m[48;2;57;57;57m▀[0m[38;2;70;69;69m[48;2;55;55;55m▀[0m[38;2;45;46;52m[48;2;30;30;30m▀[0m[38;2;77;74;58m[48;2;2;2;6m▀[0m[38;2;147;137;89m[48;2;0;0;5m▀[0m[38;2;168;157;103m[48;2;0;0;0m▀[0m[38;2;188;176;114m[48;2;51;48;35m▀[0m[38;2;255;240;154m[48;2;196;185;121m▀[0m[38;2;251;234;150m[48;2;192;180;117m▀[0m[38;2;242;226;145m[48;2;250;234;150m▀[0m[38;2;242;226;145m[48;2;242;226;145m▀[0m[38;2;242;226;145m[48;2;242;226;145m▀[0m[38;2;242;226;145m[48;2;242;226;145m▀[0m[38;2;242;226;145m[48;2;242;226;145m▀[0m[38;2;242;226;145m[48;2;242;226;145m▀[0m[38;2;242;226;145m[48;2;242;226;145m▀[0m[38;2;242;226;145m[48;2;242;226;145m▀[0m[38;2;242;226;145m[48;2;243;227;146m▀[0m[38;2;242;226;145m[48;2;244;228;146m▀[0m[38;2;242;226;145m[48;2;244;228;146m▀[0m[38;2;243;226;145m[48;2;241;225;144m▀[0m[38;2;245;229;147m[48;2;225;211;135m▀[0m[38;2;245;228;147m[48;2;226;211;136m▀[0m[38;2;245;228;147m[48;2;226;211;136m▀[0m[38;2;245;228;147m[48;2;226;211;136m▀[0m[38;2;245;228;147m[48;2;226;211;136m▀[0m[38;2;245;228;147m[48;2;226;211;136m▀[0m[38;2;245;228;147m[48;2;226;211;136m▀[0m[38;2;244;227;146m[48;2;226;211;136m▀[0m[38;2;255;254;162m[48;2;235;222;142m▀[0m[38;2;140;131;87m[48;2;157;147;96m▀[0m[38;2;0;0;0m[48;2;58;53;36m▀[0m[38;2;0;0;0m▄[0m    
[38;2;16;16;16m[48;2;15;15;15m▀[0m[38;2;56;56;56m[48;2;13;13;13m▀[0m[38;2;60;60;60m[48;2;14;14;14m▀[0m[38;2;22;22;22m[48;2;6;6;6m▀[0m[38;2;10;10;10m▀[0m[38;2;10;10;10m▀[0m   [38;2;0;0;0m▀[0m[38;2;0;0;3m▀[0m[38;2;20;20;17m[48;2;0;0;0m▀[0m[38;2;211;197;128m[48;2;12;12;13m▀[0m[38;2;246;230;147m[48;2;218;204;131m▀[0m[38;2;242;226;145m[48;2;242;226;144m▀[0m[38;2;242;226;145m[48;2;242;226;145m▀[0m[38;2;242;226;145m[48;2;242;226;145m▀[0m[38;2;242;226;145m[48;2;243;227;146m▀[0m[38;2;243;227;145m[48;2;238;222;143m▀[0m[38;2;244;228;146m[48;2;239;223;144m▀[0m[38;2;238;222;142m[48;2;208;194;125m▀[0m[38;2;230;215;138m[48;2;171;160;102m▀[0m[38;2;233;218;139m[48;2;176;164;105m▀[0m[38;2;221;206;132m[48;2;176;164;105m▀[0m[38;2;171;160;103m[48;2;179;167;107m▀[0m[38;2;175;163;104m[48;2;179;167;107m▀[0m[38;2;175;163;104m[48;2;179;167;107m▀[0m[38;2;175;163;104m[48;2;179;167;107m▀[0m[38;2;175;163;104m[48;2;179;167;107m▀[0m[38;2;175;163;104m[48;2;179;167;107m▀[0m[38;2;175;163;104m[48;2;179;167;107m▀[0m[38;2;175;163;104m[48;2;179;167;107m▀[0m[38;2;170;158;101m[48;2;179;167;107m▀[0m[38;2;223;208;133m[48;2;187;174;112m▀[0m[38;2;162;152;100m[48;2;114;107;71m▀[0m[38;2;0;0;2m[48;2;0;0;5m▀[0m    
            [38;2;0;0;0m[48;2;0;0;0m▀[0m[38;2;8;8;11m[48;2;15;15;15m▀[0m[38;2;230;215;138m[48;2;230;215;138m▀[0m[38;2;244;228;146m[48;2;248;232;149m▀[0m[38;2;240;224;144m[48;2;191;178;114m▀[0m[38;2;244;227;146m[48;2;177;165;106m▀[0m[38;2;200;186;120m[48;2;179;167;107m▀[0m[38;2;173;162;104m[48;2;179;167;107m▀[0m[38;2;178;166;106m[48;2;179;167;107m▀[0m[38;2;179;167;107m[48;2;179;167;107m▀[0m[38;2;179;167;107m[48;2;179;167;107m▀[0m[38;2;179;167;107m[48;2;179;167;107m▀[0m[38;2;179;167;107m[48;2;179;167;107m▀[0m[38;2;179;167;107m[48;2;179;167;107m▀[0m[38;2;179;167;107m[48;2;179;167;107m▀[0m[38;2;179;167;107m[48;2;179;167;107m▀[0m[38;2;179;167;107m[48;2;179;167;107m▀[0m[38;2;179;167;107m[48;2;179;167;107m▀[0m[38;2;179;167;107m[48;2;179;167;107m▀[0m[38;2;179;167;107m[48;2;179;167;107m▀[0m[38;2;179;167;107m[48;2;179;167;107m▀[0m[38;2;189;176;113m[48;2;189;176;113m▀[0m[38;2;116;109;72m[48;2;116;109;72m▀[0m[38;2;0;0;5m[48;2;0;0;5m▀[0m    
            [38;2;0;0;0m[48;2;0;0;0m▀[0m[38;2;15;15;15m[48;2;15;15;15m▀[0m[38;2;234;219;140m[48;2;176;165;106m▀[0m[38;2;192;179;115m[48;2;181;169;108m▀[0m[38;2;178;166;106m[48;2;179;167;107m▀[0m[38;2;179;167;107m[48;2;179;167;107m▀[0m[38;2;179;167;107m[48;2;179;167;107m▀[0m[38;2;179;167;107m[48;2;179;167;107m▀[0m[38;2;179;167;107m[48;2;179;167;107m▀[0m[38;2;179;167;107m[48;2;179;167;107m▀[0m[38;2;179;167;107m[48;2;179;167;107m▀[0m[38;2;179;167;107m[48;2;179;167;107m▀[0m[38;2;179;167;107m[48;2;179;167;107m▀[0m[38;2;179;167;107m[48;2;179;167;107m▀[0m[38;2;179;167;107m[48;2;179;167;107m▀[0m[38;2;179;167;107m[48;2;179;167;107m▀[0m[38;2;179;167;107m[48;2;179;167;107m▀[0m[38;2;179;167;107m[48;2;179;167;107m▀[0m[38;2;179;167;107m[48;2;179;167;107m▀[0m[38;2;179;167;107m[48;2;178;166;107m▀[0m[38;2;190;177;113m[48;2;196;182;116m▀[0m[38;2;105;99;66m[48;2;106;99;67m▀[0m[38;2;8;8;9m[48;2;0;0;4m▀[0m[38;2;0;0;0m▀[0m    
            [38;2;0;0;0m[48;2;0;0;0m▀[0m[38;2;16;16;16m[48;2;16;16;16m▀[0m[38;2;180;168;107m[48;2;51;49;35m▀[0m[38;2;182;170;109m[48;2;170;160;103m▀[0m[38;2;179;167;107m[48;2;183;170;109m▀[0m[38;2;179;167;107m[48;2;179;167;107m▀[0m[38;2;179;167;107m[48;2;179;167;107m▀[0m[38;2;179;167;107m[48;2;179;167;107m▀[0m[38;2;179;167;107m[48;2;179;167;107m▀[0m[38;2;179;167;107m[48;2;179;167;107m▀[0m[38;2;179;167;107m[48;2;179;167;107m▀[0m[38;2;179;167;107m[48;2;179;167;107m▀[0m[38;2;179;167;107m[48;2;179;167;107m▀[0m[38;2;179;167;107m[48;2;179;167;107m▀[0m[38;2;179;167;107m[48;2;179;167;107m▀[0m[38;2;179;167;107m[48;2;179;167;107m▀[0m[38;2;179;167;107m[48;2;179;167;107m▀[0m[38;2;179;167;107m[48;2;178;166;107m▀[0m[38;2;178;166;107m[48;2;198;184;118m▀[0m[38;2;197;184;117m[48;2;106;100;67m▀[0m[38;2;109;103;69m[48;2;30;28;23m▀[0m[38;2;26;25;20m[48;2;0;0;0m▀[0m[38;2;0;0;9m▀[0m     
    [38;2;0;0;7m▄[0m[38;2;37;29;20m▄[0m[38;2;74;51;29m▄[0m[38;2;62;45;26m▄[0m      [38;2;5;6;10m[48;2;12;12;15m▀[0m[38;2;116;109;70m[48;2;42;40;29m▀[0m[38;2;184;171;109m[48;2;72;68;48m▀[0m[38;2;184;172;110m[48;2;163;152;98m▀[0m[38;2;178;166;107m[48;2;195;182;116m▀[0m[38;2;179;167;107m[48;2;190;177;113m▀[0m[38;2;179;167;107m[48;2;191;178;114m▀[0m[38;2;179;167;107m[48;2;188;175;112m▀[0m[38;2;179;167;107m[48;2;184;172;110m▀[0m[38;2;179;167;107m[48;2;183;171;110m▀[0m[38;2;179;167;107m[48;2;179;167;107m▀[0m[38;2;179;167;107m[48;2;179;167;107m▀[0m[38;2;179;167;107m[48;2;179;167;107m▀[0m[38;2;179;167;107m[48;2;179;167;107m▀[0m[38;2;179;167;107m[48;2;179;167;107m▀[0m[38;2;187;174;111m[48;2;184;172;110m▀[0m[38;2;92;87;59m[48;2;127;119;78m▀[0m[38;2;25;25;19m[48;2;54;51;36m▀[0m[38;2;0;0;0m[48;2;0;0;4m▀[0m       
  [38;2;5;8;11m▄[0m[38;2;0;0;2m[48;2;62;47;32m▀[0m[38;2;73;53;35m[48;2;161;113;65m▀[0m[38;2;123;87;51m[48;2;193;134;76m▀[0m[38;2;141;98;56m[48;2;193;135;77m▀[0m[38;2;108;75;43m[48;2;165;115;66m▀[0m[38;2;55;38;22m[48;2;123;87;49m▀[0m[38;2;65;46;26m[48;2;130;91;52m▀[0m[38;2;62;45;25m[48;2;110;77;43m▀[0m[38;2;57;40;22m▄[0m[38;2;65;45;25m▄[0m[38;2;70;50;27m▄[0m [38;2;4;6;11m▀[0m[38;2;0;0;0m▀[0m[38;2;79;74;51m[48;2;0;0;4m▀[0m[38;2;105;99;66m[48;2;0;0;6m▀[0m[38;2;100;94;64m[48;2;0;0;5m▀[0m[38;2;98;91;62m[48;2;0;0;0m▀[0m[38;2;113;106;69m[48;2;43;42;31m▀[0m[38;2;138;128;82m[48;2;135;126;81m▀[0m[38;2;145;135;87m[48;2;137;128;82m▀[0m[38;2;181;169;109m[48;2;182;170;109m▀[0m[38;2;179;167;107m[48;2;179;167;107m▀[0m[38;2;179;167;107m[48;2;179;167;107m▀[0m[38;2;179;167;107m[48;2;179;167;107m▀[0m[38;2;179;167;107m[48;2;179;167;107m▀[0m[38;2;178;166;107m[48;2;179;167;107m▀[0m[38;2;200;186;119m[48;2;192;179;114m▀[0m[38;2;76;71;50m[48;2;65;61;44m▀[0m[38;2;0;0;4m[48;2;0;0;0m▀[0m       
 [38;2;9;9;14m▄[0m[38;2;0;3;9m[48;2;46;35;25m▀[0m[38;2;153;108;62m[48;2;154;108;62m▀[0m[38;2;189;132;74m[48;2;184;128;72m▀[0m[38;2;181;126;72m[48;2;185;129;74m▀[0m[38;2;160;112;63m[48;2;134;94;53m▀[0m[38;2;144;100;57m[48;2;88;62;35m▀[0m[38;2;151;106;60m[48;2;81;57;32m▀[0m[38;2;166;116;66m[48;2;86;60;35m▀[0m[38;2;181;126;72m[48;2;160;112;64m▀[0m[38;2;114;79;46m[48;2;163;114;65m▀[0m[38;2;114;80;45m[48;2;185;130;73m▀[0m[38;2;97;67;39m[48;2;144;100;57m▀[0m[38;2;79;56;34m[48;2;86;61;34m▀[0m[38;2;56;56;28m[48;2;78;58;29m▀[0m   [38;2;0;0;0m[48;2;0;0;1m▀[0m[38;2;46;44;32m[48;2;95;89;61m▀[0m[38;2;114;107;71m[48;2;200;186;119m▀[0m[38;2;194;181;116m[48;2;178;166;106m▀[0m[38;2;184;171;110m[48;2;179;167;107m▀[0m[38;2;179;167;107m[48;2;179;167;107m▀[0m[38;2;179;167;107m[48;2;179;167;107m▀[0m[38;2;179;167;107m[48;2;179;167;107m▀[0m[38;2;179;167;107m[48;2;179;167;107m▀[0m[38;2;179;167;107m[48;2;179;167;107m▀[0m[38;2;179;167;107m[48;2;179;167;107m▀[0m[38;2;187;175;112m[48;2;178;166;106m▀[0m[38;2;108;102;68m[48;2;198;185;118m▀[0m[38;2;41;38;29m[48;2;103;97;65m▀[0m[38;2;0;0;0m[48;2;18;16;13m▀[0m[38;2;7;7;14m▄[0m     
 [38;2;9;11;13m[48;2;13;14;15m▀[0m[38;2;152;107;62m[48;2;53;39;24m▀[0m[38;2;184;129;72m[48;2;145;102;59m▀[0m[38;2;182;127;72m[48;2;168;118;68m▀[0m[38;2;180;125;71m[48;2;174;122;69m▀[0m[38;2;182;127;72m[48;2;181;126;72m▀[0m[38;2;190;133;76m[48;2;180;126;71m▀[0m[38;2;155;109;62m[48;2;178;124;71m▀[0m[38;2;86;60;34m[48;2;174;121;69m▀[0m[38;2;85;60;34m[48;2;176;123;70m▀[0m[38;2;95;67;38m[48;2;184;128;73m▀[0m[38;2;182;127;72m[48;2;179;125;71m▀[0m[38;2;183;127;72m[48;2;179;125;71m▀[0m[38;2;100;71;40m[48;2;190;132;75m▀[0m[38;2;47;39;23m[48;2;37;31;24m▀[0m[38;2;0;0;0m[48;2;0;5;10m▀[0m [38;2;0;0;10m[48;2;0;0;5m▀[0m[38;2;25;24;21m[48;2;111;104;70m▀[0m[38;2;106;99;66m[48;2;195;181;116m▀[0m[38;2;189;176;113m[48;2;178;166;107m▀[0m[38;2;179;167;107m[48;2;179;167;107m▀[0m[38;2;179;167;107m[48;2;179;167;107m▀[0m[38;2;179;167;107m[48;2;179;167;107m▀[0m[38;2;179;167;107m[48;2;179;167;107m▀[0m[38;2;179;167;107m[48;2;179;167;107m▀[0m[38;2;179;167;107m[48;2;179;167;107m▀[0m[38;2;179;167;107m[48;2;179;167;107m▀[0m[38;2;179;167;107m[48;2;179;167;107m▀[0m[38;2;179;167;107m[48;2;179;167;107m▀[0m[38;2;184;171;109m[48;2;179;167;107m▀[0m[38;2;151;141;90m[48;2;193;179;114m▀[0m[38;2;66;63;43m[48;2;103;96;65m▀[0m[38;2;6;6;10m[48;2;0;0;3m▀[0m     
  [38;2;14;15;15m[48;2;0;0;0m▀[0m[38;2;12;13;14m[48;2;0;0;0m▀[0m[38;2;0;5;10m[48;2;0;0;0m▀[0m[38;2;111;79;47m[48;2;17;17;16m▀[0m[38;2;184;129;72m[48;2;19;18;18m▀[0m[38;2;179;125;71m[48;2;9;11;14m▀[0m[38;2;142;100;57m[48;2;71;53;34m▀[0m[38;2;68;48;28m[48;2;191;133;75m▀[0m[38;2;95;67;38m[48;2;179;125;71m▀[0m[38;2;184;129;73m[48;2;179;125;71m▀[0m[38;2;179;125;71m[48;2;179;125;71m▀[0m[38;2;179;125;71m[48;2;179;125;71m▀[0m[38;2;185;129;73m[48;2;185;129;73m▀[0m[38;2;36;30;23m[48;2;35;29;23m▀[0m[38;2;0;5;10m[48;2;0;5;11m▀[0m [38;2;0;0;6m[48;2;0;0;4m▀[0m[38;2;106;99;67m[48;2;105;98;67m▀[0m[38;2;190;177;113m[48;2;190;177;113m▀[0m[38;2;179;167;107m[48;2;179;167;107m▀[0m[38;2;179;167;107m[48;2;179;167;107m▀[0m[38;2;179;167;107m[48;2;179;167;107m▀[0m[38;2;179;167;107m[48;2;179;167;107m▀[0m[38;2;179;167;107m[48;2;179;167;107m▀[0m[38;2;179;167;107m[48;2;179;167;107m▀[0m[38;2;179;167;107m[48;2;179;167;107m▀[0m[38;2;179;167;107m[48;2;179;167;107m▀[0m[38;2;179;167;107m[48;2;179;167;107m▀[0m[38;2;179;167;107m[48;2;179;167;107m▀[0m[38;2;179;167;107m[48;2;179;167;107m▀[0m[38;2;190;177;113m[48;2;179;167;107m▀[0m[38;2;104;98;66m[48;2;188;175;113m▀[0m[38;2;6;4;8m[48;2;115;108;71m▀[0m[38;2;0;0;0m[48;2;0;0;5m▀[0m    
     [38;2;0;0;0m▀[0m[38;2;0;17;17m▀[0m[38;2;0;0;17m▀[0m[38;2;23;21;18m[48;2;0;0;0m▀[0m[38;2;25;23;20m[48;2;0;0;8m▀[0m[38;2;44;34;25m[48;2;18;18;18m▀[0m[38;2;146;101;57m[48;2;31;27;22m▀[0m[38;2;186;130;74m[48;2;38;31;24m▀[0m[38;2;183;128;73m[48;2;92;65;37m▀[0m[38;2;181;127;72m[48;2;131;91;52m▀[0m[38;2;180;125;71m[48;2;185;129;73m▀[0m[38;2;46;36;26m[48;2;45;35;26m▀[0m[38;2;0;1;7m[48;2;0;0;7m▀[0m[38;2;115;109;71m[48;2;122;114;75m▀[0m[38;2;183;172;109m[48;2;189;177;113m▀[0m[38;2;180;168;107m[48;2;179;167;107m▀[0m[38;2;179;167;107m[48;2;179;167;107m▀[0m[38;2;179;167;107m[48;2;179;167;107m▀[0m[38;2;179;167;107m[48;2;179;167;107m▀[0m[38;2;179;167;107m[48;2;179;167;107m▀[0m[38;2;179;167;107m[48;2;179;167;107m▀[0m[38;2;179;167;107m[48;2;179;167;107m▀[0m[38;2;179;167;107m[48;2;179;167;107m▀[0m[38;2;179;167;107m[48;2;179;167;107m▀[0m[38;2;179;167;107m[48;2;179;167;107m▀[0m[38;2;179;167;107m[48;2;179;167;107m▀[0m[38;2;179;167;107m[48;2;179;167;107m▀[0m[38;2;179;167;107m[48;2;179;167;107m▀[0m[38;2;189;176;113m[48;2;189;176;113m▀[0m[38;2;116;109;72m[48;2;116;109;72m▀[0m[38;2;0;0;5m[48;2;0;0;5m▀[0m    
          [38;2;0;0;0m▀[0m[38;2;0;10;10m▀[0m[38;2;0;4;13m[48;2;0;0;0m▀[0m[38;2;24;21;18m[48;2;13;14;16m▀[0m[38;2;119;83;48m[48;2;125;87;50m▀[0m[38;2;184;129;73m[48;2;143;100;56m▀[0m[38;2;90;63;37m[48;2;120;84;48m▀[0m[38;2;3;3;7m[48;2;138;96;56m▀[0m[38;2;121;116;76m[48;2;80;64;42m▀[0m[38;2;194;182;115m[48;2;120;114;76m▀[0m[38;2;178;166;107m[48;2;187;174;111m▀[0m[38;2;179;167;107m[48;2;179;167;107m▀[0m[38;2;179;167;107m[48;2;179;167;107m▀[0m[38;2;179;167;107m[48;2;179;167;107m▀[0m[38;2;179;167;107m[48;2;179;167;107m▀[0m[38;2;179;167;107m[48;2;179;167;107m▀[0m[38;2;179;167;107m[48;2;179;167;107m▀[0m[38;2;179;167;107m[48;2;179;167;107m▀[0m[38;2;179;167;107m[48;2;179;167;107m▀[0m[38;2;179;167;107m[48;2;179;167;107m▀[0m[38;2;179;167;107m[48;2;179;167;107m▀[0m[38;2;179;167;107m[48;2;179;167;107m▀[0m[38;2;179;167;107m[48;2;183;170;109m▀[0m[38;2;190;177;113m[48;2;185;173;111m▀[0m[38;2;111;104;69m[48;2;168;158;101m▀[0m[38;2;0;0;0m[48;2;100;93;62m▀[0m[38;2;0;0;0m▄[0m   
            [38;2;0;25;25m[48;2;0;0;0m▀[0m[38;2;17;17;17m[48;2;16;16;16m▀[0m[38;2;94;66;38m[48;2;27;19;15m▀[0m[38;2;131;90;51m[48;2;51;35;24m▀[0m[38;2;137;95;54m[48;2;60;44;29m▀[0m[38;2;160;111;63m[48;2;118;83;48m▀[0m[38;2;49;33;23m[48;2;41;28;21m▀[0m[38;2;94;90;61m[48;2;102;98;67m▀[0m[38;2;190;177;113m[48;2;197;184;117m▀[0m[38;2;179;167;107m[48;2;178;166;106m▀[0m[38;2;179;167;107m[48;2;182;170;109m▀[0m[38;2;179;167;107m[48;2;193;180;115m▀[0m[38;2;181;168;108m[48;2;177;165;105m▀[0m[38;2;191;178;113m[48;2;87;82;54m▀[0m[38;2;179;167;107m[48;2;191;178;114m▀[0m[38;2;179;167;107m[48;2;179;167;107m▀[0m[38;2;179;167;107m[48;2;179;167;107m▀[0m[38;2;179;167;107m[48;2;179;167;107m▀[0m[38;2;178;166;106m[48;2;186;173;111m▀[0m[38;2;191;178;114m[48;2;119;111;72m▀[0m[38;2;156;145;93m[48;2;51;48;33m▀[0m[38;2;155;145;93m[48;2;87;81;53m▀[0m[38;2;192;179;115m[48;2;167;156;99m▀[0m[38;2;172;161;103m[48;2;199;186;118m▀[0m[38;2;94;88;59m[48;2;183;170;109m▀[0m[38;2;0;0;0m[48;2;115;108;72m▀[0m[38;2;0;0;5m[48;2;110;103;69m▀[0m[38;2;12;12;14m▄[0m
            [38;2;0;0;0m[48;2;0;0;0m▀[0m[38;2;15;15;15m[48;2;14;14;14m▀[0m[38;2;96;90;61m[48;2;124;116;76m▀[0m[38;2;100;96;65m[48;2;137;128;83m▀[0m[38;2;13;18;18m[48;2;51;51;45m▀[0m[38;2;101;71;41m[48;2;67;50;34m▀[0m[38;2;101;70;41m[48;2;94;66;38m▀[0m[38;2;77;67;46m[48;2;65;43;26m▀[0m[38;2;140;133;87m[48;2;76;66;43m▀[0m[38;2;199;186;118m[48;2;124;117;76m▀[0m[38;2;165;154;98m[48;2;90;85;59m▀[0m[38;2;96;90;59m[48;2;15;17;24m▀[0m[38;2;91;86;58m[48;2;28;29;32m▀[0m[38;2;29;30;33m[48;2;67;67;67m▀[0m[38;2;101;95;62m[48;2;25;26;30m▀[0m[38;2;185;173;111m[48;2;115;108;72m▀[0m[38;2;190;177;113m[48;2;115;108;72m▀[0m[38;2;180;168;108m[48;2;180;168;108m▀[0m[38;2;197;184;117m[48;2;141;132;85m▀[0m[38;2;83;79;61m[48;2;70;67;56m▀[0m[38;2;23;25;33m[48;2;49;50;51m▀[0m[38;2;44;42;36m[48;2;32;32;33m▀[0m[38;2;77;72;48m[48;2;3;4;7m▀[0m[38;2;107;100;67m[48;2;0;0;4m▀[0m[38;2;106;100;67m[48;2;0;0;4m▀[0m[38;2;117;109;72m[48;2;0;0;4m▀[0m[38;2;106;100;67m[48;2;0;0;5m▀[0m[38;2;13;13;13m▀[0m
              [38;2;0;0;6m▀[0m[38;2;0;0;1m[48;2;0;0;0m▀[0m[38;2;46;46;46m[48;2;19;19;19m▀[0m[38;2;32;34;36m[48;2;56;56;56m▀[0m[38;2;13;18;24m[48;2;72;72;71m▀[0m[38;2;82;64;47m[48;2;58;60;61m▀[0m[38;2;81;62;45m[48;2;52;53;55m▀[0m[38;2;10;12;20m[48;2;62;62;62m▀[0m[38;2;31;32;35m[48;2;69;69;69m▀[0m[38;2;71;71;71m[48;2;63;63;63m▀[0m[38;2;69;69;69m[48;2;55;55;55m▀[0m[38;2;65;65;65m[48;2;52;52;52m▀[0m[38;2;54;54;54m[48;2;11;11;11m▀[0m[38;2;2;4;9m▀[0m[38;2;0;0;1m▀[0m[38;2;120;112;74m[48;2;0;0;6m▀[0m[38;2;40;38;30m[48;2;13;13;16m▀[0m[38;2;1;2;6m[48;2;18;18;14m▀[0m[38;2;11;11;11m▀[0m[38;2;14;14;14m▀[0m[38;2;17;17;17m▀[0m     
              [38;2;15;15;15m[48;2;14;14;14m▀[0m[38;2;19;19;19m[48;2;58;58;58m▀[0m[38;2;60;60;60m[48;2;65;65;65m▀[0m[38;2;62;62;62m[48;2;27;27;27m▀[0m[38;2;60;60;60m[48;2;12;12;12m▀[0m[38;2;34;34;34m[48;2;12;12;12m▀[0m[38;2;5;5;5m▀[0m[38;2;30;30;30m[48;2;13;13;13m▀[0m[38;2;63;63;63m[48;2;15;15;15m▀[0m[38;2;49;49;49m[48;2;13;13;13m▀[0m[38;2;9;9;9m▀[0m[38;2;12;12;12m▀[0m              
              [38;2;15;15;15m▀[0m[38;2;15;15;15m▀[0m[38;2;16;16;16m▀[0m[38;2;15;15;15m▀[0m                      
[0m