       [38;2;139;74;139m▄[0m[38;2;139;74;139m[48;2;213;156;213m▀[0m[38;2;139;74;139m[48;2;213;156;213m▀[0m[38;2;139;74;139m[48;2;213;156;213m▀[0m[38;2;139;74;139m▄[0m                                    
      [38;2;139;74;139m[48;2;139;74;139m▀[0m[38;2;213;156;213m[48;2;180;115;189m▀[0m[38;2;213;156;213m[48;2;180;115;189m▀[0m[38;2;213;156;213m[48;2;180;115;189m▀[0m[38;2;180;115;189m[48;2;180;115;189m▀[0m[38;2;180;115;189m[48;2;180;115;189m▀[0m[38;2;139;74;139m[48;2;74;41;65m▀[0m                                   
     [38;2;139;74;139m[48;2;139;74;139m▀[0m[38;2;180;115;189m[48;2;180;115;189m▀[0m[38;2;180;115;189m[48;2;180;115;189m▀[0m[38;2;180;115;189m[48;2;74;41;65m▀[0m[38;2;74;41;65m[48;2;180;115;189m▀[0m[38;2;180;115;189m[48;2;74;41;65m▀[0m[38;2;139;74;139m[48;2;139;74;139m▀[0m[38;2;139;74;139m[48;2;139;74;139m▀[0m[38;2;74;41;65m[48;2;74;41;65m▀[0m                                  
    [38;2;139;74;139m▄[0m[38;2;139;74;139m[48;2;180;115;189m▀[0m[38;2;180;115;189m[48;2;180;115;189m▀[0m[38;2;180;115;189m[48;2;139;74;139m▀[0m[38;2;74;41;65m[48;2;74;41;65m▀[0m[38;2;180;115;189m[48;2;139;74;139m▀[0m[38;2;74;41;65m[48;2;139;74;139m▀[0m[38;2;139;74;139m[48;2;139;74;139m▀[0m[38;2;139;74;139m[48;2;74;41;65m▀[0m[38;2;16;16;16m▀[0m                                  
    [38;2;139;74;139m[48;2;139;74;139m▀[0m[38;2;180;115;189m[48;2;180;115;189m▀[0m[38;2;180;115;189m[48;2;180;115;189m▀[0m[38;2;16;16;16m[48;2;16;16;16m▀[0m[38;2;74;41;65m▀[0m[38;2;139;74;139m[48;2;16;16;16m▀[0m[38;2;139;74;139m[48;2;16;16;16m▀[0m[38;2;139;74;139m[48;2;16;16;16m▀[0m[38;2;16;16;16m▀[0m                                   
    [38;2;74;41;65m[48;2;74;41;65m▀[0m[38;2;180;115;189m[48;2;139;74;139m▀[0m[38;2;139;74;139m[48;2;139;74;139m▀[0m[38;2;16;16;16m[48;2;16;16;16m▀[0m                                        
    [38;2;74;41;65m[48;2;16;16;16m▀[0m[38;2;139;74;139m[48;2;139;74;139m▀[0m[38;2;139;74;139m[48;2;139;74;139m▀[0m[38;2;16;16;16m[48;2;16;16;16m▀[0m             [38;2;139;74;139m▄[0m[38;2;139;74;139m[48;2;213;156;213m▀[0m[38;2;139;74;139m[48;2;213;156;213m▀[0m[38;2;139;74;139m▄[0m         [38;2;139;74;139m▄[0m[38;2;139;74;139m[48;2;213;156;213m▀[0m[38;2;139;74;139m[48;2;213;156;213m▀[0m[38;2;139;74;139m▄[0m          
    [38;2;16;16;16m▀[0m[38;2;139;74;139m[48;2;16;16;16m▀[0m[38;2;139;74;139m[48;2;139;74;139m▀[0m[38;2;16;16;16m[48;2;16;16;16m▀[0m            [38;2;139;74;139m[48;2;139;74;139m▀[0m[38;2;213;156;213m[48;2;180;115;189m▀[0m[38;2;213;156;213m[48;2;180;115;189m▀[0m[38;2;180;115;189m[48;2;139;74;139m▀[0m[38;2;180;115;189m[48;2;139;74;139m▀[0m[38;2;74;41;65m[48;2;74;41;65m▀[0m[38;2;139;74;139m▄[0m[38;2;139;74;139m[48;2;213;156;213m▀[0m[38;2;139;74;139m[48;2;213;156;213m▀[0m[38;2;139;74;139m[48;2;213;156;213m▀[0m[38;2;180;115;189m[48;2;213;156;213m▀[0m[38;2;180;115;189m[48;2;213;156;213m▀[0m[38;2;180;115;189m▄[0m[38;2;74;41;65m[48;2;74;41;65m▀[0m[38;2;213;156;213m[48;2;213;156;213m▀[0m[38;2;213;156;213m[48;2;180;115;189m▀[0m[38;2;180;115;189m[48;2;139;74;139m▀[0m[38;2;180;115;189m[48;2;139;74;139m▀[0m[38;2;74;41;65m[48;2;74;41;65m▀[0m         
     [38;2;16;16;16m[48;2;16;16;16m▀[0m[38;2;139;74;139m[48;2;139;74;139m▀[0m[38;2;139;74;139m[48;2;139;74;139m▀[0m[38;2;16;16;16m[48;2;16;16;16m▀[0m          [38;2;139;74;139m[48;2;139;74;139m▀[0m[38;2;180;115;189m[48;2;180;115;189m▀[0m[38;2;180;115;189m[48;2;139;74;139m▀[0m[38;2;139;74;139m[48;2;139;74;139m▀[0m[38;2;139;74;139m[48;2;74;41;65m▀[0m[38;2;74;41;65m[48;2;213;156;213m▀[0m[38;2;213;156;213m[48;2;213;156;213m▀[0m[38;2;213;156;213m[48;2;213;156;213m▀[0m[38;2;213;156;213m[48;2;213;156;213m▀[0m[38;2;213;156;213m[48;2;213;156;213m▀[0m[38;2;213;156;213m[48;2;180;115;189m▀[0m[38;2;213;156;213m[48;2;139;74;139m▀[0m[38;2;180;115;189m[48;2;139;74;139m▀[0m[38;2;74;41;65m[48;2;74;41;65m▀[0m[38;2;180;115;189m[48;2;180;115;189m▀[0m[38;2;180;115;189m[48;2;139;74;139m▀[0m[38;2;139;74;139m[48;2;139;74;139m▀[0m[38;2;139;74;139m[48;2;139;74;139m▀[0m[38;2;139;74;139m[48;2;139;74;139m▀[0m[38;2;139;74;139m[48;2;139;74;139m▀[0m[38;2;74;41;65m[48;2;74;41;65m▀[0m        
      [38;2;16;16;16m[48;2;16;16;16m▀[0m[38;2;139;74;139m[48;2;139;74;139m▀[0m[38;2;16;16;16m[48;2;139;74;139m▀[0m[38;2;16;16;16m▄[0m         [38;2;74;41;65m[48;2;74;41;65m▀[0m[38;2;139;74;139m[48;2;139;74;139m▀[0m[38;2;139;74;139m[48;2;139;74;139m▀[0m[38;2;139;74;139m[48;2;74;41;65m▀[0m[38;2;74;41;65m[48;2;139;74;139m▀[0m[38;2;180;115;189m[48;2;139;74;139m▀[0m[38;2;213;156;213m[48;2;139;74;139m▀[0m[38;2;213;156;213m[48;2;139;74;139m▀[0m[38;2;180;115;189m[48;2;139;74;139m▀[0m[38;2;139;74;139m[48;2;139;74;139m▀[0m[38;2;139;74;139m[48;2;139;74;139m▀[0m[38;2;139;74;139m[48;2;139;74;139m▀[0m[38;2;139;74;139m[48;2;139;74;139m▀[0m[38;2;139;74;139m[48;2;139;74;139m▀[0m[38;2;139;74;139m[48;2;139;74;139m▀[0m[38;2;139;74;139m[48;2;139;74;139m▀[0m[38;2;139;74;139m[48;2;139;74;139m▀[0m[38;2;139;74;139m[48;2;139;74;139m▀[0m[38;2;139;74;139m[48;2;139;74;139m▀[0m[38;2;139;74;139m[48;2;139;74;139m▀[0m[38;2;16;16;16m[48;2;16;16;16m▀[0m[38;2;74;41;65m▄[0m       
       [38;2;16;16;16m[48;2;16;16;16m▀[0m[38;2;139;74;139m[48;2;139;74;139m▀[0m[38;2;16;16;16m[48;2;139;74;139m▀[0m[38;2;16;16;16m▄[0m  [38;2;74;41;65m▄[0m[38;2;139;74;139m▄[0m[38;2;139;74;139m[48;2;213;156;213m▀[0m[38;2;139;74;139m[48;2;213;156;213m▀[0m[38;2;74;41;65m[48;2;213;156;213m▀[0m[38;2;74;41;65m[48;2;213;156;213m▀[0m[38;2;139;74;139m▄[0m[38;2;74;41;65m[48;2;74;41;65m▀[0m[38;2;139;74;139m[48;2;74;41;65m▀[0m[38;2;74;41;65m[48;2;74;41;65m▀[0m[38;2;139;74;139m[48;2;139;74;139m▀[0m[38;2;139;74;139m[48;2;139;74;139m▀[0m[38;2;139;74;139m[48;2;139;74;139m▀[0m[38;2;139;74;139m[48;2;139;74;139m▀[0m[38;2;139;74;139m[48;2;139;74;139m▀[0m[38;2;139;74;139m[48;2;139;74;139m▀[0m[38;2;139;74;139m[48;2;139;74;139m▀[0m[38;2;139;74;139m[48;2;139;74;139m▀[0m[38;2;139;74;139m[48;2;139;74;139m▀[0m[38;2;139;74;139m[48;2;139;74;139m▀[0m[38;2;139;74;139m[48;2;139;74;139m▀[0m[38;2;139;74;139m[48;2;74;41;65m▀[0m[38;2;139;74;139m[48;2;139;74;139m▀[0m[38;2;139;74;139m[48;2;139;74;139m▀[0m[38;2;139;74;139m[48;2;139;74;139m▀[0m[38;2;139;74;139m[48;2;16;16;16m▀[0m[38;2;16;16;16m[48;2;98;74;8m▀[0m[38;2;139;74;139m[48;2;164;115;8m▀[0m[38;2;74;41;65m[48;2;164;115;8m▀[0m[38;2;164;115;8m[48;2;238;222;180m▀[0m[38;2;164;115;8m[48;2;238;222;180m▀[0m[38;2;164;115;8m[48;2;238;222;180m▀[0m[38;2;164;115;8m[48;2;238;222;180m▀[0m[38;2;164;115;8m[48;2;238;222;180m▀[0m[38;2;98;74;8m▄[0m
        [38;2;16;16;16m▀[0m[38;2;139;74;139m[48;2;16;16;16m▀[0m[38;2;139;74;139m[48;2;139;74;139m▀[0m[38;2;16;16;16m[48;2;139;74;139m▀[0m[38;2;74;41;65m[48;2;74;41;65m▀[0m[38;2;180;115;189m[48;2;139;74;139m▀[0m[38;2;213;156;213m[48;2;213;156;213m▀[0m[38;2;213;156;213m[48;2;213;156;213m▀[0m[38;2;213;156;213m[48;2;213;156;213m▀[0m[38;2;213;156;213m[48;2;213;156;213m▀[0m[38;2;213;156;213m[48;2;213;156;213m▀[0m[38;2;213;156;213m[48;2;213;156;213m▀[0m[38;2;180;115;189m[48;2;213;156;213m▀[0m[38;2;139;74;139m[48;2;180;115;189m▀[0m[38;2;139;74;139m[48;2;139;74;139m▀[0m[38;2;74;41;65m[48;2;139;74;139m▀[0m[38;2;74;41;65m[48;2;139;74;139m▀[0m[38;2;74;41;65m[48;2;139;74;139m▀[0m[38;2;139;74;139m[48;2;139;74;139m▀[0m[38;2;139;74;139m[48;2;139;74;139m▀[0m[38;2;139;74;139m[48;2;139;74;139m▀[0m[38;2;139;74;139m[48;2;139;74;139m▀[0m[38;2;139;74;139m[48;2;139;74;139m▀[0m[38;2;139;74;139m[48;2;139;74;139m▀[0m[38;2;139;74;139m[48;2;139;74;139m▀[0m[38;2;139;74;139m[48;2;139;74;139m▀[0m[38;2;139;74;139m[48;2;164;115;8m▀[0m[38;2;16;16;16m[48;2;205;172;98m▀[0m[38;2;16;16;16m[48;2;205;172;98m▀[0m[38;2;16;16;16m[48;2;205;172;98m▀[0m[38;2;205;172;98m[48;2;164;115;8m▀[0m[38;2;205;172;98m[48;2;98;74;8m▀[0m[38;2;238;222;180m[48;2;98;74;8m▀[0m[38;2;238;222;180m[48;2;98;74;8m▀[0m[38;2;238;222;180m[48;2;98;74;8m▀[0m[38;2;98;74;8m▀[0m[38;2;98;74;8m▀[0m[38;2;98;74;8m▀[0m[38;2;98;74;8m▀[0m[38;2;98;74;8m▀[0m
          [38;2;16;16;16m[48;2;16;16;16m▀[0m[38;2;139;74;139m[48;2;74;41;65m▀[0m[38;2;139;74;139m[48;2;139;74;139m▀[0m[38;2;139;74;139m[48;2;139;74;139m▀[0m[38;2;139;74;139m[48;2;139;74;139m▀[0m[38;2;180;115;189m[48;2;139;74;139m▀[0m[38;2;213;156;213m[48;2;139;74;139m▀[0m[38;2;213;156;213m[48;2;139;74;139m▀[0m[38;2;213;156;213m[48;2;139;74;139m▀[0m[38;2;180;115;189m[48;2;139;74;139m▀[0m[38;2;139;74;139m[48;2;139;74;139m▀[0m[38;2;139;74;139m[48;2;139;74;139m▀[0m[38;2;139;74;139m[48;2;139;74;139m▀[0m[38;2;139;74;139m[48;2;139;74;139m▀[0m[38;2;139;74;139m[48;2;139;74;139m▀[0m[38;2;139;74;139m[48;2;139;74;139m▀[0m[38;2;139;74;139m[48;2;139;74;139m▀[0m[38;2;139;74;139m[48;2;139;74;139m▀[0m[38;2;139;74;139m[48;2;139;74;139m▀[0m[38;2;139;74;139m[48;2;139;74;139m▀[0m[38;2;139;74;139m[48;2;139;74;139m▀[0m[38;2;139;74;139m[48;2;139;74;139m▀[0m[38;2;139;74;139m[48;2;139;74;139m▀[0m[38;2;164;115;8m[48;2;164;115;8m▀[0m[38;2;205;172;98m[48;2;205;172;98m▀[0m[38;2;205;172;98m[48;2;205;172;98m▀[0m[38;2;205;172;98m[48;2;205;172;98m▀[0m[38;2;205;172;98m[48;2;205;172;98m▀[0m[38;2;205;172;98m[48;2;98;74;8m▀[0m[38;2;16;16;16m[48;2;255;255;255m▀[0m[38;2;16;16;16m[48;2;16;16;16m▀[0m       
         [38;2;74;41;65m▄[0m[38;2;16;16;16m[48;2;139;74;139m▀[0m[38;2;139;74;139m[48;2;139;74;139m▀[0m[38;2;139;74;139m[48;2;139;74;139m▀[0m[38;2;139;74;139m[48;2;139;74;139m▀[0m[38;2;139;74;139m[48;2;139;74;139m▀[0m[38;2;139;74;139m[48;2;139;74;139m▀[0m[38;2;139;74;139m[48;2;139;74;139m▀[0m[38;2;139;74;139m[48;2;139;74;139m▀[0m[38;2;139;74;139m[48;2;139;74;139m▀[0m[38;2;139;74;139m[48;2;139;74;139m▀[0m[38;2;139;74;139m[48;2;139;74;139m▀[0m[38;2;139;74;139m[48;2;139;74;139m▀[0m[38;2;139;74;139m[48;2;139;74;139m▀[0m[38;2;139;74;139m[48;2;139;74;139m▀[0m[38;2;139;74;139m[48;2;139;74;139m▀[0m[38;2;139;74;139m[48;2;139;74;139m▀[0m[38;2;139;74;139m[48;2;139;74;139m▀[0m[38;2;139;74;139m[48;2;139;74;139m▀[0m[38;2;139;74;139m[48;2;139;74;139m▀[0m[38;2;139;74;139m[48;2;139;74;139m▀[0m[38;2;139;74;139m[48;2;139;74;139m▀[0m[38;2;139;74;139m[48;2;139;74;139m▀[0m[38;2;74;41;65m[48;2;139;74;139m▀[0m[38;2;205;172;98m[48;2;74;41;65m▀[0m[38;2;205;172;98m[48;2;205;172;98m▀[0m[38;2;205;172;98m[48;2;205;172;98m▀[0m[38;2;205;172;98m[48;2;205;172;98m▀[0m[38;2;98;74;8m[48;2;16;16;16m▀[0m[38;2;255;255;255m[48;2;90;90;90m▀[0m[38;2;255;255;255m[48;2;255;255;255m▀[0m[38;2;90;90;90m[48;2;90;90;90m▀[0m       
      [38;2;74;41;65m▄[0m[38;2;74;41;65m▄[0m[38;2;74;41;65m[48;2;139;74;139m▀[0m[38;2;74;41;65m[48;2;139;74;139m▀[0m[38;2;139;74;139m[48;2;139;74;139m▀[0m[38;2;74;41;65m[48;2;74;41;65m▀[0m[38;2;164;115;8m[48;2;205;172;98m▀[0m[38;2;164;115;8m[48;2;205;172;98m▀[0m[38;2;139;74;139m[48;2;164;115;8m▀[0m[38;2;139;74;139m[48;2;164;115;8m▀[0m[38;2;74;41;65m[48;2;74;41;65m▀[0m[38;2;139;74;139m[48;2;139;74;139m▀[0m[38;2;139;74;139m[48;2;139;74;139m▀[0m[38;2;139;74;139m[48;2;139;74;139m▀[0m[38;2;139;74;139m[48;2;139;74;139m▀[0m[38;2;139;74;139m[48;2;139;74;139m▀[0m[38;2;139;74;139m[48;2;139;74;139m▀[0m[38;2;139;74;139m[48;2;74;41;65m▀[0m[38;2;139;74;139m[48;2;164;115;8m▀[0m[38;2;139;74;139m[48;2;164;115;8m▀[0m[38;2;139;74;139m[48;2;74;41;65m▀[0m[38;2;139;74;139m[48;2;139;74;139m▀[0m[38;2;139;74;139m[48;2;139;74;139m▀[0m[38;2;139;74;139m[48;2;139;74;139m▀[0m[38;2;139;74;139m[48;2;139;74;139m▀[0m[38;2;139;74;139m[48;2;139;74;139m▀[0m[38;2;139;74;139m[48;2;139;74;139m▀[0m[38;2;139;74;139m[48;2;139;74;139m▀[0m[38;2;74;41;65m[48;2;74;41;65m▀[0m[38;2;205;172;98m[48;2;205;172;98m▀[0m[38;2;16;16;16m[48;2;16;16;16m▀[0m [38;2;90;90;90m▀[0m[38;2;16;16;16m▀[0m        
    [38;2;74;41;65m▄[0m[38;2;74;41;65m[48;2;139;74;139m▀[0m[38;2;139;74;139m[48;2;230;90;115m▀[0m[38;2;139;74;139m[48;2;139;74;139m▀[0m[38;2;139;74;139m[48;2;139;74;139m▀[0m[38;2;139;74;139m[48;2;139;74;139m▀[0m[38;2;139;74;139m[48;2;139;74;139m▀[0m[38;2;74;41;65m[48;2;139;74;139m▀[0m[38;2;205;172;98m[48;2;16;16;16m▀[0m[38;2;205;172;98m[48;2;205;172;98m▀[0m[38;2;205;172;98m[48;2;205;172;98m▀[0m[38;2;205;172;98m[48;2;74;41;65m▀[0m[38;2;74;41;65m[48;2;139;74;139m▀[0m[38;2;139;74;139m[48;2;139;74;139m▀[0m[38;2;139;74;139m[48;2;139;74;139m▀[0m[38;2;139;74;139m[48;2;139;74;139m▀[0m[38;2;139;74;139m[48;2;139;74;139m▀[0m[38;2;139;74;139m[48;2;139;74;139m▀[0m[38;2;139;74;139m[48;2;139;74;139m▀[0m[38;2;74;41;65m[48;2;74;41;65m▀[0m[38;2;205;172;98m[48;2;205;172;98m▀[0m[38;2;205;172;98m[48;2;16;16;16m▀[0m[38;2;205;172;98m[48;2;16;16;16m▀[0m[38;2;74;41;65m[48;2;16;16;16m▀[0m[38;2;139;74;139m[48;2;16;16;16m▀[0m[38;2;139;74;139m[48;2;139;74;139m▀[0m[38;2;139;74;139m[48;2;139;74;139m▀[0m[38;2;139;74;139m[48;2;139;74;139m▀[0m[38;2;139;74;139m[48;2;139;74;139m▀[0m[38;2;139;74;139m[48;2;139;74;139m▀[0m[38;2;180;115;189m[48;2;180;115;189m▀[0m[38;2;74;41;65m[48;2;180;115;189m▀[0m[38;2;16;16;16m▄[0m           
  [38;2;98;74;8m▄[0m[38;2;98;74;8m[48;2;205;172;98m▀[0m[38;2;139;74;139m[48;2;139;74;139m▀[0m[38;2;230;90;115m[48;2;139;74;139m▀[0m[38;2;230;90;115m[48;2;139;74;139m▀[0m[38;2;139;74;139m[48;2;139;74;139m▀[0m[38;2;139;74;139m[48;2;16;16;16m▀[0m[38;2;139;74;139m[48;2;16;16;16m▀[0m[38;2;139;74;139m[48;2;16;16;16m▀[0m[38;2;139;74;139m[48;2;16;16;16m▀[0m[38;2;139;74;139m[48;2;16;16;16m▀[0m[38;2;16;16;16m[48;2;16;16;16m▀[0m[38;2;74;41;65m[48;2;139;74;139m▀[0m[38;2;74;41;65m[48;2;139;74;139m▀[0m[38;2;139;74;139m[48;2;139;74;139m▀[0m[38;2;139;74;139m[48;2;139;74;139m▀[0m[38;2;139;74;139m[48;2;139;74;139m▀[0m[38;2;139;74;139m[48;2;139;74;139m▀[0m[38;2;139;74;139m[48;2;139;74;139m▀[0m[38;2;139;74;139m[48;2;139;74;139m▀[0m[38;2;74;41;65m[48;2;16;16;16m▀[0m[38;2;16;16;16m[48;2;139;74;139m▀[0m[38;2;16;16;16m[48;2;139;74;139m▀[0m[38;2;139;74;139m[48;2;139;74;139m▀[0m[38;2;74;41;65m[48;2;74;41;65m▀[0m[38;2;98;74;8m▄[0m [38;2;16;16;16m▀[0m[38;2;16;16;16m▀[0m[38;2;139;74;139m[48;2;16;16;16m▀[0m[38;2;139;74;139m[48;2;139;74;139m▀[0m[38;2;139;74;139m[48;2;139;74;139m▀[0m[38;2;139;74;139m[48;2;139;74;139m▀[0m[38;2;180;115;189m[48;2;139;74;139m▀[0m[38;2;74;41;65m[48;2;139;74;139m▀[0m[38;2;98;74;8m[48;2;205;172;98m▀[0m[38;2;98;74;8m[48;2;238;222;180m▀[0m[38;2;98;74;8m▄[0m        
[38;2;98;74;8m[48;2;16;16;16m▀[0m[38;2;98;74;8m[48;2;238;222;180m▀[0m[38;2;205;172;98m[48;2;238;222;180m▀[0m[38;2;238;222;180m[48;2;98;74;8m▀[0m[38;2;139;74;139m[48;2;238;222;180m▀[0m[38;2;139;74;139m[48;2;205;172;98m▀[0m[38;2;139;74;139m[48;2;16;16;16m▀[0m[38;2;16;16;16m▀[0m    [38;2;16;16;16m[48;2;16;16;16m▀[0m[38;2;139;74;139m[48;2;139;74;139m▀[0m[38;2;139;74;139m[48;2;139;74;139m▀[0m[38;2;139;74;139m[48;2;139;74;139m▀[0m[38;2;139;74;139m[48;2;139;74;139m▀[0m[38;2;139;74;139m[48;2;139;74;139m▀[0m[38;2;139;74;139m[48;2;16;16;16m▀[0m[38;2;139;74;139m[48;2;16;16;16m▀[0m[38;2;139;74;139m[48;2;16;16;16m▀[0m[38;2;16;16;16m▀[0m[38;2;74;41;65m▀[0m[38;2;74;41;65m[48;2;16;16;16m▀[0m[38;2;139;74;139m[48;2;205;172;98m▀[0m[38;2;139;74;139m[48;2;205;172;98m▀[0m[38;2;205;172;98m[48;2;98;74;8m▀[0m[38;2;205;172;98m[48;2;16;16;16m▀[0m[38;2;16;16;16m[48;2;16;16;16m▀[0m   [38;2;16;16;16m▀[0m[38;2;16;16;16m▀[0m[38;2;139;74;139m[48;2;16;16;16m▀[0m[38;2;139;74;139m[48;2;205;172;98m▀[0m[38;2;205;172;98m[48;2;205;172;98m▀[0m[38;2;205;172;98m[48;2;98;74;8m▀[0m[38;2;98;74;8m[48;2;238;222;180m▀[0m[38;2;16;16;16m[48;2;205;172;98m▀[0m[38;2;98;74;8m▄[0m       
 [38;2;16;16;16m▀[0m[38;2;16;16;16m▀[0m[38;2;205;172;98m[48;2;16;16;16m▀[0m[38;2;205;172;98m[48;2;16;16;16m▀[0m[38;2;16;16;16m▀[0m     [38;2;16;16;16m[48;2;16;16;16m▀[0m[38;2;139;74;139m[48;2;139;74;139m▀[0m[38;2;230;90;115m[48;2;230;90;115m▀[0m[38;2;139;74;139m[48;2;139;74;139m▀[0m[38;2;139;74;139m[48;2;139;74;139m▀[0m[38;2;139;74;139m[48;2;16;16;16m▀[0m[38;2;16;16;16m▀[0m      [38;2;16;16;16m▀[0m[38;2;16;16;16m▀[0m[38;2;16;16;16m▀[0m        [38;2;16;16;16m▀[0m[38;2;16;16;16m▀[0m[38;2;205;172;98m[48;2;16;16;16m▀[0m[38;2;98;74;8m[48;2;16;16;16m▀[0m[38;2;16;16;16m▀[0m[38;2;16;16;16m▀[0m       
           [38;2;16;16;16m▀[0m[38;2;139;74;139m[48;2;16;16;16m▀[0m[38;2;139;74;139m[48;2;205;172;98m▀[0m[38;2;139;74;139m[48;2;205;172;98m▀[0m[38;2;205;172;98m[48;2;164;115;8m▀[0m[38;2;98;74;8m[48;2;205;172;98m▀[0m[38;2;98;74;8m▄[0m                              
             [38;2;16;16;16m▀[0m[38;2;16;16;16m▀[0m[38;2;98;74;8m[48;2;16;16;16m▀[0m[38;2;164;115;8m[48;2;16;16;16m▀[0m[38;2;98;74;8m[48;2;16;16;16m▀[0m                              
[0m