                   [38;2;0;0;0m[48;2;0;0;0m▀[0m[38;2;0;0;0m[48;2;20;4;2m▀[0m[38;2;60;26;36m[48;2;133;57;77m▀[0m[38;2;57;14;26m[48;2;211;81;118m▀[0m[38;2;157;47;78m[48;2;168;61;91m▀[0m[38;2;255;42;85m[48;2;22;1;8m▀[0m[38;2;0;0;0m▄[0m         [38;2;62;18;18m[48;2;28;9;9m▀[0m[38;2;45;15;20m[48;2;55;16;12m▀[0m [38;2;43;8;12m▄[0m[38;2;50;15;15m▄[0m
                   [38;2;0;0;0m[48;2;0;0;0m▀[0m[38;2;50;11;4m[48;2;7;1;0m▀[0m[38;2;23;5;4m[48;2;55;12;7m▀[0m[38;2;187;70;100m[48;2;31;7;7m▀[0m[38;2;49;12;12m[48;2;39;8;3m▀[0m[38;2;17;4;2m[48;2;10;2;0m▀[0m[38;2;0;0;0m[48;2;0;0;0m▀[0m      [38;2;0;0;0m▄[0m[38;2;3;1;0m▄[0m[38;2;5;0;0m▄[0m[38;2;0;0;0m[48;2;0;0;0m▀[0m[38;2;59;12;6m[48;2;85;26;27m▀[0m[38;2;13;2;4m[48;2;161;69;91m▀[0m[38;2;74;36;24m[48;2;24;8;4m▀[0m[38;2;63;25;20m[48;2;23;10;6m▀[0m
                    [38;2;0;0;0m▀[0m[38;2;41;8;4m[48;2;5;0;1m▀[0m[38;2;33;7;3m[48;2;59;13;6m▀[0m[38;2;33;7;3m[48;2;0;0;0m▀[0m[38;2;0;0;0m▀[0m  [38;2;0;0;0m▄[0m[38;2;0;0;0m▄[0m[38;2;0;0;0m▄[0m  [38;2;0;0;0m[48;2;105;30;45m▀[0m[38;2;18;4;1m[48;2;48;7;15m▀[0m[38;2;89;16;14m[48;2;117;43;59m▀[0m[38;2;170;0;85m[48;2;123;47;65m▀[0m[38;2;2;1;1m[48;2;45;8;2m▀[0m[38;2;59;15;11m[48;2;51;11;5m▀[0m[38;2;25;4;2m[48;2;0;0;0m▀[0m[38;2;0;0;0m▀[0m
                     [38;2;4;0;0m[48;2;2;0;0m▀[0m[38;2;21;4;1m[48;2;21;3;1m▀[0m[38;2;98;24;31m[48;2;131;52;64m▀[0m[38;2;150;37;71m[48;2;125;42;68m▀[0m[38;2;0;0;0m▀[0m[38;2;0;0;0m[48;2;23;3;3m▀[0m[38;2;59;13;6m[48;2;44;10;5m▀[0m[38;2;17;3;2m[48;2;14;2;0m▀[0m[38;2;0;0;0m▀[0m  [38;2;45;15;15m[48;2;0;0;0m▀[0m[38;2;74;29;43m[48;2;47;16;24m▀[0m[38;2;226;92;128m[48;2;100;31;46m▀[0m[38;2;72;24;33m[48;2;43;8;2m▀[0m[38;2;56;11;3m[48;2;3;0;0m▀[0m[38;2;15;3;1m[48;2;0;0;0m▀[0m[38;2;0;0;0m[48;2;0;0;0m▀[0m[38;2;40;0;0m▄[0m
                     [38;2;8;2;2m▀[0m[38;2;32;7;3m[48;2;0;0;0m▀[0m[38;2;11;1;0m[48;2;20;4;1m▀[0m[38;2;34;6;1m[48;2;28;6;3m▀[0m[38;2;0;0;0m[48;2;43;10;4m▀[0m[38;2;48;11;4m[48;2;8;2;1m▀[0m[38;2;36;8;3m[48;2;8;2;0m▀[0m[38;2;73;14;33m[48;2;101;23;45m▀[0m[38;2;104;13;41m[48;2;199;75;110m▀[0m[38;2;58;10;24m▄[0m[38;2;0;0;0m[48;2;31;6;1m▀[0m[38;2;0;0;0m[48;2;57;12;6m▀[0m[38;2;32;6;2m[48;2;73;17;11m▀[0m[38;2;51;9;3m[48;2;67;16;11m▀[0m[38;2;76;32;20m[48;2;70;27;17m▀[0m[38;2;52;31;18m[48;2;38;22;14m▀[0m[38;2;41;17;9m[48;2;29;12;6m▀[0m[38;2;79;61;32m[48;2;101;69;38m▀[0m[38;2;100;55;30m[48;2;137;97;53m▀[0m
                       [38;2;0;0;0m▀[0m[38;2;0;0;0m▀[0m[38;2;17;3;2m[48;2;0;0;0m▀[0m[38;2;64;14;7m[48;2;25;5;3m▀[0m[38;2;28;6;1m[48;2;84;18;8m▀[0m[38;2;135;43;64m[48;2;19;4;2m▀[0m[38;2;214;71;107m[48;2;192;65;97m▀[0m[38;2;81;23;41m[48;2;109;49;64m▀[0m[38;2;40;8;1m[48;2;53;9;3m▀[0m[38;2;68;15;8m[48;2;12;2;2m▀[0m[38;2;6;2;1m▀[0m[38;2;5;2;1m▀[0m[38;2;12;0;3m▀[0m[38;2;0;0;0m▀[0m[38;2;0;0;0m▀[0m[38;2;10;0;0m▀[0m 
                      [38;2;0;0;0m▄[0m[38;2;5;3;2m▄[0m[38;2;9;7;3m▄[0m[38;2;0;0;0m[48;2;7;4;2m▀[0m[38;2;16;3;1m[48;2;0;0;0m▀[0m[38;2;58;12;6m[48;2;41;8;4m▀[0m[38;2;30;9;8m[48;2;31;7;5m▀[0m[38;2;177;73;102m[48;2;102;31;53m▀[0m[38;2;19;1;0m[48;2;33;7;2m▀[0m[38;2;54;12;6m[48;2;28;7;3m▀[0m[38;2;8;2;0m[48;2;0;0;0m▀[0m[38;2;0;0;0m▄[0m[38;2;0;0;0m▄[0m[38;2;42;0;0m▄[0m[38;2;92;46;46m▄[0m   
                      [38;2;0;0;0m▀[0m[38;2;46;33;18m[48;2;0;0;0m▀[0m[38;2;124;91;49m[48;2;49;35;19m▀[0m[38;2;112;83;44m[48;2;126;93;50m▀[0m[38;2;30;22;12m[48;2;143;104;57m▀[0m[38;2;43;16;8m[48;2;56;43;24m▀[0m[38;2;70;14;7m[48;2;20;0;0m▀[0m[38;2;16;2;0m[48;2;11;1;2m▀[0m[38;2;82;17;9m[48;2;57;14;10m▀[0m[38;2;23;2;1m[48;2;47;28;15m▀[0m[38;2;22;17;9m[48;2;119;88;47m▀[0m[38;2;29;22;12m[48;2;129;95;52m▀[0m[38;2;53;33;20m[48;2;133;97;53m▀[0m[38;2;87;51;33m[48;2;86;63;34m▀[0m[38;2;50;25;18m[48;2;5;5;1m▀[0m   
                        [38;2;0;0;0m▀[0m[38;2;33;24;12m[48;2;0;0;0m▀[0m[38;2;38;28;15m[48;2;27;20;11m▀[0m[38;2;15;11;6m[48;2;116;86;47m▀[0m[38;2;65;49;27m[48;2;125;91;50m▀[0m[38;2;99;71;40m[48;2;129;94;51m▀[0m[38;2;55;39;23m[48;2;119;86;47m▀[0m[38;2;77;57;32m[48;2;103;74;40m▀[0m[38;2;133;97;52m[48;2;96;71;39m▀[0m[38;2;127;93;51m[48;2;16;10;7m▀[0m[38;2;83;60;33m[48;2;2;2;2m▀[0m[38;2;10;6;4m▀[0m    
                         [38;2;12;10;5m[48;2;14;10;6m▀[0m[38;2;70;52;28m[48;2;130;95;52m▀[0m[38;2;128;94;52m[48;2;123;90;49m▀[0m[38;2;123;90;49m[48;2;123;90;49m▀[0m[38;2;124;91;50m[48;2;123;90;49m▀[0m[38;2;120;84;46m[48;2;124;92;50m▀[0m[38;2;65;44;24m[48;2;114;78;43m▀[0m[38;2;37;21;12m[48;2;179;120;52m▀[0m[38;2;136;80;26m[48;2;178;152;117m▀[0m[38;2;65;29;29m[48;2;30;8;7m▀[0m[38;2;75;34;27m▄[0m    
                        [38;2;0;0;0m[48;2;0;0;0m▀[0m[38;2;20;15;8m[48;2;110;80;44m▀[0m[38;2;125;92;50m[48;2;125;91;50m▀[0m[38;2;123;90;49m[48;2;123;90;49m▀[0m[38;2;123;90;49m[48;2;123;90;49m▀[0m[38;2;123;90;49m[48;2;123;90;49m▀[0m[38;2;118;88;49m[48;2;117;87;49m▀[0m[38;2;172;115;42m[48;2;189;128;43m▀[0m[38;2;228;154;51m[48;2;182;134;70m▀[0m[38;2;128;108;80m[48;2;219;193;104m▀[0m[38;2;60;44;23m[48;2;224;200;108m▀[0m[38;2;89;53;33m[48;2;171;141;76m▀[0m[38;2;61;28;21m[48;2;135;102;56m▀[0m[38;2;72;36;36m[48;2;55;18;15m▀[0m[38;2;85;42;42m[48;2;35;9;9m▀[0m 
                       [38;2;0;0;0m▄[0m[38;2;0;0;0m[48;2;67;50;27m▀[0m[38;2;110;81;44m[48;2;123;90;49m▀[0m[38;2;125;91;50m[48;2;124;90;49m▀[0m[38;2;123;90;49m[48;2;123;90;49m▀[0m[38;2;123;90;49m[48;2;123;90;49m▀[0m[38;2;123;90;49m[48;2;123;90;49m▀[0m[38;2;117;87;49m[48;2;122;91;50m▀[0m[38;2;191;130;43m[48;2;127;83;39m▀[0m[38;2;180;134;73m[48;2;193;130;49m▀[0m[38;2;223;198;108m[48;2;201;166;93m▀[0m[38;2;227;202;108m[48;2;145;130;70m▀[0m[38;2;238;212;114m[48;2;62;55;29m▀[0m[38;2;220;190;103m[48;2;130;104;56m▀[0m[38;2;65;33;17m[48;2;31;25;13m▀[0m[38;2;0;0;0m[48;2;0;0;0m▀[0m 
                      [38;2;0;0;0m▄[0m[38;2;0;0;0m[48;2;33;24;13m▀[0m[38;2;87;64;34m[48;2;102;75;41m▀[0m[38;2;129;95;51m[48;2;126;93;50m▀[0m[38;2;123;90;49m[48;2;123;90;49m▀[0m[38;2;123;90;49m[48;2;123;90;49m▀[0m[38;2;123;90;49m[48;2;123;90;49m▀[0m[38;2;123;90;49m[48;2;123;90;49m▀[0m[38;2;130;95;52m[48;2;129;95;52m▀[0m[38;2;42;31;18m[48;2;64;41;23m▀[0m[38;2;17;10;2m[48;2;0;0;0m▀[0m[38;2;15;11;7m▀[0m[38;2;10;8;4m▀[0m[38;2;0;0;0m▀[0m[38;2;40;13;13m▀[0m[38;2;0;0;0m▀[0m  
                    [38;2;0;0;0m▄[0m[38;2;27;0;9m▄[0m[38;2;0;0;0m[48;2;34;25;13m▀[0m[38;2;59;43;23m[48;2;117;86;47m▀[0m[38;2;133;97;53m[48;2;124;91;50m▀[0m[38;2;123;90;49m[48;2;123;90;49m▀[0m[38;2;123;90;49m[48;2;123;90;49m▀[0m[38;2;123;90;49m[48;2;123;90;49m▀[0m[38;2;123;90;49m[48;2;123;90;49m▀[0m[38;2;124;91;50m[48;2;124;92;50m▀[0m[38;2;113;78;43m[48;2;104;67;37m▀[0m[38;2;157;121;66m[48;2;180;149;81m▀[0m[38;2;116;78;43m[48;2;212;184;99m▀[0m[38;2;116;84;45m▄[0m      
       [38;2;0;0;0m▄[0m[38;2;0;0;0m▄[0m[38;2;31;11;9m▄[0m[38;2;65;29;23m▄[0m[38;2;60;26;21m▄[0m   [38;2;93;8;34m▄[0m[38;2;111;15;41m▄[0m[38;2;71;25;25m▄[0m[38;2;53;20;20m[48;2;92;60;36m▀[0m[38;2;49;15;19m[48;2;95;61;37m▀[0m[38;2;75;42;29m[48;2;115;81;45m▀[0m[38;2;85;52;33m[48;2;127;94;51m▀[0m[38;2;123;90;49m[48;2;124;91;50m▀[0m[38;2;120;86;47m[48;2;116;82;45m▀[0m[38;2;121;87;48m[48;2;108;70;39m▀[0m[38;2;123;91;49m[48;2;123;89;49m▀[0m[38;2;123;90;49m[48;2;123;90;49m▀[0m[38;2;123;90;49m[48;2;123;90;49m▀[0m[38;2;123;90;49m[48;2;124;91;49m▀[0m[38;2;124;91;50m[48;2;118;84;46m▀[0m[38;2;115;78;44m[48;2;130;90;53m▀[0m[38;2;184;153;83m[48;2;207;176;98m▀[0m[38;2;228;204;109m[48;2;227;203;109m▀[0m[38;2;149;117;64m[48;2;220;193;105m▀[0m[38;2;121;79;49m[48;2;199;165;91m▀[0m[38;2;133;95;53m[48;2;100;79;43m▀[0m[38;2;153;102;51m[48;2;55;44;22m▀[0m   
  [38;2;0;0;0m▄[0m[38;2;0;0;0m[48;2;7;2;2m▀[0m[38;2;0;0;0m[48;2;47;35;19m▀[0m[38;2;1;1;0m[48;2;120;87;47m▀[0m[38;2;1;1;0m[48;2;115;84;46m▀[0m[38;2;85;62;34m[48;2;127;93;50m▀[0m[38;2;92;68;37m[48;2;119;85;47m▀[0m[38;2;103;72;41m[48;2;127;93;50m▀[0m[38;2;115;79;45m[48;2;125;92;50m▀[0m[38;2;101;66;39m[48;2;125;91;50m▀[0m[38;2;35;16;12m[48;2;118;86;47m▀[0m[38;2;1;1;0m[48;2;113;84;44m▀[0m[38;2;99;17;40m[48;2;185;73;88m▀[0m[38;2;158;50;81m[48;2;232;110;143m▀[0m[38;2;228;97;140m[48;2;184;105;99m▀[0m[38;2;138;81;65m[48;2;123;92;48m▀[0m[38;2;124;93;49m[48;2;242;106;143m▀[0m[38;2;126;93;50m[48;2;215;108;125m▀[0m[38;2;123;91;48m[48;2;128;91;53m▀[0m[38;2;123;90;49m[48;2;122;90;48m▀[0m[38;2;123;90;49m[48;2;123;90;49m▀[0m[38;2;124;92;50m[48;2;123;90;49m▀[0m[38;2;118;83;46m[48;2;124;91;49m▀[0m[38;2;107;69;39m[48;2;121;88;48m▀[0m[38;2;123;90;49m[48;2;123;90;49m▀[0m[38;2;123;90;49m[48;2;124;91;49m▀[0m[38;2;124;91;49m[48;2;124;91;49m▀[0m[38;2;115;81;44m[48;2;115;81;44m▀[0m[38;2;122;80;47m[48;2;124;82;48m▀[0m[38;2;176;138;82m[48;2;166;125;76m▀[0m[38;2;216;189;102m[48;2;168;128;76m▀[0m[38;2;233;207;111m[48;2;134;101;56m▀[0m[38;2;151;135;72m[48;2;92;67;36m▀[0m[38;2;27;25;15m▀[0m[38;2;0;0;0m▀[0m   
[38;2;0;0;0m▄[0m[38;2;0;0;0m[48;2;39;28;16m▀[0m[38;2;35;25;13m[48;2;118;86;47m▀[0m[38;2;89;58;35m[48;2;130;96;52m▀[0m[38;2;127;93;51m[48;2;124;91;49m▀[0m[38;2;124;91;49m[48;2;123;90;49m▀[0m[38;2;124;91;50m[48;2;123;90;49m▀[0m[38;2;101;67;39m[48;2;41;25;16m▀[0m[38;2;98;65;38m[48;2;127;94;51m▀[0m[38;2;125;92;50m[48;2;123;90;49m▀[0m[38;2;123;90;49m[48;2;123;90;49m▀[0m[38;2;123;90;49m[48;2;123;90;49m▀[0m[38;2;124;91;49m[48;2;123;90;49m▀[0m[38;2;124;91;49m[48;2;123;90;49m▀[0m[38;2;122;91;48m[48;2;123;90;49m▀[0m[38;2;120;90;46m[48;2;123;90;49m▀[0m[38;2;121;89;47m[48;2;123;90;49m▀[0m[38;2;123;89;48m[48;2;123;90;49m▀[0m[38;2;176;80;83m[48;2;118;91;46m▀[0m[38;2;206;108;122m[48;2;116;88;43m▀[0m[38;2;155;96;76m[48;2;120;89;47m▀[0m[38;2;118;89;46m[48;2;123;90;49m▀[0m[38;2;123;90;49m[48;2;123;90;49m▀[0m[38;2;123;90;49m[48;2;123;90;49m▀[0m[38;2;123;90;49m[48;2;123;90;49m▀[0m[38;2;123;90;49m[48;2;123;90;49m▀[0m[38;2;123;91;49m[48;2;124;92;50m▀[0m[38;2;117;82;45m[48;2;107;68;38m▀[0m[38;2;121;88;47m[48;2;115;80;45m▀[0m[38;2;114;80;44m[48;2;136;97;47m▀[0m[38;2;121;80;49m[48;2;155;100;40m▀[0m[38;2;170;129;77m[48;2;150;109;67m▀[0m[38;2;148;105;63m[48;2;106;66;38m▀[0m[38;2;150;111;67m[48;2;67;50;30m▀[0m[38;2;48;36;22m[48;2;49;36;21m▀[0m[38;2;0;0;0m[48;2;0;0;0m▀[0m    
[38;2;20;16;8m[48;2;1;0;0m▀[0m[38;2;109;80;44m[48;2;2;1;1m▀[0m[38;2;116;86;46m[48;2;12;6;4m▀[0m[38;2;108;78;43m[48;2;15;10;6m▀[0m[38;2;91;58;35m[48;2;122;87;48m▀[0m[38;2;134;99;53m[48;2;97;68;38m▀[0m[38;2;44;32;18m[48;2;41;27;15m▀[0m[38;2;95;70;38m[48;2;117;87;47m▀[0m[38;2;124;91;49m[48;2;125;92;50m▀[0m[38;2;123;90;49m[48;2;123;90;49m▀[0m[38;2;123;90;49m[48;2;123;90;49m▀[0m[38;2;123;90;49m[48;2;123;90;49m▀[0m[38;2;123;90;49m[48;2;123;90;49m▀[0m[38;2;123;90;49m[48;2;123;90;49m▀[0m[38;2;123;90;49m[48;2;123;90;49m▀[0m[38;2;123;90;49m[48;2;123;90;49m▀[0m[38;2;123;90;49m[48;2;123;90;49m▀[0m[38;2;123;90;49m[48;2;119;87;49m▀[0m[38;2;123;90;49m[48;2;118;87;49m▀[0m[38;2;123;90;49m[48;2;123;90;49m▀[0m[38;2;123;90;49m[48;2;123;90;49m▀[0m[38;2;123;90;49m[48;2;123;90;49m▀[0m[38;2;123;90;49m[48;2;123;90;49m▀[0m[38;2;123;90;49m[48;2;123;90;49m▀[0m[38;2;123;90;49m[48;2;123;90;49m▀[0m[38;2;123;90;49m[48;2;123;90;49m▀[0m[38;2;123;90;49m[48;2;123;90;49m▀[0m[38;2;121;87;48m[48;2;124;91;50m▀[0m[38;2;118;86;47m[48;2;111;69;36m▀[0m[38;2;155;110;49m[48;2;204;137;45m▀[0m[38;2;172;111;37m[48;2;78;59;37m▀[0m[38;2;125;88;55m[48;2;0;0;0m▀[0m[38;2;40;29;17m[48;2;0;0;0m▀[0m[38;2;0;0;0m▀[0m[38;2;0;0;0m▀[0m     
 [38;2;0;0;0m[48;2;0;0;0m▀[0m[38;2;45;22;17m[48;2;43;21;16m▀[0m[38;2;12;7;4m[48;2;48;22;17m▀[0m[38;2;79;56;32m[48;2;87;56;36m▀[0m[38;2;50;33;22m[48;2;87;67;40m▀[0m[38;2;68;39;21m[48;2;63;35;20m▀[0m[38;2;113;73;40m[48;2;98;55;31m▀[0m[38;2;115;79;43m[48;2;106;68;37m▀[0m[38;2;124;91;50m[48;2;124;92;50m▀[0m[38;2;123;90;49m[48;2;123;90;49m▀[0m[38;2;123;90;49m[48;2;123;91;49m▀[0m[38;2;123;90;49m[48;2;123;90;49m▀[0m[38;2;123;90;49m[48;2;123;90;49m▀[0m[38;2;125;92;50m[48;2;85;54;34m▀[0m[38;2;122;89;49m[48;2;146;103;47m▀[0m[38;2;116;86;49m[48;2;199;133;41m▀[0m[38;2;164;113;45m[48;2;187;132;61m▀[0m[38;2;169;116;44m[48;2;187;133;63m▀[0m[38;2;117;86;49m[48;2;202;136;42m▀[0m[38;2;121;89;49m[48;2;152;106;45m▀[0m[38;2;123;90;49m[48;2;121;89;48m▀[0m[38;2;123;90;49m[48;2;122;89;49m▀[0m[38;2;123;90;49m[48;2;123;90;49m▀[0m[38;2;123;90;49m[48;2;123;90;49m▀[0m[38;2;123;90;49m[48;2;123;90;49m▀[0m[38;2;123;90;49m[48;2;123;90;49m▀[0m[38;2;124;92;50m[48;2;126;92;50m▀[0m[38;2;100;61;34m[48;2;77;45;29m▀[0m[38;2;180;119;33m[48;2;50;32;9m▀[0m[38;2;0;0;0m[48;2;0;0;0m▀[0m         
 [38;2;0;0;0m[48;2;0;0;0m▀[0m[38;2;43;21;16m[48;2;45;22;17m▀[0m[38;2;69;33;26m[48;2;69;33;25m▀[0m[38;2;72;37;26m[48;2;63;31;24m▀[0m[38;2;129;87;52m[48;2;76;40;27m▀[0m[38;2;42;32;19m[48;2;43;23;15m▀[0m[38;2;90;52;29m[48;2;61;35;20m▀[0m[38;2;99;59;32m[48;2;99;58;32m▀[0m[38;2;99;59;33m[48;2;98;57;32m▀[0m[38;2;100;59;34m[48;2;97;56;31m▀[0m[38;2;119;85;47m[48;2;100;60;34m▀[0m[38;2;124;92;50m[48;2;116;79;44m▀[0m[38;2;127;94;51m[48;2;85;60;33m▀[0m[38;2;28;16;5m[48;2;103;89;49m▀[0m[38;2;197;138;55m[48;2;211;178;101m▀[0m[38;2;178;137;78m[48;2;237;213;114m▀[0m[38;2;208;179;98m[48;2;237;211;113m▀[0m[38;2;221;198;109m[48;2;224;197;106m▀[0m[38;2;236;191;87m[48;2;145;124;69m▀[0m[38;2;233;164;56m[48;2;132;120;66m▀[0m[38;2;201;138;48m[48;2;92;73;44m▀[0m[38;2;37;26;14m[48;2;30;22;12m▀[0m[38;2;128;94;51m[48;2;132;97;53m▀[0m[38;2;123;90;49m[48;2;123;90;49m▀[0m[38;2;123;90;49m[48;2;123;90;49m▀[0m[38;2;123;90;49m[48;2;124;91;49m▀[0m[38;2;128;94;51m[48;2;113;79;44m▀[0m[38;2;79;46;30m[48;2;74;41;28m▀[0m[38;2;0;0;0m[48;2;51;0;0m▀[0m          
 [38;2;0;0;0m▀[0m[38;2;19;10;7m[48;2;0;0;0m▀[0m[38;2;61;30;22m[48;2;56;28;21m▀[0m[38;2;66;33;24m[48;2;66;33;24m▀[0m[38;2;66;32;24m[48;2;70;34;26m▀[0m[38;2;34;16;13m[48;2;15;7;5m▀[0m[38;2;11;6;4m[48;2;3;3;0m▀[0m[38;2;102;60;34m[48;2;44;26;15m▀[0m[38;2;98;57;32m[48;2;102;60;34m▀[0m[38;2;98;57;32m[48;2;98;57;32m▀[0m[38;2;98;57;32m[48;2;102;60;34m▀[0m[38;2;103;59;33m[48;2;61;36;20m▀[0m[38;2;25;13;7m[48;2;9;7;2m▀[0m[38;2;78;70;38m[48;2;0;0;0m▀[0m[38;2;83;75;40m[48;2;0;0;0m▀[0m[38;2;79;70;38m[48;2;0;0;0m▀[0m[38;2;81;72;39m[48;2;0;0;0m▀[0m[38;2;76;63;35m[48;2;45;19;16m▀[0m[38;2;45;16;15m[48;2;67;33;25m▀[0m[38;2;29;9;9m[48;2;71;35;27m▀[0m[38;2;31;13;11m[48;2;21;10;8m▀[0m[38;2;10;8;4m[48;2;0;0;0m▀[0m[38;2;83;61;33m[48;2;52;37;20m▀[0m[38;2;128;94;51m[48;2;127;93;51m▀[0m[38;2;123;90;49m[48;2;124;91;49m▀[0m[38;2;126;93;50m[48;2;124;91;49m▀[0m[38;2;92;58;36m[48;2;91;57;35m▀[0m[38;2;38;11;16m[48;2;50;20;20m▀[0m           
 [38;2;0;0;0m[48;2;0;0;0m▀[0m[38;2;15;7;6m[48;2;44;21;16m▀[0m[38;2;60;29;22m[48;2;70;34;26m▀[0m[38;2;68;34;25m[48;2;58;28;21m▀[0m[38;2;59;29;22m[48;2;17;9;6m▀[0m[38;2;15;7;5m[48;2;0;0;0m▀[0m[38;2;0;0;0m[48;2;12;7;5m▀[0m[38;2;30;18;10m[48;2;70;41;23m▀[0m[38;2;103;60;34m[48;2;100;58;33m▀[0m[38;2;98;57;32m[48;2;100;58;33m▀[0m[38;2;105;61;35m[48;2;92;54;30m▀[0m[38;2;56;33;19m[48;2;31;19;10m▀[0m[38;2;0;0;0m[48;2;0;0;0m▀[0m  [38;2;0;0;0m▄[0m[38;2;0;0;0m[48;2;29;14;11m▀[0m[38;2;61;30;23m[48;2;66;33;25m▀[0m[38;2;68;33;25m[48;2;54;27;20m▀[0m[38;2;56;28;21m[48;2;14;7;4m▀[0m[38;2;9;4;2m[48;2;0;0;0m▀[0m [38;2;0;0;0m[48;2;0;0;0m▀[0m[38;2;87;64;35m[48;2;76;50;28m▀[0m[38;2;131;97;52m[48;2;126;91;50m▀[0m[38;2;112;76;43m[48;2;89;55;33m▀[0m[38;2;57;23;19m[48;2;56;23;18m▀[0m            
[38;2;0;0;0m[48;2;0;0;0m▀[0m[38;2;23;12;9m[48;2;25;13;8m▀[0m[38;2;64;31;23m[48;2;65;32;24m▀[0m[38;2;68;33;25m[48;2;61;29;22m▀[0m[38;2;45;22;16m[48;2;2;1;1m▀[0m[38;2;0;0;0m[48;2;0;0;0m▀[0m[38;2;0;0;0m▄[0m[38;2;16;9;6m[48;2;87;51;29m▀[0m[38;2;105;61;34m[48;2;99;58;32m▀[0m[38;2;98;57;32m[48;2;103;59;33m▀[0m[38;2;98;57;32m[48;2;81;47;27m▀[0m[38;2;21;12;7m[48;2;0;0;0m▀[0m[38;2;0;0;0m▀[0m   [38;2;0;0;0m[48;2;0;0;0m▀[0m[38;2;51;25;19m[48;2;3;1;1m▀[0m[38;2;70;35;26m[48;2;61;28;22m▀[0m[38;2;38;19;14m[48;2;41;20;15m▀[0m[38;2;0;0;0m[48;2;0;0;0m▀[0m [38;2;0;0;0m[48;2;0;0;0m▀[0m[38;2;40;24;12m[48;2;50;29;16m▀[0m[38;2;95;55;31m[48;2;107;63;35m▀[0m[38;2;102;62;35m[48;2;96;55;31m▀[0m[38;2;60;27;22m[48;2;64;30;23m▀[0m             
 [38;2;0;0;0m[48;2;0;0;0m▀[0m[38;2;40;17;14m[48;2;88;62;38m▀[0m[38;2;62;30;23m[48;2;72;40;28m▀[0m[38;2;0;0;0m[48;2;0;0;0m▀[0m [38;2;0;0;0m[48;2;0;0;0m▀[0m[38;2;96;56;31m[48;2;41;24;13m▀[0m[38;2;101;59;33m[48;2;104;60;34m▀[0m[38;2;75;44;25m[48;2;34;20;11m▀[0m[38;2;12;6;4m[48;2;0;0;0m▀[0m      [38;2;2;1;1m[48;2;3;2;1m▀[0m[38;2;96;60;40m[48;2;158;119;71m▀[0m[38;2;35;15;12m[48;2;99;66;42m▀[0m[38;2;0;0;0m[48;2;31;13;10m▀[0m [38;2;0;0;0m▀[0m[38;2;34;20;11m[48;2;0;0;0m▀[0m[38;2;85;47;27m[48;2;125;104;57m▀[0m[38;2;98;56;32m[48;2;111;69;39m▀[0m[38;2;64;30;23m[48;2;61;29;21m▀[0m             
 [38;2;0;0;0m[48;2;0;0;0m▀[0m[38;2;112;85;51m[48;2;109;82;49m▀[0m[38;2;156;113;69m[48;2;167;123;75m▀[0m[38;2;55;27;20m[48;2;65;31;23m▀[0m [38;2;0;0;0m▄[0m[38;2;33;31;17m[48;2;36;34;18m▀[0m[38;2;180;144;79m[48;2;220;191;105m▀[0m[38;2;41;21;13m[48;2;129;87;50m▀[0m[38;2;5;5;0m[48;2;51;7;7m▀[0m      [38;2;2;1;1m[48;2;0;0;0m▀[0m[38;2;161;122;72m[48;2;160;121;72m▀[0m[38;2;135;94;59m[48;2;129;89;56m▀[0m[38;2;52;18;15m[48;2;40;8;11m▀[0m  [38;2;0;0;0m[48;2;0;0;0m▀[0m[38;2;162;145;77m[48;2;158;140;75m▀[0m[38;2;169;129;76m[48;2;222;193;104m▀[0m[38;2;64;30;23m[48;2;95;52;30m▀[0m             
 [38;2;0;0;0m[48;2;0;0;0m▀[0m[38;2;109;82;49m[48;2;107;81;48m▀[0m[38;2;166;122;74m[48;2;166;122;74m▀[0m[38;2;63;31;23m[48;2;65;34;24m▀[0m[38;2;85;0;0m▄[0m[38;2;0;0;0m▀[0m[38;2;34;31;16m[48;2;21;18;9m▀[0m[38;2;238;212;114m[48;2;112;100;54m▀[0m[38;2;193;164;88m[48;2;240;215;116m▀[0m[38;2;112;74;41m[48;2;122;84;46m▀[0m[38;2;0;0;0m[48;2;0;0;0m▀[0m    [38;2;0;0;0m▄[0m[38;2;34;14;11m[48;2;118;86;52m▀[0m[38;2;161;121;73m[48;2;146;107;62m▀[0m[38;2;152;112;68m[48;2;172;130;78m▀[0m[38;2;91;55;37m[48;2;108;70;45m▀[0m[38;2;33;11;11m[48;2;35;5;5m▀[0m[38;2;0;0;0m▄[0m[38;2;0;0;0m[48;2;39;14;12m▀[0m[38;2;157;139;75m[48;2;178;151;83m▀[0m[38;2;221;191;103m[48;2;232;207;111m▀[0m[38;2;89;46;26m[48;2;175;142;76m▀[0m[38;2;83;40;22m▄[0m            
[38;2;0;0;0m[48;2;0;0;0m▀[0m[38;2;24;18;11m[48;2;77;58;35m▀[0m[38;2;122;92;56m[48;2;172;128;75m▀[0m[38;2;175;131;79m[48;2;158;118;71m▀[0m[38;2;144;101;62m[48;2;92;65;40m▀[0m[38;2;54;22;18m[48;2;61;23;19m▀[0m [38;2;0;0;0m[48;2;0;0;0m▀[0m[38;2;75;67;36m[48;2;72;64;34m▀[0m[38;2;240;214;115m[48;2;238;212;114m▀[0m[38;2;115;77;43m[48;2;164;131;71m▀[0m[38;2;98;57;34m▄[0m    [38;2;0;0;0m▀[0m[38;2;101;77;45m[48;2;0;0;0m▀[0m[38;2;121;91;51m[48;2;19;13;7m▀[0m[38;2;136;97;61m[48;2;111;61;38m▀[0m[38;2;59;24;21m[48;2;34;9;7m▀[0m[38;2;0;0;0m▄[0m[38;2;0;0;0m[48;2;0;0;0m▀[0m[38;2;108;95;52m[48;2;78;70;37m▀[0m[38;2;226;197;106m[48;2;115;86;49m▀[0m[38;2;222;197;106m[48;2;188;162;88m▀[0m[38;2;181;144;78m[48;2;61;33;18m▀[0m[38;2;86;43;24m[48;2;98;58;31m▀[0m            
[38;2;0;0;0m▀[0m[38;2;39;29;17m[48;2;0;0;0m▀[0m[38;2;46;35;19m[48;2;39;5;2m▀[0m[38;2;133;101;60m[48;2;88;26;15m▀[0m[38;2;0;0;0m[48;2;49;11;6m▀[0m[38;2;0;0;0m[48;2;0;0;0m▀[0m [38;2;32;29;14m[48;2;34;31;16m▀[0m[38;2;183;162;87m[48;2;177;151;82m▀[0m[38;2;228;203;108m[48;2;184;159;86m▀[0m[38;2;229;202;109m[48;2;129;98;54m▀[0m[38;2;101;59;34m[48;2;120;67;40m▀[0m      [38;2;11;2;0m[48;2;4;0;0m▀[0m[38;2;78;13;6m[48;2;10;2;1m▀[0m[38;2;29;6;3m[48;2;3;1;0m▀[0m[38;2;0;0;0m[48;2;0;0;0m▀[0m [38;2;0;0;0m▀[0m[38;2;11;2;3m[48;2;0;0;0m▀[0m[38;2;186;163;88m[48;2;86;32;17m▀[0m[38;2;36;18;13m[48;2;55;14;8m▀[0m[38;2;0;0;0m▄[0m            
 [38;2;0;0;0m▀[0m[38;2;36;8;4m[48;2;0;0;0m▀[0m[38;2;54;10;5m[48;2;0;0;0m▀[0m[38;2;37;8;4m[48;2;0;0;0m▀[0m[38;2;0;0;0m[48;2;0;0;0m▀[0m [38;2;0;0;0m[48;2;0;0;0m▀[0m[38;2;5;0;0m[48;2;29;7;3m▀[0m[38;2;120;89;48m[48;2;79;12;5m▀[0m[38;2;57;35;18m[48;2;74;14;7m▀[0m[38;2;0;0;0m[48;2;2;0;0m▀[0m            [38;2;0;0;0m▀[0m[38;2;46;8;4m[48;2;0;0;0m▀[0m[38;2;35;7;4m[48;2;0;0;0m▀[0m[38;2;0;0;0m[48;2;0;0;0m▀[0m            
       [38;2;0;0;0m▀[0m[38;2;12;2;2m▀[0m[38;2;17;4;2m▀[0m[38;2;15;3;2m▀[0m[38;2;0;0;0m▀[0m                            
[0m