                    [38;2;36;136;54m[48;2;8;52;35m▀[0m[38;2;33;154;60m[48;2;23;116;53m▀[0m[38;2;32;156;59m[48;2;43;203;76m▀[0m[38;2;25;102;51m[48;2;34;155;60m▀[0m[38;2;25;140;51m▄[0m               
                    [38;2;15;60;30m▀[0m[38;2;20;104;47m[48;2;5;37;27m▀[0m[38;2;37;178;69m[48;2;26;127;56m▀[0m[38;2;40;189;72m[48;2;43;203;76m▀[0m[38;2;33;142;56m[48;2;25;126;54m▀[0m[38;2;9;56;28m▄[0m              
                     [38;2;12;64;38m[48;2;12;69;38m▀[0m[38;2;23;114;50m[48;2;23;110;49m▀[0m[38;2;41;196;73m[48;2;34;156;59m▀[0m[38;2;26;129;57m[48;2;32;147;58m▀[0m[38;2;6;38;31m[48;2;18;91;43m▀[0m[38;2;31;146;57m[48;2;39;183;70m▀[0m[38;2;31;146;55m[48;2;41;196;74m▀[0m[38;2;31;145;55m[48;2;41;195;74m▀[0m[38;2;34;155;59m[48;2;42;200;75m▀[0m[38;2;32;145;54m[48;2;35;167;63m▀[0m[38;2;33;151;58m▄[0m[38;2;31;143;55m▄[0m       
                     [38;2;12;69;38m[48;2;10;61;35m▀[0m[38;2;23;111;49m[48;2;23;109;49m▀[0m[38;2;33;151;58m[48;2;33;152;58m▀[0m[38;2;33;152;58m[48;2;33;150;58m▀[0m[38;2;19;94;44m[48;2;22;104;47m▀[0m[38;2;31;144;56m[48;2;30;142;55m▀[0m[38;2;33;151;57m[48;2;32;148;57m▀[0m[38;2;34;164;63m[48;2;32;148;57m▀[0m[38;2;41;197;74m[48;2;32;150;57m▀[0m[38;2;41;197;74m[48;2;37;176;67m▀[0m[38;2;41;200;75m[48;2;41;200;75m▀[0m[38;2;33;158;60m[48;2;41;200;75m▀[0m[38;2;27;127;45m[48;2;33;160;61m▀[0m[38;2;31;146;57m▄[0m     
                    [38;2;0;56;28m[48;2;8;68;42m▀[0m[38;2;18;90;43m[48;2;22;108;50m▀[0m[38;2;26;125;52m[48;2;34;154;58m▀[0m[38;2;33;151;58m[48;2;32;148;57m▀[0m[38;2;32;148;57m[48;2;32;148;57m▀[0m[38;2;33;151;58m[48;2;32;148;57m▀[0m[38;2;32;148;57m[48;2;32;149;57m▀[0m[38;2;33;149;58m[48;2;28;146;56m▀[0m[38;2;30;146;58m[48;2;26;103;39m▀[0m[38;2;13;104;38m[48;2;106;116;91m▀[0m[38;2;7;86;28m[48;2;115;75;73m▀[0m[38;2;27;159;61m[48;2;73;75;21m▀[0m[38;2;42;205;77m[48;2;35;143;58m▀[0m[38;2;42;200;75m[48;2;41;200;75m▀[0m[38;2;32;144;56m[48;2;35;164;64m▀[0m[38;2;6;71;38m▄[0m    
                    [38;2;0;18;9m[48;2;0;0;0m▀[0m[38;2;12;57;25m[48;2;6;31;11m▀[0m[38;2;34;155;59m[48;2;34;156;60m▀[0m[38;2;32;148;57m[48;2;32;148;57m▀[0m[38;2;32;148;57m[48;2;32;148;57m▀[0m[38;2;32;148;57m[48;2;31;148;57m▀[0m[38;2;30;148;56m[48;2;26;102;47m▀[0m[38;2;30;109;49m[48;2;166;168;88m▀[0m[38;2;138;141;66m[48;2;205;197;102m▀[0m[38;2;159;136;80m[48;2;146;122;49m▀[0m[38;2;196;109;73m[48;2;149;57;14m▀[0m[38;2;185;67;22m[48;2;198;75;34m▀[0m[38;2;19;25;13m[48;2;157;57;24m▀[0m[38;2;27;166;64m[48;2;96;90;28m▀[0m[38;2;34;180;70m[48;2;28;173;67m▀[0m[38;2;47;88;42m[48;2;82;118;60m▀[0m[38;2;149;120;43m[48;2;201;182;88m▀[0m   
                    [38;2;0;0;0m[48;2;0;0;0m▀[0m[38;2;7;35;13m[48;2;6;32;12m▀[0m[38;2;34;158;61m[48;2;31;141;54m▀[0m[38;2;32;148;57m[48;2;32;149;58m▀[0m[38;2;32;148;57m[48;2;32;148;57m▀[0m[38;2;31;148;57m[48;2;31;148;57m▀[0m[38;2;26;91;45m[48;2;26;90;45m▀[0m[38;2;201;190;99m[48;2;203;191;100m▀[0m[38;2;198;190;99m[48;2;197;189;98m▀[0m[38;2;198;189;98m[48;2;197;190;98m▀[0m[38;2;165;147;68m[48;2;197;190;98m▀[0m[38;2;129;81;26m[48;2;196;188;97m▀[0m[38;2;129;70;21m[48;2;199;191;99m▀[0m[38;2;39;89;40m[48;2;178;178;91m▀[0m[38;2;18;131;50m[48;2;78;122;71m▀[0m[38;2;103;140;98m[48;2;250;249;192m▀[0m[38;2;253;239;157m[48;2;248;241;167m▀[0m[38;2;191;185;81m[48;2;155;148;79m▀[0m[38;2;0;0;0m▄[0m 
                     [38;2;0;0;0m[48;2;0;0;0m▀[0m[38;2;12;54;21m[48;2;9;41;15m▀[0m[38;2;35;162;63m[48;2;28;128;50m▀[0m[38;2;32;148;57m[48;2;34;155;60m▀[0m[38;2;31;148;57m[48;2;32;148;57m▀[0m[38;2;27;106;48m[48;2;28;146;55m▀[0m[38;2;154;163;85m[48;2;35;90;47m▀[0m[38;2;199;190;99m[48;2;213;199;103m▀[0m[38;2;197;189;98m[48;2;196;188;98m▀[0m[38;2;197;189;98m[48;2;199;191;100m▀[0m[38;2;198;190;99m[48;2;209;200;105m▀[0m[38;2;181;170;84m[48;2;179;166;78m▀[0m[38;2;200;192;100m[48;2;174;163;78m▀[0m[38;2;211;202;102m[48;2;114;110;57m▀[0m[38;2;214;204;117m[48;2;99;93;44m▀[0m[38;2;233;227;168m[48;2;90;78;22m▀[0m[38;2;100;95;68m[48;2;153;130;39m▀[0m[38;2;0;0;0m▀[0m 
                      [38;2;0;0;0m▀[0m[38;2;8;37;13m[48;2;0;0;0m▀[0m[38;2;27;124;47m[48;2;22;100;38m▀[0m[38;2;33;152;58m[48;2;33;155;60m▀[0m[38;2;30;147;56m[48;2;32;149;57m▀[0m[38;2;31;119;51m[48;2;22;135;52m▀[0m[38;2;123;144;74m[48;2;60;104;54m▀[0m[38;2;206;195;102m[48;2;216;203;107m▀[0m[38;2;182;171;83m[48;2;170;156;71m▀[0m[38;2;101;96;47m[48;2;55;47;12m▀[0m[38;2;85;82;43m[48;2;0;0;0m▀[0m[38;2;50;44;17m[48;2;0;0;0m▀[0m[38;2;0;0;0m▀[0m[38;2;0;0;0m▀[0m[38;2;0;0;0m▀[0m   
                   [38;2;0;0;0m▄[0m[38;2;143;125;44m▄[0m[38;2;63;63;63m[48;2;152;132;48m▀[0m[38;2;63;63;63m[48;2;156;136;50m▀[0m[38;2;0;0;0m[48;2;164;141;55m▀[0m[38;2;1;16;5m[48;2;18;15;7m▀[0m[38;2;27;126;48m[48;2;24;109;42m▀[0m[38;2;36;153;58m[48;2;117;116;47m▀[0m[38;2;32;147;57m[48;2;159;139;49m▀[0m[38;2;24;121;50m[48;2;101;111;40m▀[0m[38;2;110;138;73m[48;2;106;141;96m▀[0m[38;2;184;167;79m[48;2;237;236;187m▀[0m[38;2;140;125;49m[48;2;171;156;85m▀[0m[38;2;121;108;30m▄[0m[38;2;255;255;0m▄[0m      
                   [38;2;102;102;51m▀[0m[38;2;147;128;48m[48;2;127;127;42m▀[0m[38;2;207;170;46m[48;2;132;119;52m▀[0m[38;2;214;173;43m[48;2;156;133;46m▀[0m[38;2;188;156;44m[48;2;216;176;44m▀[0m[38;2;163;141;51m[48;2;234;186;41m▀[0m[38;2;28;19;6m[48;2;36;52;19m▀[0m[38;2;14;40;21m[48;2;21;138;55m▀[0m[38;2;211;169;35m[48;2;26;65;29m▀[0m[38;2;244;199;44m[48;2;176;143;34m▀[0m[38;2;163;139;46m[48;2;252;204;45m▀[0m[38;2;163;140;44m[48;2;255;223;41m▀[0m[38;2;142;125;48m[48;2;206;170;44m▀[0m[38;2;135;121;50m[48;2;179;152;46m▀[0m[38;2;255;255;0m[48;2;127;113;48m▀[0m      
                      [38;2;105;105;52m▀[0m[38;2;165;142;48m[48;2;116;109;51m▀[0m[38;2;192;160;50m[48;2;130;117;54m▀[0m[38;2;138;141;44m[48;2;171;141;46m▀[0m[38;2;31;118;49m[48;2;32;89;43m▀[0m[38;2;26;145;57m[48;2;31;151;58m▀[0m[38;2;16;62;34m[48;2;29;141;55m▀[0m[38;2;86;65;26m[48;2;12;98;42m▀[0m[38;2;164;137;37m[48;2;27;63;33m▀[0m[38;2;255;211;45m[48;2;63;51;17m▀[0m[38;2;255;215;41m[48;2;232;189;37m▀[0m[38;2;203;169;47m[48;2;255;214;42m▀[0m[38;2;121;109;50m[48;2;207;172;46m▀[0m[38;2;129;116;49m▄[0m    
                         [38;2;116;109;51m▀[0m[38;2;19;86;42m[48;2;17;85;42m▀[0m[38;2;32;149;57m[48;2;32;149;57m▀[0m[38;2;32;150;57m[48;2;32;148;57m▀[0m[38;2;35;159;60m[48;2;32;148;57m▀[0m[38;2;7;95;38m[48;2;31;149;57m▀[0m[38;2;150;160;127m[48;2;27;104;50m▀[0m[38;2;172;151;67m[48;2;218;216;164m▀[0m[38;2;251;203;38m[48;2;170;149;65m▀[0m[38;2;246;199;45m[48;2;248;204;41m▀[0m[38;2;129;116;48m[48;2;220;182;45m▀[0m[38;2;120;109;49m▄[0m   
                          [38;2;17;85;42m[48;2;17;85;42m▀[0m[38;2;32;149;57m[48;2;32;149;57m▀[0m[38;2;32;148;57m[48;2;32;148;57m▀[0m[38;2;32;148;57m[48;2;32;148;57m▀[0m[38;2;33;152;58m[48;2;32;148;57m▀[0m[38;2;14;103;42m[48;2;34;152;59m▀[0m[38;2;185;198;147m[48;2;11;87;39m▀[0m[38;2;244;235;180m[48;2;248;238;183m▀[0m[38;2;160;136;40m[48;2;194;172;90m▀[0m[38;2;239;197;45m[48;2;236;196;39m▀[0m[38;2;148;129;49m[48;2;217;180;49m▀[0m[38;2;120;105;45m[48;2;121;110;51m▀[0m  
                   [38;2;0;63;63m▄[0m[38;2;17;89;44m▄[0m[38;2;14;76;40m▄[0m    [38;2;17;85;42m[48;2;17;85;42m▀[0m[38;2;32;149;57m[48;2;32;149;57m▀[0m[38;2;32;148;57m[48;2;32;148;57m▀[0m[38;2;32;148;57m[48;2;32;148;57m▀[0m[38;2;32;148;57m[48;2;32;148;57m▀[0m[38;2;33;150;58m[48;2;32;149;57m▀[0m[38;2;18;88;43m[48;2;27;126;52m▀[0m[38;2;139;166;118m[48;2;3;78;34m▀[0m[38;2;127;153;112m[48;2;10;121;46m▀[0m[38;2;141;135;39m[48;2;49;124;48m▀[0m[38;2;233;187;48m[48;2;93;115;44m▀[0m[38;2;126;112;51m[48;2;55;87;41m▀[0m  
                   [38;2;0;42;0m[48;2;0;0;0m▀[0m[38;2;8;38;17m[48;2;4;14;5m▀[0m[38;2;26;124;51m[48;2;32;149;58m▀[0m[38;2;15;81;42m[48;2;32;148;58m▀[0m[38;2;16;81;39m[48;2;23;109;48m▀[0m[38;2;15;79;39m[48;2;26;122;50m▀[0m[38;2;13;78;39m[48;2;19;96;45m▀[0m[38;2;16;85;42m[48;2;16;85;41m▀[0m[38;2;32;149;57m[48;2;32;148;57m▀[0m[38;2;32;148;57m[48;2;32;148;57m▀[0m[38;2;32;148;57m[48;2;32;148;57m▀[0m[38;2;32;148;57m[48;2;32;148;57m▀[0m[38;2;32;148;57m[48;2;32;148;57m▀[0m[38;2;33;151;58m[48;2;30;146;56m▀[0m[38;2;16;80;40m[48;2;38;101;56m▀[0m[38;2;14;65;29m[48;2;188;177;141m▀[0m[38;2;29;148;58m[48;2;7;71;28m▀[0m[38;2;23;152;61m[48;2;43;208;78m▀[0m[38;2;22;121;52m[48;2;40;194;74m▀[0m[38;2;14;75;38m[48;2;39;186;72m▀[0m[38;2;14;70;42m[48;2;18;94;44m▀[0m
               [38;2;23;139;69m[48;2;29;145;56m▀[0m[38;2;38;162;61m[48;2;38;178;68m▀[0m[38;2;36;145;36m[48;2;29;140;56m▀[0m[38;2;15;47;31m▄[0m [38;2;0;0;0m[48;2;0;0;0m▀[0m[38;2;8;37;14m[48;2;6;30;11m▀[0m[38;2;35;160;62m[48;2;27;124;48m▀[0m[38;2;32;148;57m[48;2;33;151;58m▀[0m[38;2;33;152;58m[48;2;33;150;58m▀[0m[38;2;19;93;44m[48;2;22;108;47m▀[0m[38;2;30;140;55m[48;2;31;143;56m▀[0m[38;2;32;149;57m[48;2;32;149;57m▀[0m[38;2;32;148;57m[48;2;32;148;57m▀[0m[38;2;32;148;57m[48;2;32;148;57m▀[0m[38;2;32;148;57m[48;2;32;148;57m▀[0m[38;2;32;148;57m[48;2;32;148;57m▀[0m[38;2;30;146;56m[48;2;30;146;56m▀[0m[38;2;41;104;58m[48;2;35;98;53m▀[0m[38;2;218;208;163m[48;2;255;255;199m▀[0m[38;2;26;59;34m[48;2;176;163;132m▀[0m[38;2;35;170;64m[48;2;4;87;32m▀[0m[38;2;41;199;75m[48;2;24;114;50m▀[0m[38;2;24;122;53m[48;2;35;167;66m▀[0m[38;2;15;78;43m[48;2;21;103;48m▀[0m
             [38;2;23;92;46m▄[0m[38;2;17;84;43m▄[0m[38;2;31;145;56m[48;2;22;102;45m▀[0m[38;2;40;190;72m[48;2;39;183;69m▀[0m[38;2;27;132;58m[48;2;36;174;68m▀[0m[38;2;5;37;27m[48;2;18;94;45m▀[0m[38;2;12;64;36m[48;2;27;138;57m▀[0m[38;2;0;0;0m[48;2;16;78;39m▀[0m[38;2;5;25;9m[48;2;4;27;9m▀[0m[38;2;22;101;39m[48;2;16;72;27m▀[0m[38;2;35;163;63m[48;2;12;56;21m▀[0m[38;2;33;151;58m[48;2;26;118;45m▀[0m[38;2;33;151;58m[48;2;33;152;58m▀[0m[38;2;32;148;57m[48;2;32;148;57m▀[0m[38;2;32;148;57m[48;2;32;148;57m▀[0m[38;2;32;148;57m[48;2;32;148;57m▀[0m[38;2;32;148;57m[48;2;32;148;57m▀[0m[38;2;32;148;57m[48;2;32;148;57m▀[0m[38;2;32;148;57m[48;2;33;149;58m▀[0m[38;2;31;149;57m[48;2;24;115;49m▀[0m[38;2;22;89;45m[48;2;153;177;126m▀[0m[38;2;255;254;198m[48;2;255;252;196m▀[0m[38;2;194;184;136m[48;2;228;216;147m▀[0m[38;2;32;69;27m[48;2;98;82;28m▀[0m[38;2;12;45;22m[48;2;0;0;0m▀[0m[38;2;34;157;60m[48;2;22;111;48m▀[0m[38;2;21;103;49m[48;2;17;92;44m▀[0m
 [38;2;28;141;56m▄[0m[38;2;33;157;60m▄[0m[38;2;31;146;56m▄[0m[38;2;31;145;54m[48;2;37;177;66m▀[0m[38;2;33;152;58m[48;2;41;199;75m▀[0m[38;2;31;145;56m[48;2;41;196;74m▀[0m[38;2;31;145;56m[48;2;41;195;74m▀[0m[38;2;33;153;59m[48;2;41;199;75m▀[0m[38;2;30;145;57m[48;2;36;172;65m▀[0m[38;2;32;155;59m▄[0m[38;2;32;148;57m▄[0m[38;2;0;0;0m▄[0m[38;2;0;24;12m[48;2;0;0;0m▀[0m[38;2;12;57;24m[48;2;8;37;13m▀[0m[38;2;30;147;60m[48;2;41;199;76m▀[0m[38;2;28;139;57m[48;2;38;186;71m▀[0m[38;2;44;211;78m[48;2;41;198;74m▀[0m[38;2;31;147;59m[48;2;41;194;73m▀[0m[38;2;40;192;72m[48;2;40;192;72m▀[0m[38;2;17;87;42m[48;2;17;85;41m▀[0m[38;2;15;77;40m▄[0m[38;2;1;13;9m[48;2;25;129;55m▀[0m[38;2;16;78;34m[48;2;37;175;67m▀[0m[38;2;29;135;51m[48;2;32;148;57m▀[0m[38;2;32;150;58m[48;2;32;147;57m▀[0m[38;2;32;148;57m[48;2;32;148;57m▀[0m[38;2;32;148;57m[48;2;32;148;57m▀[0m[38;2;32;148;57m[48;2;32;148;57m▀[0m[38;2;32;148;57m[48;2;32;148;57m▀[0m[38;2;32;148;57m[48;2;33;152;58m▀[0m[38;2;34;152;59m[48;2;17;106;46m▀[0m[38;2;15;88;43m[48;2;106;111;47m▀[0m[38;2;255;246;192m[48;2;208;199;116m▀[0m[38;2;255;253;197m[48;2;243;233;170m▀[0m[38;2;230;218;150m[48;2;146;131;58m▀[0m[38;2;131;113;32m[48;2;127;102;25m▀[0m [38;2;13;67;40m▀[0m 
[38;2;10;51;30m▀[0m[38;2;21;111;49m[48;2;18;74;37m▀[0m[38;2;40;194;74m[48;2;15;78;40m▀[0m[38;2;40;193;73m[48;2;30;145;58m▀[0m[38;2;41;195;73m[48;2;36;172;64m▀[0m[38;2;40;192;72m[48;2;33;155;60m▀[0m[38;2;41;197;74m[48;2;40;194;73m▀[0m[38;2;41;198;74m[48;2;41;197;74m▀[0m[38;2;41;198;74m[48;2;41;197;74m▀[0m[38;2;41;199;75m[48;2;43;203;76m▀[0m[38;2;40;192;73m[48;2;28;140;58m▀[0m[38;2;34;163;62m[48;2;30;146;59m▀[0m[38;2;20;103;45m[48;2;36;172;67m▀[0m[38;2;21;107;48m[48;2;36;177;69m▀[0m[38;2;32;155;58m[48;2;28;171;65m▀[0m[38;2;15;76;29m[48;2;36;193;72m▀[0m[38;2;44;209;79m[48;2;43;203;76m▀[0m[38;2;41;197;74m[48;2;42;205;76m▀[0m[38;2;41;196;73m[48;2;36;168;64m▀[0m[38;2;22;108;49m[48;2;41;195;74m▀[0m[38;2;32;152;59m[48;2;41;199;74m▀[0m[38;2;40;194;73m[48;2;41;197;74m▀[0m[38;2;41;196;74m[48;2;41;197;74m▀[0m[38;2;41;197;74m[48;2;41;197;74m▀[0m[38;2;41;196;74m[48;2;41;197;74m▀[0m[38;2;35;160;61m[48;2;41;199;74m▀[0m[38;2;32;146;57m[48;2;35;163;62m▀[0m[38;2;32;148;57m[48;2;33;152;58m▀[0m[38;2;32;149;57m[48;2;29;145;56m▀[0m[38;2;33;151;58m[48;2;17;129;50m▀[0m[38;2;28;147;56m[48;2;31;109;49m▀[0m[38;2;21;98;43m[48;2;159;163;83m▀[0m[38;2;220;217;162m[48;2;255;253;186m▀[0m[38;2;167;151;75m[48;2;194;190;149m▀[0m[38;2;109;100;45m[48;2;0;9;12m▀[0m[38;2;1;9;11m▀[0m    
[38;2;0;0;0m▄[0m[38;2;42;255;42m[48;2;21;107;48m▀[0m[38;2;35;167;62m[48;2;41;197;74m▀[0m[38;2;36;171;65m[48;2;42;201;75m▀[0m[38;2;39;187;70m[48;2;42;203;76m▀[0m[38;2;42;201;76m[48;2;43;204;76m▀[0m[38;2;41;197;74m[48;2;44;209;78m▀[0m[38;2;42;201;75m[48;2;36;171;66m▀[0m[38;2;42;202;75m[48;2;30;147;60m▀[0m[38;2;41;196;74m[48;2;42;201;75m▀[0m[38;2;43;206;76m[48;2;41;197;74m▀[0m[38;2;29;141;58m[48;2;43;204;76m▀[0m[38;2;23;119;52m[48;2;32;159;64m▀[0m[38;2;19;61;35m[48;2;23;32;23m▀[0m[38;2;97;134;67m[48;2;113;107;60m▀[0m[38;2;76;166;70m[48;2;113;116;64m▀[0m[38;2;17;148;58m[48;2;119;142;74m▀[0m[38;2;21;148;58m[48;2;119;138;73m▀[0m[38;2;27;173;65m[48;2;116;160;76m▀[0m[38;2;29;179;66m[48;2;113;167;77m▀[0m[38;2;41;199;75m[48;2;28;169;63m▀[0m[38;2;42;200;75m[48;2;26;169;63m▀[0m[38;2;42;200;75m[48;2;26;169;63m▀[0m[38;2;42;200;75m[48;2;26;169;63m▀[0m[38;2;42;200;75m[48;2;26;169;63m▀[0m[38;2;42;200;75m[48;2;25;169;62m▀[0m[38;2;29;179;66m[48;2;108;165;76m▀[0m[38;2;13;119;48m[48;2;105;131;68m▀[0m[38;2;33;118;52m[48;2;137;153;80m▀[0m[38;2;75;111;58m[48;2;220;204;106m▀[0m[38;2;152;161;84m[48;2;221;209;108m▀[0m[38;2;216;204;104m[48;2;135;133;72m▀[0m[38;2;174;170;125m[48;2;6;13;6m▀[0m[38;2;3;11;13m▀[0m      
[38;2;18;92;45m[48;2;18;92;45m▀[0m[38;2;38;181;71m[48;2;19;94;42m▀[0m[38;2;44;210;79m[48;2;8;38;14m▀[0m[38;2;44;211;79m[48;2;8;40;15m▀[0m[38;2;31;151;62m[48;2;8;41;19m▀[0m[38;2;24;121;53m[48;2;10;54;32m▀[0m[38;2;13;64;24m[48;2;11;59;29m▀[0m[38;2;11;52;21m[48;2;33;161;60m▀[0m[38;2;35;168;67m[48;2;42;203;76m▀[0m[38;2;41;200;75m[48;2;41;198;74m▀[0m[38;2;41;196;74m[48;2;43;209;78m▀[0m[38;2;44;210;79m[48;2;17;85;32m▀[0m[38;2;10;48;22m[48;2;3;6;3m▀[0m[38;2;0;0;0m[48;2;0;0;0m▀[0m[38;2;0;0;0m▀[0m[38;2;37;40;28m[48;2;0;0;0m▀[0m[38;2;88;86;50m[48;2;0;0;0m▀[0m[38;2;77;75;45m[48;2;0;0;0m▀[0m[38;2;185;172;91m[48;2;39;43;29m▀[0m[38;2;218;203;106m[48;2;44;50;33m▀[0m[38;2;152;181;88m[48;2;44;45;30m▀[0m[38;2;148;179;86m[48;2;86;82;48m▀[0m[38;2;141;172;83m[48;2;215;200;104m▀[0m[38;2;141;172;83m[48;2;207;193;101m▀[0m[38;2;141;172;83m[48;2;209;195;102m▀[0m[38;2;143;174;85m[48;2;166;147;68m▀[0m[38;2;202;191;100m[48;2;196;187;96m▀[0m[38;2;202;188;96m[48;2;172;166;86m▀[0m[38;2;190;173;81m[48;2;31;35;22m▀[0m[38;2;150;148;79m[48;2;36;40;28m▀[0m[38;2;70;71;43m[48;2;0;0;0m▀[0m[38;2;24;31;22m[48;2;0;0;0m▀[0m        
[38;2;12;76;38m▀[0m[38;2;0;12;12m▀[0m[38;2;0;0;0m▀[0m[38;2;0;0;0m▀[0m[38;2;0;0;0m▀[0m[38;2;0;0;0m[48;2;0;0;0m▀[0m[38;2;31;144;55m[48;2;32;153;57m▀[0m[38;2;43;207;77m[48;2;36;173;65m▀[0m[38;2;41;199;75m[48;2;25;120;44m▀[0m[38;2;37;177;67m[48;2;0;0;0m▀[0m[38;2;15;70;26m[48;2;0;0;0m▀[0m[38;2;0;0;0m▀[0m      [38;2;21;21;10m[48;2;143;126;48m▀[0m[38;2;126;113;47m[48;2;197;188;95m▀[0m[38;2;184;177;91m[48;2;198;190;99m▀[0m[38;2;147;144;76m[48;2;165;158;79m▀[0m[38;2;22;27;20m[48;2;131;114;43m▀[0m[38;2;22;28;22m[48;2;145;133;48m▀[0m[38;2;20;27;20m[48;2;147;130;53m▀[0m[38;2;119;107;45m[48;2;193;183;93m▀[0m[38;2;199;190;97m[48;2;198;190;97m▀[0m[38;2;173;167;88m[48;2;146;143;75m▀[0m[38;2;0;2;9m[48;2;0;6;11m▀[0m[38;2;0;0;0m▀[0m          
     [38;2;0;0;0m▀[0m[38;2;0;0;0m▀[0m[38;2;0;0;0m▀[0m[38;2;0;0;0m▀[0m         [38;2;96;88;36m[48;2;0;4;12m▀[0m[38;2;195;187;96m[48;2;162;152;73m▀[0m[38;2;177;171;90m[48;2;177;170;89m▀[0m[38;2;0;1;9m[48;2;0;0;7m▀[0m [38;2;88;78;31m[48;2;0;0;0m▀[0m[38;2;183;174;87m[48;2;84;83;46m▀[0m[38;2;202;194;98m[48;2;211;203;131m▀[0m[38;2;202;194;117m[48;2;250;242;186m▀[0m[38;2;0;3;11m[48;2;68;65;31m▀[0m            
                  [38;2;3;13;13m▀[0m[38;2;55;54;27m[48;2;0;0;8m▀[0m[38;2;201;193;100m[48;2;53;57;36m▀[0m[38;2;109;109;61m[48;2;80;80;43m▀[0m[38;2;0;0;5m[48;2;109;96;41m▀[0m [38;2;0;0;2m[48;2;0;6;12m▀[0m[38;2;189;184;120m[48;2;44;50;28m▀[0m[38;2;255;246;183m[48;2;247;239;182m▀[0m[38;2;141;122;43m[48;2;228;215;149m▀[0m[38;2;137;119;42m▄[0m           
                    [38;2;0;0;0m▀[0m[38;2;17;17;8m▀[0m[38;2;187;174;67m▀[0m  [38;2;0;0;0m▀[0m[38;2;36;43;37m▀[0m[38;2;41;47;40m▀[0m[38;2;26;30;20m▀[0m           
[0m