                                     [38;2;102;163;61m[48;2;102;156;63m▀[0m[38;2;134;183;84m[48;2;153;200;96m▀[0m[38;2;121;175;71m[48;2;111;156;78m▀[0m
                                    [38;2;105;165;60m▄[0m[38;2;123;171;77m[48;2;135;181;85m▀[0m[38;2;172;212;110m[48;2;176;214;113m▀[0m[38;2;105;146;84m[48;2;103;143;81m▀[0m
                                    [38;2;101;157;60m[48;2;125;173;79m▀[0m[38;2;160;203;102m[48;2;162;204;104m▀[0m[38;2;153;194;95m[48;2;115;166;74m▀[0m[38;2;98;142;78m[48;2;60;108;59m▀[0m
                                   [38;2;112;161;63m[48;2;113;163;69m▀[0m[38;2;151;195;96m[48;2;160;203;102m▀[0m[38;2;145;190;91m[48;2;122;174;75m▀[0m[38;2;99;153;67m[48;2;72;120;60m▀[0m[38;2;42;87;56m[48;2;23;69;46m▀[0m
                                  [38;2;0;0;0m[48;2;45;91;58m▀[0m[38;2;98;139;78m[48;2;140;181;96m▀[0m[38;2;147;192;91m[48;2;122;174;74m▀[0m[38;2;102;156;68m[48;2;90;141;66m▀[0m[38;2;46;88;56m[48;2;40;80;53m▀[0m 
                                 [38;2;0;0;0m[48;2;39;73;56m▀[0m[38;2;72;114;69m[48;2;112;153;83m▀[0m[38;2;134;181;87m[48;2;124;175;74m▀[0m[38;2;116;171;70m[48;2;101;154;69m▀[0m[38;2;65;110;61m[48;2;52;96;57m▀[0m  
                                [38;2;0;51;38m▄[0m[38;2;54;96;59m[48;2;90;133;73m▀[0m[38;2;121;172;78m[48;2;116;168;71m▀[0m[38;2;116;168;69m[48;2;113;167;71m▀[0m[38;2;90;141;66m[48;2;61;107;60m▀[0m[38;2;29;68;53m[48;2;0;0;0m▀[0m  
                                [38;2;23;65;53m[48;2;54;100;59m▀[0m[38;2;90;139;67m[48;2;112;165;70m▀[0m[38;2;120;172;70m[48;2;116;170;71m▀[0m[38;2;91;140;65m[48;2;72;110;54m▀[0m[38;2;33;70;51m[48;2;0;9;9m▀[0m   
                               [38;2;18;54;54m[48;2;48;92;56m▀[0m[38;2;71;118;63m[48;2;100;153;69m▀[0m[38;2;116;170;71m[48;2;118;172;70m▀[0m[38;2;113;167;71m[48;2;83;126;59m▀[0m[38;2;44;78;48m[48;2;18;31;27m▀[0m    
                              [38;2;36;78;57m▄[0m[38;2;61;108;59m[48;2;87;138;66m▀[0m[38;2;117;171;71m[48;2;116;169;70m▀[0m[38;2;116;171;72m[48;2;109;161;68m▀[0m[38;2;65;94;46m[48;2;31;52;33m▀[0m[38;2;0;0;0m▀[0m    
                              [38;2;41;87;57m[48;2;66;113;61m▀[0m[38;2;102;155;70m[48;2;117;170;71m▀[0m[38;2;119;173;71m[48;2;112;165;71m▀[0m[38;2;79;113;50m[48;2;50;79;43m▀[0m[38;2;19;19;15m[48;2;0;0;0m▀[0m     
    [38;2;45;90;60m[48;2;69;111;66m▀[0m[38;2;31;79;53m[48;2;116;157;87m▀[0m[38;2;40;80;58m▄[0m      [38;2;155;142;139m▄[0m[38;2;175;165;161m▄[0m[38;2;102;76;76m▄[0m[38;2;120;99;99m▄[0m[38;2;0;0;0m▄[0m          [38;2;0;0;85m▄[0m[38;2;33;73;53m[48;2;60;106;60m▀[0m[38;2;85;134;65m[48;2;103;156;70m▀[0m[38;2;119;173;71m[48;2;112;165;70m▀[0m[38;2;100;146;63m[48;2;70;107;52m▀[0m[38;2;15;20;20m[48;2;17;17;17m▀[0m      
    [38;2;65;107;65m[48;2;66;107;66m▀[0m[38;2;169;209;112m[48;2;167;207;107m▀[0m[38;2;81;121;72m[48;2;128;168;92m▀[0m[38;2;0;0;0m[48;2;35;75;51m▀[0m   [38;2;85;0;0m[48;2;0;0;0m▀[0m[38;2;141;126;124m[48;2;148;134;131m▀[0m[38;2;202;196;195m[48;2;191;186;186m▀[0m[38;2;199;194;193m[48;2;187;183;183m▀[0m[38;2;129;112;107m[48;2;108;103;102m▀[0m[38;2;173;163;161m[48;2;182;177;177m▀[0m[38;2;165;155;153m[48;2;202;195;193m▀[0m[38;2;63;63;63m[48;2;71;58;58m▀[0m         [38;2;0;0;0m[48;2;93;88;88m▀[0m[38;2;72;122;58m[48;2;156;165;152m▀[0m[38;2;89;140;64m[48;2;98;132;89m▀[0m[38;2;96;145;64m[48;2;99;138;64m▀[0m[38;2;47;63;32m[48;2;0;0;6m▀[0m       
    [38;2;53;92;63m[48;2;0;22;33m▀[0m[38;2;106;151;75m[48;2;104;146;80m▀[0m[38;2;163;204;104m[48;2;154;197;94m▀[0m[38;2;82;124;74m[48;2;127;168;93m▀[0m[38;2;31;63;31m[48;2;5;52;41m▀[0m  [38;2;173;150;150m[48;2;129;114;110m▀[0m[38;2;113;103;100m[48;2;199;193;192m▀[0m[38;2;152;148;148m[48;2;101;95;94m▀[0m[38;2;192;188;188m[48;2;160;156;156m▀[0m[38;2;130;122;121m[48;2;177;170;169m▀[0m[38;2;180;176;175m[48;2;186;181;181m▀[0m[38;2;200;198;198m[48;2;86;81;80m▀[0m[38;2;62;62;62m[48;2;0;0;0m▀[0m        [38;2;63;63;0m[48;2;13;13;0m▀[0m[38;2;112;110;108m[48;2;142;139;138m▀[0m[38;2;162;157;157m[48;2;152;148;148m▀[0m[38;2;167;162;163m[48;2;174;170;170m▀[0m[38;2;86;97;76m[48;2;66;63;66m▀[0m[38;2;0;0;0m▀[0m       
[38;2;31;52;38m[48;2;24;35;27m▀[0m[38;2;35;60;41m[48;2;35;63;44m▀[0m[38;2;36;64;43m▄[0m [38;2;0;39;39m▀[0m[38;2;89;130;75m[48;2;18;20;20m▀[0m[38;2;169;208;110m[48;2;118;156;82m▀[0m[38;2;152;191;103m[48;2;174;214;110m▀[0m[38;2;63;104;65m[48;2;93;135;71m▀[0m[38;2;28;49;35m▄[0m[38;2;34;60;40m[48;2;36;69;46m▀[0m[38;2;35;63;43m[48;2;39;77;50m▀[0m[38;2;137;126;123m[48;2;122;115;109m▀[0m[38;2;169;159;159m[48;2;169;159;158m▀[0m[38;2;173;168;167m[48;2;186;183;183m▀[0m[38;2;189;185;186m[48;2;184;180;180m▀[0m[38;2;164;156;155m[48;2;180;175;175m▀[0m[38;2;93;83;80m[48;2;183;177;177m▀[0m[38;2;78;58;49m[48;2;187;177;176m▀[0m[38;2;151;138;133m▄[0m[38;2;0;0;0m▄[0m     [38;2;56;56;56m▄[0m[38;2;90;90;87m[48;2;130;126;125m▀[0m[38;2;159;155;154m[48;2;194;190;190m▀[0m[38;2;150;147;146m[48;2;190;186;186m▀[0m[38;2;140;137;137m[48;2;64;64;64m▀[0m[38;2;8;8;8m[48;2;0;0;0m▀[0m        
[38;2;24;34;26m[48;2;20;23;20m▀[0m[38;2;28;46;33m[48;2;31;49;35m▀[0m[38;2;41;78;51m[48;2;40;76;50m▀[0m[38;2;37;67;45m[48;2;46;93;60m▀[0m[38;2;31;52;37m[48;2;43;85;56m▀[0m[38;2;33;58;40m[48;2;44;87;57m▀[0m[38;2;37;71;46m[48;2;43;88;58m▀[0m[38;2;108;148;73m[48;2;38;78;49m▀[0m[38;2;135;170;88m[48;2;105;143;72m▀[0m[38;2;36;72;49m[48;2;58;93;51m▀[0m[38;2;38;87;54m[48;2;62;85;65m▀[0m[38;2;80;98;79m[48;2;140;135;130m▀[0m[38;2;181;173;173m[48;2;187;183;183m▀[0m[38;2;187;183;183m[48;2;184;180;180m▀[0m[38;2;184;180;180m[48;2;184;180;180m▀[0m[38;2;184;180;180m[48;2;184;180;180m▀[0m[38;2;184;181;181m[48;2;184;180;180m▀[0m[38;2;182;179;179m[48;2;183;179;179m▀[0m[38;2;226;225;225m[48;2;188;184;184m▀[0m[38;2;217;211;209m[48;2;245;244;244m▀[0m[38;2;102;80;76m[48;2;163;152;149m▀[0m     [38;2;54;54;48m[48;2;109;106;104m▀[0m[38;2;155;151;150m[48;2;186;182;182m▀[0m[38;2;198;194;194m[48;2;200;195;195m▀[0m[38;2;167;164;164m[48;2;120;118;118m▀[0m[38;2;45;45;45m[48;2;0;0;0m▀[0m         
[38;2;16;8;16m▀[0m[38;2;25;37;29m[48;2;18;21;18m▀[0m[38;2;32;54;38m[48;2;29;47;34m▀[0m[38;2;34;62;42m[48;2;28;45;33m▀[0m[38;2;43;85;55m[48;2;28;48;34m▀[0m[38;2;45;91;59m[48;2;28;51;35m▀[0m[38;2;40;85;54m[48;2;71;83;69m▀[0m[38;2;51;79;58m[48;2;165;153;153m▀[0m[38;2;63;89;58m[48;2;153;152;149m▀[0m[38;2;126;135;105m[48;2;73;90;73m▀[0m[38;2;209;198;201m[48;2;152;143;139m▀[0m[38;2;158;148;146m[48;2;161;150;149m▀[0m[38;2;187;183;183m[48;2;185;181;182m▀[0m[38;2;184;180;180m[48;2;184;180;180m▀[0m[38;2;184;180;180m[48;2;184;180;180m▀[0m[38;2;184;180;180m[48;2;184;180;180m▀[0m[38;2;184;180;180m[48;2;184;180;180m▀[0m[38;2;184;180;180m[48;2;184;180;180m▀[0m[38;2;182;178;178m[48;2;182;178;178m▀[0m[38;2;249;249;249m[48;2;219;219;222m▀[0m[38;2;168;154;151m[48;2;187;168;139m▀[0m[38;2;69;0;23m[48;2;194;135;36m▀[0m[38;2;121;98;86m▄[0m[38;2;66;61;61m[48;2;169;167;168m▀[0m[38;2;137;134;134m[48;2;238;237;236m▀[0m[38;2;126;123;120m[48;2;198;195;195m▀[0m[38;2;137;133;131m[48;2;122;120;118m▀[0m[38;2;198;194;194m[48;2;165;161;161m▀[0m[38;2;190;185;185m[48;2;167;163;162m▀[0m[38;2;70;70;70m[48;2;21;21;21m▀[0m[38;2;0;0;0m▀[0m         
[38;2;42;63;42m[48;2;23;34;25m▀[0m[38;2;35;59;39m[48;2;38;71;47m▀[0m[38;2;32;55;37m[48;2;46;90;59m▀[0m[38;2;41;80;53m[48;2;44;89;58m▀[0m[38;2;43;87;56m[48;2;44;90;58m▀[0m[38;2;43;80;53m[48;2;37;59;44m▀[0m[38;2;147;139;136m[48;2;168;162;164m▀[0m[38;2;192;189;189m[48;2;189;185;185m▀[0m[38;2;116;108;108m[48;2;112;108;107m▀[0m[38;2;62;76;59m[48;2;62;59;55m▀[0m[38;2;92;104;88m[48;2;38;66;44m▀[0m[38;2;174;162;161m[48;2;147;140;136m▀[0m[38;2;167;161;161m[48;2;127;126;127m▀[0m[38;2;182;178;178m[48;2;223;221;221m▀[0m[38;2;181;177;177m[48;2;213;210;210m▀[0m[38;2;184;179;179m[48;2;186;182;182m▀[0m[38;2;184;180;180m[48;2;184;180;180m▀[0m[38;2;184;180;180m[48;2;184;180;180m▀[0m[38;2;184;180;181m[48;2;184;180;180m▀[0m[38;2;174;168;171m[48;2;170;162;162m▀[0m[38;2;161;124;88m[48;2;161;138;120m▀[0m[38;2;146;110;34m[48;2;110;89;68m▀[0m[38;2;149;147;146m[48;2;86;80;81m▀[0m[38;2;202;198;198m[48;2;114;112;112m▀[0m[38;2;188;184;184m[48;2;99;95;94m▀[0m[38;2;121;119;119m[48;2;137;128;126m▀[0m[38;2;123;120;121m[48;2;173;167;166m▀[0m[38;2;77;75;75m[48;2;41;41;41m▀[0m[38;2;140;137;136m[48;2;110;108;108m▀[0m[38;2;142;141;140m[48;2;206;202;202m▀[0m[38;2;98;96;93m[48;2;220;219;218m▀[0m[38;2;118;116;114m▄[0m        
[38;2;16;16;16m[48;2;13;13;13m▀[0m[38;2;36;65;44m[48;2;29;50;35m▀[0m[38;2;41;78;52m[48;2;40;76;50m▀[0m[38;2;44;89;57m[48;2;43;85;55m▀[0m[38;2;44;90;58m[48;2;44;90;58m▀[0m[38;2;37;58;43m[48;2;37;57;43m▀[0m[38;2;169;163;165m[48;2;172;166;168m▀[0m[38;2;187;183;183m[48;2;186;182;182m▀[0m[38;2;186;182;182m[48;2;184;180;180m▀[0m[38;2;154;151;151m[48;2;193;189;189m▀[0m[38;2;89;89;86m[48;2;115;111;112m▀[0m[38;2;152;141;138m[48;2;176;173;172m▀[0m[38;2;241;240;240m[48;2;228;226;226m▀[0m[38;2;255;255;255m[48;2;228;227;227m▀[0m[38;2;255;255;255m[48;2;230;228;228m▀[0m[38;2;239;237;237m[48;2;204;201;201m▀[0m[38;2;184;181;181m[48;2;183;180;180m▀[0m[38;2;184;180;180m[48;2;184;180;180m▀[0m[38;2;184;180;180m[48;2;184;180;180m▀[0m[38;2;187;183;183m[48;2;183;179;179m▀[0m[38;2;213;211;212m[48;2;185;181;181m▀[0m[38;2;245;243;245m[48;2;195;192;192m▀[0m[38;2;229;226;225m[48;2;188;184;184m▀[0m[38;2;195;193;193m[48;2;183;179;179m▀[0m[38;2;174;170;170m[48;2;185;181;181m▀[0m[38;2;180;175;174m[48;2;185;181;181m▀[0m[38;2;163;154;152m[48;2;191;188;188m▀[0m[38;2;139;124;121m[48;2;157;145;143m▀[0m[38;2;37;37;35m[48;2;29;27;25m▀[0m[38;2;174;170;170m[48;2;173;170;170m▀[0m[38;2;225;222;222m[48;2;200;195;195m▀[0m[38;2;171;170;170m[48;2;194;193;194m▀[0m[38;2;0;0;0m[48;2;0;0;0m▀[0m       
 [38;2;17;24;20m[48;2;14;0;14m▀[0m[38;2;39;73;49m[48;2;26;43;31m▀[0m[38;2;41;78;51m[48;2;36;65;44m▀[0m[38;2;44;90;58m[48;2;45;91;59m▀[0m[38;2;36;64;44m[48;2;36;77;48m▀[0m[38;2;148;144;145m[48;2;71;74;71m▀[0m[38;2;189;184;184m[48;2;191;185;186m▀[0m[38;2;188;184;184m[48;2;144;136;134m▀[0m[38;2;160;156;156m[48;2;97;95;95m▀[0m[38;2;112;109;109m[48;2;116;113;113m▀[0m[38;2;187;183;183m[48;2;193;189;190m▀[0m[38;2;181;177;177m[48;2;184;180;180m▀[0m[38;2;181;177;177m[48;2;184;180;180m▀[0m[38;2;181;177;177m[48;2;184;180;180m▀[0m[38;2;183;179;179m[48;2;185;182;182m▀[0m[38;2;175;169;168m[48;2;170;163;162m▀[0m[38;2;183;179;179m[48;2;161;151;149m▀[0m[38;2;184;180;180m[48;2;188;185;185m▀[0m[38;2;184;180;180m[48;2;184;180;180m▀[0m[38;2;184;180;180m[48;2;184;180;180m▀[0m[38;2;183;179;179m[48;2;184;180;180m▀[0m[38;2;183;179;179m[48;2;184;180;180m▀[0m[38;2;184;180;180m[48;2;184;180;180m▀[0m[38;2;184;180;180m[48;2;184;180;180m▀[0m[38;2;185;182;182m[48;2;187;184;184m▀[0m[38;2;183;177;176m[48;2;175;167;165m▀[0m[38;2;144;126;121m[48;2;125;106;102m▀[0m[38;2;19;17;19m[48;2;48;48;50m▀[0m[38;2;174;171;171m[48;2;184;180;181m▀[0m[38;2;198;193;193m[48;2;200;196;196m▀[0m[38;2;161;158;158m[48;2;135;132;132m▀[0m[38;2;0;0;0m[48;2;0;0;0m▀[0m       
  [38;2;12;4;12m▀[0m[38;2;22;31;26m▀[0m[38;2;37;69;45m[48;2;32;56;37m▀[0m[38;2;36;64;43m[48;2;41;78;51m▀[0m[38;2;33;66;42m[48;2;39;84;52m▀[0m[38;2;92;92;88m[48;2;75;84;77m▀[0m[38;2;174;160;158m[48;2;197;188;188m▀[0m[38;2;182;183;183m[48;2;212;208;207m▀[0m[38;2;88;87;87m[48;2;240;239;239m▀[0m[38;2;170;163;162m[48;2;196;190;188m▀[0m[38;2;183;179;178m[48;2;185;180;180m▀[0m[38;2;184;180;180m[48;2;184;180;180m▀[0m[38;2;184;180;180m[48;2;184;180;180m▀[0m[38;2;184;180;180m[48;2;184;180;180m▀[0m[38;2;184;180;180m[48;2;185;181;181m▀[0m[38;2;159;149;147m[48;2;184;180;180m▀[0m[38;2;163;159;158m[48;2;116;114;113m▀[0m[38;2;191;187;187m[48;2;113;110;109m▀[0m[38;2;187;183;183m[48;2;169;166;166m▀[0m[38;2;187;183;183m[48;2;161;158;158m▀[0m[38;2;187;183;183m[48;2;158;154;154m▀[0m[38;2;187;183;183m[48;2;161;157;157m▀[0m[38;2;189;185;185m[48;2;134;131;130m▀[0m[38;2;189;186;186m[48;2;74;72;72m▀[0m[38;2;93;88;88m[48;2;0;0;0m▀[0m[38;2;19;19;19m[48;2;47;47;47m▀[0m[38;2;128;125;125m[48;2;119;116;116m▀[0m[38;2;157;153;153m[48;2;81;79;79m▀[0m[38;2;173;169;169m[48;2;85;84;84m▀[0m[38;2;61;60;60m[48;2;0;0;0m▀[0m        
    [38;2;34;60;40m[48;2;28;49;35m▀[0m[38;2;40;75;50m[48;2;39;75;49m▀[0m[38;2;41;80;53m[48;2;43;84;55m▀[0m[38;2;29;54;36m[48;2;33;62;40m▀[0m[38;2;145;140;141m[48;2;51;65;55m▀[0m[38;2;189;184;184m[48;2;161;156;157m▀[0m[38;2;187;183;183m[48;2;189;184;184m▀[0m[38;2;191;187;188m[48;2;189;185;185m▀[0m[38;2;185;181;181m[48;2;184;180;180m▀[0m[38;2;184;180;180m[48;2;184;180;180m▀[0m[38;2;184;180;180m[48;2;184;180;180m▀[0m[38;2;184;180;180m[48;2;186;182;182m▀[0m[38;2;184;180;180m[48;2;186;183;183m▀[0m[38;2;185;181;182m[48;2;190;186;185m▀[0m[38;2;190;186;185m[48;2;157;147;145m▀[0m[38;2;113;102;100m[48;2;149;131;123m▀[0m[38;2;18;20;20m[48;2;0;0;0m▀[0m[38;2;81;79;79m[48;2;132;129;130m▀[0m[38;2;117;115;115m[48;2;206;204;205m▀[0m[38;2;112;110;110m[48;2;200;197;198m▀[0m[38;2;153;152;151m[48;2;223;220;220m▀[0m[38;2;117;113;113m[48;2;131;130;128m▀[0m [38;2;19;19;19m▀[0m[38;2;0;0;0m▀[0m[38;2;67;67;67m[48;2;0;0;0m▀[0m[38;2;37;37;37m[48;2;0;0;0m▀[0m         
    [38;2;0;0;0m▀[0m[38;2;35;64;42m▀[0m[38;2;40;72;49m[48;2;31;31;31m▀[0m[38;2;35;56;40m▀[0m[38;2;22;56;33m[48;2;255;204;102m▀[0m[38;2;27;41;34m[48;2;76;73;47m▀[0m[38;2;86;94;92m[48;2;67;82;41m▀[0m[38;2;144;139;140m[48;2;111;81;22m▀[0m[38;2;184;180;183m[48;2;155;126;88m▀[0m[38;2;185;182;182m[48;2;73;63;62m▀[0m[38;2;188;184;184m[48;2;65;65;69m▀[0m[38;2;171;164;165m[48;2;183;134;52m▀[0m[38;2;159;150;150m[48;2;176;116;41m▀[0m[38;2;138;125;124m[48;2;105;37;30m▀[0m[38;2;97;97;109m[48;2;165;96;53m▀[0m[38;2;255;145;72m▄[0m[38;2;0;11;11m[48;2;46;32;23m▀[0m[38;2;51;47;45m[48;2;133;81;45m▀[0m[38;2;173;149;135m[48;2;109;64;35m▀[0m[38;2;157;142;134m[48;2;84;50;28m▀[0m[38;2;126;116;111m[48;2;32;20;13m▀[0m[38;2;69;57;48m[48;2;34;21;17m▀[0m              
        [38;2;118;76;34m[48;2;0;7;15m▀[0m[38;2;219;144;29m[48;2;77;56;16m▀[0m[38;2;177;123;25m[48;2;159;109;17m▀[0m[38;2;213;146;19m[48;2;231;157;21m▀[0m[38;2;179;122;14m[48;2;232;157;21m▀[0m[38;2;140;103;24m[48;2;109;77;17m▀[0m[38;2;0;0;0m[48;2;59;43;16m▀[0m[38;2;163;111;14m[48;2;220;150;20m▀[0m[38;2;202;130;33m[48;2;238;160;20m▀[0m[38;2;183;129;47m[48;2;239;172;33m▀[0m[38;2;182;144;41m[48;2;197;158;31m▀[0m[38;2;115;76;37m[48;2;166;133;30m▀[0m[38;2;37;26;23m[48;2;36;31;14m▀[0m[38;2;125;77;45m[48;2;61;40;28m▀[0m[38;2;150;90;51m[48;2;140;85;49m▀[0m[38;2;72;46;30m[48;2;73;47;31m▀[0m[38;2;0;0;0m[48;2;62;41;28m▀[0m[38;2;13;13;15m[48;2;39;28;22m▀[0m              
          [38;2;0;0;13m▀[0m[38;2;97;69;17m[48;2;0;0;0m▀[0m[38;2;130;90;18m[48;2;22;18;15m▀[0m[38;2;0;0;9m[48;2;0;0;0m▀[0m[38;2;56;41;17m[48;2;0;0;12m▀[0m[38;2;195;134;20m[48;2;86;63;17m▀[0m[38;2;219;149;20m[48;2;38;31;17m▀[0m[38;2;162;112;17m[48;2;10;10;18m▀[0m[38;2;111;78;18m[48;2;0;0;0m▀[0m[38;2;124;99;25m[48;2;0;0;0m▀[0m[38;2;50;43;19m[48;2;0;0;0m▀[0m[38;2;8;4;13m▀[0m[38;2;57;38;26m▀[0m[38;2;75;48;31m[48;2;0;0;0m▀[0m[38;2;64;42;28m[48;2;0;0;0m▀[0m[38;2;13;0;13m▀[0m              
[0m