                   [38;2;57;164;65m▄[0m[38;2;57;164;65m▄[0m[38;2;57;164;65m[48;2;123;213;106m▀[0m[38;2;57;164;65m[48;2;123;213;106m▀[0m[38;2;57;164;65m[48;2;57;90;41m▀[0m         
      [38;2;57;90;41m[48;2;57;90;41m▀[0m[38;2;57;164;65m[48;2;123;213;106m▀[0m[38;2;57;164;65m[48;2;123;213;106m▀[0m[38;2;57;164;65m[48;2;123;213;106m▀[0m[38;2;57;164;65m▄[0m[38;2;57;90;41m▄[0m     [38;2;57;90;41m▄[0m[38;2;57;90;41m[48;2;57;164;65m▀[0m[38;2;123;213;106m[48;2;57;164;65m▀[0m[38;2;123;213;106m[48;2;57;164;65m▀[0m[38;2;123;213;106m[48;2;57;164;65m▀[0m[38;2;123;213;106m[48;2;123;213;106m▀[0m[38;2;0;0;0m[48;2;0;0;0m▀[0m         
       [38;2;57;90;41m[48;2;0;0;0m▀[0m[38;2;57;164;65m[48;2;57;164;65m▀[0m[38;2;57;164;65m[48;2;57;164;65m▀[0m[38;2;123;213;106m[48;2;57;164;65m▀[0m[38;2;123;213;106m[48;2;57;164;65m▀[0m[38;2;57;90;41m[48;2;57;164;65m▀[0m[38;2;57;90;41m▄[0m[38;2;98;74;57m▄[0m[38;2;98;74;57m[48;2;180;131;82m▀[0m[38;2;57;90;41m▄[0m[38;2;57;90;41m[48;2;57;164;65m▀[0m[38;2;57;164;65m[48;2;57;164;65m▀[0m[38;2;57;164;65m[48;2;57;164;65m▀[0m[38;2;57;164;65m[48;2;57;164;65m▀[0m[38;2;57;164;65m[48;2;57;164;65m▀[0m[38;2;57;90;41m[48;2;0;0;0m▀[0m          
        [38;2;0;0;0m▀[0m[38;2;57;164;65m[48;2;0;0;0m▀[0m[38;2;57;164;65m[48;2;57;90;41m▀[0m[38;2;57;164;65m[48;2;57;164;65m▀[0m[38;2;57;164;65m[48;2;57;164;65m▀[0m[38;2;57;164;65m[48;2;57;164;65m▀[0m[38;2;98;74;57m[48;2;98;74;57m▀[0m[38;2;180;131;82m[48;2;180;131;82m▀[0m[38;2;57;90;41m[48;2;57;90;41m▀[0m[38;2;57;164;65m[48;2;57;164;65m▀[0m[38;2;57;164;65m[48;2;57;164;65m▀[0m[38;2;57;164;65m[48;2;0;0;0m▀[0m[38;2;90;123;65m[48;2;0;0;0m▀[0m[38;2;0;0;0m▀[0m           
           [38;2;0;0;0m▀[0m[38;2;0;0;0m▀[0m[38;2;57;90;41m▀[0m[38;2;57;90;41m▀[0m[38;2;0;0;0m[48;2;0;0;0m▀[0m[38;2;180;131;82m[48;2;180;131;82m▀[0m[38;2;0;0;0m[48;2;98;74;57m▀[0m[38;2;0;0;0m▀[0m              
               [38;2;98;74;57m[48;2;98;74;57m▀[0m[38;2;180;131;82m[48;2;139;106;65m▀[0m[38;2;98;74;57m[48;2;180;131;82m▀[0m[38;2;98;74;57m[48;2;180;131;82m▀[0m[38;2;98;74;57m[48;2;180;131;82m▀[0m[38;2;98;74;57m[48;2;180;131;82m▀[0m[38;2;139;106;65m▄[0m[38;2;139;106;65m▄[0m[38;2;148;172;90m▄[0m[38;2;148;172;90m▄[0m        
             [38;2;98;74;57m▄[0m[38;2;98;74;57m[48;2;139;106;65m▀[0m[38;2;139;106;65m[48;2;139;106;65m▀[0m[38;2;139;106;65m[48;2;98;74;57m▀[0m[38;2;139;106;65m[48;2;139;106;65m▀[0m[38;2;180;131;82m[48;2;139;106;65m▀[0m[38;2;180;131;82m[48;2;180;131;82m▀[0m[38;2;139;106;65m[48;2;189;205;131m▀[0m[38;2;189;205;131m[48;2;189;205;131m▀[0m[38;2;189;205;131m[48;2;189;205;131m▀[0m[38;2;189;205;131m[48;2;189;205;131m▀[0m[38;2;189;205;131m[48;2;222;230;139m▀[0m[38;2;148;172;90m[48;2;222;230;139m▀[0m[38;2;148;172;90m[48;2;222;230;139m▀[0m[38;2;148;172;90m▄[0m     
            [38;2;0;0;0m▄[0m[38;2;98;74;57m[48;2;148;172;90m▀[0m[38;2;98;74;57m[48;2;148;172;90m▀[0m[38;2;98;74;57m[48;2;148;172;90m▀[0m[38;2;148;172;90m[48;2;148;172;90m▀[0m[38;2;148;172;90m[48;2;148;172;90m▀[0m[38;2;139;106;65m[48;2;148;172;90m▀[0m[38;2;139;106;65m[48;2;148;172;90m▀[0m[38;2;189;205;131m[48;2;189;205;131m▀[0m[38;2;189;205;131m[48;2;189;205;131m▀[0m[38;2;189;205;131m[48;2;189;205;131m▀[0m[38;2;189;205;131m[48;2;189;205;131m▀[0m[38;2;189;205;131m[48;2;189;205;131m▀[0m[38;2;222;230;139m[48;2;189;205;131m▀[0m[38;2;222;230;139m[48;2;189;205;131m▀[0m[38;2;222;230;139m[48;2;222;230;139m▀[0m[38;2;148;172;90m[48;2;222;230;139m▀[0m[38;2;90;123;65m▄[0m   
            [38;2;0;0;0m[48;2;57;90;41m▀[0m[38;2;148;172;90m[48;2;148;172;90m▀[0m[38;2;148;172;90m[48;2;148;172;90m▀[0m[38;2;148;172;90m[48;2;148;172;90m▀[0m[38;2;148;172;90m[48;2;148;172;90m▀[0m[38;2;148;172;90m[48;2;148;172;90m▀[0m[38;2;148;172;90m[48;2;148;172;90m▀[0m[38;2;148;172;90m[48;2;148;172;90m▀[0m[38;2;189;205;131m[48;2;189;205;131m▀[0m[38;2;189;205;131m[48;2;189;205;131m▀[0m[38;2;189;205;131m[48;2;189;205;131m▀[0m[38;2;189;205;131m[48;2;189;205;131m▀[0m[38;2;189;205;131m[48;2;189;205;131m▀[0m[38;2;189;205;131m[48;2;189;205;131m▀[0m[38;2;189;205;131m[48;2;189;205;131m▀[0m[38;2;189;205;131m[48;2;189;205;131m▀[0m[38;2;189;205;131m[48;2;189;205;131m▀[0m[38;2;189;205;131m[48;2;189;205;131m▀[0m[38;2;90;123;65m[48;2;189;205;131m▀[0m[38;2;90;123;65m▄[0m 
           [38;2;0;0;0m[48;2;0;0;0m▀[0m[38;2;148;172;90m[48;2;148;172;90m▀[0m[38;2;148;172;90m[48;2;148;172;90m▀[0m[38;2;148;172;90m[48;2;148;172;90m▀[0m[38;2;148;172;90m[48;2;148;172;90m▀[0m[38;2;148;172;90m[48;2;148;172;90m▀[0m[38;2;148;172;90m[48;2;148;172;90m▀[0m[38;2;148;172;90m[48;2;148;172;90m▀[0m[38;2;148;172;90m[48;2;148;172;90m▀[0m[38;2;148;172;90m[48;2;148;172;90m▀[0m[38;2;189;205;131m[48;2;189;205;131m▀[0m[38;2;189;205;131m[48;2;189;205;131m▀[0m[38;2;189;205;131m[48;2;189;205;131m▀[0m[38;2;189;205;131m[48;2;189;205;131m▀[0m[38;2;189;205;131m[48;2;148;172;90m▀[0m[38;2;148;172;90m[48;2;246;230;90m▀[0m[38;2;246;230;90m[48;2;197;189;57m▀[0m[38;2;246;230;90m[48;2;180;131;82m▀[0m[38;2;189;205;131m[48;2;246;230;90m▀[0m[38;2;189;205;131m[48;2;189;205;131m▀[0m[38;2;90;123;65m[48;2;189;205;131m▀[0m[38;2;90;123;65m▄[0m
           [38;2;0;0;0m[48;2;57;90;41m▀[0m[38;2;148;172;90m[48;2;148;172;90m▀[0m[38;2;148;172;90m[48;2;148;172;90m▀[0m[38;2;148;172;90m[48;2;148;172;90m▀[0m[38;2;148;172;90m[48;2;148;172;90m▀[0m[38;2;148;172;90m[48;2;148;172;90m▀[0m[38;2;148;172;90m[48;2;148;172;90m▀[0m[38;2;148;172;90m[48;2;148;172;90m▀[0m[38;2;148;172;90m[48;2;148;172;90m▀[0m[38;2;148;172;90m[48;2;148;172;90m▀[0m[38;2;148;172;90m[48;2;148;172;90m▀[0m[38;2;189;205;131m[48;2;148;172;90m▀[0m[38;2;189;205;131m[48;2;189;205;131m▀[0m[38;2;189;205;131m[48;2;189;205;131m▀[0m[38;2;148;172;90m[48;2;148;172;90m▀[0m[38;2;246;230;90m[48;2;246;230;90m▀[0m[38;2;98;74;57m[48;2;0;0;0m▀[0m[38;2;0;0;0m[48;2;255;255;255m▀[0m[38;2;246;230;90m[48;2;246;230;90m▀[0m[38;2;189;205;131m[48;2;189;205;131m▀[0m[38;2;189;205;131m[48;2;189;205;131m▀[0m[38;2;90;123;65m[48;2;90;123;65m▀[0m
           [38;2;57;90;41m[48;2;90;123;65m▀[0m[38;2;148;172;90m[48;2;148;172;90m▀[0m[38;2;148;172;90m[48;2;148;172;90m▀[0m[38;2;148;172;90m[48;2;148;172;90m▀[0m[38;2;148;172;90m[48;2;148;172;90m▀[0m[38;2;148;172;90m[48;2;148;172;90m▀[0m[38;2;148;172;90m[48;2;148;172;90m▀[0m[38;2;148;172;90m[48;2;148;172;90m▀[0m[38;2;148;172;90m[48;2;148;172;90m▀[0m[38;2;148;172;90m[48;2;98;74;57m▀[0m[38;2;98;74;57m[48;2;197;189;57m▀[0m[38;2;98;74;57m[48;2;246;230;90m▀[0m[38;2;98;74;57m[48;2;246;230;90m▀[0m[38;2;189;205;131m[48;2;98;74;57m▀[0m[38;2;148;172;90m[48;2;148;172;90m▀[0m[38;2;246;230;90m[48;2;246;230;90m▀[0m[38;2;0;0;0m[48;2;98;74;57m▀[0m[38;2;0;0;0m[48;2;0;0;0m▀[0m[38;2;246;230;90m[48;2;246;230;90m▀[0m[38;2;189;205;131m[48;2;189;205;131m▀[0m[38;2;189;205;131m[48;2;189;205;131m▀[0m[38;2;90;123;65m[48;2;57;90;41m▀[0m
       [38;2;0;0;0m▄[0m[38;2;0;0;0m▄[0m[38;2;0;0;0m[48;2;0;0;0m▀[0m[38;2;0;0;0m[48;2;0;0;0m▀[0m[38;2;0;0;0m[48;2;0;0;0m▀[0m[38;2;98;74;57m[48;2;0;0;0m▀[0m[38;2;98;74;57m[48;2;0;0;0m▀[0m[38;2;0;0;0m[48;2;98;74;57m▀[0m[38;2;0;0;0m[48;2;98;74;57m▀[0m[38;2;148;172;90m[48;2;0;0;0m▀[0m[38;2;148;172;90m[48;2;0;0;0m▀[0m[38;2;148;172;90m[48;2;148;172;90m▀[0m[38;2;98;74;57m[48;2;98;74;57m▀[0m[38;2;197;189;57m[48;2;197;189;57m▀[0m[38;2;246;230;90m[48;2;246;230;90m▀[0m[38;2;246;230;90m[48;2;246;230;90m▀[0m[38;2;246;230;90m[48;2;246;230;90m▀[0m[38;2;246;230;90m[48;2;246;230;90m▀[0m[38;2;98;74;57m[48;2;197;189;57m▀[0m[38;2;148;172;90m[48;2;98;74;57m▀[0m[38;2;246;230;90m[48;2;148;172;90m▀[0m[38;2;246;230;90m[48;2;148;172;90m▀[0m[38;2;189;205;131m[48;2;189;205;131m▀[0m[38;2;189;205;131m[48;2;189;205;131m▀[0m[38;2;189;205;131m[48;2;148;172;90m▀[0m[38;2;57;90;41m[48;2;57;90;41m▀[0m
    [38;2;0;0;0m▄[0m[38;2;0;0;0m[48;2;180;131;82m▀[0m[38;2;98;74;57m[48;2;180;131;82m▀[0m[38;2;180;131;82m[48;2;180;131;82m▀[0m[38;2;180;131;82m[48;2;180;131;82m▀[0m[38;2;139;106;65m[48;2;180;131;82m▀[0m[38;2;98;74;57m[48;2;139;106;65m▀[0m[38;2;0;0;0m[48;2;139;106;65m▀[0m[38;2;0;0;0m[48;2;98;74;57m▀[0m[38;2;0;0;0m[48;2;0;0;0m▀[0m[38;2;0;0;0m[48;2;0;0;0m▀[0m[38;2;0;0;0m[48;2;0;0;0m▀[0m[38;2;98;74;57m[48;2;0;0;0m▀[0m[38;2;98;74;57m[48;2;98;74;57m▀[0m[38;2;0;0;0m[48;2;98;74;57m▀[0m[38;2;197;189;57m[48;2;0;0;0m▀[0m[38;2;197;189;57m[48;2;197;189;57m▀[0m[38;2;197;189;57m[48;2;197;189;57m▀[0m[38;2;246;230;90m[48;2;246;230;90m▀[0m[38;2;246;230;90m[48;2;246;230;90m▀[0m[38;2;246;230;90m[48;2;197;189;57m▀[0m[38;2;197;189;57m[48;2;98;74;57m▀[0m[38;2;98;74;57m[48;2;197;189;57m▀[0m[38;2;90;123;65m[48;2;197;189;57m▀[0m[38;2;148;172;90m[48;2;90;123;65m▀[0m[38;2;148;172;90m[48;2;90;123;65m▀[0m[38;2;148;172;90m[48;2;148;172;90m▀[0m[38;2;148;172;90m[48;2;57;90;41m▀[0m[38;2;57;90;41m▀[0m
   [38;2;0;0;0m[48;2;0;0;0m▀[0m[38;2;180;131;82m[48;2;139;106;65m▀[0m[38;2;180;131;82m[48;2;139;106;65m▀[0m[38;2;180;131;82m[48;2;139;106;65m▀[0m[38;2;180;131;82m[48;2;139;106;65m▀[0m[38;2;139;106;65m[48;2;139;106;65m▀[0m[38;2;139;106;65m[48;2;139;106;65m▀[0m[38;2;139;106;65m[48;2;139;106;65m▀[0m[38;2;139;106;65m[48;2;139;106;65m▀[0m[38;2;139;106;65m[48;2;139;106;65m▀[0m[38;2;139;106;65m[48;2;139;106;65m▀[0m[38;2;0;0;0m[48;2;139;106;65m▀[0m[38;2;0;0;0m[48;2;0;0;0m▀[0m[38;2;0;0;0m[48;2;0;0;0m▀[0m[38;2;98;74;57m[48;2;0;0;0m▀[0m[38;2;98;74;57m[48;2;98;74;57m▀[0m[38;2;0;0;0m[48;2;98;74;57m▀[0m[38;2;197;189;57m[48;2;0;0;0m▀[0m[38;2;197;189;57m[48;2;197;189;57m▀[0m[38;2;197;189;57m[48;2;197;189;57m▀[0m[38;2;197;189;57m[48;2;197;189;57m▀[0m[38;2;197;189;57m[48;2;197;189;57m▀[0m[38;2;197;189;57m[48;2;197;189;57m▀[0m[38;2;197;189;57m[48;2;197;189;57m▀[0m[38;2;197;189;57m[48;2;197;189;57m▀[0m[38;2;197;189;57m[48;2;197;189;57m▀[0m[38;2;197;189;57m[48;2;197;189;57m▀[0m[38;2;90;123;65m[48;2;98;74;57m▀[0m[38;2;57;90;41m▀[0m 
  [38;2;0;0;0m[48;2;0;0;0m▀[0m[38;2;139;106;65m[48;2;98;74;57m▀[0m[38;2;139;106;65m[48;2;139;106;65m▀[0m[38;2;139;106;65m[48;2;139;106;65m▀[0m[38;2;139;106;65m[48;2;139;106;65m▀[0m[38;2;139;106;65m[48;2;139;106;65m▀[0m[38;2;139;106;65m[48;2;139;106;65m▀[0m[38;2;139;106;65m[48;2;139;106;65m▀[0m[38;2;139;106;65m[48;2;139;106;65m▀[0m[38;2;139;106;65m[48;2;139;106;65m▀[0m[38;2;139;106;65m[48;2;139;106;65m▀[0m[38;2;139;106;65m[48;2;139;106;65m▀[0m[38;2;139;106;65m[48;2;139;106;65m▀[0m[38;2;98;74;57m[48;2;139;106;65m▀[0m[38;2;0;0;0m[48;2;0;0;0m▀[0m[38;2;0;0;0m[48;2;0;0;0m▀[0m[38;2;0;0;0m[48;2;0;0;0m▀[0m[38;2;0;0;0m[48;2;0;0;0m▀[0m[38;2;0;0;0m[48;2;0;0;0m▀[0m[38;2;98;74;57m[48;2;148;172;90m▀[0m[38;2;197;189;57m[48;2;98;74;57m▀[0m[38;2;197;189;57m[48;2;197;189;57m▀[0m[38;2;197;189;57m[48;2;197;189;57m▀[0m[38;2;197;189;57m[48;2;197;189;57m▀[0m[38;2;197;189;57m[48;2;98;74;57m▀[0m[38;2;197;189;57m[48;2;98;74;57m▀[0m[38;2;98;74;57m▀[0m[38;2;98;74;57m▀[0m   
[38;2;0;0;0m[48;2;0;0;0m▀[0m[38;2;57;90;41m[48;2;148;172;90m▀[0m[38;2;0;0;0m[48;2;148;172;90m▀[0m[38;2;0;0;0m[48;2;90;123;65m▀[0m[38;2;0;0;0m[48;2;0;0;0m▀[0m[38;2;98;74;57m[48;2;0;0;0m▀[0m[38;2;139;106;65m[48;2;0;0;0m▀[0m[38;2;139;106;65m[48;2;0;0;0m▀[0m[38;2;139;106;65m[48;2;0;0;0m▀[0m[38;2;139;106;65m[48;2;0;0;0m▀[0m[38;2;139;106;65m[48;2;0;0;0m▀[0m[38;2;98;74;57m[48;2;0;0;0m▀[0m[38;2;98;74;57m[48;2;0;0;0m▀[0m[38;2;0;0;0m[48;2;0;0;0m▀[0m[38;2;0;0;0m[48;2;0;0;0m▀[0m[38;2;0;0;0m[48;2;0;0;0m▀[0m[38;2;0;0;0m[48;2;0;0;0m▀[0m[38;2;0;0;0m[48;2;0;0;0m▀[0m[38;2;0;0;0m[48;2;90;123;65m▀[0m[38;2;0;0;0m[48;2;148;172;90m▀[0m[38;2;148;172;90m[48;2;148;172;90m▀[0m[38;2;148;172;90m[48;2;148;172;90m▀[0m[38;2;90;123;65m[48;2;148;172;90m▀[0m[38;2;98;74;57m[48;2;57;90;41m▀[0m[38;2;98;74;57m▀[0m[38;2;98;74;57m▀[0m       
 [38;2;0;0;0m[48;2;57;90;41m▀[0m[38;2;148;172;90m[48;2;0;0;0m▀[0m[38;2;148;172;90m[48;2;148;172;90m▀[0m[38;2;148;172;90m[48;2;148;172;90m▀[0m[38;2;148;172;90m[48;2;148;172;90m▀[0m[38;2;90;123;65m[48;2;148;172;90m▀[0m[38;2;0;0;0m[48;2;148;172;90m▀[0m[38;2;0;0;0m[48;2;148;172;90m▀[0m[38;2;0;0;0m[48;2;148;172;90m▀[0m[38;2;0;0;0m[48;2;148;172;90m▀[0m[38;2;0;0;0m[48;2;148;172;90m▀[0m[38;2;0;0;0m[48;2;148;172;90m▀[0m[38;2;0;0;0m[48;2;148;172;90m▀[0m[38;2;0;0;0m[48;2;148;172;90m▀[0m[38;2;148;172;90m[48;2;90;123;65m▀[0m[38;2;148;172;90m[48;2;148;172;90m▀[0m[38;2;148;172;90m[48;2;148;172;90m▀[0m[38;2;148;172;90m[48;2;148;172;90m▀[0m[38;2;148;172;90m[48;2;148;172;90m▀[0m[38;2;148;172;90m[48;2;90;123;65m▀[0m[38;2;148;172;90m[48;2;148;172;90m▀[0m[38;2;148;172;90m[48;2;148;172;90m▀[0m[38;2;90;123;65m[48;2;148;172;90m▀[0m[38;2;57;90;41m▄[0m        
 [38;2;57;90;41m[48;2;57;90;41m▀[0m[38;2;148;172;90m[48;2;148;172;90m▀[0m[38;2;57;90;41m[48;2;148;172;90m▀[0m[38;2;148;172;90m[48;2;148;172;90m▀[0m[38;2;148;172;90m[48;2;57;90;41m▀[0m[38;2;148;172;90m[48;2;57;90;41m▀[0m[38;2;148;172;90m[48;2;148;172;90m▀[0m[38;2;148;172;90m[48;2;148;172;90m▀[0m[38;2;148;172;90m[48;2;90;123;65m▀[0m[38;2;148;172;90m[48;2;148;172;90m▀[0m[38;2;148;172;90m[48;2;148;172;90m▀[0m[38;2;148;172;90m[48;2;148;172;90m▀[0m[38;2;148;172;90m[48;2;148;172;90m▀[0m[38;2;148;172;90m[48;2;148;172;90m▀[0m[38;2;90;123;65m[48;2;148;172;90m▀[0m[38;2;148;172;90m[48;2;90;123;65m▀[0m[38;2;148;172;90m[48;2;148;172;90m▀[0m[38;2;148;172;90m[48;2;148;172;90m▀[0m[38;2;57;90;41m[48;2;57;90;41m▀[0m[38;2;148;172;90m[48;2;148;172;90m▀[0m[38;2;148;172;90m[48;2;148;172;90m▀[0m[38;2;148;172;90m[48;2;148;172;90m▀[0m[38;2;148;172;90m[48;2;148;172;90m▀[0m[38;2;57;90;41m[48;2;57;90;41m▀[0m        
 [38;2;57;90;41m[48;2;57;90;41m▀[0m[38;2;148;172;90m[48;2;197;189;57m▀[0m[38;2;148;172;90m[48;2;148;172;90m▀[0m[38;2;148;172;90m[48;2;197;189;57m▀[0m[38;2;148;172;90m[48;2;148;172;90m▀[0m[38;2;148;172;90m[48;2;148;172;90m▀[0m[38;2;57;90;41m[48;2;57;90;41m▀[0m[38;2;57;90;41m▀[0m[38;2;0;0;0m[48;2;0;0;0m▀[0m[38;2;148;172;90m[48;2;148;172;90m▀[0m[38;2;148;172;90m[48;2;148;172;90m▀[0m[38;2;148;172;90m[48;2;148;172;90m▀[0m[38;2;148;172;90m[48;2;148;172;90m▀[0m[38;2;148;172;90m[48;2;148;172;90m▀[0m[38;2;148;172;90m[48;2;148;172;90m▀[0m[38;2;90;123;65m[48;2;90;123;65m▀[0m[38;2;57;90;41m▀[0m[38;2;0;0;0m[48;2;0;0;0m▀[0m[38;2;148;172;90m[48;2;197;189;57m▀[0m[38;2;148;172;90m[48;2;148;172;90m▀[0m[38;2;148;172;90m[48;2;197;189;57m▀[0m[38;2;148;172;90m[48;2;148;172;90m▀[0m[38;2;148;172;90m[48;2;0;0;0m▀[0m[38;2;57;90;41m▀[0m        
 [38;2;0;0;0m▀[0m[38;2;197;189;57m[48;2;0;0;0m▀[0m[38;2;197;189;57m[48;2;0;0;0m▀[0m[38;2;197;189;57m[48;2;0;0;0m▀[0m[38;2;197;189;57m[48;2;98;74;57m▀[0m[38;2;0;0;0m▀[0m   [38;2;0;0;0m[48;2;98;74;57m▀[0m[38;2;197;189;57m[48;2;197;189;57m▀[0m[38;2;148;172;90m[48;2;197;189;57m▀[0m[38;2;197;189;57m[48;2;197;189;57m▀[0m[38;2;148;172;90m[48;2;197;189;57m▀[0m[38;2;90;123;65m[48;2;98;74;57m▀[0m   [38;2;0;0;0m▀[0m[38;2;197;189;57m[48;2;0;0;0m▀[0m[38;2;197;189;57m[48;2;0;0;0m▀[0m[38;2;197;189;57m[48;2;0;0;0m▀[0m[38;2;0;0;0m▀[0m         
           [38;2;0;0;0m▀[0m[38;2;0;0;0m▀[0m[38;2;0;0;0m▀[0m[38;2;0;0;0m▀[0m                  
[0m