      [38;2;15;15;15m[48;2;16;16;16m▀[0m[38;2;27;24;24m[48;2;77;62;62m▀[0m[38;2;0;4;4m[48;2;48;40;40m▀[0m[38;2;0;0;0m[48;2;29;26;26m▀[0m[38;2;0;0;0m▄[0m[38;2;19;19;19m[48;2;9;9;9m▀[0m[38;2;9;9;9m[48;2;32;28;28m▀[0m[38;2;0;0;0m[48;2;30;26;26m▀[0m[38;2;0;0;0m▄[0m                         
      [38;2;17;17;17m▀[0m[38;2;44;36;36m[48;2;19;16;16m▀[0m[38;2;89;70;70m[48;2;64;49;49m▀[0m[38;2;74;59;59m[48;2;83;65;65m▀[0m[38;2;26;23;23m[48;2;76;61;61m▀[0m[38;2;0;0;0m[48;2;20;18;18m▀[0m[38;2;49;40;40m[48;2;44;37;37m▀[0m[38;2;75;60;60m[48;2;89;71;71m▀[0m[38;2;21;19;19m[48;2;30;27;27m▀[0m[38;2;12;12;12m▄[0m                        
      [38;2;14;14;14m▄[0m[38;2;0;0;0m[48;2;12;14;14m▀[0m[38;2;31;25;25m[48;2;20;18;18m▀[0m[38;2;59;42;42m[48;2;48;35;35m▀[0m[38;2;72;55;55m[48;2;57;41;41m▀[0m[38;2;63;49;49m[48;2;57;40;40m▀[0m[38;2;47;37;37m[48;2;57;41;41m▀[0m[38;2;84;66;66m[48;2;64;48;48m▀[0m[38;2;78;63;63m[48;2;67;51;51m▀[0m[38;2;11;14;14m[48;2;35;27;27m▀[0m[38;2;11;11;11m▄[0m                       
     [38;2;12;12;12m[48;2;0;0;0m▀[0m[38;2;40;31;31m[48;2;18;17;17m▀[0m[38;2;52;39;39m[48;2;47;36;36m▀[0m[38;2;49;36;36m[48;2;54;39;39m▀[0m[38;2;53;38;38m[48;2;60;43;43m▀[0m[38;2;57;41;41m[48;2;57;41;41m▀[0m[38;2;57;41;41m[48;2;57;41;41m▀[0m[38;2;57;41;41m[48;2;57;41;41m▀[0m[38;2;56;40;40m[48;2;57;41;41m▀[0m[38;2;58;41;41m[48;2;57;41;41m▀[0m[38;2;48;36;36m[48;2;59;42;42m▀[0m[38;2;13;13;13m[48;2;35;27;27m▀[0m[38;2;0;0;0m[48;2;8;8;8m▀[0m                      
       [38;2;10;12;12m▀[0m[38;2;26;22;22m[48;2;0;14;14m▀[0m[38;2;39;31;31m[48;2;6;10;10m▀[0m[38;2;56;40;40m[48;2;27;22;22m▀[0m[38;2;60;43;43m[48;2;27;23;23m▀[0m[38;2;58;42;42m[48;2;41;31;31m▀[0m[38;2;57;41;41m[48;2;59;42;42m▀[0m[38;2;57;41;41m[48;2;56;41;41m▀[0m[38;2;59;42;42m[48;2;58;42;42m▀[0m[38;2;35;27;27m[48;2;53;38;38m▀[0m[38;2;4;4;4m[48;2;23;19;20m▀[0m[38;2;122;45;61m▄[0m[38;2;138;51;68m▄[0m[38;2;125;45;60m▄[0m                   
          [38;2;0;0;0m▀[0m[38;2;0;0;0m▀[0m[38;2;18;15;15m▀[0m[38;2;16;19;17m[48;2;140;45;65m▀[0m[38;2;31;21;23m[48;2;142;58;74m▀[0m[38;2;44;35;34m[48;2;74;39;45m▀[0m[38;2;45;36;35m[48;2;68;37;42m▀[0m[38;2;42;28;30m[48;2;156;72;86m▀[0m[38;2;211;115;132m[48;2;190;89;105m▀[0m[38;2;236;133;151m[48;2;214;114;131m▀[0m[38;2;176;87;103m[48;2;229;129;146m▀[0m[38;2;140;56;72m[48;2;238;134;153m▀[0m[38;2;102;30;40m[48;2;147;69;83m▀[0m[38;2;0;0;0m▄[0m                
            [38;2;0;7;3m[48;2;10;14;12m▀[0m[38;2;128;57;69m[48;2;134;65;76m▀[0m[38;2;188;85;102m[48;2;187;85;102m▀[0m[38;2;189;86;103m[48;2;180;82;98m▀[0m[38;2;189;86;103m[48;2;180;82;98m▀[0m[38;2;182;83;99m[48;2;180;82;98m▀[0m[38;2;179;81;97m[48;2;180;82;98m▀[0m[38;2;176;78;94m[48;2;180;82;98m▀[0m[38;2;190;92;108m[48;2;178;80;96m▀[0m[38;2;231;130;148m[48;2;189;91;107m▀[0m[38;2;222;128;144m[48;2;245;140;158m▀[0m[38;2;91;57;63m[48;2;144;85;95m▀[0m[38;2;0;0;0m[48;2;11;8;8m▀[0m               
          [38;2;24;21;21m▄[0m[38;2;30;27;25m[48;2;73;63;63m▀[0m[38;2;91;46;53m[48;2;58;33;36m▀[0m[38;2;197;88;106m[48;2;124;62;71m▀[0m[38;2;181;82;98m[48;2;179;82;98m▀[0m[38;2;179;82;98m[48;2;187;84;101m▀[0m[38;2;184;83;100m[48;2;150;71;84m▀[0m[38;2;187;84;101m[48;2;116;59;67m▀[0m[38;2;180;82;98m[48;2;182;83;99m▀[0m[38;2;180;82;98m[48;2;183;83;99m▀[0m[38;2;180;82;98m[48;2;188;85;102m▀[0m[38;2;187;85;101m[48;2;125;60;70m▀[0m[38;2;226;124;141m[48;2;140;70;81m▀[0m[38;2;247;141;159m[48;2;188;100;115m▀[0m[38;2;77;47;53m[48;2;90;72;71m▀[0m[38;2;44;34;34m[48;2;99;89;86m▀[0m[38;2;103;78;78m[48;2;50;42;42m▀[0m             
         [38;2;11;11;11m[48;2;10;10;10m▀[0m[38;2;71;61;61m[48;2;84;71;71m▀[0m[38;2;66;51;51m[48;2;103;86;86m▀[0m[38;2;62;51;51m[48;2;107;91;91m▀[0m[38;2;86;76;75m[48;2;110;94;94m▀[0m[38;2;79;44;50m[48;2;90;78;78m▀[0m[38;2;153;71;83m[48;2;32;26;27m▀[0m[38;2;83;62;63m[48;2;70;61;61m▀[0m[38;2;82;73;72m[48;2;113;97;97m▀[0m[38;2;86;46;52m[48;2;83;71;71m▀[0m[38;2;148;71;83m[48;2;60;49;50m▀[0m[38;2;86;50;54m[48;2;113;103;99m▀[0m[38;2;102;92;87m[48;2;128;120;113m▀[0m[38;2;99;85;81m[48;2;107;93;92m▀[0m[38;2;91;67;66m[48;2;102;88;88m▀[0m[38;2;130;124;115m[48;2;125;114;108m▀[0m[38;2;107;96;93m[48;2;43;40;40m▀[0m[38;2;8;10;10m[48;2;0;0;0m▀[0m             
      [38;2;13;15;15m▄[0m[38;2;13;13;13m▄[0m[38;2;10;10;10m[48;2;27;23;23m▀[0m[38;2;8;11;11m[48;2;45;33;33m▀[0m[38;2;18;17;17m[48;2;21;20;20m▀[0m[38;2;111;95;95m[48;2;48;43;43m▀[0m[38;2;100;84;84m[48;2;50;39;39m▀[0m[38;2;99;83;83m[48;2;92;75;75m▀[0m[38;2;107;91;91m[48;2;109;93;93m▀[0m[38;2;107;91;91m[48;2;106;90;90m▀[0m[38;2;107;91;91m[48;2;108;91;91m▀[0m[38;2;106;90;90m[48;2;108;92;92m▀[0m[38;2;107;91;91m[48;2;107;91;91m▀[0m[38;2;107;91;91m[48;2;107;91;91m▀[0m[38;2;106;90;90m[48;2;107;91;91m▀[0m[38;2;105;89;89m[48;2;106;90;90m▀[0m[38;2;106;90;90m[48;2;109;92;92m▀[0m[38;2;106;90;90m[48;2;107;91;91m▀[0m[38;2;106;90;90m[48;2;109;92;92m▀[0m[38;2;108;91;91m[48;2;58;50;50m▀[0m[38;2;46;41;41m[48;2;42;38;38m▀[0m[38;2;0;0;0m[48;2;11;12;12m▀[0m[38;2;15;15;15m▄[0m           
  [38;2;0;0;0m▄[0m[38;2;0;0;0m[48;2;30;26;26m▀[0m[38;2;10;10;10m[48;2;43;35;35m▀[0m[38;2;17;17;17m[48;2;61;44;44m▀[0m[38;2;42;32;32m[48;2;56;40;40m▀[0m[38;2;52;38;38m[48;2;58;42;42m▀[0m[38;2;54;39;39m[48;2;58;41;41m▀[0m[38;2;60;43;43m[48;2;57;41;41m▀[0m[38;2;51;38;38m[48;2;56;40;40m▀[0m[38;2;45;32;32m[48;2;26;22;22m▀[0m[38;2;37;28;28m[48;2;59;42;42m▀[0m[38;2;28;25;25m[48;2;55;39;39m▀[0m[38;2;94;81;81m[48;2;27;25;25m▀[0m[38;2;111;94;94m[48;2;63;55;55m▀[0m[38;2;63;54;54m[48;2;39;29;29m▀[0m[38;2;30;27;27m[48;2;56;40;40m▀[0m[38;2;98;84;84m[48;2;27;23;23m▀[0m[38;2;70;61;61m[48;2;39;30;30m▀[0m[38;2;70;60;60m[48;2;38;29;29m▀[0m[38;2;106;91;91m[48;2;66;58;58m▀[0m[38;2;27;26;26m[48;2;35;28;28m▀[0m[38;2;67;58;58m[48;2;43;32;32m▀[0m[38;2;54;47;47m[48;2;23;20;20m▀[0m[38;2;41;31;31m[48;2;55;40;40m▀[0m[38;2;48;34;34m[48;2;59;42;42m▀[0m[38;2;51;38;38m[48;2;58;42;42m▀[0m[38;2;50;37;37m[48;2;58;41;41m▀[0m[38;2;21;18;18m[48;2;57;40;40m▀[0m[38;2;19;17;17m[48;2;71;55;55m▀[0m[38;2;21;20;20m[48;2;84;67;67m▀[0m[38;2;5;11;11m[48;2;40;34;34m▀[0m[38;2;0;0;0m[48;2;32;27;27m▀[0m[38;2;0;0;0m[48;2;33;25;25m▀[0m[38;2;38;22;22m▄[0m    
[38;2;0;6;6m▄[0m[38;2;0;0;0m[48;2;38;33;33m▀[0m[38;2;39;33;33m[48;2;82;65;65m▀[0m[38;2;82;65;65m[48;2;84;67;67m▀[0m[38;2;86;68;68m[48;2;80;64;64m▀[0m[38;2;76;60;60m[48;2;84;66;66m▀[0m[38;2;69;52;52m[48;2;85;68;68m▀[0m[38;2;57;41;41m[48;2;76;60;60m▀[0m[38;2;56;40;40m[48;2;78;61;61m▀[0m[38;2;57;41;41m[48;2;66;49;49m▀[0m[38;2;40;31;31m[48;2;23;20;20m▀[0m[38;2;40;31;31m[48;2;58;42;42m▀[0m[38;2;58;42;42m[48;2;56;40;40m▀[0m[38;2;58;41;41m[48;2;53;37;38m▀[0m[38;2;39;30;30m[48;2;32;25;25m▀[0m[38;2;42;31;31m[48;2;29;25;25m▀[0m[38;2;61;43;43m[48;2;27;23;23m▀[0m[38;2;57;41;41m[48;2;46;33;34m▀[0m[38;2;59;42;42m[48;2;53;37;38m▀[0m[38;2;58;42;42m[48;2;58;42;42m▀[0m[38;2;59;42;42m[48;2;58;42;42m▀[0m[38;2;38;29;29m[48;2;60;43;43m▀[0m[38;2;58;41;41m[48;2;57;41;41m▀[0m[38;2;58;41;41m[48;2;57;41;41m▀[0m[38;2;59;42;42m[48;2;57;41;41m▀[0m[38;2;59;42;42m[48;2;33;26;26m▀[0m[38;2;57;41;41m[48;2;55;40;40m▀[0m[38;2;57;41;41m[48;2;56;40;40m▀[0m[38;2;56;40;40m[48;2;74;57;57m▀[0m[38;2;72;55;55m[48;2;83;66;65m▀[0m[38;2;83;66;66m[48;2;88;71;72m▀[0m[38;2;80;63;63m[48;2;114;102;98m▀[0m[38;2;83;65;65m[48;2;120;110;103m▀[0m[38;2;100;83;82m[48;2;128;118;112m▀[0m[38;2;104;91;87m[48;2;135;127;119m▀[0m[38;2;96;83;79m[48;2;137;129;121m▀[0m[38;2;60;42;42m[48;2;120;110;103m▀[0m[38;2;47;31;31m[48;2;97;85;80m▀[0m[38;2;44;28;28m▄[0m 
[38;2;29;26;26m[48;2;28;23;23m▀[0m[38;2;86;69;69m[48;2;59;49;49m▀[0m[38;2;87;69;69m[48;2;58;47;47m▀[0m[38;2;69;55;55m[48;2;25;22;22m▀[0m[38;2;49;40;40m[48;2;61;49;49m▀[0m[38;2;81;64;64m[48;2;38;32;32m▀[0m[38;2;70;57;57m[48;2;8;10;10m▀[0m[38;2;33;30;30m[48;2;0;17;0m▀[0m[38;2;77;62;62m[48;2;2;4;5m▀[0m[38;2;32;27;28m[48;2;61;61;53m▀[0m[38;2;28;19;21m[48;2;108;109;92m▀[0m[38;2;43;29;31m[48;2;82;77;63m▀[0m[38;2;43;35;33m[48;2;135;124;100m▀[0m[38;2;45;42;37m[48;2;165;149;117m▀[0m[38;2;174;165;134m[48;2;174;171;137m▀[0m[38;2;232;233;194m[48;2;180;177;142m▀[0m[38;2;233;234;194m[48;2;215;213;175m▀[0m[38;2;94;94;80m[48;2;255;255;215m▀[0m[38;2;46;44;39m[48;2;221;222;183m▀[0m[38;2;39;25;28m[48;2;96;97;82m▀[0m[38;2;39;26;28m[48;2;101;102;86m▀[0m[38;2;40;27;29m[48;2;103;104;88m▀[0m[38;2;59;42;42m[48;2;31;22;24m▀[0m[38;2;58;42;42m[48;2;43;29;31m▀[0m[38;2;58;41;41m[48;2;61;44;43m▀[0m[38;2;51;37;37m[48;2;61;44;44m▀[0m[38;2;28;25;25m[48;2;81;63;63m▀[0m[38;2;39;30;30m[48;2;44;37;37m▀[0m[38;2;85;71;70m[48;2;7;10;9m▀[0m[38;2;133;124;116m[48;2;81;77;73m▀[0m[38;2;134;125;117m[48;2;112;106;99m▀[0m[38;2;115;109;102m[48;2;92;87;81m▀[0m[38;2;133;125;117m[48;2;84;79;74m▀[0m[38;2;132;124;116m[48;2;137;129;121m▀[0m[38;2;132;124;116m[48;2;136;128;120m▀[0m[38;2;113;107;100m[48;2;77;73;68m▀[0m[38;2;136;128;120m[48;2;77;72;68m▀[0m[38;2;138;131;122m[48;2;117;105;100m▀[0m[38;2;95;82;78m[48;2;144;136;127m▀[0m[38;2;59;40;40m[48;2;64;54;52m▀[0m
[38;2;0;0;0m▀[0m[38;2;8;8;8m▀[0m[38;2;5;8;8m▀[0m[38;2;0;0;0m▀[0m[38;2;5;8;8m▀[0m[38;2;6;6;6m[48;2;0;0;0m▀[0m[38;2;21;19;18m▄[0m[38;2;0;0;1m[48;2;130;119;93m▀[0m[38;2;80;82;68m[48;2;81;76;58m▀[0m[38;2;227;228;189m[48;2;63;63;54m▀[0m[38;2;222;214;174m[48;2;92;85;62m▀[0m[38;2;81;75;62m[48;2;152;139;111m▀[0m[38;2;98;90;70m[48;2;153;140;111m▀[0m[38;2;139;127;96m[48;2;180;164;131m▀[0m[38;2;126;114;87m[48;2;157;144;115m▀[0m[38;2;63;56;42m[48;2;72;67;56m▀[0m[38;2;146;137;105m[48;2;179;163;129m▀[0m[38;2;143;139;108m[48;2;160;144;113m▀[0m[38;2;238;237;196m[48;2;111;105;79m▀[0m[38;2;255;255;212m[48;2;59;58;50m▀[0m[38;2;255;255;214m[48;2;56;55;48m▀[0m[38;2;167;163;128m[48;2;183;180;147m▀[0m[38;2;131;124;101m[48;2;239;236;193m▀[0m[38;2;97;96;81m[48;2;211;212;175m▀[0m[38;2;20;14;16m[48;2;154;145;117m▀[0m[38;2;29;23;23m[48;2;143;131;104m▀[0m[38;2;66;48;49m[48;2;34;31;28m▀[0m[38;2;72;58;58m[48;2;60;49;49m▀[0m[38;2;27;24;24m[48;2;26;22;24m▀[0m[38;2;0;0;0m▀[0m[38;2;36;35;33m[48;2;0;0;0m▀[0m[38;2;68;64;60m[48;2;0;0;0m▀[0m[38;2;25;25;23m▀[0m[38;2;61;56;53m[48;2;0;0;0m▀[0m[38;2;110;99;93m[48;2;32;28;28m▀[0m[38;2;142;135;125m[48;2;61;49;48m▀[0m[38;2;81;76;71m[48;2;125;110;105m▀[0m[38;2;36;31;31m[48;2;0;0;0m▀[0m[38;2;63;60;56m[48;2;0;0;0m▀[0m[38;2;29;29;27m▀[0m
     [38;2;7;7;9m[48;2;1;1;5m▀[0m[38;2;90;82;62m[48;2;142;130;105m▀[0m[38;2;131;119;90m[48;2;190;172;138m▀[0m[38;2;181;165;132m[48;2;180;164;131m▀[0m[38;2;178;161;129m[48;2;181;165;132m▀[0m[38;2;123;112;85m[48;2;180;164;132m▀[0m[38;2;141;128;103m[48;2;94;87;71m▀[0m[38;2;195;177;141m[48;2;85;79;64m▀[0m[38;2;187;170;136m[48;2;118;108;84m▀[0m[38;2;105;96;70m[48;2;148;135;103m▀[0m[38;2;180;164;131m[48;2;181;165;132m▀[0m[38;2;181;165;132m[48;2;180;164;131m▀[0m[38;2;182;166;133m[48;2;180;164;131m▀[0m[38;2;177;161;128m[48;2;180;164;131m▀[0m[38;2;176;160;127m[48;2;180;164;131m▀[0m[38;2;175;159;127m[48;2;180;164;131m▀[0m[38;2;184;168;134m[48;2;180;164;131m▀[0m[38;2;169;153;121m[48;2;181;165;132m▀[0m[38;2;87;79;62m[48;2;186;170;136m▀[0m[38;2;100;92;70m[48;2;186;169;136m▀[0m[38;2;130;119;94m[48;2;106;98;79m▀[0m[38;2;168;153;120m[48;2;131;119;90m▀[0m[38;2;121;111;90m[48;2;134;122;92m▀[0m[38;2;59;55;47m[48;2;136;124;94m▀[0m[38;2;9;12;16m[48;2;57;52;39m▀[0m[38;2;0;0;7m[48;2;33;29;22m▀[0m[38;2;0;0;0m▄[0m        
     [38;2;1;1;5m[48;2;2;2;4m▀[0m[38;2;142;130;104m[48;2;122;112;90m▀[0m[38;2;186;169;135m[48;2;183;166;133m▀[0m[38;2;180;164;131m[48;2;180;164;131m▀[0m[38;2;180;164;131m[48;2;180;164;131m▀[0m[38;2;182;166;133m[48;2;180;164;131m▀[0m[38;2;176;161;128m[48;2;181;165;132m▀[0m[38;2;131;120;97m[48;2;186;170;135m▀[0m[38;2;100;91;67m[48;2;179;163;130m▀[0m[38;2;75;69;56m[48;2;163;149;118m▀[0m[38;2;176;161;128m[48;2;86;79;59m▀[0m[38;2;178;162;130m[48;2;111;101;81m▀[0m[38;2;181;165;132m[48;2;183;167;132m▀[0m[38;2;180;164;131m[48;2;180;164;131m▀[0m[38;2;180;164;131m[48;2;180;164;131m▀[0m[38;2;180;164;131m[48;2;180;164;131m▀[0m[38;2;180;164;131m[48;2;180;164;131m▀[0m[38;2;180;164;131m[48;2;180;164;131m▀[0m[38;2;180;164;131m[48;2;180;164;131m▀[0m[38;2;180;164;131m[48;2;180;164;131m▀[0m[38;2;189;172;138m[48;2;180;164;131m▀[0m[38;2;175;159;127m[48;2;181;165;132m▀[0m[38;2;151;138;107m[48;2;183;167;134m▀[0m[38;2;152;138;107m[48;2;182;164;131m▀[0m[38;2;171;158;125m[48;2;191;177;143m▀[0m[38;2;208;208;170m[48;2;255;255;219m▀[0m[38;2;84;84;73m[48;2;104;104;89m▀[0m[38;2;0;0;0m[48;2;0;0;0m▀[0m       
      [38;2;10;10;12m[48;2;15;15;15m▀[0m[38;2;168;154;124m[48;2;172;157;126m▀[0m[38;2;181;165;132m[48;2;181;165;132m▀[0m[38;2;180;164;131m[48;2;180;164;131m▀[0m[38;2;180;164;131m[48;2;180;164;131m▀[0m[38;2;180;164;131m[48;2;180;164;131m▀[0m[38;2;180;164;131m[48;2;180;164;131m▀[0m[38;2;180;164;131m[48;2;180;164;131m▀[0m[38;2;181;165;132m[48;2;180;164;131m▀[0m[38;2;190;174;139m[48;2;189;173;138m▀[0m[38;2;111;102;79m[48;2;83;77;64m▀[0m[38;2;148;134;106m[48;2;87;79;61m▀[0m[38;2;184;168;134m[48;2;180;165;131m▀[0m[38;2;180;164;131m[48;2;181;165;132m▀[0m[38;2;180;164;131m[48;2;180;164;131m▀[0m[38;2;180;164;131m[48;2;180;164;131m▀[0m[38;2;180;164;131m[48;2;180;164;131m▀[0m[38;2;180;164;131m[48;2;180;164;131m▀[0m[38;2;180;164;131m[48;2;180;164;131m▀[0m[38;2;180;164;131m[48;2;180;164;131m▀[0m[38;2;180;164;131m[48;2;180;164;131m▀[0m[38;2;180;164;131m[48;2;181;165;132m▀[0m[38;2;180;164;130m[48;2;183;168;133m▀[0m[38;2;214;205;167m[48;2;251;251;207m▀[0m[38;2;211;211;175m[48;2;146;146;122m▀[0m[38;2;76;76;66m[48;2;0;0;0m▀[0m[38;2;0;0;0m▀[0m       
      [38;2;19;19;19m▀[0m[38;2;59;55;46m[48;2;35;34;29m▀[0m[38;2;188;172;137m[48;2;156;143;115m▀[0m[38;2;180;164;131m[48;2;187;170;136m▀[0m[38;2;180;164;131m[48;2;180;164;131m▀[0m[38;2;180;164;131m[48;2;180;164;131m▀[0m[38;2;180;164;131m[48;2;180;164;131m▀[0m[38;2;180;164;131m[48;2;180;164;131m▀[0m[38;2;180;164;131m[48;2;180;164;131m▀[0m[38;2;181;165;132m[48;2;180;164;131m▀[0m[38;2;174;159;127m[48;2;191;174;139m▀[0m[38;2;53;49;41m[48;2;70;65;52m▀[0m[38;2;172;158;126m[48;2;110;101;82m▀[0m[38;2;187;170;136m[48;2;131;119;95m▀[0m[38;2;181;165;132m[48;2;173;157;124m▀[0m[38;2;180;164;131m[48;2;187;170;137m▀[0m[38;2;180;164;131m[48;2;180;164;131m▀[0m[38;2;180;164;131m[48;2;180;164;131m▀[0m[38;2;180;164;131m[48;2;180;164;131m▀[0m[38;2;180;164;131m[48;2;184;167;134m▀[0m[38;2;184;167;133m[48;2;176;161;129m▀[0m[38;2;173;157;125m[48;2;69;62;53m▀[0m[38;2;199;195;161m[48;2;29;25;25m▀[0m[38;2;252;252;208m[48;2;138;138;116m▀[0m[38;2;140;140;118m[48;2;6;6;7m▀[0m[38;2;0;0;0m▀[0m        
       [38;2;0;0;0m▀[0m[38;2;44;41;34m[48;2;0;0;0m▀[0m[38;2;154;140;113m[48;2;37;35;31m▀[0m[38;2;186;170;136m[48;2;156;143;115m▀[0m[38;2;180;164;131m[48;2;180;165;131m▀[0m[38;2;180;164;131m[48;2;185;168;134m▀[0m[38;2;180;164;131m[48;2;185;168;134m▀[0m[38;2;180;164;131m[48;2;184;167;134m▀[0m[38;2;184;168;134m[48;2;156;142;111m▀[0m[38;2;154;140;109m[48;2;129;118;89m▀[0m[38;2;136;123;93m[48;2;181;165;132m▀[0m[38;2;97;90;73m[48;2;190;173;138m▀[0m[38;2;111;101;80m[48;2;189;172;138m▀[0m[38;2;132;120;91m[48;2;169;154;121m▀[0m[38;2;131;119;90m[48;2;160;145;113m▀[0m[38;2;180;164;131m[48;2;182;166;132m▀[0m[38;2;180;164;131m[48;2;181;165;132m▀[0m[38;2;187;169;136m[48;2;90;83;68m▀[0m[38;2;179;163;130m[48;2;47;42;37m▀[0m[38;2;67;61;52m[48;2;46;32;33m▀[0m[38;2;43;30;32m[48;2;60;43;43m▀[0m[38;2;60;43;43m[48;2;57;41;41m▀[0m[38;2;9;7;9m[48;2;17;16;16m▀[0m[38;2;14;14;14m▀[0m         
         [38;2;0;0;0m▀[0m[38;2;17;17;17m[48;2;20;18;18m▀[0m[38;2;57;51;44m[48;2;50;37;37m▀[0m[38;2;149;138;110m[48;2;38;21;25m▀[0m[38;2;144;133;107m[48;2;39;21;25m▀[0m[38;2;187;170;136m[48;2;100;92;76m▀[0m[38;2;164;149;117m[48;2;117;107;88m▀[0m[38;2;138;127;96m[48;2;81;75;58m▀[0m[38;2;187;171;136m[48;2;95;87;69m▀[0m[38;2;189;172;137m[48;2;113;104;84m▀[0m[38;2;191;174;139m[48;2;117;107;88m▀[0m[38;2;166;151;122m[48;2;59;55;45m▀[0m[38;2;153;140;113m[48;2;5;6;7m▀[0m[38;2;119;109;88m[48;2;35;27;28m▀[0m[38;2;23;22;21m[48;2;74;43;46m▀[0m[38;2;43;33;33m[48;2;65;41;43m▀[0m[38;2;53;37;38m[48;2;57;42;42m▀[0m[38;2;57;41;41m[48;2;33;25;25m▀[0m[38;2;51;38;38m[48;2;10;13;13m▀[0m[38;2;27;22;22m[48;2;10;20;20m▀[0m[38;2;15;15;15m▀[0m          
        [38;2;0;0;0m▄[0m[38;2;28;26;26m▄[0m[38;2;44;31;34m▄[0m[38;2;40;27;29m[48;2;131;54;68m▀[0m[38;2;146;62;77m[48;2;190;85;103m▀[0m[38;2;79;42;47m[48;2;80;42;48m▀[0m[38;2;0;0;0m[48;2;19;6;12m▀[0m[38;2;0;0;0m▀[0m[38;2;0;0;3m▀[0m[38;2;0;0;0m▀[0m[38;2;0;0;0m▀[0m[38;2;0;0;0m▀[0m[38;2;0;0;0m▀[0m[38;2;17;17;17m▀[0m[38;2;32;28;27m[48;2;0;0;0m▀[0m[38;2;114;57;65m[48;2;93;49;56m▀[0m[38;2;132;56;69m[48;2;191;85;103m▀[0m[38;2;33;24;26m[48;2;24;17;19m▀[0m[38;2;0;5;5m[48;2;113;28;42m▀[0m[38;2;49;29;29m▄[0m            
        [38;2;7;10;10m[48;2;18;18;18m▀[0m[38;2;51;48;46m[48;2;4;9;9m▀[0m[38;2;202;113;127m[48;2;76;38;45m▀[0m[38;2;196;89;107m[48;2;91;47;54m▀[0m[38;2;190;86;103m[48;2;89;46;53m▀[0m[38;2;194;87;106m[48;2;90;46;54m▀[0m[38;2;36;24;27m[48;2;34;23;25m▀[0m      [38;2;0;63;63m[48;2;17;51;51m▀[0m[38;2;69;45;47m[48;2;113;74;78m▀[0m[38;2;121;59;69m[48;2;194;87;105m▀[0m[38;2;187;85;101m[48;2;185;84;100m▀[0m[38;2;109;61;71m[48;2;222;112;131m▀[0m[38;2;132;66;77m[48;2;155;83;95m▀[0m[38;2;67;53;52m[48;2;41;38;38m▀[0m[38;2;43;37;37m[48;2;33;31;31m▀[0m[38;2;0;0;0m[48;2;0;0;0m▀[0m          
          [38;2;0;0;0m▀[0m[38;2;0;0;0m▀[0m[38;2;0;0;0m▀[0m[38;2;0;0;0m▀[0m       [38;2;0;85;85m▀[0m[38;2;65;45;47m▀[0m[38;2;53;31;35m▀[0m[38;2;52;30;34m▀[0m[38;2;51;29;33m▀[0m[38;2;45;26;29m▀[0m[38;2;0;0;0m▀[0m[38;2;0;0;0m▀[0m           
[0m