                 [38;2;17;17;17m[48;2;10;10;6m▀[0m[38;2;19;19;19m[48;2;35;35;38m▀[0m[38;2;19;19;19m[48;2;47;47;53m▀[0m[38;2;0;0;0m[48;2;20;20;18m▀[0m[38;2;0;0;0m▄[0m                  
                 [38;2;9;9;6m[48;2;9;9;4m▀[0m[38;2;31;31;34m[48;2;35;35;39m▀[0m[38;2;82;82;87m[48;2;75;75;81m▀[0m[38;2;54;54;54m[48;2;62;62;63m▀[0m[38;2;0;0;0m[48;2;28;28;26m▀[0m[38;2;0;0;0m▄[0m                 
                 [38;2;7;7;7m▄[0m[38;2;40;40;43m[48;2;23;23;25m▀[0m[38;2;47;47;54m[48;2;46;46;53m▀[0m[38;2;76;76;83m[48;2;44;44;52m▀[0m[38;2;46;46;47m[48;2;22;22;24m▀[0m[38;2;6;6;6m[48;2;15;15;7m▀[0m                 
                 [38;2;9;9;6m[48;2;9;9;6m▀[0m[38;2;33;33;36m[48;2;33;33;37m▀[0m[38;2;72;72;79m[48;2;66;66;74m▀[0m[38;2;70;70;71m[48;2;90;90;92m▀[0m[38;2;37;37;36m[48;2;50;50;49m▀[0m[38;2;0;0;0m[48;2;3;3;3m▀[0m                 
                 [38;2;14;14;0m▀[0m[38;2;20;20;20m[48;2;8;8;5m▀[0m[38;2;41;41;46m[48;2;38;38;42m▀[0m[38;2;67;67;76m[48;2;42;42;47m▀[0m[38;2;37;37;39m[48;2;16;16;16m▀[0m[38;2;9;9;6m[48;2;21;21;0m▀[0m                 
                  [38;2;10;10;7m[48;2;10;10;7m▀[0m[38;2;39;39;43m[48;2;39;39;43m▀[0m[38;2;39;39;42m[48;2;39;39;43m▀[0m[38;2;8;8;5m[48;2;10;10;7m▀[0m                  
             [38;2;0;127;127m▄[0m[38;2;66;97;72m▄[0m[38;2;54;78;66m▄[0m[38;2;49;74;65m▄[0m [38;2;10;10;7m[48;2;19;19;16m▀[0m[38;2;38;38;42m[48;2;40;40;45m▀[0m[38;2;41;41;46m[48;2;64;64;73m▀[0m[38;2;13;13;13m[48;2;48;48;54m▀[0m[38;2;0;0;0m▄[0m                 
             [38;2;46;46;46m[48;2;0;0;0m▀[0m[38;2;51;73;58m[48;2;19;22;18m▀[0m[38;2;66;97;73m[48;2;78;122;77m▀[0m[38;2;60;89;67m[48;2;75;116;76m▀[0m[38;2;40;52;48m[48;2;49;70;52m▀[0m[38;2;45;43;51m[48;2;28;25;30m▀[0m[38;2;62;62;70m[48;2;60;60;68m▀[0m[38;2;60;60;68m[48;2;60;60;68m▀[0m[38;2;33;33;36m[48;2;31;31;33m▀[0m[38;2;9;9;6m[48;2;4;4;0m▀[0m[38;2;38;42;59m▄[0m[38;2;34;39;53m[48;2;51;68;61m▀[0m[38;2;36;36;56m[48;2;56;75;67m▀[0m[38;2;32;36;52m[48;2;54;72;65m▀[0m[38;2;17;17;17m[48;2;16;16;16m▀[0m            
             [38;2;0;0;0m▀[0m[38;2;22;25;22m[48;2;19;19;19m▀[0m[38;2;72;110;75m[48;2;41;55;45m▀[0m[38;2;77;122;76m[48;2;70;107;74m▀[0m[38;2;60;92;61m[48;2;58;85;67m▀[0m[38;2;35;35;42m[48;2;47;50;61m▀[0m[38;2;59;59;67m[48;2;58;58;66m▀[0m[38;2;59;59;67m[48;2;59;59;67m▀[0m[38;2;41;43;49m[48;2;40;41;48m▀[0m[38;2;12;10;16m[48;2;33;43;39m▀[0m[38;2;42;53;54m[48;2;54;77;60m▀[0m[38;2;75;115;76m[48;2;66;99;70m▀[0m[38;2;78;123;76m[48;2;68;103;72m▀[0m[38;2;76;118;75m[48;2;67;101;72m▀[0m[38;2;16;16;16m[48;2;15;15;15m▀[0m            
         [38;2;39;45;57m▄[0m[38;2;40;47;59m▄[0m[38;2;39;45;56m▄[0m[38;2;38;45;56m[48;2;53;72;63m▀[0m[38;2;38;43;55m[48;2;55;77;66m▀[0m[38;2;10;6;10m[48;2;46;63;51m▀[0m[38;2;14;13;13m[48;2;33;37;45m▀[0m[38;2;34;44;40m[48;2;29;33;39m▀[0m[38;2;46;59;62m[48;2;29;30;34m▀[0m[38;2;46;51;59m[48;2;56;58;66m▀[0m[38;2;58;58;66m[48;2;57;57;65m▀[0m[38;2;60;60;68m[48;2;58;58;66m▀[0m[38;2;26;23;27m[48;2;51;50;57m▀[0m[38;2;45;66;51m[48;2;32;38;35m▀[0m[38;2;63;92;71m[48;2;25;32;27m▀[0m[38;2;50;66;64m[48;2;21;22;24m▀[0m[38;2;30;36;34m[48;2;42;58;47m▀[0m[38;2;26;34;29m[48;2;43;59;48m▀[0m[38;2;39;46;56m▄[0m[38;2;40;47;57m▄[0m[38;2;39;46;57m▄[0m          
     [38;2;41;46;55m▄[0m[38;2;41;47;59m▄[0m[38;2;39;45;55m[48;2;58;83;65m▀[0m[38;2;40;46;59m[48;2;74;113;76m▀[0m[38;2;50;67;61m[48;2;62;90;67m▀[0m[38;2;56;78;66m[48;2;58;84;65m▀[0m[38;2;56;78;66m[48;2;45;57;59m▀[0m[38;2;58;84;66m[48;2;43;53;58m▀[0m[38;2;44;57;59m[48;2;55;77;64m▀[0m[38;2;47;60;62m[48;2;52;72;60m▀[0m[38;2;50;71;60m[48;2;24;27;26m▀[0m[38;2;24;25;27m[48;2;54;54;61m▀[0m[38;2;53;52;59m[48;2;59;59;67m▀[0m[38;2;58;58;66m[48;2;58;58;66m▀[0m[38;2;57;57;65m[48;2;58;58;66m▀[0m[38;2;57;57;65m[48;2;58;58;66m▀[0m[38;2;61;61;70m[48;2;58;58;66m▀[0m[38;2;24;22;25m[48;2;56;55;63m▀[0m[38;2;40;56;44m[48;2;26;29;28m▀[0m[38;2;38;45;49m[48;2;51;71;58m▀[0m[38;2;44;54;59m[48;2;56;78;65m▀[0m[38;2;58;85;67m[48;2;44;53;58m▀[0m[38;2;56;78;66m[48;2;44;55;59m▀[0m[38;2;56;78;66m[48;2;58;84;65m▀[0m[38;2;51;70;61m[48;2;57;83;65m▀[0m[38;2;41;46;59m[48;2;57;81;66m▀[0m[38;2;39;47;55m[48;2;49;67;61m▀[0m[38;2;41;48;59m▄[0m[38;2;40;48;57m▄[0m      
  [38;2;35;40;53m▄[0m[38;2;41;50;58m[48;2;52;71;64m▀[0m[38;2;42;50;60m[48;2;76;119;75m▀[0m[38;2;53;75;64m[48;2;73;114;74m▀[0m[38;2;79;115;70m[48;2;74;114;74m▀[0m[38;2;77;114;70m[48;2;65;97;69m▀[0m[38;2;76;119;76m[48;2;57;81;65m▀[0m[38;2;51;69;63m[48;2;70;108;72m▀[0m[38;2;40;48;57m[48;2;62;92;68m▀[0m[38;2;54;76;63m[48;2;59;85;67m▀[0m[38;2;56;81;65m[48;2;54;77;62m▀[0m[38;2;54;78;62m[48;2;23;26;22m▀[0m[38;2;22;23;23m[48;2;40;48;53m▀[0m[38;2;53;54;63m[48;2;29;36;26m▀[0m[38;2;38;44;50m[48;2;84;118;66m▀[0m[38;2;18;18;17m[48;2;81;113;64m▀[0m[38;2;20;20;20m[48;2;81;113;64m▀[0m[38;2;20;20;20m[48;2;81;113;64m▀[0m[38;2;18;18;17m[48;2;81;113;64m▀[0m[38;2;34;39;43m[48;2;85;120;67m▀[0m[38;2;54;56;65m[48;2;37;48;31m▀[0m[38;2;57;55;64m[48;2;36;44;48m▀[0m[38;2;24;24;25m[48;2;53;54;63m▀[0m[38;2;53;75;60m[48;2;21;20;23m▀[0m[38;2;56;81;65m[48;2;52;74;60m▀[0m[38;2;55;78;64m[48;2;58;83;66m▀[0m[38;2;41;50;58m[48;2;57;82;65m▀[0m[38;2;45;56;59m[48;2;54;76;63m▀[0m[38;2;62;92;68m[48;2;42;50;57m▀[0m[38;2;73;114;74m[48;2;53;75;64m▀[0m[38;2;75;116;75m[48;2;75;117;74m▀[0m[38;2;56;80;64m[48;2;73;114;74m▀[0m[38;2;42;49;60m[48;2;76;119;75m▀[0m[38;2;41;51;58m[48;2;55;75;66m▀[0m[38;2;41;44;55m▄[0m[38;2;0;0;85m▄[0m  
[38;2;0;0;0m[48;2;0;0;0m▀[0m[38;2;43;52;61m[48;2;40;50;53m▀[0m[38;2;53;71;65m[48;2;73;113;74m▀[0m[38;2;76;119;75m[48;2;67;102;71m▀[0m[38;2;72;111;72m[48;2;58;84;66m▀[0m[38;2;67;100;69m[48;2;69;100;68m▀[0m[38;2;58;82;64m[48;2;86;123;69m▀[0m[38;2;73;103;65m[48;2;77;116;73m▀[0m[38;2;79;119;73m[48;2;63;97;65m▀[0m[38;2;76;119;76m[48;2;61;94;62m▀[0m[38;2;67;104;67m[48;2;33;43;30m▀[0m[38;2;66;101;66m[48;2;25;28;21m▀[0m[38;2;27;33;24m[48;2;80;113;64m▀[0m[38;2;81;114;64m[48;2;82;116;65m▀[0m[38;2;83;116;65m[48;2;82;115;65m▀[0m[38;2;83;116;66m[48;2;82;115;65m▀[0m[38;2;82;115;65m[48;2;82;115;65m▀[0m[38;2;82;115;65m[48;2;82;115;65m▀[0m[38;2;82;115;65m[48;2;82;115;65m▀[0m[38;2;82;115;65m[48;2;82;115;65m▀[0m[38;2;82;115;65m[48;2;82;115;65m▀[0m[38;2;82;115;65m[48;2;82;115;65m▀[0m[38;2;83;116;66m[48;2;82;115;65m▀[0m[38;2;86;121;67m[48;2;82;115;65m▀[0m[38;2;32;40;27m[48;2;84;119;67m▀[0m[38;2;44;54;55m[48;2;84;118;66m▀[0m[38;2;25;30;24m[48;2;83;117;65m▀[0m[38;2;51;72;58m[48;2;30;37;28m▀[0m[38;2;58;83;66m[48;2;57;77;65m▀[0m[38;2;63;94;69m[48;2;64;98;63m▀[0m[38;2;76;119;75m[48;2;76;119;76m▀[0m[38;2;69;106;72m[48;2;74;115;74m▀[0m[38;2;57;82;65m[48;2;76;118;75m▀[0m[38;2;65;98;70m[48;2;66;100;70m▀[0m[38;2;74;115;74m[48;2;65;97;69m▀[0m[38;2;77;121;75m[48;2;76;119;75m▀[0m[38;2;51;68;65m[48;2;57;79;66m▀[0m[38;2;32;32;52m[48;2;43;49;58m▀[0m[38;2;42;42;42m▄[0m 
[38;2;39;48;54m[48;2;36;41;46m▀[0m[38;2;33;43;35m[48;2;46;64;51m▀[0m[38;2;65;96;71m[48;2;55;81;53m▀[0m[38;2;67;101;72m[48;2;54;80;53m▀[0m[38;2;80;125;79m[48;2;54;81;54m▀[0m[38;2;69;107;69m[48;2;41;55;44m▀[0m[38;2;54;82;55m[48;2;30;34;30m▀[0m[38;2;47;68;52m[48;2;37;47;29m▀[0m[38;2;34;43;34m[48;2;70;97;55m▀[0m[38;2;28;33;23m[48;2;89;126;70m▀[0m[38;2;75;105;60m[48;2;83;116;66m▀[0m[38;2;88;123;69m[48;2;82;115;65m▀[0m[38;2;82;115;65m[48;2;82;115;65m▀[0m[38;2;82;115;65m[48;2;82;115;65m▀[0m[38;2;82;115;65m[48;2;82;115;65m▀[0m[38;2;82;115;65m[48;2;82;115;65m▀[0m[38;2;82;115;65m[48;2;82;115;65m▀[0m[38;2;82;115;65m[48;2;82;115;65m▀[0m[38;2;82;115;65m[48;2;82;115;65m▀[0m[38;2;82;115;65m[48;2;82;115;65m▀[0m[38;2;82;115;65m[48;2;82;115;65m▀[0m[38;2;82;115;65m[48;2;82;115;65m▀[0m[38;2;82;115;65m[48;2;82;115;65m▀[0m[38;2;82;115;65m[48;2;82;115;65m▀[0m[38;2;82;115;65m[48;2;82;115;65m▀[0m[38;2;82;115;65m[48;2;82;115;65m▀[0m[38;2;82;115;65m[48;2;82;115;65m▀[0m[38;2;85;117;68m[48;2;82;115;65m▀[0m[38;2;59;66;59m[48;2;86;121;66m▀[0m[38;2;33;45;30m[48;2;76;106;60m▀[0m[38;2;61;95;62m[48;2;36;48;33m▀[0m[38;2;78;122;78m[48;2;55;78;57m▀[0m[38;2;74;116;74m[48;2;71;103;73m▀[0m[38;2;75;117;75m[48;2;77;122;77m▀[0m[38;2;67;101;70m[48;2;78;122;77m▀[0m[38;2;61;89;67m[48;2;58;83;65m▀[0m[38;2;76;119;75m[48;2;58;84;66m▀[0m[38;2;50;64;65m[48;2;57;79;66m▀[0m[38;2;28;28;56m[48;2;44;55;60m▀[0m[38;2;51;51;51m▄[0m
[38;2;13;11;11m▀[0m[38;2;9;7;9m▀[0m[38;2;7;3;7m▀[0m[38;2;7;3;7m▀[0m[38;2;7;0;5m▀[0m[38;2;20;19;28m▀[0m[38;2;59;76;66m[48;2;26;23;52m▀[0m[38;2;81;113;69m[48;2;65;86;65m▀[0m[38;2;85;119;66m[48;2;84;120;65m▀[0m[38;2;82;115;65m[48;2;82;115;65m▀[0m[38;2;82;115;65m[48;2;82;115;65m▀[0m[38;2;82;115;65m[48;2;82;115;65m▀[0m[38;2;82;115;65m[48;2;82;115;65m▀[0m[38;2;82;115;65m[48;2;82;115;65m▀[0m[38;2;82;115;65m[48;2;82;115;65m▀[0m[38;2;82;115;65m[48;2;82;115;65m▀[0m[38;2;82;115;65m[48;2;82;115;65m▀[0m[38;2;82;115;65m[48;2;82;115;65m▀[0m[38;2;82;115;65m[48;2;82;115;65m▀[0m[38;2;82;115;65m[48;2;82;115;65m▀[0m[38;2;82;115;65m[48;2;82;115;65m▀[0m[38;2;82;115;65m[48;2;82;115;65m▀[0m[38;2;82;115;65m[48;2;82;115;65m▀[0m[38;2;82;115;65m[48;2;82;115;65m▀[0m[38;2;82;115;65m[48;2;82;115;65m▀[0m[38;2;82;115;65m[48;2;82;115;65m▀[0m[38;2;82;115;65m[48;2;82;115;65m▀[0m[38;2;82;115;65m[48;2;82;115;65m▀[0m[38;2;82;115;65m[48;2;82;115;65m▀[0m[38;2;84;118;67m[48;2;82;115;65m▀[0m[38;2;74;103;59m[48;2;83;117;66m▀[0m[38;2;49;60;43m[48;2;86;122;67m▀[0m[38;2;69;85;70m[48;2;82;110;68m▀[0m[38;2;52;72;56m[48;2;35;38;34m▀[0m[38;2;64;99;64m[48;2;21;27;23m▀[0m[38;2;84;133;82m[48;2;37;54;37m▀[0m[38;2;45;56;59m[48;2;58;85;63m▀[0m[38;2;72;110;72m[48;2;59;83;68m▀[0m[38;2;47;58;63m[48;2;63;92;71m▀[0m[38;2;45;57;62m▄[0m
     [38;2;40;62;51m[48;2;71;102;61m▀[0m[38;2;60;85;62m[48;2;86;121;70m▀[0m[38;2;78;109;66m[48;2;83;117;65m▀[0m[38;2;83;116;65m[48;2;82;115;65m▀[0m[38;2;82;115;65m[48;2;82;115;65m▀[0m[38;2;82;115;65m[48;2;82;115;65m▀[0m[38;2;82;115;65m[48;2;82;115;65m▀[0m[38;2;82;115;65m[48;2;82;115;65m▀[0m[38;2;82;115;65m[48;2;82;115;65m▀[0m[38;2;82;115;65m[48;2;82;115;65m▀[0m[38;2;82;115;65m[48;2;82;115;65m▀[0m[38;2;82;115;65m[48;2;82;115;65m▀[0m[38;2;82;115;65m[48;2;82;115;65m▀[0m[38;2;82;115;65m[48;2;82;115;65m▀[0m[38;2;82;115;65m[48;2;82;115;65m▀[0m[38;2;82;115;65m[48;2;82;115;65m▀[0m[38;2;82;115;65m[48;2;82;115;65m▀[0m[38;2;82;115;65m[48;2;82;115;65m▀[0m[38;2;82;115;65m[48;2;82;115;65m▀[0m[38;2;82;115;65m[48;2;82;115;65m▀[0m[38;2;82;115;65m[48;2;82;115;65m▀[0m[38;2;82;115;65m[48;2;82;115;65m▀[0m[38;2;82;115;65m[48;2;82;115;65m▀[0m[38;2;82;115;65m[48;2;82;115;65m▀[0m[38;2;82;115;65m[48;2;82;115;65m▀[0m[38;2;82;115;65m[48;2;82;115;65m▀[0m[38;2;82;115;65m[48;2;82;115;65m▀[0m[38;2;84;119;66m[48;2;82;115;65m▀[0m[38;2;72;100;57m[48;2;84;118;66m▀[0m[38;2;58;79;46m[48;2;87;123;68m▀[0m[38;2;40;56;41m[48;2;82;117;67m▀[0m[38;2;35;48;35m[48;2;52;74;54m▀[0m[38;2;25;28;30m[48;2;20;26;26m▀[0m[38;2;36;50;36m[48;2;8;0;4m▀[0m[38;2;28;33;34m[48;2;12;8;8m▀[0m
    [38;2;45;67;56m[48;2;42;69;54m▀[0m[38;2;67;97;64m[48;2;67;97;65m▀[0m[38;2;85;120;67m[48;2;86;121;66m▀[0m[38;2;82;115;65m[48;2;67;98;63m▀[0m[38;2;84;118;66m[48;2;27;35;31m▀[0m[38;2;83;116;65m[48;2;65;89;52m▀[0m[38;2;82;115;65m[48;2;86;120;67m▀[0m[38;2;83;116;65m[48;2;55;82;59m▀[0m[38;2;82;115;65m[48;2;79;112;64m▀[0m[38;2;83;116;65m[48;2;54;81;59m▀[0m[38;2;82;115;65m[48;2;82;115;65m▀[0m[38;2;82;115;65m[48;2;82;115;65m▀[0m[38;2;82;115;65m[48;2;82;115;65m▀[0m[38;2;82;115;65m[48;2;82;115;65m▀[0m[38;2;82;115;65m[48;2;82;115;65m▀[0m[38;2;82;115;65m[48;2;82;115;65m▀[0m[38;2;82;115;65m[48;2;82;115;65m▀[0m[38;2;82;115;65m[48;2;82;115;65m▀[0m[38;2;82;115;65m[48;2;82;115;65m▀[0m[38;2;82;115;65m[48;2;84;117;65m▀[0m[38;2;83;116;65m[48;2;56;82;59m▀[0m[38;2;82;115;65m[48;2;78;111;64m▀[0m[38;2;82;115;65m[48;2;81;114;65m▀[0m[38;2;83;116;65m[48;2;54;81;59m▀[0m[38;2;82;115;65m[48;2;83;116;65m▀[0m[38;2;82;115;65m[48;2;82;115;65m▀[0m[38;2;82;115;65m[48;2;82;115;65m▀[0m[38;2;82;115;65m[48;2;82;115;65m▀[0m[38;2;84;118;66m[48;2;84;118;66m▀[0m[38;2;68;97;62m[48;2;67;98;65m▀[0m[38;2;54;80;59m[48;2;43;65;54m▀[0m[38;2;60;89;64m[48;2;42;74;63m▀[0m[38;2;55;85;63m[48;2;0;0;0m▀[0m[38;2;255;255;255m▀[0m  
    [38;2;51;83;61m▀[0m[38;2;40;57;44m▀[0m[38;2;17;17;15m▀[0m[38;2;16;13;13m▀[0m[38;2;43;67;54m[48;2;15;15;15m▀[0m[38;2;72;103;63m[48;2;16;16;16m▀[0m[38;2;84;117;65m[48;2;16;16;16m▀[0m[38;2;24;28;22m[48;2;21;21;21m▀[0m[38;2;46;68;52m[48;2;15;14;15m▀[0m[38;2;48;72;56m[48;2;17;17;17m▀[0m[38;2;53;79;58m[48;2;50;75;58m▀[0m[38;2;82;114;65m[48;2;48;73;57m▀[0m[38;2;81;114;65m[48;2;55;82;59m▀[0m[38;2;83;116;65m[48;2;82;115;65m▀[0m[38;2;82;114;65m[48;2;68;97;62m▀[0m[38;2;81;114;65m[48;2;63;91;60m▀[0m[38;2;83;116;65m[48;2;82;115;65m▀[0m[38;2;81;114;65m[48;2;60;88;60m▀[0m[38;2;82;116;65m[48;2;47;72;57m▀[0m[38;2;57;84;59m[48;2;49;74;57m▀[0m[38;2;48;73;57m[48;2;49;74;57m▀[0m[38;2;50;76;58m[48;2;46;69;53m▀[0m[38;2;50;75;56m[48;2;17;19;18m▀[0m[38;2;80;112;65m[48;2;48;72;53m▀[0m[38;2;78;111;65m[48;2;78;109;62m▀[0m[38;2;56;83;59m[48;2;63;87;50m▀[0m[38;2;82;114;64m[48;2;18;23;24m▀[0m[38;2;82;115;65m[48;2;61;88;61m▀[0m[38;2;83;116;66m[48;2;78;109;62m▀[0m[38;2;84;118;67m[48;2;78;108;61m▀[0m[38;2;65;95;63m[48;2;64;94;63m▀[0m[38;2;43;67;57m[48;2;45;69;57m▀[0m    
             [38;2;85;170;85m[48;2;0;0;0m▀[0m[38;2;45;67;51m[48;2;16;16;16m▀[0m[38;2;50;76;58m[48;2;43;64;49m▀[0m[38;2;49;74;57m[48;2;49;75;57m▀[0m[38;2;46;71;57m[48;2;49;74;57m▀[0m[38;2;61;89;59m[48;2;48;73;57m▀[0m[38;2;66;95;61m[48;2;48;73;57m▀[0m[38;2;46;70;56m[48;2;49;74;57m▀[0m[38;2;49;74;57m[48;2;49;74;57m▀[0m[38;2;49;74;57m[48;2;49;74;57m▀[0m[38;2;49;74;57m[48;2;50;77;58m▀[0m[38;2;51;74;59m[48;2;60;63;68m▀[0m[38;2;19;20;19m[48;2;21;20;23m▀[0m[38;2;0;0;0m[48;2;0;0;0m▀[0m[38;2;14;13;14m▀[0m[38;2;13;11;14m▀[0m[38;2;13;12;15m▀[0m [38;2;11;7;11m▀[0m[38;2;14;13;15m▀[0m[38;2;11;8;10m▀[0m[38;2;38;55;43m▀[0m[38;2;52;86;63m▀[0m    
              [38;2;0;0;0m[48;2;19;19;19m▀[0m[38;2;21;22;22m[48;2;21;20;21m▀[0m[38;2;55;74;64m[48;2;45;50;51m▀[0m[38;2;49;74;57m[48;2;51;79;60m▀[0m[38;2;49;74;57m[48;2;49;74;57m▀[0m[38;2;49;74;57m[48;2;49;74;57m▀[0m[38;2;49;74;57m[48;2;49;74;57m▀[0m[38;2;49;74;57m[48;2;51;79;60m▀[0m[38;2;51;78;60m[48;2;40;58;46m▀[0m[38;2;42;62;48m[48;2;17;21;19m▀[0m[38;2;54;56;60m[48;2;0;0;0m▀[0m[38;2;255;255;255m▀[0m              
               [38;2;0;0;0m[48;2;0;0;0m▀[0m[38;2;16;20;16m[48;2;19;21;19m▀[0m[38;2;37;52;42m[48;2;41;59;47m▀[0m[38;2;50;76;59m[48;2;50;76;58m▀[0m[38;2;49;74;57m[48;2;49;74;57m▀[0m[38;2;50;76;59m[48;2;50;76;58m▀[0m[38;2;36;52;42m[48;2;39;56;44m▀[0m[38;2;32;43;35m[48;2;46;69;53m▀[0m[38;2;19;20;19m[48;2;44;65;51m▀[0m[38;2;0;0;0m[48;2;20;24;21m▀[0m[38;2;18;0;18m▄[0m              
              [38;2;15;0;15m[48;2;10;10;10m▀[0m[38;2;21;24;22m[48;2;18;19;18m▀[0m[38;2;46;68;53m[48;2;31;42;34m▀[0m[38;2;51;77;59m[48;2;51;79;61m▀[0m[38;2;49;74;57m[48;2;51;77;59m▀[0m[38;2;50;76;58m[48;2;37;52;42m▀[0m[38;2;50;76;58m[48;2;37;52;42m▀[0m[38;2;50;76;58m[48;2;53;81;62m▀[0m[38;2;52;80;62m[48;2;32;43;35m▀[0m[38;2;34;47;38m[48;2;13;13;13m▀[0m[38;2;19;20;19m[48;2;14;14;14m▀[0m[38;2;10;10;10m[48;2;0;0;0m▀[0m              
              [38;2;0;0;0m▀[0m[38;2;15;15;15m▀[0m[38;2;12;9;12m[48;2;19;14;19m▀[0m[38;2;31;43;35m[48;2;18;19;18m▀[0m[38;2;42;60;47m[48;2;18;20;18m▀[0m[38;2;14;14;16m[48;2;0;0;0m▀[0m[38;2;14;14;16m[48;2;0;0;0m▀[0m[38;2;42;61;48m[48;2;18;20;18m▀[0m[38;2;27;36;30m[48;2;19;19;19m▀[0m[38;2;5;0;5m[48;2;18;18;18m▀[0m                
[0m