                                  [38;2;120;107;17m▄[0m[38;2;138;122;37m[48;2;168;158;84m▀[0m[38;2;133;123;38m[48;2;221;222;224m▀[0m[38;2;4;4;4m▄[0m                                          
                                 [38;2;123;108;15m▄[0m[38;2;110;100;0m[48;2;169;159;89m▀[0m[38;2;166;156;79m[48;2;247;246;240m▀[0m[38;2;226;227;232m[48;2;218;219;224m▀[0m[38;2;4;4;4m[48;2;0;0;0m▀[0m                                          
                                [38;2;122;115;34m▄[0m[38;2;109;97;4m[48;2;169;157;56m▀[0m[38;2;168;159;92m[48;2;233;222;144m▀[0m[38;2;255;254;245m[48;2;248;246;235m▀[0m[38;2;234;222;130m[48;2;237;223;115m▀[0m[38;2;191;181;101m[48;2;221;209;116m▀[0m[38;2;8;9;12m[48;2;8;9;12m▀[0m                                         
                                [38;2;121;107;19m[48;2;107;90;0m▀[0m[38;2;179;170;96m[48;2;176;168;108m▀[0m[38;2;255;254;239m[48;2;248;247;245m▀[0m[38;2;250;248;238m[48;2;201;190;116m▀[0m[38;2;237;223;116m[48;2;242;229;126m▀[0m[38;2;216;204;114m[48;2;224;212;115m▀[0m[38;2;0;1;10m[48;2;93;85;26m▀[0m                                         
                               [38;2;122;108;27m[48;2;126;114;32m▀[0m[38;2;176;162;68m[48;2;174;160;63m▀[0m[38;2;214;202;113m[48;2;217;205;133m▀[0m[38;2;204;192;122m[48;2;230;223;179m▀[0m[38;2;216;202;103m[48;2;227;213;112m▀[0m[38;2;204;190;100m[48;2;184;170;85m▀[0m[38;2;236;223;122m[48;2;243;230;128m▀[0m[38;2;203;190;96m[48;2;229;217;121m▀[0m[38;2;12;12;15m[48;2;14;14;16m▀[0m[38;2;0;0;0m[48;2;0;0;0m▀[0m                                       
                              [38;2;125;117;34m▄[0m[38;2;120;112;30m[48;2;153;141;48m▀[0m[38;2;155;141;45m[48;2;189;178;108m▀[0m[38;2;204;194;136m[48;2;231;225;187m▀[0m[38;2;254;254;247m[48;2;241;232;166m▀[0m[38;2;230;216;111m[48;2;236;223;120m▀[0m[38;2;213;199;107m[48;2;230;217;120m▀[0m[38;2;209;195;103m[48;2;186;172;87m▀[0m[38;2;226;214;119m[48;2;227;214;119m▀[0m[38;2;13;13;15m[48;2;5;6;13m▀[0m[38;2;0;0;0m[48;2;0;0;0m▀[0m                                       
                              [38;2;128;118;34m[48;2;118;109;27m▀[0m[38;2;167;153;55m[48;2;171;157;60m▀[0m[38;2;213;204;156m[48;2;230;222;167m▀[0m[38;2;253;250;230m[48;2;240;238;223m▀[0m[38;2;236;221;109m[48;2;215;201;100m▀[0m[38;2;236;223;124m[48;2;237;224;124m▀[0m[38;2;227;214;118m[48;2;232;219;120m▀[0m[38;2;186;172;87m[48;2;208;194;103m▀[0m[38;2;233;220;122m[48;2;211;197;105m▀[0m[38;2;70;65;24m[48;2;165;152;62m▀[0m[38;2;19;19;17m▄[0m[38;2;0;0;0m▄[0m                                      
                       [38;2;137;124;41m▄[0m[38;2;135;124;36m▄[0m[38;2;106;106;21m▄[0m   [38;2;129;120;37m[48;2;126;116;33m▀[0m[38;2;145;132;48m[48;2;182;169;73m▀[0m[38;2;194;181;85m[48;2;225;210;117m▀[0m[38;2;250;240;161m[48;2;231;218;117m▀[0m[38;2;225;218;169m[48;2;211;197;98m▀[0m[38;2;189;174;84m[48;2;206;192;102m▀[0m[38;2;241;228;127m[48;2;221;208;113m▀[0m[38;2;236;223;123m[48;2;237;224;124m▀[0m[38;2;234;221;122m[48;2;233;220;122m▀[0m[38;2;182;168;84m[48;2;184;170;85m▀[0m[38;2;190;176;92m[48;2;166;153;69m▀[0m[38;2;19;19;18m[48;2;18;18;17m▀[0m[38;2;0;0;19m[48;2;0;0;21m▀[0m    [38;2;131;119;32m▄[0m[38;2;60;55;24m▄[0m[38;2;0;0;13m▄[0m                               
                       [38;2;133;122;39m[48;2;128;117;35m▀[0m[38;2;183;170;71m[48;2;231;218;119m▀[0m[38;2;150;140;51m[48;2;201;187;87m▀[0m[38;2;79;79;0m[48;2;150;138;52m▀[0m[38;2;85;85;21m▄[0m[38;2;115;100;7m▄[0m[38;2;121;109;29m[48;2;125;112;24m▀[0m[38;2;195;182;85m[48;2;172;159;64m▀[0m[38;2;252;238;136m[48;2;212;198;100m▀[0m[38;2;217;204;110m[48;2;191;178;85m▀[0m[38;2;199;185;97m[48;2;178;165;79m▀[0m[38;2;232;219;121m[48;2;198;186;93m▀[0m[38;2;190;176;91m[48;2;173;160;76m▀[0m[38;2;241;228;128m[48;2;202;190;96m▀[0m[38;2;218;205;111m[48;2;164;151;69m▀[0m[38;2;185;170;86m[48;2;166;153;70m▀[0m[38;2;134;123;38m[48;2;96;88;31m▀[0m[38;2;18;18;17m[48;2;12;12;14m▀[0m[38;2;0;0;0m[48;2;0;0;9m▀[0m  [38;2;115;102;23m▄[0m[38;2;112;99;21m[48;2;152;141;54m▀[0m[38;2;175;162;66m[48;2;244;230;122m▀[0m[38;2;79;75;40m[48;2;98;94;59m▀[0m[38;2;0;2;9m[48;2;0;0;2m▀[0m                               
                       [38;2;128;117;35m[48;2;128;117;35m▀[0m[38;2;219;206;108m[48;2;220;207;109m▀[0m[38;2;252;239;137m[48;2;237;224;125m▀[0m[38;2;179;166;70m[48;2;170;159;68m▀[0m[38;2;131;120;32m[48;2;184;172;90m▀[0m[38;2;164;155;87m[48;2;238;233;196m▀[0m[38;2;174;164;96m[48;2;255;255;244m▀[0m[38;2;157;149;88m[48;2;253;252;239m▀[0m[38;2;153;145;86m[48;2;254;253;245m▀[0m[38;2;154;145;75m[48;2;250;244;201m▀[0m[38;2;153;141;53m[48;2;241;227;121m▀[0m[38;2;151;140;54m[48;2;242;229;129m▀[0m[38;2;153;142;56m[48;2;242;229;129m▀[0m[38;2;150;139;54m[48;2;242;229;129m▀[0m[38;2;155;144;56m[48;2;242;229;129m▀[0m[38;2;149;138;55m[48;2;241;228;127m▀[0m[38;2;45;42;30m[48;2;197;182;92m▀[0m[38;2;54;51;32m[48;2;198;183;92m▀[0m[38;2;57;54;34m[48;2;202;187;94m▀[0m[38;2;10;13;13m[48;2;61;58;36m▀[0m[38;2;0;0;0m[48;2;34;33;24m▀[0m[38;2;142;132;51m[48;2;208;198;112m▀[0m[38;2;230;217;115m[48;2;245;231;129m▀[0m[38;2;255;243;136m[48;2;244;230;126m▀[0m[38;2;93;88;54m[48;2;89;84;51m▀[0m[38;2;0;0;2m[48;2;0;0;2m▀[0m                               
                       [38;2;128;117;35m[48;2;129;118;35m▀[0m[38;2;224;211;113m[48;2;223;210;112m▀[0m[38;2;187;174;87m[48;2;150;138;53m▀[0m[38;2;219;205;104m[48;2;203;190;97m▀[0m[38;2;252;247;214m[48;2;237;223;120m▀[0m[38;2;242;234;172m[48;2;228;215;113m▀[0m[38;2;235;220;110m[48;2;218;206;114m▀[0m[38;2;237;223;117m[48;2;210;198;112m▀[0m[38;2;237;223;116m[48;2;211;199;112m▀[0m[38;2;238;224;119m[48;2;212;200;112m▀[0m[38;2;238;225;125m[48;2;212;200;112m▀[0m[38;2;238;225;124m[48;2;212;200;113m▀[0m[38;2;238;225;124m[48;2;210;199;112m▀[0m[38;2;238;225;124m[48;2;212;201;113m▀[0m[38;2;238;224;124m[48;2;208;197;110m▀[0m[38;2;228;215;117m[48;2;164;152;78m▀[0m[38;2;186;172;88m[48;2;182;168;82m▀[0m[38;2;186;172;87m[48;2;187;173;87m▀[0m[38;2;186;172;87m[48;2;189;175;89m▀[0m[38;2;189;174;85m[48;2;134;124;41m▀[0m[38;2;194;179;89m[48;2;179;165;81m▀[0m[38;2;223;209;114m[48;2;189;175;90m▀[0m[38;2;227;214;116m[48;2;129;119;43m▀[0m[38;2;209;193;98m[48;2;162;150;70m▀[0m[38;2;74;69;40m[48;2;72;67;42m▀[0m[38;2;0;0;7m[48;2;0;0;7m▀[0m                               
                    [38;2;23;23;23m▄[0m[38;2;23;23;23m▄[0m[38;2;15;15;30m[48;2;24;24;30m▀[0m[38;2;121;111;36m[48;2;13;13;29m▀[0m[38;2;180;166;82m[48;2;154;143;78m▀[0m[38;2;141;129;47m[48;2;149;137;51m▀[0m[38;2;207;195;100m[48;2;177;163;74m▀[0m[38;2;201;187;101m[48;2;76;72;50m▀[0m[38;2;146;134;54m[48;2;4;5;27m▀[0m[38;2;65;61;27m[48;2;80;74;33m▀[0m[38;2;20;20;29m[48;2;204;190;86m▀[0m[38;2;25;25;31m[48;2;166;159;101m▀[0m[38;2;16;17;31m[48;2;75;71;111m▀[0m[38;2;19;18;34m[48;2;109;99;157m▀[0m[38;2;19;19;29m[48;2;98;96;77m▀[0m[38;2;30;29;32m[48;2;231;217;113m▀[0m[38;2;20;20;26m[48;2;127;117;43m▀[0m[38;2;15;16;29m[48;2;55;55;67m▀[0m[38;2;23;23;30m[48;2;56;56;64m▀[0m[38;2;126;116;39m[48;2;21;21;31m▀[0m[38;2;173;160;82m[48;2;17;17;28m▀[0m[38;2;184;171;86m[48;2;123;112;38m▀[0m[38;2;137;126;43m[48;2;132;121;39m▀[0m[38;2;179;165;81m[48;2;183;169;84m▀[0m[38;2;195;180;89m[48;2;148;136;47m▀[0m[38;2;58;55;44m[48;2;74;71;59m▀[0m[38;2;14;14;30m[48;2;58;58;69m▀[0m[38;2;18;19;22m[48;2;36;36;44m▀[0m[38;2;15;15;17m[48;2;25;25;32m▀[0m[38;2;31;31;31m[48;2;25;25;31m▀[0m[38;2;23;23;23m▄[0m[38;2;42;42;42m▄[0m                            
                 [38;2;25;25;38m▄[0m[38;2;0;0;51m[48;2;24;24;31m▀[0m[38;2;0;0;31m[48;2;23;23;30m▀[0m[38;2;24;24;31m[48;2;57;57;65m▀[0m[38;2;23;23;30m[48;2;57;57;65m▀[0m[38;2;55;55;63m[48;2;57;57;65m▀[0m[38;2;60;60;69m[48;2;59;59;67m▀[0m[38;2;16;17;31m[48;2;29;29;37m▀[0m[38;2;157;146;76m[48;2;18;17;18m▀[0m[38;2;70;65;45m[48;2;13;13;12m▀[0m[38;2;37;38;50m[48;2;43;43;48m▀[0m[38;2;47;48;64m[48;2;47;48;63m▀[0m[38;2;164;156;101m[48;2;163;155;100m▀[0m[38;2;158;151;93m[48;2;159;152;93m▀[0m[38;2;62;57;102m[48;2;64;59;102m▀[0m[38;2;177;168;214m[48;2;175;166;212m▀[0m[38;2;225;222;237m[48;2;223;220;236m▀[0m[38;2;92;82;144m[48;2;92;82;143m▀[0m[38;2;86;84;68m[48;2;88;86;69m▀[0m[38;2;225;213;120m[48;2;223;211;119m▀[0m[38;2;48;49;62m[48;2;49;49;62m▀[0m[38;2;57;57;65m[48;2;55;55;63m▀[0m[38;2;57;57;65m[48;2;24;24;30m▀[0m[38;2;25;25;30m[48;2;131;120;40m▀[0m[38;2;21;22;32m[48;2;234;221;122m▀[0m[38;2;123;113;38m[48;2;142;131;46m▀[0m[38;2;184;170;84m[48;2;178;165;80m▀[0m[38;2;151;139;49m[48;2;198;183;92m▀[0m[38;2;74;71;58m[48;2;61;57;43m▀[0m[38;2;53;54;65m[48;2;15;15;25m▀[0m[38;2;57;57;65m[48;2;45;45;53m▀[0m[38;2;60;60;68m[48;2;59;59;67m▀[0m[38;2;40;40;47m[48;2;57;57;65m▀[0m[38;2;23;23;30m[48;2;59;59;67m▀[0m[38;2;24;24;31m[48;2;43;43;51m▀[0m[38;2;0;0;51m[48;2;22;22;29m▀[0m[38;2;0;0;0m[48;2;22;22;29m▀[0m                          
              [38;2;20;20;26m▄[0m[38;2;22;22;29m▄[0m[38;2;18;18;18m[48;2;26;26;32m▀[0m[38;2;26;26;33m[48;2;57;57;65m▀[0m[38;2;57;57;65m[48;2;57;57;65m▀[0m[38;2;56;56;64m[48;2;58;58;66m▀[0m[38;2;58;58;66m[48;2;26;26;33m▀[0m[38;2;59;59;67m[48;2;27;27;34m▀[0m[38;2;27;27;34m[48;2;22;22;37m▀[0m[38;2;25;25;33m[48;2;18;18;36m▀[0m[38;2;25;25;30m[48;2;0;0;0m▀[0m[38;2;0;0;0m▀[0m[38;2;10;10;10m[48;2;0;0;0m▀[0m[38;2;43;43;50m[48;2;117;107;32m▀[0m[38;2;44;45;62m[48;2;201;189;95m▀[0m[38;2;162;154;100m[48;2;211;197;107m▀[0m[38;2;161;154;96m[48;2;214;200;105m▀[0m[38;2;49;45;84m[48;2;158;152;99m▀[0m[38;2;99;87;153m[48;2;49;46;88m▀[0m[38;2;117;104;170m[48;2;65;57;116m▀[0m[38;2;65;57;110m[48;2;93;91;76m▀[0m[38;2;88;86;72m[48;2;232;219;120m▀[0m[38;2;219;207;116m[48;2;184;170;85m▀[0m[38;2;9;11;25m[48;2;181;168;87m▀[0m[38;2;24;24;29m[48;2;230;217;122m▀[0m[38;2;133;122;40m[48;2;233;220;121m▀[0m[38;2;234;221;123m[48;2;140;129;41m▀[0m[38;2;141;129;41m[48;2;174;174;165m▀[0m[38;2;174;173;164m[48;2;39;39;39m▀[0m[38;2;40;40;39m[48;2;5;5;11m▀[0m[38;2;19;19;16m[48;2;0;0;0m▀[0m[38;2;23;19;19m[48;2;0;0;0m▀[0m[38;2;0;0;36m▀[0m[38;2;23;23;30m[48;2;28;28;28m▀[0m[38;2;23;23;31m[48;2;18;18;18m▀[0m[38;2;42;42;50m[48;2;24;24;31m▀[0m[38;2;60;60;68m[48;2;25;25;33m▀[0m[38;2;57;57;65m[48;2;39;39;46m▀[0m[38;2;57;57;66m[48;2;60;60;69m▀[0m[38;2;47;47;55m[48;2;58;58;66m▀[0m[38;2;18;18;26m[48;2;47;47;55m▀[0m[38;2;20;20;26m▄[0m[38;2;21;21;28m▄[0m                       
           [38;2;18;18;27m▄[0m[38;2;20;20;28m▄[0m[38;2;13;13;21m[48;2;30;30;38m▀[0m[38;2;29;29;38m[48;2;56;56;65m▀[0m[38;2;56;56;64m[48;2;59;59;67m▀[0m[38;2;55;55;63m[48;2;56;56;64m▀[0m[38;2;59;59;67m[48;2;27;27;35m▀[0m[38;2;58;58;65m[48;2;27;27;35m▀[0m[38;2;26;26;33m[48;2;17;17;25m▀[0m[38;2;21;21;21m▀[0m[38;2;24;24;24m▀[0m     [38;2;137;117;39m▀[0m[38;2;141;129;44m[48;2;127;115;17m▀[0m[38;2;172;159;67m[48;2;201;195;148m▀[0m[38;2;191;177;88m[48;2;194;189;149m▀[0m[38;2;188;174;91m[48;2;133;120;32m▀[0m[38;2;177;164;89m[48;2;136;125;41m▀[0m[38;2;178;165;91m[48;2;137;125;41m▀[0m[38;2;181;168;88m[48;2;136;125;42m▀[0m[38;2;194;180;92m[48;2;134;123;40m▀[0m[38;2;188;174;89m[48;2;142;130;48m▀[0m[38;2;184;169;84m[48;2;186;172;87m▀[0m[38;2;141;130;45m[48;2;177;163;78m▀[0m[38;2;144;134;50m[48;2;132;121;34m▀[0m[38;2;166;165;157m[48;2;176;176;175m▀[0m[38;2;37;37;37m[48;2;24;24;24m▀[0m[38;2;12;12;12m[48;2;0;0;0m▀[0m[38;2;0;0;0m▀[0m     [38;2;23;23;23m▀[0m[38;2;24;24;24m▀[0m[38;2;22;22;27m[48;2;23;23;23m▀[0m[38;2;39;39;48m[48;2;27;27;31m▀[0m[38;2;62;62;70m[48;2;29;29;37m▀[0m[38;2;58;58;66m[48;2;36;36;43m▀[0m[38;2;55;55;63m[48;2;61;61;69m▀[0m[38;2;50;50;58m[48;2;57;57;65m▀[0m[38;2;19;19;26m[48;2;50;50;58m▀[0m[38;2;19;19;27m▄[0m                     
          [38;2;20;20;25m[48;2;15;15;22m▀[0m[38;2;37;37;44m[48;2;37;37;45m▀[0m[38;2;54;54;63m[48;2;62;62;71m▀[0m[38;2;54;54;62m[48;2;52;52;60m▀[0m[38;2;61;61;69m[48;2;30;30;37m▀[0m[38;2;54;54;62m[48;2;28;28;36m▀[0m[38;2;26;26;32m[48;2;17;17;23m▀[0m[38;2;19;19;25m▀[0m[38;2;20;20;26m▀[0m         [38;2;48;47;40m[48;2;33;33;45m▀[0m[38;2;169;169;172m[48;2;161;162;172m▀[0m[38;2;194;190;153m[48;2;194;189;151m▀[0m[38;2;162;149;55m[48;2;170;157;62m▀[0m[38;2;224;212;115m[48;2;244;231;131m▀[0m[38;2;219;206;109m[48;2;237;224;125m▀[0m[38;2;219;206;109m[48;2;237;224;125m▀[0m[38;2;218;206;109m[48;2;237;224;125m▀[0m[38;2;221;208;110m[48;2;238;225;126m▀[0m[38;2;225;212;115m[48;2;228;215;116m▀[0m[38;2;188;174;93m[48;2;146;136;56m▀[0m[38;2;157;155;144m[48;2;221;222;225m▀[0m[38;2;79;79;86m[48;2;24;24;26m▀[0m[38;2;30;30;30m[48;2;0;0;0m▀[0m[38;2;0;0;0m▀[0m         [38;2;23;23;23m▀[0m[38;2;19;19;25m▀[0m[38;2;21;21;30m▀[0m[38;2;37;37;45m[48;2;35;35;31m▀[0m[38;2;57;58;69m[48;2;70;60;32m▀[0m[38;2;56;56;67m[48;2;69;60;33m▀[0m[38;2;49;49;59m[48;2;106;94;57m▀[0m[38;2;69;58;23m[48;2;145;127;75m▀[0m[38;2;69;58;23m[48;2;144;127;75m▀[0m[38;2;69;58;23m[48;2;144;127;75m▀[0m[38;2;69;58;23m[48;2;144;127;75m▀[0m[38;2;69;58;23m[48;2;147;130;77m▀[0m[38;2;69;58;23m[48;2;151;133;77m▀[0m[38;2;69;58;23m[48;2;146;129;76m▀[0m[38;2;75;62;26m[48;2;148;131;77m▀[0m[38;2;60;48;20m[48;2;125;109;61m▀[0m[38;2;89;75;34m▄[0m[38;2;33;28;16m▄[0m[38;2;0;0;7m▄[0m         
         [38;2;19;19;27m[48;2;15;15;23m▀[0m[38;2;37;37;44m[48;2;40;40;48m▀[0m[38;2;56;56;64m[48;2;62;62;70m▀[0m[38;2;50;50;58m[48;2;45;45;53m▀[0m[38;2;28;28;34m[48;2;18;18;25m▀[0m[38;2;16;16;25m▀[0m[38;2;20;20;26m▀[0m            [38;2;35;35;45m[48;2;35;35;45m▀[0m[38;2;162;163;172m[48;2;162;163;172m▀[0m[38;2;194;189;151m[48;2;194;189;151m▀[0m[38;2;169;156;61m[48;2;169;156;61m▀[0m[38;2;242;229;129m[48;2;242;229;129m▀[0m[38;2;235;222;123m[48;2;235;222;123m▀[0m[38;2;235;222;123m[48;2;235;222;123m▀[0m[38;2;235;222;123m[48;2;235;222;123m▀[0m[38;2;236;223;124m[48;2;236;223;124m▀[0m[38;2;226;213;115m[48;2;226;213;115m▀[0m[38;2;136;126;47m[48;2;137;127;48m▀[0m[38;2;236;236;237m[48;2;234;234;235m▀[0m[38;2;18;18;18m[48;2;19;19;19m▀[0m[38;2;0;0;0m[48;2;0;0;0m▀[0m          [38;2;50;40;10m▄[0m[38;2;66;48;18m[48;2;96;82;40m▀[0m[38;2;71;59;22m[48;2;144;127;74m▀[0m[38;2;85;73;33m[48;2;142;125;74m▀[0m[38;2;146;128;75m[48;2;164;145;89m▀[0m[38;2;137;120;69m[48;2;161;143;87m▀[0m[38;2;114;99;51m[48;2;148;131;78m▀[0m[38;2;166;146;90m[48;2;127;111;62m▀[0m[38;2;161;143;88m[48;2;158;140;86m▀[0m[38;2;161;143;88m[48;2;159;141;86m▀[0m[38;2;163;145;89m[48;2;166;147;90m▀[0m[38;2;138;120;65m[48;2;84;78;64m▀[0m[38;2;86;80;68m[48;2;53;53;63m▀[0m[38;2;148;133;85m[48;2;72;70;68m▀[0m[38;2;167;148;89m[48;2;145;130;83m▀[0m[38;2;158;140;84m[48;2;170;151;90m▀[0m[38;2;123;107;59m[48;2;127;112;63m▀[0m[38;2;123;107;61m[48;2;141;124;72m▀[0m[38;2;76;68;46m[48;2;150;134;83m▀[0m[38;2;0;0;3m[48;2;124;110;70m▀[0m[38;2;0;2;8m[48;2;84;75;49m▀[0m[38;2;0;0;0m▄[0m      
        [38;2;17;17;25m[48;2;15;15;21m▀[0m[38;2;36;36;45m[48;2;42;42;51m▀[0m[38;2;53;53;61m[48;2;60;60;68m▀[0m[38;2;60;60;68m[48;2;59;59;67m▀[0m[38;2;46;46;54m[48;2;46;46;54m▀[0m[38;2;19;19;26m[48;2;19;19;26m▀[0m              [38;2;35;35;45m[48;2;35;35;45m▀[0m[38;2;162;163;172m[48;2;162;163;172m▀[0m[38;2;194;189;151m[48;2;194;189;151m▀[0m[38;2;169;156;61m[48;2;169;156;61m▀[0m[38;2;242;229;129m[48;2;242;229;129m▀[0m[38;2;235;222;123m[48;2;235;222;123m▀[0m[38;2;235;222;123m[48;2;235;222;123m▀[0m[38;2;235;222;123m[48;2;235;222;123m▀[0m[38;2;236;223;124m[48;2;236;223;124m▀[0m[38;2;226;213;115m[48;2;226;213;115m▀[0m[38;2;137;127;48m[48;2;137;127;48m▀[0m[38;2;234;234;235m[48;2;234;234;235m▀[0m[38;2;19;19;19m[48;2;19;19;19m▀[0m[38;2;0;0;0m[48;2;0;0;0m▀[0m        [38;2;51;39;11m▄[0m[38;2;51;38;8m[48;2;99;85;42m▀[0m[38;2;97;83;41m[48;2;149;131;77m▀[0m[38;2;149;132;78m[48;2;164;146;90m▀[0m[38;2;164;146;90m[48;2;160;142;87m▀[0m[38;2;162;144;88m[48;2;155;138;83m▀[0m[38;2;163;145;88m[48;2;119;103;58m▀[0m[38;2;159;141;86m[48;2;128;111;63m▀[0m[38;2;119;104;58m[48;2;189;176;96m▀[0m[38;2;104;89;47m[48;2;188;175;96m▀[0m[38;2;161;143;88m[48;2;134;118;68m▀[0m[38;2;160;142;87m[48;2;161;141;86m▀[0m[38;2;139;121;65m[48;2;85;78;61m▀[0m[38;2;64;63;65m[48;2;55;56;65m▀[0m[38;2;55;55;65m[48;2;50;51;64m▀[0m[38;2;51;52;64m[48;2;50;51;64m▀[0m[38;2;74;71;68m[48;2;43;45;62m▀[0m[38;2;144;129;84m[48;2;70;68;68m▀[0m[38;2;158;139;81m[48;2;141;127;87m▀[0m[38;2;135;119;68m[48;2;133;117;66m▀[0m[38;2;124;108;60m[48;2;150;136;73m▀[0m[38;2;145;127;75m[48;2;170;155;86m▀[0m[38;2;157;140;86m[48;2;136;119;69m▀[0m[38;2;82;73;48m[48;2;158;141;87m▀[0m[38;2;0;0;0m[48;2;81;72;47m▀[0m[38;2;0;0;0m▄[0m    
       [38;2;18;18;26m[48;2;17;17;23m▀[0m[38;2;36;36;43m[48;2;45;45;53m▀[0m[38;2;52;52;60m[48;2;60;60;68m▀[0m[38;2;58;58;66m[48;2;57;57;65m▀[0m[38;2;59;59;67m[48;2;59;59;67m▀[0m[38;2;46;46;54m[48;2;46;46;54m▀[0m[38;2;19;19;26m[48;2;19;19;26m▀[0m              [38;2;35;35;45m[48;2;35;35;45m▀[0m[38;2;162;163;172m[48;2;162;163;172m▀[0m[38;2;194;189;151m[48;2;194;189;151m▀[0m[38;2;169;156;61m[48;2;169;156;61m▀[0m[38;2;242;229;129m[48;2;242;229;129m▀[0m[38;2;235;222;123m[48;2;235;222;123m▀[0m[38;2;235;222;123m[48;2;235;222;123m▀[0m[38;2;235;222;123m[48;2;235;222;123m▀[0m[38;2;236;223;124m[48;2;236;223;124m▀[0m[38;2;226;213;115m[48;2;226;213;115m▀[0m[38;2;137;127;48m[48;2;137;127;48m▀[0m[38;2;234;234;235m[48;2;234;234;235m▀[0m[38;2;19;19;19m[48;2;19;19;19m▀[0m[38;2;0;0;0m[48;2;0;0;0m▀[0m       [38;2;66;56;19m[48;2;58;49;15m▀[0m[38;2;105;90;47m[48;2;122;106;58m▀[0m[38;2;148;131;77m[48;2;168;149;92m▀[0m[38;2;164;146;90m[48;2;161;143;87m▀[0m[38;2;161;142;87m[48;2;153;135;82m▀[0m[38;2;153;136;83m[48;2;121;105;55m▀[0m[38;2;139;124;72m[48;2;127;115;45m▀[0m[38;2;190;177;98m[48;2;187;175;81m▀[0m[38;2;193;179;100m[48;2;185;174;81m▀[0m[38;2;247;234;130m[48;2;212;198;106m▀[0m[38;2;239;227;126m[48;2;239;226;127m▀[0m[38;2;91;78;38m[48;2;71;59;27m▀[0m[38;2;159;141;84m[48;2;162;144;88m▀[0m[38;2;58;59;69m[48;2;88;81;60m▀[0m[38;2;79;72;56m[48;2;132;115;66m▀[0m[38;2;111;101;73m[48;2;162;143;85m▀[0m[38;2;116;106;78m[48;2;165;146;88m▀[0m[38;2;118;107;78m[48;2;171;152;89m▀[0m[38;2;90;82;61m[48;2;157;138;77m▀[0m[38;2;108;95;59m[48;2;139;122;68m▀[0m[38;2;138;121;70m[48;2;138;121;71m▀[0m[38;2;159;143;82m[48;2;103;88;48m▀[0m[38;2;182;168;92m[48;2;154;141;76m▀[0m[38;2;163;149;82m[48;2;212;200;104m▀[0m[38;2;141;124;74m[48;2;108;94;39m▀[0m[38;2;159;141;87m[48;2;140;122;73m▀[0m[38;2;79;71;46m[48;2;161;143;89m▀[0m[38;2;0;0;2m[48;2;76;69;46m▀[0m[38;2;8;10;12m▄[0m  
      [38;2;20;20;26m[48;2;19;19;26m▀[0m[38;2;35;35;42m[48;2;48;48;57m▀[0m[38;2;51;51;59m[48;2;60;60;68m▀[0m[38;2;58;58;66m[48;2;57;57;65m▀[0m[38;2;57;57;65m[48;2;57;57;65m▀[0m[38;2;59;59;67m[48;2;59;59;67m▀[0m[38;2;46;46;54m[48;2;46;46;54m▀[0m[38;2;19;19;26m[48;2;19;19;26m▀[0m              [38;2;35;35;45m[48;2;35;35;45m▀[0m[38;2;162;163;172m[48;2;162;163;172m▀[0m[38;2;194;189;151m[48;2;194;189;151m▀[0m[38;2;169;156;61m[48;2;169;156;61m▀[0m[38;2;242;229;129m[48;2;242;229;129m▀[0m[38;2;235;222;123m[48;2;235;222;123m▀[0m[38;2;235;222;123m[48;2;235;222;123m▀[0m[38;2;235;222;123m[48;2;235;222;123m▀[0m[38;2;236;223;124m[48;2;236;223;124m▀[0m[38;2;226;213;115m[48;2;226;213;115m▀[0m[38;2;137;127;48m[48;2;137;127;48m▀[0m[38;2;234;234;235m[48;2;234;234;235m▀[0m[38;2;19;19;19m[48;2;19;19;19m▀[0m[38;2;0;0;0m[48;2;0;0;0m▀[0m      [38;2;67;56;21m[48;2;62;52;19m▀[0m[38;2;103;88;45m[48;2;130;114;63m▀[0m[38;2;141;124;73m[48;2;167;149;92m▀[0m[38;2;163;145;89m[48;2;162;144;89m▀[0m[38;2;150;133;80m[48;2;136;119;71m▀[0m[38;2;144;129;73m[48;2;140;126;67m▀[0m[38;2;175;162;84m[48;2;253;240;134m▀[0m[38;2;183;172;78m[48;2;242;229;129m▀[0m[38;2;176;164;74m[48;2;243;229;129m▀[0m[38;2;176;164;75m[48;2;239;226;126m▀[0m[38;2;180;166;83m[48;2;204;190;100m▀[0m[38;2;180;168;78m[48;2;170;159;70m▀[0m[38;2;99;88;30m[48;2;183;171;77m▀[0m[38;2;118;102;57m[48;2;73;61;24m▀[0m[38;2;137;119;67m[48;2;154;136;82m▀[0m[38;2;160;141;86m[48;2;160;142;87m▀[0m[38;2;160;142;87m[48;2;162;143;86m▀[0m[38;2;168;149;89m[48;2;125;112;75m▀[0m[38;2;118;106;72m[48;2;121;120;119m▀[0m[38;2;94;86;65m[48;2;127;129;143m▀[0m[38;2;144;129;82m[48;2;117;112;100m▀[0m[38;2;157;138;81m[48;2;144;129;83m▀[0m[38;2;93;79;40m[48;2;129;113;63m▀[0m[38;2;128;116;58m[48;2;98;85;39m▀[0m[38;2;218;205;105m[48;2;176;162;85m▀[0m[38;2;178;166;79m[48;2;255;242;137m▀[0m[38;2;160;145;81m[48;2;210;197;108m▀[0m[38;2;144;127;74m[48;2;107;91;49m▀[0m[38;2;150;133;82m[48;2;155;138;85m▀[0m[38;2;0;2;8m[48;2;70;64;41m▀[0m[38;2;12;12;14m▄[0m 
     [38;2;19;19;27m▄[0m[38;2;17;17;24m[48;2;30;30;38m▀[0m[38;2;45;45;53m[48;2;50;50;58m▀[0m[38;2;59;59;67m[48;2;58;58;66m▀[0m[38;2;57;57;65m[48;2;57;57;65m▀[0m[38;2;57;57;65m[48;2;57;57;65m▀[0m[38;2;59;59;67m[48;2;59;59;67m▀[0m[38;2;46;46;54m[48;2;45;45;53m▀[0m[38;2;19;19;26m[48;2;18;18;24m▀[0m              [38;2;35;35;45m[48;2;35;35;45m▀[0m[38;2;162;163;172m[48;2;162;163;172m▀[0m[38;2;194;189;151m[48;2;194;189;151m▀[0m[38;2;169;156;61m[48;2;169;156;61m▀[0m[38;2;242;229;129m[48;2;242;229;129m▀[0m[38;2;235;222;123m[48;2;235;222;123m▀[0m[38;2;235;222;123m[48;2;235;222;123m▀[0m[38;2;235;222;123m[48;2;235;222;123m▀[0m[38;2;236;223;124m[48;2;236;223;124m▀[0m[38;2;226;213;115m[48;2;226;213;115m▀[0m[38;2;137;127;48m[48;2;137;127;48m▀[0m[38;2;234;234;235m[48;2;234;234;235m▀[0m[38;2;19;19;19m[48;2;19;19;19m▀[0m[38;2;0;0;0m[48;2;0;0;0m▀[0m     [38;2;72;60;24m[48;2;69;58;24m▀[0m[38;2;80;68;30m[48;2;113;98;51m▀[0m[38;2;130;113;64m[48;2;149;132;78m▀[0m[38;2;164;146;90m[48;2;165;146;90m▀[0m[38;2;152;134;81m[48;2;126;110;63m▀[0m[38;2;145;129;74m[48;2;146;132;70m▀[0m[38;2;182;169;92m[48;2;255;244;137m▀[0m[38;2;241;228;126m[48;2;239;225;126m▀[0m[38;2;235;222;123m[48;2;239;226;126m▀[0m[38;2;235;222;123m[48;2;237;224;124m▀[0m[38;2;235;222;123m[48;2;235;222;123m▀[0m[38;2;239;226;126m[48;2;235;222;123m▀[0m[38;2;242;229;129m[48;2;235;222;123m▀[0m[38;2;244;231;130m[48;2;244;231;128m▀[0m[38;2;81;69;30m[48;2;81;69;30m▀[0m[38;2;151;133;80m[48;2;153;135;81m▀[0m[38;2;160;142;87m[48;2;160;142;87m▀[0m[38;2;167;147;87m[48;2;166;147;88m▀[0m[38;2;60;56;56m[48;2;78;70;51m▀[0m[38;2;194;195;201m[48;2;138;138;141m▀[0m[38;2;255;255;255m[48;2;182;184;191m▀[0m[38;2;124;126;140m[48;2;120;117;114m▀[0m[38;2;95;86;65m[48;2;122;109;73m▀[0m[38;2;159;140;81m[48;2;171;152;92m▀[0m[38;2;97;82;43m[48;2;120;104;59m▀[0m[38;2;121;109;55m[48;2;125;113;57m▀[0m[38;2;250;237;132m[48;2;247;234;130m▀[0m[38;2;218;205;113m[48;2;243;230;129m▀[0m[38;2;151;136;75m[48;2;224;210;117m▀[0m[38;2;146;129;77m[48;2;110;95;51m▀[0m[38;2;158;141;86m[48;2;149;133;82m▀[0m[38;2;12;12;14m[48;2;5;6;10m▀[0m 
     [38;2;19;19;27m[48;2;18;18;26m▀[0m[38;2;51;51;59m[48;2;48;48;56m▀[0m[38;2;59;59;68m[48;2;58;58;67m▀[0m[38;2;57;57;65m[48;2;57;57;65m▀[0m[38;2;57;57;65m[48;2;57;57;65m▀[0m[38;2;57;57;65m[48;2;57;57;65m▀[0m[38;2;58;58;66m[48;2;57;57;65m▀[0m[38;2;49;49;58m[48;2;59;59;68m▀[0m[38;2;30;30;36m[48;2;50;50;59m▀[0m[38;2;18;18;27m[48;2;19;19;27m▀[0m             [38;2;35;35;45m[48;2;35;35;45m▀[0m[38;2;162;163;172m[48;2;162;163;172m▀[0m[38;2;194;189;151m[48;2;194;189;151m▀[0m[38;2;169;156;61m[48;2;169;156;61m▀[0m[38;2;242;229;129m[48;2;242;229;129m▀[0m[38;2;235;222;123m[48;2;235;222;123m▀[0m[38;2;235;222;123m[48;2;235;222;123m▀[0m[38;2;235;222;123m[48;2;235;222;123m▀[0m[38;2;236;223;124m[48;2;236;223;124m▀[0m[38;2;226;213;115m[48;2;226;213;115m▀[0m[38;2;137;127;48m[48;2;137;127;48m▀[0m[38;2;234;234;235m[48;2;234;234;235m▀[0m[38;2;19;19;19m[48;2;19;19;19m▀[0m[38;2;0;0;0m[48;2;0;0;0m▀[0m     [38;2;67;54;21m[48;2;67;54;21m▀[0m[38;2;131;115;66m[48;2;129;113;64m▀[0m[38;2;166;148;90m[48;2;164;146;89m▀[0m[38;2;164;146;89m[48;2;164;146;89m▀[0m[38;2;117;102;58m[48;2;121;106;61m▀[0m[38;2;112;100;46m[48;2;96;85;33m▀[0m[38;2;213;200;102m[48;2;157;146;57m▀[0m[38;2;203;190;97m[48;2;151;140;54m▀[0m[38;2;206;194;99m[48;2;157;146;60m▀[0m[38;2;224;211;115m[48;2;191;177;90m▀[0m[38;2;239;226;127m[48;2;214;201;105m▀[0m[38;2;239;225;126m[48;2;211;199;103m▀[0m[38;2;239;226;125m[48;2;203;190;105m▀[0m[38;2;189;177;95m[48;2;86;72;36m▀[0m[38;2;76;64;27m[48;2;94;80;41m▀[0m[38;2;137;120;70m[48;2;118;103;56m▀[0m[38;2;160;141;87m[48;2;144;126;74m▀[0m[38;2;165;147;91m[48;2;161;143;88m▀[0m[38;2;93;79;35m[48;2;108;94;51m▀[0m[38;2;72;65;47m[48;2;127;111;61m▀[0m[38;2;69;65;60m[48;2;154;134;78m▀[0m[38;2;130;116;76m[48;2;159;141;84m▀[0m[38;2;169;149;89m[48;2;165;147;91m▀[0m[38;2;157;140;84m[48;2;134;117;68m▀[0m[38;2;109;94;51m[48;2;78;66;30m▀[0m[38;2;128;116;59m[48;2;115;103;52m▀[0m[38;2;249;236;131m[48;2;193;179;96m▀[0m[38;2;221;208;111m[48;2;153;140;64m▀[0m[38;2;184;171;87m[48;2;154;142;58m▀[0m[38;2;112;97;53m[48;2;143;128;72m▀[0m[38;2;154;138;85m[48;2;151;134;80m▀[0m[38;2;52;47;34m[48;2;163;144;88m▀[0m[38;2;14;14;14m[48;2;15;15;16m▀[0m
    [38;2;18;18;24m[48;2;20;20;26m▀[0m[38;2;26;26;34m[48;2;52;52;60m▀[0m[38;2;50;50;58m[48;2;59;59;67m▀[0m[38;2;58;58;67m[48;2;57;57;65m▀[0m[38;2;57;57;65m[48;2;57;57;65m▀[0m[38;2;57;57;65m[48;2;57;57;65m▀[0m[38;2;57;57;65m[48;2;56;57;64m▀[0m[38;2;57;57;65m[48;2;56;56;63m▀[0m[38;2;58;58;67m[48;2;57;57;65m▀[0m[38;2;48;48;56m[48;2;48;48;55m▀[0m[38;2;19;19;27m[48;2;19;19;26m▀[0m            [38;2;49;49;49m▄[0m[38;2;32;32;42m[48;2;56;56;64m▀[0m[38;2;161;162;171m[48;2;171;172;180m▀[0m[38;2;194;189;151m[48;2;197;192;154m▀[0m[38;2;168;155;60m[48;2;174;160;65m▀[0m[38;2;242;229;129m[48;2;242;229;129m▀[0m[38;2;235;222;123m[48;2;235;222;123m▀[0m[38;2;235;222;123m[48;2;235;222;123m▀[0m[38;2;235;222;123m[48;2;235;222;123m▀[0m[38;2;236;223;124m[48;2;236;223;124m▀[0m[38;2;226;213;115m[48;2;226;213;115m▀[0m[38;2;137;127;48m[48;2;137;127;48m▀[0m[38;2;234;234;235m[48;2;234;234;235m▀[0m[38;2;19;19;19m[48;2;19;19;19m▀[0m[38;2;0;0;0m[48;2;0;0;0m▀[0m     [38;2;67;54;21m[48;2;68;56;21m▀[0m[38;2;129;113;64m[48;2;129;113;64m▀[0m[38;2;164;146;89m[48;2;164;146;89m▀[0m[38;2;164;146;89m[48;2;164;146;89m▀[0m[38;2;117;101;57m[48;2;117;101;57m▀[0m[38;2;127;115;59m[48;2;127;115;58m▀[0m[38;2;255;242;137m[48;2;242;229;127m▀[0m[38;2;248;235;133m[48;2;210;197;108m▀[0m[38;2;232;218;122m[48;2;187;174;94m▀[0m[38;2;152;138;65m[48;2;74;62;29m▀[0m[38;2;114;103;31m[48;2;81;68;33m▀[0m[38;2;123;111;37m[48;2;123;107;61m▀[0m[38;2;115;99;56m[48;2;163;144;88m▀[0m[38;2;164;145;90m[48;2;159;141;86m▀[0m[38;2;165;147;90m[48;2;161;142;86m▀[0m[38;2;164;146;90m[48;2;161;142;86m▀[0m[38;2;123;107;59m[48;2;162;144;88m▀[0m[38;2;151;134;81m[48;2;163;145;89m▀[0m[38;2;162;145;88m[48;2;119;104;56m▀[0m[38;2;106;92;49m[48;2;139;124;77m▀[0m[38;2;98;84;41m[48;2;122;108;68m▀[0m[38;2;137;121;69m[48;2;104;90;49m▀[0m[38;2;151;134;81m[48;2;88;75;35m▀[0m[38;2;116;101;56m[48;2;120;105;59m▀[0m[38;2;88;75;36m[48;2;170;151;94m▀[0m[38;2;89;76;37m[48;2;167;148;91m▀[0m[38;2;73;60;28m[48;2;156;138;82m▀[0m[38;2;105;92;46m[48;2;105;90;47m▀[0m[38;2;229;216;121m[48;2;89;77;36m▀[0m[38;2;231;218;121m[48;2;205;192;105m▀[0m[38;2;109;94;50m[48;2;115;99;54m▀[0m[38;2;154;136;84m[48;2;154;136;84m▀[0m[38;2;14;14;15m[48;2;14;14;15m▀[0m
    [38;2;20;20;26m[48;2;20;20;26m▀[0m[38;2;50;50;58m[48;2;50;50;58m▀[0m[38;2;58;58;66m[48;2;58;58;66m▀[0m[38;2;57;57;65m[48;2;57;57;65m▀[0m[38;2;57;57;64m[48;2;57;56;64m▀[0m[38;2;58;57;68m[48;2;68;62;101m▀[0m[38;2;62;60;75m[48;2;104;91;160m▀[0m[38;2;65;64;79m[48;2;129;116;186m▀[0m[38;2;64;62;78m[48;2;111;98;166m▀[0m[38;2;50;49;63m[48;2;72;61;123m▀[0m[38;2;22;20;34m[48;2;49;39;91m▀[0m[38;2;42;42;85m▄[0m           [38;2;44;44;53m[48;2;44;44;53m▀[0m[38;2;127;127;130m[48;2;130;130;134m▀[0m[38;2;212;213;218m[48;2;169;170;172m▀[0m[38;2;214;207;167m[48;2;196;190;139m▀[0m[38;2;208;194;96m[48;2;242;228;122m▀[0m[38;2;238;225;125m[48;2;235;222;123m▀[0m[38;2;235;222;123m[48;2;235;222;123m▀[0m[38;2;235;222;123m[48;2;235;222;123m▀[0m[38;2;235;222;123m[48;2;235;222;123m▀[0m[38;2;236;223;124m[48;2;236;223;124m▀[0m[38;2;226;213;115m[48;2;226;213;115m▀[0m[38;2;137;127;48m[48;2;137;127;48m▀[0m[38;2;234;234;235m[48;2;234;234;235m▀[0m[38;2;19;19;19m[48;2;19;19;19m▀[0m[38;2;0;0;0m[48;2;0;0;0m▀[0m     [38;2;59;48;19m[48;2;0;0;7m▀[0m[38;2;126;111;64m[48;2;96;86;55m▀[0m[38;2;166;148;90m[48;2;162;143;86m▀[0m[38;2;161;144;87m[48;2;136;120;70m▀[0m[38;2;114;98;55m[48;2;100;87;44m▀[0m[38;2;124;112;56m[48;2;75;62;27m▀[0m[38;2;186;173;94m[48;2;100;86;46m▀[0m[38;2;64;52;22m[48;2;172;153;95m▀[0m[38;2;91;77;39m[48;2;145;128;78m▀[0m[38;2;154;137;82m[48;2;77;65;32m▀[0m[38;2;124;108;60m[48;2;165;147;91m▀[0m[38;2;162;144;89m[48;2;159;141;86m▀[0m[38;2;159;141;86m[48;2;159;141;86m▀[0m[38;2;160;142;86m[48;2;151;135;84m▀[0m[38;2;146;130;82m[48;2;71;71;79m▀[0m[38;2;144;128;81m[48;2;62;64;78m▀[0m[38;2;158;140;86m[48;2;139;125;83m▀[0m[38;2;162;144;88m[48;2;159;141;85m▀[0m[38;2;133;116;63m[48;2;168;149;89m▀[0m[38;2;69;66;60m[48;2;87;82;72m▀[0m[38;2;48;51;68m[48;2;48;50;65m▀[0m[38;2;62;56;40m[48;2;92;82;59m▀[0m[38;2;125;109;60m[48;2;144;127;72m▀[0m[38;2;167;148;92m[48;2;162;144;88m▀[0m[38;2;160;142;86m[48;2;160;141;86m▀[0m[38;2;155;137;85m[48;2;121;111;82m▀[0m[38;2;147;131;84m[48;2;61;64;80m▀[0m[38;2;131;116;71m[48;2;67;66;67m▀[0m[38;2;70;58;23m[48;2;84;71;33m▀[0m[38;2;75;62;28m[48;2;115;101;55m▀[0m[38;2;117;101;54m[48;2;78;67;33m▀[0m[38;2;155;137;85m[48;2;148;131;79m▀[0m[38;2;14;14;15m[48;2;14;14;15m▀[0m
   [38;2;42;42;85m[48;2;47;38;90m▀[0m[38;2;22;22;28m[48;2;57;56;73m▀[0m[38;2;50;50;58m[48;2;57;57;65m▀[0m[38;2;58;58;66m[48;2;57;57;65m▀[0m[38;2;55;56;60m[48;2;52;53;57m▀[0m[38;2;68;62;101m[48;2;96;88;131m▀[0m[38;2;105;91;160m[48;2;128;114;185m▀[0m[38;2;124;111;178m[48;2;100;88;150m▀[0m[38;2;118;105;172m[48;2;71;61;118m▀[0m[38;2;122;109;176m[48;2;92;80;142m▀[0m[38;2;113;99;166m[48;2;126;113;182m▀[0m[38;2;72;62;121m[48;2;107;94;159m▀[0m[38;2;44;36;85m[48;2;42;32;81m▀[0m           [38;2;36;36;45m[48;2;36;36;45m▀[0m[38;2;175;176;186m[48;2;173;174;184m▀[0m[38;2;187;181;136m[48;2;186;181;137m▀[0m[38;2;174;162;64m[48;2;175;163;67m▀[0m[38;2;242;229;129m[48;2;242;229;129m▀[0m[38;2;235;222;123m[48;2;235;222;123m▀[0m[38;2;235;222;123m[48;2;235;222;123m▀[0m[38;2;235;222;123m[48;2;235;222;123m▀[0m[38;2;235;222;123m[48;2;235;222;123m▀[0m[38;2;236;223;124m[48;2;236;223;124m▀[0m[38;2;226;213;115m[48;2;226;213;115m▀[0m[38;2;137;127;48m[48;2;137;127;48m▀[0m[38;2;234;234;235m[48;2;234;234;235m▀[0m[38;2;19;19;19m[48;2;20;20;20m▀[0m[38;2;0;0;0m[48;2;0;0;0m▀[0m     [38;2;9;10;15m[48;2;4;6;12m▀[0m[38;2;51;44;23m[48;2;72;63;36m▀[0m[38;2;74;62;25m[48;2;145;127;74m▀[0m[38;2;117;102;56m[48;2;163;145;89m▀[0m[38;2;167;148;92m[48;2;159;141;86m▀[0m[38;2;162;144;88m[48;2;159;141;86m▀[0m[38;2;161;143;88m[48;2;161;142;87m▀[0m[38;2;161;142;86m[48;2;149;132;78m▀[0m[38;2;137;122;81m[48;2;97;85;52m▀[0m[38;2;64;63;67m[48;2;67;65;68m▀[0m[38;2;164;145;87m[48;2;163;145;86m▀[0m[38;2;159;141;86m[48;2;155;138;83m▀[0m[38;2;154;136;83m[48;2;73;61;27m▀[0m[38;2;52;53;62m[48;2;58;57;63m▀[0m[38;2;234;235;234m[48;2;224;224;224m▀[0m[38;2;254;254;252m[48;2;241;241;240m▀[0m[38;2;71;73;86m[48;2;76;76;86m▀[0m[38;2;136;122;79m[48;2;138;124;79m▀[0m[38;2;169;149;88m[48;2;168;148;87m▀[0m[38;2;86;81;71m[48;2;86;81;71m▀[0m[38;2;45;47;63m[48;2;45;47;63m▀[0m[38;2;119;108;78m[48;2;117;106;76m▀[0m[38;2;166;147;88m[48;2;164;145;87m▀[0m[38;2;165;146;87m[48;2;165;146;87m▀[0m[38;2;106;96;68m[48;2;109;99;69m▀[0m[38;2;110;113;125m[48;2;111;113;122m▀[0m[38;2;255;255;255m[48;2;249;250;250m▀[0m[38;2;197;198;201m[48;2;189;190;193m▀[0m[38;2;64;60;59m[48;2;67;63;59m▀[0m[38;2;154;137;86m[48;2;150;134;84m▀[0m[38;2;53;54;62m[48;2;58;57;63m▀[0m[38;2;73;61;25m[48;2;112;97;52m▀[0m[38;2;15;15;16m[48;2;15;15;16m▀[0m
   [38;2;45;36;86m[48;2;43;34;82m▀[0m[38;2;75;63;126m[48;2;112;99;168m▀[0m[38;2;63;60;80m[48;2;74;71;92m▀[0m[38;2;56;57;63m[48;2;55;55;61m▀[0m[38;2;52;53;57m[48;2;57;57;65m▀[0m[38;2;98;90;134m[48;2;57;57;62m▀[0m[38;2;103;90;160m[48;2;71;64;104m▀[0m[38;2;65;60;95m[48;2;70;63;102m▀[0m[38;2;54;56;57m[48;2;54;56;57m▀[0m[38;2;62;59;84m[48;2;62;59;84m▀[0m[38;2;94;82;148m[48;2;94;82;148m▀[0m[38;2;109;96;161m[48;2;109;96;161m▀[0m[38;2;42;32;81m[48;2;41;31;80m▀[0m          [38;2;0;0;0m[48;2;44;44;54m▀[0m[38;2;36;36;45m[48;2;124;124;128m▀[0m[38;2;173;174;184m[48;2;218;219;225m▀[0m[38;2;186;181;137m[48;2;210;203;160m▀[0m[38;2;175;163;67m[48;2;205;190;93m▀[0m[38;2;242;229;129m[48;2;238;226;126m▀[0m[38;2;235;222;123m[48;2;235;222;123m▀[0m[38;2;235;222;123m[48;2;235;222;123m▀[0m[38;2;235;222;123m[48;2;235;222;123m▀[0m[38;2;235;222;123m[48;2;235;222;123m▀[0m[38;2;236;223;124m[48;2;236;223;124m▀[0m[38;2;226;213;115m[48;2;226;213;115m▀[0m[38;2;137;126;48m[48;2;136;125;46m▀[0m[38;2;235;235;236m[48;2;236;236;237m▀[0m[38;2;61;61;69m[48;2;169;169;169m▀[0m[38;2;39;39;58m[48;2;23;23;23m▀[0m[38;2;0;0;0m▄[0m     [38;2;65;55;21m[48;2;1;3;8m▀[0m[38;2;125;109;60m[48;2;94;84;54m▀[0m[38;2;164;146;90m[48;2;168;149;91m▀[0m[38;2;159;141;86m[48;2;159;141;86m▀[0m[38;2;159;141;86m[48;2;161;143;87m▀[0m[38;2;163;144;87m[48;2;149;130;76m▀[0m[38;2;136;122;81m[48;2;99;87;53m▀[0m[38;2;49;51;64m[48;2;53;54;66m▀[0m[38;2;64;62;63m[48;2;56;56;65m▀[0m[38;2;121;105;56m[48;2;67;66;67m▀[0m[38;2;156;139;84m[48;2;160;141;84m▀[0m[38;2;76;64;28m[48;2;76;64;27m▀[0m[38;2;159;141;85m[48;2;158;140;85m▀[0m[38;2;62;61;66m[48;2;157;139;86m▀[0m[38;2;51;52;63m[48;2;157;139;85m▀[0m[38;2;146;130;83m[48;2;159;141;86m▀[0m[38;2;164;145;89m[48;2;167;148;88m▀[0m[38;2;128;112;60m[48;2;71;68;68m▀[0m[38;2;72;68;60m[48;2;139;130;76m▀[0m[38;2;51;53;66m[48;2;232;218;117m▀[0m[38;2;88;79;56m[48;2;134;122;63m▀[0m[38;2;141;124;70m[48;2;111;96;53m▀[0m[38;2;162;144;88m[48;2;165;147;91m▀[0m[38;2;164;145;87m[48;2;159;141;86m▀[0m[38;2;124;112;79m[48;2;158;140;86m▀[0m[38;2;46;48;62m[48;2;157;139;86m▀[0m[38;2;82;77;71m[48;2;161;143;87m▀[0m[38;2;159;140;81m[48;2;143;127;82m▀[0m[38;2;103;91;53m[48;2;52;54;64m▀[0m[38;2;60;59;65m[48;2;54;54;61m▀[0m[38;2;111;96;51m[48;2;16;15;15m▀[0m[38;2;15;15;16m[48;2;0;0;0m▀[0m
   [38;2;43;34;82m[48;2;40;31;78m▀[0m[38;2;112;99;165m[48;2;109;97;161m▀[0m[38;2;89;78;142m[48;2;121;108;175m▀[0m[38;2;59;56;77m[48;2;120;107;172m▀[0m[38;2;55;56;59m[48;2;90;79;140m▀[0m[38;2;57;57;64m[48;2;60;57;82m▀[0m[38;2;58;57;67m[48;2;53;54;56m▀[0m[38;2;58;57;67m[48;2;53;54;56m▀[0m[38;2;56;56;61m[48;2;60;57;82m▀[0m[38;2;61;58;82m[48;2;90;79;142m▀[0m[38;2;91;78;144m[48;2;122;109;177m▀[0m[38;2;125;112;180m[48;2;123;110;177m▀[0m[38;2;106;94;159m[48;2;109;97;163m▀[0m[38;2;43;34;82m[48;2;43;34;82m▀[0m         [38;2;37;37;47m[48;2;37;37;47m▀[0m[38;2;182;183;191m[48;2;184;185;194m▀[0m[38;2;180;174;128m[48;2;178;172;122m▀[0m[38;2;183;171;77m[48;2;182;169;73m▀[0m[38;2;241;226;127m[48;2;242;228;128m▀[0m[38;2;235;222;123m[48;2;235;222;123m▀[0m[38;2;235;222;123m[48;2;235;222;123m▀[0m[38;2;235;222;123m[48;2;235;222;123m▀[0m[38;2;235;222;123m[48;2;235;222;123m▀[0m[38;2;235;222;123m[48;2;235;222;123m▀[0m[38;2;236;223;123m[48;2;235;222;123m▀[0m[38;2;231;217;119m[48;2;235;222;123m▀[0m[38;2;183;170;90m[48;2;229;216;123m▀[0m[38;2;238;238;239m[48;2;174;175;181m▀[0m[38;2;169;169;169m[48;2;233;233;233m▀[0m[38;2;23;23;23m[48;2;27;27;27m▀[0m[38;2;0;0;0m[48;2;0;0;0m▀[0m     [38;2;4;6;11m[48;2;0;0;23m▀[0m[38;2;69;61;36m[48;2;8;7;10m▀[0m[38;2;145;127;73m[48;2;89;80;52m▀[0m[38;2;162;144;88m[48;2;170;151;92m▀[0m[38;2;163;145;87m[48;2;163;145;87m▀[0m[38;2;131;118;80m[48;2;129;116;80m▀[0m[38;2;52;52;62m[48;2;45;47;62m▀[0m[38;2;57;57;65m[48;2;53;53;64m▀[0m[38;2;57;57;65m[48;2;53;53;64m▀[0m[38;2;57;57;65m[48;2;52;53;64m▀[0m[38;2;61;61;66m[48;2;52;53;64m▀[0m[38;2;59;58;63m[48;2;52;53;64m▀[0m[38;2;161;143;87m[48;2;60;59;66m▀[0m[38;2;162;144;87m[48;2;63;63;68m▀[0m[38;2;164;146;89m[48;2;63;63;70m▀[0m[38;2;125;109;61m[48;2;71;61;34m▀[0m[38;2;77;64;30m[48;2;110;99;28m▀[0m[38;2;150;138;69m[48;2;209;196;101m▀[0m[38;2;221;208;113m[48;2;239;225;126m▀[0m[38;2;237;224;125m[48;2;235;222;123m▀[0m[38;2;241;229;127m[48;2;243;230;129m▀[0m[38;2;142;130;68m[48;2;184;172;80m▀[0m[38;2;107;92;51m[48;2;98;86;26m▀[0m[38;2;168;149;91m[48;2;67;59;43m▀[0m[38;2;164;146;88m[48;2;63;62;71m▀[0m[38;2;152;133;77m[48;2;61;60;66m▀[0m[38;2;102;90;54m[48;2;57;57;64m▀[0m[38;2;57;57;67m[48;2;55;55;66m▀[0m[38;2;58;58;66m[48;2;50;51;60m▀[0m[38;2;55;55;63m[48;2;17;17;17m▀[0m[38;2;14;14;14m[48;2;14;14;14m▀[0m 
  [38;2;10;10;7m[48;2;10;10;7m▀[0m[38;2;102;90;148m[48;2;109;97;156m▀[0m[38;2;121;109;176m[48;2;123;110;178m▀[0m[38;2;122;109;176m[48;2;121;108;175m▀[0m[38;2;122;109;176m[48;2;121;108;175m▀[0m[38;2;118;105;173m[48;2;121;108;175m▀[0m[38;2;115;103;166m[48;2;122;109;176m▀[0m[38;2;114;102;163m[48;2;122;109;177m▀[0m[38;2;114;102;163m[48;2;122;109;177m▀[0m[38;2;115;103;166m[48;2;122;109;176m▀[0m[38;2;118;105;173m[48;2;121;108;175m▀[0m[38;2;122;109;176m[48;2;121;108;175m▀[0m[38;2;123;110;177m[48;2;121;108;175m▀[0m[38;2;108;96;161m[48;2;120;107;175m▀[0m[38;2;39;30;77m[48;2;103;91;155m▀[0m[38;2;43;34;83m▄[0m       [38;2;47;47;56m▄[0m[38;2;30;30;40m[48;2;118;118;121m▀[0m[38;2;182;183;192m[48;2;219;220;231m▀[0m[38;2;176;171;122m[48;2;203;196;150m▀[0m[38;2;181;168;72m[48;2;203;189;92m▀[0m[38;2;242;228;128m[48;2;239;226;126m▀[0m[38;2;235;222;123m[48;2;235;222;123m▀[0m[38;2;235;222;123m[48;2;235;222;123m▀[0m[38;2;235;222;123m[48;2;235;222;123m▀[0m[38;2;235;222;123m[48;2;235;222;123m▀[0m[38;2;235;222;123m[48;2;235;222;123m▀[0m[38;2;235;222;123m[48;2;235;222;123m▀[0m[38;2;236;223;124m[48;2;236;223;124m▀[0m[38;2;231;218;120m[48;2;230;217;119m▀[0m[38;2;138;128;56m[48;2;135;123;41m▀[0m[38;2;238;238;237m[48;2;237;237;235m▀[0m[38;2;25;25;24m[48;2;54;54;62m▀[0m[38;2;0;0;0m[48;2;85;85;85m▀[0m      [38;2;1;3;10m[48;2;0;0;13m▀[0m[38;2;65;58;35m[48;2;17;17;15m▀[0m[38;2;147;129;73m[48;2;70;62;37m▀[0m[38;2;163;145;89m[48;2;146;128;72m▀[0m[38;2;156;138;85m[48;2;165;146;90m▀[0m[38;2;147;131;84m[48;2;163;145;88m▀[0m[38;2;148;132;84m[48;2;164;145;89m▀[0m[38;2;148;132;84m[48;2;166;147;90m▀[0m[38;2;148;132;84m[48;2;167;148;90m▀[0m[38;2;148;132;84m[48;2;162;143;87m▀[0m[38;2;153;136;87m[48;2;78;65;30m▀[0m[38;2;153;136;88m[48;2;78;65;30m▀[0m[38;2;68;58;30m[48;2;207;194;105m▀[0m[38;2;61;51;26m[48;2;223;210;118m▀[0m[38;2;114;103;33m[48;2;138;127;43m▀[0m[38;2;208;196;101m[48;2;216;204;108m▀[0m[38;2;236;223;123m[48;2;238;225;125m▀[0m[38;2;236;222;123m[48;2;235;222;123m▀[0m[38;2;235;222;123m[48;2;238;225;125m▀[0m[38;2;244;231;130m[48;2;213;199;108m▀[0m[38;2;176;165;74m[48;2;179;165;82m▀[0m[38;2;175;163;73m[48;2;205;191;100m▀[0m[38;2;158;147;81m[48;2;239;226;125m▀[0m[38;2;68;58;31m[48;2;164;152;80m▀[0m[38;2;112;99;57m[48;2;82;68;32m▀[0m[38;2;107;94;54m[48;2;121;105;56m▀[0m[38;2;111;97;56m[48;2;106;93;50m▀[0m[38;2;102;89;51m[48;2;24;23;19m▀[0m[38;2;10;11;13m[48;2;7;15;15m▀[0m  
  [38;2;8;8;2m[48;2;34;27;64m▀[0m[38;2;108;96;154m[48;2;111;99;162m▀[0m[38;2;123;110;178m[48;2;122;109;177m▀[0m[38;2;121;108;175m[48;2;121;108;175m▀[0m[38;2;121;108;175m[48;2;123;110;178m▀[0m[38;2;121;108;175m[48;2;122;109;176m▀[0m[38;2;121;108;175m[48;2;121;108;175m▀[0m[38;2;121;108;175m[48;2;121;108;175m▀[0m[38;2;121;108;175m[48;2;121;108;175m▀[0m[38;2;121;108;175m[48;2;122;109;177m▀[0m[38;2;121;108;175m[48;2;123;110;178m▀[0m[38;2;121;108;175m[48;2;121;108;175m▀[0m[38;2;121;108;175m[48;2;121;108;175m▀[0m[38;2;122;109;177m[48;2;122;109;177m▀[0m[38;2;114;101;167m[48;2;111;99;164m▀[0m[38;2;43;35;84m[48;2;38;29;76m▀[0m       [38;2;42;42;51m[48;2;30;30;39m▀[0m[38;2;185;186;194m[48;2;193;194;204m▀[0m[38;2;180;175;132m[48;2;166;159;105m▀[0m[38;2;193;181;93m[48;2;187;174;77m▀[0m[38;2;236;223;123m[48;2;242;229;129m▀[0m[38;2;235;222;123m[48;2;235;222;123m▀[0m[38;2;235;222;123m[48;2;235;222;123m▀[0m[38;2;235;222;123m[48;2;235;222;123m▀[0m[38;2;235;222;123m[48;2;235;222;123m▀[0m[38;2;235;222;123m[48;2;235;222;123m▀[0m[38;2;235;222;123m[48;2;235;222;123m▀[0m[38;2;235;222;123m[48;2;235;222;123m▀[0m[38;2;236;223;124m[48;2;235;222;123m▀[0m[38;2;230;217;119m[48;2;232;219;120m▀[0m[38;2;132;121;40m[48;2;171;158;76m▀[0m[38;2;235;235;234m[48;2;242;243;248m▀[0m[38;2;152;152;154m[48;2;231;231;231m▀[0m[38;2;28;28;28m[48;2;34;34;34m▀[0m[38;2;0;0;0m[48;2;0;0;0m▀[0m      [38;2;0;0;0m▀[0m[38;2;16;16;16m[48;2;0;0;0m▀[0m[38;2;69;62;38m[48;2;23;21;19m▀[0m[38;2;134;117;64m[48;2;55;49;29m▀[0m[38;2;125;110;62m[48;2;89;76;33m▀[0m[38;2;118;103;57m[48;2;84;71;33m▀[0m[38;2;87;74;36m[48;2;104;90;46m▀[0m[38;2;88;75;36m[48;2;103;89;46m▀[0m[38;2;94;81;40m[48;2;103;89;46m▀[0m[38;2;217;204;112m[48;2;114;102;50m▀[0m[38;2;215;202;111m[48;2;112;99;49m▀[0m[38;2;240;227;127m[48;2;244;231;129m▀[0m[38;2;163;151;63m[48;2;142;131;44m▀[0m[38;2;166;154;70m[48;2;220;207;109m▀[0m[38;2;224;211;115m[48;2;237;224;125m▀[0m[38;2;236;223;124m[48;2;235;222;123m▀[0m[38;2;235;222;123m[48;2;234;221;123m▀[0m[38;2;242;229;129m[48;2;248;235;133m▀[0m[38;2;175;163;74m[48;2;174;162;71m▀[0m[38;2;181;169;80m[48;2;197;185;87m▀[0m[38;2;240;226;126m[48;2;207;193;109m▀[0m[38;2;255;243;135m[48;2;120;107;56m▀[0m[38;2;186;174;94m[48;2;111;97;48m▀[0m[38;2;77;63;27m[48;2;93;80;44m▀[0m[38;2;106;92;51m[48;2;28;26;21m▀[0m[38;2;26;24;19m[48;2;0;0;11m▀[0m[38;2;0;0;6m▀[0m   
 [38;2;14;14;12m[48;2;14;15;12m▀[0m[38;2;65;55;109m[48;2;74;64;119m▀[0m[38;2;118;105;172m[48;2;89;77;140m▀[0m[38;2;123;110;177m[48;2;116;104;170m▀[0m[38;2;123;110;177m[48;2;125;112;179m▀[0m[38;2;96;85;147m[48;2;87;76;138m▀[0m[38;2;109;96;161m[48;2;104;92;156m▀[0m[38;2;122;109;176m[48;2;123;110;177m▀[0m[38;2;121;108;175m[48;2;121;108;175m▀[0m[38;2;123;109;177m[48;2;124;110;178m▀[0m[38;2;106;94;159m[48;2;101;89;153m▀[0m[38;2;98;86;149m[48;2;90;78;141m▀[0m[38;2;123;110;178m[48;2;124;111;179m▀[0m[38;2;121;108;175m[48;2;121;108;175m▀[0m[38;2;121;108;176m[48;2;121;108;175m▀[0m[38;2;119;107;173m[48;2;122;109;176m▀[0m[38;2;97;85;147m[48;2;118;105;172m▀[0m[38;2;44;37;85m[48;2;45;36;85m▀[0m     [38;2;48;48;57m[48;2;29;29;39m▀[0m[38;2;112;112;115m[48;2;185;185;191m▀[0m[38;2;220;222;234m[48;2;184;179;141m▀[0m[38;2;195;186;135m[48;2;200;187;104m▀[0m[38;2;204;190;93m[48;2;232;219;120m▀[0m[38;2;239;226;126m[48;2;236;223;124m▀[0m[38;2;235;222;123m[48;2;235;222;123m▀[0m[38;2;235;222;123m[48;2;235;222;123m▀[0m[38;2;235;222;123m[48;2;235;222;123m▀[0m[38;2;235;222;123m[48;2;235;222;123m▀[0m[38;2;235;222;123m[48;2;235;222;123m▀[0m[38;2;235;222;123m[48;2;235;222;123m▀[0m[38;2;235;222;123m[48;2;235;222;123m▀[0m[38;2;235;222;123m[48;2;235;222;123m▀[0m[38;2;235;222;123m[48;2;234;221;122m▀[0m[38;2;226;213;117m[48;2;206;192;102m▀[0m[38;2;162;154;92m[48;2;123;111;17m▀[0m[38;2;242;242;239m[48;2;237;237;232m▀[0m[38;2;33;33;33m[48;2;50;51;57m▀[0m[38;2;0;0;0m[48;2;0;0;15m▀[0m        [38;2;0;0;14m▀[0m[38;2;14;14;14m[48;2;0;0;0m▀[0m[38;2;52;46;27m[48;2;28;26;22m▀[0m[38;2;118;101;52m[48;2;51;46;31m▀[0m[38;2;122;106;57m[48;2;58;51;32m▀[0m[38;2;115;100;54m[48;2;125;108;57m▀[0m[38;2;114;99;53m[48;2;121;105;56m▀[0m[38;2;98;84;43m[48;2;123;106;57m▀[0m[38;2;98;84;43m[48;2;116;101;54m▀[0m[38;2;116;104;52m[48;2;97;83;42m▀[0m[38;2;89;77;30m[48;2;99;85;44m▀[0m[38;2;135;120;64m[48;2;106;90;48m▀[0m[38;2;228;215;119m[48;2;145;130;71m▀[0m[38;2;246;233;130m[48;2;153;139;76m▀[0m[38;2;251;238;132m[48;2;155;141;77m▀[0m[38;2;185;170;94m[48;2;126;111;60m▀[0m[38;2;105;93;43m[48;2;107;92;48m▀[0m[38;2;100;89;39m[48;2;108;92;46m▀[0m[38;2;119;105;55m[48;2;77;66;37m▀[0m[38;2;116;99;52m[48;2;47;43;29m▀[0m[38;2;86;74;40m[48;2;40;36;25m▀[0m[38;2;32;29;23m[48;2;0;0;4m▀[0m[38;2;0;0;5m▀[0m     
 [38;2;13;14;12m[48;2;13;14;12m▀[0m[38;2;73;63;118m[48;2;74;64;119m▀[0m[38;2;76;65;127m[48;2;59;50;105m▀[0m[38;2;113;101;167m[48;2;109;97;162m▀[0m[38;2;126;113;182m[48;2;128;115;184m▀[0m[38;2;72;62;118m[48;2;63;53;105m▀[0m[38;2;97;85;146m[48;2;92;80;140m▀[0m[38;2;124;111;178m[48;2;125;112;179m▀[0m[38;2;121;108;175m[48;2;121;108;175m▀[0m[38;2;125;111;179m[48;2;125;112;180m▀[0m[38;2;93;81;142m[48;2;88;76;136m▀[0m[38;2;77;66;123m[48;2;58;48;101m▀[0m[38;2;128;115;183m[48;2;108;96;161m▀[0m[38;2;121;108;175m[48;2;123;110;177m▀[0m[38;2;121;108;175m[48;2;121;108;175m▀[0m[38;2;122;109;176m[48;2;121;108;175m▀[0m[38;2;115;102;167m[48;2;119;106;173m▀[0m[38;2;40;31;80m[48;2;88;77;137m▀[0m[38;2;46;37;87m▄[0m[38;2;127;127;127m▄[0m  [38;2;44;44;52m[48;2;45;45;53m▀[0m[38;2;152;152;156m[48;2;226;226;227m▀[0m[38;2;236;236;244m[48;2;249;250;252m▀[0m[38;2;150;141;75m[48;2;207;204;184m▀[0m[38;2;198;185;82m[48;2;177;167;95m▀[0m[38;2;245;232;132m[48;2;210;197;99m▀[0m[38;2;234;221;123m[48;2;239;226;126m▀[0m[38;2;235;222;123m[48;2;235;222;123m▀[0m[38;2;235;222;123m[48;2;235;222;123m▀[0m[38;2;235;222;123m[48;2;235;222;123m▀[0m[38;2;235;222;123m[48;2;235;222;123m▀[0m[38;2;235;222;123m[48;2;235;222;123m▀[0m[38;2;235;222;123m[48;2;235;222;123m▀[0m[38;2;235;222;123m[48;2;236;223;123m▀[0m[38;2;236;223;124m[48;2;233;220;121m▀[0m[38;2;234;221;122m[48;2;208;194;107m▀[0m[38;2;143;130;43m[48;2;193;188;156m▀[0m[38;2;198;194;163m[48;2;245;246;249m▀[0m[38;2;236;236;235m[48;2;251;251;252m▀[0m[38;2;187;187;190m[48;2;255;255;255m▀[0m[38;2;45;45;45m[48;2;50;50;50m▀[0m[38;2;0;0;0m[48;2;0;0;0m▀[0m         [38;2;0;0;0m▀[0m[38;2;2;2;11m▀[0m[38;2;17;17;17m[48;2;0;0;0m▀[0m[38;2;55;50;32m[48;2;4;4;12m▀[0m[38;2;53;47;31m[48;2;2;4;12m▀[0m[38;2;53;48;31m[48;2;4;7;11m▀[0m[38;2;120;104;56m[48;2;57;51;32m▀[0m[38;2;123;107;57m[48;2;57;51;32m▀[0m[38;2;123;107;57m[48;2;57;51;32m▀[0m[38;2;122;106;56m[48;2;57;51;32m▀[0m[38;2;117;100;53m[48;2;57;51;32m▀[0m[38;2;115;99;52m[48;2;57;51;32m▀[0m[38;2;117;101;54m[48;2;59;53;34m▀[0m[38;2;106;90;45m[48;2;64;56;29m▀[0m[38;2;70;61;34m[48;2;29;26;14m▀[0m[38;2;55;50;33m[48;2;0;2;12m▀[0m[38;2;39;35;25m[48;2;0;5;10m▀[0m[38;2;0;0;8m▀[0m[38;2;0;4;9m▀[0m       
 [38;2;11;13;7m[48;2;28;24;47m▀[0m[38;2;74;64;120m[48;2;75;65;123m▀[0m[38;2;46;37;88m[48;2;48;39;90m▀[0m[38;2;107;95;159m[48;2;107;95;159m▀[0m[38;2;128;115;184m[48;2;128;115;184m▀[0m[38;2;64;54;107m[48;2;64;54;107m▀[0m[38;2;93;81;141m[48;2;93;81;141m▀[0m[38;2;125;112;179m[48;2;125;112;179m▀[0m[38;2;121;108;175m[48;2;121;108;175m▀[0m[38;2;125;112;180m[48;2;125;112;180m▀[0m[38;2;91;79;139m[48;2;92;81;142m▀[0m[38;2;44;36;87m[48;2;32;26;64m▀[0m[38;2;80;68;129m[48;2;58;51;87m▀[0m[38;2;125;112;179m[48;2;133;119;192m▀[0m[38;2;121;108;175m[48;2;121;108;174m▀[0m[38;2;121;108;175m[48;2;121;108;175m▀[0m[38;2;121;108;177m[48;2;121;108;176m▀[0m[38;2;122;109;176m[48;2;119;106;173m▀[0m[38;2;44;36;86m[48;2;82;72;131m▀[0m[38;2;50;40;90m▄[0m[38;2;42;42;85m▄[0m [38;2;45;45;52m▀[0m[38;2;119;119;125m[48;2;17;17;26m▀[0m[38;2;227;227;228m[48;2;122;122;127m▀[0m[38;2;255;255;255m[48;2;229;230;232m▀[0m[38;2;155;148;93m[48;2;210;207;181m▀[0m[38;2;187;174;75m[48;2;179;169;97m▀[0m[38;2;245;232;132m[48;2;212;199;101m▀[0m[38;2;235;222;123m[48;2;238;225;125m▀[0m[38;2;235;222;123m[48;2;235;222;123m▀[0m[38;2;235;222;123m[48;2;235;222;123m▀[0m[38;2;235;222;123m[48;2;235;222;123m▀[0m[38;2;235;222;123m[48;2;235;222;123m▀[0m[38;2;235;222;123m[48;2;237;224;125m▀[0m[38;2;237;224;124m[48;2;233;220;120m▀[0m[38;2;234;220;121m[48;2;177;165;73m▀[0m[38;2;151;138;54m[48;2;183;178;139m▀[0m[38;2;247;248;254m[48;2;197;197;197m▀[0m[38;2;211;211;211m[48;2;92;92;92m▀[0m[38;2;122;122;122m[48;2;0;0;0m▀[0m[38;2;123;123;123m[48;2;0;0;0m▀[0m[38;2;40;40;40m[48;2;0;0;0m▀[0m[38;2;0;0;0m▀[0m               [38;2;4;6;11m▀[0m[38;2;4;6;10m▀[0m[38;2;4;6;10m▀[0m[38;2;4;6;10m▀[0m[38;2;4;6;10m▀[0m[38;2;4;6;10m▀[0m[38;2;4;6;13m▀[0m[38;2;0;0;8m▀[0m            
[38;2;15;15;15m[48;2;16;16;16m▀[0m[38;2;61;51;108m[48;2;77;67;125m▀[0m[38;2;79;67;128m[48;2;80;69;130m▀[0m[38;2;48;39;89m[48;2;47;38;89m▀[0m[38;2;107;95;159m[48;2;107;95;159m▀[0m[38;2;128;115;184m[48;2;128;115;184m▀[0m[38;2;64;54;107m[48;2;65;55;108m▀[0m[38;2;95;83;143m[48;2;82;70;129m▀[0m[38;2;126;113;180m[48;2;118;105;171m▀[0m[38;2;121;108;175m[48;2;122;109;176m▀[0m[38;2;125;112;180m[48;2;125;112;180m▀[0m[38;2;94;82;145m[48;2;94;82;145m▀[0m[38;2;30;25;58m[48;2;43;34;87m▀[0m[38;2;35;33;41m[48;2;0;0;0m▀[0m[38;2;90;81;128m[48;2;37;34;47m▀[0m[38;2;124;111;180m[48;2;133;119;194m▀[0m[38;2;121;108;175m[48;2;121;108;175m▀[0m[38;2;121;108;175m[48;2;121;108;175m▀[0m[38;2;121;108;175m[48;2;121;108;175m▀[0m[38;2;125;112;180m[48;2;120;107;174m▀[0m[38;2;49;39;92m[48;2;78;67;124m▀[0m[38;2;51;42;94m▄[0m[38;2;63;31;95m▄[0m  [38;2;14;14;24m▀[0m[38;2;128;128;132m[48;2;23;23;33m▀[0m[38;2;228;229;239m[48;2;176;177;184m▀[0m[38;2;167;162;113m[48;2;208;205;176m▀[0m[38;2;178;165;66m[48;2;176;166;88m▀[0m[38;2;246;232;132m[48;2;215;202;100m▀[0m[38;2;235;222;123m[48;2;241;228;129m▀[0m[38;2;235;222;123m[48;2;234;221;122m▀[0m[38;2;235;222;123m[48;2;238;225;126m▀[0m[38;2;238;225;125m[48;2;230;216;116m▀[0m[38;2;231;218;118m[48;2;181;169;81m▀[0m[38;2;179;168;77m[48;2;176;171;132m▀[0m[38;2;179;173;135m[48;2;246;247;255m▀[0m[38;2;244;245;252m[48;2;237;237;237m▀[0m[38;2;190;190;190m[48;2;238;238;238m▀[0m[38;2;8;8;8m[48;2;19;19;19m▀[0m[38;2;0;0;0m▄[0m                                      
[38;2;15;15;15m[48;2;15;15;15m▀[0m[38;2;75;65;122m[48;2;75;65;122m▀[0m[38;2;80;69;130m[48;2;80;69;130m▀[0m[38;2;47;38;89m[48;2;47;38;89m▀[0m[38;2;107;95;159m[48;2;107;95;159m▀[0m[38;2;128;115;184m[48;2;128;115;184m▀[0m[38;2;68;58;112m[48;2;70;59;116m▀[0m[38;2;52;43;97m[48;2;30;24;61m▀[0m[38;2;99;88;151m[48;2;86;76;129m▀[0m[38;2;124;111;179m[48;2;126;112;181m▀[0m[38;2;125;112;180m[48;2;124;111;179m▀[0m[38;2;93;81;144m[48;2;103;91;155m▀[0m[38;2;35;27;76m[48;2;63;52;106m▀[0m[38;2;0;0;0m[48;2;43;37;92m▀[0m[38;2;36;33;47m[48;2;0;0;0m▀[0m[38;2;96;86;137m[48;2;30;28;36m▀[0m[38;2;123;110;178m[48;2;131;116;190m▀[0m[38;2;121;108;175m[48;2;121;108;175m▀[0m[38;2;121;108;175m[48;2;125;112;181m▀[0m[38;2;121;108;175m[48;2;125;111;180m▀[0m[38;2;132;118;189m[48;2;91;82;129m▀[0m[38;2;58;47;106m[48;2;43;36;73m▀[0m[38;2;44;33;88m[48;2;34;23;57m▀[0m   [38;2;37;37;46m[48;2;37;37;47m▀[0m[38;2;183;183;185m[48;2;148;148;153m▀[0m[38;2;255;255;255m[48;2;186;186;189m▀[0m[38;2;203;199;177m[48;2;221;221;230m▀[0m[38;2;170;160;83m[48;2;205;202;180m▀[0m[38;2;216;203;102m[48;2;170;159;82m▀[0m[38;2;245;231;132m[48;2;207;193;91m▀[0m[38;2;229;215;115m[48;2;186;174;87m▀[0m[38;2;183;171;83m[48;2;174;170;130m▀[0m[38;2;175;169;130m[48;2;249;251;255m▀[0m[38;2;248;250;255m[48;2;227;227;227m▀[0m[38;2;246;246;245m[48;2;167;167;167m▀[0m[38;2;247;247;247m[48;2;172;172;172m▀[0m[38;2;243;243;243m[48;2;169;169;169m▀[0m[38;2;20;20;20m[48;2;18;18;18m▀[0m[38;2;0;0;0m[48;2;0;0;0m▀[0m                                      
[38;2;15;15;15m[48;2;15;15;15m▀[0m[38;2;75;65;122m[48;2;76;66;125m▀[0m[38;2;80;69;130m[48;2;82;71;133m▀[0m[38;2;48;39;91m[48;2;41;34;75m▀[0m[38;2;107;95;159m[48;2;106;94;156m▀[0m[38;2;128;115;184m[48;2;128;115;184m▀[0m[38;2;71;60;119m[48;2;71;60;119m▀[0m[38;2;14;13;22m[48;2;17;15;30m▀[0m[38;2;78;70;108m[48;2;67;60;94m▀[0m[38;2;129;115;187m[48;2;116;103;167m▀[0m[38;2;120;108;174m[48;2;122;109;177m▀[0m[38;2;127;114;181m[48;2;126;113;181m▀[0m[38;2;103;91;156m[48;2;100;88;153m▀[0m[38;2;40;32;82m[48;2;41;32;80m▀[0m[38;2;0;0;0m▀[0m[38;2;34;31;41m[48;2;0;0;0m▀[0m[38;2;103;92;148m[48;2;23;22;25m▀[0m[38;2;123;110;178m[48;2;96;86;137m▀[0m[38;2;94;84;134m[48;2;3;5;0m▀[0m[38;2;94;84;134m[48;2;6;7;2m▀[0m[38;2;6;8;2m▀[0m[38;2;12;13;8m▀[0m[38;2;15;15;0m▀[0m    [38;2;36;36;47m▀[0m[38;2;28;28;38m[48;2;34;34;45m▀[0m[38;2;146;146;150m[48;2;159;159;164m▀[0m[38;2;255;255;255m[48;2;250;250;249m▀[0m[38;2;207;204;184m[48;2;239;239;241m▀[0m[38;2;143;134;65m[48;2;244;245;251m▀[0m[38;2;179;174;133m[48;2;241;242;246m▀[0m[38;2;248;249;255m[48;2;235;235;235m▀[0m[38;2;240;240;239m[48;2;241;241;241m▀[0m[38;2;206;206;206m[48;2;213;213;213m▀[0m[38;2;0;0;0m[48;2;4;4;4m▀[0m[38;2;0;0;0m▀[0m[38;2;0;0;0m▀[0m                                        
[38;2;15;15;15m[48;2;16;16;16m▀[0m[38;2;65;57;104m[48;2;11;12;9m▀[0m[38;2;70;61;114m[48;2;11;12;8m▀[0m[38;2;15;15;14m[48;2;10;11;7m▀[0m[38;2;102;92;147m[48;2;91;82;130m▀[0m[38;2;131;118;189m[48;2;114;103;164m▀[0m[38;2;73;63;122m[48;2;65;56;107m▀[0m[38;2;53;40;116m[48;2;40;29;83m▀[0m[38;2;0;0;0m[48;2;1;3;1m▀[0m[38;2;70;64;97m[48;2;66;60;90m▀[0m[38;2;132;117;191m[48;2;119;106;173m▀[0m[38;2;118;106;169m[48;2;69;64;97m▀[0m[38;2;83;73;125m[48;2;2;4;0m▀[0m[38;2;35;28;67m[48;2;12;14;11m▀[0m [38;2;20;20;20m▀[0m[38;2;15;15;15m▀[0m[38;2;7;7;2m▀[0m          [38;2;34;34;44m▀[0m[38;2;143;143;148m[48;2;21;21;29m▀[0m[38;2;231;231;230m[48;2;140;140;145m▀[0m[38;2;238;238;238m[48;2;251;251;250m▀[0m[38;2;236;236;236m[48;2;236;236;236m▀[0m[38;2;236;236;236m[48;2;236;236;236m▀[0m[38;2;237;237;237m[48;2;243;243;243m▀[0m[38;2;233;233;233m[48;2;197;197;197m▀[0m[38;2;177;177;177m[48;2;0;0;0m▀[0m[38;2;3;3;3m▀[0m                                          
   [38;2;16;16;16m▀[0m[38;2;11;12;8m▀[0m[38;2;9;9;6m▀[0m[38;2;14;14;11m▀[0m[38;2;12;12;8m▀[0m[38;2;18;18;18m▀[0m[38;2;14;14;12m▀[0m[38;2;9;11;6m▀[0m[38;2;9;9;5m▀[0m                 [38;2;35;35;43m▀[0m[38;2;139;139;143m[48;2;23;23;33m▀[0m[38;2;239;239;239m[48;2;126;126;131m▀[0m[38;2;238;238;238m[48;2;243;243;243m▀[0m[38;2;237;237;237m[48;2;241;241;241m▀[0m[38;2;238;238;238m[48;2;174;174;174m▀[0m[38;2;180;180;180m[48;2;0;0;0m▀[0m[38;2;1;1;1m▀[0m                                           
                               [38;2;26;26;37m▀[0m[38;2;128;128;134m[48;2;13;13;13m▀[0m[38;2;180;180;179m[48;2;14;14;14m▀[0m[38;2;0;0;0m▀[0m                                             
[0m