                                       [38;2;57;36;173m▄[0m[38;2;61;39;176m[48;2;90;61;217m▀[0m[38;2;62;40;178m[48;2;105;74;220m▀[0m                                      
                                      [38;2;60;38;177m▄[0m[38;2;52;32;168m[48;2;78;52;196m▀[0m[38;2;97;66;231m[48;2;97;66;223m▀[0m[38;2;127;92;241m[48;2;100;68;215m▀[0m                                      
                                      [38;2;61;37;176m[48;2;61;37;176m▀[0m[38;2;107;74;230m[48;2;103;71;223m▀[0m[38;2;103;71;223m[48;2;103;71;223m▀[0m[38;2;57;34;172m[48;2;61;37;177m▀[0m[38;2;0;0;127m▄[0m                                     
                                      [38;2;61;37;176m[48;2;61;37;176m▀[0m[38;2;99;68;220m[48;2;104;71;228m▀[0m[38;2;119;85;234m[48;2;124;90;238m▀[0m[38;2;103;72;219m[48;2;109;77;227m▀[0m[38;2;63;40;178m[48;2;62;39;179m▀[0m[38;2;61;40;173m[48;2;42;21;148m▀[0m                                    
                                      [38;2;61;36;177m▀[0m[38;2;85;56;203m[48;2;52;32;168m▀[0m[38;2;106;74;225m[48;2;87;58;210m▀[0m[38;2;113;81;229m[48;2;120;86;234m▀[0m[38;2;87;59;202m[48;2;118;84;233m▀[0m[38;2;68;41;190m[48;2;90;60;218m▀[0m[38;2;37;18;151m[48;2;69;45;189m▀[0m[38;2;49;24;164m▄[0m                                  
                                       [38;2;58;35;173m[48;2;58;35;173m▀[0m[38;2;89;60;212m[48;2;89;60;212m▀[0m[38;2;118;85;233m[48;2;118;85;233m▀[0m[38;2;115;82;230m[48;2;115;82;230m▀[0m[38;2;120;85;234m[48;2;115;82;230m▀[0m[38;2;91;61;218m[48;2;118;84;233m▀[0m[38;2;63;38;181m[48;2;95;64;216m▀[0m[38;2;68;34;170m[48;2;59;36;174m▀[0m                                 
                                       [38;2;58;35;173m[48;2;54;32;168m▀[0m[38;2;89;60;212m[48;2;87;58;210m▀[0m[38;2;118;85;233m[48;2;118;85;233m▀[0m[38;2;115;82;230m[48;2;115;82;230m▀[0m[38;2;115;82;230m[48;2;115;82;230m▀[0m[38;2;120;86;235m[48;2;117;83;232m▀[0m[38;2;96;65;219m[48;2;109;76;227m▀[0m[38;2;56;32;171m[48;2;89;60;206m▀[0m[38;2;62;39;176m▄[0m[38;2;56;28;170m▄[0m                               
                                      [38;2;61;38;174m[48;2;60;36;175m▀[0m[38;2;77;51;195m[48;2;103;71;227m▀[0m[38;2;100;69;220m[48;2;121;87;236m▀[0m[38;2;117;84;232m[48;2;115;82;230m▀[0m[38;2;115;82;230m[48;2;115;82;230m▀[0m[38;2;115;82;230m[48;2;115;82;230m▀[0m[38;2;115;82;230m[48;2;115;82;230m▀[0m[38;2;120;85;234m[48;2;118;84;233m▀[0m[38;2;109;76;229m[48;2;105;73;223m▀[0m[38;2;63;40;179m[48;2;62;39;177m▀[0m[38;2;63;31;175m[48;2;68;34;170m▀[0m                               
                                    [38;2;0;0;0m[48;2;61;40;173m▀[0m[38;2;51;51;204m[48;2;64;40;178m▀[0m[38;2;62;38;178m[48;2;103;73;220m▀[0m[38;2;99;68;220m[48;2;115;82;231m▀[0m[38;2;119;85;234m[48;2;115;82;230m▀[0m[38;2;115;82;230m[48;2;115;82;230m▀[0m[38;2;115;82;230m[48;2;115;82;230m▀[0m[38;2;115;82;230m[48;2;115;82;230m▀[0m[38;2;115;82;230m[48;2;115;82;230m▀[0m[38;2;118;84;233m[48;2;118;84;233m▀[0m[38;2;105;73;223m[48;2;105;73;223m▀[0m[38;2;62;39;177m[48;2;62;39;177m▀[0m[38;2;68;34;170m[48;2;68;34;170m▀[0m                               
                                   [38;2;57;38;172m▄[0m[38;2;42;21;148m[48;2;73;46;193m▀[0m[38;2;61;38;178m[48;2;89;61;204m▀[0m[38;2;109;77;227m[48;2;112;80;228m▀[0m[38;2;118;85;233m[48;2;116;83;231m▀[0m[38;2;115;82;230m[48;2;115;82;230m▀[0m[38;2;115;82;230m[48;2;115;82;230m▀[0m[38;2;115;82;230m[48;2;115;82;230m▀[0m[38;2;115;82;230m[48;2;115;82;230m▀[0m[38;2;115;82;230m[48;2;115;82;230m▀[0m[38;2;118;84;233m[48;2;119;85;234m▀[0m[38;2;105;73;223m[48;2;109;76;229m▀[0m[38;2;62;39;177m[48;2;63;39;177m▀[0m[38;2;68;34;170m[48;2;63;31;175m▀[0m                               
                                   [38;2;57;36;174m[48;2;58;35;174m▀[0m[38;2;79;51;209m[48;2;74;48;196m▀[0m[38;2;118;84;233m[48;2;114;81;229m▀[0m[38;2;117;84;231m[48;2;116;83;231m▀[0m[38;2;115;82;230m[48;2;115;82;230m▀[0m[38;2;115;82;230m[48;2;115;82;230m▀[0m[38;2;115;82;230m[48;2;115;82;230m▀[0m[38;2;115;82;230m[48;2;115;82;230m▀[0m[38;2;115;82;230m[48;2;115;82;230m▀[0m[38;2;116;83;231m[48;2;119;85;234m▀[0m[38;2;112;79;228m[48;2;95;64;216m▀[0m[38;2;94;64;212m[48;2;57;34;171m▀[0m[38;2;62;40;177m▀[0m[38;2;69;23;162m▀[0m                               
                                   [38;2;58;35;174m[48;2;57;36;176m▀[0m[38;2;74;48;196m[48;2;78;51;208m▀[0m[38;2;114;81;229m[48;2;117;84;233m▀[0m[38;2;116;83;231m[48;2;117;83;231m▀[0m[38;2;115;82;230m[48;2;115;82;230m▀[0m[38;2;115;82;230m[48;2;115;82;230m▀[0m[38;2;115;82;230m[48;2;115;82;230m▀[0m[38;2;115;82;230m[48;2;115;82;230m▀[0m[38;2;115;82;230m[48;2;115;82;230m▀[0m[38;2;119;85;234m[48;2;119;85;234m▀[0m[38;2;96;65;217m[48;2;96;65;217m▀[0m[38;2;60;36;175m[48;2;60;36;175m▀[0m                                 
                  [38;2;63;42;178m[48;2;61;39;178m▀[0m[38;2;64;39;181m[48;2;61;38;177m▀[0m               [38;2;61;35;175m▀[0m[38;2;72;45;191m[48;2;58;19;156m▀[0m[38;2;82;55;198m[48;2;63;39;181m▀[0m[38;2;111;79;227m[48;2;110;78;229m▀[0m[38;2;116;83;231m[48;2;118;85;233m▀[0m[38;2;115;82;230m[48;2;115;82;230m▀[0m[38;2;115;82;230m[48;2;115;82;230m▀[0m[38;2;115;82;230m[48;2;115;82;230m▀[0m[38;2;115;82;230m[48;2;115;82;230m▀[0m[38;2;119;85;234m[48;2;117;84;232m▀[0m[38;2;94;64;216m[48;2;105;73;223m▀[0m[38;2;56;33;170m[48;2;81;53;197m▀[0m[38;2;63;39;178m▄[0m[38;2;85;42;170m▄[0m                               
                  [38;2;74;48;190m[48;2;123;90;238m▀[0m[38;2;76;49;194m[48;2;113;78;242m▀[0m[38;2;62;39;175m[48;2;62;38;176m▀[0m[38;2;0;0;255m[48;2;63;63;191m▀[0m              [38;2;66;33;166m▀[0m[38;2;64;40;177m▀[0m[38;2;100;69;216m[48;2;59;36;174m▀[0m[38;2;113;81;230m[48;2;99;68;220m▀[0m[38;2;116;83;231m[48;2;119;85;234m▀[0m[38;2;115;82;230m[48;2;115;82;230m▀[0m[38;2;115;82;230m[48;2;115;82;230m▀[0m[38;2;115;82;230m[48;2;115;82;230m▀[0m[38;2;115;82;230m[48;2;115;82;230m▀[0m[38;2;120;85;234m[48;2;118;84;233m▀[0m[38;2;109;76;229m[48;2;105;73;223m▀[0m[38;2;62;39;177m[48;2;64;41;178m▀[0m[38;2;69;23;162m[48;2;74;42;180m▀[0m[38;2;127;0;255m▄[0m                       [38;2;0;0;127m▄[0m[38;2;51;51;178m▄[0m[38;2;0;0;255m▄[0m    
                 [38;2;59;36;174m▄[0m[38;2;123;88;237m[48;2;102;71;223m▀[0m[38;2;112;77;240m[48;2;107;75;229m▀[0m[38;2;61;38;176m[48;2;61;38;176m▀[0m[38;2;63;63;191m[48;2;63;63;191m▀[0m                [38;2;61;37;176m[48;2;62;38;178m▀[0m[38;2;102;70;225m[48;2;72;47;190m▀[0m[38;2;121;86;235m[48;2;94;63;217m▀[0m[38;2;114;81;230m[48;2;126;96;234m▀[0m[38;2;112;78;229m[48;2;158;143;242m▀[0m[38;2;115;82;230m[48;2;116;84;230m▀[0m[38;2;115;82;230m[48;2;112;78;229m▀[0m[38;2;115;82;230m[48;2;115;82;230m▀[0m[38;2;115;82;230m[48;2;116;83;231m▀[0m[38;2;108;77;223m[48;2;113;81;230m▀[0m[38;2;69;45;189m[48;2;69;43;192m▀[0m[38;2;60;37;176m[48;2;47;31;159m▀[0m                       [38;2;63;40;179m[48;2;61;40;178m▀[0m[38;2;65;41;180m[48;2;63;39;182m▀[0m[38;2;61;43;175m[48;2;47;31;159m▀[0m    
    [38;2;51;51;178m▄[0m[38;2;64;41;180m▄[0m[38;2;68;34;187m▄[0m          [38;2;60;36;174m[48;2;60;36;175m▀[0m[38;2;101;69;227m[48;2;98;67;220m▀[0m[38;2;105;73;223m[48;2;111;78;228m▀[0m[38;2;57;35;172m[48;2;77;51;192m▀[0m[38;2;68;43;183m▄[0m[38;2;54;36;163m▄[0m                [38;2;54;32;168m[48;2;56;33;171m▀[0m[38;2;84;54;210m[48;2;85;55;210m▀[0m[38;2;129;101;236m[48;2;128;99;236m▀[0m[38;2;176;169;247m[48;2;173;165;246m▀[0m[38;2;151;134;240m[48;2;180;175;248m▀[0m[38;2;124;94;232m[48;2;134;109;235m▀[0m[38;2;113;79;229m[48;2;111;77;229m▀[0m[38;2;115;82;230m[48;2;115;82;230m▀[0m[38;2;114;81;229m[48;2;115;82;230m▀[0m[38;2;95;66;212m[48;2;120;87;235m▀[0m[38;2;77;51;199m[48;2;87;57;217m▀[0m[38;2;56;36;174m[48;2;58;36;172m▀[0m           [38;2;60;36;182m▄[0m[38;2;65;39;179m▄[0m[38;2;51;51;153m▄[0m        [38;2;94;66;205m[48;2;127;92;237m▀[0m[38;2;92;63;208m[48;2;122;88;239m▀[0m[38;2;74;47;197m[48;2;78;51;210m▀[0m[38;2;60;36;176m[48;2;55;32;170m▀[0m   
    [38;2;68;42;178m[48;2;68;42;178m▀[0m[38;2;68;43;190m[48;2;65;41;180m▀[0m[38;2;65;40;180m[48;2;63;42;180m▀[0m          [38;2;60;36;175m[48;2;60;36;175m▀[0m[38;2;96;65;217m[48;2;96;65;217m▀[0m[38;2;122;88;237m[48;2;121;87;236m▀[0m[38;2;113;81;230m[48;2;110;78;226m▀[0m[38;2;70;44;193m[48;2;67;42;183m▀[0m[38;2;57;34;173m[48;2;59;35;171m▀[0m               [38;2;51;30;173m[48;2;61;37;176m▀[0m[38;2;64;40;181m[48;2;98;68;219m▀[0m[38;2;89;59;214m[48;2;116;81;233m▀[0m[38;2;127;98;235m[48;2;125;96;233m▀[0m[38;2;173;165;246m[48;2;173;165;246m▀[0m[38;2;176;169;247m[48;2;176;169;247m▀[0m[38;2;133;107;235m[48;2;133;107;235m▀[0m[38;2;111;77;229m[48;2;111;77;229m▀[0m[38;2;115;82;230m[48;2;115;82;230m▀[0m[38;2;115;82;230m[48;2;115;82;230m▀[0m[38;2;117;84;232m[48;2;117;84;232m▀[0m[38;2;82;54;205m[48;2;82;54;205m▀[0m[38;2;58;36;172m[48;2;58;36;172m▀[0m           [38;2;61;40;178m[48;2;64;41;178m▀[0m[38;2;67;42;186m[48;2;65;40;179m▀[0m[38;2;60;45;180m[48;2;63;47;175m▀[0m        [38;2;115;81;226m[48;2;57;34;173m▀[0m[38;2;110;78;227m[48;2;67;42;184m▀[0m[38;2;80;53;202m[48;2;113;80;229m▀[0m[38;2;66;43;186m[48;2;87;58;210m▀[0m[38;2;63;31;175m[48;2;60;35;174m▀[0m  
   [38;2;56;33;172m[48;2;51;29;163m▀[0m[38;2;74;49;197m[48;2;75;48;202m▀[0m[38;2;109;77;226m[48;2;117;84;233m▀[0m[38;2;131;98;238m[48;2;83;55;203m▀[0m[38;2;55;35;175m▄[0m       [38;2;76;25;178m▄[0m[38;2;62;38;177m▄[0m[38;2;56;33;170m[48;2;92;63;210m▀[0m[38;2;95;64;216m[48;2;110;78;228m▀[0m[38;2;120;85;235m[48;2;116;83;231m▀[0m[38;2;115;81;230m[48;2;116;82;231m▀[0m[38;2;109;77;224m[48;2;118;85;233m▀[0m[38;2;77;49;199m[48;2;81;53;208m▀[0m[38;2;57;36;173m[48;2;57;37;175m▀[0m            [38;2;63;31;170m[48;2;68;42;195m▀[0m[38;2;64;40;177m[48;2;71;44;198m▀[0m[38;2;107;74;230m[48;2;50;37;101m▀[0m[38;2;115;79;237m[48;2;90;62;180m▀[0m[38;2;134;108;235m[48;2;147;121;255m▀[0m[38;2;168;158;245m[48;2;182;176;252m▀[0m[38;2;172;164;246m[48;2;181;173;255m▀[0m[38;2;184;178;255m[48;2;77;76;103m▀[0m[38;2;136;110;240m[48;2;101;76;193m▀[0m[38;2;110;76;228m[48;2;122;86;248m▀[0m[38;2;115;82;230m[48;2;117;84;233m▀[0m[38;2;115;82;230m[48;2;120;86;245m▀[0m[38;2;120;86;235m[48;2;90;60;217m▀[0m[38;2;86;57;215m[48;2;84;54;225m▀[0m[38;2;59;36;173m[48;2;71;39;215m▀[0m          [38;2;58;37;171m[48;2;51;31;164m▀[0m[38;2;83;54;209m[48;2;86;56;217m▀[0m[38;2;108;77;224m[48;2;123;89;238m▀[0m[38;2;119;85;238m[48;2;119;85;238m▀[0m        [38;2;57;34;173m[48;2;57;34;173m▀[0m[38;2;66;41;183m[48;2;67;42;183m▀[0m[38;2;114;81;230m[48;2;111;79;227m▀[0m[38;2;86;57;212m[48;2;109;77;227m▀[0m[38;2;54;30;170m[48;2;87;58;207m▀[0m[38;2;61;37;176m▄[0m 
  [38;2;59;34;174m[48;2;58;33;171m▀[0m[38;2;76;50;199m[48;2;89;60;219m▀[0m[38;2;94;64;212m[48;2;121;88;236m▀[0m[38;2;115;82;230m[48;2;116;83;231m▀[0m[38;2;83;54;212m[48;2;78;51;201m▀[0m[38;2;58;36;174m[48;2;57;36;174m▀[0m       [38;2;63;31;175m[48;2;68;34;170m▀[0m[38;2;63;40;178m[48;2;62;39;177m▀[0m[38;2;109;76;229m[48;2;105;73;223m▀[0m[38;2;120;85;234m[48;2;118;84;233m▀[0m[38;2;115;82;230m[48;2;115;82;230m▀[0m[38;2;116;82;231m[48;2;116;82;231m▀[0m[38;2;116;83;231m[48;2;118;84;236m▀[0m[38;2;76;49;199m[48;2;87;59;209m▀[0m[38;2;51;31;169m[48;2;70;46;189m▀[0m[38;2;58;36;174m▄[0m        [38;2;15;15;15m[48;2;15;15;15m▀[0m[38;2;16;16;16m[48;2;24;24;24m▀[0m[38;2;7;7;7m[48;2;27;27;27m▀[0m[38;2;85;28;255m[48;2;38;38;34m▀[0m[38;2;43;30;109m[48;2;11;12;3m▀[0m[38;2;25;26;26m[48;2;48;48;47m▀[0m[38;2;45;35;78m[48;2;15;19;4m▀[0m[38;2;118;103;192m[48;2;71;67;103m▀[0m[38;2;172;166;239m[48;2;143;131;220m▀[0m[38;2;101;97;142m[48;2;2;3;0m▀[0m[38;2;26;27;22m[48;2;47;47;46m▀[0m[38;2;49;38;86m[48;2;16;20;4m▀[0m[38;2;100;71;198m[48;2;52;40;94m▀[0m[38;2;111;79;223m[48;2;88;66;161m▀[0m[38;2;66;49;130m[48;2;13;17;2m▀[0m[38;2;43;30;111m[48;2;13;14;3m▀[0m[38;2;21;17;36m[48;2;17;18;15m▀[0m[38;2;5;11;0m[48;2;15;15;15m▀[0m         [38;2;59;36;175m[48;2;57;35;173m▀[0m[38;2;81;54;200m[48;2;99;68;227m▀[0m[38;2;95;65;218m[48;2;111;78;228m▀[0m[38;2;93;64;208m[48;2;58;36;173m▀[0m[38;2;102;68;204m[48;2;68;34;170m▀[0m       [38;2;57;34;173m▄[0m[38;2;47;31;167m[48;2;70;44;190m▀[0m[38;2;64;40;180m[48;2;78;51;194m▀[0m[38;2;109;78;226m[48;2;111;79;227m▀[0m[38;2;123;89;238m[48;2;121;87;236m▀[0m[38;2;100;68;225m[48;2;95;64;217m▀[0m[38;2;60;37;175m[48;2;58;36;174m▀[0m 
 [38;2;69;46;162m[48;2;60;37;176m▀[0m[38;2;63;38;178m[48;2;94;63;215m▀[0m[38;2;87;59;210m[48;2;117;83;233m▀[0m[38;2;118;85;233m[48;2;116;82;231m▀[0m[38;2;116;83;231m[48;2;116;83;231m▀[0m[38;2;78;51;201m[48;2;78;51;201m▀[0m[38;2;57;36;174m[48;2;57;36;174m▀[0m       [38;2;68;34;170m[48;2;68;34;170m▀[0m[38;2;62;39;178m[48;2;64;40;183m▀[0m[38;2;105;73;224m[48;2;108;74;230m▀[0m[38;2;118;84;233m[48;2;119;84;236m▀[0m[38;2;115;82;231m[48;2;119;83;238m▀[0m[38;2;115;82;229m[48;2;110;79;216m▀[0m[38;2;111;80;220m[48;2;53;51;59m▀[0m[38;2;119;86;232m[48;2;107;78;201m▀[0m[38;2;92;62;218m[48;2;92;61;221m▀[0m[38;2;57;35;173m[48;2;58;35;172m▀[0m        [38;2;12;12;12m[48;2;23;23;23m▀[0m[38;2;34;34;34m[48;2;13;13;13m▀[0m[38;2;53;53;53m[48;2;29;29;29m▀[0m[38;2;47;47;47m[48;2;52;52;52m▀[0m[38;2;18;18;18m[48;2;47;47;47m▀[0m[38;2;45;45;45m[48;2;49;49;49m▀[0m[38;2;25;28;17m[48;2;48;48;47m▀[0m[38;2;55;41;103m[48;2;49;48;52m▀[0m[38;2;99;71;198m[48;2;52;50;58m▀[0m[38;2;17;18;15m[48;2;47;47;47m▀[0m[38;2;46;46;45m[48;2;49;49;49m▀[0m[38;2;27;26;27m[48;2;48;48;48m▀[0m[38;2;29;30;27m[48;2;50;50;50m▀[0m[38;2;50;51;46m[48;2;42;43;42m▀[0m[38;2;47;46;47m[48;2;17;17;17m▀[0m[38;2;18;18;18m[48;2;17;17;17m▀[0m[38;2;15;15;15m[48;2;17;17;17m▀[0m[38;2;16;16;16m[48;2;0;0;0m▀[0m       [38;2;63;63;191m▄[0m[38;2;58;39;176m[48;2;61;38;176m▀[0m[38;2;62;39;179m[48;2;100;69;219m▀[0m[38;2;96;66;219m[48;2;120;86;235m▀[0m[38;2;109;76;227m[48;2;105;73;223m▀[0m[38;2;62;39;177m[48;2;62;39;177m▀[0m[38;2;68;34;170m[48;2;68;34;170m▀[0m       [38;2;57;37;172m[48;2;57;36;174m▀[0m[38;2;81;53;207m[48;2;78;51;202m▀[0m[38;2;118;85;233m[48;2;116;83;231m▀[0m[38;2;116;82;231m[48;2;116;82;231m▀[0m[38;2;119;85;234m[48;2;115;82;230m▀[0m[38;2;97;66;218m[48;2;117;83;232m▀[0m[38;2;63;39;178m[48;2;100;70;215m▀[0m[38;2;72;36;182m[48;2;62;39;177m▀[0m
 [38;2;60;38;174m[48;2;60;37;175m▀[0m[38;2;98;66;220m[48;2;96;65;217m▀[0m[38;2;120;86;235m[48;2;119;85;234m▀[0m[38;2;116;82;231m[48;2;115;82;230m▀[0m[38;2;116;83;231m[48;2;115;82;230m▀[0m[38;2;75;49;199m[48;2;101;70;219m▀[0m[38;2;49;32;167m[48;2;81;54;203m▀[0m[38;2;57;34;171m▄[0m      [38;2;34;17;51m[48;2;17;17;17m▀[0m[38;2;25;20;51m[48;2;12;13;6m▀[0m[38;2;52;46;71m[48;2;36;39;25m▀[0m[38;2;100;75;184m[48;2;67;59;94m▀[0m[38;2;108;78;209m[48;2;70;59;107m▀[0m[38;2;58;54;74m[48;2;44;46;34m▀[0m[38;2;46;48;42m[48;2;49;49;48m▀[0m[38;2;112;83;213m[48;2;60;47;101m▀[0m[38;2;98;65;237m[48;2;66;44;152m▀[0m[38;2;59;36;174m[48;2;60;37;176m▀[0m        [38;2;74;72;72m▄[0m[38;2;0;0;0m[48;2;93;93;93m▀[0m[38;2;7;7;7m[48;2;71;69;69m▀[0m[38;2;22;22;22m[48;2;58;58;58m▀[0m[38;2;38;37;37m[48;2;131;140;139m▀[0m[38;2;40;41;35m[48;2;131;128;175m▀[0m[38;2;45;45;43m[48;2;84;83;98m▀[0m[38;2;44;45;41m[48;2;83;81;92m▀[0m[38;2;38;40;30m[48;2;123;118;166m▀[0m[38;2;41;42;36m[48;2;118;113;158m▀[0m[38;2;46;46;46m[48;2;69;69;67m▀[0m[38;2;45;45;41m[48;2;106;102;135m▀[0m[38;2;28;28;23m[48;2;121;115;165m▀[0m[38;2;10;10;6m[48;2;89;85;120m▀[0m[38;2;9;9;9m[48;2;49;48;46m▀[0m[38;2;0;0;0m[48;2;81;80;80m▀[0m[38;2;0;0;0m[48;2;135;135;135m▀[0m        [38;2;63;63;191m[48;2;63;63;191m▀[0m[38;2;61;38;176m[48;2;61;38;176m▀[0m[38;2;104;72;225m[48;2;102;71;222m▀[0m[38;2;122;88;237m[48;2;119;86;234m▀[0m[38;2;104;72;222m[48;2;111;79;228m▀[0m[38;2;58;36;173m[48;2;91;62;206m▀[0m[38;2;69;44;190m▄[0m[38;2;60;37;172m▄[0m      [38;2;57;36;174m[48;2;57;36;174m▀[0m[38;2;78;51;201m[48;2;78;51;201m▀[0m[38;2;116;83;231m[48;2;116;83;231m▀[0m[38;2;116;82;231m[48;2;120;84;243m▀[0m[38;2;115;82;230m[48;2;117;83;234m▀[0m[38;2;119;85;233m[48;2;118;84;232m▀[0m[38;2;104;72;219m[48;2;102;71;217m▀[0m[38;2;65;40;183m[48;2;63;39;178m▀[0m
[38;2;62;41;179m▄[0m[38;2;58;35;172m[48;2;67;43;183m▀[0m[38;2;95;64;216m[48;2;99;68;219m▀[0m[38;2;119;85;234m[48;2;118;85;233m▀[0m[38;2;115;82;230m[48;2;115;82;230m▀[0m[38;2;115;82;230m[48;2;115;82;230m▀[0m[38;2;121;87;235m[48;2;118;85;233m▀[0m[38;2;94;63;223m[48;2;89;60;212m▀[0m[38;2;58;36;173m[48;2;58;35;173m▀[0m      [38;2;15;15;15m[48;2;19;19;19m▀[0m[38;2;15;15;15m[48;2;14;14;14m▀[0m[38;2;44;44;44m[48;2;38;38;38m▀[0m[38;2;49;50;44m[48;2;49;49;49m▀[0m[38;2;45;47;39m[48;2;49;49;49m▀[0m[38;2;49;49;50m[48;2;49;49;49m▀[0m[38;2;49;49;49m[48;2;49;49;49m▀[0m[38;2;17;19;10m[48;2;23;23;23m▀[0m[38;2;0;2;0m[48;2;12;12;12m▀[0m     [38;2;51;51;51m▄[0m[38;2;63;63;63m[48;2;97;99;99m▀[0m[38;2;79;76;76m[48;2;114;116;116m▀[0m[38;2;70;70;70m[48;2;110;112;112m▀[0m[38;2;127;133;133m[48;2;174;187;187m▀[0m[38;2;117;119;119m[48;2;139;148;148m▀[0m[38;2;98;98;98m[48;2;130;136;135m▀[0m[38;2;143;151;149m[48;2;210;227;228m▀[0m[38;2;209;227;222m[48;2;196;208;220m▀[0m[38;2;166;165;216m[48;2;97;100;92m▀[0m[38;2;126;122;160m[48;2;137;131;182m▀[0m[38;2;142;137;185m[48;2;182;173;255m▀[0m[38;2;186;177;255m[48;2;172;164;245m▀[0m[38;2;180;172;255m[48;2;172;164;246m▀[0m[38;2;126;123;156m[48;2;182;173;255m▀[0m[38;2;139;134;180m[48;2;106;104;121m▀[0m[38;2;172;164;237m[48;2;117;112;148m▀[0m[38;2;174;168;237m[48;2;187;184;255m▀[0m[38;2;131;137;133m[48;2;206;225;220m▀[0m[38;2;138;144;143m[48;2;210;228;227m▀[0m[38;2;56;58;58m[48;2;83;89;89m▀[0m[38;2;0;0;0m[48;2;25;26;26m▀[0m[38;2;8;8;8m[48;2;21;21;21m▀[0m[38;2;0;0;0m▄[0m    [38;2;42;42;170m▄[0m[38;2;70;44;184m▄[0m[38;2;59;36;173m[48;2;69;44;184m▀[0m[38;2;101;70;222m[48;2;104;73;223m▀[0m[38;2;118;85;233m[48;2;118;85;233m▀[0m[38;2;117;84;232m[48;2;116;83;231m▀[0m[38;2;116;83;232m[48;2;112;80;228m▀[0m[38;2;75;48;203m[48;2;69;44;189m▀[0m[38;2;59;39;175m[48;2;58;35;174m▀[0m      [38;2;59;36;182m[48;2;49;31;148m▀[0m[38;2;80;52;208m[48;2;73;48;183m▀[0m[38;2;116;83;230m[48;2;116;82;231m▀[0m[38;2;94;71;172m[48;2;50;49;51m▀[0m[38;2;109;79;214m[48;2;83;66;143m▀[0m[38;2;121;86;241m[48;2;117;85;233m▀[0m[38;2;102;71;218m[48;2;102;71;215m▀[0m[38;2;65;40;185m[48;2;56;35;153m▀[0m
[38;2;63;39;179m[48;2;64;39;180m▀[0m[38;2;102;71;218m[48;2;103;71;218m▀[0m[38;2;118;84;233m[48;2;118;84;233m▀[0m[38;2;115;82;230m[48;2;115;82;230m▀[0m[38;2;115;82;230m[48;2;115;82;230m▀[0m[38;2;115;82;230m[48;2;115;82;230m▀[0m[38;2;118;85;233m[48;2;118;85;233m▀[0m[38;2;89;60;212m[48;2;89;60;212m▀[0m[38;2;58;35;173m[48;2;58;35;173m▀[0m        [38;2;13;13;13m[48;2;12;12;12m▀[0m[38;2;35;35;35m[48;2;36;36;36m▀[0m[38;2;51;51;51m[48;2;55;55;55m▀[0m[38;2;49;49;49m[48;2;48;48;48m▀[0m[38;2;49;49;49m[48;2;21;21;21m▀[0m[38;2;23;23;23m[48;2;17;17;17m▀[0m[38;2;13;13;13m[48;2;0;0;0m▀[0m    [38;2;0;0;0m[48;2;69;68;68m▀[0m[38;2;76;74;74m[48;2;131;139;139m▀[0m[38;2;123;127;127m[48;2;210;224;224m▀[0m[38;2;203;219;219m[48;2;243;244;244m▀[0m[38;2;202;218;218m[48;2;108;111;111m▀[0m[38;2;108;110;110m[48;2;198;198;198m▀[0m[38;2;142;150;150m[48;2;241;242;242m▀[0m[38;2;207;225;222m[48;2;226;226;249m▀[0m[38;2;195;208;218m[48;2;167;161;244m▀[0m[38;2;174;166;248m[48;2;178;169;255m▀[0m[38;2;98;97;107m[48;2;96;95;100m▀[0m[38;2;137;132;179m[48;2;135;130;175m▀[0m[38;2;178;169;255m[48;2;178;169;255m▀[0m[38;2;172;164;246m[48;2;172;164;246m▀[0m[38;2;172;164;246m[48;2;172;164;246m▀[0m[38;2;177;168;255m[48;2;173;164;247m▀[0m[38;2;109;107;128m[48;2;170;162;240m▀[0m[38;2;121;116;154m[48;2;128;125;164m▀[0m[38;2;183;180;249m[48;2;113;111;133m▀[0m[38;2;198;215;212m[48;2;180;175;245m▀[0m[38;2;197;213;213m[48;2;196;210;216m▀[0m[38;2;206;223;223m[48;2;201;217;215m▀[0m[38;2;145;153;153m[48;2;198;214;214m▀[0m[38;2;61;60;60m[48;2;155;165;165m▀[0m[38;2;11;11;11m[48;2;67;66;66m▀[0m[38;2;0;0;0m[48;2;4;4;4m▀[0m[38;2;0;0;0m▄[0m  [38;2;57;34;173m[48;2;56;34;170m▀[0m[38;2;67;42;184m[48;2;68;42;185m▀[0m[38;2;110;78;226m[48;2;111;79;227m▀[0m[38;2;117;84;232m[48;2;117;84;232m▀[0m[38;2;115;82;230m[48;2;115;82;230m▀[0m[38;2;116;83;231m[48;2;115;82;230m▀[0m[38;2;112;80;228m[48;2;115;82;230m▀[0m[38;2;70;45;190m[48;2;111;79;227m▀[0m[38;2;58;37;175m[48;2;81;53;203m▀[0m[38;2;0;0;255m[48;2;58;36;171m▀[0m     [38;2;2;7;0m[48;2;12;12;9m▀[0m[38;2;35;29;56m[48;2;25;25;27m▀[0m[38;2;115;82;229m[48;2;59;55;73m▀[0m[38;2;57;53;71m[48;2;50;50;52m▀[0m[38;2;42;45;28m[48;2;47;48;45m▀[0m[38;2;85;68;144m[48;2;56;54;62m▀[0m[38;2;94;67;187m[48;2;48;45;59m▀[0m[38;2;12;13;6m[48;2;15;15;13m▀[0m
[38;2;64;38;188m[48;2;58;46;117m▀[0m[38;2;105;73;222m[48;2;81;57;182m▀[0m[38;2;119;85;233m[48;2;113;78;239m▀[0m[38;2;117;83;235m[48;2;104;75;206m▀[0m[38;2;122;87;245m[48;2;69;51;133m▀[0m[38;2;115;82;230m[48;2;114;81;228m▀[0m[38;2;118;85;232m[48;2;126;90;251m▀[0m[38;2;92;61;220m[48;2;76;53;165m▀[0m[38;2;61;37;186m[48;2;32;22;90m▀[0m       [38;2;11;11;11m▄[0m[38;2;12;12;12m[48;2;9;9;9m▀[0m[38;2;23;23;23m[48;2;26;26;26m▀[0m[38;2;26;26;26m[48;2;33;33;33m▀[0m[38;2;23;23;23m[48;2;31;31;31m▀[0m[38;2;13;13;13m[48;2;33;33;33m▀[0m[38;2;12;12;12m[48;2;36;36;36m▀[0m[38;2;9;9;9m[48;2;24;24;24m▀[0m[38;2;4;4;4m▄[0m [38;2;18;18;18m▄[0m[38;2;81;77;77m[48;2;90;96;96m▀[0m[38;2;139;148;148m[48;2;174;189;189m▀[0m[38;2;207;216;216m[48;2;244;252;252m▀[0m[38;2;253;255;255m[48;2;237;234;234m▀[0m[38;2;255;255;255m[48;2;155;155;155m▀[0m[38;2;78;77;77m[48;2;163;163;163m▀[0m[38;2;212;212;212m[48;2;232;232;232m▀[0m[38;2;255;255;255m[48;2;255;255;255m▀[0m[38;2;248;246;255m[48;2;255;255;255m▀[0m[38;2;214;210;240m[48;2;245;246;235m▀[0m[38;2;117;115;140m[48;2;89;90;83m▀[0m[38;2;138;132;182m[48;2;159;152;224m▀[0m[38;2;164;157;231m[48;2;178;170;255m▀[0m[38;2;174;166;249m[48;2;172;164;245m▀[0m[38;2;172;164;246m[48;2;172;164;246m▀[0m[38;2;172;164;246m[48;2;172;164;246m▀[0m[38;2;172;164;246m[48;2;172;164;246m▀[0m[38;2;180;171;255m[48;2;179;171;255m▀[0m[38;2;131;128;167m[48;2;119;116;155m▀[0m[38;2;102;100;114m[48;2;87;86;100m▀[0m[38;2;176;168;251m[48;2;177;169;252m▀[0m[38;2;198;213;214m[48;2;185;188;231m▀[0m[38;2;198;215;211m[48;2;195;208;216m▀[0m[38;2;207;224;224m[48;2;201;219;216m▀[0m[38;2;163;174;174m[48;2;179;192;192m▀[0m[38;2;87;87;87m[48;2;140;147;147m▀[0m[38;2;150;163;163m[48;2;159;169;169m▀[0m[38;2;33;34;34m[48;2;116;124;124m▀[0m[38;2;0;0;0m[48;2;95;100;100m▀[0m[38;2;78;78;63m▄[0m[38;2;56;34;170m[48;2;49;21;205m▀[0m[38;2;67;42;183m[48;2;70;43;193m▀[0m[38;2;110;78;226m[48;2;114;80;237m▀[0m[38;2;117;84;231m[48;2;121;86;241m▀[0m[38;2;118;83;237m[48;2;99;74;185m▀[0m[38;2;119;84;241m[48;2;90;69;162m▀[0m[38;2;115;82;230m[48;2;120;84;244m▀[0m[38;2;119;86;234m[48;2;117;84;233m▀[0m[38;2;85;56;211m[48;2;84;55;213m▀[0m[38;2;58;37;172m[48;2;64;39;194m▀[0m     [38;2;16;16;16m▀[0m[38;2;18;18;16m[48;2;7;7;7m▀[0m[38;2;24;26;20m[48;2;16;16;16m▀[0m[38;2;47;47;46m[48;2;48;48;48m▀[0m[38;2;52;52;53m[48;2;54;54;54m▀[0m[38;2;39;39;36m[48;2;34;34;34m▀[0m[38;2;20;21;17m[48;2;11;11;11m▀[0m[38;2;16;16;16m▀[0m
[38;2;38;41;25m[48;2;13;14;8m▀[0m[38;2;54;37;142m[48;2;55;36;141m▀[0m[38;2;82;55;197m[48;2;37;27;90m▀[0m[38;2;65;50;114m[48;2;19;23;3m▀[0m[38;2;24;24;25m[48;2;60;56;73m▀[0m[38;2;115;82;232m[48;2;110;80;216m▀[0m[38;2;100;72;201m[48;2;31;27;47m▀[0m[38;2;41;33;67m[48;2;12;14;5m▀[0m[38;2;3;8;0m[48;2;16;16;16m▀[0m    [38;2;0;0;0m▄[0m[38;2;0;0;0m[48;2;16;16;16m▀[0m[38;2;16;16;16m[48;2;22;22;22m▀[0m[38;2;24;24;24m[48;2;49;49;49m▀[0m[38;2;26;26;26m[48;2;51;51;51m▀[0m[38;2;34;34;34m[48;2;33;33;33m▀[0m[38;2;42;42;42m[48;2;18;18;18m▀[0m[38;2;42;42;42m[48;2;16;16;16m▀[0m[38;2;44;44;44m[48;2;14;14;14m▀[0m[38;2;45;45;45m[48;2;11;11;11m▀[0m[38;2;34;34;34m[48;2;34;34;34m▀[0m[38;2;27;27;27m[48;2;52;52;52m▀[0m[38;2;29;29;29m[48;2;41;41;41m▀[0m[38;2;16;16;16m[48;2;27;28;28m▀[0m[38;2;126;141;141m[48;2;182;197;197m▀[0m[38;2;185;203;203m[48;2;200;216;216m▀[0m[38;2;237;248;248m[48;2;193;209;210m▀[0m[38;2;192;194;194m[48;2;144;156;157m▀[0m[38;2;40;39;39m[48;2;55;54;56m▀[0m[38;2;255;254;254m[48;2;239;240;240m▀[0m[38;2;255;255;255m[48;2;251;253;252m▀[0m[38;2;255;255;255m[48;2;250;250;253m▀[0m[38;2;252;251;255m[48;2;229;225;255m▀[0m[38;2;215;213;232m[48;2;149;141;221m▀[0m[38;2;81;81;80m[48;2;47;47;47m▀[0m[38;2;153;146;214m[48;2;149;142;209m▀[0m[38;2;177;169;254m[48;2;178;170;255m▀[0m[38;2;172;164;246m[48;2;172;164;246m▀[0m[38;2;172;164;246m[48;2;172;164;246m▀[0m[38;2;172;164;246m[48;2;172;164;246m▀[0m[38;2;172;164;246m[48;2;172;164;246m▀[0m[38;2;181;173;255m[48;2;182;174;255m▀[0m[38;2;106;102;142m[48;2;108;104;146m▀[0m[38;2;67;66;80m[48;2;65;65;77m▀[0m[38;2;181;171;255m[48;2;166;158;239m▀[0m[38;2;173;162;255m[48;2;165;157;236m▀[0m[38;2;191;201;223m[48;2;190;200;219m▀[0m[38;2;197;216;210m[48;2;199;217;212m▀[0m[38;2;204;222;222m[48;2;201;218;218m▀[0m[38;2;190;205;205m[48;2;185;199;199m▀[0m[38;2;79;77;77m[48;2;98;100;100m▀[0m[38;2;196;212;212m[48;2;178;191;191m▀[0m[38;2;153;160;160m[48;2;145;153;153m▀[0m[38;2;77;75;67m[48;2;90;90;91m▀[0m[38;2;26;0;228m[48;2;0;0;0m▀[0m[38;2;54;36;141m[48;2;15;16;10m▀[0m[38;2;93;69;178m[48;2;39;43;27m▀[0m[38;2;119;84;236m[48;2;96;74;176m▀[0m[38;2;82;65;138m[48;2;86;68;152m▀[0m[38;2;51;50;55m[48;2;42;46;30m▀[0m[38;2;102;75;193m[48;2;50;49;52m▀[0m[38;2;118;85;237m[48;2;110;80;214m▀[0m[38;2;72;49;173m[48;2;38;31;62m▀[0m[38;2;36;25;100m[48;2;12;14;4m▀[0m[38;2;12;12;12m[48;2;18;18;18m▀[0m[38;2;15;15;15m▄[0m    [38;2;7;7;7m▀[0m[38;2;17;17;17m▀[0m[38;2;38;38;38m[48;2;11;11;11m▀[0m[38;2;50;50;50m[48;2;42;42;42m▀[0m[38;2;36;36;36m[48;2;38;38;38m▀[0m[38;2;13;13;13m[48;2;13;13;13m▀[0m 
[38;2;15;15;15m[48;2;15;15;15m▀[0m[38;2;41;41;45m[48;2;20;20;16m▀[0m[38;2;51;50;53m[48;2;38;39;37m▀[0m[38;2;48;48;47m[48;2;51;51;52m▀[0m[38;2;49;49;50m[48;2;49;49;48m▀[0m[38;2;52;50;56m[48;2;48;48;45m▀[0m[38;2;51;51;52m[48;2;29;29;28m▀[0m[38;2;30;30;30m[48;2;19;19;19m▀[0m[38;2;11;11;11m[48;2;8;8;8m▀[0m   [38;2;12;12;12m▄[0m[38;2;9;9;9m[48;2;29;29;29m▀[0m[38;2;23;23;23m[48;2;47;47;47m▀[0m[38;2;49;49;49m[48;2;48;48;48m▀[0m[38;2;51;51;51m[48;2;25;25;25m▀[0m[38;2;20;20;20m[48;2;9;9;9m▀[0m[38;2;57;57;57m[48;2;54;54;54m▀[0m[38;2;83;83;83m[48;2;63;63;63m▀[0m[38;2;44;44;44m[48;2;52;52;52m▀[0m[38;2;36;36;36m▀[0m[38;2;0;0;0m▀[0m[38;2;17;17;17m[48;2;8;8;8m▀[0m[38;2;14;13;13m[48;2;3;1;1m▀[0m[38;2;33;36;36m[48;2;35;38;38m▀[0m[38;2;122;137;137m[48;2;127;143;143m▀[0m[38;2;198;216;216m[48;2;120;125;125m▀[0m[38;2;134;140;139m[48;2;50;53;75m▀[0m[38;2;67;67;70m[48;2;115;105;40m▀[0m[38;2;40;40;46m[48;2;211;205;29m▀[0m[38;2;53;54;60m[48;2;206;188;37m▀[0m[38;2;194;209;209m[48;2;81;82;73m▀[0m[38;2;206;224;218m[48;2;165;181;178m▀[0m[38;2;186;189;232m[48;2;194;198;246m▀[0m[38;2;177;167;255m[48;2;180;170;255m▀[0m[38;2;157;150;222m[48;2;157;150;221m▀[0m[38;2;49;49;49m[48;2;49;49;49m▀[0m[38;2;149;142;209m[48;2;149;142;209m▀[0m[38;2;178;170;255m[48;2;177;169;255m▀[0m[38;2;172;164;246m[48;2;176;167;252m▀[0m[38;2;172;164;246m[48;2;180;171;255m▀[0m[38;2;172;164;246m[48;2;172;164;246m▀[0m[38;2;172;164;246m[48;2;186;177;255m▀[0m[38;2;184;176;255m[48;2;85;84;145m▀[0m[38;2;114;110;158m[48;2;124;114;53m▀[0m[38;2;34;34;36m[48;2;212;208;30m▀[0m[38;2;50;51;59m[48;2;202;183;32m▀[0m[38;2;87;87;90m[48;2;49;49;51m▀[0m[38;2;177;189;190m[48;2;86;88;96m▀[0m[38;2;204;222;221m[48;2;163;173;173m▀[0m[38;2;197;213;213m[48;2;203;220;220m▀[0m[38;2;197;213;213m[48;2;198;214;214m▀[0m[38;2;195;210;210m[48;2;201;218;218m▀[0m[38;2;104;106;106m[48;2;109;111;111m▀[0m[38;2;167;177;177m[48;2;62;64;64m▀[0m[38;2;137;148;148m[48;2;49;51;51m▀[0m[38;2;2;1;1m[48;2;37;37;37m▀[0m[38;2;17;17;17m[48;2;16;16;16m▀[0m[38;2;45;45;44m[48;2;45;45;45m▀[0m[38;2;52;51;55m[48;2;49;49;47m▀[0m[38;2;51;50;53m[48;2;48;49;47m▀[0m[38;2;49;49;48m[48;2;49;49;49m▀[0m[38;2;49;49;49m[48;2;49;49;49m▀[0m[38;2;52;51;57m[48;2;49;49;46m▀[0m[38;2;22;21;23m[48;2;21;21;20m▀[0m[38;2;33;33;33m[48;2;33;33;33m▀[0m[38;2;41;41;41m[48;2;52;52;52m▀[0m[38;2;12;12;12m[48;2;39;39;39m▀[0m[38;2;13;13;13m▄[0m[38;2;0;0;0m▄[0m   [38;2;0;0;0m[48;2;63;63;63m▀[0m[38;2;12;12;12m[48;2;43;43;43m▀[0m[38;2;43;43;43m[48;2;32;32;32m▀[0m[38;2;54;54;54m[48;2;19;19;19m▀[0m[38;2;0;0;0m▀[0m 
 [38;2;11;11;11m[48;2;12;12;12m▀[0m[38;2;36;36;36m[48;2;28;28;28m▀[0m[38;2;53;53;53m[48;2;43;43;43m▀[0m[38;2;49;49;49m[48;2;51;51;51m▀[0m[38;2;49;49;49m[48;2;49;49;49m▀[0m[38;2;23;23;23m[48;2;24;24;24m▀[0m[38;2;10;10;10m[48;2;12;12;12m▀[0m    [38;2;12;12;12m[48;2;11;11;11m▀[0m[38;2;33;33;33m[48;2;32;32;32m▀[0m[38;2;54;54;54m[48;2;49;49;49m▀[0m[38;2;49;49;49m[48;2;35;35;35m▀[0m[38;2;19;19;19m[48;2;18;18;18m▀[0m[38;2;0;0;0m[48;2;0;0;0m▀[0m[38;2;59;59;59m[48;2;39;39;39m▀[0m[38;2;47;47;47m[48;2;35;35;35m▀[0m[38;2;25;25;25m[48;2;27;27;27m▀[0m[38;2;13;13;13m[48;2;32;32;32m▀[0m[38;2;0;0;0m[48;2;22;22;22m▀[0m[38;2;7;7;7m▄[0m[38;2;2;0;0m[48;2;2;0;0m▀[0m[38;2;37;40;40m[48;2;37;40;40m▀[0m[38;2;123;139;139m[48;2;123;139;139m▀[0m[38;2;62;64;70m[48;2;41;44;56m▀[0m[38;2;126;116;41m[48;2;206;186;31m▀[0m[38;2;213;200;33m[48;2;255;255;30m▀[0m[38;2;255;251;31m[48;2;255;233;32m▀[0m[38;2;251;227;31m[48;2;242;219;32m▀[0m[38;2;49;45;33m[48;2;58;56;45m▀[0m[38;2;170;185;188m[48;2;116;124;130m▀[0m[38;2;153;161;175m[48;2;84;89;82m▀[0m[38;2;121;115;170m[48;2;61;59;71m▀[0m[38;2;169;161;242m[48;2;116;111;156m▀[0m[38;2;49;49;50m[48;2;49;49;50m▀[0m[38;2;156;149;220m[48;2;107;103;142m▀[0m[38;2;193;184;255m[48;2;130;124;168m▀[0m[38;2;145;139;203m[48;2;86;83;108m▀[0m[38;2;109;105;145m[48;2;50;50;51m▀[0m[38;2;181;172;255m[48;2;120;116;163m▀[0m[38;2;105;102;149m[48;2;31;33;42m▀[0m[38;2;135;124;55m[48;2;202;184;23m▀[0m[38;2;208;195;23m[48;2;255;255;31m▀[0m[38;2;255;248;31m[48;2;255;228;32m▀[0m[38;2;255;235;31m[48;2;255;232;32m▀[0m[38;2;175;163;35m[48;2;255;255;29m▀[0m[38;2;73;68;43m[48;2;89;82;28m▀[0m[38;2;128;137;143m[48;2;113;123;135m▀[0m[38;2;207;224;224m[48;2;208;225;225m▀[0m[38;2;198;214;214m[48;2;198;214;214m▀[0m[38;2;199;215;215m[48;2;199;215;215m▀[0m[38;2;118;122;122m[48;2;88;90;90m▀[0m[38;2;31;30;30m[48;2;33;33;33m▀[0m[38;2;17;17;17m[48;2;37;37;37m▀[0m[38;2;48;48;48m[48;2;48;48;48m▀[0m[38;2;17;17;17m[48;2;15;15;15m▀[0m[38;2;47;47;47m[48;2;33;33;33m▀[0m[38;2;51;51;51m[48;2;47;47;47m▀[0m[38;2;49;49;49m[48;2;51;51;51m▀[0m[38;2;50;50;50m[48;2;46;46;46m▀[0m[38;2;51;51;51m[48;2;36;36;36m▀[0m[38;2;52;52;52m[48;2;38;38;38m▀[0m[38;2;22;22;22m[48;2;20;20;20m▀[0m[38;2;34;34;34m[48;2;27;27;27m▀[0m[38;2;54;54;54m[48;2;43;43;43m▀[0m[38;2;49;49;49m[48;2;51;51;51m▀[0m[38;2;37;37;37m[48;2;51;51;51m▀[0m[38;2;22;22;22m[48;2;23;23;23m▀[0m[38;2;13;13;13m[48;2;10;10;10m▀[0m  [38;2;63;63;63m[48;2;63;63;63m▀[0m[38;2;52;52;52m[48;2;50;50;50m▀[0m[38;2;28;28;28m[48;2;29;29;29m▀[0m[38;2;9;9;9m[48;2;11;11;11m▀[0m  
  [38;2;7;7;7m▀[0m[38;2;23;23;23m[48;2;13;13;13m▀[0m[38;2;46;46;46m[48;2;20;20;20m▀[0m[38;2;50;50;50m[48;2;49;49;49m▀[0m[38;2;58;58;58m[48;2;52;52;52m▀[0m[38;2;0;0;0m▄[0m  [38;2;0;0;0m[48;2;0;0;0m▀[0m[38;2;13;13;13m[48;2;13;13;13m▀[0m[38;2;18;18;18m[48;2;40;40;40m▀[0m[38;2;37;37;37m[48;2;53;53;53m▀[0m[38;2;43;43;43m[48;2;42;42;42m▀[0m[38;2;12;12;12m[48;2;14;14;14m▀[0m[38;2;0;0;0m▄[0m[38;2;17;17;17m[48;2;12;12;12m▀[0m[38;2;16;16;16m[48;2;38;38;38m▀[0m[38;2;29;29;29m[48;2;42;42;42m▀[0m[38;2;47;47;47m[48;2;12;12;12m▀[0m[38;2;51;51;51m▀[0m[38;2;22;22;22m▀[0m[38;2;7;7;7m[48;2;127;127;127m▀[0m[38;2;0;0;0m[48;2;5;2;2m▀[0m[38;2;37;40;40m[48;2;36;39;39m▀[0m[38;2;125;141;141m[48;2;122;137;137m▀[0m[38;2;54;56;66m[48;2;100;102;102m▀[0m[38;2;163;148;37m[48;2;44;46;63m▀[0m[38;2;237;224;32m[48;2;137;126;39m▀[0m[38;2;255;241;31m[48;2;250;244;30m▀[0m[38;2;246;222;32m[48;2;238;216;33m▀[0m[38;2;58;56;44m[48;2;59;56;45m▀[0m[38;2;55;57;63m[48;2;170;184;190m▀[0m[38;2;55;56;54m[48;2;121;130;125m▀[0m[38;2;51;50;52m[48;2;84;79;109m▀[0m[38;2;61;60;68m[48;2;166;158;236m▀[0m[38;2;49;49;49m[48;2;49;49;50m▀[0m[38;2;59;59;66m[48;2;151;144;212m▀[0m[38;2;63;62;70m[48;2;189;180;255m▀[0m[38;2;55;55;59m[48;2;121;116;165m▀[0m[38;2;48;48;48m[48;2;65;63;73m▀[0m[38;2;62;61;70m[48;2;176;168;252m▀[0m[38;2;61;61;83m[48;2;182;174;255m▀[0m[38;2;169;155;47m[48;2;72;71;115m▀[0m[38;2;235;222;28m[48;2;133;123;31m▀[0m[38;2;255;237;32m[48;2;250;244;30m▀[0m[38;2;255;232;32m[48;2;239;215;33m▀[0m[38;2;221;206;33m[48;2;57;55;47m▀[0m[38;2;82;75;38m[48;2;69;68;75m▀[0m[38;2;122;131;140m[48;2;152;161;161m▀[0m[38;2;208;225;225m[48;2;205;222;222m▀[0m[38;2;199;215;215m[48;2;199;215;215m▀[0m[38;2;203;219;219m[48;2;197;212;212m▀[0m[38;2;41;43;43m[48;2;44;46;46m▀[0m[38;2;27;27;27m[48;2;30;29;29m▀[0m[38;2;53;53;53m[48;2;39;39;39m▀[0m[38;2;43;43;43m[48;2;12;12;12m▀[0m [38;2;11;11;11m▀[0m[38;2;34;34;34m[48;2;11;11;11m▀[0m[38;2;50;50;50m[48;2;34;34;34m▀[0m[38;2;41;41;41m[48;2;44;44;44m▀[0m[38;2;13;13;13m[48;2;15;15;15m▀[0m[38;2;13;13;13m[48;2;25;25;25m▀[0m[38;2;12;12;12m▀[0m[38;2;8;8;8m▀[0m[38;2;23;23;23m[48;2;13;13;13m▀[0m[38;2;46;46;46m[48;2;20;20;20m▀[0m[38;2;49;49;49m[48;2;48;48;48m▀[0m[38;2;28;28;28m[48;2;53;53;53m▀[0m[38;2;18;18;18m[48;2;30;30;30m▀[0m[38;2;9;9;9m[48;2;11;11;11m▀[0m[38;2;0;0;0m▄[0m[38;2;56;56;56m▄[0m[38;2;50;50;50m[48;2;50;50;50m▀[0m[38;2;29;29;29m[48;2;29;29;29m▀[0m[38;2;11;11;11m[48;2;11;11;11m▀[0m  
   [38;2;12;12;12m[48;2;11;11;11m▀[0m[38;2;22;22;22m[48;2;19;19;19m▀[0m[38;2;50;50;50m[48;2;24;24;24m▀[0m[38;2;53;53;53m[48;2;50;50;50m▀[0m[38;2;49;49;49m[48;2;51;51;51m▀[0m  [38;2;0;0;0m[48;2;0;0;0m▀[0m[38;2;13;13;13m[48;2;13;13;13m▀[0m[38;2;39;39;39m[48;2;39;39;39m▀[0m[38;2;53;53;53m[48;2;53;53;53m▀[0m[38;2;42;42;42m[48;2;42;42;42m▀[0m[38;2;14;14;14m[48;2;15;15;15m▀[0m[38;2;0;0;0m▀[0m[38;2;10;10;10m[48;2;42;42;42m▀[0m[38;2;38;38;38m[48;2;34;34;34m▀[0m[38;2;43;43;43m[48;2;31;31;31m▀[0m[38;2;11;11;11m[48;2;44;44;44m▀[0m[38;2;52;52;52m▄[0m[38;2;52;52;52m▄[0m[38;2;48;48;48m[48;2;53;53;53m▀[0m[38;2;53;53;53m[48;2;45;45;45m▀[0m[38;2;41;41;41m[48;2;19;19;19m▀[0m[38;2;29;31;31m[48;2;17;16;16m▀[0m[38;2;175;189;189m[48;2;194;210;210m▀[0m[38;2;119;125;127m[48;2;192;206;206m▀[0m[38;2;63;60;52m[48;2;162;175;178m▀[0m[38;2;57;55;33m[48;2;118;126;133m▀[0m[38;2;76;75;57m[48;2;47;48;55m▀[0m[38;2;175;188;187m[48;2;193;208;209m▀[0m[38;2;201;218;213m[48;2;204;223;216m▀[0m[38;2;178;182;221m[48;2;185;187;236m▀[0m[38;2;166;157;241m[48;2;177;165;255m▀[0m[38;2;159;151;225m[48;2;157;150;221m▀[0m[38;2;49;49;49m[48;2;49;49;49m▀[0m[38;2;150;143;210m[48;2;149;142;209m▀[0m[38;2;180;172;255m[48;2;178;170;255m▀[0m[38;2;167;160;239m[48;2;174;166;249m▀[0m[38;2;161;154;229m[48;2;176;168;252m▀[0m[38;2;173;165;248m[48;2;172;164;246m▀[0m[38;2;174;166;249m[48;2;172;164;246m▀[0m[38;2;169;162;242m[48;2;185;177;255m▀[0m[38;2;116;112;143m[48;2;109;105;152m▀[0m[38;2;59;58;31m[48;2;53;53;68m▀[0m[38;2;63;61;39m[48;2;135;129;197m▀[0m[38;2;74;75;71m[48;2;148;141;203m▀[0m[38;2;162;172;172m[48;2;190;201;215m▀[0m[38;2;198;215;215m[48;2;201;218;215m▀[0m[38;2;203;219;219m[48;2;207;224;224m▀[0m[38;2;183;197;197m[48;2;189;204;204m▀[0m[38;2;66;68;68m[48;2;36;34;34m▀[0m[38;2;20;19;19m[48;2;9;7;7m▀[0m[38;2;36;36;36m[48;2;36;36;36m▀[0m[38;2;38;38;38m[48;2;51;51;51m▀[0m[38;2;10;10;10m[48;2;35;35;35m▀[0m[38;2;11;11;11m▄[0m [38;2;13;13;13m[48;2;11;11;11m▀[0m[38;2;35;35;35m[48;2;35;35;35m▀[0m[38;2;50;50;50m[48;2;54;54;54m▀[0m[38;2;11;11;11m▀[0m   [38;2;12;12;12m[48;2;11;11;11m▀[0m[38;2;22;22;22m[48;2;27;27;27m▀[0m[38;2;48;48;48m[48;2;48;48;48m▀[0m[38;2;52;52;52m[48;2;52;52;52m▀[0m[38;2;30;30;30m[48;2;28;28;28m▀[0m[38;2;8;8;8m[48;2;5;5;5m▀[0m[38;2;63;63;63m[48;2;162;162;162m▀[0m[38;2;49;49;49m[48;2;51;51;51m▀[0m[38;2;52;52;52m[48;2;30;30;30m▀[0m[38;2;28;28;28m[48;2;19;19;19m▀[0m[38;2;10;10;10m[48;2;13;13;13m▀[0m  
    [38;2;0;0;0m[48;2;12;12;12m▀[0m[38;2;14;14;14m[48;2;15;15;15m▀[0m[38;2;47;47;47m[48;2;36;36;36m▀[0m[38;2;57;57;57m[48;2;46;46;46m▀[0m[38;2;53;53;53m[48;2;41;41;41m▀[0m[38;2;56;56;56m▄[0m[38;2;51;51;51m▄[0m[38;2;11;11;11m[48;2;26;26;26m▀[0m[38;2;38;38;38m[48;2;43;43;43m▀[0m[38;2;53;53;53m[48;2;53;53;53m▀[0m[38;2;41;41;41m[48;2;40;40;40m▀[0m[38;2;16;16;16m[48;2;17;17;17m▀[0m[38;2;45;45;45m[48;2;53;53;53m▀[0m[38;2;54;54;54m[48;2;52;52;52m▀[0m[38;2;38;38;38m[48;2;62;62;62m▀[0m[38;2;17;17;17m[48;2;0;0;0m▀[0m[38;2;38;38;38m[48;2;13;13;13m▀[0m[38;2;37;37;37m[48;2;12;12;12m▀[0m[38;2;37;37;37m[48;2;12;12;12m▀[0m[38;2;36;36;36m[48;2;13;13;13m▀[0m[38;2;27;27;27m[48;2;12;12;12m▀[0m[38;2;5;5;5m▀[0m[38;2;19;19;19m▀[0m[38;2;90;97;97m[48;2;0;0;0m▀[0m[38;2;186;202;202m[48;2;103;112;112m▀[0m[38;2;228;247;248m[48;2;190;206;204m▀[0m[38;2;162;174;173m[48;2;178;189;196m▀[0m[38;2;45;45;40m[48;2;87;84;110m▀[0m[38;2;194;210;210m[48;2;162;172;174m▀[0m[38;2;204;222;219m[48;2;192;208;207m▀[0m[38;2;191;201;221m[48;2;202;220;211m▀[0m[38;2;185;184;244m[48;2;194;203;227m▀[0m[38;2;156;148;221m[48;2;160;149;233m▀[0m[38;2;41;42;37m[48;2;84;82;105m▀[0m[38;2;154;147;218m[48;2;125;119;170m▀[0m[38;2;182;174;255m[48;2;161;154;229m▀[0m[38;2;171;164;245m[48;2;175;166;249m▀[0m[38;2;172;164;246m[48;2;172;164;246m▀[0m[38;2;172;164;246m[48;2;172;164;246m▀[0m[38;2;172;164;246m[48;2;172;164;246m▀[0m[38;2;181;173;255m[48;2;185;176;255m▀[0m[38;2;108;104;143m[48;2;108;104;145m▀[0m[38;2;71;70;84m[48;2;65;64;75m▀[0m[38;2;185;175;255m[48;2;177;167;255m▀[0m[38;2;176;165;255m[48;2;179;176;239m▀[0m[38;2;192;201;224m[48;2;193;204;218m▀[0m[38;2;203;221;216m[48;2;212;230;227m▀[0m[38;2;174;187;187m[48;2;148;158;158m▀[0m[38;2;121;128;128m[48;2;44;43;43m▀[0m[38;2;135;144;144m[48;2;157;170;170m▀[0m[38;2;74;75;75m[48;2;117;121;121m▀[0m[38;2;38;38;38m[48;2;37;36;36m▀[0m[38;2;40;40;40m[48;2;19;19;19m▀[0m[38;2;52;52;52m[48;2;43;43;43m▀[0m[38;2;35;35;35m[48;2;43;43;43m▀[0m[38;2;52;52;52m[48;2;45;45;45m▀[0m[38;2;19;19;19m[48;2;23;23;23m▀[0m[38;2;34;34;34m[48;2;26;26;26m▀[0m[38;2;48;48;48m[48;2;40;40;40m▀[0m[38;2;10;10;10m[48;2;26;26;26m▀[0m[38;2;15;15;15m▄[0m[38;2;10;10;10m▄[0m[38;2;9;9;9m▄[0m [38;2;72;72;72m[48;2;51;51;51m▀[0m[38;2;48;48;48m[48;2;48;48;48m▀[0m[38;2;51;51;51m[48;2;50;50;50m▀[0m[38;2;41;41;41m[48;2;52;52;52m▀[0m[38;2;24;24;24m[48;2;42;42;42m▀[0m[38;2;23;23;23m[48;2;29;29;29m▀[0m[38;2;51;51;51m[48;2;40;40;40m▀[0m[38;2;20;20;20m[48;2;19;19;19m▀[0m[38;2;10;10;10m[48;2;13;13;13m▀[0m   
      [38;2;13;13;13m[48;2;0;0;0m▀[0m[38;2;12;12;12m[48;2;0;0;0m▀[0m[38;2;27;27;27m[48;2;17;17;17m▀[0m[38;2;50;50;50m[48;2;18;18;18m▀[0m[38;2;48;48;48m[48;2;17;17;17m▀[0m[38;2;48;48;48m[48;2;17;17;17m▀[0m[38;2;46;46;46m[48;2;15;15;15m▀[0m[38;2;49;49;49m[48;2;33;33;33m▀[0m[38;2;40;40;40m[48;2;44;44;44m▀[0m[38;2;16;16;16m[48;2;13;13;13m▀[0m[38;2;48;48;48m[48;2;31;31;31m▀[0m[38;2;59;59;59m▀[0m          [38;2;0;0;0m[48;2;0;0;0m▀[0m[38;2;90;98;93m[48;2;10;10;10m▀[0m[38;2;193;203;224m[48;2;40;40;41m▀[0m[38;2;165;157;234m[48;2;93;93;95m▀[0m[38;2;82;79;85m[48;2;47;46;47m▀[0m[38;2;168;181;178m[48;2;164;176;176m▀[0m[38;2;207;225;221m[48;2;210;227;227m▀[0m[38;2;191;201;223m[48;2;200;217;215m▀[0m[38;2;175;167;248m[48;2;194;208;220m▀[0m[38;2;180;172;255m[48;2;174;166;249m▀[0m[38;2;56;56;60m[48;2;59;58;67m▀[0m[38;2;116;111;157m[48;2;120;115;162m▀[0m[38;2;182;173;255m[48;2;183;174;255m▀[0m[38;2;172;164;246m[48;2;172;164;246m▀[0m[38;2;172;164;246m[48;2;172;164;246m▀[0m[38;2;173;165;247m[48;2;179;170;255m▀[0m[38;2;171;164;239m[48;2;80;78;98m▀[0m[38;2;107;103;143m[48;2;96;92;129m▀[0m[38;2;81;78;99m[48;2;185;182;250m▀[0m[38;2;182;177;250m[48;2;201;218;216m▀[0m[38;2;199;215;216m[48;2;200;217;217m▀[0m[38;2;201;218;215m[48;2;211;228;228m▀[0m[38;2;199;215;216m[48;2;123;131;131m▀[0m[38;2;141;151;151m[48;2;31;30;30m▀[0m[38;2;34;33;33m[48;2;14;14;14m▀[0m[38;2;6;5;5m[48;2;0;0;0m▀[0m[38;2;0;0;0m[48;2;0;0;0m▀[0m [38;2;15;15;15m[48;2;0;0;0m▀[0m[38;2;15;15;15m[48;2;0;0;0m▀[0m[38;2;14;14;14m[48;2;0;0;0m▀[0m[38;2;14;14;14m[48;2;0;0;0m▀[0m[38;2;15;15;15m[48;2;0;0;0m▀[0m[38;2;13;13;13m[48;2;0;0;0m▀[0m[38;2;23;23;23m[48;2;15;15;15m▀[0m[38;2;47;47;47m[48;2;20;20;20m▀[0m[38;2;22;22;22m[48;2;47;47;47m▀[0m[38;2;21;21;21m[48;2;52;52;52m▀[0m[38;2;18;18;18m[48;2;30;30;30m▀[0m[38;2;10;10;10m[48;2;11;11;11m▀[0m[38;2;30;30;30m[48;2;19;19;19m▀[0m[38;2;48;48;48m[48;2;48;48;48m▀[0m[38;2;50;50;50m[48;2;50;50;50m▀[0m[38;2;49;49;49m[48;2;51;51;51m▀[0m[38;2;51;51;51m[48;2;38;38;38m▀[0m[38;2;42;42;42m[48;2;14;14;14m▀[0m[38;2;13;13;13m[48;2;0;0;0m▀[0m[38;2;0;0;0m▀[0m    
        [38;2;18;18;18m▀[0m[38;2;11;11;11m▀[0m[38;2;11;11;11m▀[0m[38;2;11;11;11m▀[0m[38;2;12;12;12m[48;2;12;12;12m▀[0m[38;2;32;32;32m[48;2;34;34;34m▀[0m[38;2;51;51;51m[48;2;54;54;54m▀[0m[38;2;41;41;41m[48;2;48;48;48m▀[0m[38;2;18;18;18m[48;2;18;18;18m▀[0m[38;2;10;10;10m[48;2;10;10;10m▀[0m           [38;2;0;0;0m▀[0m[38;2;18;15;15m[48;2;0;0;0m▀[0m[38;2;29;29;28m[48;2;9;9;9m▀[0m[38;2;20;20;20m[48;2;14;14;14m▀[0m[38;2;39;41;41m[48;2;28;27;27m▀[0m[38;2;35;37;37m[48;2;28;27;27m▀[0m[38;2;96;103;102m[48;2;46;48;48m▀[0m[38;2;218;236;237m[48;2;84;90;90m▀[0m[38;2;205;219;232m[48;2;82;90;85m▀[0m[38;2;174;171;239m[48;2;82;80;111m▀[0m[38;2;96;92;127m[48;2;38;37;47m▀[0m[38;2;108;104;141m[48;2;36;35;42m▀[0m[38;2;190;181;255m[48;2;75;72;103m▀[0m[38;2;182;174;255m[48;2;72;69;99m▀[0m[38;2;190;180;255m[48;2;74;71;103m▀[0m[38;2;78;75;100m[48;2;36;34;44m▀[0m[38;2;123;129;131m[48;2;52;56;52m▀[0m[38;2;180;191;204m[48;2;74;80;77m▀[0m[38;2;39;41;39m[48;2;28;27;27m▀[0m[38;2;44;46;46m[48;2;31;30;30m▀[0m[38;2;48;51;51m[48;2;14;13;13m▀[0m[38;2;33;35;35m[48;2;7;7;7m▀[0m[38;2;15;15;15m[48;2;12;12;12m▀[0m[38;2;13;13;13m▀[0m         [38;2;0;0;0m▀[0m[38;2;17;17;17m▀[0m[38;2;22;22;22m[48;2;11;11;11m▀[0m[38;2;22;22;22m[48;2;8;8;8m▀[0m[38;2;36;36;36m[48;2;26;26;26m▀[0m[38;2;47;47;47m[48;2;30;30;30m▀[0m[38;2;46;46;46m[48;2;30;30;30m▀[0m[38;2;49;49;49m[48;2;48;48;48m▀[0m[38;2;51;51;51m[48;2;54;54;54m▀[0m[38;2;34;34;34m[48;2;31;31;31m▀[0m[38;2;17;17;17m[48;2;9;9;9m▀[0m[38;2;7;7;7m▀[0m      
            [38;2;12;12;12m▀[0m[38;2;25;25;25m[48;2;6;6;6m▀[0m[38;2;42;42;42m[48;2;22;22;22m▀[0m[38;2;50;50;50m[48;2;45;45;45m▀[0m[38;2;32;32;32m[48;2;52;52;52m▀[0m[38;2;20;20;20m[48;2;32;32;32m▀[0m[38;2;6;6;6m[48;2;16;16;16m▀[0m[38;2;10;10;10m▄[0m[38;2;11;11;11m▄[0m           [38;2;14;14;14m▀[0m[38;2;33;33;33m[48;2;13;13;13m▀[0m[38;2;42;42;42m[48;2;11;11;11m▀[0m[38;2;33;32;32m[48;2;24;24;24m▀[0m[38;2;17;16;16m[48;2;47;47;47m▀[0m[38;2;18;17;17m[48;2;45;45;45m▀[0m[38;2;18;18;13m[48;2;51;51;51m▀[0m[38;2;24;25;22m[48;2;52;52;52m▀[0m[38;2;24;24;23m[48;2;52;52;52m▀[0m[38;2;18;18;13m[48;2;52;52;52m▀[0m[38;2;18;19;13m[48;2;52;52;52m▀[0m[38;2;18;18;12m[48;2;52;52;52m▀[0m[38;2;26;27;25m[48;2;47;47;47m▀[0m[38;2;23;23;23m[48;2;47;47;47m▀[0m[38;2;22;22;22m[48;2;38;38;38m▀[0m[38;2;40;40;40m[48;2;12;12;12m▀[0m[38;2;40;40;40m[48;2;12;12;12m▀[0m[38;2;24;24;24m[48;2;14;14;14m▀[0m[38;2;8;8;8m▀[0m              [38;2;6;6;6m▄[0m[38;2;10;10;10m[48;2;17;17;17m▀[0m[38;2;17;17;17m[48;2;33;33;33m▀[0m[38;2;31;31;31m[48;2;53;53;53m▀[0m[38;2;50;50;50m[48;2;43;43;43m▀[0m[38;2;41;41;41m[48;2;20;20;20m▀[0m[38;2;25;25;25m[48;2;7;7;7m▀[0m[38;2;10;10;10m▀[0m       
              [38;2;9;9;9m[48;2;0;0;0m▀[0m[38;2;17;17;17m[48;2;15;15;15m▀[0m[38;2;46;46;46m[48;2;17;17;17m▀[0m[38;2;52;52;52m[48;2;44;44;44m▀[0m[38;2;33;33;33m[48;2;51;51;51m▀[0m[38;2;16;16;16m[48;2;48;48;48m▀[0m[38;2;17;17;17m[48;2;42;42;42m▀[0m[38;2;18;18;18m[48;2;15;15;15m▀[0m[38;2;25;25;25m[48;2;14;14;14m▀[0m[38;2;0;0;0m[48;2;12;12;12m▀[0m           [38;2;14;14;14m▀[0m[38;2;15;15;15m[48;2;14;14;14m▀[0m[38;2;15;15;15m[48;2;16;16;16m▀[0m[38;2;42;42;42m[48;2;17;17;17m▀[0m[38;2;50;50;50m[48;2;17;17;17m▀[0m[38;2;48;48;48m[48;2;17;17;17m▀[0m[38;2;48;48;48m[48;2;17;17;17m▀[0m[38;2;48;48;48m[48;2;17;17;17m▀[0m[38;2;50;50;50m[48;2;17;17;17m▀[0m[38;2;25;25;25m[48;2;17;17;17m▀[0m[38;2;14;14;14m[48;2;16;16;16m▀[0m[38;2;15;15;15m[48;2;0;0;0m▀[0m               [38;2;0;0;0m[48;2;16;16;16m▀[0m[38;2;25;25;25m[48;2;14;14;14m▀[0m[38;2;25;25;25m[48;2;12;12;12m▀[0m[38;2;13;13;13m[48;2;38;38;38m▀[0m[38;2;37;37;37m[48;2;53;53;53m▀[0m[38;2;53;53;53m[48;2;42;42;42m▀[0m[38;2;45;45;45m[48;2;16;16;16m▀[0m[38;2;15;15;15m[48;2;11;11;11m▀[0m[38;2;7;7;7m[48;2;0;0;0m▀[0m         
                [38;2;12;12;12m▀[0m[38;2;22;22;22m[48;2;11;11;11m▀[0m[38;2;26;26;26m[48;2;10;10;10m▀[0m[38;2;35;35;35m[48;2;21;21;21m▀[0m[38;2;53;53;53m[48;2;34;34;34m▀[0m[38;2;44;44;44m[48;2;34;34;34m▀[0m[38;2;44;44;44m[48;2;33;33;33m▀[0m[38;2;47;47;47m[48;2;47;47;47m▀[0m[38;2;34;34;34m[48;2;48;48;48m▀[0m[38;2;10;10;10m[48;2;36;36;36m▀[0m[38;2;13;13;13m[48;2;37;37;37m▀[0m[38;2;0;0;0m[48;2;49;49;49m▀[0m[38;2;52;52;52m▄[0m[38;2;52;52;52m▄[0m[38;2;54;54;54m▄[0m[38;2;51;51;51m▄[0m[38;2;51;51;51m[48;2;35;35;35m▀[0m[38;2;53;53;53m[48;2;35;35;35m▀[0m[38;2;54;54;54m[48;2;37;37;37m▀[0m[38;2;40;40;40m[48;2;29;29;29m▀[0m[38;2;13;13;13m[48;2;14;14;14m▀[0m[38;2;16;16;16m[48;2;16;16;16m▀[0m[38;2;35;35;35m[48;2;47;47;47m▀[0m[38;2;41;41;41m[48;2;54;54;54m▀[0m[38;2;40;40;40m[48;2;51;51;51m▀[0m[38;2;40;40;40m[48;2;51;51;51m▀[0m[38;2;40;40;40m[48;2;51;51;51m▀[0m[38;2;41;41;41m[48;2;55;55;55m▀[0m[38;2;23;23;23m[48;2;29;29;29m▀[0m[38;2;12;12;12m[48;2;11;11;11m▀[0m[38;2;24;24;24m[48;2;22;22;22m▀[0m[38;2;53;53;53m[48;2;37;37;37m▀[0m[38;2;52;52;52m[48;2;35;35;35m▀[0m[38;2;56;56;56m[48;2;36;36;36m▀[0m[38;2;52;52;52m[48;2;39;39;39m▀[0m[38;2;54;54;54m▄[0m[38;2;52;52;52m▄[0m[38;2;52;52;52m▄[0m[38;2;18;18;18m▄[0m[38;2;9;9;9m▄[0m[38;2;11;11;11m▄[0m[38;2;11;11;11m▄[0m[38;2;11;11;11m▄[0m[38;2;9;9;9m▄[0m[38;2;12;12;12m[48;2;30;30;30m▀[0m[38;2;12;12;12m[48;2;37;37;37m▀[0m[38;2;20;20;20m[48;2;41;41;41m▀[0m[38;2;42;42;42m[48;2;53;53;53m▀[0m[38;2;43;43;43m[48;2;36;36;36m▀[0m[38;2;52;52;52m[48;2;34;34;34m▀[0m[38;2;40;40;40m[48;2;24;24;24m▀[0m[38;2;20;20;20m[48;2;6;6;6m▀[0m[38;2;9;9;9m▀[0m           
                   [38;2;12;12;12m▀[0m[38;2;13;13;13m▀[0m[38;2;13;13;13m▀[0m[38;2;10;10;10m▀[0m[38;2;29;29;29m[48;2;13;13;13m▀[0m[38;2;42;42;42m[48;2;14;14;14m▀[0m[38;2;42;42;42m[48;2;13;13;13m▀[0m[38;2;42;42;42m[48;2;13;13;13m▀[0m[38;2;43;43;43m[48;2;13;13;13m▀[0m[38;2;43;43;43m[48;2;13;13;13m▀[0m[38;2;43;43;43m[48;2;13;13;13m▀[0m[38;2;44;44;44m[48;2;13;13;13m▀[0m[38;2;41;41;41m[48;2;13;13;13m▀[0m[38;2;15;15;15m▀[0m[38;2;11;11;11m▀[0m[38;2;13;13;13m▀[0m[38;2;11;11;11m▀[0m [38;2;14;14;14m▀[0m[38;2;35;35;35m[48;2;11;11;11m▀[0m[38;2;47;47;47m[48;2;36;36;36m▀[0m[38;2;50;50;50m[48;2;51;51;51m▀[0m[38;2;49;49;49m[48;2;50;50;50m▀[0m[38;2;49;49;49m[48;2;48;48;48m▀[0m[38;2;42;42;42m[48;2;19;19;19m▀[0m[38;2;25;25;25m[48;2;11;11;11m▀[0m[38;2;13;13;13m▀[0m[38;2;19;19;19m▀[0m[38;2;13;13;13m▀[0m[38;2;13;13;13m▀[0m[38;2;10;10;10m▀[0m[38;2;29;29;29m[48;2;13;13;13m▀[0m[38;2;45;45;45m[48;2;14;14;14m▀[0m[38;2;43;43;43m[48;2;13;13;13m▀[0m[38;2;43;43;43m[48;2;13;13;13m▀[0m[38;2;31;31;31m[48;2;41;41;41m▀[0m[38;2;28;28;28m[48;2;49;49;49m▀[0m[38;2;29;29;29m[48;2;47;47;47m▀[0m[38;2;29;29;29m[48;2;47;47;47m▀[0m[38;2;29;29;29m[48;2;47;47;47m▀[0m[38;2;28;28;28m[48;2;49;49;49m▀[0m[38;2;38;38;38m[48;2;24;24;24m▀[0m[38;2;43;43;43m[48;2;11;11;11m▀[0m[38;2;42;42;42m[48;2;13;13;13m▀[0m[38;2;37;37;37m[48;2;13;13;13m▀[0m[38;2;14;14;14m▀[0m[38;2;11;11;11m▀[0m[38;2;10;10;10m▀[0m             
                       [38;2;0;0;0m▀[0m[38;2;0;0;0m▀[0m[38;2;0;0;0m▀[0m[38;2;0;0;0m▀[0m[38;2;0;0;0m▀[0m[38;2;0;0;0m▀[0m[38;2;0;0;0m▀[0m[38;2;0;0;0m▀[0m[38;2;0;0;0m▀[0m      [38;2;13;13;13m[48;2;13;13;13m▀[0m[38;2;37;37;37m[48;2;39;39;39m▀[0m[38;2;51;51;51m[48;2;52;52;52m▀[0m[38;2;50;50;50m[48;2;50;50;50m▀[0m[38;2;48;48;48m[48;2;50;50;50m▀[0m[38;2;21;21;21m[48;2;22;22;22m▀[0m[38;2;12;12;12m[48;2;12;12;12m▀[0m     [38;2;0;0;0m▀[0m[38;2;0;0;0m▀[0m[38;2;0;0;0m▀[0m[38;2;0;0;0m▀[0m[38;2;15;15;15m[48;2;8;8;8m▀[0m[38;2;17;17;17m[48;2;13;13;13m▀[0m[38;2;16;16;16m[48;2;13;13;13m▀[0m[38;2;16;16;16m[48;2;13;13;13m▀[0m[38;2;16;16;16m[48;2;13;13;13m▀[0m[38;2;17;17;17m[48;2;13;13;13m▀[0m[38;2;15;15;15m[48;2;0;0;0m▀[0m[38;2;0;0;0m▀[0m[38;2;0;0;0m▀[0m[38;2;0;0;0m▀[0m                
                                      [38;2;14;14;14m▀[0m[38;2;22;22;22m[48;2;8;8;8m▀[0m[38;2;38;38;38m[48;2;31;31;31m▀[0m[38;2;47;47;47m[48;2;48;48;48m▀[0m[38;2;26;26;26m[48;2;14;14;14m▀[0m[38;2;19;19;19m[48;2;0;0;0m▀[0m[38;2;9;9;9m▀[0m                                   
                                       [38;2;10;10;10m▀[0m[38;2;28;28;28m[48;2;14;14;14m▀[0m[38;2;39;39;39m[48;2;14;14;14m▀[0m[38;2;14;14;14m▀[0m[38;2;12;12;12m▀[0m                                    
[0m