       [38;2;164;115;82m▄[0m[38;2;230;164;74m▄[0m[38;2;164;115;82m[48;2;255;230;148m▀[0m[38;2;164;115;82m[48;2;255;213;90m▀[0m[38;2;164;115;82m[48;2;255;213;90m▀[0m[38;2;164;115;82m[48;2;230;164;74m▀[0m[38;2;164;115;82m▄[0m[38;2;0;0;0m▄[0m     
     [38;2;164;115;82m▄[0m[38;2;164;115;82m[48;2;255;213;90m▀[0m[38;2;255;230;148m[48;2;255;230;148m▀[0m[38;2;255;255;255m[48;2;255;255;255m▀[0m[38;2;255;255;255m[48;2;255;255;255m▀[0m[38;2;255;230;148m[48;2;255;230;148m▀[0m[38;2;255;213;90m[48;2;255;213;90m▀[0m[38;2;255;213;90m[48;2;255;213;90m▀[0m[38;2;230;164;74m[48;2;255;213;90m▀[0m[38;2;230;164;74m[48;2;230;164;74m▀[0m[38;2;0;0;0m[48;2;230;164;74m▀[0m[38;2;0;0;0m▄[0m   
     [38;2;164;115;82m[48;2;164;115;82m▀[0m[38;2;255;213;90m[48;2;230;164;74m▀[0m[38;2;255;213;90m[48;2;230;164;74m▀[0m[38;2;255;230;148m[48;2;255;213;90m▀[0m[38;2;255;230;148m[48;2;255;213;90m▀[0m[38;2;255;213;90m[48;2;255;213;90m▀[0m[38;2;255;213;90m[48;2;255;213;90m▀[0m[38;2;255;213;90m[48;2;255;213;90m▀[0m[38;2;255;213;90m[48;2;230;164;74m▀[0m[38;2;230;164;74m[48;2;230;164;74m▀[0m[38;2;230;164;74m[48;2;164;115;82m▀[0m[38;2;0;0;0m[48;2;0;0;0m▀[0m   
      [38;2;0;0;0m▀[0m[38;2;230;164;74m[48;2;0;0;0m▀[0m[38;2;230;164;74m[48;2;164;115;82m▀[0m[38;2;230;164;74m[48;2;230;164;74m▀[0m[38;2;230;164;74m[48;2;230;164;74m▀[0m[38;2;230;164;74m[48;2;230;164;74m▀[0m[38;2;230;164;74m[48;2;230;164;74m▀[0m[38;2;230;164;74m[48;2;164;115;82m▀[0m[38;2;164;115;82m[48;2;0;0;0m▀[0m[38;2;0;0;0m▀[0m    
       [38;2;65;74;106m▄[0m[38;2;65;74;106m▄[0m[38;2;0;0;0m[48;2;65;74;106m▀[0m[38;2;164;115;82m[48;2;230;164;74m▀[0m[38;2;164;115;82m[48;2;230;164;74m▀[0m[38;2;0;0;0m[48;2;65;74;106m▀[0m[38;2;65;74;106m▄[0m[38;2;65;74;106m▄[0m     
    [38;2;65;74;106m▄[0m[38;2;65;74;106m[48;2;156;197;230m▀[0m[38;2;65;74;106m[48;2;197;230;255m▀[0m[38;2;197;230;255m[48;2;255;255;255m▀[0m[38;2;197;230;255m[48;2;255;255;255m▀[0m[38;2;197;230;255m[48;2;197;230;255m▀[0m[38;2;164;115;82m[48;2;197;230;255m▀[0m[38;2;164;115;82m[48;2;156;197;230m▀[0m[38;2;156;197;230m[48;2;156;197;230m▀[0m[38;2;156;197;230m[48;2;156;197;230m▀[0m[38;2;156;197;230m[48;2;156;197;230m▀[0m[38;2;0;0;0m[48;2;156;197;230m▀[0m[38;2;0;0;0m[48;2;156;197;230m▀[0m[38;2;0;0;0m▄[0m  
   [38;2;65;74;106m[48;2;65;74;106m▀[0m[38;2;156;197;230m[48;2;197;230;255m▀[0m[38;2;197;230;255m[48;2;197;230;255m▀[0m[38;2;255;255;255m[48;2;255;255;255m▀[0m[38;2;255;255;255m[48;2;255;255;255m▀[0m[38;2;255;255;255m[48;2;197;230;255m▀[0m[38;2;197;230;255m[48;2;197;230;255m▀[0m[38;2;197;230;255m[48;2;197;230;255m▀[0m[38;2;197;230;255m[48;2;197;230;255m▀[0m[38;2;197;230;255m[48;2;197;230;255m▀[0m[38;2;156;197;230m[48;2;156;197;230m▀[0m[38;2;156;197;230m[48;2;156;197;230m▀[0m[38;2;156;197;230m[48;2;156;197;230m▀[0m[38;2;197;230;255m[48;2;156;197;230m▀[0m[38;2;156;197;230m[48;2;197;230;255m▀[0m[38;2;0;0;0m[48;2;0;0;0m▀[0m 
  [38;2;123;41;65m[48;2;123;41;65m▀[0m[38;2;197;230;255m[48;2;246;82;123m▀[0m[38;2;197;230;255m[48;2;106;148;180m▀[0m[38;2;106;148;180m[48;2;255;213;90m▀[0m[38;2;156;197;230m[48;2;65;74;106m▀[0m[38;2;197;230;255m[48;2;197;230;255m▀[0m[38;2;197;230;255m[48;2;197;230;255m▀[0m[38;2;197;230;255m[48;2;197;230;255m▀[0m[38;2;197;230;255m[48;2;197;230;255m▀[0m[38;2;197;230;255m[48;2;197;230;255m▀[0m[38;2;197;230;255m[48;2;197;230;255m▀[0m[38;2;197;230;255m[48;2;106;148;180m▀[0m[38;2;156;197;230m[48;2;156;197;230m▀[0m[38;2;156;197;230m[48;2;156;197;230m▀[0m[38;2;156;197;230m[48;2;156;197;230m▀[0m[38;2;156;197;230m[48;2;156;197;230m▀[0m[38;2;197;230;255m[48;2;197;230;255m▀[0m[38;2;0;0;0m[48;2;0;0;0m▀[0m
 [38;2;65;74;106m▄[0m[38;2;123;41;65m[48;2;65;74;106m▀[0m[38;2;180;65;90m[48;2;180;65;90m▀[0m[38;2;106;148;180m[48;2;197;230;255m▀[0m[38;2;255;213;90m[48;2;65;74;106m▀[0m[38;2;65;74;106m[48;2;106;148;180m▀[0m[38;2;197;230;255m[48;2;156;197;230m▀[0m[38;2;197;230;255m[48;2;197;230;255m▀[0m[38;2;197;230;255m[48;2;197;230;255m▀[0m[38;2;197;230;255m[48;2;197;230;255m▀[0m[38;2;197;230;255m[48;2;156;197;230m▀[0m[38;2;106;148;180m[48;2;106;148;180m▀[0m[38;2;255;213;90m[48;2;255;213;90m▀[0m[38;2;65;74;106m[48;2;65;74;106m▀[0m[38;2;156;197;230m[48;2;180;65;90m▀[0m[38;2;180;65;90m[48;2;180;65;90m▀[0m[38;2;180;65;90m[48;2;180;65;90m▀[0m[38;2;197;230;255m[48;2;246;82;123m▀[0m[38;2;123;41;65m[48;2;123;41;65m▀[0m
[38;2;65;74;106m[48;2;65;74;106m▀[0m[38;2;197;230;255m[48;2;197;230;255m▀[0m[38;2;65;74;106m[48;2;197;230;255m▀[0m[38;2;106;148;180m[48;2;0;0;0m▀[0m[38;2;197;230;255m[48;2;156;197;230m▀[0m[38;2;197;230;255m[48;2;197;230;255m▀[0m[38;2;197;230;255m[48;2;197;230;255m▀[0m[38;2;106;148;180m[48;2;197;230;255m▀[0m[38;2;106;148;180m[48;2;197;230;255m▀[0m[38;2;106;148;180m[48;2;197;230;255m▀[0m[38;2;106;148;180m[48;2;197;230;255m▀[0m[38;2;106;148;180m[48;2;197;230;255m▀[0m[38;2;156;197;230m[48;2;197;230;255m▀[0m[38;2;65;74;106m[48;2;156;197;230m▀[0m[38;2;156;197;230m[48;2;156;197;230m▀[0m[38;2;180;65;90m[48;2;156;197;230m▀[0m[38;2;180;65;90m[48;2;106;148;180m▀[0m[38;2;156;197;230m[48;2;106;148;180m▀[0m[38;2;123;41;65m[48;2;0;0;0m▀[0m 
 [38;2;0;0;0m▀[0m[38;2;0;0;0m▀[0m [38;2;65;74;106m▀[0m[38;2;156;197;230m[48;2;65;74;106m▀[0m[38;2;197;230;255m[48;2;65;74;106m▀[0m[38;2;197;230;255m[48;2;106;148;180m▀[0m[38;2;197;230;255m[48;2;156;197;230m▀[0m[38;2;197;230;255m[48;2;156;197;230m▀[0m[38;2;197;230;255m[48;2;156;197;230m▀[0m[38;2;197;230;255m[48;2;156;197;230m▀[0m[38;2;156;197;230m[48;2;156;197;230m▀[0m[38;2;156;197;230m[48;2;156;197;230m▀[0m[38;2;156;197;230m[48;2;156;197;230m▀[0m[38;2;156;197;230m[48;2;65;74;106m▀[0m[38;2;156;197;230m[48;2;65;74;106m▀[0m[38;2;197;230;255m[48;2;197;230;255m▀[0m[38;2;197;230;255m[48;2;197;230;255m▀[0m[38;2;0;0;0m[48;2;65;74;106m▀[0m
       [38;2;0;0;0m▀[0m[38;2;0;0;0m▀[0m[38;2;0;0;0m[48;2;65;74;106m▀[0m[38;2;0;0;0m[48;2;156;197;230m▀[0m[38;2;0;0;0m[48;2;65;74;106m▀[0m[38;2;0;0;0m▀[0m[38;2;0;0;0m▀[0m[38;2;65;74;106m▀[0m  [38;2;0;0;0m▀[0m[38;2;0;0;0m▀[0m 
      [38;2;65;74;106m▄[0m[38;2;65;74;106m▄[0m[38;2;65;74;106m[48;2;106;148;180m▀[0m[38;2;65;74;106m[48;2;156;197;230m▀[0m[38;2;156;197;230m[48;2;156;197;230m▀[0m[38;2;65;74;106m[48;2;106;148;180m▀[0m[38;2;65;74;106m▄[0m[38;2;65;74;106m▄[0m      
     [38;2;106;148;180m[48;2;65;74;106m▀[0m[38;2;197;230;255m[48;2;197;230;255m▀[0m[38;2;156;197;230m[48;2;197;230;255m▀[0m[38;2;156;197;230m[48;2;156;197;230m▀[0m[38;2;156;197;230m[48;2;156;197;230m▀[0m[38;2;156;197;230m[48;2;156;197;230m▀[0m[38;2;156;197;230m[48;2;156;197;230m▀[0m[38;2;156;197;230m[48;2;197;230;255m▀[0m[38;2;156;197;230m[48;2;197;230;255m▀[0m[38;2;65;74;106m[48;2;65;74;106m▀[0m     
     [38;2;65;74;106m[48;2;65;74;106m▀[0m[38;2;197;230;255m[48;2;197;230;255m▀[0m[38;2;197;230;255m[48;2;197;230;255m▀[0m[38;2;197;230;255m[48;2;197;230;255m▀[0m[38;2;197;230;255m[48;2;197;230;255m▀[0m[38;2;197;230;255m[48;2;197;230;255m▀[0m[38;2;197;230;255m[48;2;197;230;255m▀[0m[38;2;197;230;255m[48;2;197;230;255m▀[0m[38;2;197;230;255m[48;2;197;230;255m▀[0m[38;2;65;74;106m[48;2;65;74;106m▀[0m     
    [38;2;106;148;180m[48;2;65;74;106m▀[0m[38;2;106;148;180m[48;2;197;230;255m▀[0m[38;2;197;230;255m[48;2;197;230;255m▀[0m[38;2;197;230;255m[48;2;197;230;255m▀[0m[38;2;197;230;255m[48;2;197;230;255m▀[0m[38;2;197;230;255m[48;2;197;230;255m▀[0m[38;2;197;230;255m[48;2;197;230;255m▀[0m[38;2;197;230;255m[48;2;197;230;255m▀[0m[38;2;197;230;255m[48;2;197;230;255m▀[0m[38;2;197;230;255m[48;2;156;197;230m▀[0m[38;2;65;74;106m[48;2;65;74;106m▀[0m     
    [38;2;65;74;106m[48;2;65;74;106m▀[0m[38;2;197;230;255m[48;2;197;230;255m▀[0m[38;2;197;230;255m[48;2;197;230;255m▀[0m[38;2;197;230;255m[48;2;197;230;255m▀[0m[38;2;197;230;255m[48;2;197;230;255m▀[0m[38;2;197;230;255m[48;2;197;230;255m▀[0m[38;2;197;230;255m[48;2;197;230;255m▀[0m[38;2;197;230;255m[48;2;197;230;255m▀[0m[38;2;197;230;255m[48;2;197;230;255m▀[0m[38;2;156;197;230m[48;2;106;148;180m▀[0m[38;2;106;148;180m▀[0m     
    [38;2;65;74;106m[48;2;65;74;106m▀[0m[38;2;197;230;255m[48;2;197;230;255m▀[0m[38;2;197;230;255m[48;2;197;230;255m▀[0m[38;2;197;230;255m[48;2;197;230;255m▀[0m[38;2;197;230;255m[48;2;197;230;255m▀[0m[38;2;197;230;255m[48;2;197;230;255m▀[0m[38;2;197;230;255m[48;2;197;230;255m▀[0m[38;2;197;230;255m[48;2;197;230;255m▀[0m[38;2;156;197;230m[48;2;156;197;230m▀[0m[38;2;65;74;106m[48;2;65;74;106m▀[0m      
   [38;2;106;148;180m▄[0m[38;2;65;74;106m[48;2;106;148;180m▀[0m[38;2;197;230;255m[48;2;197;230;255m▀[0m[38;2;197;230;255m[48;2;197;230;255m▀[0m[38;2;197;230;255m[48;2;197;230;255m▀[0m[38;2;197;230;255m[48;2;197;230;255m▀[0m[38;2;197;230;255m[48;2;156;197;230m▀[0m[38;2;197;230;255m[48;2;197;230;255m▀[0m[38;2;197;230;255m[48;2;156;197;230m▀[0m[38;2;156;197;230m[48;2;106;148;180m▀[0m[38;2;65;74;106m[48;2;65;74;106m▀[0m      
   [38;2;65;74;106m[48;2;65;74;106m▀[0m[38;2;156;197;230m[48;2;156;197;230m▀[0m[38;2;197;230;255m[48;2;156;197;230m▀[0m[38;2;197;230;255m[48;2;156;197;230m▀[0m[38;2;197;230;255m[48;2;156;197;230m▀[0m[38;2;156;197;230m[48;2;197;230;255m▀[0m[38;2;197;230;255m[48;2;156;197;230m▀[0m[38;2;156;197;230m[48;2;197;230;255m▀[0m[38;2;197;230;255m[48;2;156;197;230m▀[0m[38;2;106;148;180m[48;2;106;148;180m▀[0m[38;2;65;74;106m[48;2;65;74;106m▀[0m      
   [38;2;65;74;106m[48;2;65;74;106m▀[0m[38;2;156;197;230m[48;2;156;197;230m▀[0m[38;2;156;197;230m[48;2;156;197;230m▀[0m[38;2;156;197;230m[48;2;156;197;230m▀[0m[38;2;156;197;230m[48;2;156;197;230m▀[0m[38;2;156;197;230m[48;2;156;197;230m▀[0m[38;2;156;197;230m[48;2;156;197;230m▀[0m[38;2;156;197;230m[48;2;156;197;230m▀[0m[38;2;156;197;230m[48;2;246;82;123m▀[0m[38;2;205;139;180m[48;2;246;82;123m▀[0m[38;2;123;41;65m[48;2;123;41;65m▀[0m      
  [38;2;65;74;106m▄[0m[38;2;65;74;106m[48;2;156;197;230m▀[0m[38;2;156;197;230m[48;2;156;197;230m▀[0m[38;2;156;197;230m[48;2;156;197;230m▀[0m[38;2;156;197;230m[48;2;156;197;230m▀[0m[38;2;156;197;230m[48;2;156;197;230m▀[0m[38;2;156;197;230m[48;2;156;197;230m▀[0m[38;2;156;197;230m[48;2;156;197;230m▀[0m[38;2;205;139;180m[48;2;205;139;180m▀[0m[38;2;246;82;123m[48;2;246;82;123m▀[0m[38;2;246;82;123m[48;2;246;82;123m▀[0m[38;2;123;41;65m[48;2;123;41;65m▀[0m      
  [38;2;123;41;65m[48;2;123;41;65m▀[0m[38;2;156;197;230m[48;2;205;139;180m▀[0m[38;2;156;197;230m[48;2;156;197;230m▀[0m[38;2;156;197;230m[48;2;156;197;230m▀[0m[38;2;156;197;230m[48;2;246;82;123m▀[0m[38;2;205;139;180m[48;2;246;82;123m▀[0m[38;2;205;139;180m[48;2;246;82;123m▀[0m[38;2;156;197;230m[48;2;246;82;123m▀[0m[38;2;156;197;230m[48;2;156;197;230m▀[0m[38;2;156;197;230m[48;2;156;197;230m▀[0m[38;2;246;82;123m[48;2;205;139;180m▀[0m[38;2;123;41;65m[48;2;180;65;90m▀[0m[38;2;123;41;65m▄[0m     
  [38;2;123;41;65m[48;2;123;41;65m▀[0m[38;2;246;82;123m[48;2;246;82;123m▀[0m[38;2;156;197;230m[48;2;246;82;123m▀[0m[38;2;205;139;180m[48;2;246;82;123m▀[0m[38;2;246;82;123m[48;2;246;82;123m▀[0m[38;2;246;82;123m[48;2;246;82;123m▀[0m[38;2;246;82;123m[48;2;246;82;123m▀[0m[38;2;246;82;123m[48;2;246;82;123m▀[0m[38;2;205;139;180m[48;2;246;82;123m▀[0m[38;2;246;82;123m[48;2;246;82;123m▀[0m[38;2;246;82;123m[48;2;246;82;123m▀[0m[38;2;246;82;123m[48;2;246;82;123m▀[0m[38;2;123;41;65m[48;2;123;41;65m▀[0m     
 [38;2;123;41;65m[48;2;123;41;65m▀[0m[38;2;246;82;123m[48;2;246;82;123m▀[0m[38;2;246;82;123m[48;2;246;82;123m▀[0m[38;2;246;82;123m[48;2;246;82;123m▀[0m[38;2;246;82;123m[48;2;246;82;123m▀[0m[38;2;246;82;123m[48;2;246;82;123m▀[0m[38;2;246;82;123m[48;2;246;82;123m▀[0m[38;2;246;82;123m[48;2;246;82;123m▀[0m[38;2;246;82;123m[48;2;246;82;123m▀[0m[38;2;246;82;123m[48;2;246;82;123m▀[0m[38;2;246;82;123m[48;2;246;82;123m▀[0m[38;2;246;82;123m[48;2;246;82;123m▀[0m[38;2;246;82;123m[48;2;246;82;123m▀[0m[38;2;123;41;65m[48;2;123;41;65m▀[0m     
 [38;2;123;41;65m[48;2;123;41;65m▀[0m[38;2;246;82;123m[48;2;246;82;123m▀[0m[38;2;246;82;123m[48;2;246;82;123m▀[0m[38;2;246;82;123m[48;2;246;82;123m▀[0m[38;2;246;82;123m[48;2;246;82;123m▀[0m[38;2;246;82;123m[48;2;246;82;123m▀[0m[38;2;246;82;123m[48;2;246;82;123m▀[0m[38;2;246;82;123m[48;2;246;82;123m▀[0m[38;2;246;82;123m[48;2;246;82;123m▀[0m[38;2;246;82;123m[48;2;246;82;123m▀[0m[38;2;246;82;123m[48;2;246;82;123m▀[0m[38;2;246;82;123m[48;2;246;82;123m▀[0m[38;2;246;82;123m[48;2;246;82;123m▀[0m[38;2;180;65;90m[48;2;180;65;90m▀[0m[38;2;123;41;65m[48;2;123;41;65m▀[0m    
[38;2;123;41;65m[48;2;123;41;65m▀[0m[38;2;246;82;123m[48;2;246;82;123m▀[0m[38;2;246;82;123m[48;2;246;82;123m▀[0m[38;2;246;82;123m[48;2;246;82;123m▀[0m[38;2;246;82;123m[48;2;246;82;123m▀[0m[38;2;246;82;123m[48;2;246;82;123m▀[0m[38;2;246;82;123m[48;2;246;82;123m▀[0m[38;2;246;82;123m[48;2;246;82;123m▀[0m[38;2;246;82;123m[48;2;246;82;123m▀[0m[38;2;246;82;123m[48;2;246;82;123m▀[0m[38;2;246;82;123m[48;2;246;82;123m▀[0m[38;2;246;82;123m[48;2;246;82;123m▀[0m[38;2;246;82;123m[48;2;246;82;123m▀[0m[38;2;246;82;123m[48;2;246;82;123m▀[0m[38;2;246;82;123m[48;2;246;82;123m▀[0m[38;2;123;41;65m[48;2;123;41;65m▀[0m    
[38;2;123;41;65m[48;2;123;41;65m▀[0m[38;2;246;82;123m[48;2;246;82;123m▀[0m[38;2;246;82;123m[48;2;0;0;0m▀[0m[38;2;246;82;123m[48;2;0;0;0m▀[0m[38;2;246;82;123m[48;2;246;82;123m▀[0m[38;2;246;82;123m[48;2;246;82;123m▀[0m[38;2;246;82;123m[48;2;246;82;123m▀[0m[38;2;246;82;123m[48;2;246;82;123m▀[0m[38;2;246;82;123m[48;2;246;82;123m▀[0m[38;2;246;82;123m[48;2;246;82;123m▀[0m[38;2;246;82;123m[48;2;246;82;123m▀[0m[38;2;246;82;123m[48;2;246;82;123m▀[0m[38;2;246;82;123m[48;2;246;82;123m▀[0m[38;2;246;82;123m[48;2;246;82;123m▀[0m[38;2;246;82;123m[48;2;246;82;123m▀[0m[38;2;180;65;90m[48;2;246;82;123m▀[0m[38;2;123;41;65m[48;2;123;41;65m▀[0m   
[38;2;0;0;0m▀[0m[38;2;0;0;0m▀[0m  [38;2;0;0;0m▀[0m[38;2;246;82;123m[48;2;0;0;0m▀[0m[38;2;246;82;123m[48;2;0;0;0m▀[0m[38;2;246;82;123m[48;2;0;0;0m▀[0m[38;2;246;82;123m[48;2;123;41;65m▀[0m[38;2;123;41;65m▀[0m[38;2;0;0;0m▀[0m[38;2;123;41;65m▀[0m[38;2;180;65;90m[48;2;123;41;65m▀[0m[38;2;246;82;123m[48;2;0;0;0m▀[0m[38;2;246;82;123m[48;2;0;0;0m▀[0m[38;2;246;82;123m[48;2;0;0;0m▀[0m[38;2;123;41;65m▀[0m   
[0m