        [38;2;106;57;49m▄[0m[38;2;106;57;49m▄[0m[38;2;106;57;49m[48;2;172;82;49m▀[0m[38;2;106;57;49m[48;2;230;98;82m▀[0m[38;2;106;57;49m[48;2;230;98;82m▀[0m[38;2;106;57;49m▄[0m                  
      [38;2;106;57;49m▄[0m[38;2;106;57;49m[48;2;172;82;49m▀[0m[38;2;213;213;246m[48;2;213;213;246m▀[0m[38;2;213;213;246m[48;2;213;213;246m▀[0m[38;2;172;82;49m[48;2;172;82;49m▀[0m[38;2;230;98;82m[48;2;230;98;82m▀[0m[38;2;230;98;82m[48;2;106;57;49m▀[0m[38;2;106;57;49m▀[0m           [38;2;106;57;49m▄[0m[38;2;106;57;49m▄[0m     
      [38;2;106;57;49m[48;2;0;0;0m▀[0m[38;2;230;98;82m[48;2;230;98;82m▀[0m[38;2;164;164;205m[48;2;172;82;49m▀[0m[38;2;213;213;246m[48;2;106;57;49m▀[0m[38;2;106;57;49m[48;2;230;98;82m▀[0m[38;2;106;57;49m[48;2;230;98;82m▀[0m[38;2;0;0;0m[48;2;172;82;49m▀[0m[38;2;106;57;49m[48;2;0;0;0m▀[0m          [38;2;106;57;49m[48;2;106;57;49m▀[0m[38;2;230;98;82m[48;2;230;98;82m▀[0m[38;2;230;98;82m[48;2;230;98;82m▀[0m[38;2;106;57;49m[48;2;172;82;49m▀[0m[38;2;106;57;49m[48;2;213;213;246m▀[0m[38;2;106;57;49m[48;2;213;213;246m▀[0m[38;2;106;57;49m▄[0m 
       [38;2;0;0;0m▀[0m[38;2;106;57;49m[48;2;0;0;0m▀[0m[38;2;230;98;82m[48;2;230;98;82m▀[0m[38;2;230;98;82m[48;2;230;98;82m▀[0m[38;2;230;98;82m[48;2;230;98;82m▀[0m[38;2;230;98;82m[48;2;230;98;82m▀[0m[38;2;230;98;82m[48;2;230;98;82m▀[0m[38;2;0;0;0m[48;2;0;0;0m▀[0m        [38;2;106;57;49m▄[0m[38;2;106;57;49m[48;2;172;82;49m▀[0m[38;2;230;98;82m[48;2;172;82;49m▀[0m[38;2;230;98;82m[48;2;172;82;49m▀[0m[38;2;172;82;49m[48;2;213;213;246m▀[0m[38;2;213;213;246m[48;2;213;213;246m▀[0m[38;2;213;213;246m[48;2;172;82;49m▀[0m[38;2;106;57;49m[48;2;106;57;49m▀[0m 
        [38;2;106;57;49m[48;2;106;57;49m▀[0m[38;2;230;98;82m[48;2;213;213;246m▀[0m[38;2;213;213;246m[48;2;213;213;246m▀[0m[38;2;213;213;246m[48;2;213;213;246m▀[0m[38;2;230;98;82m[48;2;213;213;246m▀[0m[38;2;172;82;49m[48;2;172;82;49m▀[0m[38;2;0;0;0m[48;2;0;0;0m▀[0m       [38;2;106;57;49m▄[0m[38;2;106;57;49m[48;2;230;98;82m▀[0m[38;2;230;98;82m[48;2;230;98;82m▀[0m[38;2;230;98;82m[48;2;230;98;82m▀[0m[38;2;106;57;49m[48;2;230;98;82m▀[0m[38;2;213;213;246m[48;2;106;57;49m▀[0m[38;2;172;82;49m[48;2;172;82;49m▀[0m[38;2;230;98;82m[48;2;230;98;82m▀[0m[38;2;230;98;82m[48;2;172;82;49m▀[0m[38;2;0;0;0m[48;2;0;0;0m▀[0m
         [38;2;164;164;205m[48;2;164;164;205m▀[0m[38;2;213;213;246m[48;2;213;213;246m▀[0m[38;2;213;213;246m[48;2;230;98;82m▀[0m[38;2;213;213;246m[48;2;172;82;49m▀[0m[38;2;164;164;205m[48;2;164;164;205m▀[0m[38;2;0;0;0m[48;2;0;0;0m▀[0m      [38;2;106;57;49m▄[0m[38;2;106;57;49m[48;2;230;98;82m▀[0m[38;2;230;98;82m[48;2;213;213;246m▀[0m[38;2;230;98;82m[48;2;213;213;246m▀[0m[38;2;230;98;82m[48;2;213;213;246m▀[0m[38;2;230;98;82m[48;2;172;82;49m▀[0m[38;2;172;82;49m[48;2;172;82;49m▀[0m[38;2;106;57;49m[48;2;106;57;49m▀[0m[38;2;172;82;49m[48;2;0;0;0m▀[0m[38;2;0;0;0m▀[0m 
          [38;2;0;0;0m[48;2;0;0;0m▀[0m[38;2;172;82;49m[48;2;172;82;49m▀[0m[38;2;172;82;49m[48;2;172;82;49m▀[0m[38;2;172;82;49m[48;2;172;82;49m▀[0m[38;2;164;164;205m[48;2;0;0;0m▀[0m[38;2;98;82;74m▄[0m[38;2;0;0;0m▄[0m[38;2;0;0;0m▄[0m  [38;2;0;0;0m▄[0m[38;2;164;164;205m[48;2;213;213;246m▀[0m[38;2;213;213;246m[48;2;213;213;246m▀[0m[38;2;213;213;246m[48;2;213;213;246m▀[0m[38;2;213;213;246m[48;2;164;164;205m▀[0m[38;2;164;164;205m[48;2;164;164;205m▀[0m[38;2;164;164;205m[48;2;164;164;205m▀[0m[38;2;106;57;49m[48;2;0;0;0m▀[0m    
           [38;2;0;0;0m▀[0m[38;2;172;82;49m[48;2;0;0;0m▀[0m[38;2;0;0;0m[48;2;98;82;74m▀[0m[38;2;255;213;90m[48;2;189;156;74m▀[0m[38;2;255;213;90m[48;2;255;213;90m▀[0m[38;2;255;213;90m[48;2;255;213;90m▀[0m[38;2;255;213;90m[48;2;189;156;74m▀[0m[38;2;98;82;74m[48;2;230;98;82m▀[0m[38;2;0;0;0m[48;2;230;98;82m▀[0m[38;2;230;98;82m[48;2;230;98;82m▀[0m[38;2;230;98;82m[48;2;172;82;49m▀[0m[38;2;172;82;49m[48;2;172;82;49m▀[0m[38;2;172;82;49m[48;2;172;82;49m▀[0m[38;2;164;164;205m[48;2;106;57;49m▀[0m[38;2;164;164;205m[48;2;0;0;0m▀[0m[38;2;0;0;0m▀[0m     
       [38;2;189;156;74m▄[0m[38;2;189;156;74m▄[0m[38;2;189;156;74m[48;2;255;230;148m▀[0m[38;2;189;156;74m[48;2;255;230;148m▀[0m[38;2;255;213;90m[48;2;255;213;90m▀[0m[38;2;255;213;90m[48;2;255;213;90m▀[0m[38;2;255;213;90m[48;2;255;213;90m▀[0m[38;2;255;213;90m[48;2;255;213;90m▀[0m[38;2;98;82;74m[48;2;255;213;90m▀[0m[38;2;98;82;74m[48;2;255;213;90m▀[0m[38;2;189;156;74m[48;2;131;106;74m▀[0m[38;2;172;82;49m[48;2;0;0;0m▀[0m[38;2;172;82;49m[48;2;172;82;49m▀[0m[38;2;172;82;49m[48;2;172;82;49m▀[0m[38;2;172;82;49m[48;2;0;0;0m▀[0m[38;2;172;82;49m[48;2;0;0;0m▀[0m[38;2;106;57;49m▀[0m[38;2;0;0;0m▀[0m       
     [38;2;131;106;74m▄[0m[38;2;131;106;74m[48;2;255;213;90m▀[0m[38;2;255;213;90m[48;2;255;213;90m▀[0m[38;2;255;230;148m[48;2;255;230;148m▀[0m[38;2;255;255;255m[48;2;255;255;255m▀[0m[38;2;255;255;255m[48;2;255;255;255m▀[0m[38;2;255;230;148m[48;2;255;230;148m▀[0m[38;2;255;213;90m[48;2;255;213;90m▀[0m[38;2;255;213;90m[48;2;255;213;90m▀[0m[38;2;255;213;90m[48;2;255;213;90m▀[0m[38;2;255;213;90m[48;2;255;213;90m▀[0m[38;2;255;213;90m[48;2;255;213;90m▀[0m[38;2;255;213;90m[48;2;255;213;90m▀[0m[38;2;255;213;90m[48;2;255;213;90m▀[0m[38;2;0;0;0m[48;2;255;213;90m▀[0m[38;2;0;0;0m[48;2;98;82;74m▀[0m           
 [38;2;98;82;74m▄[0m[38;2;98;82;74m▄[0m[38;2;98;82;74m▄[0m[38;2;189;156;74m[48;2;189;156;74m▀[0m[38;2;255;213;90m[48;2;255;213;90m▀[0m[38;2;255;213;90m[48;2;255;213;90m▀[0m[38;2;255;213;90m[48;2;255;213;90m▀[0m[38;2;255;213;90m[48;2;255;213;90m▀[0m[38;2;255;230;148m[48;2;255;213;90m▀[0m[38;2;255;230;148m[48;2;255;213;90m▀[0m[38;2;255;213;90m[48;2;255;213;90m▀[0m[38;2;255;213;90m[48;2;255;213;90m▀[0m[38;2;255;213;90m[48;2;255;213;90m▀[0m[38;2;255;213;90m[48;2;255;213;90m▀[0m[38;2;255;213;90m[48;2;255;213;90m▀[0m[38;2;255;213;90m[48;2;255;213;90m▀[0m[38;2;255;213;90m[48;2;255;213;90m▀[0m[38;2;255;213;90m[48;2;255;213;90m▀[0m[38;2;255;213;90m[48;2;255;213;90m▀[0m[38;2;189;156;74m[48;2;255;213;90m▀[0m[38;2;0;0;0m▄[0m          
[38;2;98;82;74m[48;2;98;82;74m▀[0m[38;2;189;156;74m[48;2;189;156;74m▀[0m[38;2;189;156;74m[48;2;189;156;74m▀[0m[38;2;98;82;74m[48;2;189;156;74m▀[0m[38;2;189;156;74m[48;2;255;213;90m▀[0m[38;2;255;213;90m[48;2;255;213;90m▀[0m[38;2;255;213;90m[48;2;255;213;90m▀[0m[38;2;255;213;90m[48;2;255;213;90m▀[0m[38;2;255;213;90m[48;2;255;213;90m▀[0m[38;2;255;213;90m[48;2;255;213;90m▀[0m[38;2;255;213;90m[48;2;255;213;90m▀[0m[38;2;255;213;90m[48;2;255;213;90m▀[0m[38;2;255;213;90m[48;2;255;213;90m▀[0m[38;2;255;213;90m[48;2;255;213;90m▀[0m[38;2;255;213;90m[48;2;255;213;90m▀[0m[38;2;255;213;90m[48;2;255;213;90m▀[0m[38;2;255;213;90m[48;2;255;213;90m▀[0m[38;2;255;213;90m[48;2;255;213;90m▀[0m[38;2;255;213;90m[48;2;255;213;90m▀[0m[38;2;255;213;90m[48;2;255;213;90m▀[0m[38;2;255;213;90m[48;2;255;213;90m▀[0m[38;2;0;0;0m[48;2;189;156;74m▀[0m[38;2;0;0;0m▄[0m         
 [38;2;0;0;0m▀[0m[38;2;189;156;74m[48;2;0;0;0m▀[0m[38;2;0;0;0m[48;2;0;0;0m▀[0m[38;2;189;156;74m[48;2;0;0;0m▀[0m[38;2;255;213;90m[48;2;255;213;90m▀[0m[38;2;98;82;74m[48;2;0;0;0m▀[0m[38;2;255;213;90m[48;2;255;213;90m▀[0m[38;2;255;213;90m[48;2;255;213;90m▀[0m[38;2;255;213;90m[48;2;255;213;90m▀[0m[38;2;255;213;90m[48;2;255;213;90m▀[0m[38;2;255;213;90m[48;2;255;213;90m▀[0m[38;2;255;213;90m[48;2;255;213;90m▀[0m[38;2;255;213;90m[48;2;255;213;90m▀[0m[38;2;255;213;90m[48;2;255;213;90m▀[0m[38;2;255;213;90m[48;2;255;213;90m▀[0m[38;2;255;213;90m[48;2;255;213;90m▀[0m[38;2;255;213;90m[48;2;255;213;90m▀[0m[38;2;255;213;90m[48;2;255;213;90m▀[0m[38;2;255;213;90m[48;2;255;213;90m▀[0m[38;2;189;156;74m[48;2;189;156;74m▀[0m[38;2;189;156;74m[48;2;189;156;74m▀[0m[38;2;0;0;0m[48;2;0;0;0m▀[0m         
   [38;2;0;0;0m[48;2;98;82;74m▀[0m[38;2;0;0;0m[48;2;189;156;74m▀[0m[38;2;255;213;90m[48;2;131;106;74m▀[0m[38;2;255;213;90m[48;2;255;213;90m▀[0m[38;2;255;213;90m[48;2;255;213;90m▀[0m[38;2;255;213;90m[48;2;255;213;90m▀[0m[38;2;255;213;90m[48;2;255;213;90m▀[0m[38;2;255;213;90m[48;2;255;213;90m▀[0m[38;2;255;213;90m[48;2;255;213;90m▀[0m[38;2;98;82;74m[48;2;0;0;0m▀[0m[38;2;255;213;90m[48;2;255;213;90m▀[0m[38;2;255;213;90m[48;2;255;213;90m▀[0m[38;2;255;213;90m[48;2;255;213;90m▀[0m[38;2;255;213;90m[48;2;255;213;90m▀[0m[38;2;255;213;90m[48;2;189;156;74m▀[0m[38;2;255;213;90m[48;2;189;156;74m▀[0m[38;2;189;156;74m[48;2;189;156;74m▀[0m[38;2;189;156;74m[48;2;98;82;74m▀[0m[38;2;189;156;74m[48;2;98;82;74m▀[0m[38;2;98;82;74m[48;2;189;156;74m▀[0m[38;2;98;82;74m▄[0m[38;2;0;0;0m▄[0m       
    [38;2;131;106;74m[48;2;98;82;74m▀[0m[38;2;189;156;74m[48;2;189;156;74m▀[0m[38;2;189;156;74m[48;2;189;156;74m▀[0m[38;2;131;106;74m[48;2;189;156;74m▀[0m[38;2;131;106;74m[48;2;189;156;74m▀[0m[38;2;255;213;90m[48;2;189;156;74m▀[0m[38;2;255;213;90m[48;2;131;106;74m▀[0m[38;2;255;213;90m[48;2;131;106;74m▀[0m[38;2;255;213;90m[48;2;98;82;74m▀[0m[38;2;255;213;90m[48;2;98;82;74m▀[0m[38;2;189;156;74m[48;2;0;0;0m▀[0m[38;2;0;0;0m[48;2;0;0;0m▀[0m[38;2;0;0;0m[48;2;0;0;0m▀[0m[38;2;131;106;74m[48;2;0;0;0m▀[0m[38;2;189;156;74m[48;2;189;156;74m▀[0m[38;2;189;156;74m[48;2;98;82;74m▀[0m[38;2;189;156;74m[48;2;189;156;74m▀[0m[38;2;189;156;74m[48;2;189;156;74m▀[0m[38;2;189;156;74m[48;2;189;156;74m▀[0m[38;2;189;156;74m[48;2;189;156;74m▀[0m[38;2;189;156;74m[48;2;189;156;74m▀[0m[38;2;0;0;0m[48;2;0;0;0m▀[0m      
     [38;2;98;82;74m[48;2;0;0;0m▀[0m[38;2;189;156;74m[48;2;0;0;0m▀[0m[38;2;189;156;74m[48;2;189;156;74m▀[0m[38;2;189;156;74m[48;2;189;156;74m▀[0m[38;2;189;156;74m[48;2;189;156;74m▀[0m[38;2;189;156;74m[48;2;189;156;74m▀[0m[38;2;189;156;74m[48;2;189;156;74m▀[0m[38;2;189;156;74m[48;2;189;156;74m▀[0m[38;2;189;156;74m[48;2;189;156;74m▀[0m[38;2;98;82;74m[48;2;189;156;74m▀[0m[38;2;0;0;0m[48;2;0;0;0m▀[0m[38;2;0;0;0m[48;2;0;0;0m▀[0m[38;2;0;0;0m[48;2;189;156;74m▀[0m[38;2;189;156;74m[48;2;189;156;74m▀[0m[38;2;189;156;74m[48;2;189;156;74m▀[0m[38;2;98;82;74m[48;2;0;0;0m▀[0m[38;2;98;82;74m▀[0m[38;2;0;0;0m▀[0m[38;2;0;0;0m▀[0m[38;2;0;0;0m▀[0m       
     [38;2;0;0;0m[48;2;0;0;0m▀[0m[38;2;189;156;74m[48;2;189;156;74m▀[0m[38;2;0;0;0m[48;2;189;156;74m▀[0m[38;2;98;82;74m[48;2;189;156;74m▀[0m[38;2;189;156;74m[48;2;0;0;0m▀[0m[38;2;189;156;74m[48;2;0;0;0m▀[0m[38;2;189;156;74m[48;2;131;106;74m▀[0m[38;2;189;156;74m[48;2;131;106;74m▀[0m[38;2;189;156;74m[48;2;131;106;74m▀[0m[38;2;189;156;74m[48;2;131;106;74m▀[0m[38;2;189;156;74m[48;2;131;106;74m▀[0m[38;2;189;156;74m[48;2;98;82;74m▀[0m[38;2;189;156;74m[48;2;0;0;0m▀[0m[38;2;0;0;0m[48;2;189;156;74m▀[0m[38;2;0;0;0m[48;2;0;0;0m▀[0m            
      [38;2;0;0;0m▀[0m[38;2;0;0;0m▀[0m[38;2;0;0;0m▀[0m   [38;2;0;0;0m▀[0m[38;2;0;0;0m▀[0m[38;2;0;0;0m▀[0m[38;2;98;82;74m[48;2;0;0;0m▀[0m[38;2;189;156;74m[48;2;189;156;74m▀[0m[38;2;189;156;74m[48;2;189;156;74m▀[0m[38;2;189;156;74m[48;2;0;0;0m▀[0m[38;2;0;0;0m▀[0m            
                [38;2;0;0;0m▀[0m[38;2;0;0;0m▀[0m              
[0m