            [38;2;106;82;49m[48;2;16;16;16m▀[0m[38;2;106;82;49m[48;2;255;238;189m▀[0m[38;2;106;82;49m[48;2;255;238;189m▀[0m[38;2;106;82;49m[48;2;255;238;189m▀[0m[38;2;106;82;49m▄[0m[38;2;106;82;49m▄[0m[38;2;106;82;49m▄[0m                                                  
             [38;2;16;16;16m▀[0m[38;2;172;148;90m[48;2;16;16;16m▀[0m[38;2;255;238;189m[48;2;172;148;90m▀[0m[38;2;255;238;189m[48;2;255;238;189m▀[0m[38;2;255;238;189m[48;2;255;238;189m▀[0m[38;2;172;148;90m[48;2;255;238;189m▀[0m[38;2;16;16;16m[48;2;255;213;115m▀[0m[38;2;106;82;49m[48;2;106;82;49m▀[0m[38;2;16;16;16m▄[0m                                               
              [38;2;16;16;16m▀[0m[38;2;255;213;115m[48;2;106;82;49m▀[0m[38;2;172;148;90m[48;2;172;148;90m▀[0m[38;2;255;238;189m[48;2;255;213;115m▀[0m[38;2;255;213;115m[48;2;255;213;115m▀[0m[38;2;255;213;115m[48;2;255;213;115m▀[0m[38;2;255;213;115m[48;2;255;213;115m▀[0m[38;2;255;213;115m[48;2;255;213;115m▀[0m[38;2;16;16;16m[48;2;255;213;115m▀[0m[38;2;16;16;16m▄[0m                                             
               [38;2;16;16;16m[48;2;16;16;16m▀[0m[38;2;255;213;115m[48;2;255;213;115m▀[0m[38;2;172;148;90m[48;2;172;148;90m▀[0m[38;2;255;213;115m[48;2;255;213;115m▀[0m[38;2;255;213;115m[48;2;255;213;115m▀[0m[38;2;255;213;115m[48;2;255;213;115m▀[0m[38;2;255;213;115m[48;2;255;213;115m▀[0m[38;2;255;213;115m[48;2;255;213;115m▀[0m[38;2;172;148;90m[48;2;255;213;115m▀[0m[38;2;16;16;16m[48;2;16;16;16m▀[0m                                            
                [38;2;106;82;49m[48;2;106;82;49m▀[0m[38;2;172;148;90m[48;2;255;213;115m▀[0m[38;2;255;213;115m[48;2;172;148;90m▀[0m[38;2;255;213;115m[48;2;255;213;115m▀[0m[38;2;255;213;115m[48;2;255;213;115m▀[0m[38;2;255;213;115m[48;2;255;213;115m▀[0m[38;2;255;213;115m[48;2;255;213;115m▀[0m[38;2;255;213;115m[48;2;255;213;115m▀[0m[38;2;255;213;115m[48;2;255;213;115m▀[0m[38;2;16;16;16m[48;2;16;16;16m▀[0m                                           
                [38;2;106;82;49m[48;2;106;82;49m▀[0m[38;2;255;213;115m[48;2;255;213;115m▀[0m[38;2;172;148;90m[48;2;172;148;90m▀[0m[38;2;255;213;115m[48;2;255;213;115m▀[0m[38;2;255;213;115m[48;2;255;213;115m▀[0m[38;2;255;213;115m[48;2;255;213;115m▀[0m[38;2;255;213;115m[48;2;255;213;115m▀[0m[38;2;255;213;115m[48;2;255;213;115m▀[0m[38;2;255;213;115m[48;2;255;213;115m▀[0m[38;2;255;213;115m[48;2;255;213;115m▀[0m[38;2;16;16;16m[48;2;16;16;16m▀[0m                                          
               [38;2;106;82;49m[48;2;16;16;16m▀[0m[38;2;172;148;90m[48;2;16;16;16m▀[0m[38;2;172;148;90m[48;2;172;148;90m▀[0m[38;2;172;148;90m[48;2;255;213;115m▀[0m[38;2;255;213;115m[48;2;255;213;115m▀[0m[38;2;255;213;115m[48;2;255;213;115m▀[0m[38;2;255;213;115m[48;2;255;213;115m▀[0m[38;2;255;213;115m[48;2;255;213;115m▀[0m[38;2;255;213;115m[48;2;255;213;115m▀[0m[38;2;255;213;115m[48;2;255;213;115m▀[0m[38;2;255;213;115m[48;2;255;213;115m▀[0m[38;2;172;148;90m[48;2;255;213;115m▀[0m[38;2;16;16;16m[48;2;16;16;16m▀[0m                                         
            [38;2;139;65;123m▄[0m[38;2;16;16;16m[48;2;213;139;205m▀[0m[38;2;197;90;156m[48;2;213;139;205m▀[0m[38;2;213;139;205m[48;2;213;139;205m▀[0m[38;2;213;139;205m[48;2;213;139;205m▀[0m[38;2;16;16;16m[48;2;197;90;156m▀[0m[38;2;255;213;115m[48;2;172;148;90m▀[0m[38;2;255;213;115m[48;2;255;213;115m▀[0m[38;2;255;213;115m[48;2;255;213;115m▀[0m[38;2;255;213;115m[48;2;255;213;115m▀[0m[38;2;255;213;115m[48;2;255;213;115m▀[0m[38;2;255;213;115m[48;2;255;213;115m▀[0m[38;2;255;213;115m[48;2;255;213;115m▀[0m[38;2;255;213;115m[48;2;255;213;115m▀[0m[38;2;255;213;115m[48;2;255;213;115m▀[0m[38;2;16;16;16m[48;2;16;16;16m▀[0m                                         
           [38;2;16;16;16m[48;2;16;16;16m▀[0m[38;2;213;139;205m[48;2;197;90;156m▀[0m[38;2;213;139;205m[48;2;213;139;205m▀[0m[38;2;213;139;205m[48;2;213;139;205m▀[0m[38;2;213;139;205m[48;2;197;90;156m▀[0m[38;2;197;90;156m[48;2;197;90;156m▀[0m[38;2;197;90;156m[48;2;197;90;156m▀[0m[38;2;16;16;16m[48;2;16;16;16m▀[0m[38;2;255;213;115m[48;2;255;213;115m▀[0m[38;2;255;213;115m[48;2;255;213;115m▀[0m[38;2;255;213;115m[48;2;255;213;115m▀[0m[38;2;255;213;115m[48;2;255;213;115m▀[0m[38;2;255;213;115m[48;2;255;213;115m▀[0m[38;2;255;213;115m[48;2;255;213;115m▀[0m[38;2;255;213;115m[48;2;255;213;115m▀[0m[38;2;255;213;115m[48;2;255;213;115m▀[0m[38;2;172;148;90m[48;2;255;213;115m▀[0m[38;2;16;16;16m[48;2;16;16;16m▀[0m                                        
          [38;2;16;16;16m[48;2;16;16;16m▀[0m[38;2;197;90;156m[48;2;197;90;156m▀[0m[38;2;197;90;156m[48;2;197;90;156m▀[0m[38;2;197;90;156m[48;2;197;90;156m▀[0m[38;2;197;90;156m[48;2;197;90;156m▀[0m[38;2;197;90;156m[48;2;139;65;123m▀[0m[38;2;197;90;156m[48;2;82;57;90m▀[0m[38;2;82;57;90m[48;2;255;213;115m▀[0m[38;2;172;148;90m[48;2;255;213;115m▀[0m[38;2;106;82;49m[48;2;16;16;16m▀[0m[38;2;255;213;115m[48;2;255;213;115m▀[0m[38;2;255;213;115m[48;2;255;213;115m▀[0m[38;2;255;213;115m[48;2;255;213;115m▀[0m[38;2;255;213;115m[48;2;255;213;115m▀[0m[38;2;255;213;115m[48;2;255;213;115m▀[0m[38;2;255;213;115m[48;2;255;213;115m▀[0m[38;2;255;213;115m[48;2;255;213;115m▀[0m[38;2;255;213;115m[48;2;255;213;115m▀[0m[38;2;16;16;16m[48;2;16;16;16m▀[0m                           [38;2;139;65;123m▄[0m[38;2;139;65;123m▄[0m[38;2;139;65;123m▄[0m[38;2;139;65;123m▄[0m[38;2;139;65;123m▄[0m[38;2;139;65;123m▄[0m[38;2;139;65;123m▄[0m      
      [38;2;106;82;49m▄[0m[38;2;106;82;49m▄[0m[38;2;106;82;49m▄[0m[38;2;106;82;49m[48;2;172;148;90m▀[0m[38;2;16;16;16m[48;2;106;82;49m▀[0m[38;2;139;65;123m[48;2;82;57;90m▀[0m[38;2;197;90;156m[48;2;82;57;90m▀[0m[38;2;139;65;123m[48;2;255;213;115m▀[0m[38;2;82;57;90m[48;2;255;213;115m▀[0m[38;2;255;213;115m[48;2;255;213;115m▀[0m[38;2;255;213;115m[48;2;82;57;90m▀[0m[38;2;255;213;115m[48;2;82;57;90m▀[0m[38;2;255;213;115m[48;2;197;90;156m▀[0m[38;2;16;16;16m[48;2;16;16;16m▀[0m[38;2;255;213;115m[48;2;255;213;115m▀[0m[38;2;255;213;115m[48;2;255;213;115m▀[0m[38;2;255;213;115m[48;2;255;213;115m▀[0m[38;2;255;213;115m[48;2;255;213;115m▀[0m[38;2;255;213;115m[48;2;255;213;115m▀[0m[38;2;255;213;115m[48;2;255;213;115m▀[0m[38;2;255;213;115m[48;2;255;213;115m▀[0m[38;2;255;213;115m[48;2;172;148;90m▀[0m[38;2;16;16;16m[48;2;16;16;16m▀[0m                     [38;2;139;65;123m▄[0m[38;2;139;65;123m▄[0m[38;2;139;65;123m[48;2;230;197;238m▀[0m[38;2;139;65;123m[48;2;230;197;238m▀[0m[38;2;139;65;123m[48;2;230;197;238m▀[0m[38;2;139;65;123m[48;2;230;197;238m▀[0m[38;2;230;197;238m[48;2;230;197;238m▀[0m[38;2;230;197;238m[48;2;230;197;238m▀[0m[38;2;230;197;238m[48;2;230;197;238m▀[0m[38;2;230;197;238m[48;2;230;197;238m▀[0m[38;2;230;197;238m[48;2;230;197;238m▀[0m[38;2;230;197;238m[48;2;230;197;238m▀[0m[38;2;230;197;238m[48;2;230;197;238m▀[0m[38;2;139;65;123m[48;2;230;197;238m▀[0m[38;2;139;65;123m[48;2;230;197;238m▀[0m[38;2;139;65;123m[48;2;230;197;238m▀[0m[38;2;139;65;123m▄[0m  
[38;2;106;82;49m▄[0m[38;2;106;82;49m[48;2;255;238;189m▀[0m[38;2;106;82;49m[48;2;255;238;189m▀[0m[38;2;106;82;49m[48;2;255;213;115m▀[0m[38;2;106;82;49m[48;2;255;213;115m▀[0m[38;2;172;148;90m[48;2;172;148;90m▀[0m[38;2;172;148;90m[48;2;172;148;90m▀[0m[38;2;172;148;90m[48;2;106;82;49m▀[0m[38;2;172;148;90m[48;2;172;148;90m▀[0m[38;2;16;16;16m[48;2;255;213;115m▀[0m[38;2;255;213;115m[48;2;255;213;115m▀[0m[38;2;255;213;115m[48;2;255;213;115m▀[0m[38;2;255;213;115m[48;2;255;213;115m▀[0m[38;2;255;213;115m[48;2;255;213;115m▀[0m[38;2;255;213;115m[48;2;197;90;156m▀[0m[38;2;82;57;90m[48;2;197;90;156m▀[0m[38;2;255;255;255m[48;2;82;57;90m▀[0m[38;2;82;57;90m[48;2;255;213;115m▀[0m[38;2;255;213;115m[48;2;255;213;115m▀[0m[38;2;16;16;16m[48;2;16;16;16m▀[0m[38;2;255;213;115m[48;2;255;238;189m▀[0m[38;2;255;213;115m[48;2;255;238;189m▀[0m[38;2;255;213;115m[48;2;255;213;115m▀[0m[38;2;255;213;115m[48;2;255;213;115m▀[0m[38;2;255;213;115m[48;2;255;213;115m▀[0m[38;2;255;213;115m[48;2;255;213;115m▀[0m[38;2;255;213;115m[48;2;255;213;115m▀[0m[38;2;16;16;16m[48;2;16;16;16m▀[0m                  [38;2;139;65;123m▄[0m[38;2;139;65;123m▄[0m[38;2;139;65;123m[48;2;230;197;238m▀[0m[38;2;139;65;123m[48;2;230;197;238m▀[0m[38;2;230;197;238m[48;2;230;197;238m▀[0m[38;2;230;197;238m[48;2;213;139;205m▀[0m[38;2;230;197;238m[48;2;213;139;205m▀[0m[38;2;230;197;238m[48;2;213;139;205m▀[0m[38;2;230;197;238m[48;2;213;139;205m▀[0m[38;2;213;139;205m[48;2;213;139;205m▀[0m[38;2;213;139;205m[48;2;213;139;205m▀[0m[38;2;213;139;205m[48;2;213;139;205m▀[0m[38;2;213;139;205m[48;2;213;139;205m▀[0m[38;2;213;139;205m[48;2;213;139;205m▀[0m[38;2;230;197;238m[48;2;213;139;205m▀[0m[38;2;230;197;238m[48;2;213;139;205m▀[0m[38;2;230;197;238m[48;2;230;197;238m▀[0m[38;2;230;197;238m[48;2;230;197;238m▀[0m[38;2;230;197;238m[48;2;230;197;238m▀[0m[38;2;230;197;238m[48;2;230;197;238m▀[0m[38;2;230;197;238m[48;2;230;197;238m▀[0m[38;2;139;65;123m[48;2;139;65;123m▀[0m 
 [38;2;16;16;16m▀[0m[38;2;255;213;115m[48;2;16;16;16m▀[0m[38;2;255;213;115m[48;2;16;16;16m▀[0m[38;2;172;148;90m[48;2;172;148;90m▀[0m[38;2;172;148;90m[48;2;172;148;90m▀[0m[38;2;16;16;16m[48;2;172;148;90m▀[0m[38;2;255;213;115m[48;2;16;16;16m▀[0m[38;2;255;213;115m[48;2;16;16;16m▀[0m[38;2;255;213;115m[48;2;106;82;49m▀[0m[38;2;255;213;115m[48;2;172;148;90m▀[0m[38;2;255;213;115m[48;2;255;213;115m▀[0m[38;2;255;213;115m[48;2;255;213;115m▀[0m[38;2;255;213;115m[48;2;255;213;115m▀[0m[38;2;255;213;115m[48;2;255;213;115m▀[0m[38;2;255;213;115m[48;2;131;148;246m▀[0m[38;2;255;213;115m[48;2;82;106;180m▀[0m[38;2;131;148;246m[48;2;82;106;180m▀[0m[38;2;106;82;49m[48;2;16;16;16m▀[0m[38;2;106;82;49m[48;2;255;238;189m▀[0m[38;2;255;238;189m[48;2;255;238;189m▀[0m[38;2;255;238;189m[48;2;255;238;189m▀[0m[38;2;255;238;189m[48;2;255;238;189m▀[0m[38;2;255;213;115m[48;2;255;213;115m▀[0m[38;2;255;213;115m[48;2;255;213;115m▀[0m[38;2;255;213;115m[48;2;255;213;115m▀[0m[38;2;172;148;90m[48;2;16;16;16m▀[0m[38;2;16;16;16m▀[0m               [38;2;139;65;123m▄[0m[38;2;139;65;123m[48;2;197;90;156m▀[0m[38;2;139;65;123m[48;2;230;197;238m▀[0m[38;2;230;197;238m[48;2;213;139;205m▀[0m[38;2;230;197;238m[48;2;213;139;205m▀[0m[38;2;213;139;205m[48;2;213;139;205m▀[0m[38;2;213;139;205m[48;2;213;139;205m▀[0m[38;2;213;139;205m[48;2;213;139;205m▀[0m[38;2;213;139;205m[48;2;213;139;205m▀[0m[38;2;213;139;205m[48;2;213;139;205m▀[0m[38;2;213;139;205m[48;2;213;139;205m▀[0m[38;2;213;139;205m[48;2;213;139;205m▀[0m[38;2;213;139;205m[48;2;213;139;205m▀[0m[38;2;213;139;205m[48;2;213;139;205m▀[0m[38;2;213;139;205m[48;2;213;139;205m▀[0m[38;2;213;139;205m[48;2;213;139;205m▀[0m[38;2;213;139;205m[48;2;213;139;205m▀[0m[38;2;213;139;205m[48;2;213;139;205m▀[0m[38;2;213;139;205m[48;2;213;139;205m▀[0m[38;2;213;139;205m[48;2;213;139;205m▀[0m[38;2;230;197;238m[48;2;230;197;238m▀[0m[38;2;230;197;238m[48;2;230;197;238m▀[0m[38;2;230;197;238m[48;2;230;197;238m▀[0m[38;2;230;197;238m[48;2;230;197;238m▀[0m[38;2;230;197;238m[48;2;230;197;238m▀[0m[38;2;139;65;123m[48;2;139;65;123m▀[0m
    [38;2;16;16;16m▀[0m[38;2;16;16;16m▀[0m[38;2;172;148;90m[48;2;16;16;16m▀[0m[38;2;172;148;90m[48;2;16;16;16m▀[0m[38;2;172;148;90m[48;2;16;16;16m▀[0m[38;2;172;148;90m[48;2;106;82;49m▀[0m[38;2;16;16;16m▀[0m[38;2;16;16;16m▀[0m[38;2;106;82;49m▀[0m[38;2;172;148;90m[48;2;106;82;49m▀[0m[38;2;172;148;90m[48;2;106;82;49m▀[0m[38;2;172;148;90m[48;2;106;82;49m▀[0m[38;2;172;148;90m[48;2;172;148;90m▀[0m[38;2;172;148;90m[48;2;106;82;49m▀[0m[38;2;16;16;16m[48;2;172;148;90m▀[0m[38;2;255;238;189m[48;2;255;238;189m▀[0m[38;2;255;238;189m[48;2;255;238;189m▀[0m[38;2;255;238;189m[48;2;255;238;189m▀[0m[38;2;255;238;189m[48;2;255;213;115m▀[0m[38;2;255;213;115m[48;2;255;213;115m▀[0m[38;2;255;213;115m[48;2;255;213;115m▀[0m[38;2;255;213;115m[48;2;16;16;16m▀[0m[38;2;16;16;16m▀[0m              [38;2;139;65;123m▄[0m[38;2;139;65;123m[48;2;230;197;238m▀[0m[38;2;230;197;238m[48;2;213;139;205m▀[0m[38;2;213;139;205m[48;2;213;139;205m▀[0m[38;2;213;139;205m[48;2;213;139;205m▀[0m[38;2;213;139;205m[48;2;197;90;156m▀[0m[38;2;213;139;205m[48;2;197;90;156m▀[0m[38;2;213;139;205m[48;2;197;90;156m▀[0m[38;2;213;139;205m[48;2;197;90;156m▀[0m[38;2;197;90;156m[48;2;197;90;156m▀[0m[38;2;197;90;156m[48;2;197;90;156m▀[0m[38;2;197;90;156m[48;2;197;90;156m▀[0m[38;2;197;90;156m[48;2;197;90;156m▀[0m[38;2;197;90;156m[48;2;197;90;156m▀[0m[38;2;197;90;156m[48;2;197;90;156m▀[0m[38;2;213;139;205m[48;2;197;90;156m▀[0m[38;2;213;139;205m[48;2;197;90;156m▀[0m[38;2;213;139;205m[48;2;213;139;205m▀[0m[38;2;213;139;205m[48;2;213;139;205m▀[0m[38;2;213;139;205m[48;2;213;139;205m▀[0m[38;2;213;139;205m[48;2;213;139;205m▀[0m[38;2;213;139;205m[48;2;213;139;205m▀[0m[38;2;213;139;205m[48;2;213;139;205m▀[0m[38;2;230;197;238m[48;2;230;197;238m▀[0m[38;2;230;197;238m[48;2;230;197;238m▀[0m[38;2;230;197;238m[48;2;230;197;238m▀[0m[38;2;230;197;238m[48;2;230;197;238m▀[0m[38;2;139;65;123m[48;2;139;65;123m▀[0m
               [38;2;16;16;16m▄[0m[38;2;106;82;49m[48;2;16;16;16m▀[0m[38;2;16;16;16m[48;2;255;238;189m▀[0m[38;2;255;238;189m[48;2;255;238;189m▀[0m[38;2;255;238;189m[48;2;255;238;189m▀[0m[38;2;255;238;189m[48;2;255;238;189m▀[0m[38;2;255;238;189m[48;2;255;213;115m▀[0m[38;2;255;213;115m[48;2;16;16;16m▀[0m[38;2;172;148;90m[48;2;16;16;16m▀[0m[38;2;16;16;16m▀[0m              [38;2;139;65;123m▄[0m[38;2;139;65;123m[48;2;213;139;205m▀[0m[38;2;213;139;205m[48;2;213;139;205m▀[0m[38;2;213;139;205m[48;2;197;90;156m▀[0m[38;2;213;139;205m[48;2;197;90;156m▀[0m[38;2;197;90;156m[48;2;197;90;156m▀[0m[38;2;197;90;156m[48;2;197;90;156m▀[0m[38;2;197;90;156m[48;2;197;90;156m▀[0m[38;2;197;90;156m[48;2;197;90;156m▀[0m[38;2;197;90;156m[48;2;197;90;156m▀[0m[38;2;197;90;156m[48;2;197;90;156m▀[0m[38;2;197;90;156m[48;2;197;90;156m▀[0m[38;2;197;90;156m[48;2;197;90;156m▀[0m[38;2;197;90;156m[48;2;197;90;156m▀[0m[38;2;197;90;156m[48;2;197;90;156m▀[0m[38;2;197;90;156m[48;2;197;90;156m▀[0m[38;2;197;90;156m[48;2;197;90;156m▀[0m[38;2;197;90;156m[48;2;197;90;156m▀[0m[38;2;197;90;156m[48;2;197;90;156m▀[0m[38;2;213;139;205m[48;2;197;90;156m▀[0m[38;2;213;139;205m[48;2;213;139;205m▀[0m[38;2;213;139;205m[48;2;213;139;205m▀[0m[38;2;213;139;205m[48;2;213;139;205m▀[0m[38;2;213;139;205m[48;2;213;139;205m▀[0m[38;2;213;139;205m[48;2;213;139;205m▀[0m[38;2;230;197;238m[48;2;230;197;238m▀[0m[38;2;230;197;238m[48;2;230;197;238m▀[0m[38;2;230;197;238m[48;2;230;197;238m▀[0m[38;2;230;197;238m[48;2;139;65;123m▀[0m[38;2;139;65;123m▀[0m
              [38;2;16;16;16m▀[0m[38;2;255;238;189m[48;2;16;16;16m▀[0m[38;2;255;238;189m[48;2;16;16;16m▀[0m[38;2;255;238;189m[48;2;16;16;16m▀[0m[38;2;255;238;189m[48;2;16;16;16m▀[0m[38;2;106;82;49m[48;2;106;82;49m▀[0m[38;2;16;16;16m[48;2;172;148;90m▀[0m[38;2;16;16;16m[48;2;82;106;180m▀[0m[38;2;82;106;180m[48;2;82;106;180m▀[0m[38;2;57;65;123m[48;2;57;65;123m▀[0m             [38;2;139;65;123m▄[0m[38;2;139;65;123m[48;2;213;139;205m▀[0m[38;2;213;139;205m[48;2;197;90;156m▀[0m[38;2;213;139;205m[48;2;197;90;156m▀[0m[38;2;197;90;156m[48;2;197;90;156m▀[0m[38;2;197;90;156m[48;2;197;90;156m▀[0m[38;2;197;90;156m[48;2;197;90;156m▀[0m[38;2;197;90;156m[48;2;197;90;156m▀[0m[38;2;197;90;156m[48;2;82;57;90m▀[0m[38;2;197;90;156m[48;2;82;57;90m▀[0m[38;2;197;90;156m[48;2;82;57;90m▀[0m[38;2;82;57;90m▀[0m[38;2;82;57;90m▀[0m[38;2;82;57;90m▀[0m[38;2;82;57;90m▀[0m[38;2;197;90;156m[48;2;82;57;90m▀[0m[38;2;197;90;156m[48;2;197;90;156m▀[0m[38;2;197;90;156m[48;2;197;90;156m▀[0m[38;2;197;90;156m[48;2;197;90;156m▀[0m[38;2;197;90;156m[48;2;197;90;156m▀[0m[38;2;197;90;156m[48;2;197;90;156m▀[0m[38;2;197;90;156m[48;2;197;90;156m▀[0m[38;2;213;139;205m[48;2;213;139;205m▀[0m[38;2;213;139;205m[48;2;213;139;205m▀[0m[38;2;213;139;205m[48;2;213;139;205m▀[0m[38;2;213;139;205m[48;2;213;139;205m▀[0m[38;2;213;139;205m[48;2;230;197;238m▀[0m[38;2;230;197;238m[48;2;230;197;238m▀[0m[38;2;230;197;238m[48;2;230;197;238m▀[0m[38;2;230;197;238m[48;2;230;197;238m▀[0m[38;2;139;65;123m[48;2;139;65;123m▀[0m 
                  [38;2;106;82;49m[48;2;106;82;49m▀[0m[38;2;172;148;90m[48;2;172;148;90m▀[0m[38;2;172;148;90m[48;2;172;148;90m▀[0m[38;2;82;106;180m[48;2;172;148;90m▀[0m[38;2;82;106;180m[48;2;82;106;180m▀[0m[38;2;82;106;180m[48;2;82;106;180m▀[0m[38;2;57;65;123m▄[0m          [38;2;139;65;123m▄[0m[38;2;139;65;123m[48;2;213;139;205m▀[0m[38;2;213;139;205m[48;2;197;90;156m▀[0m[38;2;197;90;156m[48;2;197;90;156m▀[0m[38;2;197;90;156m[48;2;197;90;156m▀[0m[38;2;197;90;156m[48;2;197;90;156m▀[0m[38;2;197;90;156m[48;2;82;57;90m▀[0m[38;2;197;90;156m[48;2;82;57;90m▀[0m[38;2;82;57;90m▀[0m[38;2;82;57;90m▀[0m        [38;2;82;57;90m[48;2;82;57;90m▀[0m[38;2;197;90;156m[48;2;197;90;156m▀[0m[38;2;197;90;156m[48;2;197;90;156m▀[0m[38;2;197;90;156m[48;2;197;90;156m▀[0m[38;2;197;90;156m[48;2;197;90;156m▀[0m[38;2;197;90;156m[48;2;197;90;156m▀[0m[38;2;213;139;205m[48;2;213;139;205m▀[0m[38;2;213;139;205m[48;2;213;139;205m▀[0m[38;2;213;139;205m[48;2;213;139;205m▀[0m[38;2;213;139;205m[48;2;213;139;205m▀[0m[38;2;230;197;238m[48;2;230;197;238m▀[0m[38;2;230;197;238m[48;2;230;197;238m▀[0m[38;2;230;197;238m[48;2;230;197;238m▀[0m[38;2;139;65;123m[48;2;139;65;123m▀[0m  
                  [38;2;106;82;49m[48;2;106;82;49m▀[0m[38;2;255;213;115m[48;2;255;213;115m▀[0m[38;2;172;148;90m[48;2;255;213;115m▀[0m[38;2;172;148;90m[48;2;255;213;115m▀[0m[38;2;82;106;180m[48;2;131;148;246m▀[0m[38;2;131;148;246m[48;2;131;148;246m▀[0m[38;2;57;65;123m[48;2;57;65;123m▀[0m         [38;2;139;65;123m▄[0m[38;2;139;65;123m[48;2;213;139;205m▀[0m[38;2;197;90;156m[48;2;197;90;156m▀[0m[38;2;197;90;156m[48;2;197;90;156m▀[0m[38;2;197;90;156m[48;2;82;57;90m▀[0m[38;2;197;90;156m▀[0m[38;2;82;57;90m▀[0m            [38;2;82;57;90m[48;2;82;57;90m▀[0m[38;2;197;90;156m[48;2;197;90;156m▀[0m[38;2;197;90;156m[48;2;197;90;156m▀[0m[38;2;197;90;156m[48;2;197;90;156m▀[0m[38;2;197;90;156m[48;2;197;90;156m▀[0m[38;2;213;139;205m[48;2;213;139;205m▀[0m[38;2;213;139;205m[48;2;213;139;205m▀[0m[38;2;213;139;205m[48;2;213;139;205m▀[0m[38;2;213;139;205m[48;2;213;139;205m▀[0m[38;2;230;197;238m[48;2;230;197;238m▀[0m[38;2;230;197;238m[48;2;230;197;238m▀[0m[38;2;230;197;238m[48;2;213;139;205m▀[0m[38;2;139;65;123m[48;2;139;65;123m▀[0m   
                  [38;2;106;82;49m[48;2;106;82;49m▀[0m[38;2;255;213;115m[48;2;255;213;115m▀[0m[38;2;255;213;115m[48;2;255;213;115m▀[0m[38;2;255;213;115m[48;2;255;213;115m▀[0m[38;2;131;148;246m[48;2;131;148;246m▀[0m[38;2;131;148;246m[48;2;131;148;246m▀[0m[38;2;131;148;246m[48;2;131;148;246m▀[0m[38;2;57;65;123m[48;2;57;65;123m▀[0m       [38;2;139;65;123m[48;2;139;65;123m▀[0m[38;2;213;139;205m[48;2;197;90;156m▀[0m[38;2;197;90;156m[48;2;197;90;156m▀[0m[38;2;197;90;156m[48;2;82;57;90m▀[0m[38;2;82;57;90m▀[0m              [38;2;82;57;90m[48;2;82;57;90m▀[0m[38;2;197;90;156m[48;2;197;90;156m▀[0m[38;2;197;90;156m[48;2;197;90;156m▀[0m[38;2;197;90;156m[48;2;197;90;156m▀[0m[38;2;197;90;156m[48;2;197;90;156m▀[0m[38;2;197;90;156m[48;2;213;139;205m▀[0m[38;2;213;139;205m[48;2;213;139;205m▀[0m[38;2;213;139;205m[48;2;213;139;205m▀[0m[38;2;213;139;205m[48;2;213;139;205m▀[0m[38;2;230;197;238m[48;2;230;197;238m▀[0m[38;2;230;197;238m[48;2;230;197;238m▀[0m[38;2;230;197;238m[48;2;82;57;90m▀[0m[38;2;82;57;90m▀[0m    
                 [38;2;106;82;49m[48;2;106;82;49m▀[0m[38;2;255;213;115m[48;2;255;213;115m▀[0m[38;2;255;213;115m[48;2;255;213;115m▀[0m[38;2;255;213;115m[48;2;255;213;115m▀[0m[38;2;197;180;180m[48;2;131;148;246m▀[0m[38;2;131;148;246m[48;2;131;148;246m▀[0m[38;2;131;148;246m[48;2;131;148;246m▀[0m[38;2;131;148;246m[48;2;131;148;246m▀[0m[38;2;131;148;246m[48;2;131;148;246m▀[0m[38;2;16;16;16m[48;2;57;65;123m▀[0m    [38;2;139;65;123m▄[0m[38;2;139;65;123m[48;2;139;65;123m▀[0m[38;2;213;139;205m[48;2;197;90;156m▀[0m[38;2;197;90;156m[48;2;82;57;90m▀[0m[38;2;82;57;90m▀[0m               [38;2;82;57;90m[48;2;82;57;90m▀[0m[38;2;197;90;156m[48;2;197;90;156m▀[0m[38;2;197;90;156m[48;2;197;90;156m▀[0m[38;2;197;90;156m[48;2;197;90;156m▀[0m[38;2;197;90;156m[48;2;197;90;156m▀[0m[38;2;197;90;156m[48;2;213;139;205m▀[0m[38;2;213;139;205m[48;2;213;139;205m▀[0m[38;2;213;139;205m[48;2;213;139;205m▀[0m[38;2;213;139;205m[48;2;230;197;238m▀[0m[38;2;230;197;238m[48;2;230;197;238m▀[0m[38;2;230;197;238m[48;2;82;57;90m▀[0m[38;2;82;57;90m▀[0m      
                [38;2;106;82;49m▄[0m[38;2;106;82;49m[48;2;255;213;115m▀[0m[38;2;255;213;115m[48;2;255;213;115m▀[0m[38;2;255;213;115m[48;2;255;213;115m▀[0m[38;2;255;213;115m[48;2;255;213;115m▀[0m[38;2;131;148;246m[48;2;131;148;246m▀[0m[38;2;131;148;246m[48;2;131;148;246m▀[0m[38;2;131;148;246m[48;2;131;148;246m▀[0m[38;2;131;148;246m[48;2;131;148;246m▀[0m[38;2;131;148;246m[48;2;131;148;246m▀[0m[38;2;131;148;246m[48;2;131;148;246m▀[0m[38;2;16;16;16m[48;2;57;65;123m▀[0m   [38;2;139;65;123m[48;2;139;65;123m▀[0m[38;2;197;90;156m[48;2;82;57;90m▀[0m[38;2;82;57;90m▀[0m               [38;2;82;57;90m▄[0m[38;2;82;57;90m[48;2;197;90;156m▀[0m[38;2;197;90;156m[48;2;197;90;156m▀[0m[38;2;197;90;156m[48;2;197;90;156m▀[0m[38;2;197;90;156m[48;2;197;90;156m▀[0m[38;2;197;90;156m[48;2;213;139;205m▀[0m[38;2;213;139;205m[48;2;213;139;205m▀[0m[38;2;213;139;205m[48;2;213;139;205m▀[0m[38;2;213;139;205m[48;2;230;197;238m▀[0m[38;2;230;197;238m[48;2;230;197;238m▀[0m[38;2;230;197;238m[48;2;82;57;90m▀[0m[38;2;82;57;90m▀[0m        
                [38;2;106;82;49m[48;2;106;82;49m▀[0m[38;2;255;213;115m[48;2;255;213;115m▀[0m[38;2;255;213;115m[48;2;255;213;115m▀[0m[38;2;255;213;115m[48;2;255;213;115m▀[0m[38;2;197;180;180m[48;2;131;148;246m▀[0m[38;2;131;148;246m[48;2;131;148;246m▀[0m[38;2;131;148;246m[48;2;131;148;246m▀[0m[38;2;131;148;246m[48;2;131;148;246m▀[0m[38;2;131;148;246m[48;2;131;148;246m▀[0m[38;2;131;148;246m[48;2;131;148;246m▀[0m[38;2;131;148;246m[48;2;131;148;246m▀[0m[38;2;131;148;246m[48;2;131;148;246m▀[0m[38;2;16;16;16m[48;2;131;148;246m▀[0m[38;2;16;16;16m▄[0m[38;2;139;65;123m[48;2;139;65;123m▀[0m[38;2;139;65;123m[48;2;82;57;90m▀[0m[38;2;82;57;90m▀[0m              [38;2;82;57;90m▄[0m[38;2;82;57;90m[48;2;197;90;156m▀[0m[38;2;197;90;156m[48;2;197;90;156m▀[0m[38;2;197;90;156m[48;2;197;90;156m▀[0m[38;2;197;90;156m[48;2;197;90;156m▀[0m[38;2;197;90;156m[48;2;213;139;205m▀[0m[38;2;213;139;205m[48;2;213;139;205m▀[0m[38;2;213;139;205m[48;2;213;139;205m▀[0m[38;2;213;139;205m[48;2;230;197;238m▀[0m[38;2;230;197;238m[48;2;82;57;90m▀[0m[38;2;139;65;123m[48;2;16;16;16m▀[0m[38;2;82;57;90m▀[0m          
               [38;2;106;82;49m[48;2;16;16;16m▀[0m[38;2;255;213;115m[48;2;16;16;16m▀[0m[38;2;255;213;115m[48;2;172;148;90m▀[0m[38;2;255;213;115m[48;2;82;57;90m▀[0m[38;2;255;213;115m[48;2;82;57;90m▀[0m[38;2;131;148;246m[48;2;131;148;246m▀[0m[38;2;131;148;246m[48;2;131;148;246m▀[0m[38;2;131;148;246m[48;2;131;148;246m▀[0m[38;2;131;148;246m[48;2;131;148;246m▀[0m[38;2;131;148;246m[48;2;131;148;246m▀[0m[38;2;131;148;246m[48;2;131;148;246m▀[0m[38;2;131;148;246m[48;2;131;148;246m▀[0m[38;2;131;148;246m[48;2;131;148;246m▀[0m[38;2;131;148;246m[48;2;131;148;246m▀[0m[38;2;131;148;246m[48;2;131;148;246m▀[0m[38;2;57;65;123m[48;2;131;148;246m▀[0m[38;2;16;16;16m[48;2;131;148;246m▀[0m[38;2;16;16;16m[48;2;131;148;246m▀[0m[38;2;57;65;123m▄[0m[38;2;16;16;16m▄[0m[38;2;16;16;16m▄[0m        [38;2;16;16;16m▄[0m[38;2;197;90;156m▄[0m[38;2;16;16;16m[48;2;197;90;156m▀[0m[38;2;197;90;156m[48;2;197;90;156m▀[0m[38;2;197;90;156m[48;2;213;139;205m▀[0m[38;2;197;90;156m[48;2;213;139;205m▀[0m[38;2;213;139;205m[48;2;213;139;205m▀[0m[38;2;213;139;205m[48;2;230;197;238m▀[0m[38;2;213;139;205m[48;2;82;57;90m▀[0m[38;2;230;197;238m[48;2;16;16;16m▀[0m[38;2;82;57;90m▀[0m[38;2;16;16;16m▀[0m             
             [38;2;16;16;16m▄[0m[38;2;16;16;16m[48;2;213;139;205m▀[0m[38;2;213;139;205m[48;2;139;65;123m▀[0m[38;2;139;65;123m[48;2;213;139;205m▀[0m[38;2;82;57;90m[48;2;82;57;90m▀[0m[38;2;213;139;205m[48;2;139;65;123m▀[0m[38;2;139;65;123m[48;2;213;139;205m▀[0m[38;2;82;57;90m[48;2;139;65;123m▀[0m[38;2;82;57;90m[48;2;213;139;205m▀[0m[38;2;131;148;246m[48;2;82;57;90m▀[0m[38;2;131;148;246m[48;2;131;148;246m▀[0m[38;2;131;148;246m[48;2;131;148;246m▀[0m[38;2;131;148;246m[48;2;131;148;246m▀[0m[38;2;131;148;246m[48;2;131;148;246m▀[0m[38;2;131;148;246m[48;2;131;148;246m▀[0m[38;2;131;148;246m[48;2;131;148;246m▀[0m[38;2;131;148;246m[48;2;131;148;246m▀[0m[38;2;131;148;246m[48;2;131;148;246m▀[0m[38;2;131;148;246m[48;2;131;148;246m▀[0m[38;2;131;148;246m[48;2;131;148;246m▀[0m[38;2;131;148;246m[48;2;131;148;246m▀[0m[38;2;131;148;246m[48;2;131;148;246m▀[0m[38;2;82;106;180m[48;2;131;148;246m▀[0m[38;2;57;65;123m[48;2;131;148;246m▀[0m[38;2;16;16;16m[48;2;131;148;246m▀[0m[38;2;57;65;123m▄[0m[38;2;16;16;16m▄[0m[38;2;16;16;16m▄[0m[38;2;197;90;156m▄[0m[38;2;16;16;16m[48;2;197;90;156m▀[0m[38;2;197;90;156m[48;2;197;90;156m▀[0m[38;2;197;90;156m[48;2;213;139;205m▀[0m[38;2;197;90;156m[48;2;213;139;205m▀[0m[38;2;213;139;205m[48;2;16;16;16m▀[0m[38;2;213;139;205m[48;2;16;16;16m▀[0m[38;2;230;197;238m[48;2;16;16;16m▀[0m[38;2;82;57;90m▀[0m[38;2;16;16;16m▀[0m[38;2;16;16;16m▀[0m                 
            [38;2;16;16;16m▄[0m[38;2;16;16;16m[48;2;197;90;156m▀[0m[38;2;213;139;205m[48;2;197;90;156m▀[0m[38;2;213;139;205m[48;2;213;139;205m▀[0m[38;2;82;57;90m[48;2;82;57;90m▀[0m[38;2;82;57;90m[48;2;172;148;90m▀[0m[38;2;213;139;205m[48;2;82;57;90m▀[0m[38;2;213;139;205m[48;2;213;139;205m▀[0m[38;2;213;139;205m[48;2;213;139;205m▀[0m[38;2;213;139;205m[48;2;213;139;205m▀[0m[38;2;213;139;205m[48;2;213;139;205m▀[0m[38;2;16;16;16m[48;2;197;90;156m▀[0m[38;2;131;148;246m[48;2;16;16;16m▀[0m[38;2;131;148;246m[48;2;131;148;246m▀[0m[38;2;131;148;246m[48;2;131;148;246m▀[0m[38;2;131;148;246m[48;2;131;148;246m▀[0m[38;2;131;148;246m[48;2;131;148;246m▀[0m[38;2;131;148;246m[48;2;131;148;246m▀[0m[38;2;131;148;246m[48;2;131;148;246m▀[0m[38;2;131;148;246m[48;2;131;148;246m▀[0m[38;2;131;148;246m[48;2;131;148;246m▀[0m[38;2;131;148;246m[48;2;131;148;246m▀[0m[38;2;131;148;246m[48;2;131;148;246m▀[0m[38;2;131;148;246m[48;2;131;148;246m▀[0m[38;2;82;57;90m[48;2;131;148;246m▀[0m[38;2;82;57;90m[48;2;82;57;90m▀[0m[38;2;82;57;90m[48;2;139;65;123m▀[0m[38;2;82;57;90m[48;2;139;65;123m▀[0m[38;2;197;90;156m[48;2;16;16;16m▀[0m[38;2;197;90;156m[48;2;16;16;16m▀[0m[38;2;213;139;205m[48;2;16;16;16m▀[0m[38;2;16;16;16m[48;2;131;148;246m▀[0m[38;2;16;16;16m[48;2;131;148;246m▀[0m[38;2;57;65;123m[48;2;82;106;180m▀[0m[38;2;57;65;123m▄[0m[38;2;57;65;123m▄[0m                     
            [38;2;16;16;16m[48;2;16;16;16m▀[0m[38;2;139;65;123m[48;2;139;65;123m▀[0m[38;2;197;90;156m[48;2;139;65;123m▀[0m[38;2;197;90;156m[48;2;139;65;123m▀[0m[38;2;82;57;90m[48;2;172;148;90m▀[0m[38;2;172;148;90m[48;2;255;213;115m▀[0m[38;2;82;57;90m[48;2;172;148;90m▀[0m[38;2;213;139;205m[48;2;16;16;16m▀[0m[38;2;213;139;205m[48;2;213;139;205m▀[0m[38;2;213;139;205m[48;2;213;139;205m▀[0m[38;2;213;139;205m[48;2;197;90;156m▀[0m[38;2;197;90;156m[48;2;197;90;156m▀[0m[38;2;197;90;156m[48;2;197;90;156m▀[0m[38;2;16;16;16m[48;2;82;57;90m▀[0m[38;2;131;148;246m[48;2;82;57;90m▀[0m[38;2;131;148;246m[48;2;131;148;246m▀[0m[38;2;131;148;246m[48;2;131;148;246m▀[0m[38;2;131;148;246m[48;2;131;148;246m▀[0m[38;2;131;148;246m[48;2;131;148;246m▀[0m[38;2;131;148;246m[48;2;131;148;246m▀[0m[38;2;131;148;246m[48;2;131;148;246m▀[0m[38;2;131;148;246m[48;2;131;148;246m▀[0m[38;2;131;148;246m[48;2;131;148;246m▀[0m[38;2;131;148;246m[48;2;131;148;246m▀[0m[38;2;131;148;246m[48;2;131;148;246m▀[0m[38;2;131;148;246m[48;2;131;148;246m▀[0m[38;2;82;57;90m[48;2;131;148;246m▀[0m[38;2;139;65;123m[48;2;131;148;246m▀[0m[38;2;139;65;123m[48;2;82;57;90m▀[0m[38;2;139;65;123m[48;2;139;65;123m▀[0m[38;2;131;148;246m[48;2;82;57;90m▀[0m[38;2;131;148;246m[48;2;82;57;90m▀[0m[38;2;131;148;246m[48;2;131;148;246m▀[0m[38;2;131;148;246m[48;2;82;106;180m▀[0m[38;2;82;106;180m[48;2;82;106;180m▀[0m[38;2;82;106;180m[48;2;82;106;180m▀[0m[38;2;57;65;123m[48;2;82;106;180m▀[0m[38;2;57;65;123m[48;2;82;106;180m▀[0m[38;2;57;65;123m[48;2;82;106;180m▀[0m[38;2;57;65;123m▄[0m[38;2;57;65;123m▄[0m[38;2;57;65;123m▄[0m               
           [38;2;82;57;90m▄[0m[38;2;82;57;90m[48;2;139;65;123m▀[0m[38;2;139;65;123m[48;2;16;16;16m▀[0m[38;2;139;65;123m[48;2;139;65;123m▀[0m[38;2;16;16;16m[48;2;16;16;16m▀[0m[38;2;255;213;115m[48;2;255;213;115m▀[0m[38;2;255;213;115m[48;2;255;213;115m▀[0m[38;2;255;213;115m[48;2;255;213;115m▀[0m[38;2;16;16;16m[48;2;255;213;115m▀[0m[38;2;197;90;156m[48;2;16;16;16m▀[0m[38;2;197;90;156m[48;2;197;90;156m▀[0m[38;2;197;90;156m[48;2;139;65;123m▀[0m[38;2;197;90;156m[48;2;197;90;156m▀[0m[38;2;197;90;156m[48;2;139;65;123m▀[0m[38;2;197;90;156m[48;2;197;90;156m▀[0m[38;2;16;16;16m[48;2;197;90;156m▀[0m[38;2;131;148;246m[48;2;82;57;90m▀[0m[38;2;131;148;246m[48;2;131;148;246m▀[0m[38;2;131;148;246m[48;2;131;148;246m▀[0m[38;2;131;148;246m[48;2;131;148;246m▀[0m[38;2;131;148;246m[48;2;131;148;246m▀[0m[38;2;131;148;246m[48;2;131;148;246m▀[0m[38;2;131;148;246m[48;2;131;148;246m▀[0m[38;2;131;148;246m[48;2;131;148;246m▀[0m[38;2;131;148;246m[48;2;131;148;246m▀[0m[38;2;131;148;246m[48;2;131;148;246m▀[0m[38;2;131;148;246m[48;2;131;148;246m▀[0m[38;2;131;148;246m[48;2;131;148;246m▀[0m[38;2;131;148;246m[48;2;131;148;246m▀[0m[38;2;131;148;246m[48;2;131;148;246m▀[0m[38;2;139;65;123m[48;2;131;148;246m▀[0m[38;2;139;65;123m[48;2;16;16;16m▀[0m[38;2;139;65;123m[48;2;139;65;123m▀[0m[38;2;16;16;16m[48;2;139;65;123m▀[0m[38;2;82;106;180m[48;2;82;57;90m▀[0m[38;2;82;106;180m[48;2;16;16;16m▀[0m[38;2;82;106;180m[48;2;82;106;180m▀[0m[38;2;82;106;180m[48;2;172;148;90m▀[0m[38;2;82;106;180m[48;2;172;148;90m▀[0m[38;2;82;106;180m[48;2;172;148;90m▀[0m[38;2;82;106;180m[48;2;82;106;180m▀[0m[38;2;82;106;180m[48;2;82;106;180m▀[0m[38;2;82;106;180m[48;2;82;106;180m▀[0m[38;2;57;65;123m[48;2;131;148;246m▀[0m[38;2;57;65;123m[48;2;131;148;246m▀[0m[38;2;57;65;123m[48;2;131;148;246m▀[0m[38;2;57;65;123m▄[0m[38;2;57;65;123m▄[0m[38;2;57;65;123m▄[0m         
        [38;2;82;57;90m▄[0m[38;2;82;57;90m[48;2;197;90;156m▀[0m[38;2;139;65;123m[48;2;197;90;156m▀[0m[38;2;139;65;123m[48;2;82;57;90m▀[0m[38;2;139;65;123m[48;2;82;57;90m▀[0m[38;2;16;16;16m▀[0m[38;2;139;65;123m[48;2;16;16;16m▀[0m[38;2;16;16;16m[48;2;82;57;90m▀[0m[38;2;255;213;115m[48;2;16;16;16m▀[0m[38;2;255;213;115m[48;2;255;213;115m▀[0m[38;2;255;213;115m[48;2;255;213;115m▀[0m[38;2;255;213;115m[48;2;255;213;115m▀[0m[38;2;197;180;180m[48;2;255;213;115m▀[0m[38;2;16;16;16m[48;2;131;148;246m▀[0m[38;2;139;65;123m[48;2;16;16;16m▀[0m[38;2;139;65;123m[48;2;139;65;123m▀[0m[38;2;197;90;156m[48;2;197;90;156m▀[0m[38;2;139;65;123m[48;2;197;90;156m▀[0m[38;2;197;90;156m[48;2;16;16;16m▀[0m[38;2;82;57;90m[48;2;139;65;123m▀[0m[38;2;131;148;246m[48;2;82;57;90m▀[0m[38;2;131;148;246m[48;2;131;148;246m▀[0m[38;2;131;148;246m[48;2;131;148;246m▀[0m[38;2;131;148;246m[48;2;131;148;246m▀[0m[38;2;131;148;246m[48;2;131;148;246m▀[0m[38;2;131;148;246m[48;2;131;148;246m▀[0m[38;2;131;148;246m[48;2;131;148;246m▀[0m[38;2;131;148;246m[48;2;131;148;246m▀[0m[38;2;131;148;246m[48;2;131;148;246m▀[0m[38;2;131;148;246m[48;2;131;148;246m▀[0m[38;2;131;148;246m[48;2;131;148;246m▀[0m[38;2;131;148;246m[48;2;131;148;246m▀[0m[38;2;131;148;246m[48;2;131;148;246m▀[0m[38;2;131;148;246m[48;2;131;148;246m▀[0m[38;2;131;148;246m[48;2;82;106;180m▀[0m[38;2;16;16;16m[48;2;82;106;180m▀[0m[38;2;139;65;123m[48;2;16;16;16m▀[0m[38;2;139;65;123m[48;2;139;65;123m▀[0m[38;2;139;65;123m[48;2;139;65;123m▀[0m[38;2;16;16;16m[48;2;139;65;123m▀[0m[38;2;16;16;16m[48;2;82;57;90m▀[0m[38;2;172;148;90m[48;2;16;16;16m▀[0m[38;2;172;148;90m[48;2;106;82;49m▀[0m[38;2;172;148;90m[48;2;106;82;49m▀[0m[38;2;172;148;90m[48;2;106;82;49m▀[0m[38;2;172;148;90m[48;2;106;82;49m▀[0m[38;2;172;148;90m[48;2;172;148;90m▀[0m[38;2;255;213;115m[48;2;172;148;90m▀[0m[38;2;197;180;180m[48;2;255;213;115m▀[0m[38;2;131;148;246m[48;2;255;213;115m▀[0m[38;2;131;148;246m[48;2;255;213;115m▀[0m[38;2;131;148;246m[48;2;255;213;115m▀[0m[38;2;57;65;123m[48;2;255;213;115m▀[0m[38;2;57;65;123m[48;2;172;148;90m▀[0m[38;2;16;16;16m▄[0m      
     [38;2;82;57;90m▄[0m[38;2;82;57;90m[48;2;197;90;156m▀[0m[38;2;139;65;123m[48;2;197;90;156m▀[0m[38;2;197;90;156m[48;2;197;90;156m▀[0m[38;2;197;90;156m[48;2;82;57;90m▀[0m[38;2;82;57;90m▀[0m[38;2;82;57;90m▀[0m    [38;2;16;16;16m▀[0m[38;2;172;148;90m[48;2;16;16;16m▀[0m[38;2;255;213;115m[48;2;172;148;90m▀[0m[38;2;255;213;115m[48;2;172;148;90m▀[0m[38;2;255;213;115m[48;2;255;213;115m▀[0m[38;2;197;180;180m[48;2;255;213;115m▀[0m[38;2;131;148;246m[48;2;131;148;246m▀[0m[38;2;82;57;90m[48;2;131;148;246m▀[0m[38;2;16;16;16m[48;2;131;148;246m▀[0m[38;2;197;90;156m[48;2;16;16;16m▀[0m[38;2;197;90;156m[48;2;197;90;156m▀[0m[38;2;16;16;16m[48;2;197;90;156m▀[0m[38;2;82;57;90m[48;2;16;16;16m▀[0m[38;2;131;148;246m[48;2;131;148;246m▀[0m[38;2;131;148;246m[48;2;131;148;246m▀[0m[38;2;131;148;246m[48;2;131;148;246m▀[0m[38;2;131;148;246m[48;2;131;148;246m▀[0m[38;2;131;148;246m[48;2;131;148;246m▀[0m[38;2;131;148;246m[48;2;131;148;246m▀[0m[38;2;131;148;246m[48;2;131;148;246m▀[0m[38;2;131;148;246m[48;2;131;148;246m▀[0m[38;2;131;148;246m[48;2;131;148;246m▀[0m[38;2;131;148;246m[48;2;131;148;246m▀[0m[38;2;131;148;246m[48;2;82;106;180m▀[0m[38;2;82;106;180m[48;2;131;148;246m▀[0m[38;2;131;148;246m[48;2;82;106;180m▀[0m[38;2;82;106;180m[48;2;131;148;246m▀[0m[38;2;82;106;180m[48;2;82;106;180m▀[0m[38;2;82;106;180m[48;2;82;106;180m▀[0m[38;2;16;16;16m[48;2;57;65;123m▀[0m[38;2;139;65;123m[48;2;16;16;16m▀[0m[38;2;139;65;123m[48;2;139;65;123m▀[0m[38;2;139;65;123m[48;2;139;65;123m▀[0m[38;2;139;65;123m[48;2;139;65;123m▀[0m[38;2;16;16;16m[48;2;139;65;123m▀[0m[38;2;16;16;16m▄[0m  [38;2;106;82;49m▀[0m[38;2;106;82;49m▀[0m[38;2;106;82;49m▀[0m[38;2;106;82;49m▀[0m[38;2;16;16;16m▀[0m[38;2;16;16;16m▀[0m[38;2;16;16;16m▀[0m[38;2;16;16;16m▀[0m       
   [38;2;82;57;90m▄[0m[38;2;82;57;90m[48;2;197;90;156m▀[0m[38;2;197;90;156m[48;2;197;90;156m▀[0m[38;2;197;90;156m[48;2;197;90;156m▀[0m[38;2;197;90;156m[48;2;82;57;90m▀[0m[38;2;82;57;90m▀[0m     [38;2;82;57;90m▄[0m[38;2;82;57;90m▄[0m[38;2;82;57;90m[48;2;139;65;123m▀[0m[38;2;82;57;90m[48;2;139;65;123m▀[0m[38;2;16;16;16m[48;2;139;65;123m▀[0m[38;2;172;148;90m[48;2;16;16;16m▀[0m[38;2;172;148;90m[48;2;172;148;90m▀[0m[38;2;172;148;90m[48;2;172;148;90m▀[0m[38;2;255;213;115m[48;2;172;148;90m▀[0m[38;2;197;180;180m[48;2;172;148;90m▀[0m[38;2;131;148;246m[48;2;82;106;180m▀[0m[38;2;131;148;246m[48;2;82;106;180m▀[0m[38;2;16;16;16m[48;2;82;106;180m▀[0m[38;2;197;90;156m[48;2;16;16;16m▀[0m[38;2;197;90;156m[48;2;197;90;156m▀[0m[38;2;82;57;90m[48;2;197;90;156m▀[0m[38;2;16;16;16m[48;2;197;90;156m▀[0m[38;2;131;148;246m[48;2;82;57;90m▀[0m[38;2;131;148;246m[48;2;16;16;16m▀[0m[38;2;131;148;246m[48;2;82;106;180m▀[0m[38;2;131;148;246m[48;2;82;106;180m▀[0m[38;2;131;148;246m[48;2;82;106;180m▀[0m[38;2;82;106;180m[48;2;82;106;180m▀[0m[38;2;82;106;180m[48;2;82;106;180m▀[0m[38;2;82;106;180m[48;2;131;148;246m▀[0m[38;2;131;148;246m[48;2;82;106;180m▀[0m[38;2;82;106;180m[48;2;131;148;246m▀[0m[38;2;131;148;246m[48;2;82;106;180m▀[0m[38;2;82;106;180m[48;2;82;106;180m▀[0m[38;2;82;106;180m[48;2;57;65;123m▀[0m[38;2;57;65;123m▀[0m  [38;2;82;57;90m▀[0m[38;2;139;65;123m[48;2;82;57;90m▀[0m[38;2;197;90;156m[48;2;139;65;123m▀[0m[38;2;139;65;123m[48;2;197;90;156m▀[0m[38;2;197;90;156m[48;2;139;65;123m▀[0m[38;2;16;16;16m[48;2;197;90;156m▀[0m[38;2;16;16;16m▄[0m               
  [38;2;82;57;90m[48;2;82;57;90m▀[0m[38;2;197;90;156m[48;2;197;90;156m▀[0m[38;2;197;90;156m[48;2;197;90;156m▀[0m[38;2;197;90;156m[48;2;197;90;156m▀[0m[38;2;139;65;123m[48;2;82;57;90m▀[0m[38;2;82;57;90m▄[0m[38;2;82;57;90m▄[0m[38;2;82;57;90m▄[0m[38;2;82;57;90m[48;2;139;65;123m▀[0m[38;2;82;57;90m[48;2;139;65;123m▀[0m[38;2;82;57;90m[48;2;139;65;123m▀[0m[38;2;82;57;90m[48;2;139;65;123m▀[0m[38;2;139;65;123m[48;2;139;65;123m▀[0m[38;2;139;65;123m[48;2;82;57;90m▀[0m[38;2;139;65;123m[48;2;16;16;16m▀[0m[38;2;82;57;90m▀[0m  [38;2;16;16;16m▀[0m[38;2;16;16;16m▀[0m[38;2;172;148;90m[48;2;16;16;16m▀[0m[38;2;172;148;90m[48;2;106;82;49m▀[0m[38;2;172;148;90m[48;2;172;148;90m▀[0m[38;2;82;106;180m[48;2;172;148;90m▀[0m[38;2;82;106;180m[48;2;172;148;90m▀[0m[38;2;82;106;180m[48;2;82;106;180m▀[0m[38;2;16;16;16m[48;2;82;106;180m▀[0m[38;2;82;57;90m[48;2;82;57;90m▀[0m[38;2;197;90;156m[48;2;16;16;16m▀[0m[38;2;197;90;156m[48;2;197;90;156m▀[0m[38;2;197;90;156m[48;2;197;90;156m▀[0m[38;2;16;16;16m[48;2;197;90;156m▀[0m[38;2;16;16;16m[48;2;197;90;156m▀[0m[38;2;82;106;180m[48;2;82;57;90m▀[0m[38;2;82;106;180m[48;2;16;16;16m▀[0m[38;2;82;106;180m[48;2;16;16;16m▀[0m[38;2;82;106;180m[48;2;82;106;180m▀[0m[38;2;82;106;180m[48;2;57;65;123m▀[0m[38;2;82;106;180m[48;2;57;65;123m▀[0m[38;2;57;65;123m▀[0m[38;2;57;65;123m▀[0m     [38;2;82;57;90m▀[0m[38;2;197;90;156m[48;2;82;57;90m▀[0m[38;2;139;65;123m[48;2;197;90;156m▀[0m[38;2;197;90;156m[48;2;197;90;156m▀[0m[38;2;197;90;156m[48;2;197;90;156m▀[0m[38;2;197;90;156m[48;2;197;90;156m▀[0m[38;2;16;16;16m[48;2;16;16;16m▀[0m              
 [38;2;16;16;16m[48;2;16;16;16m▀[0m[38;2;197;90;156m[48;2;197;90;156m▀[0m[38;2;197;90;156m[48;2;139;65;123m▀[0m[38;2;197;90;156m[48;2;139;65;123m▀[0m[38;2;139;65;123m[48;2;139;65;123m▀[0m[38;2;139;65;123m[48;2;139;65;123m▀[0m[38;2;139;65;123m[48;2;139;65;123m▀[0m[38;2;139;65;123m[48;2;139;65;123m▀[0m[38;2;139;65;123m[48;2;139;65;123m▀[0m[38;2;139;65;123m[48;2;82;57;90m▀[0m[38;2;139;65;123m[48;2;16;16;16m▀[0m[38;2;139;65;123m[48;2;16;16;16m▀[0m[38;2;82;57;90m▀[0m[38;2;16;16;16m▀[0m         [38;2;106;82;49m▀[0m[38;2;106;82;49m▀[0m[38;2;106;82;49m▀[0m[38;2;106;82;49m▀[0m[38;2;172;148;90m[48;2;57;65;123m▀[0m[38;2;82;106;180m[48;2;57;65;123m▀[0m[38;2;82;106;180m[48;2;57;65;123m▀[0m[38;2;16;16;16m[48;2;57;65;123m▀[0m[38;2;139;65;123m[48;2;16;16;16m▀[0m[38;2;197;90;156m[48;2;16;16;16m▀[0m[38;2;197;90;156m[48;2;197;90;156m▀[0m[38;2;197;90;156m[48;2;197;90;156m▀[0m[38;2;197;90;156m[48;2;197;90;156m▀[0m[38;2;197;90;156m[48;2;197;90;156m▀[0m[38;2;82;57;90m[48;2;197;90;156m▀[0m[38;2;16;16;16m[48;2;197;90;156m▀[0m[38;2;16;16;16m[48;2;197;90;156m▀[0m[38;2;16;16;16m[48;2;197;90;156m▀[0m[38;2;82;57;90m▄[0m[38;2;82;57;90m▄[0m[38;2;82;57;90m▄[0m[38;2;82;57;90m▄[0m[38;2;82;57;90m▄[0m[38;2;82;57;90m▄[0m[38;2;82;57;90m[48;2;82;57;90m▀[0m[38;2;82;57;90m[48;2;197;90;156m▀[0m[38;2;197;90;156m[48;2;197;90;156m▀[0m[38;2;197;90;156m[48;2;197;90;156m▀[0m[38;2;197;90;156m[48;2;197;90;156m▀[0m[38;2;197;90;156m[48;2;197;90;156m▀[0m[38;2;197;90;156m[48;2;197;90;156m▀[0m[38;2;16;16;16m[48;2;16;16;16m▀[0m             
 [38;2;16;16;16m▀[0m[38;2;82;57;90m[48;2;16;16;16m▀[0m[38;2;139;65;123m[48;2;16;16;16m▀[0m[38;2;139;65;123m[48;2;16;16;16m▀[0m[38;2;139;65;123m[48;2;16;16;16m▀[0m[38;2;82;57;90m▀[0m[38;2;16;16;16m▀[0m[38;2;16;16;16m▀[0m[38;2;16;16;16m▀[0m                        [38;2;16;16;16m▀[0m[38;2;82;57;90m▀[0m[38;2;197;90;156m[48;2;16;16;16m▀[0m[38;2;197;90;156m[48;2;16;16;16m▀[0m[38;2;197;90;156m[48;2;82;57;90m▀[0m[38;2;197;90;156m[48;2;197;90;156m▀[0m[38;2;197;90;156m[48;2;197;90;156m▀[0m[38;2;197;90;156m[48;2;197;90;156m▀[0m[38;2;197;90;156m[48;2;197;90;156m▀[0m[38;2;197;90;156m[48;2;197;90;156m▀[0m[38;2;197;90;156m[48;2;197;90;156m▀[0m[38;2;197;90;156m[48;2;197;90;156m▀[0m[38;2;197;90;156m[48;2;197;90;156m▀[0m[38;2;197;90;156m[48;2;197;90;156m▀[0m[38;2;197;90;156m[48;2;197;90;156m▀[0m[38;2;197;90;156m[48;2;197;90;156m▀[0m[38;2;197;90;156m[48;2;197;90;156m▀[0m[38;2;197;90;156m[48;2;197;90;156m▀[0m[38;2;197;90;156m[48;2;197;90;156m▀[0m[38;2;197;90;156m[48;2;197;90;156m▀[0m[38;2;197;90;156m[48;2;197;90;156m▀[0m[38;2;197;90;156m[48;2;197;90;156m▀[0m[38;2;16;16;16m[48;2;16;16;16m▀[0m            
                                       [38;2;16;16;16m▀[0m[38;2;16;16;16m▀[0m[38;2;16;16;16m▀[0m[38;2;82;57;90m▀[0m[38;2;197;90;156m[48;2;16;16;16m▀[0m[38;2;197;90;156m[48;2;16;16;16m▀[0m[38;2;197;90;156m[48;2;16;16;16m▀[0m[38;2;197;90;156m[48;2;82;57;90m▀[0m[38;2;197;90;156m[48;2;197;90;156m▀[0m[38;2;197;90;156m[48;2;197;90;156m▀[0m[38;2;197;90;156m[48;2;197;90;156m▀[0m[38;2;197;90;156m[48;2;197;90;156m▀[0m[38;2;197;90;156m[48;2;197;90;156m▀[0m[38;2;197;90;156m[48;2;197;90;156m▀[0m[38;2;197;90;156m[48;2;197;90;156m▀[0m[38;2;197;90;156m[48;2;197;90;156m▀[0m[38;2;197;90;156m[48;2;16;16;16m▀[0m[38;2;16;16;16m▀[0m            
                                               [38;2;16;16;16m▀[0m[38;2;16;16;16m▀[0m[38;2;16;16;16m▀[0m[38;2;16;16;16m▀[0m[38;2;16;16;16m▀[0m[38;2;16;16;16m▀[0m[38;2;16;16;16m▀[0m[38;2;16;16;16m▀[0m              
[0m