                                            [38;2;173;150;173m[48;2;162;139;162m▀[0m[38;2;173;151;173m[48;2;184;165;186m▀[0m[38;2;130;113;129m[48;2;207;209;219m▀[0m[38;2;0;0;0m[48;2;11;10;11m▀[0m                                
                                            [38;2;162;139;162m[48;2;162;139;162m▀[0m[38;2;186;167;186m[48;2;185;166;185m▀[0m[38;2;246;244;245m[48;2;249;248;251m▀[0m[38;2;125;105;124m[48;2;144;124;144m▀[0m[38;2;18;18;18m[48;2;9;10;9m▀[0m                               
                                       [38;2;255;255;255m▄[0m[38;2;127;110;127m[48;2;139;119;135m▀[0m[38;2;193;184;193m[48;2;199;189;201m▀[0m  [38;2;162;139;162m[48;2;195;165;195m▀[0m[38;2;181;162;183m[48;2;173;151;172m▀[0m[38;2;211;208;222m[48;2;111;93;108m▀[0m[38;2;129;112;128m[48;2;54;52;54m▀[0m[38;2;33;30;33m[48;2;137;121;137m▀[0m[38;2;10;10;10m[48;2;7;9;7m▀[0m                              
                                       [38;2;255;255;255m[48;2;255;255;255m▀[0m[38;2;132;113;129m[48;2;132;113;129m▀[0m[38;2;197;187;198m[48;2;180;168;180m▀[0m[38;2;113;90;107m[48;2;165;149;162m▀[0m[38;2;113;90;107m[48;2;165;148;162m▀[0m[38;2;137;117;133m[48;2;152;134;150m▀[0m[38;2;161;140;161m[48;2;138;121;140m▀[0m[38;2;142;125;140m[48;2;142;124;139m▀[0m[38;2;180;172;181m[48;2;169;161;170m▀[0m[38;2;8;9;8m[48;2;38;34;38m▀[0m[38;2;49;44;49m[48;2;160;141;160m▀[0m[38;2;7;7;7m[48;2;7;9;7m▀[0m                             
                                       [38;2;255;255;255m[48;2;255;255;255m▀[0m[38;2;130;111;127m[48;2;132;113;127m▀[0m[38;2;144;128;148m[48;2;222;207;173m▀[0m[38;2;255;255;255m[48;2;229;231;245m▀[0m[38;2;251;252;255m[48;2;226;226;237m▀[0m[38;2;192;179;194m[48;2;195;167;131m▀[0m[38;2;210;194;168m[48;2;212;181;89m▀[0m[38;2;137;119;137m[48;2;134;118;139m▀[0m[38;2;178;170;179m[48;2;204;195;205m▀[0m[38;2;69;64;70m[48;2;181;171;182m▀[0m[38;2;109;96;109m[48;2;47;43;47m▀[0m[38;2;6;8;6m[48;2;61;59;61m▀[0m[38;2;22;22;22m[48;2;17;17;17m▀[0m                            
                                       [38;2;133;113;130m▄[0m[38;2;128;107;121m[48;2;163;151;166m▀[0m[38;2;219;190;96m[48;2;136;118;146m▀[0m[38;2;206;200;217m[48;2;185;170;189m▀[0m[38;2;210;201;208m[48;2;186;171;190m▀[0m[38;2;235;208;116m[48;2;208;204;225m▀[0m[38;2;146;133;163m[48;2;224;224;237m▀[0m[38;2;138;121;135m[48;2;135;116;131m▀[0m[38;2;200;191;201m[48;2;200;191;201m▀[0m[38;2;192;179;193m[48;2;190;178;191m▀[0m[38;2;189;167;189m[48;2;176;156;176m▀[0m[38;2;169;161;170m[48;2;158;152;159m▀[0m[38;2;4;4;4m[48;2;0;0;0m▀[0m                            
                                       [38;2;138;119;135m[48;2;129;111;126m▀[0m[38;2;233;235;247m[48;2;226;227;239m▀[0m[38;2;173;152;173m[48;2;175;145;166m▀[0m[38;2;235;238;250m[48;2;221;215;226m▀[0m[38;2;241;236;248m[48;2;162;216;229m▀[0m[38;2;240;237;249m[48;2;148;190;205m▀[0m[38;2;224;216;229m[48;2;153;205;219m▀[0m[38;2;135;116;131m[48;2;138;116;132m▀[0m[38;2;200;191;201m[48;2;200;190;201m▀[0m[38;2;193;181;194m[48;2;197;188;198m▀[0m[38;2;182;165;182m[48;2;190;178;190m▀[0m[38;2;166;154;166m[48;2;183;164;184m▀[0m[38;2;71;68;71m[48;2;176;173;181m▀[0m[38;2;3;3;3m[48;2;2;2;2m▀[0m                           
                                      [38;2;130;111;128m▄[0m[38;2;144;124;141m[48;2;199;189;206m▀[0m[38;2;229;232;244m[48;2;197;189;205m▀[0m[38;2;117;171;188m[48;2;146;218;231m▀[0m[38;2;115;158;172m[48;2;133;182;197m▀[0m[38;2;61;197;211m[48;2;158;216;229m▀[0m[38;2;112;156;171m[48;2;226;213;224m▀[0m[38;2;137;204;218m[48;2;226;217;230m▀[0m[38;2;139;117;132m[48;2;135;116;131m▀[0m[38;2;200;190;201m[48;2;200;190;201m▀[0m[38;2;197;187;198m[48;2;197;187;198m▀[0m[38;2;188;175;188m[48;2;193;182;194m▀[0m[38;2;186;170;191m[48;2;190;176;193m▀[0m[38;2;185;190;197m[48;2;151;144;156m▀[0m[38;2;0;0;0m[48;2;0;0;0m▀[0m                           
                                      [38;2;134;115;131m[48;2;127;109;124m▀[0m[38;2;230;231;244m[48;2;226;227;239m▀[0m[38;2;167;144;166m[48;2;176;145;166m▀[0m[38;2;240;234;246m[48;2;217;208;219m▀[0m[38;2;249;236;248m[48;2;140;215;228m▀[0m[38;2;247;233;244m[48;2;132;212;225m▀[0m[38;2;242;238;250m[48;2;118;174;189m▀[0m[38;2;226;216;229m[48;2;132;202;216m▀[0m[38;2;135;116;131m[48;2;140;117;132m▀[0m[38;2;200;190;201m[48;2;200;190;201m▀[0m[38;2;196;186;197m[48;2;196;186;197m▀[0m[38;2;198;188;199m[48;2;196;186;197m▀[0m[38;2;191;178;191m[48;2;193;182;193m▀[0m[38;2;158;140;159m[48;2;195;181;197m▀[0m[38;2;114;118;121m[48;2;157;148;162m▀[0m[38;2;0;0;0m[48;2;2;4;2m▀[0m                          
                                     [38;2;129;109;125m▄[0m[38;2;149;128;147m[48;2;207;200;215m▀[0m[38;2;230;233;245m[48;2;190;177;194m▀[0m[38;2;103;179;196m[48;2;172;222;235m▀[0m[38;2;94;150;165m[48;2;161;196;210m▀[0m[38;2;63;200;214m[48;2;179;220;233m▀[0m[38;2;143;187;199m[48;2;225;214;226m▀[0m[38;2;154;193;207m[48;2;238;235;247m▀[0m[38;2;159;206;220m[48;2;224;216;229m▀[0m[38;2;138;116;132m[48;2;135;116;131m▀[0m[38;2;200;190;201m[48;2;200;190;201m▀[0m[38;2;196;186;197m[48;2;196;186;197m▀[0m[38;2;196;186;197m[48;2;196;186;197m▀[0m[38;2;198;188;199m[48;2;196;186;197m▀[0m[38;2;194;181;195m[48;2;200;189;201m▀[0m[38;2;122;104;121m[48;2;142;132;142m▀[0m[38;2;5;7;5m[48;2;4;5;4m▀[0m                          
                                     [38;2;130;109;125m[48;2;127;107;123m▀[0m[38;2;229;230;241m[48;2;226;226;238m▀[0m[38;2;167;145;167m[48;2;168;146;168m▀[0m[38;2;235;229;242m[48;2;240;233;245m▀[0m[38;2;236;233;245m[48;2;238;230;242m▀[0m[38;2;237;233;245m[48;2;207;195;207m▀[0m[38;2;242;235;247m[48;2;102;192;205m▀[0m[38;2;240;232;244m[48;2;120;212;225m▀[0m[38;2;226;217;229m[48;2;113;199;214m▀[0m[38;2;135;116;131m[48;2;140;117;132m▀[0m[38;2;200;190;201m[48;2;200;190;201m▀[0m[38;2;196;186;197m[48;2;196;186;197m▀[0m[38;2;196;186;197m[48;2;196;186;197m▀[0m[38;2;197;187;198m[48;2;197;187;198m▀[0m[38;2;197;185;198m[48;2;189;176;190m▀[0m[38;2;130;117;130m[48;2;165;146;165m▀[0m[38;2;0;0;0m[48;2;116;111;117m▀[0m[38;2;2;2;2m▄[0m                         
                                    [38;2;128;108;124m▄[0m[38;2;154;131;152m[48;2;215;209;223m▀[0m[38;2;236;228;240m[48;2;108;212;225m▀[0m[38;2;198;177;190m[48;2;95;199;212m▀[0m[38;2;98;190;202m[48;2;43;140;156m▀[0m[38;2;107;210;224m[48;2;167;188;199m▀[0m[38;2;93;192;206m[48;2;194;224;237m▀[0m[38;2;38;142;159m[48;2;192;210;223m▀[0m[38;2;74;202;216m[48;2;201;225;237m▀[0m[38;2;160;176;189m[48;2;215;206;219m▀[0m[38;2;138;118;134m[48;2;135;116;132m▀[0m[38;2;200;190;201m[48;2;200;190;201m▀[0m[38;2;196;186;197m[48;2;196;186;197m▀[0m[38;2;196;186;197m[48;2;196;186;197m▀[0m[38;2;197;187;198m[48;2;197;187;198m▀[0m[38;2;188;175;189m[48;2;188;175;189m▀[0m[38;2;183;164;183m[48;2;181;162;181m▀[0m[38;2;150;144;151m[48;2;145;139;146m▀[0m[38;2;1;2;1m[48;2;1;3;1m▀[0m                         
                                    [38;2;128;108;124m[48;2;126;106;122m▀[0m[38;2;227;227;239m[48;2;225;225;237m▀[0m[38;2;151;159;178m[48;2;172;149;169m▀[0m[38;2;198;223;236m[48;2;230;227;240m▀[0m[38;2;198;212;225m[48;2;231;231;243m▀[0m[38;2;226;221;233m[48;2;229;230;242m▀[0m[38;2;232;230;242m[48;2;228;229;241m▀[0m[38;2;232;231;243m[48;2;228;229;241m▀[0m[38;2;232;231;243m[48;2;229;230;242m▀[0m[38;2;218;216;229m[48;2;217;215;228m▀[0m[38;2;135;116;131m[48;2;135;116;131m▀[0m[38;2;200;190;201m[48;2;200;190;201m▀[0m[38;2;196;186;197m[48;2;196;186;197m▀[0m[38;2;196;186;197m[48;2;197;187;198m▀[0m[38;2;197;188;198m[48;2;190;178;191m▀[0m[38;2;189;176;190m[48;2;175;157;175m▀[0m[38;2;180;160;180m[48;2;202;190;203m▀[0m[38;2;145;139;146m[48;2;140;134;141m▀[0m[38;2;1;3;1m[48;2;0;0;0m▀[0m                         
                                   [38;2;126;107;123m▄[0m[38;2;159;136;158m[48;2;219;217;230m▀[0m[38;2;229;230;242m[48;2;175;157;177m▀[0m[38;2;168;147;167m[48;2;221;219;232m▀[0m[38;2;227;227;240m[48;2;228;229;241m▀[0m[38;2;228;229;241m[48;2;228;229;241m▀[0m[38;2;228;229;241m[48;2;229;230;242m▀[0m[38;2;228;229;241m[48;2;229;230;242m▀[0m[38;2;228;229;241m[48;2;233;230;242m▀[0m[38;2;229;230;242m[48;2;235;232;244m▀[0m[38;2;217;215;228m[48;2;221;216;229m▀[0m[38;2;135;116;131m[48;2;135;116;131m▀[0m[38;2;200;190;201m[48;2;200;190;201m▀[0m[38;2;196;186;197m[48;2;196;186;197m▀[0m[38;2;197;187;198m[48;2;197;187;198m▀[0m[38;2;189;176;190m[48;2;188;175;188m▀[0m[38;2;172;153;172m[48;2;180;164;183m▀[0m[38;2;198;188;198m[48;2;232;235;245m▀[0m[38;2;196;185;197m[48;2;224;220;232m▀[0m[38;2;126;120;128m[48;2;137;129;137m▀[0m[38;2;1;1;1m[48;2;1;1;1m▀[0m                        
                                   [38;2;126;107;123m[48;2;126;107;123m▀[0m[38;2;225;225;237m[48;2;223;223;235m▀[0m[38;2;169;149;170m[48;2;198;187;199m▀[0m[38;2;227;227;239m[48;2;199;188;199m▀[0m[38;2;231;230;242m[48;2;87;204;218m▀[0m[38;2;230;229;241m[48;2;84;203;217m▀[0m[38;2;201;189;200m[48;2;63;175;187m▀[0m[38;2;195;189;200m[48;2;85;203;217m▀[0m[38;2;84;203;217m[48;2;74;198;213m▀[0m[38;2;68;179;193m[48;2;65;142;158m▀[0m[38;2;91;196;210m[48;2;188;179;190m▀[0m[38;2;142;117;133m[48;2;136;118;134m▀[0m[38;2;200;190;201m[48;2;200;190;201m▀[0m[38;2;196;186;197m[48;2;196;186;197m▀[0m[38;2;196;186;197m[48;2;196;186;197m▀[0m[38;2;196;186;197m[48;2;196;186;197m▀[0m[38;2;186;172;187m[48;2;197;186;198m▀[0m[38;2;187;172;190m[48;2;186;171;186m▀[0m[38;2;241;244;255m[48;2;195;182;201m▀[0m[38;2;157;158;166m[48;2;163;165;172m▀[0m[38;2;0;0;0m[48;2;0;0;0m▀[0m                        
                                  [38;2;127;127;127m[48;2;126;106;121m▀[0m[38;2;165;143;165m[48;2;225;220;233m▀[0m[38;2;228;225;238m[48;2;93;205;218m▀[0m[38;2;90;205;219m[48;2;82;205;218m▀[0m[38;2;59;174;187m[48;2;60;143;160m▀[0m[38;2;79;202;216m[48;2;194;186;197m▀[0m[38;2;80;202;216m[48;2;227;229;241m▀[0m[38;2;57;142;159m[48;2;227;228;240m▀[0m[38;2;86;203;217m[48;2;227;229;241m▀[0m[38;2;198;189;200m[48;2;228;229;241m▀[0m[38;2;226;230;242m[48;2;229;230;242m▀[0m[38;2;217;214;227m[48;2;217;215;228m▀[0m[38;2;135;116;131m[48;2;135;116;131m▀[0m[38;2;200;190;201m[48;2;200;190;201m▀[0m[38;2;196;186;197m[48;2;196;186;197m▀[0m[38;2;196;186;197m[48;2;196;186;197m▀[0m[38;2;196;186;197m[48;2;196;186;197m▀[0m[38;2;197;187;198m[48;2;196;186;197m▀[0m[38;2;186;172;186m[48;2;197;188;198m▀[0m[38;2;184;169;188m[48;2;185;170;185m▀[0m[38;2;240;243;253m[48;2;196;182;201m▀[0m[38;2;150;151;159m[48;2;157;159;166m▀[0m[38;2;0;0;0m[48;2;0;0;0m▀[0m                       
                                  [38;2;126;106;121m[48;2;128;107;124m▀[0m[38;2;223;223;235m[48;2;224;224;236m▀[0m[38;2;172;151;172m[48;2;171;150;171m▀[0m[38;2;226;224;237m[48;2;225;224;237m▀[0m[38;2;229;230;242m[48;2;228;229;241m▀[0m[38;2;228;229;241m[48;2;228;229;241m▀[0m[38;2;228;229;241m[48;2;228;229;241m▀[0m[38;2;228;229;241m[48;2;228;229;241m▀[0m[38;2;228;229;241m[48;2;228;229;241m▀[0m[38;2;228;229;241m[48;2;229;229;241m▀[0m[38;2;229;230;242m[48;2;230;230;242m▀[0m[38;2;217;215;228m[48;2;218;215;228m▀[0m[38;2;135;116;131m[48;2;135;116;131m▀[0m[38;2;200;190;201m[48;2;200;190;201m▀[0m[38;2;196;186;197m[48;2;196;186;197m▀[0m[38;2;196;186;197m[48;2;196;186;197m▀[0m[38;2;196;186;197m[48;2;196;186;197m▀[0m[38;2;196;186;197m[48;2;196;186;197m▀[0m[38;2;196;186;197m[48;2;196;186;197m▀[0m[38;2;197;188;198m[48;2;197;188;198m▀[0m[38;2;194;179;194m[48;2;195;180;195m▀[0m[38;2;113;98;112m[48;2;114;100;114m▀[0m[38;2;3;6;3m[48;2;1;5;1m▀[0m                       
                                 [38;2;127;102;127m[48;2;124;104;121m▀[0m[38;2;171;151;172m[48;2;225;225;238m▀[0m[38;2;222;219;233m[48;2;170;149;170m▀[0m[38;2;176;158;178m[48;2;226;227;239m▀[0m[38;2;225;224;237m[48;2;231;230;242m▀[0m[38;2;228;229;241m[48;2;230;229;241m▀[0m[38;2;228;229;242m[48;2;226;224;236m▀[0m[38;2;230;230;242m[48;2;208;223;235m▀[0m[38;2;230;229;241m[48;2;210;225;237m▀[0m[38;2;226;225;237m[48;2;173;184;196m▀[0m[38;2;212;225;237m[48;2;45;168;182m▀[0m[38;2;215;228;240m[48;2;70;204;218m▀[0m[38;2;205;213;226m[48;2;76;191;206m▀[0m[38;2;136;116;131m[48;2;142;117;133m▀[0m[38;2;200;190;201m[48;2;200;190;201m▀[0m[38;2;196;186;197m[48;2;196;186;197m▀[0m[38;2;196;186;197m[48;2;196;186;197m▀[0m[38;2;196;186;197m[48;2;196;186;197m▀[0m[38;2;196;186;197m[48;2;196;186;197m▀[0m[38;2;196;186;197m[48;2;196;186;197m▀[0m[38;2;196;186;197m[48;2;196;186;197m▀[0m[38;2;204;194;205m[48;2;196;186;197m▀[0m[38;2;140;134;141m[48;2;207;195;208m▀[0m[38;2;18;18;18m[48;2;131;124;132m▀[0m[38;2;0;0;0m[48;2;0;1;0m▀[0m                      
                                [38;2;127;107;120m▄[0m[38;2;129;109;126m[48;2;177;158;178m▀[0m[38;2;225;222;235m[48;2;203;223;236m▀[0m[38;2;174;151;172m[48;2;156;163;182m▀[0m[38;2;222;217;230m[48;2;172;185;197m▀[0m[38;2;204;221;234m[48;2;48;162;176m▀[0m[38;2;206;225;237m[48;2;66;200;214m▀[0m[38;2;177;187;199m[48;2;68;203;217m▀[0m[38;2;46;165;179m[48;2;80;146;161m▀[0m[38;2;69;201;215m[48;2;105;207;221m▀[0m[38;2;71;200;215m[48;2;110;207;220m▀[0m[38;2;77;146;162m[48;2;219;203;211m▀[0m[38;2;101;209;223m[48;2;245;239;249m▀[0m[38;2;103;195;210m[48;2;231;223;233m▀[0m[38;2;141;117;133m[48;2;134;116;131m▀[0m[38;2;200;190;201m[48;2;200;190;201m▀[0m[38;2;196;186;197m[48;2;196;186;197m▀[0m[38;2;196;186;197m[48;2;196;186;197m▀[0m[38;2;196;186;197m[48;2;196;186;197m▀[0m[38;2;196;186;197m[48;2;196;186;197m▀[0m[38;2;196;186;197m[48;2;196;186;197m▀[0m[38;2;196;186;197m[48;2;196;186;197m▀[0m[38;2;197;188;198m[48;2;197;188;198m▀[0m[38;2;192;177;193m[48;2;193;178;194m▀[0m[38;2;108;95;108m[48;2;108;95;108m▀[0m[38;2;3;5;3m[48;2;3;5;3m▀[0m                      
                                [38;2;125;104;120m[48;2;122;102;117m▀[0m[38;2;232;225;238m[48;2;209;198;213m▀[0m[38;2;84;205;219m[48;2;126;210;224m▀[0m[38;2;66;205;219m[48;2;109;208;222m▀[0m[38;2;93;200;214m[48;2;210;201;209m▀[0m[38;2;91;156;173m[48;2;245;239;248m▀[0m[38;2;108;206;220m[48;2;244;237;246m▀[0m[38;2;116;214;225m[48;2;255;255;255m▀[0m[38;2;217;204;212m[48;2;255;255;255m▀[0m[38;2;243;236;245m[48;2;255;255;255m▀[0m[38;2;245;239;248m[48;2;240;237;239m▀[0m[38;2;255;255;255m[48;2;229;224;229m▀[0m[38;2;242;239;241m[48;2;200;192;204m▀[0m[38;2;224;217;223m[48;2;176;154;174m▀[0m[38;2;134;116;132m[48;2;137;119;134m▀[0m[38;2;200;190;201m[48;2;200;190;201m▀[0m[38;2;196;186;197m[48;2;196;186;197m▀[0m[38;2;196;186;197m[48;2;196;186;197m▀[0m[38;2;196;186;197m[48;2;196;186;197m▀[0m[38;2;196;186;197m[48;2;196;186;197m▀[0m[38;2;196;186;197m[48;2;196;186;197m▀[0m[38;2;196;186;197m[48;2;197;188;198m▀[0m[38;2;195;184;196m[48;2;184;170;185m▀[0m[38;2;192;176;192m[48;2;182;164;182m▀[0m[38;2;111;100;111m[48;2;150;145;151m▀[0m[38;2;0;0;0m[48;2;44;42;44m▀[0m[38;2;0;0;0m▄[0m        [38;2;97;78;91m▄[0m[38;2;114;93;107m[48;2;156;141;156m▀[0m[38;2;129;105;125m[48;2;184;168;184m▀[0m[38;2;255;191;255m[48;2;93;85;95m▀[0m[38;2;0;0;0m▄[0m        
                               [38;2;123;101;118m[48;2;123;103;120m▀[0m[38;2;157;143;158m[48;2;233;228;240m▀[0m[38;2;158;135;157m[48;2;193;180;198m▀[0m[38;2;239;229;239m[48;2;230;225;230m▀[0m[38;2;249;241;249m[48;2;237;233;236m▀[0m[38;2;255;255;255m[48;2;235;231;234m▀[0m[38;2;255;255;255m[48;2;234;231;234m▀[0m[38;2;255;255;255m[48;2;246;246;250m▀[0m[38;2;237;234;237m[48;2;203;195;207m▀[0m[38;2;237;234;237m[48;2;203;195;207m▀[0m[38;2;245;246;249m[48;2;226;227;240m▀[0m[38;2;199;191;203m[48;2;229;231;243m▀[0m[38;2;183;168;187m[48;2;207;203;218m▀[0m[38;2;216;210;225m[48;2;126;161;180m▀[0m[38;2;176;206;218m[48;2;56;173;186m▀[0m[38;2;136;115;130m[48;2;154;129;145m▀[0m[38;2;200;190;201m[48;2;199;189;200m▀[0m[38;2;196;186;197m[48;2;196;186;197m▀[0m[38;2;196;186;197m[48;2;196;186;197m▀[0m[38;2;196;186;197m[48;2;196;186;197m▀[0m[38;2;196;186;197m[48;2;196;186;197m▀[0m[38;2;196;186;197m[48;2;196;187;197m▀[0m[38;2;197;189;198m[48;2;194;183;195m▀[0m[38;2;185;172;186m[48;2;182;167;183m▀[0m[38;2;174;156;176m[48;2;183;168;184m▀[0m[38;2;213;203;214m[48;2;207;197;208m▀[0m[38;2;132;125;132m[48;2;123;117;123m▀[0m[38;2;0;0;0m[48;2;0;0;0m▀[0m      [38;2;88;67;88m▄[0m[38;2;96;73;90m[48;2;168;152;164m▀[0m[38;2;155;140;155m[48;2;202;199;212m▀[0m[38;2;192;190;204m[48;2;108;110;127m▀[0m[38;2;200;203;211m[48;2;50;51;62m▀[0m[38;2;57;57;59m[48;2;26;26;27m▀[0m[38;2;5;5;5m[48;2;17;17;17m▀[0m        
  [38;2;153;153;153m[48;2;102;102;102m▀[0m[38;2;189;166;189m[48;2;136;121;139m▀[0m[38;2;183;160;183m[48;2;138;124;142m▀[0m[38;2;183;160;183m[48;2;137;123;140m▀[0m[38;2;186;160;186m[48;2;138;124;141m▀[0m[38;2;185;160;185m[48;2;131;118;133m▀[0m[38;2;192;166;189m▄[0m[38;2;184;161;182m▄[0m[38;2;189;166;189m▄[0m[38;2;182;160;182m▄[0m                  [38;2;135;106;122m▄[0m[38;2;131;99;116m[48;2;105;141;157m▀[0m[38;2;154;192;205m[48;2;111;192;205m▀[0m[38;2;229;240;251m[48;2;183;181;194m▀[0m[38;2;207;202;214m[48;2;232;232;244m▀[0m[38;2;203;196;208m[48;2;231;233;245m▀[0m[38;2;203;196;208m[48;2;230;232;244m▀[0m[38;2;202;195;208m[48;2;230;232;244m▀[0m[38;2;225;226;239m[48;2;228;229;241m▀[0m[38;2;230;232;244m[48;2;228;229;241m▀[0m[38;2;230;232;244m[48;2;228;229;241m▀[0m[38;2;228;229;241m[48;2;228;229;241m▀[0m[38;2;225;225;237m[48;2;228;228;240m▀[0m[38;2;162;154;171m[48;2;204;204;215m▀[0m[38;2;53;197;210m[48;2;117;193;205m▀[0m[38;2;85;200;215m[48;2;127;189;203m▀[0m[38;2;179;151;171m[48;2;174;149;169m▀[0m[38;2;198;188;199m[48;2;198;188;199m▀[0m[38;2;196;186;197m[48;2;196;186;197m▀[0m[38;2;196;186;197m[48;2;196;186;197m▀[0m[38;2;196;186;197m[48;2;196;186;197m▀[0m[38;2;196;186;197m[48;2;196;186;197m▀[0m[38;2;197;188;198m[48;2;197;188;198m▀[0m[38;2;185;171;186m[48;2;185;170;186m▀[0m[38;2;174;155;174m[48;2;180;164;183m▀[0m[38;2;198;190;199m[48;2;209;203;213m▀[0m[38;2;206;195;207m[48;2;203;191;203m▀[0m[38;2;123;117;123m[48;2;117;111;117m▀[0m[38;2;0;0;0m[48;2;0;0;0m▀[0m    [38;2;89;66;85m▄[0m[38;2;88;63;83m[48;2;174;158;170m▀[0m[38;2;170;154;166m[48;2;212;209;215m▀[0m[38;2;215;212;217m[48;2;104;106;120m▀[0m[38;2;102;104;116m[48;2;67;68;84m▀[0m[38;2;102;102;124m[48;2;107;107;129m▀[0m[38;2;74;75;86m[48;2;73;74;85m▀[0m[38;2;28;28;29m[48;2;28;28;29m▀[0m[38;2;17;17;17m[48;2;17;17;17m▀[0m        
  [38;2;36;36;36m▀[0m[38;2;27;27;32m▀[0m[38;2;46;48;54m[48;2;41;39;46m▀[0m[38;2;51;53;59m[48;2;54;54;60m▀[0m[38;2;47;50;56m[48;2;64;64;71m▀[0m[38;2;57;59;66m[48;2;97;87;99m▀[0m[38;2;133;120;136m[48;2;76;68;79m▀[0m[38;2;128;116;132m[48;2;78;70;80m▀[0m[38;2;130;118;134m[48;2;74;66;77m▀[0m[38;2;124;113;128m[48;2;106;96;108m▀[0m[38;2;172;148;172m[48;2;198;179;197m▀[0m[38;2;165;141;162m[48;2;190;172;190m▀[0m[38;2;172;148;172m[48;2;196;178;195m▀[0m[38;2;165;141;165m[48;2;174;155;173m▀[0m[38;2;159;133;157m▄[0m[38;2;175;151;175m▄[0m[38;2;165;138;165m▄[0m          [38;2;123;100;117m▄[0m[38;2;124;97;113m[48;2;167;156;171m▀[0m[38;2;137;206;221m[48;2;242;236;248m▀[0m[38;2;196;194;207m[48;2;152;118;134m▀[0m[38;2;102;134;148m[48;2;55;169;183m▀[0m[38;2;171;169;182m[48;2;129;125;143m▀[0m[38;2;230;231;244m[48;2;175;163;178m▀[0m[38;2;229;230;242m[48;2;227;228;240m▀[0m[38;2;228;229;241m[48;2;229;230;242m▀[0m[38;2;228;229;241m[48;2;228;229;241m▀[0m[38;2;228;229;241m[48;2;228;229;241m▀[0m[38;2;228;229;241m[48;2;228;229;241m▀[0m[38;2;228;229;241m[48;2;228;229;241m▀[0m[38;2;228;229;241m[48;2;228;229;241m▀[0m[38;2;231;232;244m[48;2;228;229;241m▀[0m[38;2;240;231;243m[48;2;229;230;242m▀[0m[38;2;210;194;207m[48;2;227;227;240m▀[0m[38;2;166;145;166m[48;2;192;180;197m▀[0m[38;2;200;190;201m[48;2;185;170;185m▀[0m[38;2;196;186;197m[48;2;197;187;198m▀[0m[38;2;196;186;197m[48;2;196;186;197m▀[0m[38;2;196;186;197m[48;2;196;186;197m▀[0m[38;2;196;186;197m[48;2;196;186;197m▀[0m[38;2;197;187;198m[48;2;196;186;197m▀[0m[38;2;190;177;190m[48;2;198;189;199m▀[0m[38;2;187;173;190m[48;2;183;167;183m▀[0m[38;2;209;202;217m[48;2;186;171;191m▀[0m[38;2;216;211;222m[48;2;238;243;254m▀[0m[38;2;165;159;168m[48;2;239;236;250m▀[0m[38;2;65;61;63m[48;2;132;129;135m▀[0m[38;2;0;0;0m[48;2;0;0;0m▀[0m [38;2;85;62;85m▄[0m[38;2;86;63;86m[48;2;181;165;176m▀[0m[38;2;177;163;174m[48;2;209;205;213m▀[0m[38;2;210;206;213m[48;2;107;108;122m▀[0m[38;2;105;108;121m[48;2;69;70;86m▀[0m[38;2;69;70;87m[48;2;79;80;95m▀[0m[38;2;76;77;92m[48;2;76;77;92m▀[0m[38;2;107;107;129m[48;2;111;111;134m▀[0m[38;2;75;76;87m[48;2;61;61;70m▀[0m[38;2;30;30;31m[48;2;22;22;22m▀[0m[38;2;15;15;15m[48;2;0;0;0m▀[0m        
     [38;2;41;39;45m▀[0m[38;2;52;51;57m[48;2;37;36;42m▀[0m[38;2;97;86;95m[48;2;56;56;60m▀[0m[38;2;196;187;202m[48;2;206;198;213m▀[0m[38;2;184;174;188m[48;2;237;240;251m▀[0m[38;2;183;173;188m[48;2;234;236;248m▀[0m[38;2;192;183;197m[48;2;233;235;247m▀[0m[38;2;216;212;223m[48;2;230;231;243m▀[0m[38;2;214;210;221m[48;2;230;232;244m▀[0m[38;2;214;211;221m[48;2;230;232;244m▀[0m[38;2;213;207;220m[48;2;232;234;245m▀[0m[38;2;201;186;205m[48;2;225;225;237m▀[0m[38;2;196;178;196m[48;2;214;210;221m▀[0m[38;2;173;154;173m[48;2;214;208;222m▀[0m[38;2;171;145;169m[48;2;208;194;212m▀[0m[38;2;168;144;168m[48;2;166;148;165m▀[0m[38;2;123;102;119m▄[0m      [38;2;119;98;114m▄[0m[38;2;116;94;110m[48;2;175;164;178m▀[0m[38;2;221;219;232m[48;2;235;237;248m▀[0m[38;2;197;187;200m[48;2;146;121;136m▀[0m[38;2;107;144;159m[48;2;59;167;180m▀[0m[38;2;54;154;169m[48;2;40;136;153m▀[0m[38;2;164;147;168m[48;2;109;171;189m▀[0m[38;2;158;140;154m[48;2;197;194;204m▀[0m[38;2;209;205;216m[48;2;174;155;173m▀[0m[38;2;228;229;241m[48;2;229;231;242m▀[0m[38;2;228;229;241m[48;2;228;229;241m▀[0m[38;2;228;229;241m[48;2;228;229;241m▀[0m[38;2;228;229;241m[48;2;228;229;241m▀[0m[38;2;228;229;241m[48;2;228;229;241m▀[0m[38;2;228;229;241m[48;2;228;229;241m▀[0m[38;2;228;229;241m[48;2;228;229;241m▀[0m[38;2;228;229;241m[48;2;228;229;241m▀[0m[38;2;230;231;243m[48;2;229;230;242m▀[0m[38;2;223;223;235m[48;2;220;218;231m▀[0m[38;2;167;145;166m[48;2;167;146;166m▀[0m[38;2;198;188;199m[48;2;198;188;199m▀[0m[38;2;196;186;197m[48;2;196;186;197m▀[0m[38;2;196;186;197m[48;2;196;186;197m▀[0m[38;2;196;186;197m[48;2;196;186;197m▀[0m[38;2;196;186;197m[48;2;196;186;197m▀[0m[38;2;197;187;198m[48;2;196;186;197m▀[0m[38;2;191;179;191m[48;2;198;189;199m▀[0m[38;2;186;171;188m[48;2;182;166;181m▀[0m[38;2;211;206;220m[48;2;188;174;193m▀[0m[38;2;244;246;255m[48;2;240;244;253m▀[0m[38;2;130;131;137m[48;2;192;194;203m▀[0m[38;2;0;0;0m[48;2;124;117;129m▀[0m[38;2;106;74;100m[48;2;170;155;167m▀[0m[38;2;180;165;177m[48;2;218;208;215m▀[0m[38;2;206;203;210m[48;2;122;119;133m▀[0m[38;2;98;100;110m[48;2;59;61;75m▀[0m[38;2;64;65;80m[48;2;65;66;76m▀[0m[38;2;81;82;98m[48;2;64;65;75m▀[0m[38;2;79;80;96m[48;2;74;75;89m▀[0m[38;2;76;77;92m[48;2;95;95;115m▀[0m[38;2;87;88;104m[48;2;66;68;77m▀[0m[38;2;32;32;35m[48;2;31;31;34m▀[0m[38;2;40;41;43m[48;2;63;63;74m▀[0m[38;2;55;57;63m[48;2;73;74;86m▀[0m[38;2;53;55;61m[48;2;72;73;85m▀[0m[38;2;57;57;63m[48;2;74;75;87m▀[0m[38;2;57;57;64m▄[0m[38;2;53;55;61m▄[0m[38;2;55;57;63m▄[0m   
  [38;2;51;51;58m▄[0m[38;2;55;57;63m▄[0m[38;2;52;53;58m[48;2;100;101;119m▀[0m[38;2;50;51;56m[48;2;93;94;111m▀[0m[38;2;52;52;60m[48;2;57;58;64m▀[0m[38;2;56;56;63m[48;2;47;49;54m▀[0m[38;2;92;85;93m[48;2;36;34;34m▀[0m[38;2;244;247;255m[48;2;197;186;202m▀[0m[38;2;228;228;240m[48;2;231;233;245m▀[0m[38;2;228;229;241m[48;2;228;229;241m▀[0m[38;2;228;229;241m[48;2;228;229;241m▀[0m[38;2;228;229;241m[48;2;228;229;241m▀[0m[38;2;228;229;241m[48;2;228;229;241m▀[0m[38;2;228;229;241m[48;2;228;229;241m▀[0m[38;2;229;230;242m[48;2;228;229;241m▀[0m[38;2;230;232;244m[48;2;228;229;241m▀[0m[38;2;232;234;246m[48;2;228;229;241m▀[0m[38;2;230;230;241m[48;2;231;233;245m▀[0m[38;2;181;167;182m[48;2;217;215;227m▀[0m[38;2;110;85;103m[48;2;171;157;172m▀[0m[38;2;109;86;104m▄[0m  [38;2;174;150;171m▄[0m[38;2;167;141;164m▄[0m[38;2;163;140;163m[48;2;202;194;210m▀[0m[38;2;130;107;124m[48;2;165;146;165m▀[0m[38;2;217;215;228m[48;2;221;219;233m▀[0m[38;2;187;180;193m[48;2;147;126;141m▀[0m[38;2;184;155;168m[48;2;116;168;180m▀[0m[38;2;69;152;167m[48;2;54;138;155m▀[0m[38;2;145;185;200m[48;2;231;224;236m▀[0m[38;2;79;207;221m[48;2;85;208;222m▀[0m[38;2;169;166;182m[48;2;159;142;164m▀[0m[38;2;215;204;214m[48;2;255;255;255m▀[0m[38;2;189;176;194m[48;2;220;212;220m▀[0m[38;2;231;233;244m[48;2;190;176;194m▀[0m[38;2;228;229;241m[48;2;230;231;243m▀[0m[38;2;228;229;241m[48;2;228;229;241m▀[0m[38;2;228;229;241m[48;2;228;229;241m▀[0m[38;2;228;229;241m[48;2;228;229;241m▀[0m[38;2;228;229;241m[48;2;228;229;241m▀[0m[38;2;228;229;241m[48;2;228;229;241m▀[0m[38;2;228;230;242m[48;2;228;229;241m▀[0m[38;2;222;220;233m[48;2;227;228;240m▀[0m[38;2;182;167;181m[48;2;210;206;217m▀[0m[38;2;199;189;200m[48;2;179;163;180m▀[0m[38;2;196;186;197m[48;2;197;187;198m▀[0m[38;2;196;186;197m[48;2;196;186;197m▀[0m[38;2;196;186;197m[48;2;197;188;199m▀[0m[38;2;197;187;198m[48;2;183;170;183m▀[0m[38;2;201;192;202m[48;2;147;128;143m▀[0m[38;2;199;190;201m[48;2;173;158;171m▀[0m[38;2;191;179;191m[48;2;206;198;207m▀[0m[38;2;185;171;188m[48;2;185;169;185m▀[0m[38;2;211;206;221m[48;2;200;189;208m▀[0m[38;2;209;205;219m[48;2;179;171;185m▀[0m[38;2;191;180;191m[48;2;176;165;176m▀[0m[38;2;241;237;239m[48;2;237;236;243m▀[0m[38;2;185;173;186m[48;2;189;179;192m▀[0m[38;2;75;66;79m[48;2;130;116;129m▀[0m[38;2;86;88;104m[48;2;86;81;94m▀[0m[38;2;84;85;101m[48;2;67;69;80m▀[0m[38;2;65;66;77m[48;2;91;92;110m▀[0m[38;2;59;60;69m[48;2;99;100;119m▀[0m[38;2;106;106;127m[48;2;85;85;99m▀[0m[38;2;76;77;88m[48;2;52;52;59m▀[0m[38;2;48;48;53m[48;2;66;67;78m▀[0m[38;2;73;74;88m[48;2;80;81;97m▀[0m[38;2;80;81;98m[48;2;78;79;96m▀[0m[38;2;77;78;94m[48;2;99;100;120m▀[0m[38;2;77;78;94m[48;2;106;106;127m▀[0m[38;2;75;76;90m[48;2;60;60;71m▀[0m[38;2;75;76;90m[48;2;54;54;63m▀[0m[38;2;75;77;90m[48;2;66;67;78m▀[0m[38;2;41;40;45m[48;2;54;55;62m▀[0m[38;2;38;36;43m[48;2;55;55;63m▀[0m[38;2;41;41;48m[48;2;33;32;35m▀[0m
[38;2;61;61;69m[48;2;37;37;40m▀[0m[38;2;58;60;67m[48;2;63;64;72m▀[0m[38;2;101;101;120m[48;2;79;80;93m▀[0m[38;2;98;98;116m[48;2;75;76;88m▀[0m[38;2;78;79;92m[48;2;54;54;61m▀[0m[38;2;78;79;91m[48;2;39;39;43m▀[0m[38;2;55;56;63m[48;2;45;45;51m▀[0m[38;2;45;45;51m[48;2;70;70;85m▀[0m[38;2;54;53;63m[48;2;64;65;79m▀[0m[38;2;89;83;89m[48;2;53;54;53m▀[0m[38;2;240;241;253m[48;2;248;251;255m▀[0m[38;2;228;229;241m[48;2;228;228;240m▀[0m[38;2;228;229;241m[48;2;228;229;241m▀[0m[38;2;228;229;241m[48;2;228;229;241m▀[0m[38;2;228;229;241m[48;2;228;229;241m▀[0m[38;2;228;229;241m[48;2;228;229;241m▀[0m[38;2;228;229;241m[48;2;228;229;241m▀[0m[38;2;228;229;241m[48;2;228;229;241m▀[0m[38;2;228;229;241m[48;2;228;229;241m▀[0m[38;2;228;229;241m[48;2;228;229;241m▀[0m[38;2;237;241;251m[48;2;230;231;243m▀[0m[38;2;179;168;182m[48;2;215;213;226m▀[0m[38;2;139;115;135m[48;2;171;155;171m▀[0m[38;2;176;155;176m[48;2;127;114;136m▀[0m[38;2;170;145;165m[48;2;191;184;202m▀[0m[38;2;125;113;137m[48;2;209;208;223m▀[0m[38;2;198;191;209m[48;2;158;162;180m▀[0m[38;2;203;192;209m[48;2;150;132;154m▀[0m[38;2;206;198;215m[48;2;227;224;238m▀[0m[38;2;174;164;179m[48;2;152;131;146m▀[0m[38;2;187;157;170m[48;2;106;163;176m▀[0m[38;2;73;174;186m[48;2;63;154;169m▀[0m[38;2;47;158;173m[48;2;69;188;201m▀[0m[38;2;119;205;218m[48;2;65;201;215m▀[0m[38;2;175;221;234m[48;2;224;228;240m▀[0m[38;2;112;186;202m[48;2;87;209;223m▀[0m[38;2;209;209;217m[48;2;164;157;175m▀[0m[38;2;255;255;255m[48;2;251;249;250m▀[0m[38;2;182;166;181m[48;2;239;236;239m▀[0m[38;2;209;203;213m[48;2;171;151;171m▀[0m[38;2;228;229;241m[48;2;232;234;246m▀[0m[38;2;228;229;241m[48;2;228;229;241m▀[0m[38;2;228;229;241m[48;2;228;229;241m▀[0m[38;2;228;229;241m[48;2;228;229;241m▀[0m[38;2;228;229;241m[48;2;228;229;241m▀[0m[38;2;228;229;241m[48;2;228;229;241m▀[0m[38;2;229;230;242m[48;2;229;230;242m▀[0m[38;2;219;217;230m[48;2;221;219;232m▀[0m[38;2;166;145;166m[48;2;185;170;184m▀[0m[38;2;198;188;199m[48;2;198;189;200m▀[0m[38;2;196;186;197m[48;2;196;186;197m▀[0m[38;2;196;186;196m[48;2;194;183;194m▀[0m[38;2;198;189;201m[48;2;213;205;216m▀[0m[38;2;166;160;176m[48;2;197;200;216m▀[0m[38;2;120;110;128m[48;2;124;123;143m▀[0m[38;2;149;131;145m[48;2;205;199;212m▀[0m[38;2;145;126;142m[48;2;163;159;175m▀[0m[38;2;151;134;150m[48;2;107;95;115m▀[0m[38;2;180;172;186m[48;2;164;149;163m▀[0m[38;2;204;199;212m[48;2;208;201;212m▀[0m[38;2;200;192;203m[48;2;194;184;195m▀[0m[38;2;200;191;202m[48;2;200;191;202m▀[0m[38;2;168;151;166m[48;2;164;147;162m▀[0m[38;2;83;74;85m[48;2;83;75;86m▀[0m[38;2;49;51;57m[48;2;53;55;62m▀[0m[38;2;70;71;82m[48;2;55;56;63m▀[0m[38;2;81;82;95m[48;2;55;56;62m▀[0m[38;2;63;64;73m[48;2;46;45;51m▀[0m[38;2;40;40;45m[48;2;48;48;54m▀[0m[38;2;49;48;57m[48;2;52;52;58m▀[0m[38;2;52;51;61m[48;2;50;50;56m▀[0m[38;2;61;62;72m[48;2;55;56;62m▀[0m[38;2;76;76;89m[48;2;55;56;62m▀[0m[38;2;79;80;93m[48;2;54;55;62m▀[0m[38;2;52;53;60m[48;2;58;60;67m▀[0m[38;2;49;49;55m[48;2;61;62;70m▀[0m[38;2;58;59;67m[48;2;35;36;39m▀[0m[38;2;49;48;55m[48;2;28;28;29m▀[0m[38;2;37;37;39m[48;2;17;17;17m▀[0m[38;2;19;19;19m▀[0m
[38;2;17;17;13m▀[0m[38;2;32;33;35m[48;2;16;16;12m▀[0m[38;2;32;32;33m[48;2;13;13;13m▀[0m[38;2;56;56;63m[48;2;45;44;50m▀[0m[38;2;44;43;50m[48;2;70;70;85m▀[0m[38;2;68;68;81m[48;2;80;81;97m▀[0m[38;2;69;69;82m[48;2;79;80;97m▀[0m[38;2;80;81;98m[48;2;78;79;95m▀[0m[38;2;73;74;89m[48;2;78;80;97m▀[0m[38;2;80;77;90m[48;2;62;63;78m▀[0m[38;2;187;174;189m[48;2;83;80;82m▀[0m[38;2;232;234;246m[48;2;254;255;255m▀[0m[38;2;226;227;240m[48;2;252;252;255m▀[0m[38;2;226;227;240m[48;2;252;253;255m▀[0m[38;2;227;228;240m[48;2;243;245;250m▀[0m[38;2;228;229;241m[48;2;226;227;240m▀[0m[38;2;228;229;241m[48;2;226;227;240m▀[0m[38;2;228;229;241m[48;2;226;227;240m▀[0m[38;2;228;229;241m[48;2;226;227;240m▀[0m[38;2;228;229;241m[48;2;226;227;240m▀[0m[38;2;228;229;241m[48;2;227;228;241m▀[0m[38;2;238;241;252m[48;2;230;231;243m▀[0m[38;2;164;152;166m[48;2;212;210;223m▀[0m[38;2;163;155;170m[48;2;233;232;243m▀[0m[38;2;163;165;183m[48;2;123;125;141m▀[0m[38;2;209;211;224m[48;2;173;175;189m▀[0m[38;2;173;162;181m[48;2;190;173;192m▀[0m[38;2;194;186;203m[48;2;224;220;235m▀[0m[38;2;172;161;176m[48;2;157;135;150m▀[0m[38;2;189;159;172m[48;2;98;159;172m▀[0m[38;2;79;177;189m[48;2;61;153;169m▀[0m[38;2;49;137;153m[48;2;70;179;194m▀[0m[38;2;77;193;207m[48;2;63;199;213m▀[0m[38;2;62;202;216m[48;2;189;223;235m▀[0m[38;2;227;228;240m[48;2;123;211;224m▀[0m[38;2;81;206;220m[48;2;188;222;235m▀[0m[38;2;163;143;164m[48;2;104;191;207m▀[0m[38;2;254;252;252m[48;2;205;204;211m▀[0m[38;2;255;255;255m[48;2;253;253;253m▀[0m[38;2;229;223;229m[48;2;255;255;255m▀[0m[38;2;180;164;184m[48;2;231;225;231m▀[0m[38;2;230;232;244m[48;2;206;200;210m▀[0m[38;2;228;229;241m[48;2;231;232;245m▀[0m[38;2;228;229;241m[48;2;228;229;241m▀[0m[38;2;228;229;241m[48;2;228;229;241m▀[0m[38;2;228;229;241m[48;2;228;229;241m▀[0m[38;2;228;229;241m[48;2;228;229;241m▀[0m[38;2;228;229;240m[48;2;229;231;242m▀[0m[38;2;212;207;219m[48;2;218;215;228m▀[0m[38;2;177;160;177m[48;2;169;149;168m▀[0m[38;2;197;187;198m[48;2;197;187;198m▀[0m[38;2;204;196;207m[48;2;209;202;213m▀[0m[38;2;198;198;212m[48;2;184;186;200m▀[0m[38;2;154;156;174m[48;2;118;118;135m▀[0m[38;2;211;212;226m[48;2;245;246;255m▀[0m[38;2;243;246;255m[48;2;196;198;213m▀[0m[38;2;192;188;203m[48;2;127;119;137m▀[0m[38;2;139;125;140m[48;2;160;142;156m▀[0m[38;2;189;178;189m[48;2;201;193;204m▀[0m[38;2;196;186;197m[48;2;196;186;197m▀[0m[38;2;196;186;197m[48;2;196;186;197m▀[0m[38;2;200;191;202m[48;2;200;191;202m▀[0m[38;2;164;147;162m[48;2;164;147;162m▀[0m[38;2;83;75;86m[48;2;83;75;86m▀[0m[38;2;53;55;62m[48;2;54;56;63m▀[0m[38;2;57;58;65m[48;2;55;56;63m▀[0m[38;2;55;56;62m[48;2;67;68;80m▀[0m[38;2;63;64;75m[48;2;78;79;95m▀[0m[38;2;74;75;89m[48;2;80;81;98m▀[0m[38;2;48;49;56m[48;2;73;73;88m▀[0m[38;2;55;56;63m[48;2;44;43;50m▀[0m[38;2;57;58;66m[48;2;54;55;61m▀[0m[38;2;57;58;65m[48;2;61;62;70m▀[0m[38;2;60;61;68m[48;2;35;36;38m▀[0m[38;2;48;48;55m[48;2;27;27;28m▀[0m[38;2;34;34;37m[48;2;19;19;19m▀[0m[38;2;18;18;18m▀[0m[38;2;18;18;18m▀[0m  
[38;2;127;127;127m▄[0m[38;2;138;117;134m▄[0m[38;2;36;37;42m[48;2;113;96;111m▀[0m[38;2;68;70;84m[48;2;119;103;120m▀[0m[38;2;76;78;95m[48;2;118;102;118m▀[0m[38;2;75;77;93m[48;2;118;102;118m▀[0m[38;2;75;77;93m[48;2;118;102;118m▀[0m[38;2;74;76;92m[48;2;117;101;117m▀[0m[38;2;82;82;98m[48;2;129;115;130m▀[0m[38;2;113;96;111m[48;2;190;179;190m▀[0m[38;2;124;111;122m[48;2;189;177;190m▀[0m[38;2;212;205;214m[48;2;195;185;197m▀[0m[38;2;209;201;209m[48;2;195;184;196m▀[0m[38;2;208;199;208m[48;2;194;184;195m▀[0m[38;2;215;210;220m[48;2;197;187;198m▀[0m[38;2;240;241;250m[48;2;204;196;206m▀[0m[38;2;253;254;255m[48;2;207;199;208m▀[0m[38;2;252;253;255m[48;2;207;199;207m▀[0m[38;2;252;253;255m[48;2;207;199;207m▀[0m[38;2;253;254;255m[48;2;207;199;208m▀[0m[38;2;241;242;249m[48;2;208;200;210m▀[0m[38;2;231;233;245m[48;2;168;156;170m▀[0m[38;2;235;238;250m[48;2;183;171;184m▀[0m[38;2;222;218;229m[48;2;134;131;145m▀[0m[38;2;178;168;180m[48;2;186;187;201m▀[0m[38;2;214;213;224m[48;2;201;189;206m▀[0m[38;2;189;174;193m[48;2;218;209;223m▀[0m[38;2;149;131;149m[48;2;159;135;150m▀[0m[38;2;190;162;175m[48;2;92;154;168m▀[0m[38;2;85;176;188m[48;2;61;179;191m▀[0m[38;2;50;138;156m[48;2;54;165;178m▀[0m[38;2;69;190;206m[48;2;57;193;207m▀[0m[38;2;184;223;236m[48;2;224;229;241m▀[0m[38;2;129;212;225m[48;2;99;207;220m▀[0m[38;2;71;202;216m[48;2;70;202;216m▀[0m[38;2;224;228;241m[48;2;228;230;241m▀[0m[38;2;86;208;221m[48;2;80;205;219m▀[0m[38;2;165;154;173m[48;2;166;144;165m▀[0m[38;2;253;252;252m[48;2;232;232;243m▀[0m[38;2;254;254;254m[48;2;254;254;254m▀[0m[38;2;255;255;255m[48;2;254;254;254m▀[0m[38;2;169;150;169m[48;2;214;210;224m▀[0m[38;2;206;200;211m[48;2;171;152;170m▀[0m[38;2;229;230;242m[48;2;233;235;247m▀[0m[38;2;228;229;241m[48;2;228;229;241m▀[0m[38;2;228;229;241m[48;2;228;229;241m▀[0m[38;2;228;229;241m[48;2;228;229;241m▀[0m[38;2;229;231;242m[48;2;228;229;241m▀[0m[38;2;216;213;226m[48;2;227;227;239m▀[0m[38;2;167;146;165m[48;2;213;208;221m▀[0m[38;2;197;187;198m[48;2;194;184;195m▀[0m[38;2;210;203;214m[48;2;198;188;199m▀[0m[38;2;180;182;195m[48;2;209;205;216m▀[0m[38;2;108;109;125m[48;2;168;169;183m▀[0m[38;2;252;253;255m[48;2;147;148;162m▀[0m[38;2;184;185;201m[48;2;183;186;199m▀[0m[38;2;107;99;119m[48;2;86;78;95m▀[0m[38;2;160;143;157m[48;2;160;143;157m▀[0m[38;2;200;191;202m[48;2;203;194;205m▀[0m[38;2;196;186;197m[48;2;196;186;197m▀[0m[38;2;196;186;197m[48;2;196;186;197m▀[0m[38;2;200;191;202m[48;2;200;191;202m▀[0m[38;2;164;147;162m[48;2;163;146;161m▀[0m[38;2;85;78;89m[48;2;67;59;68m▀[0m[38;2;42;42;48m[48;2;54;56;66m▀[0m[38;2;61;62;73m[48;2;79;80;96m▀[0m[38;2;79;80;96m[48;2;79;80;96m▀[0m[38;2;78;79;95m[48;2;78;79;95m▀[0m[38;2;78;79;95m[48;2;78;79;95m▀[0m[38;2;78;79;94m[48;2;78;79;94m▀[0m[38;2;99;99;118m[48;2;83;84;102m▀[0m[38;2;51;50;58m[48;2;102;103;122m▀[0m[38;2;29;29;31m[48;2;45;43;50m▀[0m[38;2;19;19;19m[48;2;0;0;0m▀[0m[38;2;19;19;19m▀[0m     
[38;2;0;0;0m[48;2;0;0;0m▀[0m[38;2;46;43;46m[48;2;13;20;13m▀[0m[38;2;200;188;200m[48;2;43;42;43m▀[0m[38;2;196;184;196m[48;2;54;53;55m▀[0m[38;2;187;176;187m[48;2;210;200;211m▀[0m[38;2;188;176;188m[48;2;204;193;205m▀[0m[38;2;188;176;188m[48;2;197;187;198m▀[0m[38;2;187;176;187m[48;2;197;187;198m▀[0m[38;2;189;178;189m[48;2;197;187;198m▀[0m[38;2;198;188;199m[48;2;196;186;197m▀[0m[38;2;197;187;198m[48;2;196;186;197m▀[0m[38;2;196;186;197m[48;2;196;186;197m▀[0m[38;2;196;186;197m[48;2;196;186;197m▀[0m[38;2;196;186;197m[48;2;196;186;197m▀[0m[38;2;196;186;197m[48;2;196;186;197m▀[0m[38;2;195;185;196m[48;2;196;186;197m▀[0m[38;2;195;185;196m[48;2;196;186;197m▀[0m[38;2;195;185;196m[48;2;196;186;197m▀[0m[38;2;195;185;196m[48;2;196;186;197m▀[0m[38;2;195;184;196m[48;2;200;191;201m▀[0m[38;2;201;192;203m[48;2;174;159;173m▀[0m[38;2;159;143;158m[48;2;78;68;76m▀[0m[38;2;183;167;182m[48;2;36;35;36m▀[0m[38;2;100;96;102m[48;2;37;37;37m▀[0m[38;2;25;29;28m[48;2;0;0;0m▀[0m[38;2;136;117;132m[48;2;176;144;166m▀[0m[38;2;99;132;147m[48;2;75;116;132m▀[0m[38;2;161;161;172m[48;2;161;163;173m▀[0m[38;2;91;177;190m[48;2;99;183;195m▀[0m[38;2;50;147;162m[48;2;41;138;156m▀[0m[38;2;57;185;199m[48;2;187;209;222m▀[0m[38;2;195;224;237m[48;2;118;212;225m▀[0m[38;2;122;210;224m[48;2;71;201;216m▀[0m[38;2;80;204;217m[48;2;72;202;216m▀[0m[38;2;78;203;217m[48;2;73;202;216m▀[0m[38;2;95;206;219m[48;2;65;200;215m▀[0m[38;2;202;225;237m[48;2;224;228;240m▀[0m[38;2;96;197;212m[48;2;79;205;219m▀[0m[38;2;197;193;204m[48;2;166;152;172m▀[0m[38;2;254;254;254m[48;2;230;231;242m▀[0m[38;2;254;254;254m[48;2;255;255;255m▀[0m[38;2;250;251;253m[48;2;253;253;254m▀[0m[38;2;215;212;227m[48;2;227;227;240m▀[0m[38;2;178;160;180m[48;2;190;178;190m▀[0m[38;2;231;234;246m[48;2;203;195;206m▀[0m[38;2;228;229;241m[48;2;229;231;243m▀[0m[38;2;228;229;241m[48;2;228;229;241m▀[0m[38;2;228;229;241m[48;2;228;229;241m▀[0m[38;2;229;230;242m[48;2;229;230;242m▀[0m[38;2;223;221;233m[48;2;222;220;232m▀[0m[38;2;196;185;196m[48;2;193;182;193m▀[0m[38;2;178;166;178m[48;2;195;186;196m▀[0m[38;2;157;141;155m[48;2;173;159;172m▀[0m[38;2;165;162;174m[48;2;125;105;122m▀[0m[38;2;112;110;126m[48;2;148;133;147m▀[0m[38;2;155;150;163m[48;2;204;194;204m▀[0m[38;2;125;127;143m[48;2;153;149;163m▀[0m[38;2;197;188;201m[48;2;50;51;60m▀[0m[38;2;164;148;162m[48;2;102;95;101m▀[0m[38;2;199;190;201m[48;2;216;205;217m▀[0m[38;2;196;186;197m[48;2;200;189;201m▀[0m[38;2;197;187;198m[48;2;195;186;196m▀[0m[38;2;196;185;197m[48;2;197;187;198m▀[0m[38;2;147;130;145m[48;2;193;183;194m▀[0m[38;2;72;67;78m[48;2;183;173;184m▀[0m[38;2;49;51;59m[48;2;183;175;185m▀[0m[38;2;69;71;84m[48;2;144;129;144m▀[0m[38;2;79;80;97m[48;2;70;66;77m▀[0m[38;2;79;80;97m[48;2;50;52;59m▀[0m[38;2;78;79;95m[48;2;71;72;86m▀[0m[38;2;77;78;94m[48;2;77;79;94m▀[0m[38;2;82;83;100m[48;2;78;79;95m▀[0m[38;2;105;105;125m[48;2;82;83;100m▀[0m[38;2;48;46;53m[48;2;106;106;127m▀[0m[38;2;0;0;21m[48;2;47;46;54m▀[0m[38;2;25;25;25m▄[0m    
  [38;2;0;0;0m▀[0m[38;2;13;13;13m▀[0m[38;2;37;36;37m[48;2;0;0;0m▀[0m[38;2;55;53;55m[48;2;17;17;17m▀[0m[38;2;210;199;211m[48;2;35;34;35m▀[0m[38;2;202;191;203m[48;2;29;29;29m▀[0m[38;2;201;190;202m[48;2;62;60;63m▀[0m[38;2;196;186;197m[48;2;210;199;211m▀[0m[38;2;196;186;197m[48;2;200;189;201m▀[0m[38;2;196;186;197m[48;2;200;189;201m▀[0m[38;2;196;186;197m[48;2;200;189;201m▀[0m[38;2;196;186;197m[48;2;200;189;201m▀[0m[38;2;196;186;197m[48;2;200;189;201m▀[0m[38;2;196;186;197m[48;2;200;189;201m▀[0m[38;2;196;186;197m[48;2;209;198;210m▀[0m[38;2;198;188;199m[48;2;129;123;129m▀[0m[38;2;204;194;205m[48;2;22;22;22m▀[0m[38;2;192;176;192m[48;2;33;32;33m▀[0m[38;2;162;139;160m[48;2;37;34;37m▀[0m[38;2;113;96;112m[48;2;145;109;145m▀[0m[38;2;0;0;0m▀[0m[38;2;0;0;0m▀[0m[38;2;185;154;177m[48;2;184;153;175m▀[0m[38;2;90;122;139m[48;2;82;119;136m▀[0m[38;2;149;156;168m[48;2;144;156;167m▀[0m[38;2;102;177;189m[48;2;231;225;236m▀[0m[38;2;54;174;187m[48;2;87;158;174m▀[0m[38;2;40;165;178m[48;2;184;206;219m▀[0m[38;2;198;218;230m[48;2;119;212;224m▀[0m[38;2;225;229;241m[48;2;86;204;218m▀[0m[38;2;219;227;240m[48;2;90;205;219m▀[0m[38;2;219;227;240m[48;2;90;205;219m▀[0m[38;2;219;227;240m[48;2;90;205;219m▀[0m[38;2;219;227;240m[48;2;82;203;217m▀[0m[38;2;228;229;241m[48;2;221;228;240m▀[0m[38;2;216;228;240m[48;2;232;230;242m▀[0m[38;2;172;147;168m[48;2;89;200;215m▀[0m[38;2;228;228;241m[48;2;197;189;201m▀[0m[38;2;231;232;242m[48;2;228;229;241m▀[0m[38;2;253;253;254m[48;2;254;253;254m▀[0m[38;2;228;229;241m[48;2;228;229;241m▀[0m[38;2;224;223;235m[48;2;223;224;236m▀[0m[38;2;199;189;200m[48;2;173;153;174m▀[0m[38;2;229;231;243m[48;2;231;232;244m▀[0m[38;2;228;229;241m[48;2;228;229;241m▀[0m[38;2;228;229;241m[48;2;228;229;241m▀[0m[38;2;228;229;241m[48;2;228;229;241m▀[0m[38;2;228;229;241m[48;2;229;230;242m▀[0m[38;2;218;216;228m[48;2;223;221;233m▀[0m[38;2;195;184;195m[48;2;188;174;188m▀[0m[38;2;196;186;197m[48;2;165;142;164m▀[0m[38;2;192;181;193m[48;2;188;173;191m▀[0m[38;2;171;157;170m[48;2;228;230;242m▀[0m[38;2;133;113;129m[48;2;226;226;238m▀[0m[38;2;106;95;111m[48;2;183;176;189m▀[0m[38;2;124;123;136m[48;2;123;104;120m▀[0m[38;2;121;115;121m[48;2;125;106;122m▀[0m[38;2;13;13;13m[48;2;161;146;160m▀[0m[38;2;119;113;120m[48;2;109;105;110m▀[0m[38;2;213;201;214m[48;2;11;11;11m▀[0m[38;2;198;188;199m[48;2;128;122;128m▀[0m[38;2;196;186;197m[48;2;209;198;210m▀[0m[38;2;197;187;198m[48;2;200;190;201m▀[0m[38;2;198;188;199m[48;2;197;187;198m▀[0m[38;2;193;183;194m[48;2;196;186;197m▀[0m[38;2;185;175;186m[48;2;197;187;198m▀[0m[38;2;187;179;189m[48;2;197;187;198m▀[0m[38;2;138;122;137m[48;2;193;182;194m▀[0m[38;2;127;108;125m[48;2;195;184;196m▀[0m[38;2;67;64;74m[48;2;191;182;193m▀[0m[38;2;51;53;60m[48;2;200;189;201m▀[0m[38;2;80;81;97m[48;2;47;45;48m▀[0m[38;2;80;81;97m[48;2;24;24;25m▀[0m[38;2;45;44;52m[48;2;24;24;25m▀[0m[38;2;34;34;51m[48;2;15;15;15m▀[0m   
      [38;2;0;0;0m▀[0m[38;2;0;0;0m▀[0m[38;2;23;23;23m[48;2;0;0;0m▀[0m[38;2;30;30;30m[48;2;0;0;0m▀[0m[38;2;29;28;29m[48;2;0;0;0m▀[0m[38;2;29;28;29m[48;2;0;0;0m▀[0m[38;2;29;28;29m[48;2;0;0;0m▀[0m[38;2;29;28;29m[48;2;0;0;0m▀[0m[38;2;29;28;29m[48;2;0;0;0m▀[0m[38;2;29;28;29m[48;2;0;0;0m▀[0m[38;2;30;30;30m[48;2;0;0;0m▀[0m[38;2;28;26;28m[48;2;0;0;0m▀[0m[38;2;0;0;0m▀[0m[38;2;0;0;0m▀[0m[38;2;0;0;0m▀[0m  [38;2;44;96;108m▄[0m[38;2;34;98;110m[48;2;45;152;165m▀[0m[38;2;155;163;175m[48;2;159;186;197m▀[0m[38;2;108;180;192m[48;2;105;180;192m▀[0m[38;2;59;178;191m[48;2;38;143;159m▀[0m[38;2;45;141;158m[48;2;190;205;218m▀[0m[38;2;200;209;222m[48;2;110;210;224m▀[0m[38;2;113;211;224m[48;2;201;225;237m▀[0m[38;2;74;202;216m[48;2;108;208;222m▀[0m[38;2;78;203;217m[48;2;76;202;217m▀[0m[38;2;78;203;217m[48;2;72;202;216m▀[0m[38;2;71;202;216m[48;2;215;226;238m▀[0m[38;2;214;227;239m[48;2;96;207;220m▀[0m[38;2;92;205;219m[48;2;74;202;216m▀[0m[38;2;222;228;240m[48;2;223;228;240m▀[0m[38;2;84;204;218m[48;2;84;204;218m▀[0m[38;2;167;149;170m[48;2;166;148;169m▀[0m[38;2;228;229;241m[48;2;228;229;241m▀[0m[38;2;229;230;242m[48;2;228;229;241m▀[0m[38;2;228;229;241m[48;2;228;229;241m▀[0m[38;2;223;223;236m[48;2;223;223;236m▀[0m[38;2;171;151;172m[48;2;171;151;172m▀[0m[38;2;231;232;244m[48;2;231;232;244m▀[0m[38;2;228;229;241m[48;2;228;229;241m▀[0m[38;2;228;229;241m[48;2;228;229;241m▀[0m[38;2;228;229;241m[48;2;230;232;244m▀[0m[38;2;231;232;244m[48;2;206;202;215m▀[0m[38;2;204;200;213m[48;2;149;133;148m▀[0m[38;2;150;135;150m[48;2;233;234;246m▀[0m[38;2;232;233;245m[48;2;228;229;241m▀[0m[38;2;226;226;239m[48;2;228;229;241m▀[0m[38;2;228;230;242m[48;2;228;229;241m▀[0m[38;2;229;230;242m[48;2;228;229;241m▀[0m[38;2;227;227;239m[48;2;230;231;243m▀[0m[38;2;225;225;239m[48;2;215;212;223m▀[0m[38;2;213;209;221m[48;2;195;184;195m▀[0m[38;2;163;148;162m[48;2;206;196;207m▀[0m[38;2;126;107;124m[48;2;107;102;107m▀[0m[38;2;133;113;129m[48;2;17;16;17m▀[0m[38;2;70;62;68m[48;2;24;24;24m▀[0m[38;2;24;24;24m[48;2;0;0;0m▀[0m[38;2;16;17;16m[48;2;0;0;0m▀[0m[38;2;141;133;142m[48;2;25;25;25m▀[0m[38;2;205;194;206m[48;2;26;26;26m▀[0m[38;2;197;187;198m[48;2;25;25;25m▀[0m[38;2;197;187;198m[48;2;25;25;25m▀[0m[38;2;209;198;210m[48;2;19;20;19m▀[0m[38;2;62;60;62m[48;2;115;100;114m▀[0m[38;2;25;25;25m[48;2;127;107;122m▀[0m[38;2;31;30;31m[48;2;0;0;0m▀[0m[38;2;29;29;29m▀[0m[38;2;23;23;0m▀[0m[38;2;23;23;23m▀[0m[38;2;0;0;0m▀[0m   
                     [38;2;204;153;204m▄[0m[38;2;0;85;85m[48;2;50;98;111m▀[0m[38;2;29;97;110m[48;2;44;151;165m▀[0m[38;2;153;164;176m[48;2;155;186;197m▀[0m[38;2;98;177;189m[48;2;97;174;186m▀[0m[38;2;181;218;230m[48;2;175;212;225m▀[0m[38;2;109;162;178m[48;2;107;189;201m▀[0m[38;2;68;184;199m[48;2;67;193;207m▀[0m[38;2;70;203;217m[48;2;69;202;216m▀[0m[38;2;208;225;238m[48;2;208;225;238m▀[0m[38;2;109;208;222m[48;2;108;208;222m▀[0m[38;2;75;202;217m[48;2;74;202;216m▀[0m[38;2;76;203;217m[48;2;211;226;238m▀[0m[38;2;215;227;239m[48;2;94;206;220m▀[0m[38;2;92;206;219m[48;2;76;203;217m▀[0m[38;2;74;202;216m[48;2;78;203;217m▀[0m[38;2;219;227;239m[48;2;75;203;217m▀[0m[38;2;87;205;219m[48;2;225;228;240m▀[0m[38;2;164;149;170m[48;2;82;203;217m▀[0m[38;2;227;228;240m[48;2;195;185;196m▀[0m[38;2;228;229;241m[48;2;228;229;241m▀[0m[38;2;228;229;241m[48;2;228;229;241m▀[0m[38;2;223;223;236m[48;2;226;226;238m▀[0m[38;2;172;152;173m[48;2;198;188;199m▀[0m[38;2;231;232;244m[48;2;229;231;243m▀[0m[38;2;228;229;241m[48;2;228;229;241m▀[0m[38;2;230;231;243m[48;2;229;230;242m▀[0m[38;2;209;206;218m[48;2;206;202;214m▀[0m[38;2;144;128;143m[48;2;148;133;148m▀[0m[38;2;233;236;248m[48;2;234;237;249m▀[0m[38;2;228;229;241m[48;2;228;229;241m▀[0m[38;2;228;229;241m[48;2;228;229;241m▀[0m[38;2;228;229;241m[48;2;228;229;241m▀[0m[38;2;228;229;241m[48;2;228;229;241m▀[0m[38;2;228;229;241m[48;2;230;231;243m▀[0m[38;2;230;231;243m[48;2;215;212;224m▀[0m[38;2;214;210;221m[48;2;194;183;194m▀[0m[38;2;194;183;194m[48;2;196;186;197m▀[0m[38;2;196;186;197m[48;2;196;186;197m▀[0m[38;2;195;185;196m[48;2;196;186;197m▀[0m[38;2;206;195;207m[48;2;196;186;197m▀[0m[38;2;97;93;98m[48;2;197;187;198m▀[0m[38;2;18;18;18m[48;2;209;199;211m▀[0m[38;2;26;23;26m[48;2;93;89;93m▀[0m[38;2;0;0;0m[48;2;8;8;8m▀[0m[38;2;0;0;0m[48;2;0;0;0m▀[0m[38;2;0;0;0m▀[0m[38;2;0;0;0m▀[0m[38;2;126;107;122m[48;2;128;108;124m▀[0m[38;2;167;145;166m[48;2;167;145;166m▀[0m[38;2;146;125;144m[48;2;147;127;145m▀[0m[38;2;127;107;127m[48;2;127;111;127m▀[0m[38;2;255;255;255m▄[0m      
                   [38;2;127;102;127m▄[0m[38;2;159;127;159m[48;2;193;162;185m▀[0m[38;2;175;147;170m[48;2;114;133;150m▀[0m[38;2;104;129;146m[48;2;31;140;152m▀[0m[38;2;42;145;158m[48;2;144;183;195m▀[0m[38;2;160;188;199m[48;2;216;212;223m▀[0m[38;2;121;184;196m[48;2;229;234;245m▀[0m[38;2;49;144;160m[48;2;94;161;177m▀[0m[38;2;80;185;200m[48;2;167;200;214m▀[0m[38;2;92;207;221m[48;2;225;230;242m▀[0m[38;2;81;203;217m[48;2;217;227;239m▀[0m[38;2;210;225;238m[48;2;227;229;241m▀[0m[38;2;108;208;221m[48;2;234;230;242m▀[0m[38;2;216;227;239m[48;2;217;227;239m▀[0m[38;2;108;208;221m[48;2;218;227;240m▀[0m[38;2;88;205;219m[48;2;219;227;240m▀[0m[38;2;90;205;219m[48;2;219;227;240m▀[0m[38;2;90;205;219m[48;2;219;227;240m▀[0m[38;2;88;205;219m[48;2;217;227;239m▀[0m[38;2;224;228;240m[48;2;229;229;241m▀[0m[38;2;93;205;219m[48;2;233;229;242m▀[0m[38;2;169;148;169m[48;2;161;154;174m▀[0m[38;2;228;229;241m[48;2;226;226;237m▀[0m[38;2;228;229;241m[48;2;228;229;241m▀[0m[38;2;226;226;238m[48;2;228;229;241m▀[0m[38;2;200;191;202m[48;2;229;230;242m▀[0m[38;2;229;231;243m[48;2;228;229;241m▀[0m[38;2;230;231;243m[48;2;229;230;242m▀[0m[38;2;211;209;222m[48;2;219;216;229m▀[0m[38;2;143;126;142m[48;2;175;157;176m▀[0m[38;2;236;238;250m[48;2;232;234;246m▀[0m[38;2;228;229;241m[48;2;228;229;241m▀[0m[38;2;228;229;241m[48;2;228;229;241m▀[0m[38;2;228;229;241m[48;2;228;229;241m▀[0m[38;2;228;229;241m[48;2;228;229;241m▀[0m[38;2;228;229;241m[48;2;228;229;241m▀[0m[38;2;230;231;243m[48;2;229;229;241m▀[0m[38;2;215;212;224m[48;2;213;209;221m▀[0m[38;2;194;183;194m[48;2;194;183;194m▀[0m[38;2;196;186;197m[48;2;196;186;197m▀[0m[38;2;196;186;197m[48;2;196;186;197m▀[0m[38;2;196;186;197m[48;2;196;186;197m▀[0m[38;2;196;186;197m[48;2;196;186;197m▀[0m[38;2;196;186;197m[48;2;196;186;197m▀[0m[38;2;196;186;197m[48;2;196;186;197m▀[0m[38;2;211;200;212m[48;2;196;186;197m▀[0m[38;2;91;88;92m[48;2;212;201;213m▀[0m[38;2;11;11;11m[48;2;90;87;92m▀[0m[38;2;0;0;0m[48;2;16;16;16m▀[0m[38;2;88;77;88m▄[0m[38;2;126;108;122m[48;2;132;112;128m▀[0m[38;2;164;143;164m[48;2;164;143;164m▀[0m[38;2;172;151;172m[48;2;171;150;171m▀[0m[38;2;147;125;144m[48;2;144;123;141m▀[0m[38;2;120;105;120m[48;2;136;119;136m▀[0m      
                 [38;2;159;127;159m▄[0m[38;2;139;115;139m[48;2;172;150;172m▀[0m[38;2;172;147;170m[48;2;233;218;235m▀[0m[38;2;217;208;224m[48;2;134;164;176m▀[0m[38;2;121;160;172m[48;2;24;132;145m▀[0m[38;2;44;142;154m[48;2;151;187;199m▀[0m[38;2;148;184;196m[48;2;117;178;190m▀[0m[38;2;102;176;189m[48;2;46;175;188m▀[0m[38;2;41;166;180m[48;2;54;144;160m▀[0m[38;2;54;173;186m[48;2;73;182;197m▀[0m[38;2;70;196;209m[48;2;76;206;219m▀[0m[38;2;70;202;216m[48;2;89;204;218m▀[0m[38;2;80;203;217m[48;2;199;224;236m▀[0m[38;2;186;222;234m[48;2;93;205;219m▀[0m[38;2;237;230;242m[48;2;209;225;238m▀[0m[38;2;97;206;220m[48;2;103;207;221m▀[0m[38;2;71;202;216m[48;2;77;203;217m▀[0m[38;2;73;202;216m[48;2;79;203;217m▀[0m[38;2;73;202;216m[48;2;79;203;217m▀[0m[38;2;72;202;216m[48;2;72;201;215m▀[0m[38;2;88;205;219m[48;2;233;230;242m▀[0m[38;2;207;225;237m[48;2;77;203;217m▀[0m[38;2;227;229;241m[48;2;227;228;240m▀[0m[38;2;78;205;219m[48;2;78;201;215m▀[0m[38;2;194;181;193m[48;2;171;146;168m▀[0m[38;2;229;230;242m[48;2;230;231;243m▀[0m[38;2;228;229;241m[48;2;228;229;241m▀[0m[38;2;228;229;241m[48;2;228;229;241m▀[0m[38;2;228;229;241m[48;2;229;230;242m▀[0m[38;2;228;228;241m[48;2;219;217;230m▀[0m[38;2;212;207;221m[48;2;175;157;176m▀[0m[38;2;182;166;184m[48;2;235;238;248m▀[0m[38;2;232;233;245m[48;2;228;229;241m▀[0m[38;2;228;229;241m[48;2;228;229;241m▀[0m[38;2;228;229;241m[48;2;228;229;241m▀[0m[38;2;228;229;241m[48;2;228;229;241m▀[0m[38;2;228;229;241m[48;2;228;229;241m▀[0m[38;2;230;231;243m[48;2;230;231;243m▀[0m[38;2;215;212;224m[48;2;216;213;225m▀[0m[38;2;193;182;193m[48;2;194;183;194m▀[0m[38;2;196;186;197m[48;2;196;186;197m▀[0m[38;2;196;186;197m[48;2;196;186;197m▀[0m[38;2;196;186;197m[48;2;196;186;197m▀[0m[38;2;196;186;197m[48;2;196;186;197m▀[0m[38;2;196;186;197m[48;2;196;186;197m▀[0m[38;2;196;186;197m[48;2;196;186;197m▀[0m[38;2;196;186;197m[48;2;196;186;197m▀[0m[38;2;196;186;197m[48;2;196;186;197m▀[0m[38;2;195;185;196m[48;2;196;186;197m▀[0m[38;2;215;203;216m[48;2;207;196;208m▀[0m[38;2;62;61;63m[48;2;81;78;82m▀[0m[38;2;103;89;101m[48;2;116;102;116m▀[0m[38;2;168;146;167m[48;2;167;146;167m▀[0m[38;2;169;148;169m[48;2;169;147;169m▀[0m[38;2;170;149;170m[48;2;168;147;168m▀[0m[38;2;148;127;145m[48;2;178;156;178m▀[0m[38;2;82;73;82m[48;2;40;37;40m▀[0m[38;2;0;0;0m[48;2;0;9;0m▀[0m     
                [38;2;157;133;157m▄[0m[38;2;157;134;155m[48;2;176;157;177m▀[0m[38;2;216;202;221m[48;2;227;213;229m▀[0m[38;2;228;232;243m[48;2;139;166;178m▀[0m[38;2;116;155;168m[48;2;20;128;141m▀[0m[38;2;48;142;155m[48;2;140;185;197m▀[0m[38;2;166;191;203m[48;2;218;209;222m▀[0m[38;2;120;183;195m[48;2;129;197;209m▀[0m[38;2;47;169;183m[48;2;59;142;159m▀[0m[38;2;57;152;168m[48;2;71;182;197m▀[0m[38;2;71;186;201m[48;2;65;205;219m▀[0m[38;2;91;207;221m[48;2;207;226;237m▀[0m[38;2;195;223;236m[48;2;119;210;223m▀[0m[38;2;104;208;221m[48;2;71;201;216m▀[0m[38;2;65;201;215m[48;2;80;203;217m▀[0m[38;2;186;222;234m[48;2;61;199;215m▀[0m[38;2;124;210;224m[48;2;225;228;241m▀[0m[38;2;81;204;218m[48;2;99;207;220m▀[0m[38;2;79;203;217m[48;2;75;203;217m▀[0m[38;2;74;202;216m[48;2;104;207;221m▀[0m[38;2;104;207;221m[48;2;204;225;237m▀[0m[38;2;199;224;236m[48;2;77;202;216m▀[0m[38;2;83;204;218m[48;2;79;203;217m▀[0m[38;2;199;224;236m[48;2;71;201;216m▀[0m[38;2;106;207;220m[48;2;233;230;242m▀[0m[38;2;155;158;178m[48;2;76;205;219m▀[0m[38;2;225;224;235m[48;2;192;177;190m▀[0m[38;2;228;229;241m[48;2;229;230;242m▀[0m[38;2;228;229;241m[48;2;228;229;241m▀[0m[38;2;228;230;242m[48;2;228;230;242m▀[0m[38;2;223;223;235m[48;2;223;223;235m▀[0m[38;2;200;192;202m[48;2;198;189;200m▀[0m[38;2;230;232;244m[48;2;230;232;244m▀[0m[38;2;228;229;241m[48;2;228;229;241m▀[0m[38;2;228;229;241m[48;2;228;229;241m▀[0m[38;2;228;229;241m[48;2;228;229;241m▀[0m[38;2;228;229;241m[48;2;228;229;241m▀[0m[38;2;228;229;241m[48;2;228;229;241m▀[0m[38;2;230;231;243m[48;2;230;231;243m▀[0m[38;2;216;213;225m[48;2;216;213;225m▀[0m[38;2;194;183;194m[48;2;194;183;194m▀[0m[38;2;196;186;197m[48;2;196;186;197m▀[0m[38;2;196;186;197m[48;2;196;186;197m▀[0m[38;2;196;186;197m[48;2;196;186;197m▀[0m[38;2;196;186;197m[48;2;196;186;197m▀[0m[38;2;196;186;197m[48;2;196;186;197m▀[0m[38;2;196;186;197m[48;2;196;186;197m▀[0m[38;2;196;186;197m[48;2;196;186;197m▀[0m[38;2;196;186;197m[48;2;196;186;197m▀[0m[38;2;196;186;197m[48;2;196;186;197m▀[0m[38;2;195;185;196m[48;2;196;186;197m▀[0m[38;2;217;206;218m[48;2;206;196;207m▀[0m[38;2;47;47;47m[48;2;87;84;87m▀[0m[38;2;128;112;128m[48;2;113;100;113m▀[0m[38;2;173;151;173m[48;2;164;143;164m▀[0m[38;2;168;147;168m[48;2;169;148;169m▀[0m[38;2;175;153;175m[48;2;169;148;169m▀[0m[38;2;58;52;57m[48;2;155;134;153m▀[0m[38;2;24;24;24m[48;2;68;58;65m▀[0m[38;2;0;0;0m▄[0m    
               [38;2;156;137;156m▄[0m[38;2;155;132;152m[48;2;180;162;182m▀[0m[38;2;216;201;221m[48;2;225;212;228m▀[0m[38;2;222;228;239m[48;2;137;166;178m▀[0m[38;2;113;157;170m[48;2;16;114;128m▀[0m[38;2;56;145;158m[48;2;149;182;194m▀[0m[38;2;139;184;196m[48;2;131;184;196m▀[0m[38;2;87;173;186m[48;2;34;170;184m▀[0m[38;2;155;192;203m[48;2;142;195;209m▀[0m[38;2;123;163;178m[48;2;104;191;205m▀[0m[38;2;57;180;195m[48;2;91;199;213m▀[0m[38;2;101;209;223m[48;2;188;222;235m▀[0m[38;2;182;221;234m[48;2;107;208;222m▀[0m[38;2;110;209;222m[48;2;72;202;216m▀[0m[38;2;75;202;216m[48;2;79;203;217m▀[0m[38;2;79;203;217m[48;2;79;203;217m▀[0m[38;2;72;201;216m[48;2;80;203;217m▀[0m[38;2;179;220;233m[48;2;61;200;214m▀[0m[38;2;129;212;225m[48;2;222;228;240m▀[0m[38;2;70;202;216m[48;2;138;213;226m▀[0m[38;2;234;230;242m[48;2;184;221;234m▀[0m[38;2;82;204;218m[48;2;87;204;218m▀[0m[38;2;77;203;217m[48;2;78;203;217m▀[0m[38;2;79;203;217m[48;2;79;203;217m▀[0m[38;2;80;203;217m[48;2;80;203;217m▀[0m[38;2;229;229;242m[48;2;185;221;234m▀[0m[38;2;76;200;214m[48;2;120;208;222m▀[0m[38;2;173;146;168m[48;2;147;164;183m▀[0m[38;2;231;233;245m[48;2;223;221;232m▀[0m[38;2;228;229;241m[48;2;228;229;242m▀[0m[38;2;228;230;242m[48;2;228;229;241m▀[0m[38;2;224;224;236m[48;2;228;229;241m▀[0m[38;2;206;199;211m[48;2;230;232;244m▀[0m[38;2;230;231;243m[48;2;228;229;241m▀[0m[38;2;228;229;241m[48;2;228;229;241m▀[0m[38;2;228;229;241m[48;2;228;229;241m▀[0m[38;2;228;229;241m[48;2;228;229;241m▀[0m[38;2;228;229;241m[48;2;228;229;241m▀[0m[38;2;228;229;241m[48;2;228;229;241m▀[0m[38;2;230;231;243m[48;2;230;231;243m▀[0m[38;2;216;213;225m[48;2;216;213;225m▀[0m[38;2;194;183;194m[48;2;194;183;194m▀[0m[38;2;196;186;197m[48;2;196;186;197m▀[0m[38;2;196;186;197m[48;2;196;186;197m▀[0m[38;2;196;186;197m[48;2;196;186;197m▀[0m[38;2;196;186;197m[48;2;196;186;197m▀[0m[38;2;196;186;197m[48;2;196;186;197m▀[0m[38;2;196;186;197m[48;2;196;186;197m▀[0m[38;2;196;186;197m[48;2;196;186;197m▀[0m[38;2;196;186;197m[48;2;196;186;197m▀[0m[38;2;196;186;197m[48;2;196;186;197m▀[0m[38;2;196;186;197m[48;2;196;186;197m▀[0m[38;2;195;185;196m[48;2;196;186;197m▀[0m[38;2;219;207;220m[48;2;205;194;206m▀[0m[38;2;40;41;40m[48;2;94;91;95m▀[0m[38;2;135;117;135m[48;2;110;97;110m▀[0m[38;2;172;151;172m[48;2;162;142;162m▀[0m[38;2;168;147;168m[48;2;169;148;169m▀[0m[38;2;177;155;178m[48;2;174;152;174m▀[0m[38;2;36;34;36m[48;2;65;58;64m▀[0m[38;2;0;11;0m[48;2;39;39;39m▀[0m    
               [38;2;158;137;158m[48;2;153;129;153m▀[0m[38;2;214;200;219m[48;2;203;188;207m▀[0m[38;2;241;242;253m[48;2;230;233;245m▀[0m[38;2;179;199;207m[48;2;255;255;255m▀[0m[38;2;56;99;107m[48;2;184;174;174m▀[0m[38;2;93;113;122m[48;2;34;51;56m▀[0m[38;2;104;161;174m[48;2;32;89;102m▀[0m[38;2;50;167;179m[48;2;53;139;154m▀[0m[38;2;42;146;163m[48;2;43;132;147m▀[0m[38;2;97;184;199m[48;2;142;172;187m▀[0m[38;2;187;228;241m[48;2;100;187;202m▀[0m[38;2;109;211;224m[48;2;60;177;193m▀[0m[38;2;72;205;218m[48;2;72;179;194m▀[0m[38;2;80;206;220m[48;2;71;179;194m▀[0m[38;2;80;206;220m[48;2;71;179;194m▀[0m[38;2;80;206;220m[48;2;71;178;193m▀[0m[38;2;80;205;219m[48;2;71;190;204m▀[0m[38;2;72;203;217m[48;2;66;192;206m▀[0m[38;2;218;229;241m[48;2;155;208;220m▀[0m[38;2;205;226;238m[48;2;65;192;206m▀[0m[38;2;79;204;218m[48;2;68;193;206m▀[0m[38;2;78;206;220m[48;2;71;180;195m▀[0m[38;2;80;206;220m[48;2;71;179;194m▀[0m[38;2;80;206;220m[48;2;71;179;194m▀[0m[38;2;80;206;220m[48;2;71;179;194m▀[0m[38;2;73;205;218m[48;2;73;180;194m▀[0m[38;2;242;234;246m[48;2;159;195;209m▀[0m[38;2;76;207;220m[48;2;74;178;194m▀[0m[38;2;190;173;187m[48;2;178;150;171m▀[0m[38;2;229;231;243m[48;2;233;236;248m▀[0m[38;2;228;229;241m[48;2;230;231;243m▀[0m[38;2;228;229;241m[48;2;230;232;244m▀[0m[38;2;228;229;241m[48;2;227;228;240m▀[0m[38;2;229;231;243m[48;2;218;216;227m▀[0m[38;2;228;229;241m[48;2;229;230;242m▀[0m[38;2;228;229;241m[48;2;228;229;241m▀[0m[38;2;228;229;241m[48;2;228;229;241m▀[0m[38;2;228;229;241m[48;2;228;229;241m▀[0m[38;2;228;229;241m[48;2;228;229;241m▀[0m[38;2;230;231;243m[48;2;230;231;243m▀[0m[38;2;216;213;225m[48;2;216;213;225m▀[0m[38;2;194;183;194m[48;2;194;183;194m▀[0m[38;2;196;186;197m[48;2;196;186;197m▀[0m[38;2;196;186;197m[48;2;196;186;197m▀[0m[38;2;196;186;197m[48;2;196;186;197m▀[0m[38;2;196;186;197m[48;2;196;186;197m▀[0m[38;2;196;186;197m[48;2;196;186;197m▀[0m[38;2;196;186;197m[48;2;196;186;197m▀[0m[38;2;196;186;197m[48;2;196;186;197m▀[0m[38;2;196;186;197m[48;2;196;186;197m▀[0m[38;2;196;186;197m[48;2;196;186;197m▀[0m[38;2;196;186;197m[48;2;196;186;197m▀[0m[38;2;196;186;197m[48;2;196;186;197m▀[0m[38;2;195;185;196m[48;2;196;186;197m▀[0m[38;2;219;207;220m[48;2;208;197;209m▀[0m[38;2;41;41;41m[48;2;47;46;47m▀[0m[38;2;136;119;136m[48;2;136;118;135m▀[0m[38;2;171;150;171m[48;2;167;144;166m▀[0m[38;2;167;145;166m[48;2;187;173;192m▀[0m[38;2;156;133;153m[48;2;200;187;206m▀[0m[38;2;51;45;51m[48;2;38;37;38m▀[0m[38;2;0;0;0m[48;2;0;0;0m▀[0m   
              [38;2;162;139;154m[48;2;160;135;157m▀[0m[38;2;187;169;189m[48;2;212;198;217m▀[0m[38;2;215;207;223m[48;2;234;238;249m▀[0m[38;2;229;231;243m[48;2;225;227;239m▀[0m[38;2;242;244;250m[48;2;245;247;252m▀[0m[38;2;242;236;241m[48;2;229;225;228m▀[0m[38;2;147;133;140m[48;2;206;195;207m▀[0m[38;2;49;74;80m[48;2;150;136;143m▀[0m[38;2;41;108;121m[48;2;50;73;78m▀[0m[38;2;48;107;120m[48;2;41;107;122m▀[0m[38;2;39;130;145m[48;2;46;137;151m▀[0m[38;2;96;155;170m[48;2;116;175;186m▀[0m[38;2;71;149;164m[48;2;140;186;197m▀[0m[38;2;49;147;163m[48;2;68;176;189m▀[0m[38;2;55;148;163m[48;2;45;175;187m▀[0m[38;2;54;148;163m[48;2;54;175;188m▀[0m[38;2;54;146;162m[48;2;56;176;188m▀[0m[38;2;55;167;180m[48;2;53;173;186m▀[0m[38;2;45;171;184m[48;2;104;177;190m▀[0m[38;2;97;174;187m[48;2;143;181;193m▀[0m[38;2;119;177;189m[48;2;148;182;193m▀[0m[38;2;53;171;184m[48;2;128;179;191m▀[0m[38;2;53;149;165m[48;2;53;175;188m▀[0m[38;2;54;148;163m[48;2;55;175;188m▀[0m[38;2;54;148;163m[48;2;56;175;188m▀[0m[38;2;54;148;163m[48;2;56;175;188m▀[0m[38;2;55;147;163m[48;2;59;175;188m▀[0m[38;2;96;150;165m[48;2;202;188;199m▀[0m[38;2;56;134;151m[48;2;53;138;155m▀[0m[38;2;132;148;167m[48;2;52;138;155m▀[0m[38;2;215;201;217m[48;2;120;140;160m▀[0m[38;2;223;216;227m[48;2;141;165;178m▀[0m[38;2;218;215;226m[48;2;190;166;182m▀[0m[38;2;213;209;220m[48;2;179;163;180m▀[0m[38;2;200;191;202m[48;2;193;180;195m▀[0m[38;2;230;232;244m[48;2;231;233;245m▀[0m[38;2;228;229;241m[48;2;228;229;241m▀[0m[38;2;228;229;241m[48;2;228;229;241m▀[0m[38;2;228;229;241m[48;2;228;229;241m▀[0m[38;2;228;229;241m[48;2;228;229;241m▀[0m[38;2;230;231;243m[48;2;230;231;243m▀[0m[38;2;216;213;225m[48;2;215;212;224m▀[0m[38;2;194;183;194m[48;2;193;181;192m▀[0m[38;2;196;186;197m[48;2;196;186;197m▀[0m[38;2;196;186;197m[48;2;196;186;197m▀[0m[38;2;196;186;197m[48;2;196;186;197m▀[0m[38;2;196;186;197m[48;2;196;186;197m▀[0m[38;2;196;186;197m[48;2;196;186;197m▀[0m[38;2;196;186;197m[48;2;196;186;197m▀[0m[38;2;196;186;197m[48;2;196;186;197m▀[0m[38;2;196;186;197m[48;2;196;186;197m▀[0m[38;2;196;186;197m[48;2;196;186;197m▀[0m[38;2;196;186;197m[48;2;196;186;197m▀[0m[38;2;196;186;197m[48;2;196;186;197m▀[0m[38;2;196;186;197m[48;2;196;186;197m▀[0m[38;2;208;197;209m[48;2;208;197;209m▀[0m[38;2;45;44;45m[48;2;43;41;42m▀[0m[38;2;158;149;163m[48;2;188;187;195m▀[0m[38;2;195;182;200m[48;2;239;237;249m▀[0m[38;2;224;221;234m[48;2;135;129;136m▀[0m[38;2;239;236;248m[48;2;124;117;124m▀[0m[38;2;41;41;42m[48;2;35;33;35m▀[0m[38;2;0;0;0m[48;2;0;0;0m▀[0m   
              [38;2;160;136;157m[48;2;163;139;160m▀[0m[38;2;202;188;207m[48;2;204;190;209m▀[0m[38;2;232;235;246m[48;2;231;234;245m▀[0m[38;2;227;229;241m[48;2;236;238;247m▀[0m[38;2;228;227;236m[48;2;219;215;223m▀[0m[38;2;212;205;212m[48;2;191;179;191m▀[0m[38;2;193;183;194m[48;2;196;186;197m▀[0m[38;2;210;199;211m[48;2;195;185;196m▀[0m[38;2;151;137;143m[48;2;210;200;211m▀[0m[38;2;50;72;78m[48;2;152;138;145m▀[0m[38;2;41;105;118m[48;2;50;71;77m▀[0m[38;2;39;133;146m[48;2;41;105;119m▀[0m[38;2;111;172;184m[48;2;39;132;146m▀[0m[38;2;137;183;196m[48;2;109;172;184m▀[0m[38;2;135;180;192m[48;2;139;183;195m▀[0m[38;2;65;174;186m[48;2;141;181;192m▀[0m[38;2;52;173;186m[48;2;59;173;187m▀[0m[38;2;39;171;184m[48;2;118;179;190m▀[0m[38;2;198;187;197m[48;2;133;180;192m▀[0m[38;2;70;175;188m[48;2;65;174;187m▀[0m[38;2;40;171;185m[48;2;55;173;186m▀[0m[38;2;133;180;192m[48;2;44;172;185m▀[0m[38;2;133;180;192m[48;2;129;180;192m▀[0m[38;2;51;173;186m[48;2;136;180;192m▀[0m[38;2;47;172;185m[48;2;136;180;192m▀[0m[38;2;56;173;186m[48;2;49;172;185m▀[0m[38;2;59;173;186m[48;2;59;173;186m▀[0m[38;2;192;185;196m[48;2;192;185;196m▀[0m[38;2;54;138;155m[48;2;54;138;155m▀[0m[38;2;56;139;156m[48;2;46;136;153m▀[0m[38;2;47;138;155m[48;2;56;141;158m▀[0m[38;2;44;133;151m[48;2;136;164;178m▀[0m[38;2;121;144;164m[48;2;113;145;164m▀[0m[38;2;189;162;179m[48;2;125;162;176m▀[0m[38;2;183;159;180m[48;2;125;148;167m▀[0m[38;2;235;239;250m[48;2;210;199;215m▀[0m[38;2;228;229;241m[48;2;230;232;244m▀[0m[38;2;228;229;241m[48;2;228;229;241m▀[0m[38;2;228;229;241m[48;2;228;229;241m▀[0m[38;2;228;229;241m[48;2;228;229;241m▀[0m[38;2;229;230;242m[48;2;228;229;241m▀[0m[38;2;222;221;233m[48;2;231;232;244m▀[0m[38;2;204;196;208m[48;2;217;215;227m▀[0m[38;2;195;185;196m[48;2;195;184;195m▀[0m[38;2;196;186;197m[48;2;196;186;197m▀[0m[38;2;196;186;197m[48;2;196;186;197m▀[0m[38;2;196;186;197m[48;2;196;186;197m▀[0m[38;2;196;186;197m[48;2;196;186;197m▀[0m[38;2;196;186;197m[48;2;196;186;197m▀[0m[38;2;196;186;197m[48;2;196;186;197m▀[0m[38;2;196;186;197m[48;2;196;186;197m▀[0m[38;2;196;186;197m[48;2;196;186;197m▀[0m[38;2;196;186;197m[48;2;196;186;197m▀[0m[38;2;196;186;197m[48;2;196;186;197m▀[0m[38;2;196;186;197m[48;2;198;188;199m▀[0m[38;2;208;197;209m[48;2;209;198;210m▀[0m[38;2;50;49;50m[48;2;57;55;58m▀[0m[38;2;94;89;94m[48;2;0;0;0m▀[0m[38;2;122;116;122m[48;2;0;0;0m▀[0m[38;2;24;23;23m[48;2;0;0;0m▀[0m[38;2;0;0;0m▀[0m     
              [38;2;136;112;133m[48;2;115;91;109m▀[0m[38;2;188;175;192m[48;2;174;162;177m▀[0m[38;2;233;234;247m[48;2;234;236;248m▀[0m[38;2;243;245;250m[48;2;242;244;250m▀[0m[38;2;230;226;229m[48;2;230;226;230m▀[0m[38;2;192;181;193m[48;2;193;183;194m▀[0m[38;2;196;186;197m[48;2;196;186;197m▀[0m[38;2;196;186;197m[48;2;196;186;197m▀[0m[38;2;195;185;196m[48;2;196;186;197m▀[0m[38;2;209;199;211m[48;2;195;185;196m▀[0m[38;2;155;140;148m[48;2;209;198;210m▀[0m[38;2;49;70;76m[48;2;156;142;150m▀[0m[38;2;42;106;119m[48;2;50;74;80m▀[0m[38;2;47;137;151m[48;2;16;42;48m▀[0m[38;2;43;173;187m[48;2;14;57;61m▀[0m[38;2;104;181;193m[48;2;109;165;176m▀[0m[38;2;132;179;191m[48;2;210;201;213m▀[0m[38;2;127;180;191m[48;2;156;194;206m▀[0m[38;2;49;172;186m[48;2;144;183;195m▀[0m[38;2;44;172;185m[48;2;147;181;193m▀[0m[38;2;47;172;185m[48;2;147;181;193m▀[0m[38;2;47;172;185m[48;2;147;181;193m▀[0m[38;2;36;171;185m[48;2;147;181;193m▀[0m[38;2;116;178;190m[48;2;139;181;193m▀[0m[38;2;120;179;191m[48;2;138;181;192m▀[0m[38;2;131;180;192m[48;2;212;188;198m▀[0m[38;2;50;172;185m[48;2;148;181;193m▀[0m[38;2;192;184;196m[48;2;203;185;197m▀[0m[38;2;51;139;156m[48;2;127;145;164m▀[0m[38;2;142;167;180m[48;2;123;162;176m▀[0m[38;2;124;145;164m[48;2;107;150;170m▀[0m[38;2;129;163;176m[48;2;48;146;164m▀[0m[38;2;105;142;162m[48;2;50;138;154m▀[0m[38;2;44;144;163m[48;2;34;67;73m▀[0m[38;2;70;144;163m[48;2;54;79;89m▀[0m[38;2;186;161;181m[48;2;170;151;168m▀[0m[38;2;232;234;246m[48;2;233;236;248m▀[0m[38;2;228;229;241m[48;2;228;229;241m▀[0m[38;2;228;229;241m[48;2;228;229;241m▀[0m[38;2;228;229;241m[48;2;228;229;241m▀[0m[38;2;228;229;241m[48;2;228;229;241m▀[0m[38;2;231;232;244m[48;2;231;233;245m▀[0m[38;2;209;202;217m[48;2;201;192;209m▀[0m[38;2;184;170;184m[48;2;174;155;173m▀[0m[38;2;197;188;198m[48;2;198;189;199m▀[0m[38;2;196;186;197m[48;2;196;186;197m▀[0m[38;2;196;186;197m[48;2;196;186;197m▀[0m[38;2;196;186;197m[48;2;196;186;197m▀[0m[38;2;196;186;197m[48;2;196;186;197m▀[0m[38;2;196;186;197m[48;2;197;188;198m▀[0m[38;2;197;188;198m[48;2;184;170;185m▀[0m[38;2;197;187;198m[48;2;190;177;191m▀[0m[38;2;196;186;197m[48;2;197;187;198m▀[0m[38;2;197;188;198m[48;2;198;189;199m▀[0m[38;2;184;169;184m[48;2;172;152;172m▀[0m[38;2;204;192;205m[48;2;200;186;201m▀[0m[38;2;58;56;58m[48;2;58;57;58m▀[0m[38;2;0;0;0m[48;2;0;0;0m▀[0m        
              [38;2;119;94;113m[48;2;119;93;110m▀[0m[38;2;186;172;189m[48;2;152;136;152m▀[0m[38;2;238;241;253m[48;2;198;190;205m▀[0m[38;2;244;246;251m[48;2;240;243;253m▀[0m[38;2;222;214;220m[48;2;204;194;208m▀[0m[38;2;182;167;182m[48;2;177;159;176m▀[0m[38;2;197;187;198m[48;2;198;188;199m▀[0m[38;2;196;186;197m[48;2;196;186;197m▀[0m[38;2;196;186;197m[48;2;196;186;197m▀[0m[38;2;196;186;197m[48;2;196;186;197m▀[0m[38;2;195;185;196m[48;2;196;186;197m▀[0m[38;2;208;198;210m[48;2;195;185;196m▀[0m[38;2;151;141;148m[48;2;202;192;203m▀[0m[38;2;124;114;120m[48;2;205;195;206m▀[0m[38;2;129;117;123m[48;2;218;206;219m▀[0m[38;2;103;92;96m[48;2;57;55;57m▀[0m[38;2;90;85;89m[48;2;0;0;0m▀[0m[38;2;95;81;84m[48;2;0;0;0m▀[0m[38;2;117;174;186m[48;2;24;65;69m▀[0m[38;2;121;192;205m[48;2;28;76;81m▀[0m[38;2;120;190;203m[48;2;28;75;79m▀[0m[38;2;120;190;203m[48;2;28;75;79m▀[0m[38;2;120;190;203m[48;2;28;75;79m▀[0m[38;2;120;190;203m[48;2;28;75;79m▀[0m[38;2;120;190;203m[48;2;28;75;79m▀[0m[38;2;113;189;202m[48;2;28;75;79m▀[0m[38;2;120;190;203m[48;2;28;75;79m▀[0m[38;2;112;188;201m[48;2;28;74;79m▀[0m[38;2;105;150;170m[48;2;29;63;69m▀[0m[38;2;48;140;157m[48;2;33;60;65m▀[0m[38;2;30;65;71m[48;2;14;0;0m▀[0m[38;2;36;69;75m[48;2;17;2;0m▀[0m[38;2;32;59;66m[48;2;16;3;0m▀[0m[38;2;13;0;0m▀[0m[38;2;53;37;43m[48;2;255;255;255m▀[0m[38;2;166;150;167m[48;2;148;129;146m▀[0m[38;2;239;244;255m[48;2;187;178;192m▀[0m[38;2;227;228;240m[48;2;233;234;246m▀[0m[38;2;228;229;241m[48;2;228;229;241m▀[0m[38;2;228;229;241m[48;2;228;229;241m▀[0m[38;2;228;229;241m[48;2;228;229;241m▀[0m[38;2;231;232;244m[48;2;229;230;242m▀[0m[38;2;209;204;218m[48;2;225;225;237m▀[0m[38;2;186;171;185m[48;2;209;204;214m▀[0m[38;2;197;187;198m[48;2;196;186;196m▀[0m[38;2;196;186;197m[48;2;196;186;197m▀[0m[38;2;196;186;197m[48;2;196;186;197m▀[0m[38;2;196;186;197m[48;2;196;186;197m▀[0m[38;2;196;186;197m[48;2;196;186;197m▀[0m[38;2;198;189;199m[48;2;198;189;199m▀[0m[38;2;175;156;176m[48;2;176;158;177m▀[0m[38;2;184;170;185m[48;2;185;171;186m▀[0m[38;2;197;188;198m[48;2;197;188;198m▀[0m[38;2;198;189;199m[48;2;198;189;199m▀[0m[38;2;173;154;173m[48;2;173;154;173m▀[0m[38;2;200;187;201m[48;2;200;187;201m▀[0m[38;2;58;57;58m[48;2;58;57;58m▀[0m[38;2;0;0;0m[48;2;0;0;0m▀[0m        
             [38;2;129;116;129m▄[0m[38;2;136;115;133m▄[0m[38;2;106;82;99m[48;2;116;93;110m▀[0m[38;2;177;163;180m[48;2;168;155;171m▀[0m[38;2;238;242;253m[48;2;236;239;251m▀[0m[38;2;196;185;203m[48;2;221;220;234m▀[0m[38;2;176;157;174m[48;2;203;195;208m▀[0m[38;2;198;188;199m[48;2;195;184;195m▀[0m[38;2;196;186;197m[48;2;196;186;197m▀[0m[38;2;196;186;197m[48;2;196;186;197m▀[0m[38;2;196;186;197m[48;2;196;186;197m▀[0m[38;2;196;186;197m[48;2;196;186;197m▀[0m[38;2;196;186;197m[48;2;196;186;197m▀[0m[38;2;196;186;197m[48;2;196;186;197m▀[0m[38;2;195;185;196m[48;2;205;195;206m▀[0m[38;2;218;206;219m[48;2;106;101;106m▀[0m[38;2;66;64;66m[48;2;38;38;38m▀[0m[38;2;0;0;0m[48;2;0;0;0m▀[0m [38;2;15;0;0m▀[0m[38;2;15;0;0m▀[0m[38;2;15;0;0m▀[0m[38;2;15;0;0m▀[0m[38;2;15;0;0m▀[0m[38;2;15;0;0m▀[0m[38;2;15;0;0m▀[0m[38;2;15;0;0m▀[0m[38;2;15;0;0m▀[0m[38;2;15;0;0m▀[0m[38;2;15;3;0m▀[0m[38;2;17;3;3m▀[0m     [38;2;109;78;103m[48;2;120;95;115m▀[0m[38;2;159;142;158m[48;2;162;146;162m▀[0m[38;2;235;237;249m[48;2;235;237;249m▀[0m[38;2;228;229;241m[48;2;228;229;241m▀[0m[38;2;228;229;241m[48;2;228;229;241m▀[0m[38;2;228;229;241m[48;2;228;229;241m▀[0m[38;2;228;229;241m[48;2;228;229;241m▀[0m[38;2;231;233;245m[48;2;231;233;245m▀[0m[38;2;206;199;214m[48;2;200;190;206m▀[0m[38;2;182;166;181m[48;2;175;156;174m▀[0m[38;2;197;188;198m[48;2;198;189;199m▀[0m[38;2;196;186;197m[48;2;196;186;197m▀[0m[38;2;196;186;197m[48;2;196;186;197m▀[0m[38;2;196;186;197m[48;2;196;186;197m▀[0m[38;2;198;189;199m[48;2;198;189;199m▀[0m[38;2;176;158;177m[48;2;176;158;177m▀[0m[38;2;185;171;186m[48;2;185;171;186m▀[0m[38;2;197;188;198m[48;2;197;188;198m▀[0m[38;2;198;189;199m[48;2;198;189;199m▀[0m[38;2;173;154;173m[48;2;169;149;168m▀[0m[38;2;200;187;201m[48;2;203;190;204m▀[0m[38;2;58;57;58m[48;2;59;58;59m▀[0m[38;2;0;0;0m[48;2;0;0;0m▀[0m        
             [38;2;124;102;121m[48;2;36;33;36m▀[0m[38;2;180;164;181m[48;2;52;50;52m▀[0m[38;2;223;220;234m[48;2;100;94;102m▀[0m[38;2;217;216;228m[48;2;200;190;205m▀[0m[38;2;229;230;242m[48;2;247;249;255m▀[0m[38;2;231;233;245m[48;2;239;241;252m▀[0m[38;2;214;211;223m[48;2;199;190;206m▀[0m[38;2;195;184;195m[48;2;182;166;181m▀[0m[38;2;196;186;197m[48;2;197;187;198m▀[0m[38;2;196;186;197m[48;2;196;187;197m▀[0m[38;2;196;186;197m[48;2;203;193;204m▀[0m[38;2;196;186;197m[48;2;212;202;214m▀[0m[38;2;199;189;200m[48;2;163;148;161m▀[0m[38;2;200;191;201m[48;2;144;125;142m▀[0m[38;2;219;208;220m[48;2;76;70;75m▀[0m[38;2;66;63;66m[48;2;30;30;32m▀[0m[38;2;0;0;0m▀[0m                  [38;2;127;113;127m▄[0m[38;2;110;82;103m[48;2;136;116;132m▀[0m[38;2;164;149;165m[48;2;130;110;126m▀[0m[38;2;240;243;255m[48;2;173;162;177m▀[0m[38;2;228;228;240m[48;2;234;235;247m▀[0m[38;2;228;229;241m[48;2;228;229;241m▀[0m[38;2;228;229;241m[48;2;228;229;241m▀[0m[38;2;228;229;241m[48;2;228;229;241m▀[0m[38;2;230;232;244m[48;2;228;229;241m▀[0m[38;2;210;205;217m[48;2;227;227;240m▀[0m[38;2;189;175;188m[48;2;210;206;217m▀[0m[38;2;197;187;198m[48;2;195;185;196m▀[0m[38;2;196;186;197m[48;2;196;186;197m▀[0m[38;2;196;186;197m[48;2;196;186;197m▀[0m[38;2;196;186;197m[48;2;196;186;197m▀[0m[38;2;198;189;199m[48;2;199;191;201m▀[0m[38;2;176;158;177m[48;2;174;155;174m▀[0m[38;2;185;171;186m[48;2;186;172;187m▀[0m[38;2;197;188;198m[48;2;200;191;201m▀[0m[38;2;196;187;197m[48;2;176;158;175m▀[0m[38;2;214;209;223m[48;2;223;220;233m▀[0m[38;2;170;156;171m[48;2;158;142;158m▀[0m[38;2;46;42;45m[48;2;35;31;34m▀[0m[38;2;5;11;5m[48;2;0;0;0m▀[0m        
             [38;2;0;0;0m▀[0m[38;2;0;0;0m▀[0m[38;2;28;22;28m▀[0m[38;2;70;66;70m[48;2;0;0;0m▀[0m[38;2;50;51;53m[48;2;0;0;0m▀[0m[38;2;145;147;154m[48;2;43;43;44m▀[0m[38;2;219;208;226m[48;2;51;49;52m▀[0m[38;2;188;170;187m[48;2;45;43;45m▀[0m[38;2;210;200;211m[48;2;49;48;49m▀[0m[38;2;201;184;202m[48;2;68;62;68m▀[0m[38;2;103;94;103m[48;2;62;55;62m▀[0m[38;2;36;36;37m[48;2;0;0;0m▀[0m[38;2;146;137;146m[48;2;42;41;44m▀[0m[38;2;201;187;201m[48;2;51;50;51m▀[0m[38;2;187;178;188m[48;2;53;52;54m▀[0m[38;2;61;60;63m[48;2;38;38;38m▀[0m[38;2;17;17;17m[48;2;18;18;18m▀[0m[38;2;22;22;22m[48;2;31;31;31m▀[0m                 [38;2;127;105;121m[48;2;37;32;32m▀[0m[38;2;168;151;168m[48;2;44;42;44m▀[0m[38;2;205;200;213m[48;2;45;45;47m▀[0m[38;2;153;136;152m[48;2;87;86;91m▀[0m[38;2;235;237;249m[48;2;253;255;255m▀[0m[38;2;228;229;241m[48;2;235;236;249m▀[0m[38;2;228;229;241m[48;2;227;228;240m▀[0m[38;2;228;229;241m[48;2;228;229;241m▀[0m[38;2;228;229;241m[48;2;228;229;241m▀[0m[38;2;231;234;245m[48;2;231;234;245m▀[0m[38;2;202;193;209m[48;2;199;189;206m▀[0m[38;2;181;164;180m[48;2;178;160;177m▀[0m[38;2;198;188;199m[48;2;198;188;199m▀[0m[38;2;196;186;197m[48;2;196;186;197m▀[0m[38;2;198;188;199m[48;2;199;191;200m▀[0m[38;2;179;163;178m[48;2;173;154;172m▀[0m[38;2;206;197;213m[48;2;212;204;221m▀[0m[38;2;166;154;169m[48;2;159;147;162m▀[0m[38;2;178;166;178m[48;2;175;162;174m▀[0m[38;2;173;154;173m[48;2;176;157;176m▀[0m[38;2;215;211;226m[48;2;220;216;230m▀[0m[38;2;200;192;203m[48;2;239;240;251m▀[0m[38;2;120;104;118m[48;2;230;229;243m▀[0m[38;2;119;100;115m[48;2;199;189;201m▀[0m[38;2;133;112;131m[48;2;194;182;194m▀[0m[38;2;119;85;119m[48;2;133;115;131m▀[0m[38;2;126;106;122m▄[0m[38;2;132;111;127m▄[0m[38;2;85;85;85m▄[0m   
                  [38;2;0;0;0m▀[0m[38;2;0;0;0m▀[0m[38;2;0;0;0m▀[0m[38;2;0;0;0m▀[0m[38;2;0;0;0m▀[0m  [38;2;0;0;0m▀[0m[38;2;0;0;0m▀[0m[38;2;0;0;0m▀[0m[38;2;0;0;0m▀[0m                   [38;2;0;0;0m▀[0m[38;2;0;8;0m▀[0m[38;2;0;0;0m▀[0m[38;2;34;34;36m[48;2;0;0;0m▀[0m[38;2;42;42;43m[48;2;0;0;0m▀[0m[38;2;105;105;110m[48;2;31;31;31m▀[0m[38;2;250;252;255m[48;2;44;44;45m▀[0m[38;2;237;238;250m[48;2;40;41;42m▀[0m[38;2;237;238;250m[48;2;40;41;42m▀[0m[38;2;240;243;254m[48;2;41;41;42m▀[0m[38;2;206;196;214m[48;2;38;37;38m▀[0m[38;2;185;166;184m[48;2;36;34;36m▀[0m[38;2;205;195;206m[48;2;38;37;38m▀[0m[38;2;205;196;206m[48;2;38;37;38m▀[0m[38;2;185;167;184m[48;2;35;34;35m▀[0m[38;2;208;198;215m[48;2;24;24;24m▀[0m[38;2;234;236;249m[48;2;164;165;173m▀[0m[38;2;204;198;209m[48;2;245;247;255m▀[0m[38;2;150;134;147m[48;2;204;197;209m▀[0m[38;2;138;117;135m[48;2;193;183;193m▀[0m[38;2;64;59;64m[48;2;133;118;131m▀[0m[38;2;38;39;40m[48;2;122;103;118m▀[0m[38;2;40;42;42m[48;2;76;60;72m▀[0m[38;2;125;109;122m[48;2;68;51;68m▀[0m[38;2;196;183;196m[48;2;37;36;37m▀[0m[38;2;227;225;238m[48;2;41;42;43m▀[0m[38;2;201;191;203m[48;2;39;38;39m▀[0m[38;2;200;188;201m[48;2;39;39;40m▀[0m[38;2;135;117;133m[48;2;91;78;85m▀[0m[38;2;132;113;129m[48;2;137;117;127m▀[0m[38;2;127;127;127m[48;2;0;0;0m▀[0m 
                                                     [38;2;0;0;0m▀[0m[38;2;0;0;0m▀[0m[38;2;0;0;0m▀[0m[38;2;0;0;0m▀[0m[38;2;0;0;0m▀[0m[38;2;0;0;0m▀[0m[38;2;0;0;0m▀[0m[38;2;0;0;0m▀[0m[38;2;0;0;0m▀[0m[38;2;0;0;0m▀[0m[38;2;0;0;0m▀[0m[38;2;32;32;32m[48;2;0;0;0m▀[0m[38;2;29;31;31m[48;2;0;0;0m▀[0m[38;2;100;86;98m[48;2;69;69;69m▀[0m[38;2;207;202;216m[48;2;136;118;133m▀[0m[38;2;231;232;245m[48;2;135;115;132m▀[0m[38;2;204;196;208m[48;2;207;203;216m▀[0m[38;2;142;124;139m[48;2;230;232;244m▀[0m[38;2;136;115;132m[48;2;203;196;207m▀[0m[38;2;88;77;83m[48;2;140;122;138m▀[0m[38;2;0;0;0m[48;2;136;117;133m▀[0m[38;2;0;0;0m[48;2;132;112;132m▀[0m[38;2;0;0;0m▀[0m    
                                                                   [38;2;127;127;127m▀[0m[38;2;127;85;127m▀[0m[38;2;133;115;131m▀[0m[38;2;138;118;135m▀[0m[38;2;141;121;138m▀[0m[38;2;130;113;124m▀[0m[38;2;145;109;145m▀[0m[38;2;0;0;0m▀[0m     
[0m