                         [38;2;123;74;123m▄[0m[38;2;123;74;123m[48;2;238;189;238m▀[0m[38;2;123;74;123m[48;2;238;189;238m▀[0m[38;2;123;74;123m[48;2;238;189;238m▀[0m[38;2;123;74;123m[48;2;230;164;213m▀[0m[38;2;123;74;123m▄[0m[38;2;123;74;123m▄[0m         
                         [38;2;123;74;123m▀[0m[38;2;238;189;238m[48;2;16;16;16m▀[0m[38;2;238;189;238m[48;2;16;16;16m▀[0m[38;2;238;189;238m[48;2;16;16;16m▀[0m[38;2;238;189;238m[48;2;230;164;213m▀[0m[38;2;238;189;238m[48;2;238;189;238m▀[0m[38;2;230;164;213m[48;2;238;189;238m▀[0m[38;2;123;74;123m[48;2;238;189;238m▀[0m[38;2;123;74;123m▄[0m       
                             [38;2;16;16;16m▀[0m[38;2;16;16;16m▀[0m[38;2;238;189;238m[48;2;16;16;16m▀[0m[38;2;238;189;238m[48;2;238;189;238m▀[0m[38;2;238;189;238m[48;2;238;189;238m▀[0m[38;2;123;74;123m[48;2;230;164;213m▀[0m[38;2;123;74;123m▄[0m     
                            [38;2;123;74;123m▄[0m[38;2;123;74;123m▄[0m[38;2;123;74;123m▄[0m[38;2;123;74;123m▄[0m[38;2;16;16;16m[48;2;123;74;123m▀[0m[38;2;238;189;238m[48;2;16;16;16m▀[0m[38;2;238;189;238m[48;2;238;189;238m▀[0m[38;2;123;74;123m[48;2;230;164;213m▀[0m[38;2;123;74;123m▄[0m    
                        [38;2;123;74;123m▄[0m[38;2;123;74;123m▄[0m[38;2;123;74;123m[48;2;230;164;213m▀[0m[38;2;123;74;123m[48;2;230;164;213m▀[0m[38;2;180;123;180m[48;2;230;164;213m▀[0m[38;2;180;123;180m[48;2;180;123;180m▀[0m[38;2;180;123;180m[48;2;180;123;180m▀[0m[38;2;180;123;180m[48;2;180;123;180m▀[0m[38;2;180;123;180m[48;2;180;123;180m▀[0m[38;2;123;74;123m[48;2;180;123;180m▀[0m[38;2;238;189;238m[48;2;230;164;213m▀[0m[38;2;238;189;238m[48;2;238;189;238m▀[0m[38;2;123;74;123m[48;2;123;74;123m▀[0m    
      [38;2;123;74;123m▄[0m               [38;2;16;16;16m▄[0m[38;2;16;16;16m[48;2;230;164;213m▀[0m[38;2;230;164;213m[48;2;230;164;213m▀[0m[38;2;230;164;213m[48;2;230;164;213m▀[0m[38;2;230;164;213m[48;2;16;16;16m▀[0m[38;2;180;123;180m[48;2;16;16;16m▀[0m[38;2;16;16;16m▀[0m[38;2;16;16;16m▀[0m[38;2;16;16;16m▀[0m[38;2;16;16;16m▀[0m[38;2;16;16;16m▀[0m[38;2;180;123;180m[48;2;16;16;16m▀[0m[38;2;180;123;180m[48;2;180;123;180m▀[0m[38;2;238;189;238m[48;2;230;164;213m▀[0m[38;2;230;164;213m[48;2;230;164;213m▀[0m[38;2;123;74;123m[48;2;16;16;16m▀[0m   
     [38;2;123;74;123m[48;2;123;74;123m▀[0m[38;2;230;164;213m[48;2;230;164;213m▀[0m[38;2;123;74;123m[48;2;123;74;123m▀[0m              [38;2;16;16;16m▀[0m[38;2;230;164;213m[48;2;16;16;16m▀[0m[38;2;230;164;213m[48;2;16;16;16m▀[0m[38;2;16;16;16m▀[0m        [38;2;16;16;16m[48;2;16;16;16m▀[0m[38;2;230;164;213m[48;2;230;164;213m▀[0m[38;2;230;164;213m[48;2;230;164;213m▀[0m[38;2;16;16;16m[48;2;16;16;16m▀[0m   
    [38;2;123;74;123m[48;2;123;74;123m▀[0m[38;2;230;164;213m[48;2;230;164;213m▀[0m[38;2;230;164;213m[48;2;230;164;213m▀[0m[38;2;123;74;123m[48;2;230;164;213m▀[0m[38;2;123;74;123m▄[0m                         [38;2;16;16;16m[48;2;16;16;16m▀[0m[38;2;230;164;213m[48;2;230;164;213m▀[0m[38;2;230;164;213m[48;2;230;164;213m▀[0m[38;2;16;16;16m[48;2;16;16;16m▀[0m   
    [38;2;123;74;123m[48;2;123;74;123m▀[0m[38;2;49;65;115m[48;2;49;65;115m▀[0m[38;2;230;164;213m[48;2;49;65;115m▀[0m[38;2;230;164;213m[48;2;230;164;213m▀[0m[38;2;230;164;213m[48;2;230;164;213m▀[0m[38;2;123;74;123m[48;2;230;164;213m▀[0m[38;2;123;74;123m[48;2;230;164;213m▀[0m[38;2;123;74;123m▄[0m                 [38;2;123;74;123m▄[0m[38;2;123;74;123m[48;2;230;164;213m▀[0m[38;2;16;16;16m[48;2;16;16;16m▀[0m   [38;2;16;16;16m[48;2;16;16;16m▀[0m[38;2;230;164;213m[48;2;230;164;213m▀[0m[38;2;230;164;213m[48;2;230;164;213m▀[0m[38;2;16;16;16m[48;2;16;16;16m▀[0m  
    [38;2;123;74;123m[48;2;123;74;123m▀[0m[38;2;74;115;180m[48;2;74;115;180m▀[0m[38;2;49;65;115m[48;2;74;115;180m▀[0m[38;2;230;164;213m[48;2;49;65;115m▀[0m[38;2;230;164;213m[48;2;230;164;213m▀[0m[38;2;230;164;213m[48;2;230;164;213m▀[0m[38;2;230;164;213m[48;2;123;74;123m▀[0m[38;2;230;164;213m[48;2;123;74;123m▀[0m[38;2;123;74;123m[48;2;16;16;16m▀[0m[38;2;16;16;16m▄[0m[38;2;16;16;16m▄[0m[38;2;16;16;16m▄[0m    [38;2;16;16;16m▄[0m[38;2;16;16;16m▄[0m[38;2;16;16;16m▄[0m[38;2;123;74;123m▄[0m[38;2;123;74;123m[48;2;238;189;238m▀[0m[38;2;123;74;123m[48;2;238;189;238m▀[0m[38;2;123;74;123m[48;2;238;189;238m▀[0m[38;2;123;74;123m[48;2;238;189;238m▀[0m[38;2;123;74;123m[48;2;230;164;213m▀[0m[38;2;230;164;213m[48;2;230;164;213m▀[0m[38;2;230;164;213m[48;2;230;164;213m▀[0m[38;2;16;16;16m[48;2;16;16;16m▀[0m    [38;2;16;16;16m[48;2;16;16;16m▀[0m[38;2;230;164;213m[48;2;230;164;213m▀[0m[38;2;230;164;213m[48;2;230;164;213m▀[0m[38;2;16;16;16m[48;2;16;16;16m▀[0m 
     [38;2;49;65;115m[48;2;49;65;115m▀[0m[38;2;74;115;180m[48;2;74;115;180m▀[0m[38;2;49;65;115m[48;2;123;74;123m▀[0m[38;2;123;74;123m[48;2;238;189;238m▀[0m[38;2;123;74;123m[48;2;238;189;238m▀[0m[38;2;238;189;238m[48;2;238;189;238m▀[0m[38;2;238;189;238m[48;2;238;189;238m▀[0m[38;2;238;189;238m[48;2;238;189;238m▀[0m[38;2;230;164;213m[48;2;238;189;238m▀[0m[38;2;230;164;213m[48;2;238;189;238m▀[0m[38;2;230;164;213m[48;2;230;164;213m▀[0m[38;2;16;16;16m[48;2;123;74;123m▀[0m[38;2;16;16;16m[48;2;123;74;123m▀[0m[38;2;16;16;16m[48;2;230;164;213m▀[0m[38;2;16;16;16m[48;2;230;164;213m▀[0m[38;2;238;189;238m[48;2;230;164;213m▀[0m[38;2;238;189;238m[48;2;230;164;213m▀[0m[38;2;238;189;238m[48;2;238;189;238m▀[0m[38;2;238;189;238m[48;2;238;189;238m▀[0m[38;2;238;189;238m[48;2;238;189;238m▀[0m[38;2;238;189;238m[48;2;230;164;213m▀[0m[38;2;238;189;238m[48;2;49;65;115m▀[0m[38;2;230;164;213m[48;2;49;65;115m▀[0m[38;2;230;164;213m[48;2;49;65;115m▀[0m[38;2;230;164;213m[48;2;180;123;180m▀[0m[38;2;16;16;16m[48;2;16;16;16m▀[0m      [38;2;16;16;16m[48;2;16;16;16m▀[0m[38;2;230;164;213m[48;2;230;164;213m▀[0m[38;2;230;164;213m[48;2;230;164;213m▀[0m[38;2;16;16;16m[48;2;16;16;16m▀[0m
      [38;2;123;74;123m[48;2;123;74;123m▀[0m[38;2;238;189;238m[48;2;238;189;238m▀[0m[38;2;238;189;238m[48;2;197;32;82m▀[0m[38;2;197;32;82m[48;2;255;255;255m▀[0m[38;2;238;189;238m[48;2;197;32;82m▀[0m[38;2;238;189;238m[48;2;238;189;238m▀[0m[38;2;238;189;238m[48;2;238;189;238m▀[0m[38;2;238;189;238m[48;2;238;189;238m▀[0m[38;2;238;189;238m[48;2;238;189;238m▀[0m[38;2;230;164;213m[48;2;238;189;238m▀[0m[38;2;230;164;213m[48;2;230;164;213m▀[0m[38;2;230;164;213m[48;2;230;164;213m▀[0m[38;2;230;164;213m[48;2;230;164;213m▀[0m[38;2;230;164;213m[48;2;230;164;213m▀[0m[38;2;230;164;213m[48;2;123;74;123m▀[0m[38;2;230;164;213m[48;2;49;65;115m▀[0m[38;2;123;74;123m[48;2;49;65;115m▀[0m[38;2;49;65;115m[48;2;49;65;115m▀[0m[38;2;49;65;115m[48;2;49;65;115m▀[0m[38;2;49;65;115m[48;2;49;65;115m▀[0m[38;2;49;65;115m[48;2;74;115;180m▀[0m[38;2;49;65;115m[48;2;49;65;115m▀[0m[38;2;49;65;115m[48;2;16;16;16m▀[0m[38;2;16;16;16m▀[0m       [38;2;16;16;16m[48;2;16;16;16m▀[0m[38;2;230;164;213m[48;2;230;164;213m▀[0m[38;2;230;164;213m[48;2;230;164;213m▀[0m[38;2;16;16;16m[48;2;16;16;16m▀[0m
     [38;2;131;98;180m▄[0m[38;2;16;16;16m[48;2;197;197;197m▀[0m[38;2;238;189;238m[48;2;238;189;238m▀[0m[38;2;197;32;82m[48;2;238;189;238m▀[0m[38;2;197;32;82m[48;2;139;32;82m▀[0m[38;2;139;32;82m[48;2;230;164;213m▀[0m[38;2;238;189;238m[48;2;238;189;238m▀[0m[38;2;238;189;238m[48;2;238;189;238m▀[0m[38;2;238;189;238m[48;2;238;189;238m▀[0m[38;2;238;189;238m[48;2;238;189;238m▀[0m[38;2;238;189;238m[48;2;238;189;238m▀[0m[38;2;230;164;213m[48;2;230;164;213m▀[0m[38;2;230;164;213m[48;2;230;164;213m▀[0m[38;2;230;164;213m[48;2;123;74;123m▀[0m[38;2;123;74;123m[48;2;49;65;115m▀[0m[38;2;49;65;115m[48;2;49;65;115m▀[0m[38;2;49;65;115m[48;2;49;65;115m▀[0m[38;2;49;65;115m[48;2;49;65;115m▀[0m[38;2;49;65;115m[48;2;49;65;115m▀[0m[38;2;74;115;180m[48;2;74;115;180m▀[0m[38;2;74;115;180m[48;2;74;115;180m▀[0m[38;2;74;115;180m[48;2;16;16;16m▀[0m[38;2;16;16;16m▀[0m        [38;2;123;74;123m▄[0m[38;2;16;16;16m[48;2;180;123;180m▀[0m[38;2;180;123;180m[48;2;180;123;180m▀[0m[38;2;230;164;213m[48;2;180;123;180m▀[0m[38;2;16;16;16m[48;2;16;16;16m▀[0m
  [38;2;123;74;123m▄[0m[38;2;123;74;123m▄[0m[38;2;123;74;123m[48;2;230;164;213m▀[0m[38;2;16;16;16m[48;2;16;16;16m▀[0m[38;2;131;98;180m[48;2;16;16;16m▀[0m[38;2;238;189;238m[48;2;238;189;238m▀[0m[38;2;238;189;238m[48;2;238;189;238m▀[0m[38;2;238;189;238m[48;2;238;189;238m▀[0m[38;2;238;189;238m[48;2;238;189;238m▀[0m[38;2;238;189;238m[48;2;238;189;238m▀[0m[38;2;238;189;238m[48;2;16;16;16m▀[0m[38;2;16;16;16m[48;2;255;255;255m▀[0m[38;2;16;16;16m[48;2;16;16;16m▀[0m[38;2;16;16;16m[48;2;131;98;180m▀[0m[38;2;230;164;213m[48;2;230;164;213m▀[0m[38;2;230;164;213m[48;2;230;164;213m▀[0m[38;2;230;164;213m[48;2;230;164;213m▀[0m[38;2;49;65;115m[48;2;16;16;16m▀[0m[38;2;49;65;115m[48;2;16;16;16m▀[0m[38;2;49;65;115m[48;2;49;65;115m▀[0m[38;2;49;65;115m[48;2;16;16;16m▀[0m[38;2;74;115;180m[48;2;16;16;16m▀[0m[38;2;16;16;16m▀[0m[38;2;16;16;16m▀[0m         [38;2;123;74;123m▄[0m[38;2;123;74;123m[48;2;180;123;180m▀[0m[38;2;180;123;180m[48;2;180;123;180m▀[0m[38;2;180;123;180m[48;2;180;123;180m▀[0m[38;2;16;16;16m[48;2;16;16;16m▀[0m 
[38;2;123;74;123m▄[0m[38;2;123;74;123m[48;2;230;164;213m▀[0m[38;2;230;164;213m[48;2;180;123;180m▀[0m[38;2;230;164;213m[48;2;123;74;123m▀[0m[38;2;180;123;180m[48;2;180;123;180m▀[0m[38;2;16;16;16m[48;2;16;16;16m▀[0m[38;2;238;189;238m[48;2;238;189;238m▀[0m[38;2;238;189;238m[48;2;16;16;16m▀[0m[38;2;238;189;238m[48;2;230;164;213m▀[0m[38;2;238;189;238m[48;2;238;189;238m▀[0m[38;2;238;189;238m[48;2;238;189;238m▀[0m[38;2;16;16;16m[48;2;180;123;180m▀[0m[38;2;131;98;180m[48;2;16;16;16m▀[0m[38;2;197;197;197m[48;2;16;16;16m▀[0m[38;2;131;98;180m[48;2;16;16;16m▀[0m[38;2;131;98;180m[48;2;230;164;213m▀[0m[38;2;230;164;213m[48;2;230;164;213m▀[0m[38;2;230;164;213m[48;2;230;164;213m▀[0m[38;2;230;164;213m[48;2;230;164;213m▀[0m[38;2;230;164;213m[48;2;230;164;213m▀[0m[38;2;230;164;213m[48;2;230;164;213m▀[0m[38;2;16;16;16m[48;2;230;164;213m▀[0m[38;2;16;16;16m[48;2;230;164;213m▀[0m[38;2;16;16;16m▄[0m    [38;2;123;74;123m▄[0m[38;2;123;74;123m▄[0m[38;2;123;74;123m▄[0m[38;2;16;16;16m▄[0m[38;2;16;16;16m▄[0m[38;2;16;16;16m[48;2;180;123;180m▀[0m[38;2;16;16;16m[48;2;180;123;180m▀[0m[38;2;180;123;180m[48;2;180;123;180m▀[0m[38;2;180;123;180m[48;2;180;123;180m▀[0m[38;2;180;123;180m[48;2;16;16;16m▀[0m[38;2;16;16;16m▀[0m  
 [38;2;16;16;16m▀[0m[38;2;16;16;16m▀[0m[38;2;16;16;16m▀[0m[38;2;180;123;180m[48;2;16;16;16m▀[0m[38;2;180;123;180m[48;2;16;16;16m▀[0m[38;2;16;16;16m▀[0m[38;2;238;189;238m[48;2;16;16;16m▀[0m[38;2;238;189;238m[48;2;238;189;238m▀[0m[38;2;238;189;238m[48;2;238;189;238m▀[0m[38;2;238;189;238m[48;2;230;164;213m▀[0m[38;2;238;189;238m[48;2;230;164;213m▀[0m[38;2;230;164;213m[48;2;230;164;213m▀[0m[38;2;230;164;213m[48;2;230;164;213m▀[0m[38;2;230;164;213m[48;2;230;164;213m▀[0m[38;2;230;164;213m[48;2;230;164;213m▀[0m[38;2;230;164;213m[48;2;230;164;213m▀[0m[38;2;230;164;213m[48;2;16;16;16m▀[0m[38;2;230;164;213m[48;2;230;164;213m▀[0m[38;2;230;164;213m[48;2;230;164;213m▀[0m[38;2;230;164;213m[48;2;238;189;238m▀[0m[38;2;238;189;238m[48;2;238;189;238m▀[0m[38;2;230;164;213m[48;2;238;189;238m▀[0m[38;2;238;189;238m[48;2;238;189;238m▀[0m[38;2;16;16;16m[48;2;238;189;238m▀[0m[38;2;123;74;123m▄[0m[38;2;123;74;123m[48;2;238;189;238m▀[0m[38;2;123;74;123m[48;2;238;189;238m▀[0m[38;2;238;189;238m[48;2;238;189;238m▀[0m[38;2;238;189;238m[48;2;238;189;238m▀[0m[38;2;238;189;238m[48;2;238;189;238m▀[0m[38;2;230;164;213m[48;2;238;189;238m▀[0m[38;2;238;189;238m[48;2;230;164;213m▀[0m[38;2;123;74;123m[48;2;238;189;238m▀[0m[38;2;123;74;123m[48;2;230;164;213m▀[0m[38;2;180;123;180m[48;2;16;16;16m▀[0m[38;2;16;16;16m▀[0m    
        [38;2;16;16;16m▀[0m[38;2;16;16;16m▀[0m[38;2;230;164;213m[48;2;123;74;123m▀[0m[38;2;230;164;213m[48;2;123;74;123m▀[0m[38;2;230;164;213m[48;2;123;74;123m▀[0m[38;2;230;164;213m[48;2;123;74;123m▀[0m[38;2;230;164;213m[48;2;230;164;213m▀[0m[38;2;230;164;213m[48;2;230;164;213m▀[0m[38;2;230;164;213m[48;2;180;123;180m▀[0m[38;2;16;16;16m[48;2;123;74;123m▀[0m[38;2;230;164;213m[48;2;16;16;16m▀[0m[38;2;238;189;238m[48;2;238;189;238m▀[0m[38;2;123;74;123m[48;2;16;16;16m▀[0m[38;2;238;189;238m[48;2;16;16;16m▀[0m[38;2;238;189;238m[48;2;238;189;238m▀[0m[38;2;238;189;238m[48;2;238;189;238m▀[0m[38;2;238;189;238m[48;2;238;189;238m▀[0m[38;2;123;74;123m[48;2;238;189;238m▀[0m[38;2;238;189;238m[48;2;123;74;123m▀[0m[38;2;238;189;238m[48;2;238;189;238m▀[0m[38;2;238;189;238m[48;2;238;189;238m▀[0m[38;2;238;189;238m[48;2;238;189;238m▀[0m[38;2;238;189;238m[48;2;230;164;213m▀[0m[38;2;230;164;213m[48;2;230;164;213m▀[0m[38;2;238;189;238m[48;2;230;164;213m▀[0m[38;2;230;164;213m[48;2;230;164;213m▀[0m[38;2;238;189;238m[48;2;230;164;213m▀[0m[38;2;230;164;213m[48;2;230;164;213m▀[0m[38;2;16;16;16m[48;2;16;16;16m▀[0m    
            [38;2;16;16;16m[48;2;16;16;16m▀[0m[38;2;180;123;180m[48;2;180;123;180m▀[0m[38;2;180;123;180m[48;2;180;123;180m▀[0m[38;2;180;123;180m[48;2;180;123;180m▀[0m[38;2;180;123;180m[48;2;180;123;180m▀[0m[38;2;180;123;180m[48;2;180;123;180m▀[0m[38;2;180;123;180m[48;2;180;123;180m▀[0m[38;2;16;16;16m[48;2;230;164;213m▀[0m[38;2;16;16;16m[48;2;230;164;213m▀[0m[38;2;238;189;238m[48;2;230;164;213m▀[0m[38;2;16;16;16m[48;2;230;164;213m▀[0m[38;2;16;16;16m[48;2;238;189;238m▀[0m[38;2;238;189;238m[48;2;16;16;16m▀[0m[38;2;238;189;238m[48;2;16;16;16m▀[0m[38;2;123;74;123m[48;2;123;74;123m▀[0m[38;2;238;189;238m[48;2;230;164;213m▀[0m[38;2;238;189;238m[48;2;230;164;213m▀[0m[38;2;230;164;213m[48;2;230;164;213m▀[0m[38;2;230;164;213m[48;2;230;164;213m▀[0m[38;2;230;164;213m[48;2;230;164;213m▀[0m[38;2;230;164;213m[48;2;230;164;213m▀[0m[38;2;230;164;213m[48;2;230;164;213m▀[0m[38;2;230;164;213m[48;2;230;164;213m▀[0m[38;2;230;164;213m[48;2;230;164;213m▀[0m[38;2;230;164;213m[48;2;230;164;213m▀[0m[38;2;16;16;16m[48;2;16;16;16m▀[0m   
            [38;2;16;16;16m[48;2;180;123;180m▀[0m[38;2;180;123;180m[48;2;123;74;123m▀[0m[38;2;180;123;180m[48;2;180;123;180m▀[0m[38;2;180;123;180m[48;2;180;123;180m▀[0m[38;2;180;123;180m[48;2;230;164;213m▀[0m[38;2;180;123;180m[48;2;230;164;213m▀[0m[38;2;230;164;213m[48;2;230;164;213m▀[0m[38;2;230;164;213m[48;2;230;164;213m▀[0m[38;2;230;164;213m[48;2;230;164;213m▀[0m[38;2;230;164;213m[48;2;230;164;213m▀[0m[38;2;230;164;213m[48;2;230;164;213m▀[0m[38;2;230;164;213m[48;2;230;164;213m▀[0m[38;2;230;164;213m[48;2;230;164;213m▀[0m[38;2;230;164;213m[48;2;230;164;213m▀[0m[38;2;230;164;213m[48;2;230;164;213m▀[0m[38;2;230;164;213m[48;2;230;164;213m▀[0m[38;2;230;164;213m[48;2;230;164;213m▀[0m[38;2;230;164;213m[48;2;230;164;213m▀[0m[38;2;230;164;213m[48;2;230;164;213m▀[0m[38;2;230;164;213m[48;2;230;164;213m▀[0m[38;2;230;164;213m[48;2;230;164;213m▀[0m[38;2;230;164;213m[48;2;230;164;213m▀[0m[38;2;230;164;213m[48;2;230;164;213m▀[0m[38;2;230;164;213m[48;2;230;164;213m▀[0m[38;2;230;164;213m[48;2;230;164;213m▀[0m[38;2;16;16;16m[48;2;16;16;16m▀[0m   
          [38;2;16;16;16m▄[0m[38;2;16;16;16m[48;2;180;123;180m▀[0m[38;2;180;123;180m[48;2;180;123;180m▀[0m[38;2;180;123;180m[48;2;180;123;180m▀[0m[38;2;230;164;213m[48;2;123;74;123m▀[0m[38;2;230;164;213m[48;2;230;164;213m▀[0m[38;2;230;164;213m[48;2;230;164;213m▀[0m[38;2;230;164;213m[48;2;230;164;213m▀[0m[38;2;230;164;213m[48;2;230;164;213m▀[0m[38;2;230;164;213m[48;2;230;164;213m▀[0m[38;2;230;164;213m[48;2;230;164;213m▀[0m[38;2;230;164;213m[48;2;230;164;213m▀[0m[38;2;230;164;213m[48;2;230;164;213m▀[0m[38;2;230;164;213m[48;2;230;164;213m▀[0m[38;2;230;164;213m[48;2;180;123;180m▀[0m[38;2;230;164;213m[48;2;123;74;123m▀[0m[38;2;180;123;180m[48;2;123;74;123m▀[0m[38;2;123;74;123m[48;2;123;74;123m▀[0m[38;2;123;74;123m[48;2;16;16;16m▀[0m[38;2;123;74;123m[48;2;16;16;16m▀[0m[38;2;123;74;123m[48;2;123;74;123m▀[0m[38;2;230;164;213m[48;2;16;16;16m▀[0m[38;2;230;164;213m[48;2;230;164;213m▀[0m[38;2;230;164;213m[48;2;230;164;213m▀[0m[38;2;230;164;213m[48;2;230;164;213m▀[0m[38;2;230;164;213m[48;2;230;164;213m▀[0m[38;2;230;164;213m[48;2;230;164;213m▀[0m[38;2;123;74;123m[48;2;230;164;213m▀[0m[38;2;123;74;123m▄[0m  
       [38;2;123;74;123m▄[0m[38;2;123;74;123m[48;2;230;164;213m▀[0m[38;2;16;16;16m[48;2;230;164;213m▀[0m[38;2;180;123;180m[48;2;230;164;213m▀[0m[38;2;180;123;180m[48;2;180;123;180m▀[0m[38;2;180;123;180m[48;2;180;123;180m▀[0m[38;2;180;123;180m[48;2;180;123;180m▀[0m[38;2;180;123;180m[48;2;16;16;16m▀[0m[38;2;123;74;123m[48;2;16;16;16m▀[0m[38;2;180;123;180m[48;2;123;74;123m▀[0m[38;2;230;164;213m[48;2;180;123;180m▀[0m[38;2;230;164;213m[48;2;230;164;213m▀[0m[38;2;230;164;213m[48;2;230;164;213m▀[0m[38;2;230;164;213m[48;2;230;164;213m▀[0m[38;2;230;164;213m[48;2;230;164;213m▀[0m[38;2;230;164;213m[48;2;230;164;213m▀[0m[38;2;180;123;180m[48;2;16;16;16m▀[0m[38;2;123;74;123m[48;2;16;16;16m▀[0m[38;2;123;74;123m▀[0m[38;2;16;16;16m▀[0m[38;2;16;16;16m[48;2;16;16;16m▀[0m[38;2;123;74;123m[48;2;123;74;123m▀[0m[38;2;123;74;123m[48;2;123;74;123m▀[0m[38;2;123;74;123m[48;2;123;74;123m▀[0m[38;2;16;16;16m[48;2;123;74;123m▀[0m[38;2;16;16;16m[48;2;16;16;16m▀[0m[38;2;230;164;213m[48;2;16;16;16m▀[0m[38;2;230;164;213m[48;2;16;16;16m▀[0m[38;2;230;164;213m[48;2;230;164;213m▀[0m[38;2;230;164;213m[48;2;230;164;213m▀[0m[38;2;230;164;213m[48;2;230;164;213m▀[0m[38;2;123;74;123m[48;2;230;164;213m▀[0m[38;2;123;74;123m▄[0m 
      [38;2;123;74;123m[48;2;123;74;123m▀[0m[38;2;230;164;213m[48;2;180;123;180m▀[0m[38;2;230;164;213m[48;2;230;164;213m▀[0m[38;2;230;164;213m[48;2;180;123;180m▀[0m[38;2;180;123;180m[48;2;123;74;123m▀[0m[38;2;180;123;180m[48;2;16;16;16m▀[0m[38;2;123;74;123m▀[0m[38;2;16;16;16m▀[0m   [38;2;16;16;16m[48;2;16;16;16m▀[0m[38;2;230;164;213m[48;2;230;164;213m▀[0m[38;2;230;164;213m[48;2;230;164;213m▀[0m[38;2;230;164;213m[48;2;230;164;213m▀[0m[38;2;230;164;213m[48;2;230;164;213m▀[0m[38;2;230;164;213m[48;2;16;16;16m▀[0m[38;2;16;16;16m▀[0m    [38;2;16;16;16m[48;2;16;16;16m▀[0m[38;2;123;74;123m[48;2;123;74;123m▀[0m[38;2;123;74;123m[48;2;123;74;123m▀[0m[38;2;123;74;123m[48;2;16;16;16m▀[0m[38;2;16;16;16m▀[0m  [38;2;16;16;16m[48;2;16;16;16m▀[0m[38;2;230;164;213m[48;2;230;164;213m▀[0m[38;2;230;164;213m[48;2;230;164;213m▀[0m[38;2;230;164;213m[48;2;230;164;213m▀[0m[38;2;123;74;123m[48;2;123;74;123m▀[0m 
     [38;2;123;74;123m[48;2;123;74;123m▀[0m[38;2;180;123;180m[48;2;180;123;180m▀[0m[38;2;180;123;180m[48;2;180;123;180m▀[0m[38;2;180;123;180m[48;2;16;16;16m▀[0m[38;2;16;16;16m▀[0m       [38;2;16;16;16m[48;2;16;16;16m▀[0m[38;2;230;164;213m[48;2;230;164;213m▀[0m[38;2;230;164;213m[48;2;230;164;213m▀[0m[38;2;230;164;213m[48;2;230;164;213m▀[0m[38;2;16;16;16m[48;2;16;16;16m▀[0m      [38;2;16;16;16m[48;2;16;16;16m▀[0m[38;2;123;74;123m[48;2;123;74;123m▀[0m[38;2;123;74;123m[48;2;123;74;123m▀[0m[38;2;16;16;16m[48;2;16;16;16m▀[0m   [38;2;16;16;16m[48;2;16;16;16m▀[0m[38;2;230;164;213m[48;2;230;164;213m▀[0m[38;2;230;164;213m[48;2;230;164;213m▀[0m[38;2;230;164;213m[48;2;230;164;213m▀[0m[38;2;123;74;123m[48;2;16;16;16m▀[0m 
      [38;2;123;74;123m[48;2;123;74;123m▀[0m[38;2;180;123;180m[48;2;16;16;16m▀[0m[38;2;16;16;16m▀[0m       [38;2;16;16;16m[48;2;16;16;16m▀[0m[38;2;230;164;213m[48;2;230;164;213m▀[0m[38;2;230;164;213m[48;2;238;189;238m▀[0m[38;2;238;189;238m[48;2;238;189;238m▀[0m[38;2;16;16;16m[48;2;16;16;16m▀[0m     [38;2;16;16;16m▄[0m[38;2;16;16;16m[48;2;123;74;123m▀[0m[38;2;123;74;123m[48;2;123;74;123m▀[0m[38;2;123;74;123m[48;2;123;74;123m▀[0m[38;2;16;16;16m[48;2;16;16;16m▀[0m   [38;2;123;74;123m▄[0m[38;2;123;74;123m[48;2;238;189;238m▀[0m[38;2;238;189;238m[48;2;238;189;238m▀[0m[38;2;238;189;238m[48;2;238;189;238m▀[0m[38;2;16;16;16m[48;2;16;16;16m▀[0m[38;2;16;16;16m▀[0m 
                [38;2;16;16;16m[48;2;16;16;16m▀[0m[38;2;238;189;238m[48;2;238;189;238m▀[0m[38;2;238;189;238m[48;2;238;189;238m▀[0m[38;2;230;164;213m[48;2;16;16;16m▀[0m[38;2;16;16;16m▀[0m     [38;2;16;16;16m▀[0m[38;2;16;16;16m▀[0m[38;2;16;16;16m▀[0m[38;2;16;16;16m▀[0m    [38;2;16;16;16m▀[0m[38;2;230;164;213m[48;2;16;16;16m▀[0m[38;2;123;74;123m[48;2;16;16;16m▀[0m[38;2;230;164;213m[48;2;16;16;16m▀[0m[38;2;16;16;16m▀[0m  
               [38;2;16;16;16m[48;2;16;16;16m▀[0m[38;2;238;189;238m[48;2;238;189;238m▀[0m[38;2;238;189;238m[48;2;238;189;238m▀[0m[38;2;238;189;238m[48;2;16;16;16m▀[0m[38;2;16;16;16m▀[0m                     
                [38;2;16;16;16m▀[0m[38;2;16;16;16m▀[0m                       
[0m