                   [38;2;131;63;186m▄[0m[38;2;131;63;186m[48;2;183;106;234m▀[0m[38;2;131;63;186m▄[0m                            
                  [38;2;131;63;186m▄[0m[38;2;131;63;186m[48;2;183;106;234m▀[0m[38;2;183;106;234m[48;2;183;106;234m▀[0m[38;2;131;63;186m[48;2;183;106;234m▀[0m[38;2;131;63;186m▄[0m                           
                 [38;2;131;63;186m▄[0m[38;2;131;63;186m[48;2;183;106;234m▀[0m[38;2;183;106;234m[48;2;183;106;234m▀[0m[38;2;176;185;115m[48;2;255;213;45m▀[0m[38;2;183;106;234m[48;2;183;106;234m▀[0m[38;2;131;63;186m[48;2;183;106;234m▀[0m[38;2;131;63;186m▄[0m                          
                [38;2;131;63;186m▄[0m[38;2;131;63;186m[48;2;183;106;234m▀[0m[38;2;183;106;234m[48;2;183;106;234m▀[0m[38;2;183;106;234m[48;2;176;185;115m▀[0m[38;2;255;213;45m[48;2;255;213;45m▀[0m[38;2;176;185;115m[48;2;255;213;45m▀[0m[38;2;183;106;234m[48;2;183;106;234m▀[0m[38;2;131;63;186m[48;2;183;106;234m▀[0m[38;2;131;63;186m▄[0m                         
                [38;2;131;63;186m[48;2;131;63;186m▀[0m[38;2;183;106;234m[48;2;183;106;234m▀[0m[38;2;183;106;234m[48;2;183;106;234m▀[0m[38;2;255;213;45m[48;2;255;213;45m▀[0m[38;2;255;213;45m[48;2;255;213;45m▀[0m[38;2;255;213;45m[48;2;255;213;45m▀[0m[38;2;183;106;234m[48;2;183;106;234m▀[0m[38;2;183;106;234m[48;2;183;106;234m▀[0m[38;2;131;63;186m[48;2;131;63;186m▀[0m                         
                 [38;2;131;63;186m[48;2;131;63;186m▀[0m[38;2;183;106;234m[48;2;183;106;234m▀[0m[38;2;176;185;115m[48;2;183;106;234m▀[0m[38;2;255;213;45m[48;2;176;185;115m▀[0m[38;2;176;185;115m[48;2;183;106;234m▀[0m[38;2;183;106;234m[48;2;183;106;234m▀[0m[38;2;131;63;186m[48;2;131;63;186m▀[0m                          
                  [38;2;131;63;186m▀[0m[38;2;183;106;234m[48;2;131;63;186m▀[0m[38;2;57;61;64m[48;2;15;15;15m▀[0m[38;2;183;106;234m[48;2;131;63;186m▀[0m[38;2;131;63;186m▀[0m                           
                [38;2;146;133;154m▄[0m[38;2;146;133;154m[48;2;249;249;249m▀[0m[38;2;146;133;154m[48;2;249;249;249m▀[0m[38;2;146;133;154m▄[0m[38;2;15;15;15m[48;2;146;133;154m▀[0m[38;2;146;133;154m▄[0m[38;2;146;133;154m[48;2;249;249;249m▀[0m[38;2;146;133;154m[48;2;249;249;249m▀[0m[38;2;146;133;154m▄[0m                         
               [38;2;146;133;154m[48;2;146;133;154m▀[0m[38;2;249;249;249m[48;2;249;249;249m▀[0m[38;2;249;249;249m[48;2;249;249;249m▀[0m[38;2;249;249;249m[48;2;249;249;249m▀[0m[38;2;249;249;249m[48;2;249;249;249m▀[0m[38;2;249;249;249m[48;2;249;249;249m▀[0m[38;2;249;249;249m[48;2;249;249;249m▀[0m[38;2;249;249;249m[48;2;249;249;249m▀[0m[38;2;249;249;249m[48;2;249;249;249m▀[0m[38;2;249;249;249m[48;2;249;249;249m▀[0m[38;2;146;133;154m[48;2;146;133;154m▀[0m                [38;2;146;133;154m▄[0m[38;2;146;133;154m[48;2;249;249;249m▀[0m[38;2;146;133;154m▄[0m     
               [38;2;57;61;64m[48;2;57;61;64m▀[0m[38;2;249;249;249m[48;2;190;188;197m▀[0m[38;2;146;133;154m[48;2;190;188;197m▀[0m[38;2;190;188;197m[48;2;57;61;64m▀[0m[38;2;249;249;249m[48;2;249;249;249m▀[0m[38;2;249;249;249m[48;2;249;249;249m▀[0m[38;2;146;133;154m[48;2;57;61;64m▀[0m[38;2;249;249;249m[48;2;190;188;197m▀[0m[38;2;249;249;249m[48;2;249;249;249m▀[0m[38;2;249;249;249m[48;2;249;249;249m▀[0m[38;2;146;133;154m[48;2;146;133;154m▀[0m               [38;2;146;133;154m▄[0m[38;2;146;133;154m[48;2;249;249;249m▀[0m[38;2;249;249;249m[48;2;249;249;249m▀[0m[38;2;146;133;154m[48;2;249;249;249m▀[0m[38;2;57;61;64m▄[0m    
                [38;2;57;61;64m▀[0m[38;2;146;133;154m[48;2;57;61;64m▀[0m[38;2;146;133;154m[48;2;146;133;154m▀[0m[38;2;57;61;64m[48;2;146;133;154m▀[0m[38;2;57;61;64m[48;2;146;133;154m▀[0m[38;2;146;133;154m[48;2;146;133;154m▀[0m[38;2;57;61;64m[48;2;146;133;154m▀[0m[38;2;146;133;154m[48;2;15;15;15m▀[0m[38;2;146;133;154m▀[0m                [38;2;146;133;154m[48;2;146;133;154m▀[0m[38;2;249;249;249m[48;2;249;249;249m▀[0m[38;2;249;249;249m[48;2;249;249;249m▀[0m[38;2;249;249;249m[48;2;190;188;197m▀[0m[38;2;57;61;64m[48;2;249;249;249m▀[0m[38;2;57;61;64m▄[0m   
               [38;2;97;105;114m▄[0m[38;2;97;105;114m▄[0m[38;2;57;61;64m[48;2;181;197;212m▀[0m[38;2;97;105;114m[48;2;97;105;114m▀[0m[38;2;146;133;154m[48;2;190;188;197m▀[0m[38;2;146;133;154m[48;2;97;105;114m▀[0m[38;2;146;133;154m[48;2;190;188;197m▀[0m[38;2;146;133;154m[48;2;97;105;114m▀[0m[38;2;15;15;15m[48;2;15;15;15m▀[0m                 [38;2;146;133;154m▀[0m[38;2;249;249;249m[48;2;146;133;154m▀[0m[38;2;249;249;249m[48;2;249;249;249m▀[0m[38;2;146;133;154m[48;2;190;188;197m▀[0m[38;2;249;249;249m[48;2;190;188;197m▀[0m[38;2;57;61;64m[48;2;249;249;249m▀[0m[38;2;57;61;64m▄[0m  
            [38;2;97;105;114m▄[0m[38;2;97;105;114m[48;2;181;197;212m▀[0m[38;2;97;105;114m[48;2;181;197;212m▀[0m[38;2;181;197;212m[48;2;181;197;212m▀[0m[38;2;181;197;212m[48;2;181;197;212m▀[0m[38;2;135;147;163m[48;2;181;197;212m▀[0m[38;2;181;197;212m[48;2;181;197;212m▀[0m[38;2;181;197;212m[48;2;181;197;212m▀[0m[38;2;97;105;114m[48;2;135;147;163m▀[0m[38;2;181;197;212m[48;2;181;197;212m▀[0m[38;2;181;197;212m[48;2;181;197;212m▀[0m[38;2;181;197;212m[48;2;181;197;212m▀[0m[38;2;57;61;64m[48;2;181;197;212m▀[0m[38;2;57;61;64m▄[0m                [38;2;146;133;154m▀[0m[38;2;249;249;249m[48;2;97;105;114m▀[0m[38;2;249;249;249m[48;2;249;249;249m▀[0m[38;2;146;133;154m[48;2;249;249;249m▀[0m[38;2;249;249;249m[48;2;146;133;154m▀[0m[38;2;249;249;249m[48;2;249;249;249m▀[0m[38;2;57;61;64m[48;2;57;61;64m▀[0m 
        [38;2;57;61;64m▄[0m[38;2;57;61;64m▄[0m[38;2;57;61;64m▄[0m[38;2;97;105;114m[48;2;181;197;212m▀[0m[38;2;181;197;212m[48;2;181;197;212m▀[0m[38;2;181;197;212m[48;2;57;61;64m▀[0m[38;2;135;147;163m[48;2;15;15;15m▀[0m[38;2;181;197;212m[48;2;181;197;212m▀[0m[38;2;181;197;212m[48;2;181;197;212m▀[0m[38;2;181;197;212m[48;2;181;197;212m▀[0m[38;2;181;197;212m[48;2;135;147;163m▀[0m[38;2;181;197;212m[48;2;181;197;212m▀[0m[38;2;181;197;212m[48;2;135;147;163m▀[0m[38;2;181;197;212m[48;2;181;197;212m▀[0m[38;2;181;197;212m[48;2;181;197;212m▀[0m[38;2;181;197;212m[48;2;249;249;249m▀[0m[38;2;181;197;212m[48;2;181;197;212m▀[0m[38;2;181;197;212m[48;2;249;249;249m▀[0m[38;2;57;61;64m[48;2;57;61;64m▀[0m                [38;2;97;105;114m[48;2;97;105;114m▀[0m[38;2;249;249;249m[48;2;249;249;249m▀[0m[38;2;249;249;249m[48;2;190;188;197m▀[0m[38;2;146;133;154m[48;2;190;188;197m▀[0m[38;2;249;249;249m[48;2;249;249;249m▀[0m[38;2;249;249;249m[48;2;249;249;249m▀[0m[38;2;57;61;64m[48;2;57;61;64m▀[0m
     [38;2;15;15;15m▄[0m[38;2;15;15;15m[48;2;57;61;64m▀[0m[38;2;15;15;15m[48;2;57;61;64m▀[0m[38;2;97;105;114m[48;2;57;61;64m▀[0m[38;2;181;197;212m[48;2;97;105;114m▀[0m[38;2;181;197;212m[48;2;181;197;212m▀[0m[38;2;57;61;64m[48;2;181;197;212m▀[0m[38;2;57;61;64m[48;2;181;197;212m▀[0m[38;2;97;105;114m[48;2;57;61;64m▀[0m[38;2;15;15;15m[48;2;15;15;15m▀[0m[38;2;181;197;212m[48;2;181;197;212m▀[0m[38;2;135;147;163m[48;2;97;105;114m▀[0m[38;2;181;197;212m[48;2;181;197;212m▀[0m[38;2;135;147;163m[48;2;135;147;163m▀[0m[38;2;181;197;212m[48;2;181;197;212m▀[0m[38;2;135;147;163m[48;2;181;197;212m▀[0m[38;2;181;197;212m[48;2;97;105;114m▀[0m[38;2;181;197;212m[48;2;249;249;249m▀[0m[38;2;249;249;249m[48;2;135;147;163m▀[0m[38;2;249;249;249m[48;2;249;249;249m▀[0m[38;2;249;249;249m[48;2;249;249;249m▀[0m[38;2;181;197;212m[48;2;249;249;249m▀[0m[38;2;57;61;64m[48;2;57;61;64m▀[0m              [38;2;97;105;114m[48;2;97;105;114m▀[0m[38;2;190;188;197m[48;2;181;197;212m▀[0m[38;2;249;249;249m[48;2;181;197;212m▀[0m[38;2;146;133;154m[48;2;249;249;249m▀[0m[38;2;249;249;249m[48;2;249;249;249m▀[0m[38;2;249;249;249m[48;2;249;249;249m▀[0m[38;2;57;61;64m[48;2;57;61;64m▀[0m 
   [38;2;97;105;114m▄[0m[38;2;15;15;15m[48;2;15;15;15m▀[0m[38;2;57;61;64m[48;2;57;61;64m▀[0m[38;2;57;61;64m[48;2;57;61;64m▀[0m[38;2;57;61;64m[48;2;57;61;64m▀[0m[38;2;57;61;64m[48;2;57;61;64m▀[0m[38;2;57;61;64m[48;2;57;61;64m▀[0m[38;2;97;105;114m[48;2;15;15;15m▀[0m[38;2;181;197;212m[48;2;181;197;212m▀[0m[38;2;181;197;212m[48;2;181;197;212m▀[0m[38;2;181;197;212m[48;2;181;197;212m▀[0m[38;2;15;15;15m[48;2;181;197;212m▀[0m[38;2;181;197;212m[48;2;15;15;15m▀[0m[38;2;15;15;15m[48;2;15;15;15m▀[0m[38;2;181;197;212m[48;2;181;197;212m▀[0m[38;2;181;197;212m[48;2;181;197;212m▀[0m[38;2;97;105;114m[48;2;97;105;114m▀[0m[38;2;181;197;212m[48;2;181;197;212m▀[0m[38;2;97;105;114m[48;2;181;197;212m▀[0m[38;2;249;249;249m[48;2;57;61;64m▀[0m[38;2;135;147;163m[48;2;181;197;212m▀[0m[38;2;181;197;212m[48;2;135;147;163m▀[0m[38;2;249;249;249m[48;2;249;249;249m▀[0m[38;2;181;197;212m[48;2;181;197;212m▀[0m[38;2;57;61;64m[48;2;181;197;212m▀[0m[38;2;57;61;64m▄[0m[38;2;97;105;114m▄[0m[38;2;97;105;114m[48;2;181;197;212m▀[0m[38;2;97;105;114m[48;2;181;197;212m▀[0m[38;2;97;105;114m[48;2;181;197;212m▀[0m[38;2;97;105;114m[48;2;181;197;212m▀[0m[38;2;97;105;114m▄[0m[38;2;97;105;114m▄[0m    [38;2;57;61;64m▄[0m[38;2;57;61;64m[48;2;135;147;163m▀[0m[38;2;181;197;212m[48;2;97;105;114m▀[0m[38;2;181;197;212m[48;2;135;147;163m▀[0m[38;2;181;197;212m[48;2;181;197;212m▀[0m[38;2;181;197;212m[48;2;181;197;212m▀[0m[38;2;190;188;197m[48;2;15;15;15m▀[0m[38;2;57;61;64m▀[0m  
 [38;2;97;105;114m▄[0m[38;2;97;105;114m[48;2;181;197;212m▀[0m[38;2;181;197;212m[48;2;97;105;114m▀[0m[38;2;181;197;212m[48;2;181;197;212m▀[0m[38;2;15;15;15m[48;2;181;197;212m▀[0m[38;2;57;61;64m[48;2;15;15;15m▀[0m[38;2;57;61;64m[48;2;15;15;15m▀[0m[38;2;57;61;64m[48;2;15;15;15m▀[0m[38;2;15;15;15m[48;2;181;197;212m▀[0m[38;2;181;197;212m[48;2;181;197;212m▀[0m[38;2;181;197;212m[48;2;181;197;212m▀[0m[38;2;181;197;212m[48;2;181;197;212m▀[0m[38;2;181;197;212m[48;2;181;197;212m▀[0m[38;2;181;197;212m[48;2;181;197;212m▀[0m[38;2;181;197;212m[48;2;181;197;212m▀[0m[38;2;181;197;212m[48;2;181;197;212m▀[0m[38;2;15;15;15m[48;2;181;197;212m▀[0m[38;2;181;197;212m[48;2;15;15;15m▀[0m[38;2;181;197;212m[48;2;15;15;15m▀[0m[38;2;15;15;15m[48;2;97;105;114m▀[0m[38;2;15;15;15m[48;2;97;105;114m▀[0m[38;2;57;61;64m[48;2;57;61;64m▀[0m[38;2;181;197;212m[48;2;181;197;212m▀[0m[38;2;135;147;163m[48;2;181;197;212m▀[0m[38;2;181;197;212m[48;2;181;197;212m▀[0m[38;2;181;197;212m[48;2;181;197;212m▀[0m[38;2;181;197;212m[48;2;181;197;212m▀[0m[38;2;57;61;64m[48;2;181;197;212m▀[0m[38;2;181;197;212m[48;2;57;61;64m▀[0m[38;2;181;197;212m[48;2;181;197;212m▀[0m[38;2;181;197;212m[48;2;181;197;212m▀[0m[38;2;181;197;212m[48;2;181;197;212m▀[0m[38;2;181;197;212m[48;2;181;197;212m▀[0m[38;2;181;197;212m[48;2;181;197;212m▀[0m[38;2;181;197;212m[48;2;181;197;212m▀[0m[38;2;97;105;114m[48;2;181;197;212m▀[0m[38;2;97;105;114m[48;2;135;147;163m▀[0m[38;2;57;61;64m▄[0m[38;2;57;61;64m[48;2;135;147;163m▀[0m[38;2;135;147;163m[48;2;97;105;114m▀[0m[38;2;97;105;114m[48;2;135;147;163m▀[0m[38;2;135;147;163m[48;2;135;147;163m▀[0m[38;2;135;147;163m[48;2;57;61;64m▀[0m[38;2;135;147;163m[48;2;15;15;15m▀[0m[38;2;15;15;15m▀[0m    
[38;2;57;61;64m▄[0m[38;2;97;105;114m[48;2;181;197;212m▀[0m[38;2;181;197;212m[48;2;97;105;114m▀[0m[38;2;181;197;212m[48;2;181;197;212m▀[0m[38;2;181;197;212m[48;2;181;197;212m▀[0m[38;2;57;61;64m[48;2;57;61;64m▀[0m[38;2;181;197;212m[48;2;181;197;212m▀[0m[38;2;181;197;212m[48;2;181;197;212m▀[0m[38;2;97;105;114m[48;2;181;197;212m▀[0m[38;2;181;197;212m[48;2;181;197;212m▀[0m[38;2;181;197;212m[48;2;97;105;114m▀[0m[38;2;181;197;212m[48;2;181;197;212m▀[0m[38;2;181;197;212m[48;2;181;197;212m▀[0m[38;2;181;197;212m[48;2;181;197;212m▀[0m[38;2;181;197;212m[48;2;181;197;212m▀[0m[38;2;181;197;212m[48;2;181;197;212m▀[0m[38;2;181;197;212m[48;2;57;61;64m▀[0m[38;2;181;197;212m[48;2;181;197;212m▀[0m[38;2;135;147;163m[48;2;181;197;212m▀[0m[38;2;135;147;163m[48;2;57;61;64m▀[0m[38;2;97;105;114m[48;2;97;105;114m▀[0m[38;2;97;105;114m[48;2;97;105;114m▀[0m[38;2;97;105;114m[48;2;97;105;114m▀[0m[38;2;15;15;15m[48;2;15;15;15m▀[0m[38;2;181;197;212m[48;2;181;197;212m▀[0m[38;2;181;197;212m[48;2;181;197;212m▀[0m[38;2;181;197;212m[48;2;181;197;212m▀[0m[38;2;181;197;212m[48;2;181;197;212m▀[0m[38;2;181;197;212m[48;2;181;197;212m▀[0m[38;2;181;197;212m[48;2;97;105;114m▀[0m[38;2;57;61;64m[48;2;181;197;212m▀[0m[38;2;181;197;212m[48;2;57;61;64m▀[0m[38;2;181;197;212m[48;2;57;61;64m▀[0m[38;2;181;197;212m[48;2;181;197;212m▀[0m[38;2;181;197;212m[48;2;181;197;212m▀[0m[38;2;181;197;212m[48;2;135;147;163m▀[0m[38;2;135;147;163m[48;2;135;147;163m▀[0m[38;2;135;147;163m[48;2;135;147;163m▀[0m[38;2;135;147;163m[48;2;135;147;163m▀[0m[38;2;57;61;64m[48;2;135;147;163m▀[0m[38;2;97;105;114m[48;2;57;61;64m▀[0m[38;2;57;61;64m▀[0m[38;2;57;61;64m▀[0m       
[38;2;57;61;64m[48;2;57;61;64m▀[0m[38;2;181;197;212m[48;2;135;147;163m▀[0m[38;2;181;197;212m[48;2;181;197;212m▀[0m[38;2;181;197;212m[48;2;97;105;114m▀[0m[38;2;181;197;212m[48;2;181;197;212m▀[0m[38;2;97;105;114m[48;2;181;197;212m▀[0m[38;2;181;197;212m[48;2;181;197;212m▀[0m[38;2;97;105;114m[48;2;181;197;212m▀[0m[38;2;181;197;212m[48;2;181;197;212m▀[0m[38;2;135;147;163m[48;2;15;15;15m▀[0m[38;2;181;197;212m[48;2;181;197;212m▀[0m[38;2;181;197;212m[48;2;181;197;212m▀[0m[38;2;181;197;212m[48;2;181;197;212m▀[0m[38;2;57;61;64m[48;2;15;15;15m▀[0m[38;2;181;197;212m[48;2;15;15;15m▀[0m[38;2;181;197;212m[48;2;181;197;212m▀[0m[38;2;15;15;15m[48;2;15;15;15m▀[0m[38;2;15;15;15m[48;2;90;46;53m▀[0m[38;2;181;197;212m[48;2;15;15;15m▀[0m[38;2;181;197;212m[48;2;15;15;15m▀[0m[38;2;15;15;15m[48;2;15;15;15m▀[0m[38;2;15;15;15m[48;2;90;46;53m▀[0m[38;2;97;105;114m[48;2;15;15;15m▀[0m[38;2;97;105;114m[48;2;97;105;114m▀[0m[38;2;15;15;15m[48;2;97;105;114m▀[0m[38;2;135;147;163m[48;2;15;15;15m▀[0m[38;2;181;197;212m[48;2;135;147;163m▀[0m[38;2;181;197;212m[48;2;135;147;163m▀[0m[38;2;135;147;163m[48;2;135;147;163m▀[0m[38;2;97;105;114m[48;2;135;147;163m▀[0m[38;2;135;147;163m[48;2;97;105;114m▀[0m[38;2;135;147;163m[48;2;135;147;163m▀[0m[38;2;135;147;163m[48;2;135;147;163m▀[0m[38;2;57;61;64m[48;2;135;147;163m▀[0m[38;2;135;147;163m[48;2;15;15;15m▀[0m[38;2;135;147;163m[48;2;135;147;163m▀[0m[38;2;97;105;114m[48;2;135;147;163m▀[0m[38;2;135;147;163m[48;2;97;105;114m▀[0m[38;2;135;147;163m[48;2;135;147;163m▀[0m[38;2;135;147;163m[48;2;135;147;163m▀[0m[38;2;57;61;64m[48;2;135;147;163m▀[0m[38;2;57;61;64m▄[0m        
 [38;2;15;15;15m[48;2;15;15;15m▀[0m[38;2;181;197;212m[48;2;135;147;163m▀[0m[38;2;57;61;64m[48;2;15;15;15m▀[0m[38;2;181;197;212m[48;2;181;197;212m▀[0m[38;2;135;147;163m[48;2;15;15;15m▀[0m[38;2;181;197;212m[48;2;181;197;212m▀[0m[38;2;181;197;212m[48;2;181;197;212m▀[0m[38;2;135;147;163m[48;2;15;15;15m▀[0m[38;2;15;15;15m[48;2;90;46;53m▀[0m[38;2;15;15;15m[48;2;90;46;53m▀[0m[38;2;135;147;163m[48;2;15;15;15m▀[0m[38;2;15;15;15m[48;2;15;15;15m▀[0m[38;2;90;46;53m[48;2;90;46;53m▀[0m[38;2;90;46;53m[48;2;90;46;53m▀[0m[38;2;15;15;15m[48;2;90;46;53m▀[0m[38;2;90;46;53m[48;2;90;46;53m▀[0m[38;2;90;46;53m[48;2;90;46;53m▀[0m[38;2;90;46;53m[48;2;15;15;15m▀[0m[38;2;90;46;53m[48;2;15;15;15m▀[0m[38;2;90;46;53m[48;2;90;46;53m▀[0m[38;2;90;46;53m[48;2;90;46;53m▀[0m[38;2;15;15;15m[48;2;15;15;15m▀[0m[38;2;97;105;114m[48;2;97;105;114m▀[0m[38;2;97;105;114m[48;2;15;15;15m▀[0m[38;2;15;15;15m[48;2;135;147;163m▀[0m[38;2;135;147;163m[48;2;135;147;163m▀[0m[38;2;135;147;163m[48;2;97;105;114m▀[0m[38;2;135;147;163m[48;2;135;147;163m▀[0m[38;2;135;147;163m[48;2;135;147;163m▀[0m[38;2;135;147;163m[48;2;135;147;163m▀[0m[38;2;97;105;114m[48;2;97;105;114m▀[0m[38;2;135;147;163m[48;2;135;147;163m▀[0m[38;2;135;147;163m[48;2;135;147;163m▀[0m[38;2;15;15;15m[48;2;15;15;15m▀[0m[38;2;135;147;163m[48;2;135;147;163m▀[0m[38;2;135;147;163m[48;2;135;147;163m▀[0m[38;2;97;105;114m[48;2;135;147;163m▀[0m[38;2;135;147;163m[48;2;97;105;114m▀[0m[38;2;135;147;163m[48;2;135;147;163m▀[0m[38;2;135;147;163m[48;2;135;147;163m▀[0m[38;2;57;61;64m[48;2;57;61;64m▀[0m        
  [38;2;15;15;15m▀[0m[38;2;15;15;15m▀[0m[38;2;135;147;163m[48;2;15;15;15m▀[0m[38;2;15;15;15m[48;2;97;105;114m▀[0m[38;2;181;197;212m[48;2;15;15;15m▀[0m[38;2;135;147;163m[48;2;15;15;15m▀[0m[38;2;15;15;15m[48;2;90;46;53m▀[0m[38;2;90;46;53m[48;2;90;46;53m▀[0m[38;2;90;46;53m[48;2;90;46;53m▀[0m[38;2;90;46;53m[48;2;90;46;53m▀[0m[38;2;90;46;53m[48;2;225;83;57m▀[0m[38;2;90;46;53m[48;2;225;83;57m▀[0m[38;2;90;46;53m[48;2;225;83;57m▀[0m[38;2;90;46;53m[48;2;90;46;53m▀[0m[38;2;90;46;53m[48;2;90;46;53m▀[0m[38;2;15;15;15m[48;2;15;15;15m▀[0m[38;2;181;197;212m[48;2;181;197;212m▀[0m[38;2;181;197;212m[48;2;181;197;212m▀[0m[38;2;15;15;15m[48;2;181;197;212m▀[0m[38;2;15;15;15m[48;2;97;105;114m▀[0m[38;2;57;61;64m[48;2;97;105;114m▀[0m[38;2;97;105;114m[48;2;15;15;15m▀[0m[38;2;15;15;15m[48;2;135;147;163m▀[0m[38;2;135;147;163m[48;2;135;147;163m▀[0m[38;2;135;147;163m[48;2;97;105;114m▀[0m[38;2;97;105;114m[48;2;190;188;197m▀[0m[38;2;135;147;163m[48;2;135;147;163m▀[0m[38;2;135;147;163m[48;2;190;188;197m▀[0m[38;2;97;105;114m[48;2;97;105;114m▀[0m[38;2;135;147;163m[48;2;190;188;197m▀[0m[38;2;135;147;163m[48;2;190;188;197m▀[0m[38;2;15;15;15m[48;2;15;15;15m▀[0m[38;2;135;147;163m[48;2;146;133;154m▀[0m[38;2;135;147;163m[48;2;135;147;163m▀[0m[38;2;135;147;163m[48;2;135;147;163m▀[0m[38;2;135;147;163m[48;2;146;133;154m▀[0m[38;2;97;105;114m[48;2;97;105;114m▀[0m[38;2;135;147;163m[48;2;146;133;154m▀[0m[38;2;146;133;154m[48;2;190;188;197m▀[0m[38;2;190;188;197m[48;2;190;188;197m▀[0m[38;2;57;61;64m[48;2;57;61;64m▀[0m       
 [38;2;57;61;64m▄[0m[38;2;57;61;64m[48;2;97;105;114m▀[0m[38;2;57;61;64m▄[0m[38;2;97;105;114m[48;2;97;105;114m▀[0m[38;2;90;46;53m[48;2;90;46;53m▀[0m[38;2;90;46;53m[48;2;90;46;53m▀[0m[38;2;90;46;53m[48;2;90;46;53m▀[0m[38;2;90;46;53m[48;2;90;46;53m▀[0m[38;2;90;46;53m[48;2;225;83;57m▀[0m[38;2;225;83;57m[48;2;225;83;57m▀[0m[38;2;225;83;57m[48;2;225;83;57m▀[0m[38;2;225;83;57m[48;2;225;83;57m▀[0m[38;2;225;83;57m[48;2;225;83;57m▀[0m[38;2;225;83;57m[48;2;15;15;15m▀[0m[38;2;225;83;57m[48;2;15;15;15m▀[0m[38;2;225;83;57m[48;2;225;83;57m▀[0m[38;2;15;15;15m[48;2;15;15;15m▀[0m[38;2;135;147;163m[48;2;135;147;163m▀[0m[38;2;181;197;212m[48;2;135;147;163m▀[0m[38;2;181;197;212m[48;2;135;147;163m▀[0m[38;2;135;147;163m[48;2;135;147;163m▀[0m[38;2;97;105;114m[48;2;135;147;163m▀[0m[38;2;15;15;15m[48;2;15;15;15m▀[0m[38;2;135;147;163m[48;2;190;188;197m▀[0m[38;2;190;188;197m[48;2;249;249;249m▀[0m[38;2;97;105;114m[48;2;249;249;249m▀[0m[38;2;249;249;249m[48;2;97;105;114m▀[0m[38;2;190;188;197m[48;2;249;249;249m▀[0m[38;2;249;249;249m[48;2;249;249;249m▀[0m[38;2;249;249;249m[48;2;249;249;249m▀[0m[38;2;249;249;249m[48;2;249;249;249m▀[0m[38;2;190;188;197m[48;2;249;249;249m▀[0m[38;2;15;15;15m[48;2;249;249;249m▀[0m[38;2;190;188;197m[48;2;15;15;15m▀[0m[38;2;97;105;114m[48;2;97;105;114m▀[0m[38;2;146;133;154m[48;2;190;188;197m▀[0m[38;2;190;188;197m[48;2;190;188;197m▀[0m[38;2;97;105;114m[48;2;190;188;197m▀[0m[38;2;190;188;197m[48;2;97;105;114m▀[0m[38;2;190;188;197m[48;2;190;188;197m▀[0m[38;2;190;188;197m[48;2;190;188;197m▀[0m[38;2;190;188;197m[48;2;190;188;197m▀[0m[38;2;57;61;64m[48;2;57;61;64m▀[0m      
[38;2;57;61;64m▄[0m[38;2;57;61;64m[48;2;97;105;114m▀[0m[38;2;97;105;114m[48;2;90;46;53m▀[0m[38;2;57;61;64m[48;2;90;46;53m▀[0m[38;2;90;46;53m[48;2;15;15;15m▀[0m[38;2;90;46;53m[48;2;90;46;53m▀[0m[38;2;90;46;53m[48;2;90;46;53m▀[0m[38;2;90;46;53m[48;2;225;83;57m▀[0m[38;2;225;83;57m[48;2;57;61;64m▀[0m[38;2;57;61;64m[48;2;181;197;212m▀[0m[38;2;57;61;64m[48;2;181;197;212m▀[0m[38;2;225;83;57m[48;2;15;15;15m▀[0m[38;2;225;83;57m[48;2;225;83;57m▀[0m[38;2;57;61;64m[48;2;57;61;64m▀[0m[38;2;181;197;212m[48;2;181;197;212m▀[0m[38;2;181;197;212m[48;2;181;197;212m▀[0m[38;2;15;15;15m[48;2;135;147;163m▀[0m[38;2;15;15;15m[48;2;97;105;114m▀[0m[38;2;135;147;163m[48;2;135;147;163m▀[0m[38;2;135;147;163m[48;2;135;147;163m▀[0m[38;2;135;147;163m[48;2;135;147;163m▀[0m[38;2;135;147;163m[48;2;135;147;163m▀[0m[38;2;135;147;163m[48;2;135;147;163m▀[0m[38;2;135;147;163m[48;2;135;147;163m▀[0m[38;2;15;15;15m[48;2;135;147;163m▀[0m[38;2;249;249;249m[48;2;15;15;15m▀[0m[38;2;249;249;249m[48;2;190;188;197m▀[0m[38;2;249;249;249m[48;2;249;249;249m▀[0m[38;2;249;249;249m[48;2;249;249;249m▀[0m[38;2;249;249;249m[48;2;146;133;154m▀[0m[38;2;249;249;249m[48;2;249;249;249m▀[0m[38;2;249;249;249m[48;2;249;249;249m▀[0m[38;2;249;249;249m[48;2;146;133;154m▀[0m[38;2;249;249;249m[48;2;249;249;249m▀[0m[38;2;249;249;249m[48;2;146;133;154m▀[0m[38;2;15;15;15m[48;2;249;249;249m▀[0m[38;2;15;15;15m[48;2;249;249;249m▀[0m[38;2;190;188;197m[48;2;15;15;15m▀[0m[38;2;190;188;197m[48;2;15;15;15m▀[0m[38;2;97;105;114m[48;2;190;188;197m▀[0m[38;2;190;188;197m[48;2;190;188;197m▀[0m[38;2;190;188;197m[48;2;190;188;197m▀[0m[38;2;190;188;197m[48;2;190;188;197m▀[0m[38;2;190;188;197m[48;2;190;188;197m▀[0m[38;2;57;61;64m[48;2;190;188;197m▀[0m[38;2;57;61;64m▄[0m    
[38;2;57;61;64m[48;2;15;15;15m▀[0m[38;2;97;105;114m[48;2;97;105;114m▀[0m[38;2;90;46;53m[48;2;15;15;15m▀[0m[38;2;15;15;15m[48;2;57;61;64m▀[0m[38;2;181;197;212m[48;2;181;197;212m▀[0m[38;2;15;15;15m[48;2;181;197;212m▀[0m[38;2;225;83;57m[48;2;15;15;15m▀[0m[38;2;225;83;57m[48;2;57;61;64m▀[0m[38;2;57;61;64m[48;2;135;147;163m▀[0m[38;2;181;197;212m[48;2;135;147;163m▀[0m[38;2;181;197;212m[48;2;135;147;163m▀[0m[38;2;135;147;163m[48;2;135;147;163m▀[0m[38;2;15;15;15m[48;2;97;105;114m▀[0m[38;2;97;105;114m[48;2;135;147;163m▀[0m[38;2;135;147;163m[48;2;135;147;163m▀[0m[38;2;135;147;163m[48;2;135;147;163m▀[0m[38;2;135;147;163m[48;2;135;147;163m▀[0m[38;2;135;147;163m[48;2;135;147;163m▀[0m[38;2;135;147;163m[48;2;135;147;163m▀[0m[38;2;135;147;163m[48;2;135;147;163m▀[0m[38;2;135;147;163m[48;2;135;147;163m▀[0m[38;2;135;147;163m[48;2;135;147;163m▀[0m[38;2;135;147;163m[48;2;135;147;163m▀[0m[38;2;135;147;163m[48;2;135;147;163m▀[0m[38;2;135;147;163m[48;2;135;147;163m▀[0m[38;2;135;147;163m[48;2;97;105;114m▀[0m[38;2;15;15;15m[48;2;135;147;163m▀[0m[38;2;190;188;197m[48;2;15;15;15m▀[0m[38;2;249;249;249m[48;2;249;249;249m▀[0m[38;2;249;249;249m[48;2;249;249;249m▀[0m[38;2;146;133;154m[48;2;190;188;197m▀[0m[38;2;249;249;249m[48;2;57;61;64m▀[0m[38;2;249;249;249m[48;2;190;188;197m▀[0m[38;2;146;133;154m[48;2;57;61;64m▀[0m[38;2;249;249;249m[48;2;249;249;249m▀[0m[38;2;57;61;64m[48;2;190;188;197m▀[0m[38;2;249;249;249m[48;2;57;61;64m▀[0m[38;2;249;249;249m[48;2;57;61;64m▀[0m[38;2;57;61;64m[48;2;190;188;197m▀[0m[38;2;190;188;197m[48;2;146;133;154m▀[0m[38;2;190;188;197m[48;2;190;188;197m▀[0m[38;2;57;61;64m[48;2;57;61;64m▀[0m[38;2;190;188;197m[48;2;190;188;197m▀[0m[38;2;190;188;197m[48;2;190;188;197m▀[0m[38;2;190;188;197m[48;2;57;61;64m▀[0m[38;2;190;188;197m[48;2;190;188;197m▀[0m[38;2;57;61;64m[48;2;190;188;197m▀[0m[38;2;57;61;64m▄[0m  
[38;2;15;15;15m▀[0m[38;2;97;105;114m[48;2;57;61;64m▀[0m[38;2;57;61;64m[48;2;135;147;163m▀[0m[38;2;135;147;163m[48;2;135;147;163m▀[0m[38;2;135;147;163m[48;2;135;147;163m▀[0m[38;2;135;147;163m[48;2;135;147;163m▀[0m[38;2;15;15;15m[48;2;135;147;163m▀[0m[38;2;57;61;64m[48;2;57;61;64m▀[0m[38;2;135;147;163m[48;2;135;147;163m▀[0m[38;2;135;147;163m[48;2;135;147;163m▀[0m[38;2;135;147;163m[48;2;135;147;163m▀[0m[38;2;135;147;163m[48;2;135;147;163m▀[0m[38;2;135;147;163m[48;2;135;147;163m▀[0m[38;2;135;147;163m[48;2;135;147;163m▀[0m[38;2;135;147;163m[48;2;135;147;163m▀[0m[38;2;135;147;163m[48;2;135;147;163m▀[0m[38;2;135;147;163m[48;2;135;147;163m▀[0m[38;2;135;147;163m[48;2;135;147;163m▀[0m[38;2;135;147;163m[48;2;135;147;163m▀[0m[38;2;135;147;163m[48;2;135;147;163m▀[0m[38;2;135;147;163m[48;2;135;147;163m▀[0m[38;2;135;147;163m[48;2;135;147;163m▀[0m[38;2;135;147;163m[48;2;57;61;64m▀[0m[38;2;135;147;163m[48;2;135;147;163m▀[0m[38;2;135;147;163m[48;2;135;147;163m▀[0m[38;2;57;61;64m[48;2;57;61;64m▀[0m[38;2;135;147;163m[48;2;135;147;163m▀[0m[38;2;97;105;114m[48;2;15;15;15m▀[0m[38;2;15;15;15m[48;2;15;15;15m▀[0m[38;2;190;188;197m[48;2;190;188;197m▀[0m[38;2;190;188;197m[48;2;190;188;197m▀[0m[38;2;15;15;15m[48;2;15;15;15m▀[0m[38;2;190;188;197m[48;2;190;188;197m▀[0m[38;2;57;61;64m[48;2;15;15;15m▀[0m[38;2;190;188;197m[48;2;15;15;15m▀[0m[38;2;190;188;197m[48;2;190;188;197m▀[0m[38;2;15;15;15m[48;2;15;15;15m▀[0m[38;2;190;188;197m[48;2;190;188;197m▀[0m[38;2;190;188;197m[48;2;190;188;197m▀[0m[38;2;57;61;64m[48;2;57;61;64m▀[0m[38;2;190;188;197m[48;2;190;188;197m▀[0m[38;2;190;188;197m[48;2;190;188;197m▀[0m[38;2;15;15;15m[48;2;57;61;64m▀[0m[38;2;190;188;197m[48;2;15;15;15m▀[0m[38;2;190;188;197m[48;2;190;188;197m▀[0m[38;2;57;61;64m[48;2;190;188;197m▀[0m[38;2;57;61;64m[48;2;190;188;197m▀[0m[38;2;57;61;64m▄[0m  
 [38;2;15;15;15m▀[0m[38;2;135;147;163m[48;2;57;61;64m▀[0m[38;2;135;147;163m[48;2;135;147;163m▀[0m[38;2;135;147;163m[48;2;135;147;163m▀[0m[38;2;135;147;163m[48;2;135;147;163m▀[0m[38;2;135;147;163m[48;2;135;147;163m▀[0m[38;2;135;147;163m[48;2;135;147;163m▀[0m[38;2;135;147;163m[48;2;135;147;163m▀[0m[38;2;135;147;163m[48;2;135;147;163m▀[0m[38;2;135;147;163m[48;2;135;147;163m▀[0m[38;2;135;147;163m[48;2;135;147;163m▀[0m[38;2;135;147;163m[48;2;135;147;163m▀[0m[38;2;135;147;163m[48;2;135;147;163m▀[0m[38;2;135;147;163m[48;2;135;147;163m▀[0m[38;2;135;147;163m[48;2;135;147;163m▀[0m[38;2;135;147;163m[48;2;135;147;163m▀[0m[38;2;135;147;163m[48;2;135;147;163m▀[0m[38;2;135;147;163m[48;2;135;147;163m▀[0m[38;2;135;147;163m[48;2;135;147;163m▀[0m[38;2;135;147;163m[48;2;57;61;64m▀[0m[38;2;135;147;163m[48;2;135;147;163m▀[0m[38;2;135;147;163m[48;2;135;147;163m▀[0m[38;2;57;61;64m[48;2;57;61;64m▀[0m[38;2;135;147;163m[48;2;135;147;163m▀[0m[38;2;15;15;15m[48;2;15;15;15m▀[0m[38;2;15;15;15m[48;2;97;105;114m▀[0m[38;2;97;105;114m[48;2;15;15;15m▀[0m[38;2;15;15;15m[48;2;190;188;197m▀[0m[38;2;190;188;197m[48;2;15;15;15m▀[0m[38;2;15;15;15m[48;2;15;15;15m▀[0m[38;2;190;188;197m[48;2;190;188;197m▀[0m[38;2;190;188;197m[48;2;15;15;15m▀[0m[38;2;15;15;15m[48;2;146;133;154m▀[0m[38;2;146;133;154m[48;2;146;133;154m▀[0m[38;2;15;15;15m[48;2;57;61;64m▀[0m[38;2;15;15;15m[48;2;190;188;197m▀[0m[38;2;190;188;197m[48;2;190;188;197m▀[0m[38;2;146;133;154m[48;2;15;15;15m▀[0m[38;2;15;15;15m[48;2;97;105;114m▀[0m[38;2;146;133;154m[48;2;15;15;15m▀[0m[38;2;190;188;197m[48;2;15;15;15m▀[0m[38;2;190;188;197m[48;2;146;133;154m▀[0m[38;2;57;61;64m[48;2;190;188;197m▀[0m[38;2;15;15;15m[48;2;57;61;64m▀[0m[38;2;15;15;15m▀[0m[38;2;15;15;15m▀[0m   
  [38;2;15;15;15m▀[0m[38;2;135;147;163m[48;2;15;15;15m▀[0m[38;2;135;147;163m[48;2;135;147;163m▀[0m[38;2;135;147;163m[48;2;135;147;163m▀[0m[38;2;135;147;163m[48;2;135;147;163m▀[0m[38;2;135;147;163m[48;2;135;147;163m▀[0m[38;2;135;147;163m[48;2;135;147;163m▀[0m[38;2;135;147;163m[48;2;135;147;163m▀[0m[38;2;135;147;163m[48;2;135;147;163m▀[0m[38;2;135;147;163m[48;2;135;147;163m▀[0m[38;2;135;147;163m[48;2;135;147;163m▀[0m[38;2;135;147;163m[48;2;135;147;163m▀[0m[38;2;135;147;163m[48;2;135;147;163m▀[0m[38;2;135;147;163m[48;2;135;147;163m▀[0m[38;2;135;147;163m[48;2;135;147;163m▀[0m[38;2;135;147;163m[48;2;97;105;114m▀[0m[38;2;135;147;163m[48;2;135;147;163m▀[0m[38;2;135;147;163m[48;2;57;61;64m▀[0m[38;2;135;147;163m[48;2;135;147;163m▀[0m[38;2;57;61;64m[48;2;15;15;15m▀[0m[38;2;135;147;163m[48;2;15;15;15m▀[0m[38;2;15;15;15m[48;2;135;147;163m▀[0m[38;2;15;15;15m[48;2;135;147;163m▀[0m[38;2;97;105;114m[48;2;135;147;163m▀[0m[38;2;97;105;114m[48;2;135;147;163m▀[0m[38;2;15;15;15m[48;2;97;105;114m▀[0m[38;2;15;15;15m[48;2;57;61;64m▀[0m[38;2;146;133;154m[48;2;146;133;154m▀[0m[38;2;15;15;15m[48;2;57;61;64m▀[0m[38;2;15;15;15m[48;2;146;133;154m▀[0m[38;2;146;133;154m[48;2;57;61;64m▀[0m[38;2;15;15;15m[48;2;135;147;163m▀[0m[38;2;146;133;154m[48;2;57;61;64m▀[0m[38;2;57;61;64m[48;2;135;147;163m▀[0m[38;2;15;15;15m[48;2;135;147;163m▀[0m[38;2;146;133;154m[48;2;15;15;15m▀[0m[38;2;15;15;15m[48;2;135;147;163m▀[0m[38;2;97;105;114m[48;2;135;147;163m▀[0m[38;2;97;105;114m[48;2;97;105;114m▀[0m[38;2;57;61;64m[48;2;146;133;154m▀[0m[38;2;15;15;15m[48;2;57;61;64m▀[0m[38;2;15;15;15m▀[0m[38;2;15;15;15m▀[0m     
    [38;2;15;15;15m▀[0m[38;2;135;147;163m[48;2;15;15;15m▀[0m[38;2;135;147;163m[48;2;15;15;15m▀[0m[38;2;135;147;163m[48;2;135;147;163m▀[0m[38;2;135;147;163m[48;2;135;147;163m▀[0m[38;2;97;105;114m[48;2;97;105;114m▀[0m[38;2;135;147;163m[48;2;135;147;163m▀[0m[38;2;135;147;163m[48;2;135;147;163m▀[0m[38;2;135;147;163m[48;2;135;147;163m▀[0m[38;2;135;147;163m[48;2;135;147;163m▀[0m[38;2;97;105;114m[48;2;97;105;114m▀[0m[38;2;135;147;163m[48;2;135;147;163m▀[0m[38;2;135;147;163m[48;2;135;147;163m▀[0m[38;2;15;15;15m[48;2;15;15;15m▀[0m[38;2;135;147;163m[48;2;135;147;163m▀[0m[38;2;15;15;15m[48;2;15;15;15m▀[0m[38;2;135;147;163m[48;2;15;15;15m▀[0m[38;2;15;15;15m[48;2;135;147;163m▀[0m[38;2;135;147;163m[48;2;97;105;114m▀[0m[38;2;135;147;163m[48;2;135;147;163m▀[0m[38;2;135;147;163m[48;2;135;147;163m▀[0m[38;2;135;147;163m[48;2;97;105;114m▀[0m[38;2;135;147;163m[48;2;135;147;163m▀[0m[38;2;135;147;163m[48;2;135;147;163m▀[0m[38;2;57;61;64m[48;2;135;147;163m▀[0m[38;2;57;61;64m[48;2;135;147;163m▀[0m[38;2;97;105;114m[48;2;57;61;64m▀[0m[38;2;15;15;15m[48;2;15;15;15m▀[0m[38;2;146;133;154m[48;2;146;133;154m▀[0m[38;2;135;147;163m[48;2;146;133;154m▀[0m[38;2;135;147;163m[48;2;57;61;64m▀[0m[38;2;97;105;114m[48;2;135;147;163m▀[0m[38;2;135;147;163m[48;2;135;147;163m▀[0m[38;2;135;147;163m[48;2;57;61;64m▀[0m[38;2;97;105;114m[48;2;135;147;163m▀[0m[38;2;135;147;163m[48;2;135;147;163m▀[0m[38;2;146;133;154m[48;2;190;188;197m▀[0m[38;2;190;188;197m[48;2;57;61;64m▀[0m[38;2;57;61;64m▀[0m       
       [38;2;15;15;15m▀[0m[38;2;135;147;163m[48;2;15;15;15m▀[0m[38;2;135;147;163m[48;2;135;147;163m▀[0m[38;2;57;61;64m[48;2;15;15;15m▀[0m[38;2;135;147;163m[48;2;135;147;163m▀[0m[38;2;135;147;163m[48;2;15;15;15m▀[0m[38;2;57;61;64m[48;2;57;61;64m▀[0m[38;2;135;147;163m[48;2;135;147;163m▀[0m[38;2;135;147;163m[48;2;15;15;15m▀[0m[38;2;15;15;15m[48;2;146;133;154m▀[0m[38;2;146;133;154m[48;2;146;133;154m▀[0m[38;2;15;15;15m[48;2;146;133;154m▀[0m[38;2;97;105;114m[48;2;15;15;15m▀[0m[38;2;146;133;154m[48;2;190;188;197m▀[0m[38;2;57;61;64m[48;2;57;61;64m▀[0m[38;2;146;133;154m[48;2;190;188;197m▀[0m[38;2;135;147;163m[48;2;146;133;154m▀[0m[38;2;57;61;64m[48;2;57;61;64m▀[0m[38;2;135;147;163m[48;2;146;133;154m▀[0m[38;2;135;147;163m[48;2;146;133;154m▀[0m[38;2;135;147;163m[48;2;190;188;197m▀[0m[38;2;146;133;154m[48;2;190;188;197m▀[0m[38;2;190;188;197m[48;2;190;188;197m▀[0m[38;2;57;61;64m[48;2;57;61;64m▀[0m [38;2;15;15;15m▀[0m[38;2;190;188;197m[48;2;15;15;15m▀[0m[38;2;57;61;64m[48;2;15;15;15m▀[0m[38;2;190;188;197m[48;2;190;188;197m▀[0m[38;2;190;188;197m[48;2;190;188;197m▀[0m[38;2;57;61;64m[48;2;57;61;64m▀[0m[38;2;190;188;197m[48;2;190;188;197m▀[0m[38;2;190;188;197m[48;2;15;15;15m▀[0m[38;2;190;188;197m[48;2;15;15;15m▀[0m[38;2;15;15;15m▀[0m        
         [38;2;15;15;15m▀[0m [38;2;15;15;15m▀[0m[38;2;146;133;154m[48;2;57;61;64m▀[0m[38;2;15;15;15m[48;2;57;61;64m▀[0m[38;2;15;15;15m[48;2;57;61;64m▀[0m[38;2;146;133;154m[48;2;57;61;64m▀[0m[38;2;146;133;154m[48;2;57;61;64m▀[0m[38;2;57;61;64m▀[0m[38;2;57;61;64m▀[0m[38;2;15;15;15m▀[0m[38;2;190;188;197m[48;2;15;15;15m▀[0m[38;2;57;61;64m[48;2;15;15;15m▀[0m[38;2;190;188;197m[48;2;57;61;64m▀[0m[38;2;190;188;197m[48;2;190;188;197m▀[0m[38;2;57;61;64m[48;2;190;188;197m▀[0m[38;2;190;188;197m[48;2;57;61;64m▀[0m[38;2;190;188;197m[48;2;190;188;197m▀[0m[38;2;190;188;197m[48;2;15;15;15m▀[0m[38;2;190;188;197m[48;2;15;15;15m▀[0m[38;2;15;15;15m▀[0m     [38;2;15;15;15m▀[0m[38;2;15;15;15m▀[0m[38;2;15;15;15m▀[0m[38;2;15;15;15m▀[0m           
                      [38;2;15;15;15m▀[0m[38;2;15;15;15m▀[0m[38;2;15;15;15m▀[0m[38;2;15;15;15m▀[0m[38;2;15;15;15m▀[0m                       
[0m