                                         [38;2;56;56;141m▄[0m[38;2;98;98;161m▄[0m[38;2;98;106;160m[48;2;125;138;192m▀[0m[38;2;105;111;169m[48;2;132;146;194m▀[0m[38;2;121;127;193m[48;2;147;161;211m▀[0m[38;2;112;118;178m[48;2;138;152;200m▀[0m[38;2;105;112;168m[48;2;131;143;194m▀[0m[38;2;106;115;176m▄[0m[38;2;98;107;176m▄[0m                              
                                       [38;2;102;102;170m▄[0m[38;2;105;113;170m▄[0m[38;2;87;87;155m[48;2;128;138;193m▀[0m[38;2;101;105;164m[48;2;133;147;194m▀[0m[38;2;142;156;209m[48;2;174;197;238m▀[0m[38;2;181;209;238m[48;2;202;235;255m▀[0m[38;2;198;230;246m[48;2;213;250;255m▀[0m[38;2;191;221;244m[48;2;208;244;255m▀[0m[38;2;162;183;225m[48;2;190;218;249m▀[0m[38;2;111;118;177m[48;2;152;169;217m▀[0m[38;2;100;105;169m[48;2;108;120;157m▀[0m[38;2;23;23;23m▄[0m[38;2;0;0;0m▄[0m                            
                                       [38;2;104;110;168m[48;2;105;110;170m▀[0m[38;2;105;112;169m[48;2;105;111;170m▀[0m[38;2;141;156;207m[48;2;152;168;222m▀[0m[38;2;183;210;240m[48;2;198;230;255m▀[0m[38;2;202;235;252m[48;2;211;248;255m▀[0m[38;2;201;234;255m[48;2;202;235;255m▀[0m[38;2;202;235;255m[48;2;199;232;255m▀[0m[38;2;201;234;255m[48;2;200;233;255m▀[0m[38;2;206;240;254m[48;2;212;249;255m▀[0m[38;2;196;228;250m[48;2;210;247;255m▀[0m[38;2;115;131;145m[48;2;121;140;150m▀[0m[38;2;23;23;22m[48;2;25;25;24m▀[0m[38;2;2;0;0m[48;2;2;0;0m▀[0m                            
                                       [38;2;106;111;170m[48;2;105;115;170m▀[0m[38;2;105;111;169m[48;2;107;113;170m▀[0m[38;2;144;159;210m[48;2;146;160;214m▀[0m[38;2;191;221;248m[48;2;183;207;238m▀[0m[38;2;207;242;255m[48;2;199;230;249m▀[0m[38;2;201;234;255m[48;2;201;235;255m▀[0m[38;2;200;233;255m[48;2;202;237;255m▀[0m[38;2;200;233;255m[48;2;202;236;255m▀[0m[38;2;210;245;255m[48;2;208;241;255m▀[0m[38;2;204;239;255m[48;2;199;228;254m▀[0m[38;2;117;134;146m[48;2;114;129;144m▀[0m[38;2;23;23;22m[48;2;24;24;24m▀[0m[38;2;2;0;0m[48;2;4;0;0m▀[0m                            
                                       [38;2;104;114;171m[48;2;106;116;180m▀[0m[38;2;108;115;172m[48;2;109;116;172m▀[0m[38;2;138;149;203m[48;2;132;141;197m▀[0m[38;2;166;182;219m[48;2;143;154;204m▀[0m[38;2;186;210;237m[48;2;165;183;226m▀[0m[38;2;199;231;253m[48;2;183;208;236m▀[0m[38;2;203;238;255m[48;2;197;225;249m▀[0m[38;2;201;236;255m[48;2;199;226;255m▀[0m[38;2;198;226;254m[48;2;160;180;205m▀[0m[38;2;178;198;230m[48;2;102;112;130m▀[0m[38;2;102;111;128m[48;2;64;69;79m▀[0m[38;2;23;23;23m[48;2;23;23;23m▀[0m[38;2;4;2;0m[48;2;4;4;0m▀[0m                            
                                         [38;2;106;114;170m[48;2;27;27;46m▀[0m[38;2;108;115;171m[48;2;49;51;73m▀[0m[38;2;139;151;203m[48;2;104;113;143m▀[0m[38;2;167;185;220m[48;2;169;186;219m▀[0m[38;2;182;203;234m[48;2;156;173;199m▀[0m[38;2;176;195;228m[48;2;98;107;122m▀[0m[38;2;109;120;138m[48;2;58;62;69m▀[0m[38;2;25;26;27m[48;2;8;6;4m▀[0m[38;2;3;1;0m[48;2;0;0;0m▀[0m                              
                                         [38;2;0;0;0m[48;2;0;0;0m▀[0m[38;2;9;8;3m[48;2;0;0;0m▀[0m[38;2;74;80;90m[48;2;68;83;107m▀[0m[38;2;163;181;213m[48;2;124;140;188m▀[0m[38;2;127;141;164m[48;2;106;123;165m▀[0m[38;2;28;30;30m[48;2;0;5;0m▀[0m[38;2;0;0;0m[48;2;0;0;0m▀[0m                                
                                         [38;2;255;255;255m[48;2;191;102;153m▀[0m[38;2;255;191;255m[48;2;193;103;158m▀[0m[38;2;144;133;191m[48;2;212;149;189m▀[0m[38;2;123;126;178m[48;2;204;179;202m▀[0m[38;2;126;126;180m[48;2;208;170;199m▀[0m[38;2;232;166;232m[48;2;203;120;168m▀[0m[38;2;255;204;255m[48;2;192;100;154m▀[0m[38;2;255;85;170m▄[0m                               
                                         [38;2;178;93;141m[48;2;168;76;127m▀[0m[38;2;181;96;147m[48;2;178;89;142m▀[0m[38;2;232;155;193m[48;2;225;147;186m▀[0m[38;2;255;214;219m[48;2;252;211;217m▀[0m[38;2;249;193;211m[48;2;245;191;209m▀[0m[38;2;208;122;171m[48;2;203;119;167m▀[0m[38;2;179;93;145m[48;2;179;93;145m▀[0m[38;2;204;102;153m[48;2;204;102;153m▀[0m                               
                                       [38;2;191;95;159m[48;2;181;93;147m▀[0m[38;2;179;96;144m[48;2;180;94;145m▀[0m[38;2;196;116;162m[48;2;213;140;180m▀[0m[38;2;194;122;164m[48;2;233;192;209m▀[0m[38;2;228;165;195m[48;2;248;219;226m▀[0m[38;2;249;211;217m[48;2;252;219;222m▀[0m[38;2;239;185;205m[48;2;235;177;200m▀[0m[38;2;196;114;161m[48;2;193;109;158m▀[0m[38;2;177;91;144m[48;2;174;84;139m▀[0m                                
                                       [38;2;180;90;145m[48;2;182;88;140m▀[0m[38;2;181;94;144m[48;2;180;93;144m▀[0m[38;2;229;154;196m[48;2;220;152;191m▀[0m[38;2;252;229;236m[48;2;249;236;243m▀[0m[38;2;255;248;244m[48;2;255;252;250m▀[0m[38;2;253;221;223m[48;2;251;219;222m▀[0m[38;2;238;186;204m[48;2;249;209;215m▀[0m[38;2;209;139;175m[48;2;243;202;211m▀[0m[38;2;198;121;164m[48;2;228;166;194m▀[0m[38;2;190;109;157m[48;2;192;110;157m▀[0m[38;2;178;93;144m[48;2;179;94;147m▀[0m                              
                                       [38;2;174;80;130m[48;2;165;68;130m▀[0m[38;2;177;87;140m[48;2;177;85;138m▀[0m[38;2;216;148;188m[48;2;215;145;187m▀[0m[38;2;248;238;245m[48;2;248;236;244m▀[0m[38;2;255;255;252m[48;2;255;254;252m▀[0m[38;2;250;218;222m[48;2;250;218;222m▀[0m[38;2;252;218;219m[48;2;251;215;218m▀[0m[38;2;255;224;224m[48;2;252;218;221m▀[0m[38;2;243;183;208m[48;2;234;175;200m▀[0m[38;2;206;118;168m[48;2;194;111;158m▀[0m[38;2;179;94;146m[48;2;179;92;146m▀[0m                              
                                     [38;2;176;98;137m[48;2;172;90;142m▀[0m[38;2;182;91;144m[48;2;180;91;142m▀[0m[38;2;206;127;172m[48;2;212;140;182m▀[0m[38;2;206;146;181m[48;2;241;221;232m▀[0m[38;2;230;187;213m[48;2;253;249;251m▀[0m[38;2;251;245;249m[48;2;255;255;255m▀[0m[38;2;254;251;249m[48;2;252;244;245m▀[0m[38;2;250;218;222m[48;2;249;217;221m▀[0m[38;2;251;215;218m[48;2;251;215;218m▀[0m[38;2;251;217;220m[48;2;251;217;220m▀[0m[38;2;232;172;198m[48;2;232;172;198m▀[0m[38;2;189;105;154m[48;2;190;105;154m▀[0m[38;2;175;85;140m[48;2;176;87;141m▀[0m                              
                                     [38;2;160;75;122m[48;2;167;87;135m▀[0m[38;2;175;82;136m[48;2;177;87;140m▀[0m[38;2;223;144;191m[48;2;212;140;183m▀[0m[38;2;252;239;248m[48;2;246;231;241m▀[0m[38;2;255;255;255m[48;2;255;255;254m▀[0m[38;2;254;243;243m[48;2;251;222;225m▀[0m[38;2;251;228;231m[48;2;249;211;216m▀[0m[38;2;249;215;220m[48;2;249;213;218m▀[0m[38;2;250;214;218m[48;2;249;212;217m▀[0m[38;2;250;215;219m[48;2;249;212;217m▀[0m[38;2;241;195;211m[48;2;252;225;228m▀[0m[38;2;217;159;188m[48;2;250;228;232m▀[0m[38;2;210;140;179m[48;2;230;175;203m▀[0m[38;2;186;105;154m[48;2;185;105;152m▀[0m[38;2;175;90;143m[48;2;178;90;142m▀[0m                            
                                   [38;2;185;92;162m[48;2;180;95;148m▀[0m[38;2;180;90;141m[48;2;179;89;141m▀[0m[38;2;204;129;173m[48;2;209;134;177m▀[0m[38;2;213;163;193m[48;2;243;223;235m▀[0m[38;2;233;197;219m[48;2;255;255;255m▀[0m[38;2;250;236;242m[48;2;253;239;240m▀[0m[38;2;253;241;242m[48;2;250;224;228m▀[0m[38;2;250;216;220m[48;2;249;215;220m▀[0m[38;2;249;209;214m[48;2;249;212;217m▀[0m[38;2;249;213;218m[48;2;249;213;218m▀[0m[38;2;249;211;216m[48;2;249;211;216m▀[0m[38;2;249;212;217m[48;2;249;212;217m▀[0m[38;2;255;236;236m[48;2;255;238;239m▀[0m[38;2;255;251;249m[48;2;255;255;255m▀[0m[38;2;242;192;219m[48;2;233;191;217m▀[0m[38;2;197;111;161m[48;2;186;104;152m▀[0m[38;2;176;88;141m[48;2;178;87;140m▀[0m                            
                                   [38;2;183;102;153m[48;2;180;95;148m▀[0m[38;2;180;92;143m[48;2;180;93;144m▀[0m[38;2;219;139;185m[48;2;208;130;174m▀[0m[38;2;248;223;235m[48;2;241;203;218m▀[0m[38;2;255;252;250m[48;2;255;234;235m▀[0m[38;2;252;229;231m[48;2;251;218;222m▀[0m[38;2;249;216;221m[48;2;249;212;217m▀[0m[38;2;249;214;219m[48;2;249;213;218m▀[0m[38;2;249;213;218m[48;2;249;213;218m▀[0m[38;2;249;213;218m[48;2;249;213;218m▀[0m[38;2;249;211;216m[48;2;249;211;216m▀[0m[38;2;249;212;217m[48;2;249;212;217m▀[0m[38;2;255;239;240m[48;2;255;238;239m▀[0m[38;2;255;255;255m[48;2;255;255;255m▀[0m[38;2;232;188;215m[48;2;234;193;218m▀[0m[38;2;181;94;145m[48;2;188;109;155m▀[0m[38;2;185;81;142m[48;2;174;90;139m▀[0m[38;2;31;31;31m▄[0m[38;2;0;0;0m▄[0m                          
                                  [38;2;185;92;139m▄[0m[38;2;127;31;95m[48;2;197;108;159m▀[0m[38;2;173;84;138m[48;2;188;104;151m▀[0m[38;2;204;122;169m[48;2;211;135;176m▀[0m[38;2;239;193;210m[48;2;240;192;208m▀[0m[38;2;254;225;227m[48;2;253;219;221m▀[0m[38;2;250;216;220m[48;2;251;215;219m▀[0m[38;2;249;212;217m[48;2;250;213;218m▀[0m[38;2;249;213;218m[48;2;249;213;218m▀[0m[38;2;249;213;218m[48;2;249;213;218m▀[0m[38;2;249;213;218m[48;2;249;213;218m▀[0m[38;2;249;211;216m[48;2;249;211;216m▀[0m[38;2;249;212;217m[48;2;249;212;217m▀[0m[38;2;253;235;237m[48;2;251;228;232m▀[0m[38;2;255;255;255m[48;2;254;250;250m▀[0m[38;2;246;230;240m[48;2;255;255;255m▀[0m[38;2;226;194;213m[48;2;255;255;255m▀[0m[38;2;141;119;132m[48;2;132;134;133m▀[0m[38;2;17;17;17m[48;2;17;17;17m▀[0m[38;2;0;0;0m[48;2;0;0;0m▀[0m                          
                              [38;2;109;109;163m▄[0m[38;2;105;114;175m▄[0m[38;2;114;123;184m▄[0m[38;2;133;103;163m▄[0m[38;2;192;87;140m[48;2;167;96;149m▀[0m[38;2;210;120;164m[48;2;201;127;176m▀[0m[38;2;232;167;191m[48;2;228;183;206m▀[0m[38;2;248;196;209m[48;2;239;213;219m▀[0m[38;2;255;214;218m[48;2;235;206;215m▀[0m[38;2;255;222;222m[48;2;232;201;212m▀[0m[38;2;255;221;221m[48;2;231;200;212m▀[0m[38;2;255;218;220m[48;2;237;204;214m▀[0m[38;2;250;214;218m[48;2;248;212;218m▀[0m[38;2;249;212;218m[48;2;251;215;219m▀[0m[38;2;249;213;218m[48;2;251;214;218m▀[0m[38;2;249;212;217m[48;2;251;214;219m▀[0m[38;2;249;213;218m[48;2;250;214;218m▀[0m[38;2;249;217;221m[48;2;250;211;216m▀[0m[38;2;251;225;229m[48;2;249;210;216m▀[0m[38;2;255;255;255m[48;2;253;241;244m▀[0m[38;2;255;255;255m[48;2;249;243;246m▀[0m[38;2;126;135;131m[48;2;139;132;137m▀[0m[38;2;6;12;8m[48;2;36;26;32m▀[0m[38;2;0;0;0m[48;2;20;10;15m▀[0m                          
                        [38;2;92;92;162m▄[0m[38;2;107;107;167m▄[0m[38;2;109;115;182m▄[0m[38;2;103;109;170m▄[0m[38;2;97;103;163m▄[0m[38;2;103;109;170m▄[0m[38;2;106;109;169m[48;2;124;135;186m▀[0m[38;2;107;113;172m[48;2;138;150;204m▀[0m[38;2;111;118;180m[48;2;142;156;210m▀[0m[38;2;106;110;168m[48;2;135;148;201m▀[0m[38;2;121;107;163m[48;2;128;144;195m▀[0m[38;2;138;118;174m[48;2;122;140;190m▀[0m[38;2;145;135;182m[48;2;120;136;188m▀[0m[38;2;147;144;185m[48;2;119;134;187m▀[0m[38;2;146;140;183m[48;2;119;134;187m▀[0m[38;2;142;137;182m[48;2;117;133;186m▀[0m[38;2;137;133;180m[48;2;112;130;184m▀[0m[38;2;173;158;192m[48;2;145;149;193m▀[0m[38;2;243;208;215m[48;2;210;187;207m▀[0m[38;2;255;226;224m[48;2;230;201;212m▀[0m[38;2;255;221;221m[48;2;226;197;210m▀[0m[38;2;255;220;221m[48;2;224;196;210m▀[0m[38;2;255;220;221m[48;2;225;196;210m▀[0m[38;2;255;220;221m[48;2;236;203;213m▀[0m[38;2;252;216;219m[48;2;247;207;214m▀[0m[38;2;243;209;219m[48;2;236;186;201m▀[0m[38;2;229;188;207m[48;2;220;159;185m▀[0m[38;2;189;133;164m[48;2;223;144;185m▀[0m[38;2;137;75;112m[48;2;201;118;166m▀[0m[38;2;143;71;114m[48;2;167;97;136m▀[0m[38;2;13;19;13m▄[0m[38;2;0;0;0m▄[0m                        
                    [38;2;72;72;145m▄[0m[38;2;102;107;170m▄[0m[38;2;111;115;180m▄[0m[38;2;102;102;166m▄[0m[38;2;103;108;170m[48;2;124;134;186m▀[0m[38;2;107;111;170m[48;2;133;145;194m▀[0m[38;2;114;121;183m[48;2;149;164;218m▀[0m[38;2;105;112;169m[48;2;141;155;207m▀[0m[38;2;100;104;165m[48;2;137;150;203m▀[0m[38;2;104;110;169m[48;2;140;154;207m▀[0m[38;2;149;167;208m[48;2;174;199;234m▀[0m[38;2;186;214;243m[48;2;207;242;255m▀[0m[38;2;190;219;245m[48;2;210;246;255m▀[0m[38;2;184;212;242m[48;2;206;241;255m▀[0m[38;2;181;211;240m[48;2;206;241;255m▀[0m[38;2;179;209;238m[48;2;206;241;255m▀[0m[38;2;178;207;237m[48;2;206;241;255m▀[0m[38;2;178;206;237m[48;2;206;241;255m▀[0m[38;2;178;207;237m[48;2;206;241;255m▀[0m[38;2;179;208;237m[48;2;208;243;255m▀[0m[38;2;181;212;236m[48;2;212;248;255m▀[0m[38;2;168;189;223m[48;2;186;216;244m▀[0m[38;2;143;144;188m[48;2;135;154;201m▀[0m[38;2;133;129;176m[48;2;117;132;186m▀[0m[38;2;137;133;179m[48;2;122;139;190m▀[0m[38;2;133;132;179m[48;2;120;139;190m▀[0m[38;2;134;132;180m[48;2;120;139;191m▀[0m[38;2;179;153;187m[48;2;153;143;187m▀[0m[38;2;232;178;196m[48;2;191;149;183m▀[0m[38;2;238;176;194m[48;2;197;151;183m▀[0m[38;2;227;166;188m[48;2;195;153;184m▀[0m[38;2;234;167;197m[48;2;225;172;200m▀[0m[38;2;211;150;179m[48;2;219;166;186m▀[0m[38;2;111;84;96m[48;2;104;84;91m▀[0m[38;2;15;17;16m[48;2;11;15;13m▀[0m[38;2;0;7;3m[48;2;0;2;0m▀[0m                        
                  [38;2;63;63;127m▄[0m[38;2;91;96;158m▄[0m[38;2;100;100;162m[48;2;125;134;190m▀[0m[38;2;106;113;170m[48;2;134;148;196m▀[0m[38;2;113;118;181m[48;2;153;168;219m▀[0m[38;2;102;107;168m[48;2;143;158;210m▀[0m[38;2;135;150;197m[48;2;166;188;228m▀[0m[38;2;181;208;238m[48;2;202;235;255m▀[0m[38;2;195;226;248m[48;2;211;247;255m▀[0m[38;2;188;217;245m[48;2;206;241;255m▀[0m[38;2;187;216;245m[48;2;207;242;255m▀[0m[38;2;188;217;245m[48;2;207;243;255m▀[0m[38;2;195;226;251m[48;2;204;238;255m▀[0m[38;2;202;235;255m[48;2;200;233;255m▀[0m[38;2;202;236;255m[48;2;200;232;255m▀[0m[38;2;202;235;255m[48;2;200;233;255m▀[0m[38;2;202;235;255m[48;2;200;233;255m▀[0m[38;2;202;235;255m[48;2;200;233;255m▀[0m[38;2;202;235;255m[48;2;200;233;255m▀[0m[38;2;202;235;255m[48;2;200;233;255m▀[0m[38;2;202;235;255m[48;2;200;233;255m▀[0m[38;2;202;235;255m[48;2;200;233;255m▀[0m[38;2;203;237;255m[48;2;200;232;255m▀[0m[38;2;197;230;253m[48;2;202;235;255m▀[0m[38;2;186;216;244m[48;2;205;240;255m▀[0m[38;2;182;212;240m[48;2;207;242;255m▀[0m[38;2;183;213;241m[48;2;206;241;255m▀[0m[38;2;186;217;241m[48;2;210;245;255m▀[0m[38;2;186;217;242m[48;2;209;245;255m▀[0m[38;2;159;174;213m[48;2;174;202;234m▀[0m[38;2;127;122;175m[48;2;131;151;199m▀[0m[38;2;115;112;168m[48;2;121;143;193m▀[0m[38;2;127;122;174m[48;2;130;149;197m▀[0m[38;2;196;158;195m[48;2;170;157;199m▀[0m[38;2;223;165;184m[48;2;187;147;179m▀[0m[38;2;104;81;86m[48;2;125;90;111m▀[0m[38;2;4;11;7m[48;2;65;41;52m▀[0m[38;2;0;0;0m[48;2;57;33;42m▀[0m                        
                [38;2;102;102;178m▄[0m[38;2;106;111;168m▄[0m[38;2;81;91;153m[48;2;127;138;193m▀[0m[38;2;99;104;164m[48;2;134;148;196m▀[0m[38;2;135;148;202m[48;2;171;193;235m▀[0m[38;2;180;206;237m[48;2;200;231;255m▀[0m[38;2;198;230;249m[48;2;210;247;255m▀[0m[38;2;192;222;248m[48;2;207;242;255m▀[0m[38;2;194;226;251m[48;2;204;238;255m▀[0m[38;2;200;233;255m[48;2;200;234;255m▀[0m[38;2;202;235;255m[48;2;200;234;255m▀[0m[38;2;201;234;255m[48;2;202;235;255m▀[0m[38;2;202;235;255m[48;2;195;226;250m▀[0m[38;2;203;237;255m[48;2;189;217;243m▀[0m[38;2;201;235;255m[48;2;194;224;249m▀[0m[38;2;200;233;255m[48;2;200;233;255m▀[0m[38;2;200;233;255m[48;2;201;234;255m▀[0m[38;2;200;233;255m[48;2;200;233;255m▀[0m[38;2;200;233;255m[48;2;200;233;255m▀[0m[38;2;200;233;255m[48;2;200;233;255m▀[0m[38;2;200;233;255m[48;2;200;233;255m▀[0m[38;2;200;233;255m[48;2;200;233;255m▀[0m[38;2;200;233;255m[48;2;201;234;255m▀[0m[38;2;200;233;255m[48;2;201;235;255m▀[0m[38;2;200;233;255m[48;2;200;233;255m▀[0m[38;2;200;233;255m[48;2;200;233;255m▀[0m[38;2;201;234;255m[48;2;200;233;255m▀[0m[38;2;201;234;255m[48;2;200;233;255m▀[0m[38;2;201;234;255m[48;2;200;233;255m▀[0m[38;2;201;235;255m[48;2;200;233;255m▀[0m[38;2;201;235;255m[48;2;200;233;255m▀[0m[38;2;196;228;252m[48;2;203;237;255m▀[0m[38;2;189;220;246m[48;2;207;243;255m▀[0m[38;2;192;225;245m[48;2;213;250;255m▀[0m[38;2;188;219;245m[48;2;207;242;255m▀[0m[38;2;149;168;210m[48;2;160;189;225m▀[0m[38;2;124;120;172m[48;2;125;139;189m▀[0m[38;2;162;108;158m[48;2;162;129;186m▀[0m[38;2;175;94;135m[48;2;174;112;168m▀[0m[38;2;179;91;133m[48;2;182;105;165m▀[0m                        
                [38;2;100;109;173m[48;2;85;85;157m▀[0m[38;2;106;110;168m[48;2;100;104;163m▀[0m[38;2;136;147;200m[48;2;141;153;211m▀[0m[38;2;179;206;238m[48;2;190;220;250m▀[0m[38;2;202;236;252m[48;2;211;248;255m▀[0m[38;2;201;234;255m[48;2;203;236;255m▀[0m[38;2;201;234;255m[48;2;200;232;255m▀[0m[38;2;201;234;255m[48;2;200;233;255m▀[0m[38;2;200;233;255m[48;2;200;234;255m▀[0m[38;2;200;233;255m[48;2;200;234;255m▀[0m[38;2;201;236;255m[48;2;196;227;249m▀[0m[38;2;202;236;255m[48;2;190;217;242m▀[0m[38;2;187;214;240m[48;2;184;209;236m▀[0m[38;2;173;192;224m[48;2;181;205;233m▀[0m[38;2;185;211;238m[48;2;191;219;244m▀[0m[38;2;200;234;255m[48;2;200;234;255m▀[0m[38;2;202;235;255m[48;2;201;234;255m▀[0m[38;2;200;233;255m[48;2;200;233;255m▀[0m[38;2;200;233;255m[48;2;200;233;255m▀[0m[38;2;200;233;255m[48;2;200;233;255m▀[0m[38;2;200;233;255m[48;2;202;236;255m▀[0m[38;2;200;233;255m[48;2;200;232;254m▀[0m[38;2;201;235;255m[48;2;190;218;243m▀[0m[38;2;201;235;255m[48;2;189;216;242m▀[0m[38;2;200;233;255m[48;2;197;229;252m▀[0m[38;2;200;233;255m[48;2;201;234;255m▀[0m[38;2;200;233;255m[48;2;200;233;255m▀[0m[38;2;200;233;255m[48;2;200;233;255m▀[0m[38;2;200;233;255m[48;2;200;233;255m▀[0m[38;2;200;233;255m[48;2;201;235;255m▀[0m[38;2;200;233;255m[48;2;202;236;255m▀[0m[38;2;201;234;255m[48;2;197;229;251m▀[0m[38;2;202;235;255m[48;2;192;220;245m▀[0m[38;2;204;239;255m[48;2;192;220;244m▀[0m[38;2;202;235;255m[48;2;192;220;245m▀[0m[38;2;187;213;240m[48;2;186;210;237m▀[0m[38;2;165;183;218m[48;2;174;194;225m▀[0m[38;2;144;151;203m[48;2;154;175;217m▀[0m[38;2;115;115;172m[48;2;128;147;195m▀[0m[38;2;109;105;165m[48;2;124;135;192m▀[0m[38;2;101;107;168m▄[0m[38;2;85;85;155m▄[0m                      
              [38;2;113;113;170m▄[0m[38;2;103;109;167m▄[0m[38;2;95;106;170m[48;2;128;138;193m▀[0m[38;2;102;107;165m[48;2;145;162;207m▀[0m[38;2;134;146;200m[48;2;168;190;226m▀[0m[38;2;184;212;243m[48;2;192;223;249m▀[0m[38;2;206;241;255m[48;2;203;237;255m▀[0m[38;2;202;235;255m[48;2;201;234;255m▀[0m[38;2;200;233;255m[48;2;200;233;255m▀[0m[38;2;200;233;255m[48;2;200;233;255m▀[0m[38;2;201;235;255m[48;2;203;238;255m▀[0m[38;2;201;235;255m[48;2;206;242;255m▀[0m[38;2;188;215;241m[48;2;190;216;242m▀[0m[38;2;173;192;224m[48;2;169;186;219m▀[0m[38;2;183;207;235m[48;2;181;205;234m▀[0m[38;2;199;232;254m[48;2;202;236;255m▀[0m[38;2;201;235;254m[48;2;203;238;255m▀[0m[38;2;200;233;255m[48;2;200;233;255m▀[0m[38;2;200;233;255m[48;2;200;233;255m▀[0m[38;2;200;233;255m[48;2;200;233;255m▀[0m[38;2;200;233;255m[48;2;201;234;255m▀[0m[38;2;200;233;255m[48;2;199;231;254m▀[0m[38;2;203;237;255m[48;2;191;220;244m▀[0m[38;2;197;228;251m[48;2;186;211;238m▀[0m[38;2;177;199;228m[48;2;182;207;234m▀[0m[38;2;175;196;227m[48;2;186;212;238m▀[0m[38;2;194;224;248m[48;2;197;228;251m▀[0m[38;2;202;236;255m[48;2;201;235;255m▀[0m[38;2;200;234;255m[48;2;200;233;255m▀[0m[38;2;200;233;255m[48;2;201;235;255m▀[0m[38;2;200;233;255m[48;2;202;236;255m▀[0m[38;2;201;235;255m[48;2;200;232;254m▀[0m[38;2;202;236;255m[48;2;193;222;245m▀[0m[38;2;189;217;242m[48;2;168;188;221m▀[0m[38;2;175;195;226m[48;2;140;151;196m▀[0m[38;2;173;192;223m[48;2;133;143;191m▀[0m[38;2;174;194;225m[48;2;139;150;195m▀[0m[38;2;173;193;224m[48;2;159;175;212m▀[0m[38;2;172;191;223m[48;2;177;196;226m▀[0m[38;2;175;195;225m[48;2;179;200;228m▀[0m[38;2;166;184;219m[48;2;174;194;226m▀[0m[38;2;140;152;203m[48;2;165;181;224m▀[0m[38;2;108;115;172m[48;2;135;148;195m▀[0m[38;2;102;111;168m[48;2;129;141;195m▀[0m[38;2;109;117;174m▄[0m[38;2;112;112;173m▄[0m                    
              [38;2;107;107;174m[48;2;102;102;178m▀[0m[38;2;105;109;169m[48;2;104;108;169m▀[0m[38;2;131;142;195m[48;2;138;150;207m▀[0m[38;2;180;207;240m[48;2;186;215;247m▀[0m[38;2;206;240;255m[48;2;210;246;255m▀[0m[38;2;202;236;255m[48;2;203;237;255m▀[0m[38;2;200;233;255m[48;2;200;233;255m▀[0m[38;2;200;233;255m[48;2;200;233;255m▀[0m[38;2;200;233;255m[48;2;202;235;255m▀[0m[38;2;200;233;255m[48;2;203;236;255m▀[0m[38;2;201;235;255m[48;2;184;212;240m▀[0m[38;2;201;235;255m[48;2;157;177;215m▀[0m[38;2;188;214;241m[48;2;164;185;221m▀[0m[38;2;172;191;223m[48;2;185;211;238m▀[0m[38;2;183;207;235m[48;2;195;224;245m▀[0m[38;2;200;233;255m[48;2;200;233;255m▀[0m[38;2;202;236;255m[48;2;201;234;255m▀[0m[38;2;200;233;255m[48;2;200;233;255m▀[0m[38;2;200;233;255m[48;2;200;232;255m▀[0m[38;2;200;233;255m[48;2;200;233;255m▀[0m[38;2;202;236;255m[48;2;206;241;255m▀[0m[38;2;197;229;252m[48;2;202;235;255m▀[0m[38;2;178;201;230m[48;2;177;199;229m▀[0m[38;2;174;194;225m[48;2;171;189;222m▀[0m[38;2;192;222;246m[48;2;192;223;246m▀[0m[38;2;202;236;255m[48;2;204;239;255m▀[0m[38;2;201;234;255m[48;2;201;235;255m▀[0m[38;2;200;233;255m[48;2;200;233;255m▀[0m[38;2;200;233;255m[48;2;201;234;255m▀[0m[38;2;201;235;255m[48;2;199;231;252m▀[0m[38;2;201;235;255m[48;2;193;220;244m▀[0m[38;2;193;221;246m[48;2;168;187;221m▀[0m[38;2;176;196;226m[48;2;137;148;194m▀[0m[38;2;146;159;201m[48;2;140;153;199m▀[0m[38;2;115;123;178m[48;2;155;175;214m▀[0m[38;2;107;113;171m[48;2;159;181;213m▀[0m[38;2;114;122;177m[48;2;157;178;217m▀[0m[38;2;146;160;202m[48;2;144;161;203m▀[0m[38;2;174;193;224m[48;2;139;151;197m▀[0m[38;2;175;194;225m[48;2;160;176;213m▀[0m[38;2;172;191;223m[48;2;178;197;227m▀[0m[38;2;176;196;226m[48;2;181;202;230m▀[0m[38;2;166;184;220m[48;2;169;188;224m▀[0m[38;2;138;150;202m[48;2;142;154;211m▀[0m[38;2;109;116;174m[48;2;105;110;170m▀[0m[38;2;106;115;171m[48;2;96;107;164m▀[0m                    
              [38;2;107;107;174m[48;2;107;107;174m▀[0m[38;2;104;108;168m[48;2;104;108;168m▀[0m[38;2;131;142;196m[48;2;131;142;196m▀[0m[38;2;180;207;240m[48;2;180;207;240m▀[0m[38;2;206;240;255m[48;2;206;240;255m▀[0m[38;2;202;236;255m[48;2;202;236;255m▀[0m[38;2;200;233;255m[48;2;200;233;255m▀[0m[38;2;200;233;255m[48;2;200;233;255m▀[0m[38;2;203;237;255m[48;2;204;238;255m▀[0m[38;2;205;239;255m[48;2;207;242;255m▀[0m[38;2;167;191;225m[48;2;168;192;226m▀[0m[38;2;115;123;177m[48;2;113;119;175m▀[0m[38;2;141;157;201m[48;2;140;156;201m▀[0m[38;2;198;230;253m[48;2;200;234;255m▀[0m[38;2;206;241;255m[48;2;209;245;255m▀[0m[38;2;200;233;255m[48;2;202;236;255m▀[0m[38;2;200;233;255m[48;2;202;236;255m▀[0m[38;2;200;233;255m[48;2;202;236;255m▀[0m[38;2;200;233;255m[48;2;206;241;255m▀[0m[38;2;200;233;255m[48;2;199;232;254m▀[0m[38;2;200;234;254m[48;2;166;189;223m▀[0m[38;2;195;226;250m[48;2;151;169;210m▀[0m[38;2;178;201;230m[48;2;175;200;231m▀[0m[38;2;175;195;226m[48;2;194;224;244m▀[0m[38;2;192;222;246m[48;2;199;231;252m▀[0m[38;2;202;236;255m[48;2;201;234;255m▀[0m[38;2;201;234;255m[48;2;200;233;255m▀[0m[38;2;201;234;255m[48;2;202;235;255m▀[0m[38;2;202;236;255m[48;2;204;239;255m▀[0m[38;2;193;222;246m[48;2;180;206;236m▀[0m[38;2;176;195;226m[48;2;142;154;198m▀[0m[38;2;144;157;199m[48;2;139;152;197m▀[0m[38;2;115;123;178m[48;2;158;180;217m▀[0m[38;2;148;166;208m[48;2;182;211;236m▀[0m[38;2;200;233;255m[48;2;204;238;255m▀[0m[38;2;212;249;255m[48;2;202;234;250m▀[0m[38;2;200;233;255m[48;2;188;214;240m▀[0m[38;2;150;169;210m[48;2;164;183;218m▀[0m[38;2;114;121;177m[48;2;144;157;200m▀[0m[38;2;144;157;200m[48;2;136;148;194m▀[0m[38;2;174;192;224m[48;2;140;153;197m▀[0m[38;2;178;198;227m[48;2;162;179;215m▀[0m[38;2;166;184;220m[48;2;172;191;224m▀[0m[38;2;139;151;204m[48;2;162;178;218m▀[0m[38;2;110;117;175m[48;2;143;157;201m▀[0m[38;2;110;119;174m[48;2;131;141;196m▀[0m[38;2;102;102;153m[48;2;108;114;170m▀[0m[38;2;0;0;255m[48;2;112;112;163m▀[0m                  
              [38;2;107;107;174m[48;2;107;107;174m▀[0m[38;2;104;108;168m[48;2;104;108;168m▀[0m[38;2;131;142;196m[48;2;131;142;196m▀[0m[38;2;180;207;240m[48;2;181;209;242m▀[0m[38;2;206;240;255m[48;2;208;243;255m▀[0m[38;2;202;236;255m[48;2;204;239;255m▀[0m[38;2;200;233;255m[48;2;203;237;255m▀[0m[38;2;200;233;255m[48;2;203;238;255m▀[0m[38;2;203;236;255m[48;2;199;231;252m▀[0m[38;2;203;237;253m[48;2;188;214;238m▀[0m[38;2;167;190;225m[48;2;155;172;211m▀[0m[38;2;117;125;179m[48;2;116;124;178m▀[0m[38;2;142;157;201m[48;2;138;151;197m▀[0m[38;2;196;227;250m[48;2;184;207;235m▀[0m[38;2;204;237;253m[48;2;189;215;238m▀[0m[38;2;198;230;253m[48;2;182;206;234m▀[0m[38;2;198;230;253m[48;2;181;205;234m▀[0m[38;2;198;230;253m[48;2;182;206;234m▀[0m[38;2;204;239;253m[48;2;187;212;236m▀[0m[38;2;193;224;248m[48;2;178;201;230m▀[0m[38;2;136;150;196m[48;2;131;143;191m▀[0m[38;2;115;123;177m[48;2;113;121;176m▀[0m[38;2;169;193;227m[48;2;157;175;213m▀[0m[38;2;205;239;255m[48;2;190;217;240m▀[0m[38;2;203;236;255m[48;2;200;232;253m▀[0m[38;2;200;233;255m[48;2;203;238;255m▀[0m[38;2;200;233;255m[48;2;201;234;255m▀[0m[38;2;203;236;255m[48;2;203;236;255m▀[0m[38;2;205;240;255m[48;2;205;241;255m▀[0m[38;2;170;194;228m[48;2;168;191;226m▀[0m[38;2;115;124;178m[48;2;109;116;172m▀[0m[38;2;139;154;199m[48;2;137;151;197m▀[0m[38;2;199;232;253m[48;2;204;239;255m▀[0m[38;2;210;247;255m[48;2;215;254;255m▀[0m[38;2;201;234;255m[48;2;203;237;255m▀[0m[38;2;185;212;238m[48;2;186;213;239m▀[0m[38;2;171;189;222m[48;2;171;189;222m▀[0m[38;2;175;194;225m[48;2;175;194;225m▀[0m[38;2;172;191;223m[48;2;172;191;223m▀[0m[38;2;133;143;192m[48;2;133;144;192m▀[0m[38;2;114;121;176m[48;2;113;121;176m▀[0m[38;2;149;164;205m[48;2;147;161;203m▀[0m[38;2;176;196;226m[48;2;175;194;224m▀[0m[38;2;180;200;229m[48;2;179;199;228m▀[0m[38;2;167;185;222m[48;2;167;186;223m▀[0m[38;2;139;151;206m[48;2;140;151;207m▀[0m[38;2;107;116;171m[48;2;108;115;172m▀[0m[38;2;110;115;168m[48;2;110;115;168m▀[0m                  
              [38;2;90;90;165m[48;2;0;0;0m▀[0m[38;2;105;109;168m[48;2;103;109;166m▀[0m[38;2;131;142;196m[48;2;129;139;194m▀[0m[38;2;178;204;238m[48;2;166;185;223m▀[0m[38;2;203;235;252m[48;2;185;209;234m▀[0m[38;2;199;232;252m[48;2;181;205;233m▀[0m[38;2;198;230;252m[48;2;180;203;232m▀[0m[38;2;199;231;252m[48;2;180;204;232m▀[0m[38;2;192;220;245m[48;2;181;203;233m▀[0m[38;2;178;198;228m[48;2;180;200;229m▀[0m[38;2;147;161;203m[48;2;151;167;208m▀[0m[38;2;115;124;178m[48;2;108;120;177m▀[0m[38;2;128;139;189m[48;2;103;114;173m▀[0m[38;2;161;178;214m[48;2;118;131;185m▀[0m[38;2;170;189;221m[48;2;142;161;204m▀[0m[38;2;170;189;222m[48;2;167;191;224m▀[0m[38;2;171;190;222m[48;2;175;196;227m▀[0m[38;2;171;189;222m[48;2;175;195;225m▀[0m[38;2;175;194;225m[48;2;180;200;229m▀[0m[38;2;168;185;219m[48;2;172;190;222m▀[0m[38;2;131;142;190m[48;2;132;143;191m▀[0m[38;2;116;125;179m[48;2;116;125;179m▀[0m[38;2;149;164;204m[48;2;150;166;205m▀[0m[38;2;178;198;228m[48;2;175;195;225m▀[0m[38;2;192;221;246m[48;2;178;199;229m▀[0m[38;2;200;232;252m[48;2;185;210;237m▀[0m[38;2;201;233;255m[48;2;198;230;253m▀[0m[38;2;203;236;255m[48;2;205;239;255m▀[0m[38;2;205;240;255m[48;2;204;239;255m▀[0m[38;2;175;200;232m[48;2;196;228;250m▀[0m[38;2;127;139;188m[48;2;182;210;236m▀[0m[38;2;142;158;202m[48;2;158;180;218m▀[0m[38;2;186;216;242m[48;2;135;150;197m▀[0m[38;2;199;232;248m[48;2;151;168;207m▀[0m[38;2;198;229;252m[48;2;180;202;231m▀[0m[38;2;185;211;238m[48;2;179;200;230m▀[0m[38;2;172;191;223m[48;2;172;191;223m▀[0m[38;2;175;194;225m[48;2;178;199;228m▀[0m[38;2;171;189;221m[48;2;174;193;224m▀[0m[38;2;132;143;191m[48;2;129;139;187m▀[0m[38;2;115;123;178m[48;2;111;118;175m▀[0m[38;2;152;168;208m[48;2;162;184;221m▀[0m[38;2;179;200;229m[48;2;195;224;247m▀[0m[38;2;179;199;229m[48;2;183;205;234m▀[0m[38;2;164;181;218m[48;2;161;176;214m▀[0m[38;2;134;145;200m[48;2;131;141;197m▀[0m[38;2;107;115;171m[48;2;102;110;167m▀[0m[38;2;108;114;165m[48;2;98;98;156m▀[0m                  
            [38;2;255;255;255m[48;2;182;182;218m▀[0m[38;2;188;199;232m[48;2;180;201;229m▀[0m[38;2;153;171;208m[48;2;172;191;227m▀[0m[38;2;112;120;176m[48;2;125;135;189m▀[0m[38;2;124;134;189m[48;2;114;121;178m▀[0m[38;2;158;173;214m[48;2;156;172;211m▀[0m[38;2;175;194;225m[48;2;180;201;229m▀[0m[38;2;172;191;223m[48;2;177;197;227m▀[0m[38;2;171;190;222m[48;2;176;197;226m▀[0m[38;2;172;190;222m[48;2;179;199;228m▀[0m[38;2;169;188;221m[48;2;157;175;214m▀[0m[38;2;164;183;218m[48;2;119;135;188m▀[0m[38;2;152;164;205m[48;2;147;147;189m▀[0m[38;2;136;139;185m[48;2;210;187;207m▀[0m[38;2;128;129;177m[48;2;221;197;210m▀[0m[38;2;129;130;180m[48;2;217;191;208m▀[0m[38;2;153;156;197m[48;2;217;182;203m▀[0m[38;2;179;186;217m[48;2;208;168;195m▀[0m[38;2;173;186;219m[48;2;161;148;189m▀[0m[38;2;161;179;215m[48;2;116;131;185m▀[0m[38;2;163;183;218m[48;2;113;131;184m▀[0m[38;2;159;176;213m[48;2;117;131;184m▀[0m[38;2;126;137;187m[48;2;106;118;176m▀[0m[38;2;116;125;179m[48;2;112;126;180m▀[0m[38;2;153;169;208m[48;2;155;173;211m▀[0m[38;2;176;196;226m[48;2;180;200;229m▀[0m[38;2;171;189;221m[48;2;174;193;224m▀[0m[38;2;175;195;226m[48;2;172;191;223m▀[0m[38;2;191;219;245m[48;2;177;199;229m▀[0m[38;2;197;229;250m[48;2;179;201;230m▀[0m[38;2;195;227;250m[48;2;178;201;230m▀[0m[38;2;200;233;252m[48;2;180;203;231m▀[0m[38;2;205;239;255m[48;2;182;205;232m▀[0m[38;2;169;192;226m[48;2;171;192;224m▀[0m[38;2;120;129;182m[48;2;157;173;211m▀[0m[38;2;134;144;192m[48;2;161;177;214m▀[0m[38;2;169;186;220m[48;2;171;189;222m▀[0m[38;2;175;194;225m[48;2;176;195;226m▀[0m[38;2;172;191;223m[48;2;172;191;223m▀[0m[38;2;170;189;221m[48;2;145;158;201m▀[0m[38;2;162;178;215m[48;2;128;139;189m▀[0m[38;2;136;148;194m[48;2;156;176;214m▀[0m[38;2;131;144;192m[48;2;184;212;238m▀[0m[38;2;177;204;235m[48;2;197;229;250m▀[0m[38;2;203;237;255m[48;2;201;235;255m▀[0m[38;2;190;216;241m[48;2;199;231;251m▀[0m[38;2;168;186;221m[48;2;188;215;243m▀[0m[38;2;141;153;204m[48;2;169;189;224m▀[0m[38;2;117;126;180m[48;2;148;162;205m▀[0m[38;2;120;127;182m[48;2;129;138;194m▀[0m[38;2;109;118;173m[48;2;108;115;171m▀[0m[38;2;102;102;153m[48;2;110;110;166m▀[0m                
            [38;2;127;191;191m▀[0m[38;2;175;194;225m[48;2;168;184;217m▀[0m[38;2;188;208;245m[48;2;183;203;238m▀[0m[38;2;154;171;215m[48;2;193;221;247m▀[0m[38;2;131;145;193m[48;2;178;204;236m▀[0m[38;2;149;165;206m[48;2;138;153;198m▀[0m[38;2;161;178;214m[48;2;116;124;178m▀[0m[38;2;159;176;213m[48;2;119;127;180m▀[0m[38;2;159;177;214m[48;2;118;130;182m▀[0m[38;2;160;180;216m[48;2;113;130;184m▀[0m[38;2;149;163;204m[48;2;147;152;193m▀[0m[38;2;133;136;184m[48;2;210;187;206m▀[0m[38;2;175;160;192m[48;2;237;207;214m▀[0m[38;2;250;213;218m[48;2;250;214;218m▀[0m[38;2;255;228;225m[48;2;253;217;220m▀[0m[38;2;255;220;222m[48;2;252;215;219m▀[0m[38;2;251;201;209m[48;2;250;210;216m▀[0m[38;2;230;174;193m[48;2;245;204;212m▀[0m[38;2;180;151;185m[48;2;234;199;211m▀[0m[38;2;136;135;182m[48;2;224;195;210m▀[0m[38;2;132;134;181m[48;2;225;198;211m▀[0m[38;2;137;135;182m[48;2;223;194;208m▀[0m[38;2;134;128;178m[48;2;214;171;194m▀[0m[38;2;136;134;181m[48;2;190;149;183m▀[0m[38;2;150;159;201m[48;2;136;129;179m▀[0m[38;2;161;180;217m[48;2;119;136;189m▀[0m[38;2;170;190;222m[48;2;159;179;215m▀[0m[38;2;174;193;224m[48;2;180;200;229m▀[0m[38;2;172;191;223m[48;2;177;196;227m▀[0m[38;2;171;189;222m[48;2;174;194;225m▀[0m[38;2;170;188;221m[48;2;172;191;223m▀[0m[38;2;170;188;221m[48;2;171;190;222m▀[0m[38;2;170;188;221m[48;2;171;190;222m▀[0m[38;2;172;191;223m[48;2;172;191;223m▀[0m[38;2;176;196;226m[48;2;173;192;224m▀[0m[38;2;175;195;226m[48;2;174;194;225m▀[0m[38;2;173;193;224m[48;2;176;196;226m▀[0m[38;2;178;197;227m[48;2;181;201;230m▀[0m[38;2;173;193;224m[48;2;176;196;226m▀[0m[38;2;132;142;191m[48;2;134;144;192m▀[0m[38;2;111;118;175m[48;2;111;118;175m▀[0m[38;2;165;188;224m[48;2;162;185;221m▀[0m[38;2;210;246;255m[48;2;206;240;255m▀[0m[38;2;206;241;255m[48;2;205;239;255m▀[0m[38;2;200;233;255m[48;2;200;233;255m▀[0m[38;2;203;237;255m[48;2;201;234;255m▀[0m[38;2;200;232;254m[48;2;202;235;255m▀[0m[38;2;190;217;240m[48;2;203;236;252m▀[0m[38;2;170;189;226m[48;2;180;206;239m▀[0m[38;2;138;149;208m[48;2;133;143;200m▀[0m[38;2;106;111;169m[48;2;99;103;162m▀[0m[38;2;103;103;160m[48;2;68;85;153m▀[0m                
           [38;2;167;191;223m[48;2;168;186;217m▀[0m[38;2;174;192;227m[48;2;176;195;227m▀[0m[38;2;178;198;231m[48;2;194;222;251m▀[0m[38;2;188;212;242m[48;2;199;231;253m▀[0m[38;2;209;243;255m[48;2;205;241;255m▀[0m[38;2;200;232;255m[48;2;199;231;253m▀[0m[38;2;148;166;207m[48;2;175;196;228m▀[0m[38;2;119;128;181m[48;2;161;179;215m▀[0m[38;2;123;134;185m[48;2;162;185;220m▀[0m[38;2;123;128;180m[48;2;165;163;202m▀[0m[38;2;119;109;166m[48;2;170;112;161m▀[0m[38;2;165;141;181m[48;2;199;132;169m▀[0m[38;2;245;209;216m[48;2;244;204;212m▀[0m[38;2;255;227;225m[48;2;255;224;224m▀[0m[38;2;251;215;218m[48;2;249;214;218m▀[0m[38;2;248;212;218m[48;2;249;213;218m▀[0m[38;2;249;213;218m[48;2;249;213;218m▀[0m[38;2;250;215;219m[48;2;250;215;219m▀[0m[38;2;252;218;221m[48;2;251;216;220m▀[0m[38;2;255;219;221m[48;2;251;215;219m▀[0m[38;2;255;220;221m[48;2;251;214;218m▀[0m[38;2;255;222;223m[48;2;251;214;219m▀[0m[38;2;255;218;219m[48;2;251;214;218m▀[0m[38;2;251;198;207m[48;2;250;212;217m▀[0m[38;2;226;176;196m[48;2;248;210;216m▀[0m[38;2;170;150;186m[48;2;241;209;216m▀[0m[38;2;140;142;187m[48;2;214;189;207m▀[0m[38;2;148;162;203m[48;2;142;143;188m▀[0m[38;2;153;172;211m[48;2;103;118;177m▀[0m[38;2;151;169;209m[48;2;107;119;177m▀[0m[38;2;158;176;213m[48;2;128;142;191m▀[0m[38;2;171;190;223m[48;2;167;185;220m▀[0m[38;2;175;195;225m[48;2;180;200;229m▀[0m[38;2;174;194;224m[48;2;175;196;226m▀[0m[38;2;175;194;225m[48;2;179;198;228m▀[0m[38;2;175;194;225m[48;2;178;198;228m▀[0m[38;2;165;184;219m[48;2;150;167;208m▀[0m[38;2;154;172;211m[48;2;116;129;183m▀[0m[38;2;155;173;212m[48;2;110;122;178m▀[0m[38;2;155;174;212m[48;2;117;132;184m▀[0m[38;2;136;149;195m[48;2;141;156;200m▀[0m[38;2;131;142;191m[48;2;168;185;219m▀[0m[38;2;171;196;229m[48;2;190;217;243m▀[0m[38;2;204;239;255m[48;2;203;238;255m▀[0m[38;2;204;238;255m[48;2;202;236;255m▀[0m[38;2;200;233;255m[48;2;200;233;255m▀[0m[38;2;200;233;255m[48;2;200;233;255m▀[0m[38;2;202;235;255m[48;2;200;233;255m▀[0m[38;2;206;242;255m[48;2;201;234;255m▀[0m[38;2;190;221;248m[48;2;200;234;254m▀[0m[38;2;155;173;215m[48;2;198;229;248m▀[0m[38;2;128;141;191m[48;2;172;195;232m▀[0m[38;2;115;124;185m[48;2;125;134;190m▀[0m[38;2;91;91;157m[48;2;97;100;162m▀[0m[38;2;0;0;85m▄[0m              
         [38;2;90;90;150m[48;2;96;99;160m▀[0m[38;2;104;110;168m[48;2;111;117;175m▀[0m[38;2;167;186;223m[48;2;166;187;229m▀[0m[38;2;198;224;254m[48;2;201;234;254m▀[0m[38;2;208;240;255m[48;2;206;242;255m▀[0m[38;2;201;236;255m[48;2;198;231;253m▀[0m[38;2;196;228;248m[48;2;183;208;236m▀[0m[38;2;189;216;242m[48;2;172;192;223m▀[0m[38;2;180;201;231m[48;2;171;191;222m▀[0m[38;2;176;198;228m[48;2;173;195;226m▀[0m[38;2;179;207;238m[48;2;177;204;236m▀[0m[38;2;186;181;217m[48;2;182;179;217m▀[0m[38;2;194;118;166m[48;2;191;121;169m▀[0m[38;2;212;126;166m[48;2;204;119;163m▀[0m[38;2;236;188;203m[48;2;220;161;187m▀[0m[38;2;248;212;217m[48;2;235;190;204m▀[0m[38;2;249;215;219m[48;2;249;213;218m▀[0m[38;2;251;216;220m[48;2;254;220;223m▀[0m[38;2;249;213;218m[48;2;250;214;219m▀[0m[38;2;243;204;212m[48;2;234;188;203m▀[0m[38;2;239;196;208m[48;2;221;167;190m▀[0m[38;2;245;206;214m[48;2;235;190;204m▀[0m[38;2;252;218;221m[48;2;253;219;222m▀[0m[38;2;253;220;222m[48;2;255;224;225m▀[0m[38;2;251;216;220m[48;2;250;215;219m▀[0m[38;2;243;204;213m[48;2;230;182;199m▀[0m[38;2;243;201;210m[48;2;222;169;191m▀[0m[38;2;255;219;220m[48;2;240;199;209m▀[0m[38;2;245;210;217m[48;2;250;215;220m▀[0m[38;2;179;164;195m[48;2;242;208;216m▀[0m[38;2;145;140;184m[48;2;240;206;215m▀[0m[38;2;150;143;185m[48;2;243;210;217m▀[0m[38;2;151;151;191m[48;2;207;185;206m▀[0m[38;2;149;162;204m[48;2;130;135;184m▀[0m[38;2;148;167;208m[48;2;103;118;177m▀[0m[38;2;149;167;208m[48;2;113;124;180m▀[0m[38;2;150;169;209m[48;2;109;124;179m▀[0m[38;2;149;169;209m[48;2;110;124;180m▀[0m[38;2;148;153;196m[48;2;156;143;185m▀[0m[38;2;143;131;178m[48;2;209;161;188m▀[0m[38;2;139;115;168m[48;2;207;133;171m▀[0m[38;2;140;115;171m[48;2;188;111;161m▀[0m[38;2;162;161;205m[48;2;183;156;199m▀[0m[38;2;184;205;236m[48;2;179;201;234m▀[0m[38;2;189;216;243m[48;2;174;198;230m▀[0m[38;2;192;222;245m[48;2;176;197;227m▀[0m[38;2;198;231;252m[48;2;192;221;246m▀[0m[38;2;202;235;255m[48;2;203;237;255m▀[0m[38;2;201;234;255m[48;2;201;234;255m▀[0m[38;2;200;233;255m[48;2;200;233;255m▀[0m[38;2;200;232;255m[48;2;200;233;255m▀[0m[38;2;203;237;255m[48;2;200;233;255m▀[0m[38;2;209;245;255m[48;2;201;234;255m▀[0m[38;2;195;226;253m[48;2;202;236;255m▀[0m[38;2;164;183;228m[48;2;200;232;251m▀[0m[38;2;129;140;190m[48;2;166;189;224m▀[0m[38;2;108;114;172m[48;2;115;124;179m▀[0m[38;2;103;103;170m[48;2;110;114;176m▀[0m[38;2;107;110;173m[48;2;112;119;178m▀[0m[38;2;102;108;165m[48;2;108;117;173m▀[0m           
     [38;2;103;103;170m[48;2;110;119;175m▀[0m[38;2;103;106;165m[48;2;111;118;174m▀[0m[38;2;105;110;176m[48;2;113;120;182m▀[0m[38;2;102;105;165m[48;2;110;116;173m▀[0m[38;2;128;139;189m[48;2;153;172;212m▀[0m[38;2;156;174;221m[48;2;198;230;252m▀[0m[38;2;188;215;247m[48;2;204;237;254m▀[0m[38;2;203;238;255m[48;2;200;233;255m▀[0m[38;2;206;242;255m[48;2;203;237;255m▀[0m[38;2;199;232;254m[48;2;199;231;254m▀[0m[38;2;180;203;233m[48;2;181;205;234m▀[0m[38;2;169;186;220m[48;2;172;190;223m▀[0m[38;2;174;194;227m[48;2;181;201;236m▀[0m[38;2;163;182;212m[48;2;149;165;192m▀[0m[38;2;128;146;168m[48;2;63;68;76m▀[0m[38;2;120;118;141m[48;2;13;14;13m▀[0m[38;2;172;109;152m[48;2;60;37;52m▀[0m[38;2;199;113;160m[48;2;234;121;188m▀[0m[38;2;202;132;169m[48;2;188;105;154m▀[0m[38;2;232;168;198m[48;2;217;137;181m▀[0m[38;2;245;197;212m[48;2;224;165;192m▀[0m[38;2;255;216;224m[48;2;241;194;209m▀[0m[38;2;255;222;228m[48;2;255;217;223m▀[0m[38;2;248;206;216m[48;2;255;225;227m▀[0m[38;2;230;183;199m[48;2;249;213;218m▀[0m[38;2;224;172;193m[48;2;217;158;184m▀[0m[38;2;223;167;190m[48;2;187;105;153m▀[0m[38;2;222;165;189m[48;2;180;95;146m▀[0m[38;2;222;168;190m[48;2;191;113;158m▀[0m[38;2;225;173;194m[48;2;226;173;194m▀[0m[38;2;231;183;200m[48;2;251;216;220m▀[0m[38;2;243;203;212m[48;2;251;216;220m▀[0m[38;2;252;216;220m[48;2;249;213;218m▀[0m[38;2;255;219;221m[48;2;249;213;218m▀[0m[38;2;255;221;222m[48;2;249;213;218m▀[0m[38;2;255;224;223m[48;2;250;213;218m▀[0m[38;2;236;204;214m[48;2;249;214;219m▀[0m[38;2;177;165;196m[48;2;247;214;219m▀[0m[38;2;151;143;184m[48;2;235;196;208m▀[0m[38;2;150;134;179m[48;2;218;168;191m▀[0m[38;2;149;133;179m[48;2;215;162;188m▀[0m[38;2;156;138;186m[48;2;221;167;193m▀[0m[38;2;199;161;197m[48;2;235;176;203m▀[0m[38;2;237;176;199m[48;2;229;171;197m▀[0m[38;2;192;126;150m[48;2;132;101;114m▀[0m[38;2;131;74;103m[48;2;31;27;29m▀[0m[38;2;113;94;117m[48;2;11;11;9m▀[0m[38;2;119;132;153m[48;2;36;38;40m▀[0m[38;2;152;171;199m[48;2;120;132;153m▀[0m[38;2;180;200;235m[48;2;182;203;237m▀[0m[38;2;187;212;241m[48;2;178;198;232m▀[0m[38;2;192;220;244m[48;2;176;198;228m▀[0m[38;2;198;231;252m[48;2;193;223;247m▀[0m[38;2;202;236;255m[48;2;203;237;255m▀[0m[38;2;201;234;255m[48;2;201;234;255m▀[0m[38;2;200;233;255m[48;2;200;233;255m▀[0m[38;2;200;232;255m[48;2;200;233;255m▀[0m[38;2;204;238;255m[48;2;200;233;255m▀[0m[38;2;208;244;255m[48;2;200;233;255m▀[0m[38;2;190;219;247m[48;2;199;232;254m▀[0m[38;2;158;178;223m[48;2;197;229;252m▀[0m[38;2;157;174;221m[48;2;201;234;252m▀[0m[38;2;158;176;223m[48;2;199;232;252m▀[0m[38;2;134;150;196m[48;2;159;180;218m▀[0m[38;2;104;109;169m[48;2;112;119;175m▀[0m[38;2;97;99;160m[48;2;106;111;169m▀[0m[38;2;102;107;168m[48;2;111;118;174m▀[0m[38;2;110;115;181m[48;2;119;126;187m▀[0m[38;2;103;106;165m[48;2;111;118;174m▀[0m[38;2;103;103;170m[48;2;110;119;175m▀[0m     
 [38;2;85;102;153m[48;2;113;122;173m▀[0m[38;2;103;105;165m[48;2;113;120;177m▀[0m[38;2;108;112;178m[48;2;118;126;186m▀[0m[38;2;99;101;164m[48;2;110;116;173m▀[0m[38;2;129;141;190m[48;2;144;161;204m▀[0m[38;2;154;172;215m[48;2;194;226;250m▀[0m[38;2;165;185;229m[48;2;205;240;254m▀[0m[38;2;159;178;223m[48;2;199;232;254m▀[0m[38;2;183;211;243m[48;2;200;233;255m▀[0m[38;2;208;243;255m[48;2;200;233;255m▀[0m[38;2;208;244;255m[48;2;202;236;255m▀[0m[38;2;201;234;255m[48;2;199;231;254m▀[0m[38;2;194;224;247m[48;2;183;207;236m▀[0m[38;2;186;212;239m[48;2;171;189;222m▀[0m[38;2;176;197;228m[48;2;171;189;222m▀[0m[38;2;174;193;225m[48;2;174;193;225m▀[0m[38;2;190;211;247m[48;2;184;204;239m▀[0m[38;2;154;171;199m[48;2;149;165;193m▀[0m[38;2;54;56;62m[48;2;59;63;70m▀[0m[38;2;0;0;0m[48;2;10;8;6m▀[0m[38;2;0;0;0m[48;2;6;6;0m▀[0m[38;2;255;136;238m▀[0m[38;2;183;96;149m[48;2;255;127;127m▀[0m[38;2;165;101;138m[48;2;29;26;26m▀[0m[38;2;123;93;107m[48;2;24;24;24m▀[0m[38;2;124;104;110m[48;2;16;20;17m▀[0m[38;2;135;118;120m[48;2;19;21;20m▀[0m[38;2;191;162;168m[48;2;112;86;98m▀[0m[38;2;249;203;216m[48;2;221;166;190m▀[0m[38;2;243;184;207m[48;2;249;199;216m▀[0m[38;2;223;156;188m[48;2;251;215;220m▀[0m[38;2;219;150;184m[48;2;252;217;221m▀[0m[38;2;225;161;191m[48;2;250;214;219m▀[0m[38;2;249;202;216m[48;2;251;214;220m▀[0m[38;2;255;230;233m[48;2;251;215;220m▀[0m[38;2;255;227;231m[48;2;251;215;220m▀[0m[38;2;255;223;229m[48;2;251;215;220m▀[0m[38;2;255;224;229m[48;2;251;215;220m▀[0m[38;2;255;224;229m[48;2;252;216;221m▀[0m[38;2;255;225;230m[48;2;253;218;222m▀[0m[38;2;255;220;227m[48;2;244;203;213m▀[0m[38;2;255;210;220m[48;2;226;174;195m▀[0m[38;2;254;199;214m[48;2;227;169;195m▀[0m[38;2;246;183;205m[48;2;232;173;199m▀[0m[38;2;198;147;165m[48;2;150;115;130m▀[0m[38;2;137;105;114m[48;2;36;33;34m▀[0m[38;2;127;100;108m[48;2;12;17;14m▀[0m[38;2;126;99;110m[48;2;24;25;24m▀[0m[38;2;81;68;73m[48;2;23;23;23m▀[0m[38;2;3;12;7m[48;2;0;0;0m▀[0m[38;2;0;0;0m[48;2;0;0;0m▀[0m[38;2;12;10;8m[48;2;21;21;21m▀[0m[38;2;72;78;87m[48;2;8;6;1m▀[0m[38;2;117;129;149m[48;2;38;39;42m▀[0m[38;2;158;174;204m[48;2;126;139;160m▀[0m[38;2;184;205;240m[48;2;181;202;236m▀[0m[38;2;193;219;249m[48;2;177;196;229m▀[0m[38;2;198;228;253m[48;2;178;200;230m▀[0m[38;2;201;234;255m[48;2;195;225;249m▀[0m[38;2;202;236;255m[48;2;202;236;255m▀[0m[38;2;202;236;255m[48;2;200;234;255m▀[0m[38;2;201;234;255m[48;2;200;233;255m▀[0m[38;2;200;233;255m[48;2;200;233;255m▀[0m[38;2;202;235;255m[48;2;200;233;255m▀[0m[38;2;205;240;255m[48;2;200;233;255m▀[0m[38;2;208;244;255m[48;2;200;233;255m▀[0m[38;2;207;242;255m[48;2;200;233;255m▀[0m[38;2;185;213;244m[48;2;200;233;255m▀[0m[38;2;160;180;224m[48;2;199;232;254m▀[0m[38;2;157;175;220m[48;2;199;232;254m▀[0m[38;2;160;180;224m[48;2;199;232;254m▀[0m[38;2;168;189;231m[48;2;205;240;254m▀[0m[38;2;154;172;215m[48;2;194;226;250m▀[0m[38;2;129;141;190m[48;2;144;161;204m▀[0m[38;2;99;101;164m[48;2;110;116;173m▀[0m[38;2;108;112;178m[48;2;118;126;186m▀[0m[38;2;103;105;165m[48;2;113;120;177m▀[0m[38;2;85;102;153m[48;2;113;122;173m▀[0m 
[38;2;117;125;190m[48;2;107;113;170m▀[0m[38;2;136;151;203m[48;2;134;147;195m▀[0m[38;2;154;174;215m[48;2;188;217;244m▀[0m[38;2;172;195;234m[48;2;207;242;255m▀[0m[38;2;165;186;228m[48;2;202;235;255m▀[0m[38;2;181;208;241m[48;2;200;233;255m▀[0m[38;2;205;240;255m[48;2;200;232;255m▀[0m[38;2;211;248;255m[48;2;201;234;255m▀[0m[38;2;207;243;255m[48;2;200;233;255m▀[0m[38;2;196;228;250m[48;2;186;212;239m▀[0m[38;2;186;212;239m[48;2;172;190;223m▀[0m[38;2;185;211;237m[48;2;170;189;221m▀[0m[38;2;186;211;239m[48;2;172;190;223m▀[0m[38;2;182;204;236m[48;2;170;189;221m▀[0m[38;2;180;199;234m[48;2;170;189;220m▀[0m[38;2;187;207;243m[48;2;180;200;234m▀[0m[38;2;173;192;224m[48;2;152;169;196m▀[0m[38;2;127;140;162m[48;2;63;68;76m▀[0m[38;2;81;88;101m[48;2;9;8;4m▀[0m[38;2;47;50;55m[48;2;0;0;0m▀[0m[38;2;5;5;2m▀[0m[38;2;0;0;0m[48;2;255;170;170m▀[0m[38;2;191;127;191m▄[0m[38;2;191;127;191m▄[0m[38;2;52;28;44m[48;2;184;102;152m▀[0m[38;2;90;51;75m[48;2;189;105;154m▀[0m[38;2;108;70;91m[48;2;226;146;189m▀[0m[38;2;110;83;95m[48;2;228;169;195m▀[0m[38;2;108;83;95m[48;2;135;106;119m▀[0m[38;2;106;81;93m[48;2;26;25;25m▀[0m[38;2;115;97;102m[48;2;12;15;14m▀[0m[38;2;127;116;114m[48;2;24;24;24m▀[0m[38;2;135;122;121m[48;2;22;22;22m▀[0m[38;2;139;124;124m[48;2;20;21;21m▀[0m[38;2;138;121;122m[48;2;20;21;21m▀[0m[38;2;136;118;121m[48;2;20;21;21m▀[0m[38;2;136;118;121m[48;2;20;21;21m▀[0m[38;2;136;119;121m[48;2;20;21;21m▀[0m[38;2;136;119;121m[48;2;20;21;21m▀[0m[38;2;135;118;120m[48;2;21;21;21m▀[0m[38;2;128;115;114m[48;2;23;22;23m▀[0m[38;2;119;104;106m[48;2;24;23;24m▀[0m[38;2;108;86;95m[48;2;24;24;24m▀[0m[38;2;106;81;93m[48;2;18;21;19m▀[0m[38;2;109;86;95m[48;2;16;20;17m▀[0m[38;2;103;74;88m[48;2;84;55;72m▀[0m[38;2;94;55;78m[48;2;181;104;148m▀[0m[38;2;97;54;80m[48;2;211;119;173m▀[0m[38;2;94;54;78m[48;2;193;110;159m▀[0m[38;2;101;57;83m[48;2;187;107;155m▀[0m[38;2;0;0;0m▄[0m[38;2;0;0;0m▄[0m [38;2;0;0;0m▀[0m[38;2;18;16;16m[48;2;17;17;17m▀[0m[38;2;76;83;93m[48;2;21;21;21m▀[0m[38;2;103;112;129m[48;2;21;21;19m▀[0m[38;2;93;101;116m[48;2;11;9;7m▀[0m[38;2;113;124;143m[48;2;45;48;54m▀[0m[38;2;174;197;223m[48;2;137;152;176m▀[0m[38;2;202;230;255m[48;2;179;198;232m▀[0m[38;2;196;223;252m[48;2;170;187;220m▀[0m[38;2;200;229;255m[48;2;177;198;228m▀[0m[38;2;210;244;255m[48;2;194;224;247m▀[0m[38;2;209;244;255m[48;2;200;233;252m▀[0m[38;2;202;236;255m[48;2;199;232;254m▀[0m[38;2;201;235;255m[48;2;200;233;255m▀[0m[38;2;202;236;255m[48;2;200;232;255m▀[0m[38;2;203;238;255m[48;2;200;233;255m▀[0m[38;2;205;240;255m[48;2;200;233;255m▀[0m[38;2;205;240;255m[48;2;200;233;255m▀[0m[38;2;205;240;255m[48;2;200;233;255m▀[0m[38;2;208;244;255m[48;2;200;233;255m▀[0m[38;2;203;237;255m[48;2;200;233;255m▀[0m[38;2;179;205;239m[48;2;201;234;255m▀[0m[38;2;164;184;226m[48;2;202;236;255m▀[0m[38;2;170;192;233m[48;2;208;243;255m▀[0m[38;2;153;172;213m[48;2;188;218;244m▀[0m[38;2;136;149;203m[48;2;134;148;195m▀[0m[38;2;119;125;190m[48;2;107;113;170m▀[0m
[38;2;59;61;87m[48;2;7;6;1m▀[0m[38;2;100;109;136m[48;2;55;58;63m▀[0m[38;2;180;204;231m[48;2;142;157;182m▀[0m[38;2;208;238;255m[48;2;174;193;227m▀[0m[38;2;200;228;255m[48;2;164;182;214m▀[0m[38;2;197;224;253m[48;2;163;181;212m▀[0m[38;2;194;221;251m[48;2;163;181;212m▀[0m[38;2;195;221;250m[48;2;163;181;212m▀[0m[38;2;194;221;250m[48;2;163;181;212m▀[0m[38;2;187;211;243m[48;2;164;182;212m▀[0m[38;2;181;200;235m[48;2;164;182;213m▀[0m[38;2;186;206;242m[48;2;174;193;226m▀[0m[38;2;178;197;231m[48;2;159;177;206m▀[0m[38;2;125;137;159m[48;2;77;83;96m▀[0m[38;2;86;93;106m[48;2;12;10;7m▀[0m[38;2;92;100;114m[48;2;13;12;8m▀[0m[38;2;79;86;98m[48;2;18;18;16m▀[0m[38;2;43;46;50m[48;2;21;17;17m▀[0m[38;2;0;0;0m▀[0m[38;2;223;127;191m▄[0m[38;2;255;218;255m[48;2;190;110;156m▀[0m[38;2;185;100;150m[48;2;188;108;154m▀[0m[38;2;195;103;158m[48;2;209;120;171m▀[0m[38;2;179;90;144m[48;2;197;113;162m▀[0m[38;2;193;113;159m[48;2;206;134;172m▀[0m[38;2;210;137;175m[48;2;221;166;189m▀[0m[38;2;233;163;198m[48;2;223;171;193m▀[0m[38;2;233;174;200m[48;2;220;165;189m▀[0m[38;2;184;141;159m[48;2;223;167;192m▀[0m[38;2;126;97;110m[48;2;227;170;195m▀[0m[38;2;126;96;109m[48;2;241;180;207m▀[0m[38;2;121;93;106m[48;2;223;167;192m▀[0m[38;2;60;48;54m[48;2;111;87;98m▀[0m[38;2;7;10;9m[48;2;16;19;17m▀[0m[38;2;0;1;0m[48;2;0;2;0m▀[0m[38;2;0;0;0m▀[0m[38;2;0;0;0m▀[0m[38;2;0;0;0m▀[0m[38;2;0;0;0m▀[0m[38;2;33;20;29m[48;2;217;118;174m▀[0m[38;2;92;52;77m[48;2;191;104;155m▀[0m[38;2;118;74;99m[48;2;216;132;179m▀[0m[38;2;124;93;108m[48;2;225;163;192m▀[0m[38;2;123;97;108m[48;2;230;175;199m▀[0m[38;2;119;92;104m[48;2;229;172;197m▀[0m[38;2;156;110;133m[48;2;227;172;195m▀[0m[38;2;208;138;175m[48;2;223;170;192m▀[0m[38;2;231;153;194m[48;2;232;176;199m▀[0m[38;2;218;146;184m[48;2;224;169;193m▀[0m[38;2;140;97;119m[48;2;133;103;117m▀[0m[38;2;0;5;3m[48;2;34;31;32m▀[0m[38;2;0;0;0m[48;2;12;16;12m▀[0m[38;2;19;19;19m▄[0m[38;2;0;0;0m▄[0m [38;2;3;0;0m▀[0m[38;2;4;2;0m▀[0m[38;2;0;0;0m▀[0m[38;2;30;30;33m[48;2;15;15;15m▀[0m[38;2;74;80;92m[48;2;18;17;16m▀[0m[38;2;93;101;117m[48;2;20;18;17m▀[0m[38;2;88;95;110m[48;2;18;17;16m▀[0m[38;2;88;96;109m[48;2;12;11;9m▀[0m[38;2;94;106;116m[48;2;9;6;4m▀[0m[38;2;133;151;166m[48;2;67;72;82m▀[0m[38;2;187;213;241m[48;2;153;169;197m▀[0m[38;2;200;227;255m[48;2;172;191;225m▀[0m[38;2;194;220;250m[48;2;163;180;211m▀[0m[38;2;202;233;255m[48;2;176;200;226m▀[0m[38;2;212;247;255m[48;2;191;222;243m▀[0m[38;2;213;249;255m[48;2;193;225;243m▀[0m[38;2;212;247;255m[48;2;191;222;243m▀[0m[38;2;212;247;255m[48;2;191;222;243m▀[0m[38;2;212;248;255m[48;2;191;222;243m▀[0m[38;2;215;251;255m[48;2;191;222;243m▀[0m[38;2;218;255;255m[48;2;192;224;243m▀[0m[38;2;228;255;255m[48;2;204;237;243m▀[0m[38;2;194;226;249m[48;2;165;191;209m▀[0m[38;2;104;115;141m[48;2;61;68;71m▀[0m[38;2;57;58;85m[48;2;5;2;0m▀[0m
[38;2;0;0;0m▀[0m[38;2;39;41;43m[48;2;11;11;5m▀[0m[38;2;69;74;85m[48;2;15;14;11m▀[0m[38;2;84;91;104m[48;2;17;16;14m▀[0m[38;2;79;85;98m[48;2;15;14;13m▀[0m[38;2;78;85;97m[48;2;15;14;13m▀[0m[38;2;78;85;97m[48;2;15;14;13m▀[0m[38;2;78;85;97m[48;2;15;14;13m▀[0m[38;2;78;85;97m[48;2;15;14;13m▀[0m[38;2;79;86;98m[48;2;15;14;13m▀[0m[38;2;80;87;98m[48;2;15;14;13m▀[0m[38;2;85;93;105m[48;2;17;16;14m▀[0m[38;2;77;84;95m[48;2;16;14;12m▀[0m[38;2;49;52;59m[48;2;12;12;9m▀[0m[38;2;0;0;0m▀[0m[38;2;0;0;0m▀[0m[38;2;3;3;0m▀[0m[38;2;0;0;0m▀[0m[38;2;255;150;240m[48;2;185;98;150m▀[0m[38;2;187;102;152m[48;2;182;101;149m▀[0m[38;2;204;122;168m[48;2;217;131;179m▀[0m[38;2;205;136;172m[48;2;221;159;188m▀[0m[38;2;229;163;195m[48;2;232;185;202m▀[0m[38;2;235;178;201m[48;2;248;210;217m▀[0m[38;2;241;193;208m[48;2;253;220;222m▀[0m[38;2;243;202;211m[48;2;250;214;219m▀[0m[38;2;233;188;203m[48;2;240;194;208m▀[0m[38;2;220;166;189m[48;2;223;168;192m▀[0m[38;2;229;170;196m[48;2;211;157;181m▀[0m[38;2;243;182;209m[48;2;202;152;174m▀[0m[38;2;255;193;222m[48;2;213;160;183m▀[0m[38;2;239;178;205m[48;2;199;149;171m▀[0m[38;2;119;93;104m[48;2;104;82;91m▀[0m[38;2;17;19;18m[48;2;17;18;17m▀[0m[38;2;0;2;0m[48;2;0;6;3m▀[0m    [38;2;255;134;201m[48;2;170;95;138m▀[0m[38;2;205;111;165m[48;2;165;92;135m▀[0m[38;2;227;138;188m[48;2;195;120;162m▀[0m[38;2;230;167;196m[48;2;212;150;180m▀[0m[38;2;239;189;207m[48;2;231;181;199m▀[0m[38;2;249;203;216m[48;2;247;208;216m▀[0m[38;2;249;208;217m[48;2;252;218;221m▀[0m[38;2;243;203;212m[48;2;250;214;219m▀[0m[38;2;237;190;206m[48;2;237;193;206m▀[0m[38;2;223;169;192m[48;2;222;167;191m▀[0m[38;2;194;146;167m[48;2;237;176;203m▀[0m[38;2;149;114;129m[48;2;230;172;198m▀[0m[38;2;87;70;77m[48;2;121;95;106m▀[0m[38;2;17;19;19m[48;2;19;20;20m▀[0m[38;2;0;4;4m[48;2;0;4;2m▀[0m    [38;2;0;0;0m▀[0m[38;2;3;3;0m▀[0m[38;2;5;2;0m▀[0m[38;2;5;2;0m▀[0m[38;2;0;0;0m▀[0m[38;2;0;0;0m▀[0m[38;2;43;45;51m[48;2;15;15;11m▀[0m[38;2;73;78;89m[48;2;15;14;13m▀[0m[38;2;84;90;104m[48;2;17;16;14m▀[0m[38;2;78;84;96m[48;2;15;14;13m▀[0m[38;2;84;93;103m[48;2;15;13;12m▀[0m[38;2;90;102;110m[48;2;14;12;10m▀[0m[38;2;91;103;110m[48;2;14;12;10m▀[0m[38;2;90;102;110m[48;2;14;12;10m▀[0m[38;2;90;102;110m[48;2;14;12;10m▀[0m[38;2;90;102;110m[48;2;14;12;10m▀[0m[38;2;90;102;110m[48;2;14;12;10m▀[0m[38;2;90;103;110m[48;2;14;12;10m▀[0m[38;2;96;109;111m[48;2;15;13;13m▀[0m[38;2;79;90;96m[48;2;13;11;10m▀[0m[38;2;45;49;49m[48;2;11;5;5m▀[0m[38;2;0;0;0m▀[0m
 [38;2;0;0;0m▀[0m[38;2;3;3;0m▀[0m[38;2;6;3;0m▀[0m[38;2;6;3;0m▀[0m[38;2;6;3;0m▀[0m[38;2;6;3;0m▀[0m[38;2;6;3;0m▀[0m[38;2;6;3;0m▀[0m[38;2;6;3;0m▀[0m[38;2;6;3;0m▀[0m[38;2;6;3;0m▀[0m[38;2;6;3;0m▀[0m[38;2;0;0;0m▀[0m    [38;2;179;97;151m[48;2;177;99;148m▀[0m[38;2;183;101;149m[48;2;183;100;148m▀[0m[38;2;228;139;189m[48;2;200;122;166m▀[0m[38;2;234;169;200m[48;2;192;140;164m▀[0m[38;2;240;186;208m[48;2;192;147;167m▀[0m[38;2;245;193;211m[48;2;189;142;163m▀[0m[38;2;246;195;213m[48;2;189;141;162m▀[0m[38;2;245;193;212m[48;2;189;141;162m▀[0m[38;2;248;191;213m[48;2;199;149;171m▀[0m[38;2;239;179;205m[48;2;195;147;169m▀[0m[38;2;166;126;144m[48;2;115;90;100m▀[0m[38;2;86;69;77m[48;2;10;15;12m▀[0m[38;2;82;66;72m[48;2;0;5;2m▀[0m[38;2;84;68;75m[48;2;10;14;13m▀[0m[38;2;64;53;58m[48;2;9;12;9m▀[0m[38;2;17;17;17m▀[0m[38;2;0;9;0m▀[0m    [38;2;53;39;49m[48;2;0;12;0m▀[0m[38;2;58;41;51m[48;2;0;11;4m▀[0m[38;2;113;72;95m[48;2;53;37;46m▀[0m[38;2;189;116;157m[48;2;140;78;115m▀[0m[38;2;230;155;192m[48;2;180;111;149m▀[0m[38;2;242;187;209m[48;2;187;137;161m▀[0m[38;2;247;197;214m[48;2;190;144;165m▀[0m[38;2;245;193;211m[48;2;189;141;162m▀[0m[38;2;240;185;207m[48;2;190;142;163m▀[0m[38;2;235;176;201m[48;2;190;144;164m▀[0m[38;2;251;187;215m[48;2;201;152;173m▀[0m[38;2;241;180;206m[48;2;190;143;163m▀[0m[38;2;126;99;110m[48;2;107;85;94m▀[0m[38;2;20;21;21m[48;2;18;19;19m▀[0m[38;2;0;4;2m[48;2;0;6;3m▀[0m          [38;2;0;0;0m▀[0m[38;2;3;3;0m▀[0m[38;2;6;3;0m▀[0m[38;2;6;3;0m▀[0m[38;2;3;0;0m▀[0m[38;2;3;0;0m▀[0m[38;2;3;0;0m▀[0m[38;2;3;0;0m▀[0m[38;2;3;0;0m▀[0m[38;2;3;0;0m▀[0m[38;2;3;0;0m▀[0m[38;2;3;0;0m▀[0m[38;2;3;0;0m▀[0m[38;2;0;0;0m▀[0m[38;2;0;0;0m▀[0m 
                  [38;2;178;102;153m▀[0m[38;2;182;99;149m▀[0m[38;2;128;83;108m[48;2;0;0;0m▀[0m[38;2;74;58;66m[48;2;3;9;7m▀[0m[38;2;71;58;64m[48;2;9;14;12m▀[0m[38;2;68;55;61m[48;2;7;12;10m▀[0m[38;2;68;55;61m[48;2;7;12;10m▀[0m[38;2;68;55;61m[48;2;7;12;10m▀[0m[38;2;72;58;64m[48;2;8;12;10m▀[0m[38;2;71;58;64m[48;2;8;13;11m▀[0m[38;2;58;47;52m[48;2;5;11;7m▀[0m[38;2;0;8;4m▀[0m[38;2;0;0;0m▀[0m[38;2;0;8;4m▀[0m[38;2;0;0;0m▀[0m      [38;2;0;0;0m▀[0m[38;2;0;5;0m▀[0m[38;2;38;28;33m[48;2;5;16;11m▀[0m[38;2;58;39;50m[48;2;10;17;12m▀[0m[38;2;67;48;59m[48;2;10;17;13m▀[0m[38;2;68;54;60m[48;2;7;12;10m▀[0m[38;2;68;56;62m[48;2;7;12;10m▀[0m[38;2;68;55;61m[48;2;7;12;10m▀[0m[38;2;68;55;61m[48;2;7;12;10m▀[0m[38;2;69;56;62m[48;2;7;12;10m▀[0m[38;2;72;59;65m[48;2;7;12;10m▀[0m[38;2;69;56;61m[48;2;7;12;10m▀[0m[38;2;60;49;53m[48;2;4;9;7m▀[0m[38;2;18;18;18m▀[0m[38;2;0;0;0m▀[0m                          
[0m