      [38;2;98;98;115m▄[0m[38;2;98;98;115m[48;2;222;222;222m▀[0m[38;2;98;98;115m▄[0m                                                        
      [38;2;98;98;115m[48;2;98;98;115m▀[0m[38;2;222;222;222m[48;2;222;222;222m▀[0m[38;2;98;98;115m[48;2;120;98;31m▀[0m[38;2;120;98;31m▄[0m                                                       
     [38;2;98;98;115m[48;2;98;98;115m▀[0m[38;2;222;222;222m[48;2;222;222;222m▀[0m[38;2;222;222;222m[48;2;222;222;222m▀[0m[38;2;120;98;31m[48;2;120;98;31m▀[0m[38;2;120;98;31m[48;2;181;149;21m▀[0m[38;2;120;98;31m▄[0m                                                      
     [38;2;98;98;115m[48;2;98;98;115m▀[0m[38;2;222;222;222m[48;2;222;222;222m▀[0m[38;2;120;98;31m[48;2;120;98;31m▀[0m[38;2;181;149;21m[48;2;181;149;21m▀[0m[38;2;181;149;21m[48;2;181;149;21m▀[0m[38;2;120;98;31m[48;2;181;149;21m▀[0m[38;2;120;98;31m▄[0m                                                     
     [38;2;98;98;115m[48;2;98;98;115m▀[0m[38;2;222;222;222m[48;2;222;222;222m▀[0m[38;2;120;98;31m[48;2;120;98;31m▀[0m[38;2;181;149;21m[48;2;181;149;21m▀[0m[38;2;181;149;21m[48;2;181;149;21m▀[0m[38;2;181;149;21m[48;2;181;149;21m▀[0m[38;2;120;98;31m[48;2;181;149;21m▀[0m[38;2;120;98;31m▄[0m                                                    
     [38;2;98;98;115m[48;2;98;98;115m▀[0m[38;2;222;222;222m[48;2;222;222;222m▀[0m[38;2;120;98;31m[48;2;120;98;31m▀[0m[38;2;181;149;21m[48;2;181;149;21m▀[0m[38;2;181;149;21m[48;2;181;149;21m▀[0m[38;2;181;149;21m[48;2;181;149;21m▀[0m[38;2;181;149;21m[48;2;181;149;21m▀[0m[38;2;120;98;31m[48;2;181;149;21m▀[0m[38;2;120;98;31m▄[0m                                                   
     [38;2;98;98;115m[48;2;98;98;115m▀[0m[38;2;222;222;222m[48;2;222;222;222m▀[0m[38;2;120;98;31m[48;2;120;98;31m▀[0m[38;2;181;149;21m[48;2;181;149;21m▀[0m[38;2;230;189;65m[48;2;120;98;31m▀[0m[38;2;181;149;21m[48;2;230;189;65m▀[0m[38;2;181;149;21m[48;2;181;149;21m▀[0m[38;2;181;149;21m[48;2;181;149;21m▀[0m[38;2;120;98;31m[48;2;181;149;21m▀[0m[38;2;120;98;31m▄[0m                                                  
     [38;2;98;98;115m[48;2;98;98;115m▀[0m[38;2;222;222;222m[48;2;222;222;222m▀[0m[38;2;120;98;31m[48;2;120;98;31m▀[0m[38;2;181;149;21m[48;2;181;149;21m▀[0m[38;2;120;98;31m[48;2;181;149;21m▀[0m[38;2;230;189;65m[48;2;120;98;31m▀[0m[38;2;181;149;21m[48;2;230;189;65m▀[0m[38;2;181;149;21m[48;2;181;149;21m▀[0m[38;2;181;149;21m[48;2;181;149;21m▀[0m[38;2;120;98;31m[48;2;181;149;21m▀[0m[38;2;120;98;31m▄[0m                                                 
     [38;2;98;98;115m▀[0m[38;2;222;222;222m[48;2;98;98;115m▀[0m[38;2;222;222;222m[48;2;222;222;222m▀[0m[38;2;120;98;31m[48;2;120;98;31m▀[0m[38;2;181;149;21m[48;2;181;149;21m▀[0m[38;2;120;98;31m[48;2;181;149;21m▀[0m[38;2;230;189;65m[48;2;120;98;31m▀[0m[38;2;181;149;21m[48;2;230;189;65m▀[0m[38;2;181;149;21m[48;2;181;149;21m▀[0m[38;2;181;149;21m[48;2;181;149;21m▀[0m[38;2;120;98;31m[48;2;181;149;21m▀[0m[38;2;120;98;31m▄[0m                                                
      [38;2;98;98;115m[48;2;98;98;115m▀[0m[38;2;222;222;222m[48;2;222;222;222m▀[0m[38;2;120;98;31m[48;2;120;98;31m▀[0m[38;2;181;149;21m[48;2;181;149;21m▀[0m[38;2;181;149;21m[48;2;181;149;21m▀[0m[38;2;120;98;31m[48;2;181;149;21m▀[0m[38;2;230;189;65m[48;2;120;98;31m▀[0m[38;2;181;149;21m[48;2;230;189;65m▀[0m[38;2;181;149;21m[48;2;181;149;21m▀[0m[38;2;181;149;21m[48;2;181;149;21m▀[0m[38;2;120;98;31m[48;2;181;149;21m▀[0m[38;2;120;98;31m▄[0m                                               
      [38;2;98;98;115m▀[0m[38;2;222;222;222m[48;2;98;98;115m▀[0m[38;2;222;222;222m[48;2;222;222;222m▀[0m[38;2;120;98;31m[48;2;120;98;31m▀[0m[38;2;181;149;21m[48;2;181;149;21m▀[0m[38;2;181;149;21m[48;2;181;149;21m▀[0m[38;2;120;98;31m[48;2;181;149;21m▀[0m[38;2;230;189;65m[48;2;120;98;31m▀[0m[38;2;181;149;21m[48;2;230;189;65m▀[0m[38;2;181;149;21m[48;2;181;149;21m▀[0m[38;2;181;149;21m[48;2;181;149;21m▀[0m[38;2;120;98;31m[48;2;181;149;21m▀[0m[38;2;120;98;31m▄[0m                                              
       [38;2;65;65;82m[48;2;65;65;82m▀[0m[38;2;222;222;222m[48;2;222;222;222m▀[0m[38;2;120;98;31m[48;2;222;222;222m▀[0m[38;2;181;149;21m[48;2;120;98;31m▀[0m[38;2;181;149;21m[48;2;181;149;21m▀[0m[38;2;181;149;21m[48;2;181;149;21m▀[0m[38;2;120;98;31m[48;2;181;149;21m▀[0m[38;2;230;189;65m[48;2;120;98;31m▀[0m[38;2;181;149;21m[48;2;230;189;65m▀[0m[38;2;181;149;21m[48;2;181;149;21m▀[0m[38;2;181;149;21m[48;2;181;149;21m▀[0m[38;2;120;98;31m[48;2;181;149;21m▀[0m[38;2;120;98;31m▄[0m                                             
        [38;2;98;98;115m[48;2;65;65;82m▀[0m[38;2;222;222;222m[48;2;222;222;222m▀[0m[38;2;120;98;31m[48;2;222;222;222m▀[0m[38;2;181;149;21m[48;2;120;98;31m▀[0m[38;2;181;149;21m[48;2;181;149;21m▀[0m[38;2;181;149;21m[48;2;181;149;21m▀[0m[38;2;120;98;31m[48;2;181;149;21m▀[0m[38;2;230;189;65m[48;2;120;98;31m▀[0m[38;2;181;149;21m[48;2;230;189;65m▀[0m[38;2;230;189;65m[48;2;120;98;31m▀[0m[38;2;181;149;21m[48;2;181;149;21m▀[0m[38;2;120;98;31m[48;2;181;149;21m▀[0m[38;2;120;98;31m▄[0m                                            
         [38;2;65;65;82m[48;2;65;65;82m▀[0m[38;2;222;222;222m[48;2;222;222;222m▀[0m[38;2;120;98;31m[48;2;222;222;222m▀[0m[38;2;181;149;21m[48;2;120;98;31m▀[0m[38;2;181;149;21m[48;2;181;149;21m▀[0m[38;2;230;189;65m[48;2;120;98;31m▀[0m[38;2;120;98;31m[48;2;181;149;21m▀[0m[38;2;120;98;31m[48;2;120;98;31m▀[0m[38;2;181;149;21m[48;2;230;189;65m▀[0m[38;2;181;149;21m[48;2;181;149;21m▀[0m[38;2;181;149;21m[48;2;181;149;21m▀[0m[38;2;120;98;31m[48;2;181;149;21m▀[0m[38;2;120;98;31m▄[0m                                           
          [38;2;65;65;82m[48;2;65;65;82m▀[0m[38;2;222;222;222m[48;2;222;222;222m▀[0m[38;2;120;98;31m[48;2;222;222;222m▀[0m[38;2;181;149;21m[48;2;120;98;31m▀[0m[38;2;181;149;21m[48;2;181;149;21m▀[0m[38;2;181;149;21m[48;2;181;149;21m▀[0m[38;2;181;149;21m[48;2;181;149;21m▀[0m[38;2;120;98;31m[48;2;181;149;21m▀[0m[38;2;181;149;21m[48;2;181;149;21m▀[0m[38;2;181;149;21m[48;2;120;98;31m▀[0m[38;2;120;98;31m[48;2;230;189;65m▀[0m[38;2;230;189;65m[48;2;230;189;65m▀[0m[38;2;120;98;31m[48;2;230;189;65m▀[0m[38;2;120;98;31m▄[0m                            [38;2;41;41;41m▄[0m[38;2;41;41;41m▄[0m           
           [38;2;65;65;82m[48;2;65;65;82m▀[0m[38;2;222;222;222m[48;2;222;222;222m▀[0m[38;2;120;98;31m[48;2;222;222;222m▀[0m[38;2;181;149;21m[48;2;120;98;31m▀[0m[38;2;181;149;21m[48;2;181;149;21m▀[0m[38;2;181;149;21m[48;2;181;149;21m▀[0m[38;2;181;149;21m[48;2;181;149;21m▀[0m[38;2;181;149;21m[48;2;181;149;21m▀[0m[38;2;120;98;31m[48;2;230;189;65m▀[0m[38;2;230;189;65m[48;2;230;189;65m▀[0m[38;2;230;189;65m[48;2;181;149;21m▀[0m[38;2;181;149;21m[48;2;181;149;21m▀[0m[38;2;181;149;21m[48;2;148;49;65m▀[0m[38;2;106;24;24m[48;2;197;49;49m▀[0m[38;2;106;24;24m[48;2;197;49;49m▀[0m[38;2;106;24;24m[48;2;197;49;49m▀[0m[38;2;106;24;24m▄[0m[38;2;106;24;24m▄[0m                     [38;2;41;41;41m▄[0m[38;2;41;41;41m[48;2;235;84;80m▀[0m[38;2;235;84;80m[48;2;235;84;80m▀[0m[38;2;41;41;41m[48;2;41;41;41m▀[0m           
[38;2;41;41;41m[48;2;41;41;41m▀[0m[38;2;41;41;41m[48;2;235;84;80m▀[0m[38;2;41;41;41m▄[0m         [38;2;41;41;41m[48;2;41;41;41m▀[0m[38;2;222;222;222m[48;2;222;222;222m▀[0m[38;2;120;98;31m[48;2;222;222;222m▀[0m[38;2;181;149;21m[48;2;120;98;31m▀[0m[38;2;181;149;21m[48;2;181;149;21m▀[0m[38;2;181;149;21m[48;2;181;149;21m▀[0m[38;2;120;98;31m[48;2;120;98;31m▀[0m[38;2;230;189;65m[48;2;230;189;65m▀[0m[38;2;230;189;65m[48;2;181;149;21m▀[0m[38;2;181;149;21m[48;2;148;49;65m▀[0m[38;2;148;49;65m[48;2;197;49;49m▀[0m[38;2;197;49;49m[48;2;197;49;49m▀[0m[38;2;197;49;49m[48;2;197;49;49m▀[0m[38;2;197;49;49m[48;2;197;49;49m▀[0m[38;2;197;49;49m[48;2;197;49;49m▀[0m[38;2;197;49;49m[48;2;197;49;49m▀[0m[38;2;197;49;49m[48;2;197;49;49m▀[0m[38;2;106;24;24m[48;2;197;49;49m▀[0m[38;2;41;41;41m▄[0m                 [38;2;41;41;41m▄[0m[38;2;41;41;41m[48;2;98;98;115m▀[0m[38;2;98;98;115m[48;2;98;98;115m▀[0m[38;2;235;84;80m[48;2;235;84;80m▀[0m[38;2;235;84;80m[48;2;235;84;80m▀[0m[38;2;41;41;41m[48;2;41;41;41m▀[0m           
[38;2;41;41;41m[48;2;41;41;41m▀[0m[38;2;235;84;80m[48;2;235;84;80m▀[0m[38;2;98;98;115m[48;2;235;84;80m▀[0m[38;2;41;41;41m[48;2;98;98;115m▀[0m[38;2;41;41;41m▄[0m        [38;2;41;41;41m[48;2;41;41;41m▀[0m[38;2;222;222;222m[48;2;172;164;180m▀[0m[38;2;120;98;31m[48;2;172;164;180m▀[0m[38;2;181;149;21m[48;2;120;98;31m▀[0m[38;2;181;149;21m[48;2;181;149;21m▀[0m[38;2;120;98;31m[48;2;181;149;21m▀[0m[38;2;230;189;65m[48;2;230;189;65m▀[0m[38;2;181;149;21m[48;2;120;98;31m▀[0m[38;2;148;49;65m[48;2;197;49;49m▀[0m[38;2;197;49;49m[48;2;197;49;49m▀[0m[38;2;197;49;49m[48;2;197;49;49m▀[0m[38;2;197;49;49m[48;2;197;49;49m▀[0m[38;2;197;49;49m[48;2;197;49;49m▀[0m[38;2;197;49;49m[48;2;197;49;49m▀[0m[38;2;197;49;49m[48;2;197;49;49m▀[0m[38;2;197;49;49m[48;2;148;49;65m▀[0m[38;2;148;49;65m[48;2;98;98;115m▀[0m[38;2;98;98;115m[48;2;98;98;115m▀[0m[38;2;41;41;41m[48;2;98;98;115m▀[0m[38;2;41;41;41m▄[0m[38;2;41;41;41m▄[0m            [38;2;41;41;41m▄[0m[38;2;41;41;41m[48;2;98;98;115m▀[0m[38;2;98;98;115m[48;2;98;98;115m▀[0m[38;2;98;98;115m[48;2;98;98;115m▀[0m[38;2;98;98;115m[48;2;235;84;80m▀[0m[38;2;235;84;80m[48;2;235;84;80m▀[0m[38;2;41;41;41m[48;2;41;41;41m▀[0m            
 [38;2;41;41;41m[48;2;41;41;41m▀[0m[38;2;235;84;80m[48;2;235;84;80m▀[0m[38;2;98;98;115m[48;2;235;84;80m▀[0m[38;2;98;98;115m[48;2;98;98;115m▀[0m[38;2;41;41;41m[48;2;98;98;115m▀[0m[38;2;41;41;41m▄[0m       [38;2;41;41;41m▀[0m[38;2;172;164;180m[48;2;41;41;41m▀[0m[38;2;172;164;180m[48;2;172;164;180m▀[0m[38;2;120;98;31m[48;2;120;98;31m▀[0m[38;2;181;149;21m[48;2;181;149;21m▀[0m[38;2;230;189;65m[48;2;230;189;65m▀[0m[38;2;120;98;31m[48;2;120;98;31m▀[0m[38;2;197;49;49m[48;2;197;49;49m▀[0m[38;2;197;49;49m[48;2;197;49;49m▀[0m[38;2;197;49;49m[48;2;197;49;49m▀[0m[38;2;197;49;49m[48;2;197;49;49m▀[0m[38;2;197;49;49m[48;2;197;49;49m▀[0m[38;2;197;49;49m[48;2;65;65;82m▀[0m[38;2;65;65;82m[48;2;98;98;115m▀[0m[38;2;98;98;115m[48;2;98;98;115m▀[0m[38;2;98;98;115m[48;2;98;98;115m▀[0m[38;2;98;98;115m[48;2;98;98;115m▀[0m[38;2;98;98;115m[48;2;98;98;115m▀[0m[38;2;98;98;115m[48;2;98;98;115m▀[0m[38;2;98;98;115m[48;2;98;98;115m▀[0m[38;2;41;41;41m[48;2;98;98;115m▀[0m[38;2;41;41;41m[48;2;98;98;115m▀[0m[38;2;41;41;41m▄[0m      [38;2;41;41;41m▄[0m[38;2;41;41;41m▄[0m[38;2;41;41;41m[48;2;98;98;115m▀[0m[38;2;98;98;115m[48;2;98;98;115m▀[0m[38;2;98;98;115m[48;2;235;84;80m▀[0m[38;2;98;98;115m[48;2;235;84;80m▀[0m[38;2;235;84;80m[48;2;235;84;80m▀[0m[38;2;235;84;80m[48;2;235;84;80m▀[0m[38;2;235;84;80m[48;2;41;41;41m▀[0m[38;2;41;41;41m▀[0m            
 [38;2;41;41;41m[48;2;41;41;41m▀[0m[38;2;235;84;80m[48;2;235;84;80m▀[0m[38;2;235;84;80m[48;2;235;84;80m▀[0m[38;2;235;84;80m[48;2;235;84;80m▀[0m[38;2;98;98;115m[48;2;235;84;80m▀[0m[38;2;98;98;115m[48;2;98;98;115m▀[0m[38;2;41;41;41m[48;2;98;98;115m▀[0m[38;2;41;41;41m▄[0m      [38;2;41;41;41m▀[0m[38;2;172;164;180m[48;2;41;41;41m▀[0m[38;2;172;164;180m[48;2;172;164;180m▀[0m[38;2;120;98;31m[48;2;120;98;31m▀[0m[38;2;230;189;65m[48;2;230;189;65m▀[0m[38;2;120;98;31m[48;2;120;98;31m▀[0m[38;2;197;49;49m[48;2;65;65;82m▀[0m[38;2;197;49;49m[48;2;65;65;82m▀[0m[38;2;197;49;49m[48;2;65;65;82m▀[0m[38;2;65;65;82m[48;2;98;98;115m▀[0m[38;2;65;65;82m[48;2;98;98;115m▀[0m[38;2;98;98;115m[48;2;98;98;115m▀[0m[38;2;98;98;115m[48;2;65;65;82m▀[0m[38;2;98;98;115m[48;2;41;41;41m▀[0m[38;2;98;98;115m[48;2;98;98;115m▀[0m[38;2;98;98;115m[48;2;98;98;115m▀[0m[38;2;98;98;115m[48;2;98;98;115m▀[0m[38;2;98;98;115m[48;2;98;98;115m▀[0m[38;2;98;98;115m[48;2;98;98;115m▀[0m[38;2;98;98;115m[48;2;98;98;115m▀[0m[38;2;98;98;115m[48;2;98;98;115m▀[0m[38;2;98;98;115m[48;2;98;98;115m▀[0m[38;2;41;41;41m[48;2;98;98;115m▀[0m[38;2;41;41;41m▄[0m [38;2;41;41;41m▄[0m[38;2;41;41;41m▄[0m[38;2;41;41;41m[48;2;98;98;115m▀[0m[38;2;98;98;115m[48;2;98;98;115m▀[0m[38;2;98;98;115m[48;2;65;65;82m▀[0m[38;2;98;98;115m[48;2;65;65;82m▀[0m[38;2;235;84;80m[48;2;98;98;115m▀[0m[38;2;235;84;80m[48;2;98;98;115m▀[0m[38;2;235;84;80m[48;2;235;84;80m▀[0m[38;2;235;84;80m[48;2;235;84;80m▀[0m[38;2;235;84;80m[48;2;235;84;80m▀[0m[38;2;41;41;41m[48;2;41;41;41m▀[0m             
  [38;2;41;41;41m[48;2;41;41;41m▀[0m[38;2;235;84;80m[48;2;235;84;80m▀[0m[38;2;98;98;115m[48;2;235;84;80m▀[0m[38;2;98;98;115m[48;2;98;98;115m▀[0m[38;2;65;65;82m[48;2;98;98;115m▀[0m[38;2;98;98;115m[48;2;65;65;82m▀[0m[38;2;98;98;115m[48;2;65;65;82m▀[0m[38;2;41;41;41m[48;2;98;98;115m▀[0m[38;2;41;41;41m[48;2;98;98;115m▀[0m[38;2;41;41;41m▄[0m[38;2;41;41;41m▄[0m  [38;2;41;41;41m[48;2;41;41;41m▀[0m[38;2;65;65;82m[48;2;65;65;82m▀[0m[38;2;41;41;41m[48;2;41;41;41m▀[0m[38;2;172;164;180m[48;2;172;164;180m▀[0m[38;2;120;98;31m[48;2;120;98;31m▀[0m[38;2;181;149;21m[48;2;181;149;21m▀[0m[38;2;120;98;31m[48;2;181;149;21m▀[0m[38;2;98;98;115m[48;2;98;98;115m▀[0m[38;2;98;98;115m[48;2;98;98;115m▀[0m[38;2;98;98;115m[48;2;65;65;82m▀[0m[38;2;98;98;115m[48;2;65;65;82m▀[0m[38;2;65;65;82m[48;2;16;16;16m▀[0m[38;2;172;164;180m[48;2;222;222;222m▀[0m[38;2;41;41;41m[48;2;148;49;65m▀[0m[38;2;98;98;115m[48;2;41;41;41m▀[0m[38;2;98;98;115m[48;2;98;98;115m▀[0m[38;2;98;98;115m[48;2;98;98;115m▀[0m[38;2;98;98;115m[48;2;98;98;115m▀[0m[38;2;98;98;115m[48;2;98;98;115m▀[0m[38;2;98;98;115m[48;2;41;41;41m▀[0m[38;2;98;98;115m[48;2;41;41;41m▀[0m[38;2;98;98;115m[48;2;41;41;41m▀[0m[38;2;41;41;41m[48;2;98;98;115m▀[0m[38;2;41;41;41m[48;2;98;98;115m▀[0m[38;2;41;41;41m[48;2;65;65;82m▀[0m[38;2;98;98;115m[48;2;65;65;82m▀[0m[38;2;98;98;115m[48;2;65;65;82m▀[0m[38;2;65;65;82m[48;2;98;98;115m▀[0m[38;2;65;65;82m[48;2;98;98;115m▀[0m[38;2;98;98;115m[48;2;98;98;115m▀[0m[38;2;98;98;115m[48;2;98;98;115m▀[0m[38;2;98;98;115m[48;2;235;84;80m▀[0m[38;2;235;84;80m[48;2;235;84;80m▀[0m[38;2;235;84;80m[48;2;235;84;80m▀[0m[38;2;235;84;80m[48;2;235;84;80m▀[0m[38;2;41;41;41m[48;2;41;41;41m▀[0m              
  [38;2;41;41;41m▀[0m[38;2;235;84;80m[48;2;16;16;16m▀[0m[38;2;235;84;80m[48;2;16;16;16m▀[0m[38;2;235;84;80m[48;2;235;84;80m▀[0m[38;2;98;98;115m[48;2;235;84;80m▀[0m[38;2;98;98;115m[48;2;235;84;80m▀[0m[38;2;98;98;115m[48;2;235;84;80m▀[0m[38;2;65;65;82m[48;2;235;84;80m▀[0m[38;2;65;65;82m[48;2;98;98;115m▀[0m[38;2;98;98;115m[48;2;65;65;82m▀[0m[38;2;98;98;115m[48;2;65;65;82m▀[0m[38;2;41;41;41m[48;2;65;65;82m▀[0m[38;2;41;41;41m[48;2;65;65;82m▀[0m[38;2;65;65;82m[48;2;41;41;41m▀[0m[38;2;65;65;82m[48;2;41;41;41m▀[0m[38;2;148;49;65m[48;2;41;41;41m▀[0m[38;2;41;41;41m▀[0m[38;2;172;164;180m[48;2;41;41;41m▀[0m[38;2;120;98;31m[48;2;172;164;180m▀[0m[38;2;181;149;21m[48;2;120;98;31m▀[0m[38;2;181;149;21m[48;2;181;149;21m▀[0m[38;2;65;65;82m[48;2;181;149;21m▀[0m[38;2;120;98;31m[48;2;181;149;21m▀[0m[38;2;172;164;180m[48;2;181;149;21m▀[0m[38;2;222;222;222m[48;2;120;98;31m▀[0m[38;2;148;49;65m[48;2;41;41;41m▀[0m[38;2;148;49;65m[48;2;41;41;41m▀[0m[38;2;41;41;41m[48;2;41;41;41m▀[0m[38;2;98;98;115m[48;2;41;41;41m▀[0m[38;2;41;41;41m[48;2;65;65;82m▀[0m[38;2;41;41;41m[48;2;65;65;82m▀[0m[38;2;41;41;41m[48;2;65;65;82m▀[0m[38;2;98;98;115m[48;2;65;65;82m▀[0m[38;2;65;65;82m[48;2;98;98;115m▀[0m[38;2;65;65;82m[48;2;235;84;80m▀[0m[38;2;65;65;82m[48;2;235;84;80m▀[0m[38;2;65;65;82m[48;2;235;84;80m▀[0m[38;2;98;98;115m[48;2;235;84;80m▀[0m[38;2;98;98;115m[48;2;235;84;80m▀[0m[38;2;98;98;115m[48;2;235;84;80m▀[0m[38;2;235;84;80m[48;2;235;84;80m▀[0m[38;2;235;84;80m[48;2;16;16;16m▀[0m[38;2;235;84;80m[48;2;16;16;16m▀[0m[38;2;235;84;80m[48;2;16;16;16m▀[0m[38;2;235;84;80m[48;2;16;16;16m▀[0m[38;2;235;84;80m[48;2;16;16;16m▀[0m[38;2;16;16;16m[48;2;65;65;82m▀[0m[38;2;16;16;16m[48;2;65;65;82m▀[0m[38;2;16;16;16m▄[0m              
     [38;2;16;16;16m▀[0m[38;2;16;16;16m▀[0m[38;2;16;16;16m▀[0m[38;2;16;16;16m▀[0m[38;2;16;16;16m▀[0m[38;2;235;84;80m[48;2;16;16;16m▀[0m[38;2;235;84;80m[48;2;16;16;16m▀[0m[38;2;235;84;80m[48;2;16;16;16m▀[0m[38;2;235;84;80m[48;2;16;16;16m▀[0m[38;2;235;84;80m[48;2;16;16;16m▀[0m[38;2;65;65;82m[48;2;16;16;16m▀[0m[38;2;65;65;82m[48;2;235;84;80m▀[0m[38;2;65;65;82m[48;2;235;84;80m▀[0m[38;2;41;41;41m[48;2;235;84;80m▀[0m[38;2;41;41;41m[48;2;235;84;80m▀[0m[38;2;41;41;41m[48;2;235;84;80m▀[0m[38;2;172;164;180m[48;2;41;41;41m▀[0m[38;2;120;98;31m[48;2;172;164;180m▀[0m[38;2;181;149;21m[48;2;120;98;31m▀[0m[38;2;181;149;21m[48;2;235;84;80m▀[0m[38;2;120;98;31m[48;2;235;84;80m▀[0m[38;2;65;65;82m[48;2;235;84;80m▀[0m[38;2;65;65;82m[48;2;235;84;80m▀[0m[38;2;65;65;82m[48;2;235;84;80m▀[0m[38;2;65;65;82m[48;2;235;84;80m▀[0m[38;2;98;98;115m[48;2;235;84;80m▀[0m[38;2;235;84;80m[48;2;16;16;16m▀[0m[38;2;235;84;80m[48;2;16;16;16m▀[0m[38;2;235;84;80m[48;2;16;16;16m▀[0m[38;2;235;84;80m[48;2;16;16;16m▀[0m[38;2;235;84;80m[48;2;16;16;16m▀[0m[38;2;235;84;80m[48;2;16;16;16m▀[0m[38;2;16;16;16m[48;2;181;149;21m▀[0m[38;2;16;16;16m[48;2;181;149;21m▀[0m[38;2;16;16;16m[48;2;16;16;16m▀[0m[38;2;16;16;16m[48;2;197;49;49m▀[0m[38;2;16;16;16m[48;2;197;49;49m▀[0m[38;2;16;16;16m[48;2;106;24;24m▀[0m[38;2;148;49;65m[48;2;148;49;65m▀[0m[38;2;148;49;65m[48;2;148;49;65m▀[0m[38;2;148;49;65m[48;2;16;16;16m▀[0m[38;2;16;16;16m[48;2;41;41;41m▀[0m[38;2;65;65;82m[48;2;65;65;82m▀[0m[38;2;65;65;82m[48;2;65;65;82m▀[0m[38;2;65;65;82m[48;2;65;65;82m▀[0m[38;2;65;65;82m[48;2;65;65;82m▀[0m[38;2;16;16;16m[48;2;41;41;41m▀[0m[38;2;16;16;16m▄[0m            
                [38;2;16;16;16m▀[0m[38;2;16;16;16m▀[0m[38;2;16;16;16m▀[0m[38;2;16;16;16m▀[0m[38;2;16;16;16m[48;2;120;98;31m▀[0m[38;2;235;84;80m[48;2;16;16;16m▀[0m[38;2;235;84;80m[48;2;16;16;16m▀[0m[38;2;235;84;80m[48;2;41;41;41m▀[0m[38;2;16;16;16m[48;2;65;65;82m▀[0m[38;2;16;16;16m[48;2;65;65;82m▀[0m[38;2;16;16;16m[48;2;41;41;41m▀[0m[38;2;16;16;16m[48;2;16;16;16m▀[0m[38;2;16;16;16m[48;2;65;65;82m▀[0m[38;2;16;16;16m[48;2;65;65;82m▀[0m[38;2;16;16;16m[48;2;65;65;82m▀[0m[38;2;41;41;41m[48;2;65;65;82m▀[0m[38;2;16;16;16m[48;2;41;41;41m▀[0m[38;2;41;41;41m[48;2;16;16;16m▀[0m[38;2;41;41;41m[48;2;16;16;16m▀[0m[38;2;120;98;31m[48;2;230;189;65m▀[0m[38;2;230;189;65m[48;2;230;189;65m▀[0m[38;2;181;149;21m[48;2;120;98;31m▀[0m[38;2;120;98;31m[48;2;197;49;49m▀[0m[38;2;197;49;49m[48;2;197;49;49m▀[0m[38;2;197;49;49m[48;2;106;24;24m▀[0m[38;2;106;24;24m[48;2;148;49;65m▀[0m[38;2;148;49;65m[48;2;148;49;65m▀[0m[38;2;148;49;65m[48;2;148;49;65m▀[0m[38;2;16;16;16m[48;2;16;16;16m▀[0m[38;2;41;41;41m[48;2;41;41;41m▀[0m[38;2;41;41;41m[48;2;41;41;41m▀[0m[38;2;41;41;41m[48;2;41;41;41m▀[0m[38;2;65;65;82m[48;2;41;41;41m▀[0m[38;2;65;65;82m[48;2;41;41;41m▀[0m[38;2;65;65;82m[48;2;65;65;82m▀[0m[38;2;65;65;82m[48;2;65;65;82m▀[0m[38;2;41;41;41m[48;2;41;41;41m▀[0m[38;2;16;16;16m[48;2;41;41;41m▀[0m[38;2;16;16;16m▄[0m          
                [38;2;106;24;24m▄[0m[38;2;106;24;24m▄[0m[38;2;120;98;31m[48;2;197;49;49m▀[0m[38;2;120;98;31m[48;2;197;49;49m▀[0m[38;2;181;149;21m[48;2;120;98;31m▀[0m[38;2;181;149;21m[48;2;181;149;21m▀[0m[38;2;181;149;21m[48;2;181;149;21m▀[0m[38;2;181;149;21m[48;2;230;189;65m▀[0m[38;2;16;16;16m[48;2;230;189;65m▀[0m[38;2;16;16;16m[48;2;16;16;16m▀[0m[38;2;16;16;16m[48;2;65;65;82m▀[0m[38;2;41;41;41m[48;2;41;41;41m▀[0m[38;2;65;65;82m[48;2;41;41;41m▀[0m[38;2;65;65;82m[48;2;65;65;82m▀[0m[38;2;65;65;82m[48;2;65;65;82m▀[0m[38;2;65;65;82m[48;2;65;65;82m▀[0m[38;2;65;65;82m[48;2;98;98;115m▀[0m[38;2;98;98;115m[48;2;16;16;16m▀[0m[38;2;16;16;16m[48;2;230;189;65m▀[0m[38;2;230;189;65m[48;2;230;189;65m▀[0m[38;2;230;189;65m[48;2;120;98;31m▀[0m[38;2;120;98;31m[48;2;197;49;49m▀[0m[38;2;197;49;49m[48;2;197;49;49m▀[0m[38;2;197;49;49m[48;2;106;24;24m▀[0m[38;2;106;24;24m[48;2;148;49;65m▀[0m[38;2;148;49;65m[48;2;148;49;65m▀[0m[38;2;148;49;65m[48;2;148;49;65m▀[0m[38;2;16;16;16m[48;2;16;16;16m▀[0m[38;2;65;65;82m[48;2;65;65;82m▀[0m[38;2;16;16;16m[48;2;65;65;82m▀[0m[38;2;41;41;41m[48;2;16;16;16m▀[0m[38;2;41;41;41m[48;2;41;41;41m▀[0m[38;2;41;41;41m[48;2;41;41;41m▀[0m[38;2;41;41;41m[48;2;41;41;41m▀[0m[38;2;41;41;41m[48;2;41;41;41m▀[0m[38;2;41;41;41m[48;2;41;41;41m▀[0m[38;2;41;41;41m[48;2;41;41;41m▀[0m[38;2;41;41;41m[48;2;41;41;41m▀[0m[38;2;16;16;16m[48;2;41;41;41m▀[0m[38;2;16;16;16m▄[0m         
             [38;2;106;24;24m▄[0m[38;2;106;24;24m▄[0m[38;2;106;24;24m[48;2;148;49;65m▀[0m[38;2;197;49;49m[48;2;106;24;24m▀[0m[38;2;197;49;49m[48;2;106;24;24m▀[0m[38;2;197;49;49m[48;2;197;49;49m▀[0m[38;2;197;49;49m[48;2;197;49;49m▀[0m[38;2;197;49;49m[48;2;197;49;49m▀[0m[38;2;120;98;31m[48;2;197;49;49m▀[0m[38;2;230;189;65m[48;2;120;98;31m▀[0m[38;2;230;189;65m[48;2;230;189;65m▀[0m[38;2;230;189;65m[48;2;230;189;65m▀[0m[38;2;16;16;16m[48;2;230;189;65m▀[0m[38;2;98;98;115m[48;2;16;16;16m▀[0m[38;2;65;65;82m[48;2;98;98;115m▀[0m[38;2;41;41;41m[48;2;65;65;82m▀[0m[38;2;41;41;41m[48;2;98;98;115m▀[0m[38;2;65;65;82m[48;2;98;98;115m▀[0m[38;2;65;65;82m[48;2;98;98;115m▀[0m[38;2;98;98;115m[48;2;65;65;82m▀[0m[38;2;16;16;16m[48;2;16;16;16m▀[0m[38;2;230;189;65m[48;2;230;189;65m▀[0m[38;2;230;189;65m[48;2;230;189;65m▀[0m[38;2;120;98;31m[48;2;120;98;31m▀[0m[38;2;197;49;49m[48;2;197;49;49m▀[0m[38;2;197;49;49m[48;2;197;49;49m▀[0m[38;2;106;24;24m[48;2;16;16;16m▀[0m[38;2;148;49;65m[48;2;148;49;65m▀[0m[38;2;148;49;65m[48;2;148;49;65m▀[0m[38;2;106;24;24m[48;2;106;24;24m▀[0m[38;2;16;16;16m[48;2;41;41;41m▀[0m[38;2;65;65;82m[48;2;16;16;16m▀[0m[38;2;65;65;82m[48;2;65;65;82m▀[0m[38;2;65;65;82m[48;2;98;98;115m▀[0m[38;2;16;16;16m[48;2;98;98;115m▀[0m[38;2;41;41;41m[48;2;16;16;16m▀[0m[38;2;41;41;41m[48;2;41;41;41m▀[0m[38;2;41;41;41m[48;2;41;41;41m▀[0m[38;2;41;41;41m[48;2;41;41;41m▀[0m[38;2;41;41;41m[48;2;41;41;41m▀[0m[38;2;41;41;41m[48;2;41;41;41m▀[0m[38;2;41;41;41m[48;2;41;41;41m▀[0m[38;2;16;16;16m[48;2;41;41;41m▀[0m[38;2;16;16;16m▄[0m        
             [38;2;16;16;16m▀[0m[38;2;148;49;65m[48;2;16;16;16m▀[0m[38;2;148;49;65m[48;2;16;16;16m▀[0m[38;2;148;49;65m[48;2;148;49;65m▀[0m[38;2;148;49;65m[48;2;148;49;65m▀[0m[38;2;106;24;24m[48;2;148;49;65m▀[0m[38;2;197;49;49m[48;2;16;16;16m▀[0m[38;2;197;49;49m[48;2;197;49;49m▀[0m[38;2;197;49;49m[48;2;197;49;49m▀[0m[38;2;197;49;49m[48;2;197;49;49m▀[0m[38;2;120;98;31m[48;2;197;49;49m▀[0m[38;2;230;189;65m[48;2;120;98;31m▀[0m[38;2;230;189;65m[48;2;230;189;65m▀[0m[38;2;16;16;16m[48;2;230;189;65m▀[0m[38;2;98;98;115m[48;2;16;16;16m▀[0m[38;2;65;65;82m[48;2;98;98;115m▀[0m[38;2;98;98;115m[48;2;65;65;82m▀[0m[38;2;98;98;115m[48;2;98;98;115m▀[0m[38;2;98;98;115m[48;2;98;98;115m▀[0m[38;2;65;65;82m[48;2;65;65;82m▀[0m[38;2;16;16;16m[48;2;16;16;16m▀[0m[38;2;230;189;65m[48;2;230;189;65m▀[0m[38;2;181;149;21m[48;2;120;98;31m▀[0m[38;2;120;98;31m[48;2;235;84;80m▀[0m[38;2;197;49;49m[48;2;235;84;80m▀[0m[38;2;197;49;49m[48;2;197;49;49m▀[0m[38;2;16;16;16m[48;2;16;16;16m▀[0m[38;2;148;49;65m[48;2;106;24;24m▀[0m[38;2;106;24;24m[48;2;16;16;16m▀[0m[38;2;41;41;41m[48;2;41;41;41m▀[0m[38;2;41;41;41m[48;2;41;41;41m▀[0m[38;2;41;41;41m[48;2;41;41;41m▀[0m[38;2;16;16;16m[48;2;41;41;41m▀[0m[38;2;65;65;82m[48;2;16;16;16m▀[0m[38;2;98;98;115m[48;2;65;65;82m▀[0m[38;2;98;98;115m[48;2;98;98;115m▀[0m[38;2;16;16;16m[48;2;98;98;115m▀[0m[38;2;41;41;41m[48;2;16;16;16m▀[0m[38;2;41;41;41m[48;2;41;41;41m▀[0m[38;2;41;41;41m[48;2;41;41;41m▀[0m[38;2;41;41;41m[48;2;41;41;41m▀[0m[38;2;41;41;41m[48;2;41;41;41m▀[0m[38;2;41;41;41m[48;2;41;41;41m▀[0m[38;2;16;16;16m[48;2;41;41;41m▀[0m[38;2;16;16;16m▄[0m       
                [38;2;16;16;16m▀[0m[38;2;16;16;16m[48;2;41;41;41m▀[0m[38;2;148;49;65m[48;2;16;16;16m▀[0m[38;2;148;49;65m[48;2;16;16;16m▀[0m[38;2;16;16;16m[48;2;148;49;65m▀[0m[38;2;197;49;49m[48;2;16;16;16m▀[0m[38;2;197;49;49m[48;2;197;49;49m▀[0m[38;2;197;49;49m[48;2;235;84;80m▀[0m[38;2;120;98;31m[48;2;235;84;80m▀[0m[38;2;230;189;65m[48;2;120;98;31m▀[0m[38;2;181;149;21m[48;2;181;149;21m▀[0m[38;2;16;16;16m[48;2;181;149;21m▀[0m[38;2;98;98;115m[48;2;16;16;16m▀[0m[38;2;65;65;82m[48;2;98;98;115m▀[0m[38;2;98;98;115m[48;2;65;65;82m▀[0m[38;2;98;98;115m[48;2;98;98;115m▀[0m[38;2;65;65;82m[48;2;65;65;82m▀[0m[38;2;16;16;16m[48;2;16;16;16m▀[0m[38;2;181;149;21m[48;2;181;149;21m▀[0m[38;2;120;98;31m[48;2;120;98;31m▀[0m[38;2;235;84;80m[48;2;197;49;49m▀[0m[38;2;235;84;80m[48;2;197;49;49m▀[0m[38;2;197;49;49m[48;2;197;49;49m▀[0m[38;2;16;16;16m[48;2;16;16;16m▀[0m[38;2;65;65;82m[48;2;65;65;82m▀[0m[38;2;16;16;16m[48;2;16;16;16m▀[0m[38;2;41;41;41m[48;2;41;41;41m▀[0m[38;2;41;41;41m[48;2;16;16;16m▀[0m[38;2;16;16;16m[48;2;181;149;21m▀[0m[38;2;41;41;41m[48;2;16;16;16m▀[0m[38;2;41;41;41m[48;2;41;41;41m▀[0m[38;2;16;16;16m[48;2;230;189;65m▀[0m[38;2;65;65;82m[48;2;16;16;16m▀[0m[38;2;98;98;115m[48;2;65;65;82m▀[0m[38;2;98;98;115m[48;2;98;98;115m▀[0m[38;2;16;16;16m[48;2;16;16;16m▀[0m[38;2;41;41;41m[48;2;222;222;222m▀[0m[38;2;41;41;41m[48;2;222;222;222m▀[0m[38;2;41;41;41m[48;2;222;222;222m▀[0m[38;2;41;41;41m[48;2;222;222;222m▀[0m[38;2;41;41;41m[48;2;222;222;222m▀[0m[38;2;16;16;16m[48;2;222;222;222m▀[0m[38;2;65;65;82m[48;2;222;222;222m▀[0m[38;2;65;65;82m[48;2;222;222;222m▀[0m[38;2;41;41;41m▄[0m[38;2;41;41;41m▄[0m[38;2;65;65;82m▄[0m  
           [38;2;98;98;115m▄[0m[38;2;98;98;115m▄[0m[38;2;98;98;115m▄[0m[38;2;98;98;115m▄[0m[38;2;98;98;115m▄[0m[38;2;41;41;41m▄[0m[38;2;41;41;41m[48;2;98;98;115m▀[0m[38;2;98;98;115m[48;2;98;98;115m▀[0m[38;2;65;65;82m[48;2;65;65;82m▀[0m[38;2;16;16;16m[48;2;16;16;16m▀[0m[38;2;16;16;16m[48;2;41;41;41m▀[0m[38;2;197;49;49m[48;2;16;16;16m▀[0m[38;2;235;84;80m[48;2;197;49;49m▀[0m[38;2;235;84;80m[48;2;197;49;49m▀[0m[38;2;197;49;49m[48;2;197;49;49m▀[0m[38;2;120;98;31m[48;2;197;49;49m▀[0m[38;2;181;149;21m[48;2;120;98;31m▀[0m[38;2;16;16;16m[48;2;197;49;49m▀[0m[38;2;98;98;115m[48;2;16;16;16m▀[0m[38;2;65;65;82m[48;2;98;98;115m▀[0m[38;2;98;98;115m[48;2;65;65;82m▀[0m[38;2;65;65;82m[48;2;98;98;115m▀[0m[38;2;16;16;16m[48;2;98;98;115m▀[0m[38;2;181;149;21m[48;2;16;16;16m▀[0m[38;2;120;98;31m[48;2;197;49;49m▀[0m[38;2;197;49;49m[48;2;16;16;16m▀[0m[38;2;197;49;49m[48;2;16;16;16m▀[0m[38;2;197;49;49m[48;2;16;16;16m▀[0m[38;2;16;16;16m[48;2;65;65;82m▀[0m[38;2;65;65;82m[48;2;16;16;16m▀[0m[38;2;16;16;16m[48;2;41;41;41m▀[0m[38;2;41;41;41m[48;2;172;164;180m▀[0m[38;2;16;16;16m[48;2;16;16;16m▀[0m[38;2;181;149;21m[48;2;181;149;21m▀[0m[38;2;181;149;21m[48;2;181;149;21m▀[0m[38;2;120;98;31m[48;2;120;98;31m▀[0m[38;2;230;189;65m[48;2;230;189;65m▀[0m[38;2;16;16;16m[48;2;181;149;21m▀[0m[38;2;16;16;16m[48;2;120;98;31m▀[0m[38;2;65;65;82m[48;2;16;16;16m▀[0m[38;2;65;65;82m[48;2;65;65;82m▀[0m[38;2;16;16;16m[48;2;16;16;16m▀[0m[38;2;16;16;16m[48;2;41;41;41m▀[0m[38;2;16;16;16m[48;2;41;41;41m▀[0m[38;2;16;16;16m[48;2;41;41;41m▀[0m[38;2;16;16;16m[48;2;41;41;41m▀[0m[38;2;16;16;16m[48;2;41;41;41m▀[0m[38;2;65;65;82m[48;2;16;16;16m▀[0m[38;2;65;65;82m▀[0m[38;2;222;222;222m[48;2;65;65;82m▀[0m[38;2;222;222;222m[48;2;41;41;41m▀[0m[38;2;222;222;222m[48;2;172;164;180m▀[0m[38;2;172;164;180m[48;2;222;222;222m▀[0m[38;2;41;41;41m▄[0m
      [38;2;98;98;115m▄[0m[38;2;98;98;115m▄[0m[38;2;98;98;115m[48;2;222;222;222m▀[0m[38;2;98;98;115m[48;2;222;222;222m▀[0m[38;2;98;98;115m[48;2;222;222;222m▀[0m[38;2;222;222;222m[48;2;16;16;16m▀[0m[38;2;222;222;222m[48;2;16;16;16m▀[0m[38;2;222;222;222m[48;2;16;16;16m▀[0m[38;2;16;16;16m[48;2;120;98;31m▀[0m[38;2;16;16;16m[48;2;230;189;65m▀[0m[38;2;41;41;41m[48;2;16;16;16m▀[0m[38;2;98;98;115m[48;2;65;65;82m▀[0m[38;2;65;65;82m[48;2;65;65;82m▀[0m[38;2;16;16;16m[48;2;120;98;31m▀[0m[38;2;172;164;180m[48;2;172;164;180m▀[0m[38;2;41;41;41m[48;2;172;164;180m▀[0m[38;2;41;41;41m[48;2;172;164;180m▀[0m[38;2;16;16;16m[48;2;16;16;16m▀[0m[38;2;197;49;49m[48;2;16;16;16m▀[0m[38;2;197;49;49m[48;2;197;49;49m▀[0m[38;2;197;49;49m[48;2;197;49;49m▀[0m[38;2;197;49;49m[48;2;197;49;49m▀[0m[38;2;197;49;49m[48;2;197;49;49m▀[0m[38;2;197;49;49m[48;2;106;24;24m▀[0m[38;2;16;16;16m[48;2;106;24;24m▀[0m[38;2;65;65;82m[48;2;98;98;115m▀[0m[38;2;98;98;115m[48;2;98;98;115m▀[0m[38;2;98;98;115m[48;2;98;98;115m▀[0m[38;2;16;16;16m[48;2;98;98;115m▀[0m[38;2;16;16;16m[48;2;98;98;115m▀[0m[38;2;65;65;82m[48;2;98;98;115m▀[0m[38;2;65;65;82m[48;2;65;65;82m▀[0m[38;2;65;65;82m[48;2;65;65;82m▀[0m[38;2;65;65;82m[48;2;65;65;82m▀[0m[38;2;16;16;16m[48;2;172;164;180m▀[0m[38;2;172;164;180m[48;2;172;164;180m▀[0m[38;2;16;16;16m[48;2;16;16;16m▀[0m[38;2;181;149;21m[48;2;181;149;21m▀[0m[38;2;181;149;21m[48;2;120;98;31m▀[0m[38;2;120;98;31m[48;2;120;98;31m▀[0m[38;2;230;189;65m[48;2;230;189;65m▀[0m[38;2;230;189;65m[48;2;120;98;31m▀[0m[38;2;120;98;31m[48;2;181;149;21m▀[0m[38;2;181;149;21m[48;2;120;98;31m▀[0m[38;2;120;98;31m[48;2;230;189;65m▀[0m[38;2;16;16;16m[48;2;230;189;65m▀[0m[38;2;230;189;65m[48;2;16;16;16m▀[0m[38;2;16;16;16m[48;2;41;41;41m▀[0m[38;2;41;41;41m[48;2;41;41;41m▀[0m[38;2;41;41;41m[48;2;16;16;16m▀[0m[38;2;41;41;41m[48;2;172;164;180m▀[0m[38;2;41;41;41m[48;2;222;222;222m▀[0m[38;2;16;16;16m[48;2;222;222;222m▀[0m[38;2;41;41;41m[48;2;222;222;222m▀[0m[38;2;172;164;180m[48;2;222;222;222m▀[0m[38;2;222;222;222m[48;2;41;41;41m▀[0m[38;2;222;222;222m[48;2;41;41;41m▀[0m[38;2;41;41;41m▀[0m 
    [38;2;65;65;82m▄[0m[38;2;98;98;115m[48;2;222;222;222m▀[0m[38;2;222;222;222m[48;2;222;222;222m▀[0m[38;2;172;164;180m[48;2;222;222;222m▀[0m[38;2;16;16;16m[48;2;172;164;180m▀[0m[38;2;98;98;115m[48;2;16;16;16m▀[0m[38;2;98;98;115m▀[0m   [38;2;120;98;31m▀[0m[38;2;230;189;65m[48;2;16;16;16m▀[0m[38;2;230;189;65m[48;2;230;189;65m▀[0m[38;2;16;16;16m[48;2;16;16;16m▀[0m[38;2;120;98;31m[48;2;120;98;31m▀[0m[38;2;230;189;65m[48;2;230;189;65m▀[0m[38;2;16;16;16m[48;2;16;16;16m▀[0m[38;2;41;41;41m[48;2;41;41;41m▀[0m[38;2;41;41;41m[48;2;120;98;31m▀[0m[38;2;41;41;41m[48;2;16;16;16m▀[0m[38;2;41;41;41m[48;2;41;41;41m▀[0m[38;2;16;16;16m[48;2;41;41;41m▀[0m[38;2;16;16;16m[48;2;41;41;41m▀[0m[38;2;16;16;16m[48;2;172;164;180m▀[0m[38;2;16;16;16m[48;2;172;164;180m▀[0m[38;2;65;65;82m[48;2;172;164;180m▀[0m[38;2;98;98;115m[48;2;65;65;82m▀[0m[38;2;98;98;115m[48;2;65;65;82m▀[0m[38;2;98;98;115m[48;2;65;65;82m▀[0m[38;2;98;98;115m[48;2;65;65;82m▀[0m[38;2;98;98;115m[48;2;65;65;82m▀[0m[38;2;98;98;115m[48;2;65;65;82m▀[0m[38;2;65;65;82m[48;2;172;164;180m▀[0m[38;2;65;65;82m[48;2;172;164;180m▀[0m[38;2;172;164;180m[48;2;172;164;180m▀[0m[38;2;172;164;180m[48;2;41;41;41m▀[0m[38;2;172;164;180m[48;2;16;16;16m▀[0m[38;2;41;41;41m[48;2;41;41;41m▀[0m[38;2;16;16;16m[48;2;16;16;16m▀[0m[38;2;120;98;31m[48;2;16;16;16m▀[0m[38;2;120;98;31m[48;2;16;16;16m▀[0m[38;2;181;149;21m[48;2;120;98;31m▀[0m[38;2;120;98;31m[48;2;230;189;65m▀[0m[38;2;181;149;21m[48;2;230;189;65m▀[0m[38;2;230;189;65m[48;2;230;189;65m▀[0m[38;2;230;189;65m[48;2;120;98;31m▀[0m[38;2;230;189;65m[48;2;16;16;16m▀[0m[38;2;16;16;16m[48;2;41;41;41m▀[0m[38;2;41;41;41m[48;2;41;41;41m▀[0m[38;2;41;41;41m[48;2;41;41;41m▀[0m[38;2;41;41;41m[48;2;41;41;41m▀[0m[38;2;41;41;41m[48;2;41;41;41m▀[0m[38;2;16;16;16m[48;2;41;41;41m▀[0m[38;2;172;164;180m[48;2;41;41;41m▀[0m[38;2;222;222;222m[48;2;16;16;16m▀[0m[38;2;16;16;16m▀[0m[38;2;16;16;16m▀[0m    
     [38;2;65;65;82m▀[0m[38;2;222;222;222m[48;2;98;98;115m▀[0m[38;2;172;164;180m[48;2;98;98;115m▀[0m[38;2;65;65;82m▀[0m [38;2;98;98;115m▄[0m[38;2;98;98;115m▄[0m[38;2;120;98;31m[48;2;16;16;16m▀[0m[38;2;120;98;31m[48;2;230;189;65m▀[0m[38;2;120;98;31m[48;2;230;189;65m▀[0m[38;2;120;98;31m[48;2;120;98;31m▀[0m[38;2;181;149;21m[48;2;120;98;31m▀[0m[38;2;230;189;65m[48;2;230;189;65m▀[0m[38;2;120;98;31m[48;2;120;98;31m▀[0m[38;2;230;189;65m[48;2;230;189;65m▀[0m[38;2;120;98;31m[48;2;120;98;31m▀[0m[38;2;120;98;31m[48;2;230;189;65m▀[0m[38;2;230;189;65m[48;2;230;189;65m▀[0m[38;2;16;16;16m[48;2;16;16;16m▀[0m[38;2;172;164;180m[48;2;41;41;41m▀[0m[38;2;172;164;180m[48;2;172;164;180m▀[0m[38;2;41;41;41m[48;2;172;164;180m▀[0m[38;2;16;16;16m[48;2;16;16;16m▀[0m[38;2;41;41;41m[48;2;98;98;115m▀[0m[38;2;222;222;222m[48;2;41;41;41m▀[0m[38;2;222;222;222m[48;2;16;16;16m▀[0m[38;2;222;222;222m[48;2;16;16;16m▀[0m[38;2;222;222;222m[48;2;16;16;16m▀[0m[38;2;222;222;222m[48;2;16;16;16m▀[0m[38;2;222;222;222m[48;2;16;16;16m▀[0m[38;2;222;222;222m[48;2;41;41;41m▀[0m[38;2;41;41;41m[48;2;98;98;115m▀[0m[38;2;41;41;41m[48;2;98;98;115m▀[0m[38;2;41;41;41m[48;2;65;65;82m▀[0m[38;2;65;65;82m[48;2;65;65;82m▀[0m[38;2;16;16;16m[48;2;16;16;16m▀[0m[38;2;16;16;16m[48;2;120;98;31m▀[0m[38;2;230;189;65m[48;2;230;189;65m▀[0m[38;2;230;189;65m[48;2;230;189;65m▀[0m[38;2;120;98;31m[48;2;230;189;65m▀[0m[38;2;230;189;65m[48;2;120;98;31m▀[0m[38;2;230;189;65m[48;2;181;149;21m▀[0m[38;2;230;189;65m[48;2;181;149;21m▀[0m[38;2;181;149;21m[48;2;181;149;21m▀[0m[38;2;181;149;21m[48;2;16;16;16m▀[0m[38;2;16;16;16m[48;2;41;41;41m▀[0m[38;2;222;222;222m[48;2;16;16;16m▀[0m[38;2;222;222;222m[48;2;16;16;16m▀[0m[38;2;222;222;222m[48;2;16;16;16m▀[0m[38;2;222;222;222m[48;2;16;16;16m▀[0m[38;2;222;222;222m[48;2;16;16;16m▀[0m[38;2;222;222;222m[48;2;16;16;16m▀[0m[38;2;222;222;222m[48;2;172;164;180m▀[0m[38;2;172;164;180m[48;2;222;222;222m▀[0m[38;2;65;65;82m[48;2;222;222;222m▀[0m[38;2;65;65;82m[48;2;222;222;222m▀[0m[38;2;172;164;180m[48;2;222;222;222m▀[0m[38;2;65;65;82m▄[0m[38;2;65;65;82m▄[0m 
      [38;2;98;98;115m▄[0m[38;2;98;98;115m▄[0m[38;2;98;98;115m[48;2;222;222;222m▀[0m[38;2;98;98;115m[48;2;172;164;180m▀[0m[38;2;222;222;222m[48;2;98;98;115m▀[0m[38;2;172;164;180m[48;2;98;98;115m▀[0m[38;2;172;164;180m[48;2;98;98;115m▀[0m[38;2;16;16;16m▀[0m[38;2;181;149;21m[48;2;16;16;16m▀[0m[38;2;181;149;21m[48;2;181;149;21m▀[0m[38;2;181;149;21m[48;2;181;149;21m▀[0m[38;2;230;189;65m[48;2;120;98;31m▀[0m[38;2;181;149;21m[48;2;120;98;31m▀[0m[38;2;230;189;65m[48;2;120;98;31m▀[0m[38;2;181;149;21m[48;2;230;189;65m▀[0m[38;2;230;189;65m[48;2;230;189;65m▀[0m[38;2;181;149;21m[48;2;120;98;31m▀[0m[38;2;16;16;16m[48;2;41;41;41m▀[0m[38;2;41;41;41m[48;2;41;41;41m▀[0m[38;2;41;41;41m[48;2;106;24;24m▀[0m[38;2;222;222;222m[48;2;41;41;41m▀[0m[38;2;222;222;222m[48;2;222;222;222m▀[0m[38;2;65;65;82m[48;2;222;222;222m▀[0m[38;2;98;98;115m[48;2;172;164;180m▀[0m[38;2;98;98;115m[48;2;65;65;82m▀[0m[38;2;98;98;115m[48;2;65;65;82m▀[0m[38;2;98;98;115m[48;2;65;65;82m▀[0m[38;2;98;98;115m[48;2;65;65;82m▀[0m[38;2;98;98;115m[48;2;65;65;82m▀[0m[38;2;98;98;115m[48;2;65;65;82m▀[0m[38;2;65;65;82m[48;2;172;164;180m▀[0m[38;2;65;65;82m[48;2;172;164;180m▀[0m[38;2;172;164;180m[48;2;16;16;16m▀[0m[38;2;16;16;16m[48;2;230;189;65m▀[0m[38;2;230;189;65m[48;2;230;189;65m▀[0m[38;2;230;189;65m[48;2;230;189;65m▀[0m[38;2;120;98;31m[48;2;16;16;16m▀[0m[38;2;230;189;65m[48;2;16;16;16m▀[0m[38;2;181;149;21m[48;2;16;16;16m▀[0m[38;2;16;16;16m[48;2;197;49;49m▀[0m[38;2;16;16;16m[48;2;197;49;49m▀[0m[38;2;16;16;16m[48;2;106;24;24m▀[0m[38;2;16;16;16m[48;2;41;41;41m▀[0m[38;2;41;41;41m[48;2;41;41;41m▀[0m[38;2;41;41;41m[48;2;41;41;41m▀[0m[38;2;41;41;41m[48;2;41;41;41m▀[0m[38;2;41;41;41m[48;2;41;41;41m▀[0m[38;2;41;41;41m[48;2;41;41;41m▀[0m[38;2;41;41;41m[48;2;41;41;41m▀[0m[38;2;41;41;41m[48;2;65;65;82m▀[0m[38;2;41;41;41m[48;2;41;41;41m▀[0m[38;2;16;16;16m[48;2;41;41;41m▀[0m[38;2;16;16;16m[48;2;16;16;16m▀[0m[38;2;16;16;16m[48;2;172;164;180m▀[0m[38;2;16;16;16m[48;2;222;222;222m▀[0m[38;2;172;164;180m[48;2;222;222;222m▀[0m[38;2;222;222;222m[48;2;172;164;180m▀[0m[38;2;172;164;180m[48;2;41;41;41m▀[0m[38;2;65;65;82m▀[0m
    [38;2;98;98;115m▄[0m[38;2;98;98;115m[48;2;222;222;222m▀[0m[38;2;222;222;222m[48;2;172;164;180m▀[0m[38;2;172;164;180m[48;2;98;98;115m▀[0m[38;2;98;98;115m▀[0m[38;2;16;16;16m▀[0m    [38;2;106;24;24m▄[0m[38;2;120;98;31m[48;2;16;16;16m▀[0m[38;2;120;98;31m[48;2;181;149;21m▀[0m[38;2;230;189;65m[48;2;230;189;65m▀[0m[38;2;230;189;65m[48;2;120;98;31m▀[0m[38;2;230;189;65m[48;2;120;98;31m▀[0m[38;2;120;98;31m[48;2;230;189;65m▀[0m[38;2;181;149;21m[48;2;120;98;31m▀[0m[38;2;16;16;16m[48;2;16;16;16m▀[0m[38;2;106;24;24m[48;2;197;49;49m▀[0m[38;2;106;24;24m[48;2;197;49;49m▀[0m[38;2;197;49;49m[48;2;197;49;49m▀[0m[38;2;197;49;49m[48;2;197;49;49m▀[0m[38;2;41;41;41m[48;2;197;49;49m▀[0m[38;2;41;41;41m[48;2;148;49;65m▀[0m[38;2;222;222;222m[48;2;41;41;41m▀[0m[38;2;222;222;222m[48;2;41;41;41m▀[0m[38;2;222;222;222m[48;2;41;41;41m▀[0m[38;2;222;222;222m[48;2;41;41;41m▀[0m[38;2;222;222;222m[48;2;41;41;41m▀[0m[38;2;222;222;222m[48;2;41;41;41m▀[0m[38;2;222;222;222m[48;2;41;41;41m▀[0m[38;2;222;222;222m[48;2;41;41;41m▀[0m[38;2;41;41;41m[48;2;197;49;49m▀[0m[38;2;16;16;16m[48;2;197;49;49m▀[0m[38;2;230;189;65m[48;2;16;16;16m▀[0m[38;2;181;149;21m[48;2;16;16;16m▀[0m[38;2;16;16;16m[48;2;197;49;49m▀[0m[38;2;197;49;49m[48;2;197;49;49m▀[0m[38;2;197;49;49m[48;2;197;49;49m▀[0m[38;2;197;49;49m[48;2;197;49;49m▀[0m[38;2;197;49;49m[48;2;197;49;49m▀[0m[38;2;197;49;49m[48;2;197;49;49m▀[0m[38;2;197;49;49m[48;2;197;49;49m▀[0m[38;2;106;24;24m[48;2;197;49;49m▀[0m[38;2;106;24;24m[48;2;197;49;49m▀[0m[38;2;41;41;41m[48;2;106;24;24m▀[0m[38;2;41;41;41m[48;2;41;41;41m▀[0m[38;2;41;41;41m[48;2;41;41;41m▀[0m[38;2;41;41;41m[48;2;172;164;180m▀[0m[38;2;41;41;41m[48;2;222;222;222m▀[0m[38;2;65;65;82m[48;2;222;222;222m▀[0m[38;2;172;164;180m[48;2;222;222;222m▀[0m[38;2;222;222;222m[48;2;172;164;180m▀[0m[38;2;222;222;222m[48;2;16;16;16m▀[0m[38;2;222;222;222m[48;2;16;16;16m▀[0m[38;2;172;164;180m[48;2;41;41;41m▀[0m[38;2;41;41;41m▀[0m[38;2;41;41;41m▀[0m  
   [38;2;65;65;82m▀[0m[38;2;222;222;222m[48;2;16;16;16m▀[0m[38;2;222;222;222m[48;2;222;222;222m▀[0m[38;2;222;222;222m[48;2;172;164;180m▀[0m[38;2;172;164;180m[48;2;65;65;82m▀[0m[38;2;16;16;16m▀[0m  [38;2;106;24;24m▄[0m[38;2;106;24;24m[48;2;197;49;49m▀[0m[38;2;106;24;24m[48;2;197;49;49m▀[0m[38;2;197;49;49m[48;2;197;49;49m▀[0m[38;2;16;16;16m[48;2;197;49;49m▀[0m[38;2;181;149;21m[48;2;120;98;31m▀[0m[38;2;120;98;31m[48;2;230;189;65m▀[0m[38;2;230;189;65m[48;2;230;189;65m▀[0m[38;2;230;189;65m[48;2;230;189;65m▀[0m[38;2;120;98;31m[48;2;181;149;21m▀[0m[38;2;181;149;21m[48;2;120;98;31m▀[0m[38;2;230;189;65m[48;2;230;189;65m▀[0m[38;2;16;16;16m[48;2;16;16;16m▀[0m[38;2;197;49;49m[48;2;197;49;49m▀[0m[38;2;197;49;49m[48;2;197;49;49m▀[0m[38;2;197;49;49m[48;2;197;49;49m▀[0m[38;2;197;49;49m[48;2;197;49;49m▀[0m[38;2;148;49;65m[48;2;197;49;49m▀[0m[38;2;65;65;82m[48;2;148;49;65m▀[0m[38;2;98;98;115m[48;2;98;98;115m▀[0m[38;2;98;98;115m[48;2;98;98;115m▀[0m[38;2;98;98;115m[48;2;98;98;115m▀[0m[38;2;98;98;115m[48;2;98;98;115m▀[0m[38;2;98;98;115m[48;2;98;98;115m▀[0m[38;2;98;98;115m[48;2;106;24;24m▀[0m[38;2;148;49;65m[48;2;197;49;49m▀[0m[38;2;197;49;49m[48;2;148;49;65m▀[0m[38;2;197;49;49m[48;2;197;49;49m▀[0m[38;2;197;49;49m[48;2;197;49;49m▀[0m[38;2;197;49;49m[48;2;197;49;49m▀[0m[38;2;197;49;49m[48;2;197;49;49m▀[0m[38;2;197;49;49m[48;2;197;49;49m▀[0m[38;2;197;49;49m[48;2;197;49;49m▀[0m[38;2;197;49;49m[48;2;197;49;49m▀[0m[38;2;197;49;49m[48;2;197;49;49m▀[0m[38;2;197;49;49m[48;2;197;49;49m▀[0m[38;2;197;49;49m[48;2;197;49;49m▀[0m[38;2;197;49;49m[48;2;197;49;49m▀[0m[38;2;197;49;49m[48;2;197;49;49m▀[0m[38;2;197;49;49m[48;2;197;49;49m▀[0m[38;2;16;16;16m[48;2;197;49;49m▀[0m[38;2;41;41;41m[48;2;16;16;16m▀[0m[38;2;16;16;16m[48;2;65;65;82m▀[0m[38;2;172;164;180m[48;2;65;65;82m▀[0m[38;2;222;222;222m[48;2;16;16;16m▀[0m[38;2;16;16;16m[48;2;16;16;16m▀[0m[38;2;16;16;16m▀[0m       
     [38;2;16;16;16m▀[0m[38;2;16;16;16m▀[0m   [38;2;106;24;24m▄[0m[38;2;106;24;24m[48;2;197;49;49m▀[0m[38;2;197;49;49m[48;2;197;49;49m▀[0m[38;2;197;49;49m[48;2;197;49;49m▀[0m[38;2;197;49;49m[48;2;197;49;49m▀[0m[38;2;197;49;49m[48;2;197;49;49m▀[0m[38;2;16;16;16m[48;2;16;16;16m▀[0m[38;2;230;189;65m[48;2;181;149;21m▀[0m[38;2;230;189;65m[48;2;230;189;65m▀[0m[38;2;230;189;65m[48;2;230;189;65m▀[0m[38;2;181;149;21m[48;2;16;16;16m▀[0m[38;2;16;16;16m[48;2;197;49;49m▀[0m[38;2;181;149;21m[48;2;16;16;16m▀[0m[38;2;16;16;16m[48;2;197;49;49m▀[0m[38;2;197;49;49m[48;2;197;49;49m▀[0m[38;2;197;49;49m[48;2;197;49;49m▀[0m[38;2;148;49;65m[48;2;197;49;49m▀[0m[38;2;148;49;65m[48;2;197;49;49m▀[0m[38;2;197;49;49m[48;2;148;49;65m▀[0m[38;2;148;49;65m[48;2;148;49;65m▀[0m[38;2;65;65;82m[48;2;106;24;24m▀[0m[38;2;65;65;82m[48;2;65;65;82m▀[0m[38;2;65;65;82m[48;2;65;65;82m▀[0m[38;2;65;65;82m[48;2;65;65;82m▀[0m[38;2;65;65;82m[48;2;65;65;82m▀[0m[38;2;106;24;24m[48;2;106;24;24m▀[0m[38;2;148;49;65m[48;2;197;49;49m▀[0m[38;2;197;49;49m[48;2;197;49;49m▀[0m[38;2;197;49;49m[48;2;197;49;49m▀[0m[38;2;197;49;49m[48;2;106;24;24m▀[0m[38;2;197;49;49m[48;2;197;49;49m▀[0m[38;2;197;49;49m[48;2;172;164;180m▀[0m[38;2;197;49;49m[48;2;197;49;49m▀[0m[38;2;197;49;49m[48;2;197;49;49m▀[0m[38;2;197;49;49m[48;2;197;49;49m▀[0m[38;2;197;49;49m[48;2;197;49;49m▀[0m[38;2;197;49;49m[48;2;197;49;49m▀[0m[38;2;197;49;49m[48;2;197;49;49m▀[0m[38;2;197;49;49m[48;2;197;49;49m▀[0m[38;2;197;49;49m[48;2;197;49;49m▀[0m[38;2;197;49;49m[48;2;172;164;180m▀[0m[38;2;197;49;49m[48;2;197;49;49m▀[0m[38;2;16;16;16m[48;2;197;49;49m▀[0m[38;2;65;65;82m[48;2;16;16;16m▀[0m[38;2;65;65;82m[48;2;41;41;41m▀[0m[38;2;41;41;41m[48;2;16;16;16m▀[0m[38;2;16;16;16m▀[0m        
          [38;2;106;24;24m[48;2;106;24;24m▀[0m[38;2;197;49;49m[48;2;172;164;180m▀[0m[38;2;197;49;49m[48;2;197;49;49m▀[0m[38;2;197;49;49m[48;2;172;164;180m▀[0m[38;2;197;49;49m[48;2;172;164;180m▀[0m[38;2;148;49;65m[48;2;172;164;180m▀[0m[38;2;172;164;180m[48;2;148;49;65m▀[0m[38;2;16;16;16m[48;2;148;49;65m▀[0m[38;2;230;189;65m[48;2;16;16;16m▀[0m[38;2;181;149;21m[48;2;16;16;16m▀[0m[38;2;16;16;16m[48;2;148;49;65m▀[0m[38;2;197;49;49m[48;2;148;49;65m▀[0m[38;2;197;49;49m[48;2;197;49;49m▀[0m[38;2;197;49;49m[48;2;197;49;49m▀[0m[38;2;197;49;49m[48;2;197;49;49m▀[0m[38;2;197;49;49m[48;2;197;49;49m▀[0m[38;2;197;49;49m[48;2;148;49;65m▀[0m[38;2;197;49;49m[48;2;148;49;65m▀[0m[38;2;197;49;49m[48;2;148;49;65m▀[0m[38;2;197;49;49m[48;2;148;49;65m▀[0m[38;2;148;49;65m[48;2;148;49;65m▀[0m[38;2;106;24;24m[48;2;148;49;65m▀[0m[38;2;65;65;82m[48;2;106;24;24m▀[0m[38;2;65;65;82m[48;2;65;65;82m▀[0m[38;2;106;24;24m[48;2;106;24;24m▀[0m[38;2;148;49;65m[48;2;148;49;65m▀[0m[38;2;148;49;65m[48;2;148;49;65m▀[0m[38;2;197;49;49m[48;2;148;49;65m▀[0m[38;2;197;49;49m[48;2;106;24;24m▀[0m[38;2;106;24;24m[48;2;148;49;65m▀[0m[38;2;197;49;49m[48;2;197;49;49m▀[0m[38;2;172;164;180m[48;2;148;49;65m▀[0m[38;2;172;164;180m[48;2;172;164;180m▀[0m[38;2;197;49;49m[48;2;172;164;180m▀[0m[38;2;197;49;49m[48;2;172;164;180m▀[0m[38;2;197;49;49m[48;2;197;49;49m▀[0m[38;2;197;49;49m[48;2;197;49;49m▀[0m[38;2;197;49;49m[48;2;197;49;49m▀[0m[38;2;197;49;49m[48;2;172;164;180m▀[0m[38;2;197;49;49m[48;2;172;164;180m▀[0m[38;2;172;164;180m[48;2;148;49;65m▀[0m[38;2;197;49;49m[48;2;197;49;49m▀[0m[38;2;197;49;49m[48;2;148;49;65m▀[0m[38;2;16;16;16m[48;2;16;16;16m▀[0m[38;2;16;16;16m▀[0m          
          [38;2;106;24;24m▀[0m[38;2;172;164;180m[48;2;106;24;24m▀[0m[38;2;172;164;180m[48;2;172;164;180m▀[0m[38;2;172;164;180m[48;2;148;49;65m▀[0m[38;2;148;49;65m[48;2;148;49;65m▀[0m[38;2;148;49;65m[48;2;148;49;65m▀[0m[38;2;148;49;65m[48;2;148;49;65m▀[0m[38;2;148;49;65m[48;2;148;49;65m▀[0m[38;2;148;49;65m[48;2;148;49;65m▀[0m[38;2;148;49;65m[48;2;148;49;65m▀[0m[38;2;148;49;65m[48;2;106;24;24m▀[0m[38;2;148;49;65m[48;2;106;24;24m▀[0m[38;2;148;49;65m[48;2;148;49;65m▀[0m[38;2;148;49;65m[48;2;148;49;65m▀[0m[38;2;148;49;65m[48;2;148;49;65m▀[0m[38;2;148;49;65m[48;2;148;49;65m▀[0m[38;2;148;49;65m[48;2;148;49;65m▀[0m[38;2;148;49;65m[48;2;148;49;65m▀[0m[38;2;148;49;65m[48;2;106;24;24m▀[0m[38;2;148;49;65m[48;2;16;16;16m▀[0m[38;2;148;49;65m[48;2;16;16;16m▀[0m[38;2;148;49;65m[48;2;16;16;16m▀[0m[38;2;16;16;16m[48;2;98;98;115m▀[0m[38;2;16;16;16m[48;2;98;98;115m▀[0m[38;2;16;16;16m[48;2;98;98;115m▀[0m[38;2;16;16;16m[48;2;98;98;115m▀[0m[38;2;148;49;65m[48;2;16;16;16m▀[0m[38;2;148;49;65m[48;2;16;16;16m▀[0m[38;2;106;24;24m[48;2;16;16;16m▀[0m[38;2;148;49;65m[48;2;148;49;65m▀[0m[38;2;197;49;49m[48;2;148;49;65m▀[0m[38;2;197;49;49m[48;2;197;49;49m▀[0m[38;2;197;49;49m[48;2;197;49;49m▀[0m[38;2;148;49;65m[48;2;197;49;49m▀[0m[38;2;172;164;180m[48;2;197;49;49m▀[0m[38;2;172;164;180m[48;2;148;49;65m▀[0m[38;2;172;164;180m[48;2;172;164;180m▀[0m[38;2;172;164;180m[48;2;172;164;180m▀[0m[38;2;172;164;180m[48;2;148;49;65m▀[0m[38;2;148;49;65m[48;2;197;49;49m▀[0m[38;2;197;49;49m[48;2;197;49;49m▀[0m[38;2;197;49;49m[48;2;148;49;65m▀[0m[38;2;106;24;24m[48;2;16;16;16m▀[0m            
           [38;2;16;16;16m▀[0m[38;2;148;49;65m[48;2;16;16;16m▀[0m[38;2;148;49;65m[48;2;148;49;65m▀[0m[38;2;148;49;65m[48;2;148;49;65m▀[0m[38;2;148;49;65m[48;2;148;49;65m▀[0m[38;2;148;49;65m[48;2;148;49;65m▀[0m[38;2;148;49;65m[48;2;148;49;65m▀[0m[38;2;148;49;65m[48;2;148;49;65m▀[0m[38;2;148;49;65m[48;2;148;49;65m▀[0m[38;2;148;49;65m[48;2;148;49;65m▀[0m[38;2;148;49;65m[48;2;148;49;65m▀[0m[38;2;16;16;16m[48;2;16;16;16m▀[0m[38;2;16;16;16m▀[0m[38;2;16;16;16m▀[0m[38;2;16;16;16m[48;2;41;41;41m▀[0m[38;2;16;16;16m[48;2;41;41;41m▀[0m[38;2;16;16;16m[48;2;65;65;82m▀[0m[38;2;98;98;115m[48;2;65;65;82m▀[0m[38;2;98;98;115m[48;2;98;98;115m▀[0m[38;2;98;98;115m[48;2;98;98;115m▀[0m[38;2;98;98;115m[48;2;98;98;115m▀[0m[38;2;98;98;115m[48;2;98;98;115m▀[0m[38;2;98;98;115m[48;2;98;98;115m▀[0m[38;2;98;98;115m[48;2;98;98;115m▀[0m[38;2;98;98;115m[48;2;65;65;82m▀[0m[38;2;98;98;115m[48;2;41;41;41m▀[0m[38;2;98;98;115m[48;2;41;41;41m▀[0m[38;2;98;98;115m[48;2;41;41;41m▀[0m[38;2;16;16;16m[48;2;65;65;82m▀[0m[38;2;148;49;65m[48;2;16;16;16m▀[0m[38;2;148;49;65m[48;2;148;49;65m▀[0m[38;2;197;49;49m[48;2;148;49;65m▀[0m[38;2;197;49;49m[48;2;148;49;65m▀[0m[38;2;197;49;49m[48;2;197;49;49m▀[0m[38;2;197;49;49m[48;2;197;49;49m▀[0m[38;2;197;49;49m[48;2;197;49;49m▀[0m[38;2;197;49;49m[48;2;197;49;49m▀[0m[38;2;197;49;49m[48;2;148;49;65m▀[0m[38;2;197;49;49m[48;2;148;49;65m▀[0m[38;2;148;49;65m[48;2;148;49;65m▀[0m[38;2;16;16;16m[48;2;16;16;16m▀[0m             
             [38;2;16;16;16m▀[0m[38;2;106;24;24m▀[0m[38;2;148;49;65m[48;2;16;16;16m▀[0m[38;2;148;49;65m[48;2;106;24;24m▀[0m[38;2;148;49;65m[48;2;148;49;65m▀[0m[38;2;148;49;65m[48;2;148;49;65m▀[0m[38;2;148;49;65m[48;2;148;49;65m▀[0m[38;2;148;49;65m[48;2;148;49;65m▀[0m[38;2;16;16;16m[48;2;16;16;16m▀[0m  [38;2;41;41;41m[48;2;41;41;41m▀[0m[38;2;98;98;115m[48;2;98;98;115m▀[0m[38;2;98;98;115m[48;2;98;98;115m▀[0m[38;2;65;65;82m[48;2;98;98;115m▀[0m[38;2;41;41;41m[48;2;98;98;115m▀[0m[38;2;41;41;41m[48;2;98;98;115m▀[0m[38;2;41;41;41m[48;2;98;98;115m▀[0m[38;2;41;41;41m[48;2;98;98;115m▀[0m[38;2;41;41;41m[48;2;65;65;82m▀[0m[38;2;41;41;41m[48;2;65;65;82m▀[0m[38;2;41;41;41m[48;2;65;65;82m▀[0m[38;2;65;65;82m[48;2;65;65;82m▀[0m[38;2;65;65;82m[48;2;65;65;82m▀[0m[38;2;65;65;82m[48;2;65;65;82m▀[0m[38;2;65;65;82m[48;2;65;65;82m▀[0m[38;2;65;65;82m[48;2;65;65;82m▀[0m[38;2;65;65;82m[48;2;65;65;82m▀[0m[38;2;16;16;16m[48;2;65;65;82m▀[0m[38;2;148;49;65m[48;2;16;16;16m▀[0m[38;2;148;49;65m[48;2;148;49;65m▀[0m[38;2;148;49;65m[48;2;148;49;65m▀[0m[38;2;148;49;65m[48;2;148;49;65m▀[0m[38;2;148;49;65m[48;2;148;49;65m▀[0m[38;2;148;49;65m[48;2;148;49;65m▀[0m[38;2;148;49;65m[48;2;148;49;65m▀[0m[38;2;148;49;65m[48;2;16;16;16m▀[0m[38;2;16;16;16m▀[0m              
                 [38;2;16;16;16m▀[0m[38;2;148;49;65m[48;2;16;16;16m▀[0m[38;2;148;49;65m[48;2;65;65;82m▀[0m[38;2;65;65;82m[48;2;65;65;82m▀[0m[38;2;16;16;16m[48;2;16;16;16m▀[0m [38;2;41;41;41m▄[0m[38;2;41;41;41m[48;2;98;98;115m▀[0m[38;2;98;98;115m[48;2;98;98;115m▀[0m[38;2;98;98;115m[48;2;98;98;115m▀[0m[38;2;98;98;115m[48;2;98;98;115m▀[0m[38;2;98;98;115m[48;2;98;98;115m▀[0m[38;2;98;98;115m[48;2;98;98;115m▀[0m[38;2;98;98;115m[48;2;98;98;115m▀[0m[38;2;98;98;115m[48;2;98;98;115m▀[0m[38;2;65;65;82m[48;2;65;65;82m▀[0m[38;2;65;65;82m[48;2;65;65;82m▀[0m[38;2;65;65;82m[48;2;65;65;82m▀[0m[38;2;65;65;82m[48;2;65;65;82m▀[0m[38;2;65;65;82m[48;2;65;65;82m▀[0m[38;2;65;65;82m[48;2;65;65;82m▀[0m[38;2;65;65;82m[48;2;65;65;82m▀[0m[38;2;65;65;82m[48;2;65;65;82m▀[0m[38;2;65;65;82m[48;2;65;65;82m▀[0m[38;2;65;65;82m[48;2;65;65;82m▀[0m[38;2;16;16;16m[48;2;65;65;82m▀[0m[38;2;148;49;65m[48;2;16;16;16m▀[0m[38;2;148;49;65m[48;2;148;49;65m▀[0m[38;2;148;49;65m[48;2;148;49;65m▀[0m[38;2;148;49;65m[48;2;148;49;65m▀[0m[38;2;148;49;65m[48;2;16;16;16m▀[0m[38;2;16;16;16m▀[0m                
                   [38;2;16;16;16m[48;2;16;16;16m▀[0m[38;2;65;65;82m[48;2;65;65;82m▀[0m[38;2;65;65;82m[48;2;123;123;123m▀[0m[38;2;16;16;16m[48;2;222;222;222m▀[0m[38;2;41;41;41m[48;2;41;41;41m▀[0m[38;2;98;98;115m[48;2;98;98;115m▀[0m[38;2;98;98;115m[48;2;65;65;82m▀[0m[38;2;98;98;115m[48;2;98;98;115m▀[0m[38;2;98;98;115m[48;2;98;98;115m▀[0m[38;2;98;98;115m[48;2;98;98;115m▀[0m[38;2;98;98;115m[48;2;98;98;115m▀[0m[38;2;98;98;115m[48;2;98;98;115m▀[0m[38;2;98;98;115m[48;2;98;98;115m▀[0m[38;2;65;65;82m[48;2;65;65;82m▀[0m[38;2;65;65;82m[48;2;65;65;82m▀[0m[38;2;65;65;82m[48;2;65;65;82m▀[0m[38;2;65;65;82m[48;2;65;65;82m▀[0m[38;2;65;65;82m[48;2;65;65;82m▀[0m[38;2;65;65;82m[48;2;65;65;82m▀[0m[38;2;65;65;82m[48;2;65;65;82m▀[0m[38;2;65;65;82m[48;2;65;65;82m▀[0m[38;2;65;65;82m[48;2;65;65;82m▀[0m[38;2;65;65;82m[48;2;65;65;82m▀[0m[38;2;65;65;82m[48;2;65;65;82m▀[0m[38;2;16;16;16m[48;2;16;16;16m▀[0m[38;2;65;65;82m[48;2;65;65;82m▀[0m[38;2;148;49;65m[48;2;65;65;82m▀[0m[38;2;16;16;16m[48;2;16;16;16m▀[0m                  
                [38;2;65;65;82m▄[0m[38;2;65;65;82m▄[0m[38;2;16;16;16m[48;2;123;123;123m▀[0m[38;2;123;123;123m[48;2;222;222;222m▀[0m[38;2;222;222;222m[48;2;222;222;222m▀[0m[38;2;222;222;222m[48;2;222;222;222m▀[0m[38;2;222;222;222m[48;2;123;123;123m▀[0m[38;2;41;41;41m[48;2;41;41;41m▀[0m[38;2;98;98;115m[48;2;65;65;82m▀[0m[38;2;65;65;82m[48;2;98;98;115m▀[0m[38;2;98;98;115m[48;2;98;98;115m▀[0m[38;2;65;65;82m[48;2;65;65;82m▀[0m[38;2;98;98;115m[48;2;98;98;115m▀[0m[38;2;98;98;115m[48;2;98;98;115m▀[0m[38;2;98;98;115m[48;2;98;98;115m▀[0m[38;2;65;65;82m[48;2;65;65;82m▀[0m[38;2;65;65;82m[48;2;65;65;82m▀[0m[38;2;65;65;82m[48;2;65;65;82m▀[0m[38;2;65;65;82m[48;2;65;65;82m▀[0m[38;2;41;41;41m[48;2;41;41;41m▀[0m[38;2;65;65;82m[48;2;98;98;115m▀[0m[38;2;65;65;82m[48;2;65;65;82m▀[0m[38;2;65;65;82m[48;2;65;65;82m▀[0m[38;2;65;65;82m[48;2;65;65;82m▀[0m[38;2;65;65;82m[48;2;65;65;82m▀[0m[38;2;65;65;82m[48;2;65;65;82m▀[0m[38;2;65;65;82m[48;2;16;16;16m▀[0m[38;2;16;16;16m[48;2;172;164;180m▀[0m[38;2;65;65;82m[48;2;123;123;123m▀[0m[38;2;65;65;82m[48;2;65;65;82m▀[0m[38;2;65;65;82m[48;2;123;123;123m▀[0m[38;2;16;16;16m[48;2;65;65;82m▀[0m                 
             [38;2;65;65;82m▄[0m[38;2;65;65;82m[48;2;222;222;222m▀[0m[38;2;65;65;82m[48;2;222;222;222m▀[0m[38;2;222;222;222m[48;2;65;65;82m▀[0m[38;2;123;123;123m[48;2;172;164;180m▀[0m[38;2;172;164;180m[48;2;222;222;222m▀[0m[38;2;222;222;222m[48;2;222;222;222m▀[0m[38;2;222;222;222m[48;2;65;65;82m▀[0m[38;2;222;222;222m[48;2;16;16;16m▀[0m[38;2;16;16;16m▀[0m [38;2;41;41;41m[48;2;41;41;41m▀[0m[38;2;98;98;115m[48;2;65;65;82m▀[0m[38;2;98;98;115m[48;2;98;98;115m▀[0m[38;2;98;98;115m[48;2;98;98;115m▀[0m[38;2;65;65;82m[48;2;65;65;82m▀[0m[38;2;98;98;115m[48;2;98;98;115m▀[0m[38;2;98;98;115m[48;2;98;98;115m▀[0m[38;2;65;65;82m[48;2;65;65;82m▀[0m[38;2;65;65;82m[48;2;65;65;82m▀[0m[38;2;65;65;82m[48;2;65;65;82m▀[0m[38;2;41;41;41m[48;2;41;41;41m▀[0m[38;2;98;98;115m[48;2;98;98;115m▀[0m[38;2;98;98;115m[48;2;98;98;115m▀[0m[38;2;65;65;82m[48;2;65;65;82m▀[0m[38;2;65;65;82m[48;2;65;65;82m▀[0m[38;2;65;65;82m[48;2;65;65;82m▀[0m[38;2;65;65;82m[48;2;65;65;82m▀[0m[38;2;65;65;82m[48;2;65;65;82m▀[0m[38;2;16;16;16m[48;2;16;16;16m▀[0m[38;2;172;164;180m[48;2;172;164;180m▀[0m[38;2;222;222;222m[48;2;222;222;222m▀[0m[38;2;123;123;123m[48;2;222;222;222m▀[0m[38;2;172;164;180m[48;2;98;98;115m▀[0m[38;2;222;222;222m[48;2;172;164;180m▀[0m[38;2;65;65;82m[48;2;222;222;222m▀[0m[38;2;65;65;82m▄[0m               
             [38;2;65;65;82m▀[0m[38;2;16;16;16m▀[0m[38;2;65;65;82m[48;2;16;16;16m▀[0m[38;2;222;222;222m[48;2;16;16;16m▀[0m[38;2;222;222;222m[48;2;16;16;16m▀[0m[38;2;65;65;82m▀[0m[38;2;16;16;16m▀[0m     [38;2;16;16;16m▀[0m[38;2;41;41;41m▀[0m[38;2;65;65;82m[48;2;16;16;16m▀[0m[38;2;98;98;115m[48;2;16;16;16m▀[0m[38;2;65;65;82m[48;2;41;41;41m▀[0m[38;2;98;98;115m[48;2;16;16;16m▀[0m[38;2;65;65;82m[48;2;16;16;16m▀[0m[38;2;65;65;82m[48;2;41;41;41m▀[0m[38;2;41;41;41m[48;2;16;16;16m▀[0m[38;2;65;65;82m[48;2;16;16;16m▀[0m[38;2;98;98;115m[48;2;16;16;16m▀[0m[38;2;65;65;82m[48;2;16;16;16m▀[0m[38;2;65;65;82m[48;2;16;16;16m▀[0m[38;2;16;16;16m▀[0m[38;2;16;16;16m▀[0m[38;2;16;16;16m▀[0m[38;2;16;16;16m▀[0m [38;2;16;16;16m▀[0m[38;2;222;222;222m[48;2;16;16;16m▀[0m[38;2;222;222;222m[48;2;65;65;82m▀[0m[38;2;222;222;222m[48;2;222;222;222m▀[0m[38;2;98;98;115m[48;2;16;16;16m▀[0m[38;2;172;164;180m[48;2;98;98;115m▀[0m[38;2;222;222;222m[48;2;222;222;222m▀[0m[38;2;65;65;82m[48;2;65;65;82m▀[0m              
                                             [38;2;65;65;82m▀[0m[38;2;16;16;16m▀[0m[38;2;16;16;16m▀[0m [38;2;16;16;16m▀[0m[38;2;16;16;16m▀[0m              
[0m