                        [38;2;13;13;13m▄[0m[38;2;11;11;11m▄[0m[38;2;10;10;10m[48;2;23;23;23m▀[0m[38;2;12;12;12m[48;2;24;24;24m▀[0m[38;2;10;10;10m[48;2;23;23;23m▀[0m[38;2;0;0;0m[48;2;20;20;20m▀[0m[38;2;8;8;8m▄[0m[38;2;0;0;0m▄[0m                                                
                        [38;2;9;9;9m[48;2;8;8;8m▀[0m[38;2;13;13;13m[48;2;15;15;15m▀[0m[38;2;35;35;35m[48;2;41;41;41m▀[0m[38;2;51;51;51m[48;2;66;66;66m▀[0m[38;2;44;44;44m[48;2;54;54;54m▀[0m[38;2;20;20;20m[48;2;22;22;22m▀[0m[38;2;10;10;10m[48;2;9;9;9m▀[0m[38;2;13;13;13m[48;2;9;9;9m▀[0m                                                
                        [38;2;9;9;9m[48;2;9;9;9m▀[0m[38;2;14;14;14m[48;2;14;14;14m▀[0m[38;2;40;40;40m[48;2;39;39;39m▀[0m[38;2;64;64;64m[48;2;63;63;63m▀[0m[38;2;52;52;52m[48;2;51;51;51m▀[0m[38;2;22;22;22m[48;2;20;20;20m▀[0m[38;2;10;10;10m[48;2;9;9;9m▀[0m[38;2;9;9;9m[48;2;11;11;11m▀[0m                                                
                        [38;2;9;9;9m[48;2;9;9;9m▀[0m[38;2;14;14;14m[48;2;13;13;13m▀[0m[38;2;39;39;39m[48;2;38;38;38m▀[0m[38;2;63;63;63m[48;2;63;63;63m▀[0m[38;2;50;50;50m[48;2;53;53;53m▀[0m[38;2;18;18;18m[48;2;27;27;27m▀[0m[38;2;6;6;6m[48;2;17;17;17m▀[0m[38;2;0;0;0m[48;2;18;18;18m▀[0m[38;2;11;11;11m▄[0m[38;2;0;0;0m▄[0m                                              
                      [38;2;0;0;0m▄[0m[38;2;9;9;9m▄[0m[38;2;2;2;2m[48;2;14;14;14m▀[0m[38;2;10;10;10m[48;2;19;19;19m▀[0m[38;2;35;35;35m[48;2;39;39;39m▀[0m[38;2;61;61;61m[48;2;61;61;61m▀[0m[38;2;65;65;65m[48;2;71;71;71m▀[0m[38;2;53;53;53m[48;2;69;69;69m▀[0m[38;2;40;40;40m[48;2;50;50;50m▀[0m[38;2;21;21;21m[48;2;23;23;23m▀[0m[38;2;12;12;12m[48;2;10;10;10m▀[0m[38;2;11;11;11m[48;2;7;7;7m▀[0m                                              
                    [38;2;0;0;0m▄[0m[38;2;11;11;11m▄[0m[38;2;3;3;3m[48;2;15;15;15m▀[0m[38;2;10;10;10m[48;2;19;19;20m▀[0m[38;2;30;30;30m[48;2;41;41;42m▀[0m[38;2;46;46;46m[48;2;63;63;64m▀[0m[38;2;57;57;57m[48;2;67;67;68m▀[0m[38;2;63;63;63m[48;2;63;63;64m▀[0m[38;2;68;68;68m[48;2;65;65;65m▀[0m[38;2;68;68;68m[48;2;65;65;66m▀[0m[38;2;50;50;50m[48;2;47;48;48m▀[0m[38;2;23;23;23m[48;2;22;22;22m▀[0m[38;2;11;11;11m[48;2;11;11;11m▀[0m[38;2;7;7;7m[48;2;8;8;8m▀[0m                                              
                   [38;2;0;0;0m▀[0m[38;2;12;12;9m[48;2;7;7;9m▀[0m[38;2;15;15;15m[48;2;15;15;15m▀[0m[38;2;28;28;31m[48;2;43;43;41m▀[0m[38;2;39;40;44m[48;2;73;72;68m▀[0m[38;2;47;48;54m[48;2;79;78;73m▀[0m[38;2;53;54;60m[48;2;77;76;70m▀[0m[38;2;53;54;60m[48;2;78;76;70m▀[0m[38;2;51;52;58m[48;2;77;76;70m▀[0m[38;2;54;55;61m[48;2;78;77;71m▀[0m[38;2;57;58;62m[48;2;75;74;69m▀[0m[38;2;43;43;46m[48;2;53;52;50m▀[0m[38;2;21;21;22m[48;2;23;23;22m▀[0m[38;2;13;13;11m[48;2;10;10;11m▀[0m[38;2;8;8;8m[48;2;8;8;8m▀[0m                                              
                  [38;2;0;0;0m▄[0m[38;2;15;15;15m▄[0m[38;2;0;0;0m[48;2;9;9;9m▀[0m[38;2;3;4;9m[48;2;23;22;20m▀[0m[38;2;63;59;47m[48;2;98;92;62m▀[0m[38;2;130;123;88m[48;2;182;169;108m▀[0m[38;2;160;152;107m[48;2;224;210;133m▀[0m[38;2;174;164;114m[48;2;247;230;147m▀[0m[38;2;181;170;118m[48;2;255;239;153m▀[0m[38;2;178;168;116m[48;2;252;235;150m▀[0m[38;2;164;155;108m[48;2;234;218;139m▀[0m[38;2;140;133;93m[48;2;200;187;118m▀[0m[38;2;90;85;62m[48;2;126;118;77m▀[0m[38;2;28;27;24m[48;2;34;32;26m▀[0m[38;2;4;4;8m[48;2;0;0;5m▀[0m[38;2;0;0;8m[48;2;0;0;8m▀[0m                                              
                 [38;2;0;0;0m[48;2;0;0;0m▀[0m[38;2;0;0;3m[48;2;0;0;3m▀[0m[38;2;16;16;16m[48;2;17;17;16m▀[0m[38;2;66;62;43m[48;2;97;92;62m▀[0m[38;2;108;101;67m[48;2;185;172;110m▀[0m[38;2;167;155;101m[48;2;225;209;134m▀[0m[38;2;220;205;130m[48;2;243;227;145m▀[0m[38;2;242;226;144m[48;2;247;231;148m▀[0m[38;2;250;233;149m[48;2;242;226;145m▀[0m[38;2;254;237;151m[48;2;242;226;145m▀[0m[38;2;252;235;150m[48;2;242;226;145m▀[0m[38;2;255;240;152m[48;2;250;233;149m▀[0m[38;2;249;233;147m[48;2;245;229;147m▀[0m[38;2;163;153;99m[48;2;162;153;100m▀[0m[38;2;40;38;31m[48;2;39;38;30m▀[0m[38;2;0;0;4m[48;2;0;0;3m▀[0m[38;2;0;0;0m[48;2;0;0;0m▀[0m                                              
                 [38;2;0;0;0m[48;2;0;0;0m▀[0m[38;2;0;0;0m[48;2;1;1;1m▀[0m[38;2;12;12;14m[48;2;20;19;17m▀[0m[38;2;115;108;73m[48;2;130;122;82m▀[0m[38;2;222;207;133m[48;2;241;225;145m▀[0m[38;2;247;232;148m[48;2;255;241;154m▀[0m[38;2;245;229;147m[48;2;242;226;145m▀[0m[38;2;245;229;147m[48;2;242;226;145m▀[0m[38;2;242;226;145m[48;2;242;226;145m▀[0m[38;2;248;232;149m[48;2;254;237;152m▀[0m[38;2;247;230;148m[48;2;251;234;150m▀[0m[38;2;200;187;121m[48;2;157;147;97m▀[0m[38;2;130;122;82m[48;2;30;28;24m▀[0m[38;2;90;84;55m[48;2;0;0;0m▀[0m[38;2;35;33;27m[48;2;0;0;0m▀[0m[38;2;0;0;3m▀[0m[38;2;0;0;0m▀[0m                                              
                 [38;2;63;63;63m[48;2;127;127;63m▀[0m[38;2;46;44;26m[48;2;86;80;49m▀[0m[38;2;64;61;41m[48;2;104;97;62m▀[0m[38;2;157;147;96m[48;2;178;166;106m▀[0m[38;2;244;228;146m[48;2;241;225;144m▀[0m[38;2;255;239;154m[48;2;251;235;151m▀[0m[38;2;242;226;145m[48;2;242;226;145m▀[0m[38;2;242;226;145m[48;2;242;226;145m▀[0m[38;2;242;226;145m[48;2;242;226;145m▀[0m[38;2;255;238;152m[48;2;254;237;152m▀[0m[38;2;252;234;150m[48;2;251;234;150m▀[0m[38;2;154;144;95m[48;2;159;149;98m▀[0m[38;2;23;21;20m[48;2;35;33;27m▀[0m[38;2;0;0;0m[48;2;0;0;1m▀[0m[38;2;0;0;0m[48;2;0;0;0m▀[0m                                                
                [38;2;0;0;0m▄[0m[38;2;153;153;51m▄[0m[38;2;77;71;44m[48;2;85;79;49m▀[0m[38;2;99;92;58m[48;2;104;97;61m▀[0m[38;2;175;163;105m[48;2;177;165;106m▀[0m[38;2;241;225;144m[48;2;241;225;144m▀[0m[38;2;251;235;151m[48;2;251;235;151m▀[0m[38;2;242;226;145m[48;2;242;226;145m▀[0m[38;2;242;226;145m[48;2;242;226;145m▀[0m[38;2;242;226;145m[48;2;242;226;145m▀[0m[38;2;254;237;152m[48;2;254;237;152m▀[0m[38;2;251;234;150m[48;2;251;234;150m▀[0m[38;2;159;149;98m[48;2;159;149;98m▀[0m[38;2;35;33;27m[48;2;35;33;27m▀[0m[38;2;0;0;1m[48;2;0;0;1m▀[0m[38;2;0;0;0m[48;2;0;0;0m▀[0m                                                
               [38;2;127;127;63m[48;2;95;95;63m▀[0m[38;2;86;79;50m[48;2;85;80;51m▀[0m[38;2;105;100;62m[48;2;105;98;63m▀[0m[38;2;148;138;89m[48;2;180;168;109m▀[0m[38;2;173;161;103m[48;2;241;225;145m▀[0m[38;2;214;200;128m[48;2;251;234;150m▀[0m[38;2;242;226;145m[48;2;242;226;145m▀[0m[38;2;247;231;148m[48;2;242;226;145m▀[0m[38;2;242;226;145m[48;2;242;226;145m▀[0m[38;2;242;226;145m[48;2;242;226;145m▀[0m[38;2;242;226;145m[48;2;242;226;145m▀[0m[38;2;255;238;152m[48;2;254;237;152m▀[0m[38;2;252;235;150m[48;2;251;234;150m▀[0m[38;2;153;144;95m[48;2;159;149;98m▀[0m[38;2;21;20;19m[48;2;34;32;26m▀[0m[38;2;0;0;0m[48;2;0;0;0m▀[0m[38;2;0;0;0m[48;2;0;0;0m▀[0m                                                
               [38;2;85;85;56m[48;2;95;95;63m▀[0m[38;2;85;79;51m[48;2;85;79;50m▀[0m[38;2;113;105;67m[48;2;106;99;63m▀[0m[38;2;190;177;114m[48;2;181;169;109m▀[0m[38;2;251;234;150m[48;2;242;226;145m▀[0m[38;2;255;238;153m[48;2;251;234;150m▀[0m[38;2;242;226;145m[48;2;242;226;145m▀[0m[38;2;241;225;145m[48;2;242;226;145m▀[0m[38;2;242;226;145m[48;2;242;226;145m▀[0m[38;2;242;226;145m[48;2;242;226;145m▀[0m[38;2;242;226;145m[48;2;242;226;145m▀[0m[38;2;248;232;149m[48;2;242;226;145m▀[0m[38;2;247;230;148m[48;2;242;226;145m▀[0m[38;2;205;192;124m[48;2;252;235;150m▀[0m[38;2;142;133;88m[48;2;249;233;149m▀[0m[38;2;99;93;61m[48;2;164;154;101m▀[0m[38;2;36;34;26m[48;2;38;37;30m▀[0m[38;2;0;0;3m[48;2;0;0;2m▀[0m[38;2;0;0;0m[48;2;0;0;0m▀[0m                                              
               [38;2;95;95;63m[48;2;95;95;63m▀[0m[38;2;85;79;50m[48;2;85;79;50m▀[0m[38;2;106;99;63m[48;2;106;99;63m▀[0m[38;2;183;171;110m[48;2;182;170;110m▀[0m[38;2;246;229;147m[48;2;243;227;146m▀[0m[38;2;253;236;151m[48;2;252;235;150m▀[0m[38;2;242;226;145m[48;2;242;226;145m▀[0m[38;2;242;226;145m[48;2;242;226;145m▀[0m[38;2;242;226;145m[48;2;242;226;145m▀[0m[38;2;242;226;145m[48;2;242;226;145m▀[0m[38;2;242;226;145m[48;2;242;226;145m▀[0m[38;2;244;228;146m[48;2;245;229;147m▀[0m[38;2;246;229;147m[48;2;245;229;147m▀[0m[38;2;252;235;150m[48;2;229;214;137m▀[0m[38;2;244;229;146m[48;2;195;183;116m▀[0m[38;2;158;148;97m[48;2;122;114;75m▀[0m[38;2;35;34;28m[48;2;32;30;25m▀[0m[38;2;0;0;0m[48;2;0;0;4m▀[0m[38;2;0;0;0m[48;2;0;0;0m▀[0m                                              
               [38;2;95;95;63m[48;2;95;95;63m▀[0m[38;2;88;83;52m[48;2;92;86;56m▀[0m[38;2;106;99;63m[48;2;105;98;63m▀[0m[38;2;165;155;99m[48;2;146;136;87m▀[0m[38;2;215;201;129m[48;2;182;170;109m▀[0m[38;2;236;220;141m[48;2;217;202;130m▀[0m[38;2;242;226;145m[48;2;241;225;145m▀[0m[38;2;244;228;146m[48;2;246;230;148m▀[0m[38;2;242;226;145m[48;2;242;226;145m▀[0m[38;2;243;227;146m[48;2;245;229;147m▀[0m[38;2;243;227;145m[48;2;244;228;146m▀[0m[38;2;234;218;140m[48;2;221;206;132m▀[0m[38;2;217;202;129m[48;2;187;174;111m▀[0m[38;2;185;173;110m[48;2;146;136;87m▀[0m[38;2;144;135;86m[48;2;107;99;64m▀[0m[38;2;99;92;61m[48;2;92;87;56m▀[0m[38;2;54;50;36m[48;2;94;87;57m▀[0m[38;2;43;40;29m[48;2;94;88;56m▀[0m[38;2;72;66;44m[48;2;96;90;58m▀[0m[38;2;85;77;49m[48;2;97;90;58m▀[0m[38;2;85;77;49m[48;2;97;90;58m▀[0m[38;2;85;77;49m[48;2;97;90;58m▀[0m[38;2;85;77;49m[48;2;97;90;58m▀[0m[38;2;87;80;51m[48;2;100;94;60m▀[0m[38;2;89;85;54m[48;2;104;98;62m▀[0m[38;2;85;78;48m[48;2;96;90;57m▀[0m[38;2;78;58;39m[48;2;100;90;58m▀[0m          [38;2;109;109;72m▄[0m[38;2;82;77;51m[48;2;98;90;58m▀[0m[38;2;87;80;51m[48;2;100;94;60m▀[0m[38;2;89;82;51m[48;2;103;96;61m▀[0m[38;2;85;77;49m[48;2;97;90;58m▀[0m[38;2;82;77;49m[48;2;97;90;58m▀[0m[38;2;85;77;49m[48;2;97;90;58m▀[0m[38;2;99;94;61m[48;2;105;99;63m▀[0m[38;2;101;94;61m[48;2;102;95;60m▀[0m[38;2;102;96;61m[48;2;100;96;61m▀[0m                  
               [38;2;95;95;63m[48;2;95;95;63m▀[0m[38;2;92;86;56m[48;2;92;86;56m▀[0m[38;2;105;98;63m[48;2;105;98;63m▀[0m[38;2;139;131;83m[48;2;142;134;85m▀[0m[38;2;171;160;102m[48;2;176;165;105m▀[0m[38;2;211;197;126m[48;2;213;200;128m▀[0m[38;2;241;225;145m[48;2;241;225;145m▀[0m[38;2;246;230;148m[48;2;246;230;148m▀[0m[38;2;242;226;145m[48;2;242;226;145m▀[0m[38;2;244;228;146m[48;2;242;226;145m▀[0m[38;2;243;227;146m[48;2;242;226;145m▀[0m[38;2;228;212;136m[48;2;241;225;144m▀[0m[38;2;204;190;122m[48;2;239;223;143m▀[0m[38;2;179;167;107m[48;2;236;221;141m▀[0m[38;2;156;145;93m[48;2;234;218;140m▀[0m[38;2;152;143;92m[48;2;233;218;140m▀[0m[38;2;162;151;97m[48;2;234;219;140m▀[0m[38;2;165;154;99m[48;2;234;219;140m▀[0m[38;2;165;154;99m[48;2;234;219;140m▀[0m[38;2;165;154;99m[48;2;234;219;140m▀[0m[38;2;165;154;99m[48;2;234;219;140m▀[0m[38;2;165;154;99m[48;2;234;219;140m▀[0m[38;2;165;154;99m[48;2;234;219;140m▀[0m[38;2;169;157;101m[48;2;238;222;142m▀[0m[38;2;174;163;104m[48;2;245;228;147m▀[0m[38;2;148;137;88m[48;2;207;193;123m▀[0m[38;2;114;105;69m[48;2;128;119;77m▀[0m[38;2;72;67;42m[48;2;87;80;51m▀[0m[38;2;77;72;47m[48;2;92;85;54m▀[0m[38;2;85;80;50m[48;2;96;90;58m▀[0m[38;2;90;85;55m[48;2;98;91;58m▀[0m[38;2;92;85;55m[48;2;98;92;59m▀[0m[38;2;87;80;52m[48;2;97;90;58m▀[0m[38;2;82;77;50m[48;2;96;89;57m▀[0m[38;2;82;77;50m[48;2;96;89;57m▀[0m[38;2;82;77;50m[48;2;95;89;56m▀[0m[38;2;72;67;42m[48;2;86;80;51m▀[0m[38;2;93;88;56m[48;2;104;98;62m▀[0m[38;2;140;131;83m[48;2;180;168;108m▀[0m[38;2;169;158;101m[48;2;238;223;143m▀[0m[38;2;173;160;103m[48;2;243;226;145m▀[0m[38;2;165;154;99m[48;2;234;219;140m▀[0m[38;2;169;158;101m[48;2;243;228;146m▀[0m[38;2;165;153;98m[48;2;233;218;139m▀[0m[38;2;137;128;82m[48;2;165;153;98m▀[0m[38;2;102;95;61m[48;2;97;90;58m▀[0m[38;2;89;84;53m[48;2;93;86;55m▀[0m[38;2;85;80;51m[48;2;97;90;58m▀[0m[38;2;91;86;56m[48;2;100;92;59m▀[0m                
                [38;2;78;75;48m[48;2;76;71;45m▀[0m[38;2;99;92;59m[48;2;100;93;59m▀[0m[38;2;159;149;95m[48;2;179;167;107m▀[0m[38;2;211;197;125m[48;2;245;229;146m▀[0m[38;2;238;222;141m[48;2;255;240;153m▀[0m[38;2;250;233;149m[48;2;250;233;149m▀[0m[38;2;249;233;149m[48;2;247;230;147m▀[0m[38;2;242;226;145m[48;2;242;226;145m▀[0m[38;2;241;225;145m[48;2;241;225;145m▀[0m[38;2;242;226;145m[48;2;242;226;145m▀[0m[38;2;244;227;146m[48;2;242;226;145m▀[0m[38;2;246;230;147m[48;2;242;226;145m▀[0m[38;2;249;232;149m[48;2;243;227;145m▀[0m[38;2;252;235;151m[48;2;243;227;145m▀[0m[38;2;253;236;151m[48;2;243;227;145m▀[0m[38;2;252;236;151m[48;2;243;227;145m▀[0m[38;2;252;235;151m[48;2;243;227;145m▀[0m[38;2;252;235;151m[48;2;243;227;145m▀[0m[38;2;252;235;151m[48;2;243;227;145m▀[0m[38;2;252;235;151m[48;2;243;227;145m▀[0m[38;2;252;235;151m[48;2;243;227;145m▀[0m[38;2;252;235;151m[48;2;243;227;145m▀[0m[38;2;255;237;152m[48;2;243;227;146m▀[0m[38;2;255;241;155m[48;2;244;227;146m▀[0m[38;2;234;219;140m[48;2;241;225;144m▀[0m[38;2;182;170;109m[48;2;235;219;141m▀[0m[38;2;156;145;93m[48;2;233;217;140m▀[0m[38;2;161;150;96m[48;2;237;220;142m▀[0m[38;2;157;147;94m[48;2;223;207;133m▀[0m[38;2;140;131;84m[48;2;184;171;110m▀[0m[38;2;137;128;82m[48;2;175;164;104m▀[0m[38;2;155;145;93m[48;2;213;199;128m▀[0m[38;2;166;155;99m[48;2;238;222;143m▀[0m[38;2;164;153;98m[48;2;236;221;142m▀[0m[38;2;161;150;96m[48;2;232;217;139m▀[0m[38;2;155;144;92m[48;2;231;216;139m▀[0m[38;2;167;156;100m[48;2;233;217;140m▀[0m[38;2;216;202;129m[48;2;239;223;143m▀[0m[38;2;255;238;153m[48;2;243;227;146m▀[0m[38;2;255;240;154m[48;2;243;227;146m▀[0m[38;2;252;235;151m[48;2;243;227;145m▀[0m[38;2;255;242;155m[48;2;243;227;146m▀[0m[38;2;251;235;150m[48;2;243;227;145m▀[0m[38;2;202;188;121m[48;2;237;221;142m▀[0m[38;2;154;144;92m[48;2;232;216;139m▀[0m[38;2;161;151;96m[48;2;244;229;147m▀[0m[38;2;163;153;98m[48;2;235;220;141m▀[0m[38;2;114;106;70m[48;2;134;125;83m▀[0m[38;2;0;2;7m[48;2;12;12;13m▀[0m[38;2;0;0;0m[48;2;0;0;3m▀[0m[38;2;8;8;8m[48;2;12;12;12m▀[0m[38;2;14;14;9m[48;2;14;14;14m▀[0m[38;2;0;0;0m▄[0m           
              [38;2;59;54;37m[48;2;74;68;45m▀[0m[38;2;92;86;54m[48;2;101;95;60m▀[0m[38;2;140;132;84m[48;2;192;180;114m▀[0m[38;2;159;149;95m[48;2;236;220;142m▀[0m[38;2;176;165;111m[48;2;160;152;110m▀[0m[38;2;179;169;118m[48;2;74;73;69m▀[0m[38;2;176;166;117m[48;2;56;57;61m▀[0m[38;2;177;168;116m[48;2;76;76;71m▀[0m[38;2;211;198;132m[48;2;157;150;107m▀[0m[38;2;247;230;148m[48;2;245;229;147m▀[0m[38;2;250;234;149m[48;2;255;240;153m▀[0m[38;2;242;226;145m[48;2;242;226;145m▀[0m[38;2;242;226;145m[48;2;242;226;145m▀[0m[38;2;242;226;145m[48;2;242;226;145m▀[0m[38;2;242;226;145m[48;2;242;226;145m▀[0m[38;2;242;226;145m[48;2;242;226;145m▀[0m[38;2;242;226;145m[48;2;242;226;145m▀[0m[38;2;242;226;145m[48;2;242;226;145m▀[0m[38;2;242;226;145m[48;2;242;226;145m▀[0m[38;2;242;226;145m[48;2;242;226;145m▀[0m[38;2;242;226;145m[48;2;242;226;145m▀[0m[38;2;242;226;145m[48;2;242;226;145m▀[0m[38;2;242;226;145m[48;2;242;226;145m▀[0m[38;2;242;226;145m[48;2;242;226;145m▀[0m[38;2;242;226;145m[48;2;242;226;145m▀[0m[38;2;241;225;145m[48;2;242;226;145m▀[0m[38;2;244;228;146m[48;2;242;226;145m▀[0m[38;2;250;233;150m[48;2;243;227;145m▀[0m[38;2;254;237;152m[48;2;243;227;146m▀[0m[38;2;255;239;154m[48;2;244;227;146m▀[0m[38;2;245;229;147m[48;2;243;227;146m▀[0m[38;2;218;203;131m[48;2;243;226;146m▀[0m[38;2;206;193;123m[48;2;230;214;137m▀[0m[38;2;217;203;130m[48;2;195;182;117m▀[0m[38;2;231;216;138m[48;2;186;174;111m▀[0m[38;2;245;229;147m[48;2;220;206;132m▀[0m[38;2;253;237;152m[48;2;246;230;148m▀[0m[38;2;254;237;152m[48;2;246;230;148m▀[0m[38;2;252;235;151m[48;2;243;227;146m▀[0m[38;2;246;230;147m[48;2;242;226;145m▀[0m[38;2;242;226;145m[48;2;242;226;145m▀[0m[38;2;241;225;145m[48;2;242;226;145m▀[0m[38;2;242;226;145m[48;2;242;226;145m▀[0m[38;2;243;227;145m[48;2;244;228;146m▀[0m[38;2;245;229;147m[48;2;245;229;147m▀[0m[38;2;250;234;150m[48;2;246;230;147m▀[0m[38;2;255;238;153m[48;2;246;230;148m▀[0m[38;2;255;248;159m[48;2;248;231;148m▀[0m[38;2;255;240;154m[48;2;246;230;148m▀[0m[38;2;189;176;115m[48;2;246;229;147m▀[0m[38;2;105;99;67m[48;2;229;214;138m▀[0m[38;2;62;59;47m[48;2;158;148;106m▀[0m[38;2;38;38;36m[48;2;70;69;65m▀[0m[38;2;22;22;26m[48;2;32;33;38m▀[0m[38;2;12;12;15m[48;2;16;16;17m▀[0m[38;2;4;4;4m[48;2;6;6;6m▀[0m[38;2;0;0;0m▄[0m         
           [38;2;0;0;0m▄[0m[38;2;59;59;37m[48;2;75;69;45m▀[0m[38;2;97;88;58m[48;2;104;96;63m▀[0m[38;2;131;122;78m[48;2;187;174;112m▀[0m[38;2;160;149;95m[48;2;228;213;136m▀[0m[38;2;198;185;118m[48;2;172;160;103m▀[0m[38;2;206;192;124m[48;2;118;109;71m▀[0m[38;2;152;143;101m[48;2;144;134;87m▀[0m[38;2;92;89;74m[48;2;171;160;104m▀[0m[38;2;63;62;59m[48;2;136;127;84m▀[0m[38;2;62;62;56m[48;2;97;91;60m▀[0m[38;2;121;115;82m[48;2;95;89;58m▀[0m[38;2;194;181;115m[48;2;116;108;68m▀[0m[38;2;226;211;134m[48;2;173;161;103m▀[0m[38;2;240;224;144m[48;2;237;222;142m▀[0m[38;2;245;229;147m[48;2;251;234;150m▀[0m[38;2;242;226;145m[48;2;243;227;145m▀[0m[38;2;242;226;145m[48;2;242;226;145m▀[0m[38;2;242;226;145m[48;2;242;226;145m▀[0m[38;2;242;226;145m[48;2;242;226;145m▀[0m[38;2;242;226;145m[48;2;242;226;145m▀[0m[38;2;242;226;145m[48;2;242;226;145m▀[0m[38;2;242;226;145m[48;2;242;226;145m▀[0m[38;2;242;226;145m[48;2;242;226;145m▀[0m[38;2;242;226;145m[48;2;241;225;145m▀[0m[38;2;244;228;146m[48;2;244;228;146m▀[0m[38;2;248;231;148m[48;2;250;233;149m▀[0m[38;2;250;233;149m[48;2;253;236;150m▀[0m[38;2;250;233;149m[48;2;253;236;150m▀[0m[38;2;248;231;148m[48;2;250;233;149m▀[0m[38;2;244;227;146m[48;2;244;228;146m▀[0m[38;2;241;225;145m[48;2;241;225;145m▀[0m[38;2;241;225;145m[48;2;242;226;145m▀[0m[38;2;243;227;146m[48;2;242;226;145m▀[0m[38;2;249;232;149m[48;2;243;227;146m▀[0m[38;2;240;224;144m[48;2;242;226;145m▀[0m[38;2;208;194;124m[48;2;237;221;142m▀[0m[38;2;197;184;118m[48;2;235;219;141m▀[0m[38;2;224;209;134m[48;2;239;223;143m▀[0m[38;2;244;228;147m[48;2;243;227;145m▀[0m[38;2;246;230;147m[48;2;245;228;147m▀[0m[38;2;245;229;147m[48;2;246;229;147m▀[0m[38;2;245;229;147m[48;2;246;229;147m▀[0m[38;2;245;228;147m[48;2;245;229;147m▀[0m[38;2;246;230;148m[48;2;249;233;150m▀[0m[38;2;244;228;146m[48;2;244;228;146m▀[0m[38;2;232;217;139m[48;2;213;199;128m▀[0m[38;2;221;206;133m[48;2;185;172;111m▀[0m[38;2;220;205;132m[48;2;182;170;109m▀[0m[38;2;222;207;133m[48;2;186;173;111m▀[0m[38;2;220;206;132m[48;2;185;173;111m▀[0m[38;2;221;207;132m[48;2;186;173;111m▀[0m[38;2;241;225;142m[48;2;197;184;115m▀[0m[38;2;246;230;145m[48;2;197;184;116m▀[0m[38;2;174;163;115m[48;2;141;133;94m▀[0m[38;2;78;77;73m[48;2;71;70;67m▀[0m[38;2;43;44;50m[48;2;55;56;61m▀[0m[38;2;35;36;36m[48;2;60;61;61m▀[0m[38;2;25;25;25m[48;2;45;45;45m▀[0m[38;2;20;20;20m[48;2;21;21;21m▀[0m[38;2;9;9;9m[48;2;9;9;9m▀[0m[38;2;0;0;0m[48;2;10;10;10m▀[0m       
         [38;2;72;72;72m[48;2;89;76;51m▀[0m[38;2;86;81;51m[48;2;86;79;51m▀[0m[38;2;110;104;68m[48;2;115;107;69m▀[0m[38;2;127;118;77m[48;2;183;170;110m▀[0m[38;2;161;150;97m[48;2;231;216;139m▀[0m[38;2;227;213;136m[48;2;250;237;152m▀[0m[38;2;250;233;149m[48;2;239;224;143m▀[0m[38;2;166;155;98m[48;2;168;156;98m▀[0m[38;2;91;85;54m[48;2;100;93;59m▀[0m[38;2;115;108;73m[48;2;76;74;59m▀[0m[38;2;149;140;96m[48;2;73;72;67m▀[0m[38;2;133;124;81m[48;2;90;85;65m▀[0m[38;2;107;99;61m[48;2;105;97;61m▀[0m[38;2;82;76;51m[48;2;78;74;56m▀[0m[38;2;76;72;54m[48;2;62;62;61m▀[0m[38;2;147;138;94m[48;2;138;132;98m▀[0m[38;2;235;220;142m[48;2;235;219;142m▀[0m[38;2;254;236;151m[48;2;255;237;151m▀[0m[38;2;243;227;145m[48;2;243;227;145m▀[0m[38;2;242;226;145m[48;2;242;226;145m▀[0m[38;2;242;226;145m[48;2;242;226;145m▀[0m[38;2;242;226;145m[48;2;242;226;145m▀[0m[38;2;242;226;145m[48;2;242;226;145m▀[0m[38;2;242;226;145m[48;2;242;226;145m▀[0m[38;2;242;226;145m[48;2;242;226;145m▀[0m[38;2;245;229;147m[48;2;250;234;149m▀[0m[38;2;250;234;149m[48;2;255;242;154m▀[0m[38;2;233;218;142m[48;2;210;197;132m▀[0m[38;2;199;187;125m[48;2;114;111;87m▀[0m[38;2;183;172;118m[48;2;70;69;67m▀[0m[38;2;182;171;118m[48;2;70;69;68m▀[0m[38;2;199;187;126m[48;2;117;113;89m▀[0m[38;2;235;220;142m[48;2;215;202;133m▀[0m[38;2;252;235;149m[48;2;255;244;154m▀[0m[38;2;245;229;146m[48;2;249;233;148m▀[0m[38;2;242;226;145m[48;2;241;225;145m▀[0m[38;2;241;225;145m[48;2;242;226;145m▀[0m[38;2;243;227;145m[48;2;242;226;145m▀[0m[38;2;245;229;147m[48;2;242;226;145m▀[0m[38;2;247;231;148m[48;2;244;228;146m▀[0m[38;2;247;230;148m[48;2;249;232;149m▀[0m[38;2;243;226;145m[48;2;241;225;145m▀[0m[38;2;231;216;138m[48;2;209;195;125m▀[0m[38;2;222;208;133m[48;2;185;173;111m▀[0m[38;2;222;207;133m[48;2;184;172;110m▀[0m[38;2;223;208;134m[48;2;187;174;112m▀[0m[38;2;226;211;136m[48;2;187;174;112m▀[0m[38;2;222;208;133m[48;2;187;175;112m▀[0m[38;2;200;187;120m[48;2;187;175;112m▀[0m[38;2;180;168;108m[48;2;188;175;112m▀[0m[38;2;178;166;106m[48;2;188;175;112m▀[0m[38;2;180;168;108m[48;2;188;175;112m▀[0m[38;2;183;170;109m[48;2;194;181;115m▀[0m[38;2;181;169;108m[48;2;190;177;113m▀[0m[38;2;168;157;102m[48;2;141;133;95m▀[0m[38;2;145;137;94m[48;2;85;82;73m▀[0m[38;2;106;102;80m[48;2;66;66;66m▀[0m[38;2;68;67;65m[48;2;65;65;64m▀[0m[38;2;62;63;65m[48;2;65;65;66m▀[0m[38;2;69;70;69m[48;2;67;67;67m▀[0m[38;2;50;50;50m[48;2;47;47;47m▀[0m[38;2;21;21;21m[48;2;19;19;19m▀[0m[38;2;8;8;8m[48;2;7;7;7m▀[0m[38;2;0;0;0m[48;2;0;0;0m▀[0m       
         [38;2;75;60;45m[48;2;28;0;28m▀[0m[38;2;80;74;46m[48;2;75;69;44m▀[0m[38;2;120;112;71m[48;2;109;102;65m▀[0m[38;2;201;190;123m[48;2;191;182;119m▀[0m[38;2;255;244;158m[48;2;250;239;157m▀[0m[38;2;255;252;162m[48;2;255;254;164m▀[0m[38;2;239;226;146m[48;2;240;229;149m▀[0m[38;2;156;146;98m[48;2;136;130;97m▀[0m[38;2;83;79;58m[48;2;57;57;58m▀[0m[38;2;78;76;63m[48;2;109;104;78m▀[0m[38;2;90;87;74m[48;2;165;155;103m▀[0m[38;2;93;88;70m[48;2;124;118;87m▀[0m[38;2;92;87;62m[48;2;71;69;64m▀[0m[38;2;70;67;55m[48;2;63;61;52m▀[0m[38;2;64;64;59m[48;2;83;79;54m▀[0m[38;2;141;134;97m[48;2;155;144;94m▀[0m[38;2;235;219;142m[48;2;235;220;142m▀[0m[38;2;255;237;151m[48;2;253;236;151m▀[0m[38;2;243;227;145m[48;2;243;227;145m▀[0m[38;2;242;226;145m[48;2;242;226;145m▀[0m[38;2;242;226;145m[48;2;242;226;145m▀[0m[38;2;242;226;145m[48;2;242;226;145m▀[0m[38;2;242;226;145m[48;2;242;226;145m▀[0m[38;2;243;227;146m[48;2;246;230;148m▀[0m[38;2;244;228;146m[48;2;249;233;149m▀[0m[38;2;236;221;141m[48;2;211;196;125m▀[0m[38;2;219;204;129m[48;2;144;134;85m▀[0m[38;2;160;151;104m[48;2;95;90;65m▀[0m[38;2;72;71;67m[48;2;61;61;61m▀[0m[38;2;36;38;50m[48;2;58;59;58m▀[0m[38;2;46;46;51m[48;2;84;80;58m▀[0m[38;2;87;84;70m[48;2;92;87;62m▀[0m[38;2;160;151;106m[48;2;81;79;67m▀[0m[38;2;210;197;130m[48;2;116;112;89m▀[0m[38;2;233;218;141m[48;2;204;191;128m▀[0m[38;2;245;229;146m[48;2;251;235;149m▀[0m[38;2;244;228;146m[48;2;247;231;148m▀[0m[38;2;242;226;145m[48;2;243;227;145m▀[0m[38;2;243;227;146m[48;2;246;229;148m▀[0m[38;2;241;225;144m[48;2;237;221;142m▀[0m[38;2;234;218;140m[48;2;207;193;124m▀[0m[38;2;220;205;132m[48;2;185;172;110m▀[0m[38;2;191;179;115m[48;2;178;166;107m▀[0m[38;2;173;161;104m[48;2;178;166;107m▀[0m[38;2;175;163;104m[48;2;184;171;110m▀[0m[38;2;180;168;107m[48;2;189;176;112m▀[0m[38;2;183;171;109m[48;2;199;185;118m▀[0m[38;2;179;167;107m[48;2;185;172;110m▀[0m[38;2;155;145;94m[48;2;109;102;68m▀[0m[38;2;134;126;82m[48;2;40;38;29m▀[0m[38;2;132;123;81m[48;2;32;31;25m▀[0m[38;2;134;126;82m[48;2;41;39;30m▀[0m[38;2;140;131;85m[48;2;42;40;31m▀[0m[38;2;136;127;83m[48;2;41;39;30m▀[0m[38;2;92;88;66m[48;2;30;29;24m▀[0m[38;2;45;46;49m[48;2;22;22;23m▀[0m[38;2;46;47;53m[48;2;40;40;41m▀[0m[38;2;65;65;65m[48;2;65;65;65m▀[0m[38;2;69;69;68m[48;2;70;70;70m▀[0m[38;2;67;67;67m[48;2;67;67;67m▀[0m[38;2;54;54;54m[48;2;65;65;65m▀[0m[38;2;34;34;34m[48;2;60;60;60m▀[0m[38;2;23;23;23m[48;2;44;44;44m▀[0m[38;2;14;14;14m[48;2;18;18;18m▀[0m[38;2;5;5;5m[48;2;6;6;6m▀[0m[38;2;0;0;0m[48;2;0;0;0m▀[0m     
       [38;2;109;72;36m[48;2;88;77;55m▀[0m[38;2;86;81;52m[48;2;86;79;51m▀[0m[38;2;111;105;68m[48;2;119;112;73m▀[0m[38;2;124;120;80m[48;2;184;182;123m▀[0m[38;2;149;140;90m[48;2;226;212;136m▀[0m[38;2;209;180;107m[48;2;244;180;87m▀[0m[38;2;245;203;115m[48;2;239;143;43m▀[0m[38;2;237;205;118m[48;2;199;117;34m▀[0m[38;2;216;188;113m[48;2;173;113;46m▀[0m[38;2;152;138;97m[48;2;198;164;97m▀[0m[38;2;105;102;85m[48;2;211;198;131m▀[0m[38;2;137;130;91m[48;2;163;155;102m▀[0m[38;2;163;152;96m[48;2;107;99;64m▀[0m[38;2;108;104;79m[48;2;63;61;52m▀[0m[38;2;56;57;61m[48;2;51;52;58m▀[0m[38;2;82;79;65m[48;2;124;119;91m▀[0m[38;2;136;127;80m[48;2;215;201;129m▀[0m[38;2;190;176;111m[48;2;240;224;142m▀[0m[38;2;238;222;143m[48;2;241;225;145m▀[0m[38;2;249;233;149m[48;2;244;227;146m▀[0m[38;2;243;227;145m[48;2;242;226;145m▀[0m[38;2;242;226;145m[48;2;242;226;145m▀[0m[38;2;242;226;145m[48;2;242;226;145m▀[0m[38;2;242;226;145m[48;2;242;226;145m▀[0m[38;2;242;226;145m[48;2;242;226;145m▀[0m[38;2;247;231;148m[48;2;247;231;148m▀[0m[38;2;251;235;150m[48;2;250;234;150m▀[0m[38;2;200;186;119m[48;2;200;187;120m▀[0m[38;2;115;106;66m[48;2;119;110;69m▀[0m[38;2;83;78;54m[48;2;110;103;65m▀[0m[38;2;93;90;72m[48;2;158;148;97m▀[0m[38;2;100;96;74m[48;2;157;147;96m▀[0m[38;2;105;98;63m[48;2;116;107;67m▀[0m[38;2;88;82;56m[48;2;81;76;54m▀[0m[38;2;48;48;51m[48;2;52;52;54m▀[0m[38;2;79;79;73m[48;2;87;86;77m▀[0m[38;2;192;180;123m[48;2;194;183;125m▀[0m[38;2;254;237;150m[48;2;253;236;150m▀[0m[38;2;248;232;148m[48;2;248;232;148m▀[0m[38;2;243;227;145m[48;2;243;227;145m▀[0m[38;2;247;230;148m[48;2;247;230;148m▀[0m[38;2;235;219;141m[48;2;236;220;141m▀[0m[38;2;196;184;118m[48;2;198;185;119m▀[0m[38;2;172;160;103m[48;2;177;165;106m▀[0m[38;2;181;168;108m[48;2;193;180;115m▀[0m[38;2;182;169;109m[48;2;181;169;109m▀[0m[38;2;157;147;95m[48;2;103;96;64m▀[0m[38;2;137;128;84m[48;2;40;39;29m▀[0m[38;2;145;135;88m[48;2;39;38;30m▀[0m[38;2;135;126;83m[48;2;43;41;32m▀[0m[38;2;71;68;47m[48;2;34;32;25m▀[0m[38;2;0;0;5m[48;2;0;0;6m▀[0m[38;2;0;0;0m[48;2;0;0;0m▀[0m[38;2;0;1;6m[48;2;0;0;6m▀[0m[38;2;0;0;6m[48;2;0;0;6m▀[0m[38;2;0;1;6m[48;2;0;0;6m▀[0m[38;2;1;2;5m[48;2;0;0;6m▀[0m[38;2;9;9;10m[48;2;12;12;12m▀[0m[38;2;31;31;31m[48;2;22;22;22m▀[0m[38;2;50;50;50m[48;2;24;24;24m▀[0m[38;2;54;54;54m[48;2;25;25;25m▀[0m[38;2;52;52;52m[48;2;23;23;23m▀[0m[38;2;60;60;60m[48;2;41;41;41m▀[0m[38;2;69;69;69m[48;2;65;65;65m▀[0m[38;2;59;59;59m[48;2;71;71;71m▀[0m[38;2;37;37;37m[48;2;63;63;63m▀[0m[38;2;24;24;24m[48;2;46;46;46m▀[0m[38;2;19;19;19m[48;2;23;23;23m▀[0m[38;2;10;10;10m[48;2;9;9;9m▀[0m[38;2;0;0;0m[48;2;15;15;15m▀[0m   
       [38;2;93;85;59m[48;2;96;96;61m▀[0m[38;2;89;85;56m[48;2;92;93;64m▀[0m[38;2;130;119;75m[48;2;128;112;67m▀[0m[38;2;208;183;111m[48;2;202;134;53m▀[0m[38;2;255;214;121m[48;2;251;159;56m▀[0m[38;2;255;187;88m[48;2;251;199;106m▀[0m[38;2;238;149;51m[48;2;242;211;127m▀[0m[38;2;202;107;21m[48;2;238;162;67m▀[0m[38;2;182;97;21m[48;2;236;132;31m▀[0m[38;2;227;178;94m[48;2;243;182;90m▀[0m[38;2;254;238;151m[48;2;245;230;148m▀[0m[38;2;195;185;120m[48;2;230;220;144m▀[0m[38;2;128;119;77m[48;2;214;200;128m▀[0m[38;2;100;95;71m[48;2;207;194;127m▀[0m[38;2;104;100;82m[48;2;208;195;130m▀[0m[38;2;172;163;115m[48;2;225;211;138m▀[0m[38;2;249;232;150m[48;2;244;228;146m▀[0m[38;2;255;241;154m[48;2;246;230;147m▀[0m[38;2;242;226;145m[48;2;242;226;145m▀[0m[38;2;241;225;145m[48;2;242;226;145m▀[0m[38;2;242;226;145m[48;2;242;226;145m▀[0m[38;2;242;226;145m[48;2;242;226;145m▀[0m[38;2;242;226;145m[48;2;242;226;145m▀[0m[38;2;242;226;145m[48;2;242;226;145m▀[0m[38;2;242;226;145m[48;2;242;226;145m▀[0m[38;2;247;231;148m[48;2;249;232;148m▀[0m[38;2;250;234;150m[48;2;252;235;150m▀[0m[38;2;198;185;120m[48;2;193;182;122m▀[0m[38;2;111;105;71m[48;2;95;92;75m▀[0m[38;2;100;95;66m[48;2;59;59;59m▀[0m[38;2;148;139;94m[48;2;74;73;68m▀[0m[38;2;157;148;97m[48;2;108;104;81m▀[0m[38;2;136;126;80m[48;2;161;151;99m▀[0m[38;2;107;100;67m[48;2;160;149;94m▀[0m[38;2;71;68;59m[48;2;104;97;65m▀[0m[38;2;98;95;77m[48;2;115;108;73m▀[0m[38;2;198;186;125m[48;2;203;189;123m▀[0m[38;2;253;236;150m[48;2;251;234;150m▀[0m[38;2;248;232;148m[48;2;247;231;148m▀[0m[38;2;243;227;145m[48;2;243;227;145m▀[0m[38;2;247;230;148m[48;2;246;229;148m▀[0m[38;2;237;221;142m[48;2;238;222;143m▀[0m[38;2;206;193;123m[48;2;218;204;130m▀[0m[38;2;178;166;107m[48;2;177;165;106m▀[0m[38;2;165;153;99m[48;2;101;95;64m▀[0m[38;2;132;123;81m[48;2;39;37;30m▀[0m[38;2;62;59;42m[48;2;24;22;18m▀[0m[38;2;0;0;3m[48;2;0;0;0m▀[0m[38;2;0;0;2m[48;2;0;0;0m▀[0m[38;2;1;2;8m[48;2;0;0;5m▀[0m[38;2;0;0;6m[48;2;0;0;0m▀[0m       [38;2;10;10;10m[48;2;15;15;15m▀[0m[38;2;11;11;11m[48;2;11;11;11m▀[0m[38;2;10;10;10m[48;2;10;10;10m▀[0m[38;2;9;9;9m[48;2;10;10;10m▀[0m[38;2;29;29;29m[48;2;22;22;22m▀[0m[38;2;50;50;50m[48;2;24;24;24m▀[0m[38;2;60;60;60m[48;2;29;29;29m▀[0m[38;2;59;59;59m[48;2;28;28;28m▀[0m[38;2;46;46;46m[48;2;25;25;25m▀[0m[38;2;24;24;24m[48;2;20;20;20m▀[0m[38;2;12;12;12m[48;2;15;15;15m▀[0m[38;2;11;11;11m[48;2;17;17;17m▀[0m   
       [38;2;72;72;54m[48;2;18;18;9m▀[0m[38;2;69;72;51m[48;2;17;19;13m▀[0m[38;2;103;89;54m[48;2;55;51;36m▀[0m[38;2;191;126;50m[48;2;174;156;98m▀[0m[38;2;251;162;60m[48;2;255;219;128m▀[0m[38;2;250;201;107m[48;2;255;194;92m▀[0m[38;2;241;211;128m[48;2;237;154;58m▀[0m[38;2;227;164;75m[48;2;172;117;48m▀[0m[38;2;219;135;43m[48;2;137;110;58m▀[0m[38;2;231;180;94m[48;2;191;172;106m▀[0m[38;2;244;229;148m[48;2;248;232;149m▀[0m[38;2;249;237;155m[48;2;252;237;153m▀[0m[38;2;252;235;151m[48;2;245;229;147m▀[0m[38;2;254;237;151m[48;2;245;229;147m▀[0m[38;2;255;238;151m[48;2;246;230;147m▀[0m[38;2;251;234;149m[48;2;250;233;149m▀[0m[38;2;246;229;147m[48;2;252;235;151m▀[0m[38;2;243;227;146m[48;2;248;232;149m▀[0m[38;2;242;226;145m[48;2;242;226;145m▀[0m[38;2;242;226;145m[48;2;241;225;145m▀[0m[38;2;242;226;145m[48;2;242;226;145m▀[0m[38;2;242;226;145m[48;2;242;226;145m▀[0m[38;2;242;226;145m[48;2;242;226;145m▀[0m[38;2;242;226;145m[48;2;242;226;145m▀[0m[38;2;242;226;145m[48;2;242;226;145m▀[0m[38;2;249;232;148m[48;2;249;232;148m▀[0m[38;2;252;235;150m[48;2;252;235;150m▀[0m[38;2;191;180;122m[48;2;190;180;122m▀[0m[38;2;87;85;77m[48;2;86;84;77m▀[0m[38;2;44;46;56m[48;2;54;54;56m▀[0m[38;2;52;52;56m[48;2;78;74;56m▀[0m[38;2;86;83;70m[48;2;88;83;61m▀[0m[38;2;145;137;96m[48;2;90;87;72m▀[0m[38;2;153;143;94m[48;2;88;84;70m▀[0m[38;2;107;99;63m[48;2;81;77;53m▀[0m[38;2;121;113;70m[48;2;118;110;69m▀[0m[38;2;205;191;123m[48;2;205;191;122m▀[0m[38;2;251;234;150m[48;2;252;235;150m▀[0m[38;2;247;231;148m[48;2;247;231;148m▀[0m[38;2;243;227;145m[48;2;245;228;147m▀[0m[38;2;249;233;149m[48;2;253;239;154m▀[0m[38;2;234;218;140m[48;2;224;208;134m▀[0m[38;2;188;176;114m[48;2;119;111;75m▀[0m[38;2;131;121;80m[48;2;39;37;28m▀[0m[38;2;57;55;39m[48;2;25;23;17m▀[0m[38;2;0;0;4m[48;2;0;0;0m▀[0m[38;2;0;0;0m[48;2;0;0;0m▀[0m               [38;2;12;12;12m[48;2;17;17;17m▀[0m[38;2;12;12;12m[48;2;10;10;10m▀[0m[38;2;12;12;12m[48;2;9;9;9m▀[0m[38;2;11;11;11m[48;2;9;9;9m▀[0m[38;2;13;13;13m[48;2;14;14;14m▀[0m[38;2;16;16;16m[48;2;14;14;14m▀[0m[38;2;17;17;17m[48;2;19;19;19m▀[0m[38;2;15;15;15m[48;2;31;31;31m▀[0m   
       [38;2;0;0;0m[48;2;0;8;8m▀[0m[38;2;0;0;0m[48;2;0;4;9m▀[0m[38;2;31;29;25m[48;2;32;26;20m▀[0m[38;2;152;145;97m[48;2;127;90;44m▀[0m[38;2;242;212;128m[48;2;206;136;55m▀[0m[38;2;254;175;69m[48;2;247;144;38m▀[0m[38;2;236;127;25m[48;2;238;131;29m▀[0m[38;2;139;90;37m[48;2;131;83;42m▀[0m[38;2;84;87;65m[48;2;60;64;63m▀[0m[38;2;156;154;106m[48;2;125;126;93m▀[0m[38;2;235;219;140m[48;2;205;191;120m▀[0m[38;2;246;230;146m[48;2;230;215;135m▀[0m[38;2;242;226;145m[48;2;242;226;145m▀[0m[38;2;246;230;147m[48;2;255;241;154m▀[0m[38;2;246;230;147m[48;2;255;238;152m▀[0m[38;2;231;216;138m[48;2;195;182;115m▀[0m[38;2;217;202;129m[48;2;138;129;80m▀[0m[38;2;226;210;135m[48;2;174;162;103m▀[0m[38;2;241;225;144m[48;2;237;221;142m▀[0m[38;2;244;228;146m[48;2;249;233;150m▀[0m[38;2;242;226;145m[48;2;243;227;145m▀[0m[38;2;242;226;145m[48;2;242;226;145m▀[0m[38;2;242;226;145m[48;2;242;226;145m▀[0m[38;2;242;226;145m[48;2;242;226;145m▀[0m[38;2;242;226;145m[48;2;242;226;145m▀[0m[38;2;249;232;148m[48;2;248;232;148m▀[0m[38;2;252;235;150m[48;2;251;235;150m▀[0m[38;2;192;180;121m[48;2;195;183;119m▀[0m[38;2;91;88;73m[48;2;102;96;66m▀[0m[38;2;70;68;57m[48;2;94;88;60m▀[0m[38;2;110;103;66m[48;2;149;138;87m▀[0m[38;2;105;98;68m[48;2;135;128;89m▀[0m[38;2;63;64;63m[48;2;65;68;68m▀[0m[38;2;62;63;64m[48;2;76;81;77m▀[0m[38;2;101;98;71m[48;2;169;166;117m▀[0m[38;2;152;143;91m[48;2;226;216;140m▀[0m[38;2;216;202;129m[48;2;238;224;144m▀[0m[38;2;249;232;149m[48;2;244;227;146m▀[0m[38;2;246;230;147m[48;2;243;227;145m▀[0m[38;2;245;228;147m[48;2;245;228;147m▀[0m[38;2;255;243;155m[48;2;255;242;155m▀[0m[38;2;219;204;131m[48;2;220;205;132m▀[0m[38;2;86;80;56m[48;2;91;85;59m▀[0m[38;2;0;0;3m[48;2;0;1;7m▀[0m[38;2;0;0;0m[48;2;0;0;0m▀[0m                            
       [38;2;0;11;22m[48;2;0;0;36m▀[0m[38;2;0;7;15m[48;2;0;5;17m▀[0m[38;2;29;21;16m[48;2;21;15;15m▀[0m[38;2;91;47;12m[48;2;33;17;8m▀[0m[38;2;148;78;17m[48;2;64;41;20m▀[0m[38;2;212;123;34m[48;2;146;113;61m▀[0m[38;2;227;143;50m[48;2;198;163;92m▀[0m[38;2;143;105;62m[48;2;180;159;99m▀[0m[38;2;79;79;73m[48;2;145;137;95m▀[0m[38;2;107;107;84m[48;2;101;99;79m▀[0m[38;2;158;148;98m[48;2;90;88;75m▀[0m[38;2;209;195;125m[48;2;182;171;117m▀[0m[38;2;245;229;146m[48;2;255;238;151m▀[0m[38;2;242;226;147m[48;2;192;181;123m▀[0m[38;2;212;198;132m[48;2;103;99;82m▀[0m[38;2;142;133;90m[48;2;66;65;62m▀[0m[38;2;87;82;56m[48;2;66;66;59m▀[0m[38;2;145;135;89m[48;2;142;134;95m▀[0m[38;2;235;219;141m[48;2;235;219;142m▀[0m[38;2;254;236;152m[48;2;255;238;152m▀[0m[38;2;244;228;146m[48;2;247;231;147m▀[0m[38;2;244;228;146m[48;2;250;234;149m▀[0m[38;2;245;229;146m[48;2;255;237;151m▀[0m[38;2;245;229;147m[48;2;255;238;152m▀[0m[38;2;245;229;147m[48;2;253;236;152m▀[0m[38;2;248;232;149m[48;2;250;234;150m▀[0m[38;2;249;233;149m[48;2;245;229;147m▀[0m[38;2;207;194;124m[48;2;231;215;138m▀[0m[38;2;140;131;82m[48;2;211;197;125m▀[0m[38;2;141;131;83m[48;2;216;203;131m▀[0m[38;2;191;178;113m[48;2;240;227;146m▀[0m[38;2;171;159;106m[48;2;215;192;120m▀[0m[38;2;92;82;65m[48;2;147;105;54m▀[0m[38;2;105;89;67m[48;2;149;85;28m▀[0m[38;2;210;181;111m[48;2;218;132;43m▀[0m[38;2;255;231;138m[48;2;254;177;76m▀[0m[38;2;250;231;145m[48;2;251;220;131m▀[0m[38;2;243;229;148m[48;2;247;239;159m▀[0m[38;2;242;227;146m[48;2;244;231;151m▀[0m[38;2;245;228;147m[48;2;245;227;146m▀[0m[38;2;255;242;155m[48;2;255;242;155m▀[0m[38;2;220;205;132m[48;2;220;205;132m▀[0m[38;2;94;88;61m[48;2;94;88;61m▀[0m[38;2;4;5;9m[48;2;4;5;9m▀[0m[38;2;0;0;0m[48;2;0;0;0m▀[0m                   [38;2;69;46;23m[48;2;62;41;26m▀[0m[38;2;62;48;27m[48;2;65;47;27m▀[0m[38;2;72;48;30m[48;2;72;51;29m▀[0m[38;2;66;48;24m[48;2;68;48;26m▀[0m[38;2;66;48;30m[48;2;69;48;28m▀[0m[38;2;72;48;30m[48;2;71;51;29m▀[0m[38;2;68;51;25m[48;2;69;48;28m▀[0m[38;2;127;63;0m[48;2;105;75;30m▀[0m 
         [38;2;0;0;0m[48;2;0;0;15m▀[0m[38;2;0;0;4m[48;2;0;0;5m▀[0m[38;2;19;23;23m[48;2;25;27;25m▀[0m[38;2;111;110;77m[48;2;122;117;80m▀[0m[38;2;184;176;116m[48;2;195;184;119m▀[0m[38;2;201;189;120m[48;2;202;189;121m▀[0m[38;2;182;169;107m[48;2;180;167;106m▀[0m[38;2;107;102;77m[48;2;125;117;78m▀[0m[38;2;62;61;61m[48;2;80;76;56m▀[0m[38;2;143;136;99m[48;2;85;82;67m▀[0m[38;2;214;201;133m[48;2;105;101;83m▀[0m[38;2;154;146;104m[48;2;129;123;91m▀[0m[38;2;71;71;66m[48;2;142;134;93m▀[0m[38;2;45;47;55m[48;2;92;89;73m▀[0m[38;2;56;57;62m[48;2;52;53;59m▀[0m[38;2;140;133;99m[48;2;138;131;99m▀[0m[38;2;238;222;143m[48;2;248;232;148m▀[0m[38;2;255;237;150m[48;2;253;235;148m▀[0m[38;2;236;221;141m[48;2;210;196;124m▀[0m[38;2;226;211;137m[48;2;160;151;105m▀[0m[38;2;215;202;133m[48;2;110;106;86m▀[0m[38;2;215;201;131m[48;2;106;101;78m▀[0m[38;2;220;206;132m[48;2;134;125;80m▀[0m[38;2;228;213;136m[48;2;176;164;103m▀[0m[38;2;239;223;143m[48;2;229;214;137m▀[0m[38;2;247;231;148m[48;2;255;241;154m▀[0m[38;2;254;237;152m[48;2;255;248;158m▀[0m[38;2;248;234;151m[48;2;228;215;139m▀[0m[38;2;232;222;145m[48;2;153;148;98m▀[0m[38;2;212;182;108m[48;2;148;117;62m▀[0m[38;2;187;118;42m[48;2;207;117;29m▀[0m[38;2;193;101;17m[48;2;239;142;41m▀[0m[38;2;229;130;32m[48;2;246;193;102m▀[0m[38;2;243;160;61m[48;2;231;195;113m▀[0m[38;2;233;191;106m[48;2;192;140;69m▀[0m[38;2;231;212;135m[48;2;185;135;66m▀[0m[38;2;238;222;143m[48;2;223;195;118m▀[0m[38;2;246;229;148m[48;2;248;234;152m▀[0m[38;2;255;243;156m[48;2;255;246;158m▀[0m[38;2;220;205;132m[48;2;220;205;132m▀[0m[38;2;94;88;61m[48;2;94;88;61m▀[0m[38;2;4;5;9m[48;2;4;5;9m▀[0m[38;2;0;0;0m[48;2;0;0;0m▀[0m             [38;2;58;39;19m[48;2;65;42;27m▀[0m[38;2;65;43;29m[48;2;65;46;26m▀[0m[38;2;75;48;27m[48;2;72;51;29m▀[0m[38;2;68;48;27m[48;2;66;47;26m▀[0m[38;2;62;41;27m[48;2;60;42;24m▀[0m[38;2;62;41;27m[48;2;60;42;24m▀[0m[38;2;86;59;34m[48;2;99;69;40m▀[0m[38;2;90;63;36m[48;2;142;99;57m▀[0m[38;2;104;72;41m[48;2;162;112;64m▀[0m[38;2;98;69;39m[48;2;155;108;62m▀[0m[38;2;100;70;40m[48;2;158;111;63m▀[0m[38;2;103;72;41m[48;2;163;114;65m▀[0m[38;2;87;61;35m[48;2;122;87;50m▀[0m[38;2;58;42;26m[48;2;46;36;25m▀[0m[38;2;0;6;13m[48;2;1;5;11m▀[0m
         [38;2;0;0;12m[48;2;0;0;0m▀[0m[38;2;0;0;5m[48;2;0;0;5m▀[0m[38;2;27;27;22m[48;2;22;22;22m▀[0m[38;2;106;99;66m[48;2;45;42;30m▀[0m[38;2;165;154;99m[48;2;75;70;49m▀[0m[38;2;184;172;110m[48;2;145;135;88m▀[0m[38;2;180;168;107m[48;2;193;180;114m▀[0m[38;2;148;138;86m[48;2;181;169;106m▀[0m[38;2;112;104;66m[48;2;156;146;93m▀[0m[38;2;78;75;60m[48;2;142;133;90m▀[0m[38;2;68;67;65m[48;2;138;130;91m▀[0m[38;2;129;123;89m[48;2;161;151;100m▀[0m[38;2;186;173;109m[48;2;183;171;109m▀[0m[38;2;136;128;90m[48;2;171;159;104m▀[0m[38;2;78;77;69m[48;2;146;137;95m▀[0m[38;2;134;128;97m[48;2;126;120;90m▀[0m[38;2;213;200;133m[48;2;110;106;86m▀[0m[38;2;211;197;126m[48;2;108;103;77m▀[0m[38;2;172;160;102m[48;2;115;108;70m▀[0m[38;2;124;117;84m[48;2;129;121;79m▀[0m[38;2;74;73;67m[48;2;139;131;91m▀[0m[38;2;60;60;55m[48;2;105;101;77m▀[0m[38;2;77;72;51m[48;2;59;58;55m▀[0m[38;2;138;129;84m[48;2;121;116;86m▀[0m[38;2;226;211;136m[48;2;239;223;143m▀[0m[38;2;250;236;152m[48;2;226;213;139m▀[0m[38;2;231;217;142m[48;2;130;125;96m▀[0m[38;2;184;174;116m[48;2;108;104;82m▀[0m[38;2;114;111;75m[48;2;138;130;88m▀[0m[38;2;125;98;51m[48;2;163;148;91m▀[0m[38;2;208;128;41m[48;2;184;158;92m▀[0m[38;2;249;167;66m[48;2;210;167;89m▀[0m[38;2;250;214;126m[48;2;239;174;82m▀[0m[38;2;229;200;121m[48;2;246;161;61m▀[0m[38;2;184;114;41m[48;2;228;124;26m▀[0m[38;2;176;101;28m[48;2;222;130;37m▀[0m[38;2;220;183;105m[48;2;234;193;109m▀[0m[38;2;249;237;155m[48;2;248;237;155m▀[0m[38;2;255;249;160m[48;2;255;255;167m▀[0m[38;2;223;208;134m[48;2;236;220;141m▀[0m[38;2;95;89;62m[48;2;101;95;66m▀[0m[38;2;4;5;9m[48;2;4;5;10m▀[0m[38;2;0;0;0m[48;2;0;0;0m▀[0m       [38;2;68;51;34m[48;2;66;44;28m▀[0m[38;2;63;47;23m[48;2;65;47;27m▀[0m[38;2;71;47;31m[48;2;71;48;28m▀[0m[38;2;63;47;23m[48;2;65;47;27m▀[0m[38;2;63;39;23m[48;2;60;41;24m▀[0m[38;2;63;47;23m[48;2;63;44;25m▀[0m[38;2;85;60;35m[48;2;107;73;42m▀[0m[38;2;90;63;36m[48;2;146;102;58m▀[0m[38;2;101;71;40m[48;2;159;111;63m▀[0m[38;2;95;66;38m[48;2;152;106;60m▀[0m[38;2;90;63;36m[48;2;150;105;59m▀[0m[38;2;90;62;36m[48;2;150;104;59m▀[0m[38;2;124;87;49m[48;2;161;113;64m▀[0m[38;2;175;122;70m[48;2;179;125;71m▀[0m[38;2;192;134;76m[48;2;185;129;73m▀[0m[38;2;186;130;74m[48;2;183;128;73m▀[0m[38;2;190;133;75m[48;2;188;132;75m▀[0m[38;2;196;136;77m[48;2;194;135;77m▀[0m[38;2;142;100;59m[48;2;140;99;58m▀[0m[38;2;46;37;26m[48;2;45;36;26m▀[0m[38;2;1;6;12m[48;2;1;6;11m▀[0m
           [38;2;0;0;0m▀[0m[38;2;0;0;0m[48;2;0;0;0m▀[0m[38;2;15;14;15m[48;2;5;5;11m▀[0m[38;2;98;93;62m[48;2;43;40;30m▀[0m[38;2;166;155;100m[48;2;76;71;50m▀[0m[38;2;183;171;109m[48;2;143;135;88m▀[0m[38;2;185;173;111m[48;2;196;182;116m▀[0m[38;2;187;174;111m[48;2;197;183;116m▀[0m[38;2;185;173;109m[48;2;184;171;109m▀[0m[38;2;182;170;108m[48;2;180;168;107m▀[0m[38;2;179;167;107m[48;2;179;167;107m▀[0m[38;2;189;175;111m[48;2;184;171;109m▀[0m[38;2;187;175;110m[48;2;184;172;109m▀[0m[38;2;132;125;90m[48;2;162;152;101m▀[0m[38;2;71;69;66m[48;2;136;128;91m▀[0m[38;2;70;68;58m[48;2;136;128;87m▀[0m[38;2;100;94;61m[48;2;148;139;89m▀[0m[38;2;144;133;82m[48;2;166;155;98m▀[0m[38;2;184;171;107m[48;2;183;171;108m▀[0m[38;2;147;139;96m[48;2;173;161;105m▀[0m[38;2;79;77;69m[48;2;146;137;95m▀[0m[38;2;117;113;89m[48;2;128;121;90m▀[0m[38;2;211;198;131m[48;2;114;110;88m▀[0m[38;2;185;174;119m[48;2;116;111;87m▀[0m[38;2;84;83;72m[48;2;127;121;88m▀[0m[38;2;85;82;71m[48;2;147;139;96m▀[0m[38;2;160;150;101m[48;2;172;164;109m▀[0m[38;2;191;178;113m[48;2;196;169;99m▀[0m[38;2;182;171;110m[48;2;219;156;70m▀[0m[38;2;192;157;87m[48;2;219;134;44m▀[0m[38;2;222;135;43m[48;2;197;104;20m▀[0m[38;2;238;128;24m[48;2;187;104;25m▀[0m[38;2;239;133;30m[48;2;191;134;60m▀[0m[38;2;240;158;60m[48;2;208;173;97m▀[0m[38;2;244;206;119m[48;2;245;223;138m▀[0m[38;2;242;231;151m[48;2;231;218;142m▀[0m[38;2;237;228;148m[48;2;145;138;92m▀[0m[38;2;198;185;120m[48;2;77;72;51m▀[0m[38;2;90;83;58m[48;2;53;52;35m▀[0m[38;2;4;4;9m[48;2;3;3;10m▀[0m[38;2;0;0;0m[48;2;0;0;0m▀[0m [38;2;63;47;31m[48;2;71;47;29m▀[0m[38;2;72;54;27m[48;2;72;51;29m▀[0m[38;2;72;54;27m[48;2;72;51;29m▀[0m[38;2;63;45;27m[48;2;65;45;26m▀[0m[38;2;54;45;27m[48;2;57;40;23m▀[0m[38;2;68;51;25m[48;2;67;47;26m▀[0m[38;2;85;59;34m[48;2;114;79;45m▀[0m[38;2;92;65;37m[48;2;149;104;59m▀[0m[38;2;98;68;39m[48;2;156;109;62m▀[0m[38;2;92;65;37m[48;2;149;104;59m▀[0m[38;2;87;61;35m[48;2;150;105;60m▀[0m[38;2;90;63;36m[48;2;155;109;62m▀[0m[38;2;131;92;53m[48;2;172;120;68m▀[0m[38;2;181;126;72m[48;2;189;132;75m▀[0m[38;2;192;134;76m[48;2;190;133;75m▀[0m[38;2;186;129;73m[48;2;184;128;73m▀[0m[38;2;185;129;73m[48;2;183;128;73m▀[0m[38;2;185;129;73m[48;2;183;128;73m▀[0m[38;2;183;128;72m[48;2;182;127;72m▀[0m[38;2;180;125;71m[48;2;179;125;71m▀[0m[38;2;179;125;71m[48;2;179;125;71m▀[0m[38;2;179;125;71m[48;2;179;125;71m▀[0m[38;2;184;129;73m[48;2;184;129;73m▀[0m[38;2;190;132;75m[48;2;190;132;75m▀[0m[38;2;137;97;57m[48;2;137;97;57m▀[0m[38;2;44;35;25m[48;2;44;35;25m▀[0m[38;2;1;6;11m[48;2;1;6;11m▀[0m
              [38;2;0;0;0m[48;2;0;0;0m▀[0m[38;2;13;12;14m[48;2;0;0;3m▀[0m[38;2;96;90;60m[48;2;38;37;28m▀[0m[38;2;165;154;99m[48;2;64;60;43m▀[0m[38;2;181;169;108m[48;2;126;118;78m▀[0m[38;2;179;167;107m[48;2;180;167;107m▀[0m[38;2;180;168;108m[48;2;186;174;111m▀[0m[38;2;179;167;107m[48;2;179;167;107m▀[0m[38;2;179;167;107m[48;2;179;167;107m▀[0m[38;2;179;167;107m[48;2;179;167;107m▀[0m[38;2;182;169;108m[48;2;181;169;108m▀[0m[38;2;185;172;109m[48;2;184;171;109m▀[0m[38;2;185;172;109m[48;2;184;172;109m▀[0m[38;2;183;171;109m[48;2;183;170;109m▀[0m[38;2;181;169;108m[48;2;181;169;108m▀[0m[38;2;179;167;107m[48;2;179;167;107m▀[0m[38;2;186;173;110m[48;2;183;170;108m▀[0m[38;2;190;177;111m[48;2;186;173;110m▀[0m[38;2;144;135;94m[48;2;166;155;102m▀[0m[38;2;73;73;67m[48;2;134;127;90m▀[0m[38;2;91;87;73m[48;2;142;134;93m▀[0m[38;2;165;155;102m[48;2;176;164;106m▀[0m[38;2;191;179;114m[48;2;186;174;111m▀[0m[38;2;178;172;113m[48;2;179;170;110m▀[0m[38;2;194;162;91m[48;2;185;165;100m▀[0m[38;2;233;149;53m[48;2;201;159;85m▀[0m[38;2;228;128;31m[48;2;198;150;75m▀[0m[38;2;180;99;25m[48;2;174;136;72m▀[0m[38;2;160;106;45m[48;2;180;152;89m▀[0m[38;2;172;150;92m[48;2;219;202;129m▀[0m[38;2;196;191;126m[48;2;237;227;148m▀[0m[38;2;241;228;148m[48;2;236;222;143m▀[0m[38;2;212;198;128m[48;2;187;174;112m▀[0m[38;2;79;74;52m[48;2;70;66;47m▀[0m[38;2;0;0;2m[48;2;0;0;4m▀[0m[38;2;0;0;0m[48;2;0;0;0m▀[0m [38;2;113;85;56m[48;2;80;55;30m▀[0m[38;2;82;55;34m[48;2;83;57;32m▀[0m[38;2;81;55;33m[48;2;97;67;38m▀[0m[38;2;87;62;35m[48;2;113;79;45m▀[0m[38;2;92;65;37m[48;2;134;93;53m▀[0m[38;2;90;63;36m[48;2;148;103;58m▀[0m[38;2;84;58;33m[48;2;146;102;58m▀[0m[38;2;91;64;36m[48;2;147;103;58m▀[0m[38;2;138;97;55m[48;2;169;118;67m▀[0m[38;2;185;129;73m[48;2;191;133;76m▀[0m[38;2;192;134;76m[48;2;199;139;79m▀[0m[38;2;185;129;73m[48;2;192;134;76m▀[0m[38;2;180;126;71m[48;2;155;108;61m▀[0m[38;2;175;122;69m[48;2;112;78;45m▀[0m[38;2;171;119;68m[48;2;98;69;39m▀[0m[38;2;169;118;67m[48;2;102;72;41m▀[0m[38;2;172;120;68m[48;2;133;93;53m▀[0m[38;2;178;125;71m[48;2;174;121;69m▀[0m[38;2;180;125;71m[48;2;184;129;73m▀[0m[38;2;179;125;71m[48;2;180;126;71m▀[0m[38;2;179;125;71m[48;2;179;125;71m▀[0m[38;2;179;125;71m[48;2;179;125;71m▀[0m[38;2;179;125;71m[48;2;179;125;71m▀[0m[38;2;179;125;71m[48;2;179;125;71m▀[0m[38;2;184;129;73m[48;2;184;129;73m▀[0m[38;2;190;132;75m[48;2;190;132;75m▀[0m[38;2;137;97;57m[48;2;137;97;57m▀[0m[38;2;44;35;25m[48;2;44;35;25m▀[0m[38;2;1;6;11m[48;2;1;6;11m▀[0m
             [38;2;0;0;31m▄[0m[38;2;0;0;0m[48;2;0;0;5m▀[0m[38;2;17;17;17m[48;2;21;20;18m▀[0m[38;2;5;5;8m[48;2;76;71;49m▀[0m[38;2;24;23;21m[48;2;113;106;70m▀[0m[38;2;105;98;66m[48;2;152;142;92m▀[0m[38;2;180;167;107m[48;2;179;167;107m▀[0m[38;2;189;177;113m[48;2;183;171;110m▀[0m[38;2;179;167;107m[48;2;179;167;107m▀[0m[38;2;179;167;107m[48;2;179;167;107m▀[0m[38;2;179;167;107m[48;2;179;167;107m▀[0m[38;2;179;167;107m[48;2;179;167;107m▀[0m[38;2;179;167;107m[48;2;179;167;107m▀[0m[38;2;179;167;107m[48;2;179;167;107m▀[0m[38;2;179;167;107m[48;2;179;167;107m▀[0m[38;2;179;167;107m[48;2;179;167;107m▀[0m[38;2;179;167;107m[48;2;179;167;107m▀[0m[38;2;179;167;107m[48;2;180;168;108m▀[0m[38;2;179;167;107m[48;2;183;171;110m▀[0m[38;2;181;169;108m[48;2;189;176;112m▀[0m[38;2;185;172;109m[48;2;195;182;115m▀[0m[38;2;184;172;109m[48;2;196;182;115m▀[0m[38;2;181;169;108m[48;2;192;179;114m▀[0m[38;2;180;167;107m[48;2;190;178;113m▀[0m[38;2;180;168;107m[48;2;191;178;113m▀[0m[38;2;179;168;108m[48;2;190;178;114m▀[0m[38;2;177;169;110m[48;2;188;179;116m▀[0m[38;2;177;169;110m[48;2;191;182;118m▀[0m[38;2;176;168;109m[48;2;197;187;121m▀[0m[38;2;190;179;116m[48;2;177;168;109m▀[0m[38;2;221;208;133m[48;2;129;122;81m▀[0m[38;2;224;209;134m[48;2;96;90;62m▀[0m[38;2;195;182;117m[48;2;86;80;56m▀[0m[38;2;143;133;87m[48;2;65;61;43m▀[0m[38;2;63;59;43m[48;2;45;42;32m▀[0m[38;2;6;7;9m[48;2;6;6;9m▀[0m[38;2;0;0;0m[48;2;0;0;0m▀[0m[38;2;141;85;56m[48;2;95;63;31m▀[0m[38;2;75;52;29m[48;2;73;51;29m▀[0m[38;2;87;61;35m[48;2;93;65;37m▀[0m[38;2;113;79;45m[48;2;134;93;53m▀[0m[38;2;138;96;54m[48;2;166;116;65m▀[0m[38;2;165;115;65m[48;2;179;125;71m▀[0m[38;2;184;129;73m[48;2;184;129;73m▀[0m[38;2;187;131;74m[48;2;190;133;76m▀[0m[38;2;183;128;73m[48;2;183;128;73m▀[0m[38;2;177;124;70m[48;2;145;102;58m▀[0m[38;2;171;119;68m[48;2;108;75;43m▀[0m[38;2;175;122;69m[48;2;101;71;40m▀[0m[38;2;172;120;69m[48;2;107;75;43m▀[0m[38;2;131;91;52m[48;2;120;84;48m▀[0m[38;2;83;58;33m[48;2;135;95;54m▀[0m[38;2;68;48;28m[48;2;135;95;54m▀[0m[38;2;76;53;31m[48;2;134;94;54m▀[0m[38;2;118;82;47m[48;2;152;106;60m▀[0m[38;2;172;120;68m[48;2;176;123;70m▀[0m[38;2;186;130;74m[48;2;182;127;72m▀[0m[38;2;180;126;71m[48;2;179;125;71m▀[0m[38;2;179;125;71m[48;2;179;125;71m▀[0m[38;2;179;125;71m[48;2;179;125;71m▀[0m[38;2;179;125;71m[48;2;179;125;71m▀[0m[38;2;179;125;71m[48;2;179;125;71m▀[0m[38;2;184;129;73m[48;2;186;131;74m▀[0m[38;2;191;132;75m[48;2;197;137;78m▀[0m[38;2;137;97;57m[48;2;143;101;59m▀[0m[38;2;44;35;25m[48;2;45;36;26m▀[0m[38;2;1;6;11m[48;2;0;5;11m▀[0m
             [38;2;0;0;19m[48;2;0;0;18m▀[0m[38;2;0;0;4m[48;2;0;0;4m▀[0m[38;2;23;22;20m[48;2;23;22;20m▀[0m[38;2;111;105;69m[48;2;112;106;70m▀[0m[38;2;187;175;111m[48;2;189;177;113m▀[0m[38;2;192;179;114m[48;2;193;180;114m▀[0m[38;2;179;167;107m[48;2;179;167;107m▀[0m[38;2;179;167;107m[48;2;178;166;107m▀[0m[38;2;179;167;107m[48;2;179;167;107m▀[0m[38;2;179;167;107m[48;2;179;167;107m▀[0m[38;2;179;167;107m[48;2;179;167;107m▀[0m[38;2;179;167;107m[48;2;179;167;107m▀[0m[38;2;179;167;107m[48;2;179;167;107m▀[0m[38;2;179;167;107m[48;2;179;167;107m▀[0m[38;2;179;167;107m[48;2;179;167;107m▀[0m[38;2;179;167;107m[48;2;182;169;108m▀[0m[38;2;179;167;107m[48;2;182;169;108m▀[0m[38;2;178;166;106m[48;2;164;153;98m▀[0m[38;2;175;163;105m[48;2;135;126;81m▀[0m[38;2;172;161;103m[48;2;105;98;64m▀[0m[38;2;170;158;102m[48;2;75;71;49m▀[0m[38;2;169;157;101m[48;2;69;64;46m▀[0m[38;2;169;158;102m[48;2;79;74;51m▀[0m[38;2;170;158;102m[48;2;82;77;53m▀[0m[38;2;170;158;102m[48;2;82;77;53m▀[0m[38;2;170;158;102m[48;2;82;77;53m▀[0m[38;2;170;158;102m[48;2;82;77;53m▀[0m[38;2;174;161;104m[48;2;84;79;54m▀[0m[38;2;182;169;109m[48;2;88;83;57m▀[0m[38;2;143;133;86m[48;2;70;66;46m▀[0m[38;2;49;47;34m[48;2;29;28;22m▀[0m[38;2;0;0;5m[48;2;0;0;0m▀[0m[38;2;4;4;9m[48;2;0;0;0m▀[0m[38;2;9;9;12m[48;2;0;0;5m▀[0m[38;2;7;11;11m[48;2;0;0;0m▀[0m  [38;2;63;51;25m[48;2;24;24;12m▀[0m[38;2;61;42;25m[48;2;25;20;15m▀[0m[38;2;83;58;34m[48;2;50;38;26m▀[0m[38;2;142;99;57m[48;2;127;90;54m▀[0m[38;2;184;128;73m[48;2;186;129;74m▀[0m[38;2;186;130;73m[48;2;188;131;74m▀[0m[38;2;179;125;71m[48;2;179;125;71m▀[0m[38;2;186;130;74m[48;2;182;127;72m▀[0m[38;2;178;124;71m[48;2;179;125;71m▀[0m[38;2;128;90;51m[48;2;156;109;62m▀[0m[38;2;79;55;32m[48;2;133;93;53m▀[0m[38;2;66;46;27m[48;2;127;89;51m▀[0m[38;2;77;54;31m[48;2;132;93;52m▀[0m[38;2;125;88;50m[48;2;159;111;63m▀[0m[38;2;180;126;72m[48;2;190;132;75m▀[0m[38;2;191;133;76m[48;2;196;137;78m▀[0m[38;2;183;128;73m[48;2;192;134;76m▀[0m[38;2;182;127;72m[48;2;187;130;74m▀[0m[38;2;179;125;71m[48;2;180;126;71m▀[0m[38;2;179;125;71m[48;2;178;124;70m▀[0m[38;2;179;125;71m[48;2;178;125;71m▀[0m[38;2;179;125;71m[48;2;183;127;72m▀[0m[38;2;180;125;71m[48;2;189;132;74m▀[0m[38;2;180;126;71m[48;2;194;135;76m▀[0m[38;2;180;126;71m[48;2;195;135;76m▀[0m[38;2;183;128;72m[48;2;176;122;69m▀[0m[38;2;185;128;73m[48;2;140;97;54m▀[0m[38;2;132;94;55m[48;2;90;64;38m▀[0m[38;2;43;34;25m[48;2;34;28;22m▀[0m[38;2;2;6;11m[48;2;8;11;14m▀[0m
             [38;2;0;0;21m▀[0m[38;2;0;0;5m[48;2;0;0;0m▀[0m[38;2;21;21;19m[48;2;7;7;10m▀[0m[38;2;107;101;67m[48;2;97;92;61m▀[0m[38;2;181;169;108m[48;2;177;165;105m▀[0m[38;2;189;176;112m[48;2;185;173;110m▀[0m[38;2;179;167;107m[48;2;175;163;104m▀[0m[38;2;179;167;107m[48;2;174;163;104m▀[0m[38;2;179;167;107m[48;2;175;163;104m▀[0m[38;2;179;167;107m[48;2;177;165;106m▀[0m[38;2;179;167;107m[48;2;179;167;107m▀[0m[38;2;179;167;107m[48;2;179;167;107m▀[0m[38;2;179;167;107m[48;2;179;167;107m▀[0m[38;2;179;167;107m[48;2;179;167;107m▀[0m[38;2;179;167;107m[48;2;179;167;107m▀[0m[38;2;183;170;109m[48;2;181;168;108m▀[0m[38;2;183;170;109m[48;2;181;168;108m▀[0m[38;2;157;146;93m[48;2;168;157;100m▀[0m[38;2;115;107;68m[48;2;148;138;88m▀[0m[38;2;72;67;45m[48;2;131;122;79m▀[0m[38;2;28;27;22m[48;2;112;105;69m▀[0m[38;2;10;10;13m[48;2;69;65;46m▀[0m[38;2;11;11;13m[48;2;11;11;13m▀[0m[38;2;10;10;13m[48;2;0;0;0m▀[0m[38;2;10;11;12m[48;2;0;0;0m▀[0m[38;2;10;11;12m[48;2;0;0;2m▀[0m[38;2;10;11;13m[48;2;0;0;4m▀[0m[38;2;10;11;12m[48;2;0;0;4m▀[0m[38;2;11;11;13m[48;2;0;0;4m▀[0m[38;2;10;10;12m[48;2;0;0;2m▀[0m[38;2;9;9;13m[48;2;0;0;0m▀[0m      [38;2;0;12;12m[48;2;0;12;12m▀[0m[38;2;0;1;9m[48;2;0;1;7m▀[0m[38;2;24;22;20m[48;2;23;21;19m▀[0m[38;2;114;81;50m[48;2;114;81;50m▀[0m[38;2;184;128;73m[48;2;184;128;73m▀[0m[38;2;188;131;74m[48;2;188;131;74m▀[0m[38;2;179;125;71m[48;2;179;125;71m▀[0m[38;2;179;125;71m[48;2;179;125;71m▀[0m[38;2;179;125;71m[48;2;179;125;71m▀[0m[38;2;181;126;72m[48;2;182;127;72m▀[0m[38;2;182;127;72m[48;2;185;129;73m▀[0m[38;2;183;128;72m[48;2;189;132;75m▀[0m[38;2;182;127;72m[48;2;185;130;74m▀[0m[38;2;179;125;71m[48;2;152;106;60m▀[0m[38;2;175;122;69m[48;2;115;80;46m▀[0m[38;2;174;121;69m[48;2;109;76;43m▀[0m[38;2;175;122;69m[48;2;121;84;48m▀[0m[38;2;177;123;70m[48;2;150;105;59m▀[0m[38;2;179;125;71m[48;2;186;129;73m▀[0m[38;2;180;126;71m[48;2;200;139;78m▀[0m[38;2;180;126;71m[48;2;196;136;77m▀[0m[38;2;177;124;70m[48;2;156;110;64m▀[0m[38;2;173;121;69m[48;2;98;71;44m▀[0m[38;2;175;123;69m[48;2;80;60;38m▀[0m[38;2;178;124;71m[48;2;88;65;41m▀[0m[38;2;147;102;59m[48;2;75;55;36m▀[0m[38;2;91;64;36m[48;2;47;36;25m▀[0m[38;2;50;36;22m[48;2;28;23;17m▀[0m[38;2;23;20;17m[48;2;22;18;16m▀[0m[38;2;11;13;14m[48;2;11;14;16m▀[0m
            [38;2;63;63;63m[48;2;73;66;44m▀[0m[38;2;38;38;38m[48;2;99;92;59m▀[0m[38;2;8;8;10m[48;2;125;118;76m▀[0m[38;2;29;27;23m[48;2;146;136;90m▀[0m[38;2;111;105;69m[48;2;186;174;113m▀[0m[38;2;183;171;109m[48;2;215;200;128m▀[0m[38;2;191;177;113m[48;2;218;204;130m▀[0m[38;2;181;169;108m[48;2;214;200;128m▀[0m[38;2;181;169;108m[48;2;216;202;129m▀[0m[38;2;181;169;108m[48;2;214;200;128m▀[0m[38;2;180;168;108m[48;2;196;183;117m▀[0m[38;2;179;167;107m[48;2;176;164;105m▀[0m[38;2;179;167;107m[48;2;172;160;102m▀[0m[38;2;179;167;107m[48;2;175;163;104m▀[0m[38;2;179;167;107m[48;2;176;165;105m▀[0m[38;2;179;167;107m[48;2;179;167;107m▀[0m[38;2;179;167;107m[48;2;179;167;107m▀[0m[38;2;179;167;107m[48;2;179;167;107m▀[0m[38;2;180;167;107m[48;2;180;168;108m▀[0m[38;2;180;168;108m[48;2;183;170;109m▀[0m[38;2;187;175;112m[48;2;188;176;113m▀[0m[38;2;192;179;114m[48;2;193;180;114m▀[0m[38;2;138;129;84m[48;2;169;157;101m▀[0m[38;2;46;44;33m[48;2;124;116;77m▀[0m[38;2;5;5;9m[48;2;86;81;54m▀[0m[38;2;5;5;11m[48;2;41;39;31m▀[0m[38;2;0;0;5m▄[0m[38;2;0;0;0m▄[0m          [38;2;0;12;12m[48;2;0;12;12m▀[0m[38;2;0;3;9m[48;2;0;3;9m▀[0m[38;2;26;23;20m[48;2;26;23;20m▀[0m[38;2;115;82;50m[48;2;115;82;50m▀[0m[38;2;184;128;73m[48;2;184;128;73m▀[0m[38;2;188;131;74m[48;2;188;131;74m▀[0m[38;2;179;125;71m[48;2;179;125;71m▀[0m[38;2;179;125;71m[48;2;178;125;71m▀[0m[38;2;179;125;71m[48;2;179;125;71m▀[0m[38;2;179;125;71m[48;2;185;129;73m▀[0m[38;2;179;125;71m[48;2;190;132;75m▀[0m[38;2;185;129;73m[48;2;194;135;76m▀[0m[38;2;180;126;72m[48;2;190;133;75m▀[0m[38;2;135;94;53m[48;2;173;120;67m▀[0m[38;2;81;57;32m[48;2;142;99;56m▀[0m[38;2;63;44;26m[48;2;90;64;38m▀[0m[38;2;69;48;29m[48;2;42;32;23m▀[0m[38;2;111;78;44m[48;2;51;39;27m▀[0m[38;2;167;117;66m[48;2;86;63;40m▀[0m[38;2;189;132;74m[48;2;98;72;45m▀[0m[38;2;183;128;72m[48;2;95;70;44m▀[0m[38;2;121;87;51m[48;2;69;51;34m▀[0m[38;2;30;25;20m[48;2;15;15;15m▀[0m[38;2;0;5;10m[48;2;0;0;4m▀[0m[38;2;10;12;13m[48;2;0;0;6m▀[0m[38;2;13;14;15m[48;2;0;6;11m▀[0m[38;2;15;15;16m[48;2;6;11;13m▀[0m[38;2;15;15;15m[48;2;9;12;15m▀[0m[38;2;13;13;20m[48;2;0;0;0m▀[0m 
         [38;2;106;85;63m▄[0m[38;2;85;85;85m[48;2;93;87;55m▀[0m[38;2;92;92;57m[48;2;108;102;65m▀[0m[38;2;87;80;52m[48;2;121;113;73m▀[0m[38;2;115;108;69m[48;2;153;143;91m▀[0m[38;2;192;180;115m[48;2;215;200;128m▀[0m[38;2;249;232;149m[48;2;255;240;154m▀[0m[38;2;252;235;151m[48;2;255;239;154m▀[0m[38;2;243;227;146m[48;2;246;229;147m▀[0m[38;2;243;227;145m[48;2;245;229;147m▀[0m[38;2;243;227;146m[48;2;246;230;147m▀[0m[38;2;247;231;148m[48;2;248;232;148m▀[0m[38;2;244;228;146m[48;2;246;230;147m▀[0m[38;2;214;200;128m[48;2;230;215;138m▀[0m[38;2;182;169;109m[48;2;213;199;128m▀[0m[38;2;176;164;105m[48;2;212;198;127m▀[0m[38;2;180;168;108m[48;2;213;199;128m▀[0m[38;2;180;168;107m[48;2;197;184;118m▀[0m[38;2;179;167;107m[48;2;177;165;106m▀[0m[38;2;179;167;107m[48;2;172;161;103m▀[0m[38;2;179;167;107m[48;2;175;163;104m▀[0m[38;2;179;167;107m[48;2;176;164;105m▀[0m[38;2;179;167;107m[48;2;179;167;107m▀[0m[38;2;179;167;107m[48;2;179;167;107m▀[0m[38;2;179;167;107m[48;2;178;167;107m▀[0m[38;2;186;173;110m[48;2;188;175;112m▀[0m[38;2;191;179;114m[48;2;199;186;118m▀[0m[38;2;141;132;86m[48;2;144;135;88m▀[0m[38;2;46;44;33m[48;2;38;37;30m▀[0m[38;2;1;2;7m[48;2;0;0;1m▀[0m[38;2;0;0;5m[48;2;0;0;0m▀[0m          [38;2;0;12;12m[48;2;0;0;0m▀[0m[38;2;0;3;9m[48;2;0;0;6m▀[0m[38;2;26;23;20m[48;2;19;19;18m▀[0m[38;2;115;82;50m[48;2;114;81;50m▀[0m[38;2;184;128;73m[48;2;188;131;74m▀[0m[38;2;188;131;74m[48;2;194;135;76m▀[0m[38;2;179;125;71m[48;2;186;130;74m▀[0m[38;2;179;125;71m[48;2;194;135;76m▀[0m[38;2;179;125;71m[48;2;188;132;74m▀[0m[38;2;178;124;71m[48;2;141;100;59m▀[0m[38;2;176;123;70m[48;2;95;69;43m▀[0m[38;2;176;123;70m[48;2;88;64;41m▀[0m[38;2;176;123;70m[48;2;94;69;43m▀[0m[38;2;186;130;73m[48;2;102;74;46m▀[0m[38;2;182;127;72m[48;2;102;74;46m▀[0m[38;2;110;79;48m[48;2;74;54;35m▀[0m[38;2;23;20;19m[48;2;17;17;17m▀[0m[38;2;2;7;11m[48;2;0;0;8m▀[0m[38;2;12;13;15m[48;2;0;2;8m▀[0m[38;2;14;15;16m[48;2;0;2;10m▀[0m[38;2;14;15;16m[48;2;0;2;10m▀[0m[38;2;13;15;15m[48;2;0;0;9m▀[0m[38;2;21;21;21m▀[0m       
         [38;2;99;88;55m[48;2;95;85;53m▀[0m[38;2;92;86;55m[48;2;90;84;53m▀[0m[38;2;112;105;67m[48;2;120;112;72m▀[0m[38;2;151;141;90m[48;2;178;166;107m▀[0m[38;2;186;173;110m[48;2;221;205;132m▀[0m[38;2;220;205;132m[48;2;236;221;142m▀[0m[38;2;244;227;146m[48;2;243;226;145m▀[0m[38;2;246;229;147m[48;2;244;227;146m▀[0m[38;2;242;226;145m[48;2;242;226;145m▀[0m[38;2;242;226;145m[48;2;242;226;145m▀[0m[38;2;242;226;145m[48;2;242;226;145m▀[0m[38;2;242;226;145m[48;2;242;226;145m▀[0m[38;2;242;226;145m[48;2;242;226;145m▀[0m[38;2;242;226;145m[48;2;244;228;146m▀[0m[38;2;242;226;145m[48;2;246;230;147m▀[0m[38;2;245;229;147m[48;2;250;233;150m▀[0m[38;2;244;228;146m[48;2;251;234;150m▀[0m[38;2;217;202;130m[48;2;235;219;141m▀[0m[38;2;183;170;109m[48;2;213;198;127m▀[0m[38;2;174;163;104m[48;2;209;196;125m▀[0m[38;2;179;167;107m[48;2;212;198;127m▀[0m[38;2;179;167;107m[48;2;199;185;119m▀[0m[38;2;179;167;107m[48;2;178;167;107m▀[0m[38;2;179;167;107m[48;2;173;162;104m▀[0m[38;2;179;167;107m[48;2;178;166;107m▀[0m[38;2;185;172;110m[48;2;182;170;109m▀[0m[38;2;189;177;113m[48;2;184;172;110m▀[0m[38;2;139;130;85m[48;2;162;151;98m▀[0m[38;2;46;44;33m[48;2;118;110;73m▀[0m[38;2;2;3;7m[48;2;80;76;52m▀[0m[38;2;0;0;5m[48;2;41;40;30m▀[0m[38;2;0;0;0m[48;2;2;2;9m▀[0m[38;2;0;0;8m▄[0m    [38;2;0;0;0m▄[0m[38;2;0;0;0m[48;2;0;6;12m▀[0m[38;2;0;0;0m[48;2;1;5;11m▀[0m[38;2;0;0;0m[48;2;0;0;9m▀[0m[38;2;0;12;12m[48;2;11;12;14m▀[0m[38;2;0;3;9m[48;2;50;36;25m▀[0m[38;2;27;23;20m[48;2;80;58;36m▀[0m[38;2;115;82;50m[48;2;126;89;52m▀[0m[38;2;184;128;73m[48;2;155;108;62m▀[0m[38;2;188;131;74m[48;2;148;103;58m▀[0m[38;2;178;125;71m[48;2;130;91;51m▀[0m[38;2;189;132;75m[48;2;119;85;50m▀[0m[38;2;176;123;70m[48;2;97;70;44m▀[0m[38;2;95;69;43m[48;2;57;45;30m▀[0m[38;2;16;15;16m[48;2;0;1;9m▀[0m[38;2;4;8;12m[48;2;0;0;3m▀[0m[38;2;15;15;16m[48;2;0;1;9m▀[0m[38;2;16;16;17m[48;2;0;1;9m▀[0m[38;2;15;15;16m[48;2;0;1;9m▀[0m[38;2;13;15;15m[48;2;0;0;7m▀[0m[38;2;21;21;21m▀[0m             
         [38;2;88;77;55m[48;2;28;28;28m▀[0m[38;2;86;80;51m[48;2;74;70;44m▀[0m[38;2;116;108;69m[48;2;108;101;64m▀[0m[38;2;193;180;116m[48;2;192;179;116m▀[0m[38;2;247;230;148m[48;2;251;234;151m▀[0m[38;2;249;233;149m[48;2;251;235;150m▀[0m[38;2;242;226;145m[48;2;242;226;145m▀[0m[38;2;242;226;145m[48;2;248;232;148m▀[0m[38;2;242;226;145m[48;2;253;236;150m▀[0m[38;2;242;226;145m[48;2;248;231;148m▀[0m[38;2;242;226;145m[48;2;242;226;145m▀[0m[38;2;242;226;145m[48;2;241;225;145m▀[0m[38;2;242;226;145m[48;2;242;226;145m▀[0m[38;2;242;226;145m[48;2;244;227;146m▀[0m[38;2;242;226;145m[48;2;242;226;145m▀[0m[38;2;242;226;145m[48;2;230;215;138m▀[0m[38;2;242;226;145m[48;2;219;204;129m▀[0m[38;2;242;226;145m[48;2;228;213;135m▀[0m[38;2;242;226;145m[48;2;244;228;147m▀[0m[38;2;245;229;147m[48;2;250;233;150m▀[0m[38;2;245;229;147m[48;2;248;232;149m▀[0m[38;2;221;206;132m[48;2;235;220;141m▀[0m[38;2;185;173;111m[48;2;214;200;128m▀[0m[38;2;174;163;104m[48;2;196;183;117m▀[0m[38;2;178;166;107m[48;2;179;166;107m▀[0m[38;2;179;167;107m[48;2;173;162;104m▀[0m[38;2;179;167;107m[48;2;177;165;106m▀[0m[38;2;184;172;110m[48;2;187;175;112m▀[0m[38;2;189;176;113m[48;2;199;186;118m▀[0m[38;2;142;133;87m[48;2;152;143;92m▀[0m[38;2;49;47;35m[48;2;52;50;37m▀[0m[38;2;1;2;8m[48;2;1;2;8m▀[0m[38;2;0;0;4m[48;2;0;0;4m▀[0m  [38;2;0;0;14m▄[0m[38;2;2;8;11m▄[0m[38;2;17;17;17m[48;2;29;25;20m▀[0m[38;2;16;16;16m[48;2;57;43;29m▀[0m[38;2;15;16;17m[48;2;73;54;35m▀[0m[38;2;7;11;14m[48;2;68;50;33m▀[0m[38;2;24;22;19m[48;2;75;55;35m▀[0m[38;2;86;62;38m[48;2;112;79;46m▀[0m[38;2;132;92;52m[48;2;138;95;54m▀[0m[38;2;137;95;54m[48;2;140;97;55m▀[0m[38;2;126;88;50m[48;2;124;87;50m▀[0m[38;2;104;72;41m[48;2;81;58;35m▀[0m[38;2;75;53;30m[48;2;38;29;20m▀[0m[38;2;43;34;23m[48;2;17;16;14m▀[0m[38;2;16;16;16m[48;2;0;1;9m▀[0m[38;2;8;12;14m[48;2;0;0;4m▀[0m[38;2;0;0;0m▀[0m[38;2;0;0;0m▀[0m[38;2;0;0;0m▀[0m[38;2;0;0;0m▀[0m[38;2;0;0;0m▀[0m[38;2;0;0;0m▀[0m              
       [38;2;78;78;58m▄[0m[38;2;85;81;52m▄[0m[38;2;76;76;51m[48;2;116;108;70m▀[0m[38;2;83;77;49m[48;2;148;138;88m▀[0m[38;2;114;106;68m[48;2;175;164;105m▀[0m[38;2;192;179;116m[48;2;218;203;131m▀[0m[38;2;247;230;148m[48;2;245;228;147m▀[0m[38;2;249;233;149m[48;2;251;235;150m▀[0m[38;2;242;226;145m[48;2;239;223;144m▀[0m[38;2;244;227;146m[48;2;192;181;123m▀[0m[38;2;245;228;146m[48;2;162;153;109m▀[0m[38;2;243;227;146m[48;2;199;187;126m▀[0m[38;2;242;226;145m[48;2;242;226;145m▀[0m[38;2;242;226;145m[48;2;247;230;147m▀[0m[38;2;242;226;145m[48;2;242;226;145m▀[0m[38;2;246;229;147m[48;2;249;232;148m▀[0m[38;2;243;227;146m[48;2;244;228;147m▀[0m[38;2;212;198;128m[48;2;184;173;116m▀[0m[38;2;183;170;108m[48;2;125;118;86m▀[0m[38;2;202;188;120m[48;2;162;152;105m▀[0m[38;2;238;222;143m[48;2;235;219;142m▀[0m[38;2;247;230;148m[48;2;251;234;149m▀[0m[38;2;242;226;145m[48;2;242;226;145m▀[0m[38;2;245;229;147m[48;2;245;229;147m▀[0m[38;2;244;228;146m[48;2;248;231;149m▀[0m[38;2;222;207;132m[48;2;236;220;141m▀[0m[38;2;186;173;111m[48;2;214;199;128m▀[0m[38;2;173;162;104m[48;2;195;183;117m▀[0m[38;2;178;166;106m[48;2;179;167;107m▀[0m[38;2;184;172;110m[48;2;179;167;107m▀[0m[38;2;190;177;113m[48;2;189;176;112m▀[0m[38;2;143;134;87m[48;2;141;132;86m▀[0m[38;2;49;47;35m[48;2;41;40;31m▀[0m[38;2;1;2;8m[48;2;0;0;2m▀[0m[38;2;0;0;4m[48;2;0;0;0m▀[0m  [38;2;7;7;14m[48;2;6;6;12m▀[0m[38;2;4;8;12m[48;2;3;7;12m▀[0m[38;2;31;26;21m[48;2;33;28;22m▀[0m[38;2;93;66;41m[48;2;99;70;43m▀[0m[38;2;132;92;52m[48;2;143;99;56m▀[0m[38;2;131;91;52m[48;2;146;100;57m▀[0m[38;2;126;88;50m[48;2;142;98;55m▀[0m[38;2;127;89;51m[48;2;139;97;54m▀[0m[38;2;128;89;51m[48;2;133;92;52m▀[0m[38;2;137;94;53m[48;2;126;87;48m▀[0m[38;2;124;87;50m[48;2;104;72;42m▀[0m[38;2;66;49;32m[48;2;54;41;28m▀[0m[38;2;14;15;15m[48;2;10;13;15m▀[0m[38;2;4;6;10m[48;2;0;4;10m▀[0m[38;2;0;0;0m▀[0m[38;2;0;0;0m▀[0m                    
       [38;2;94;85;56m[48;2;93;85;51m▀[0m[38;2;86;80;51m[48;2;86;81;51m▀[0m[38;2;120;111;71m[48;2;128;118;77m▀[0m[38;2;195;182;117m[48;2;207;193;124m▀[0m[38;2;244;228;147m[48;2;255;241;155m▀[0m[38;2;247;230;148m[48;2;253;236;151m▀[0m[38;2;243;226;145m[48;2;243;226;145m▀[0m[38;2;254;237;151m[48;2;255;238;151m▀[0m[38;2;236;220;142m[48;2;235;219;142m▀[0m[38;2;134;128;96m[48;2;119;115;90m▀[0m[38;2;69;69;66m[48;2;45;47;56m▀[0m[38;2;149;142;103m[48;2;136;130;98m▀[0m[38;2;243;226;145m[48;2;243;226;145m▀[0m[38;2;253;236;150m[48;2;254;237;151m▀[0m[38;2;242;226;145m[48;2;242;226;145m▀[0m[38;2;252;235;150m[48;2;253;236;150m▀[0m[38;2;246;229;147m[48;2;246;229;147m▀[0m[38;2;158;148;107m[48;2;148;139;102m▀[0m[38;2;69;69;66m[48;2;49;50;58m▀[0m[38;2;124;119;92m[48;2;110;106;86m▀[0m[38;2;231;216;140m[48;2;230;215;140m▀[0m[38;2;255;238;151m[48;2;255;239;152m▀[0m[38;2;243;227;146m[48;2;243;227;146m▀[0m[38;2;242;226;145m[48;2;242;226;145m▀[0m[38;2;242;226;145m[48;2;242;226;145m▀[0m[38;2;243;228;146m[48;2;245;229;146m▀[0m[38;2;244;227;146m[48;2;248;232;149m▀[0m[38;2;222;208;133m[48;2;236;221;141m▀[0m[38;2;186;174;112m[48;2;213;200;128m▀[0m[38;2;178;166;106m[48;2;198;184;118m▀[0m[38;2;189;176;112m[48;2;186;173;110m▀[0m[38;2;142;133;87m[48;2;155;145;94m▀[0m[38;2;46;44;33m[48;2;108;101;67m▀[0m[38;2;0;0;6m[48;2;71;67;47m▀[0m[38;2;0;0;0m[48;2;41;39;28m▀[0m[38;2;3;3;9m▄[0m[38;2;0;0;0m▄[0m[38;2;6;6;13m[48;2;0;0;0m▀[0m[38;2;4;8;12m[48;2;0;4;10m▀[0m[38;2;31;26;21m[48;2;26;23;20m▀[0m[38;2;94;67;41m[48;2;95;68;41m▀[0m[38;2;134;93;53m[48;2;130;90;51m▀[0m[38;2;135;93;54m[48;2;102;72;43m▀[0m[38;2;131;91;52m[48;2;78;57;35m▀[0m[38;2;135;94;53m[48;2;82;59;37m▀[0m[38;2;128;89;51m[48;2;79;58;36m▀[0m[38;2;105;73;41m[48;2;65;47;30m▀[0m[38;2;76;53;31m[48;2;46;34;23m▀[0m[38;2;42;33;23m[48;2;31;26;19m▀[0m[38;2;14;15;15m[48;2;14;16;16m▀[0m[38;2;8;10;14m[48;2;11;11;15m▀[0m                      
       [38;2;91;81;54m[48;2;91;81;54m▀[0m[38;2;86;81;51m[48;2;86;81;51m▀[0m[38;2;120;111;72m[48;2;120;111;72m▀[0m[38;2;197;184;118m[48;2;197;184;118m▀[0m[38;2;248;232;149m[48;2;248;232;149m▀[0m[38;2;249;232;149m[48;2;249;232;149m▀[0m[38;2;243;226;145m[48;2;243;226;145m▀[0m[38;2;254;237;151m[48;2;251;234;150m▀[0m[38;2;236;220;142m[48;2;237;221;143m▀[0m[38;2;129;123;94m[48;2;158;149;104m▀[0m[38;2;60;60;62m[48;2;107;102;79m▀[0m[38;2;144;137;101m[48;2;169;159;110m▀[0m[38;2;243;226;145m[48;2;243;226;145m▀[0m[38;2;253;236;150m[48;2;250;234;149m▀[0m[38;2;242;226;145m[48;2;242;226;145m▀[0m[38;2;252;235;150m[48;2;248;231;148m▀[0m[38;2;246;229;147m[48;2;244;228;146m▀[0m[38;2;153;144;105m[48;2;190;178;122m▀[0m[38;2;60;61;62m[48;2;136;130;97m▀[0m[38;2;118;113;89m[48;2;170;160;113m▀[0m[38;2;231;216;140m[48;2;235;220;142m▀[0m[38;2;255;238;151m[48;2;250;233;149m▀[0m[38;2;243;227;146m[48;2;243;227;146m▀[0m[38;2;242;226;145m[48;2;242;226;145m▀[0m[38;2;242;226;145m[48;2;242;226;145m▀[0m[38;2;242;226;145m[48;2;242;226;145m▀[0m[38;2;242;226;145m[48;2;242;226;145m▀[0m[38;2;243;227;146m[48;2;245;228;146m▀[0m[38;2;244;228;146m[48;2;249;232;149m▀[0m[38;2;223;209;133m[48;2;237;221;141m▀[0m[38;2;188;175;112m[48;2;213;198;127m▀[0m[38;2;176;164;105m[48;2;202;188;121m▀[0m[38;2;183;170;108m[48;2;202;188;119m▀[0m[38;2;142;133;86m[48;2;153;143;92m▀[0m[38;2;53;50;37m[48;2;56;53;38m▀[0m[38;2;2;3;9m[48;2;2;3;8m▀[0m[38;2;0;0;0m[48;2;0;0;5m▀[0m[38;2;0;0;0m[48;2;18;18;18m▀[0m[38;2;0;5;10m[48;2;53;40;27m▀[0m[38;2;29;25;21m[48;2;80;58;36m▀[0m[38;2;100;72;43m[48;2;125;87;50m▀[0m[38;2;124;86;49m[48;2;125;87;50m▀[0m[38;2;62;46;30m[48;2;55;42;29m▀[0m[38;2;16;16;16m[48;2;3;7;12m▀[0m[38;2;17;17;16m[48;2;0;3;10m▀[0m[38;2;21;20;18m[48;2;3;8;11m▀[0m[38;2;21;20;18m[48;2;6;10;15m▀[0m[38;2;18;17;16m[48;2;8;10;13m▀[0m[38;2;19;17;17m[48;2;9;9;13m▀[0m[38;2;23;23;23m▀[0m[38;2;0;0;0m▀[0m                      
       [38;2;91;81;54m[48;2;75;60;45m▀[0m[38;2;86;81;51m[48;2;78;73;46m▀[0m[38;2;120;111;72m[48;2;114;105;68m▀[0m[38;2;197;184;118m[48;2;195;182;117m▀[0m[38;2;248;232;149m[48;2;248;232;149m▀[0m[38;2;249;232;149m[48;2;249;232;149m▀[0m[38;2;242;226;145m[48;2;242;226;145m▀[0m[38;2;247;231;148m[48;2;244;228;147m▀[0m[38;2;240;224;144m[48;2;241;225;145m▀[0m[38;2;197;184;119m[48;2;223;207;132m▀[0m[38;2;170;159;103m[48;2;211;196;124m▀[0m[38;2;203;190;123m[48;2;225;210;134m▀[0m[38;2;242;226;145m[48;2;242;226;145m▀[0m[38;2;247;230;147m[48;2;244;228;146m▀[0m[38;2;242;226;145m[48;2;242;226;145m▀[0m[38;2;243;227;145m[48;2;241;225;145m▀[0m[38;2;242;226;145m[48;2;242;226;145m▀[0m[38;2;237;221;143m[48;2;248;232;148m▀[0m[38;2;232;217;140m[48;2;255;238;151m▀[0m[38;2;235;220;142m[48;2;251;234;149m▀[0m[38;2;241;225;145m[48;2;243;227;145m▀[0m[38;2;243;227;145m[48;2;241;225;145m▀[0m[38;2;242;226;145m[48;2;242;226;145m▀[0m[38;2;242;226;145m[48;2;242;226;145m▀[0m[38;2;242;226;145m[48;2;242;226;145m▀[0m[38;2;242;226;145m[48;2;242;226;145m▀[0m[38;2;242;226;145m[48;2;242;226;145m▀[0m[38;2;242;226;145m[48;2;242;226;145m▀[0m[38;2;242;226;145m[48;2;242;226;145m▀[0m[38;2;243;227;146m[48;2;245;228;146m▀[0m[38;2;243;227;146m[48;2;249;232;149m▀[0m[38;2;228;214;137m[48;2;242;226;145m▀[0m[38;2;201;187;120m[48;2;224;210;134m▀[0m[38;2;142;132;85m[48;2;160;149;97m▀[0m[38;2;51;48;35m[48;2;44;43;32m▀[0m[38;2;2;4;9m[48;2;1;1;6m▀[0m[38;2;0;3;9m[48;2;41;30;23m▀[0m[38;2;28;24;20m[48;2;72;54;35m▀[0m[38;2;94;67;40m[48;2;89;64;39m▀[0m[38;2;135;93;53m[48;2;97;69;41m▀[0m[38;2;144;99;56m[48;2;97;68;42m▀[0m[38;2;121;85;49m[48;2;79;57;36m▀[0m[38;2;57;43;30m[48;2;46;36;26m▀[0m[38;2;10;11;13m[48;2;10;12;13m▀[0m[38;2;2;4;11m[48;2;0;0;10m▀[0m[38;2;17;17;17m▀[0m[38;2;17;17;17m▀[0m[38;2;18;18;18m▀[0m[38;2;0;0;0m▀[0m                        
     [38;2;0;0;0m▄[0m[38;2;64;60;38m▄[0m[38;2;70;56;42m[48;2;104;97;61m▀[0m[38;2;79;73;46m[48;2;133;124;79m▀[0m[38;2;114;106;69m[48;2;165;153;99m▀[0m[38;2;195;182;117m[48;2;215;201;129m▀[0m[38;2;248;232;149m[48;2;246;230;148m▀[0m[38;2;249;232;149m[48;2;251;234;150m▀[0m[38;2;242;226;145m[48;2;248;232;149m▀[0m[38;2;242;226;145m[48;2;245;228;147m▀[0m[38;2;242;226;145m[48;2;242;226;145m▀[0m[38;2;240;224;143m[48;2;244;228;147m▀[0m[38;2;238;222;142m[48;2;247;230;148m▀[0m[38;2;240;224;144m[48;2;244;228;146m▀[0m[38;2;242;226;145m[48;2;242;226;145m▀[0m[38;2;242;226;145m[48;2;242;226;145m▀[0m[38;2;242;226;145m[48;2;242;226;145m▀[0m[38;2;242;226;145m[48;2;242;226;145m▀[0m[38;2;242;226;145m[48;2;242;226;145m▀[0m[38;2;242;226;145m[48;2;242;226;145m▀[0m[38;2;243;227;145m[48;2;242;226;145m▀[0m[38;2;243;227;145m[48;2;242;226;145m▀[0m[38;2;242;226;145m[48;2;242;226;145m▀[0m[38;2;242;226;145m[48;2;242;226;145m▀[0m[38;2;242;226;145m[48;2;242;226;145m▀[0m[38;2;242;226;145m[48;2;242;226;145m▀[0m[38;2;242;226;145m[48;2;242;226;145m▀[0m[38;2;242;226;145m[48;2;242;226;145m▀[0m[38;2;242;226;145m[48;2;242;226;145m▀[0m[38;2;242;226;145m[48;2;242;226;145m▀[0m[38;2;242;226;145m[48;2;242;226;145m▀[0m[38;2;242;226;145m[48;2;242;226;145m▀[0m[38;2;243;227;145m[48;2;242;226;145m▀[0m[38;2;247;231;148m[48;2;247;231;148m▀[0m[38;2;252;238;152m[48;2;254;240;153m▀[0m[38;2;189;177;115m[48;2;217;204;132m▀[0m[38;2;49;49;37m[48;2;128;123;82m▀[0m[38;2;13;8;9m[48;2;85;76;51m▀[0m[38;2;95;65;38m[48;2;91;67;42m▀[0m[38;2;118;83;48m[48;2;79;52;31m▀[0m[38;2;57;43;29m[48;2;36;27;19m▀[0m[38;2;20;19;18m[48;2;0;3;9m▀[0m[38;2;23;21;20m[48;2;0;4;12m▀[0m[38;2;23;21;17m[48;2;3;6;12m▀[0m[38;2;22;20;17m[48;2;0;5;11m▀[0m[38;2;15;15;15m▀[0m[38;2;0;0;0m▀[0m                            
 [38;2;42;42;42m▄[0m[38;2;82;77;47m▄[0m[38;2;86;82;52m▄[0m[38;2;76;70;46m▄[0m[38;2;63;63;38m[48;2;101;94;61m▀[0m[38;2;78;71;47m[48;2;128;119;77m▀[0m[38;2;115;108;69m[48;2;173;162;104m▀[0m[38;2;191;178;114m[48;2;228;213;136m▀[0m[38;2;238;221;142m[48;2;255;242;156m▀[0m[38;2;243;227;146m[48;2;255;241;155m▀[0m[38;2;243;227;146m[48;2;244;228;146m▀[0m[38;2;247;231;148m[48;2;214;200;128m▀[0m[38;2;249;232;149m[48;2;201;188;120m▀[0m[38;2;245;229;147m[48;2;228;213;136m▀[0m[38;2;242;226;145m[48;2;252;235;151m▀[0m[38;2;242;226;145m[48;2;249;232;149m▀[0m[38;2;242;226;145m[48;2;242;226;145m▀[0m[38;2;242;226;145m[48;2;241;225;145m▀[0m[38;2;242;226;145m[48;2;242;226;145m▀[0m[38;2;242;226;145m[48;2;242;226;145m▀[0m[38;2;242;226;145m[48;2;242;226;145m▀[0m[38;2;242;226;145m[48;2;242;226;145m▀[0m[38;2;242;226;145m[48;2;242;226;145m▀[0m[38;2;242;226;145m[48;2;242;226;145m▀[0m[38;2;242;226;145m[48;2;242;226;145m▀[0m[38;2;242;226;145m[48;2;245;228;147m▀[0m[38;2;242;226;145m[48;2;248;231;148m▀[0m[38;2;242;226;145m[48;2;246;230;147m▀[0m[38;2;242;226;145m[48;2;242;226;145m▀[0m[38;2;242;226;145m[48;2;242;226;145m▀[0m[38;2;242;226;145m[48;2;242;226;145m▀[0m[38;2;242;226;145m[48;2;242;226;145m▀[0m[38;2;242;226;145m[48;2;242;226;145m▀[0m[38;2;242;226;145m[48;2;242;226;145m▀[0m[38;2;242;226;145m[48;2;241;225;145m▀[0m[38;2;242;226;145m[48;2;244;228;146m▀[0m[38;2;242;226;145m[48;2;250;233;149m▀[0m[38;2;243;227;145m[48;2;251;235;150m▀[0m[38;2;244;228;146m[48;2;251;234;150m▀[0m[38;2;243;227;146m[48;2;255;241;154m▀[0m[38;2;238;225;144m[48;2;255;255;163m▀[0m[38;2;186;172;112m[48;2;236;220;142m▀[0m[38;2;68;62;44m[48;2;133;127;86m▀[0m[38;2;1;0;4m[48;2;64;62;46m▀[0m[38;2;0;0;0m[48;2;32;32;23m▀[0m[38;2;0;0;21m[48;2;0;0;0m▀[0m[38;2;0;13;13m▀[0m[38;2;0;12;12m▀[0m[38;2;0;0;0m▀[0m                              
[38;2;88;83;53m▄[0m[38;2;91;81;45m[48;2;120;111;70m▀[0m[38;2;94;86;55m[48;2;145;134;86m▀[0m[38;2;97;90;58m[48;2;166;155;100m▀[0m[38;2;85;79;51m[48;2;156;145;93m▀[0m[38;2;113;105;67m[48;2;174;163;104m▀[0m[38;2;188;176;112m[48;2;234;218;140m▀[0m[38;2;238;222;143m[48;2;255;246;158m▀[0m[38;2;247;230;147m[48;2;246;229;147m▀[0m[38;2;249;233;150m[48;2;226;211;135m▀[0m[38;2;255;242;155m[48;2;221;207;132m▀[0m[38;2;241;224;144m[48;2;192;179;115m▀[0m[38;2;162;151;96m[48;2;109;101;65m▀[0m[38;2;124;116;74m[48;2;64;60;39m▀[0m[38;2;194;181;116m[48;2;116;108;70m▀[0m[38;2;255;240;154m[48;2;178;166;107m▀[0m[38;2;255;238;153m[48;2;222;207;134m▀[0m[38;2;242;226;145m[48;2;251;235;150m▀[0m[38;2;241;225;145m[48;2;251;234;150m▀[0m[38;2;242;226;145m[48;2;242;226;145m▀[0m[38;2;242;226;145m[48;2;242;226;145m▀[0m[38;2;242;226;145m[48;2;242;226;145m▀[0m[38;2;242;226;145m[48;2;242;226;145m▀[0m[38;2;242;226;145m[48;2;242;226;145m▀[0m[38;2;242;226;145m[48;2;247;230;148m▀[0m[38;2;242;226;145m[48;2;248;232;149m▀[0m[38;2;245;229;147m[48;2;227;212;135m▀[0m[38;2;250;233;150m[48;2;202;189;120m▀[0m[38;2;247;231;148m[48;2;216;202;129m▀[0m[38;2;243;227;145m[48;2;247;230;147m▀[0m[38;2;241;225;145m[48;2;252;236;151m▀[0m[38;2;242;226;145m[48;2;245;229;147m▀[0m[38;2;242;226;145m[48;2;243;227;146m▀[0m[38;2;242;226;145m[48;2;242;226;145m▀[0m[38;2;242;226;145m[48;2;247;230;148m▀[0m[38;2;241;225;145m[48;2;254;237;152m▀[0m[38;2;245;229;147m[48;2;231;216;139m▀[0m[38;2;252;236;151m[48;2;186;174;112m▀[0m[38;2;255;238;153m[48;2;167;156;101m▀[0m[38;2;255;238;152m[48;2;168;158;102m▀[0m[38;2;255;238;152m[48;2;177;165;107m▀[0m[38;2;255;238;153m[48;2;192;179;115m▀[0m[38;2;250;233;149m[48;2;219;205;131m▀[0m[38;2;238;225;144m[48;2;255;247;157m▀[0m[38;2;185;174;112m[48;2;247;231;148m▀[0m[38;2;66;63;44m[48;2;147;141;93m▀[0m[38;2;0;0;0m[48;2;74;70;48m▀[0m[38;2;0;0;0m[48;2;53;49;35m▀[0m[38;2;0;0;7m▄[0m[38;2;0;0;0m▄[0m                              
[38;2;88;82;52m[48;2;89;82;52m▀[0m[38;2;126;117;75m[48;2;119;110;71m▀[0m[38;2;203;189;120m[48;2;166;156;100m▀[0m[38;2;248;232;148m[48;2;198;185;120m▀[0m[38;2;243;226;145m[48;2;195;182;119m▀[0m[38;2;242;226;145m[48;2;190;178;116m▀[0m[38;2;255;239;153m[48;2;187;174;114m▀[0m[38;2;252;235;150m[48;2;175;163;106m▀[0m[38;2;222;207;133m[48;2;150;140;92m▀[0m[38;2;188;175;112m[48;2;123;114;75m▀[0m[38;2;155;145;92m[48;2;91;85;55m▀[0m[38;2;115;107;69m[48;2;62;59;40m▀[0m[38;2;57;53;36m[48;2;39;38;32m▀[0m[38;2;19;19;16m[48;2;22;23;27m▀[0m[38;2;17;16;13m[48;2;8;9;17m▀[0m[38;2;49;47;34m[48;2;19;20;24m▀[0m[38;2;162;151;99m[48;2;100;95;68m▀[0m[38;2;255;241;154m[48;2;183;171;111m▀[0m[38;2;255;244;156m[48;2;226;212;136m▀[0m[38;2;242;226;145m[48;2;250;233;149m▀[0m[38;2;241;225;145m[48;2;254;237;152m▀[0m[38;2;242;226;145m[48;2;250;233;149m▀[0m[38;2;242;226;145m[48;2;251;234;150m▀[0m[38;2;242;226;145m[48;2;248;231;149m▀[0m[38;2;253;236;152m[48;2;235;219;141m▀[0m[38;2;254;237;153m[48;2;210;196;125m▀[0m[38;2;193;180;115m[48;2;147;138;91m▀[0m[38;2;125;116;73m[48;2;85;80;58m▀[0m[38;2;162;151;96m[48;2;105;99;69m▀[0m[38;2;244;228;146m[48;2;167;156;102m▀[0m[38;2;255;245;157m[48;2;202;189;121m▀[0m[38;2;248;232;149m[48;2;225;210;134m▀[0m[38;2;243;227;146m[48;2;243;227;145m▀[0m[38;2;242;226;145m[48;2;252;235;151m▀[0m[38;2;253;236;151m[48;2;237;221;142m▀[0m[38;2;255;249;159m[48;2;199;187;121m▀[0m[38;2;203;189;123m[48;2;132;125;85m▀[0m[38;2;79;74;51m[48;2;42;40;36m▀[0m[38;2;27;25;20m[48;2;3;4;15m▀[0m[38;2;31;30;24m[48;2;7;9;18m▀[0m[38;2;55;52;37m[48;2;23;23;24m▀[0m[38;2;97;90;59m[48;2;48;45;33m▀[0m[38;2;154;144;91m[48;2;91;85;55m▀[0m[38;2;229;215;136m[48;2;152;143;93m▀[0m[38;2;255;247;158m[48;2;192;179;117m▀[0m[38;2;248;239;153m[48;2;202;195;126m▀[0m[38;2;200;187;120m[48;2;176;165;107m▀[0m[38;2;87;81;56m[48;2;75;71;51m▀[0m[38;2;1;2;8m[48;2;6;7;11m▀[0m[38;2;0;0;0m[48;2;5;5;5m▀[0m                              
[38;2;87;80;55m▀[0m[38;2;72;66;47m[48;2;0;0;0m▀[0m[38;2;51;49;36m[48;2;0;0;1m▀[0m[38;2;54;52;39m[48;2;0;0;4m▀[0m[38;2;54;51;39m[48;2;0;0;4m▀[0m[38;2;52;50;37m[48;2;0;0;2m▀[0m[38;2;51;49;37m[48;2;0;0;2m▀[0m[38;2;49;47;35m[48;2;0;0;4m▀[0m[38;2;44;42;32m[48;2;0;0;5m▀[0m[38;2;38;37;29m[48;2;1;2;7m▀[0m[38;2;28;27;21m[48;2;3;4;7m▀[0m[38;2;28;27;23m[48;2;14;14;16m▀[0m[38;2;46;46;45m[48;2;39;39;40m▀[0m[38;2;60;60;61m[48;2;58;58;58m▀[0m[38;2;60;61;62m[48;2;62;62;62m▀[0m[38;2;56;56;57m[48;2;54;54;54m▀[0m[38;2;38;38;37m[48;2;12;14;22m▀[0m[38;2;52;50;36m[48;2;2;3;8m▀[0m[38;2;157;147;96m[48;2;93;88;60m▀[0m[38;2;255;240;153m[48;2;186;174;113m▀[0m[38;2;255;251;161m[48;2;194;183;119m▀[0m[38;2;255;239;153m[48;2;185;173;113m▀[0m[38;2;255;244;156m[48;2;204;191;123m▀[0m[38;2;254;237;152m[48;2;212;198;127m▀[0m[38;2;200;185;118m[48;2;158;148;97m▀[0m[38;2;132;122;76m[48;2;90;84;59m▀[0m[38;2;94;89;65m[48;2;68;67;58m▀[0m[38;2;72;70;64m[48;2;66;65;66m▀[0m[38;2;48;48;46m[48;2;37;39;46m▀[0m[38;2;40;39;31m[48;2;11;13;21m▀[0m[38;2;94;88;58m[48;2;48;46;37m▀[0m[38;2;180;168;107m[48;2;118;111;73m▀[0m[38;2;235;220;140m[48;2;165;155;99m▀[0m[38;2;255;246;157m[48;2;191;179;116m▀[0m[38;2;203;189;122m[48;2;135;127;84m▀[0m[38;2;80;75;51m[48;2;24;24;20m▀[0m[38;2;35;35;32m[48;2;0;3;12m▀[0m[38;2;52;52;52m[48;2;43;43;45m▀[0m[38;2;59;59;61m[48;2;61;61;61m▀[0m[38;2;58;59;61m[48;2;60;60;60m▀[0m[38;2;51;51;51m[48;2;47;48;48m▀[0m[38;2;32;31;29m[48;2;22;22;24m▀[0m[38;2;29;27;21m[48;2;5;5;9m▀[0m[38;2;43;41;31m[48;2;0;0;4m▀[0m[38;2;52;50;37m[48;2;0;0;2m▀[0m[38;2;55;53;39m[48;2;0;0;2m▀[0m[38;2;49;47;35m[48;2;0;0;5m▀[0m[38;2;30;29;25m[48;2;10;10;13m▀[0m[38;2;13;13;14m[48;2;16;16;16m▀[0m[38;2;13;13;13m[48;2;15;15;15m▀[0m                              
 [38;2;0;0;0m▀[0m[38;2;0;0;0m▀[0m[38;2;0;0;0m▀[0m[38;2;0;0;0m▀[0m[38;2;0;0;0m▀[0m[38;2;0;0;0m▀[0m[38;2;0;0;0m▀[0m[38;2;0;0;6m▀[0m[38;2;4;4;8m[48;2;0;0;0m▀[0m[38;2;12;12;13m[48;2;15;15;15m▀[0m[38;2;17;17;18m[48;2;17;17;17m▀[0m[38;2;23;23;23m[48;2;14;14;14m▀[0m[38;2;26;26;26m[48;2;10;10;10m▀[0m[38;2;27;27;27m[48;2;10;10;10m▀[0m[38;2;25;25;25m[48;2;12;12;12m▀[0m[38;2;16;16;18m[48;2;16;14;14m▀[0m[38;2;13;14;15m[48;2;16;16;16m▀[0m[38;2;34;33;27m[48;2;5;5;9m▀[0m[38;2;55;52;38m[48;2;0;0;4m▀[0m[38;2;53;50;37m[48;2;0;0;0m▀[0m[38;2;54;51;38m[48;2;0;0;4m▀[0m[38;2;94;88;58m[48;2;40;37;26m▀[0m[38;2;132;123;78m[48;2;86;81;52m▀[0m[38;2;112;105;75m[48;2;74;71;54m▀[0m[38;2;74;72;66m[48;2;50;50;52m▀[0m[38;2;65;66;65m[48;2;49;50;53m▀[0m[38;2;67;67;67m[48;2;52;52;52m▀[0m[38;2;62;63;64m[48;2;56;56;55m▀[0m[38;2;56;57;59m[48;2;57;57;57m▀[0m[38;2;50;49;47m[48;2;41;41;42m▀[0m[38;2;44;42;34m[48;2;9;9;14m▀[0m[38;2;47;44;32m[48;2;0;0;1m▀[0m[38;2;55;52;38m[48;2;0;0;2m▀[0m[38;2;43;42;32m[48;2;0;1;6m▀[0m[38;2;18;18;18m[48;2;13;13;14m▀[0m[38;2;13;14;16m[48;2;16;16;16m▀[0m[38;2;23;23;23m[48;2;12;12;12m▀[0m[38;2;27;27;27m[48;2;10;10;10m▀[0m[38;2;27;27;27m[48;2;10;10;10m▀[0m[38;2;24;24;24m[48;2;12;12;12m▀[0m[38;2;19;19;19m[48;2;16;16;16m▀[0m[38;2;13;13;14m[48;2;16;16;16m▀[0m[38;2;7;7;10m[48;2;15;15;15m▀[0m[38;2;0;0;0m▀[0m[38;2;0;0;0m▀[0m[38;2;0;0;6m▀[0m[38;2;12;12;12m▀[0m[38;2;20;20;13m▀[0m[38;2;18;18;18m▀[0m                              
          [38;2;18;18;18m▀[0m[38;2;17;17;17m▀[0m[38;2;11;11;11m▀[0m[38;2;11;11;11m▀[0m[38;2;11;11;11m▀[0m[38;2;11;11;11m▀[0m[38;2;17;17;17m▀[0m[38;2;17;17;17m▀[0m[38;2;5;5;11m▀[0m[38;2;0;0;0m▀[0m[38;2;0;0;0m▀[0m[38;2;0;0;0m▀[0m[38;2;34;34;22m▀[0m[38;2;85;79;51m▀[0m[38;2;37;35;30m[48;2;0;0;5m▀[0m[38;2;23;23;24m[48;2;10;11;11m▀[0m[38;2;24;25;25m[48;2;13;13;13m▀[0m[38;2;24;24;24m[48;2;12;12;12m▀[0m[38;2;26;26;26m[48;2;13;13;13m▀[0m[38;2;27;27;27m[48;2;13;13;13m▀[0m[38;2;23;23;24m[48;2;12;12;12m▀[0m[38;2;11;11;15m[48;2;0;0;0m▀[0m[38;2;0;0;0m▀[0m[38;2;0;0;0m▀[0m[38;2;0;0;5m▀[0m[38;2;11;11;11m▀[0m[38;2;17;17;17m▀[0m[38;2;11;11;11m▀[0m[38;2;11;11;11m▀[0m[38;2;11;11;11m▀[0m[38;2;11;11;11m▀[0m[38;2;17;17;17m▀[0m[38;2;14;14;14m▀[0m[38;2;0;0;0m▀[0m                                    
[0m