                                    [38;2;128;51;51m▄[0m[38;2;128;51;51m[48;2;179;71;71m▀[0m[38;2;128;51;51m[48;2;242;97;97m▀[0m[38;2;128;51;51m▄[0m                                    
                                   [38;2;16;16;16m▄[0m[38;2;128;51;51m[48;2;179;71;71m▀[0m[38;2;179;71;71m[48;2;179;71;71m▀[0m[38;2;242;97;97m[48;2;242;97;97m▀[0m[38;2;128;51;51m[48;2;128;51;51m▀[0m                                    
                                  [38;2;16;16;16m▄[0m[38;2;16;16;16m[48;2;179;71;71m▀[0m[38;2;179;71;71m[48;2;179;71;71m▀[0m[38;2;179;71;71m[48;2;179;71;71m▀[0m[38;2;242;97;97m[48;2;242;97;97m▀[0m[38;2;242;97;97m[48;2;242;97;97m▀[0m[38;2;128;51;51m[48;2;128;51;51m▀[0m                                   
                                  [38;2;16;16;16m[48;2;16;16;16m▀[0m[38;2;179;71;71m[48;2;128;51;51m▀[0m[38;2;179;71;71m[48;2;128;51;51m▀[0m[38;2;128;51;51m[48;2;242;97;97m▀[0m[38;2;242;97;97m[48;2;128;51;51m▀[0m[38;2;242;97;97m[48;2;128;51;51m▀[0m[38;2;128;51;51m[48;2;128;51;51m▀[0m                                   
                                  [38;2;115;75;34m▄[0m[38;2;115;75;34m▄[0m[38;2;128;51;51m[48;2;166;112;58m▀[0m[38;2;242;97;97m[48;2;166;112;58m▀[0m[38;2;128;51;51m[48;2;16;16;16m▀[0m[38;2;16;16;16m▄[0m                                    
                                [38;2;115;75;34m▄[0m[38;2;115;75;34m[48;2;242;170;97m▀[0m[38;2;242;170;97m[48;2;242;170;97m▀[0m[38;2;242;170;97m[48;2;242;170;97m▀[0m[38;2;242;170;97m[48;2;242;170;97m▀[0m[38;2;242;170;97m[48;2;242;170;97m▀[0m[38;2;166;112;58m[48;2;242;170;97m▀[0m[38;2;166;112;58m[48;2;166;112;58m▀[0m[38;2;16;16;16m[48;2;166;112;58m▀[0m[38;2;16;16;16m▄[0m                                  
                             [38;2;115;75;34m▄[0m[38;2;115;75;34m▄[0m[38;2;115;75;34m[48;2;242;170;97m▀[0m[38;2;242;170;97m[48;2;166;112;58m▀[0m[38;2;242;170;97m[48;2;170;218;242m▀[0m[38;2;242;170;97m[48;2;242;170;97m▀[0m[38;2;242;170;97m[48;2;242;170;97m▀[0m[38;2;242;170;97m[48;2;242;170;97m▀[0m[38;2;242;170;97m[48;2;242;206;215m▀[0m[38;2;242;170;97m[48;2;166;112;58m▀[0m[38;2;242;170;97m[48;2;242;170;97m▀[0m[38;2;166;112;58m[48;2;242;170;97m▀[0m[38;2;166;112;58m[48;2;166;112;58m▀[0m[38;2;16;16;16m[48;2;166;112;58m▀[0m[38;2;16;16;16m▄[0m                                
                            [38;2;115;75;34m[48;2;115;75;34m▀[0m[38;2;242;206;215m[48;2;242;206;215m▀[0m[38;2;242;206;215m[48;2;166;112;58m▀[0m[38;2;166;112;58m[48;2;166;112;58m▀[0m[38;2;170;218;242m[48;2;166;112;58m▀[0m[38;2;170;218;242m[48;2;166;112;58m▀[0m[38;2;166;112;58m[48;2;166;112;58m▀[0m[38;2;242;170;97m[48;2;242;170;97m▀[0m[38;2;166;112;58m[48;2;166;112;58m▀[0m[38;2;242;206;215m[48;2;166;112;58m▀[0m[38;2;242;206;215m[48;2;166;112;58m▀[0m[38;2;166;112;58m[48;2;166;112;58m▀[0m[38;2;242;170;97m[48;2;242;170;97m▀[0m[38;2;166;112;58m[48;2;242;170;97m▀[0m[38;2;170;218;242m[48;2;170;218;242m▀[0m[38;2;166;112;58m[48;2;170;218;242m▀[0m[38;2;16;16;16m[48;2;115;75;34m▀[0m[38;2;16;16;16m▄[0m                              
                           [38;2;115;75;34m▄[0m[38;2;115;75;34m[48;2;166;112;58m▀[0m[38;2;166;112;58m[48;2;242;170;97m▀[0m[38;2;242;170;97m[48;2;242;170;97m▀[0m[38;2;242;170;97m[48;2;242;170;97m▀[0m[38;2;242;170;97m[48;2;242;170;97m▀[0m[38;2;242;170;97m[48;2;242;170;97m▀[0m[38;2;242;170;97m[48;2;242;170;97m▀[0m[38;2;242;170;97m[48;2;242;170;97m▀[0m[38;2;242;170;97m[48;2;242;170;97m▀[0m[38;2;242;170;97m[48;2;242;170;97m▀[0m[38;2;242;170;97m[48;2;242;170;97m▀[0m[38;2;242;170;97m[48;2;242;170;97m▀[0m[38;2;242;170;97m[48;2;242;170;97m▀[0m[38;2;242;170;97m[48;2;242;170;97m▀[0m[38;2;166;112;58m[48;2;242;170;97m▀[0m[38;2;115;75;34m[48;2;166;112;58m▀[0m[38;2;115;75;34m[48;2;166;112;58m▀[0m[38;2;16;16;16m[48;2;166;112;58m▀[0m[38;2;16;16;16m▄[0m                             
                          [38;2;77;48;19m▄[0m[38;2;115;75;34m[48;2;242;170;97m▀[0m[38;2;242;170;97m[48;2;242;170;97m▀[0m[38;2;242;170;97m[48;2;242;170;97m▀[0m[38;2;242;170;97m[48;2;242;170;97m▀[0m[38;2;242;170;97m[48;2;242;170;97m▀[0m[38;2;242;170;97m[48;2;242;170;97m▀[0m[38;2;242;170;97m[48;2;242;170;97m▀[0m[38;2;242;170;97m[48;2;242;170;97m▀[0m[38;2;242;170;97m[48;2;242;170;97m▀[0m[38;2;242;170;97m[48;2;242;170;97m▀[0m[38;2;242;170;97m[48;2;242;170;97m▀[0m[38;2;242;170;97m[48;2;242;170;97m▀[0m[38;2;242;170;97m[48;2;242;170;97m▀[0m[38;2;242;170;97m[48;2;242;170;97m▀[0m[38;2;242;170;97m[48;2;242;170;97m▀[0m[38;2;242;170;97m[48;2;242;170;97m▀[0m[38;2;166;112;58m[48;2;242;170;97m▀[0m[38;2;166;112;58m[48;2;166;112;58m▀[0m[38;2;166;112;58m[48;2;166;112;58m▀[0m[38;2;16;16;16m[48;2;166;112;58m▀[0m[38;2;16;16;16m▄[0m                            
                          [38;2;77;48;19m[48;2;77;48;19m▀[0m[38;2;242;170;97m[48;2;242;170;97m▀[0m[38;2;115;75;34m[48;2;77;48;19m▀[0m[38;2;77;48;19m[48;2;77;48;19m▀[0m[38;2;242;170;97m[48;2;242;170;97m▀[0m[38;2;115;75;34m[48;2;77;48;19m▀[0m[38;2;77;48;19m[48;2;77;48;19m▀[0m[38;2;115;75;34m[48;2;77;48;19m▀[0m[38;2;242;170;97m[48;2;242;170;97m▀[0m[38;2;115;75;34m[48;2;77;48;19m▀[0m[38;2;77;48;19m[48;2;77;48;19m▀[0m[38;2;115;75;34m[48;2;77;48;19m▀[0m[38;2;242;170;97m[48;2;242;170;97m▀[0m[38;2;242;170;97m[48;2;242;170;97m▀[0m[38;2;242;170;97m[48;2;242;170;97m▀[0m[38;2;242;170;97m[48;2;242;170;97m▀[0m[38;2;242;170;97m[48;2;242;170;97m▀[0m[38;2;242;170;97m[48;2;242;170;97m▀[0m[38;2;166;112;58m[48;2;77;48;19m▀[0m[38;2;166;112;58m[48;2;115;75;34m▀[0m[38;2;166;112;58m[48;2;166;112;58m▀[0m[38;2;16;16;16m[48;2;16;16;16m▀[0m                            
                          [38;2;77;48;19m[48;2;77;48;19m▀[0m[38;2;242;170;97m[48;2;242;170;97m▀[0m[38;2;77;48;19m[48;2;77;48;19m▀[0m[38;2;248;248;248m[48;2;77;48;19m▀[0m[38;2;166;112;58m[48;2;166;112;58m▀[0m[38;2;77;48;19m[48;2;77;48;19m▀[0m[38;2;77;48;19m[48;2;77;48;19m▀[0m[38;2;77;48;19m[48;2;77;48;19m▀[0m[38;2;242;170;97m[48;2;166;112;58m▀[0m[38;2;77;48;19m[48;2;77;48;19m▀[0m[38;2;248;248;248m[48;2;77;48;19m▀[0m[38;2;77;48;19m[48;2;77;48;19m▀[0m[38;2;242;170;97m[48;2;242;170;97m▀[0m[38;2;242;170;97m[48;2;242;170;97m▀[0m[38;2;242;170;97m[48;2;242;170;97m▀[0m[38;2;242;170;97m[48;2;242;170;97m▀[0m[38;2;242;170;97m[48;2;242;170;97m▀[0m[38;2;166;112;58m[48;2;166;112;58m▀[0m[38;2;77;48;19m[48;2;77;48;19m▀[0m[38;2;77;48;19m[48;2;77;48;19m▀[0m[38;2;166;112;58m[48;2;166;112;58m▀[0m[38;2;16;16;16m[48;2;16;16;16m▀[0m             [38;2;115;75;34m▄[0m[38;2;115;75;34m▄[0m[38;2;77;48;19m▄[0m[38;2;77;48;19m▄[0m           
         [38;2;115;75;34m▄[0m[38;2;115;75;34m[48;2;242;170;97m▀[0m[38;2;115;75;34m[48;2;242;170;97m▀[0m[38;2;115;75;34m[48;2;242;170;97m▀[0m[38;2;115;75;34m[48;2;166;112;58m▀[0m[38;2;77;48;19m▄[0m[38;2;77;48;19m▄[0m[38;2;77;48;19m▄[0m[38;2;77;48;19m▄[0m[38;2;77;48;19m[48;2;166;112;58m▀[0m[38;2;77;48;19m[48;2;166;112;58m▀[0m[38;2;77;48;19m[48;2;115;75;34m▀[0m[38;2;115;75;34m[48;2;242;170;97m▀[0m[38;2;115;75;34m[48;2;242;170;97m▀[0m[38;2;115;75;34m[48;2;166;112;58m▀[0m[38;2;115;75;34m▄[0m [38;2;77;48;19m[48;2;77;48;19m▀[0m[38;2;242;170;97m[48;2;115;75;34m▀[0m[38;2;115;75;34m[48;2;242;170;97m▀[0m[38;2;115;75;34m[48;2;242;170;97m▀[0m[38;2;115;75;34m[48;2;242;170;97m▀[0m[38;2;115;75;34m[48;2;242;170;97m▀[0m[38;2;115;75;34m[48;2;242;170;97m▀[0m[38;2;115;75;34m[48;2;242;170;97m▀[0m[38;2;115;75;34m[48;2;242;170;97m▀[0m[38;2;166;112;58m[48;2;115;75;34m▀[0m[38;2;77;48;19m[48;2;242;170;97m▀[0m[38;2;115;75;34m[48;2;242;170;97m▀[0m[38;2;242;170;97m[48;2;242;170;97m▀[0m[38;2;242;170;97m[48;2;242;170;97m▀[0m[38;2;242;170;97m[48;2;242;170;97m▀[0m[38;2;242;170;97m[48;2;115;75;34m▀[0m[38;2;115;75;34m[48;2;242;170;97m▀[0m[38;2;115;75;34m[48;2;242;170;97m▀[0m[38;2;77;48;19m[48;2;166;112;58m▀[0m[38;2;77;48;19m[48;2;166;112;58m▀[0m[38;2;166;112;58m[48;2;77;48;19m▀[0m[38;2;16;16;16m[48;2;16;16;16m▀[0m[38;2;16;16;16m▄[0m[38;2;16;16;16m▄[0m[38;2;77;48;19m▄[0m[38;2;77;48;19m▄[0m    [38;2;115;75;34m▄[0m[38;2;115;75;34m[48;2;242;170;97m▀[0m[38;2;115;75;34m[48;2;242;170;97m▀[0m[38;2;115;75;34m▄[0m[38;2;115;75;34m[48;2;115;75;34m▀[0m[38;2;242;170;97m[48;2;242;170;97m▀[0m[38;2;242;170;97m[48;2;242;170;97m▀[0m[38;2;166;112;58m[48;2;166;112;58m▀[0m[38;2;166;112;58m[48;2;166;112;58m▀[0m[38;2;77;48;19m[48;2;77;48;19m▀[0m[38;2;77;48;19m[48;2;166;112;58m▀[0m[38;2;77;48;19m▄[0m[38;2;77;48;19m[48;2;166;112;58m▀[0m[38;2;77;48;19m[48;2;166;112;58m▀[0m[38;2;16;16;16m▄[0m     
         [38;2;115;75;34m[48;2;115;75;34m▀[0m[38;2;242;170;97m[48;2;242;170;97m▀[0m[38;2;242;170;97m[48;2;242;170;97m▀[0m[38;2;242;170;97m[48;2;242;170;97m▀[0m[38;2;242;170;97m[48;2;242;170;97m▀[0m[38;2;77;48;19m[48;2;77;48;19m▀[0m[38;2;166;112;58m[48;2;166;112;58m▀[0m[38;2;166;112;58m[48;2;166;112;58m▀[0m[38;2;77;48;19m[48;2;77;48;19m▀[0m[38;2;166;112;58m[48;2;166;112;58m▀[0m[38;2;166;112;58m[48;2;166;112;58m▀[0m[38;2;115;75;34m[48;2;115;75;34m▀[0m[38;2;242;170;97m[48;2;242;170;97m▀[0m[38;2;242;170;97m[48;2;242;170;97m▀[0m[38;2;242;170;97m[48;2;242;170;97m▀[0m[38;2;77;48;19m[48;2;77;48;19m▀[0m[38;2;77;48;19m[48;2;166;112;58m▀[0m[38;2;115;75;34m[48;2;115;75;34m▀[0m[38;2;242;170;97m[48;2;242;170;97m▀[0m[38;2;242;170;97m[48;2;242;170;97m▀[0m[38;2;242;170;97m[48;2;242;170;97m▀[0m[38;2;242;170;97m[48;2;242;170;97m▀[0m[38;2;242;170;97m[48;2;242;170;97m▀[0m[38;2;242;170;97m[48;2;242;170;97m▀[0m[38;2;242;170;97m[48;2;242;170;97m▀[0m[38;2;242;170;97m[48;2;242;170;97m▀[0m[38;2;242;170;97m[48;2;242;170;97m▀[0m[38;2;115;75;34m[48;2;115;75;34m▀[0m[38;2;242;170;97m[48;2;166;112;58m▀[0m[38;2;242;170;97m[48;2;242;170;97m▀[0m[38;2;242;170;97m[48;2;242;170;97m▀[0m[38;2;115;75;34m[48;2;115;75;34m▀[0m[38;2;242;170;97m[48;2;242;170;97m▀[0m[38;2;242;170;97m[48;2;242;170;97m▀[0m[38;2;242;170;97m[48;2;242;170;97m▀[0m[38;2;242;170;97m[48;2;242;170;97m▀[0m[38;2;166;112;58m[48;2;166;112;58m▀[0m[38;2;166;112;58m[48;2;166;112;58m▀[0m[38;2;16;16;16m[48;2;16;16;16m▀[0m[38;2;166;112;58m[48;2;166;112;58m▀[0m[38;2;166;112;58m[48;2;166;112;58m▀[0m[38;2;242;170;97m[48;2;166;112;58m▀[0m[38;2;115;75;34m[48;2;242;170;97m▀[0m[38;2;77;48;19m[48;2;77;48;19m▀[0m   [38;2;115;75;34m[48;2;115;75;34m▀[0m[38;2;242;170;97m[48;2;242;170;97m▀[0m[38;2;242;170;97m[48;2;242;170;97m▀[0m[38;2;115;75;34m[48;2;166;112;58m▀[0m[38;2;242;170;97m[48;2;242;170;97m▀[0m[38;2;242;170;97m[48;2;242;170;97m▀[0m[38;2;242;170;97m[48;2;242;170;97m▀[0m[38;2;166;112;58m[48;2;166;112;58m▀[0m[38;2;166;112;58m[48;2;166;112;58m▀[0m[38;2;77;48;19m[48;2;166;112;58m▀[0m[38;2;166;112;58m[48;2;77;48;19m▀[0m[38;2;77;48;19m[48;2;166;112;58m▀[0m[38;2;166;112;58m[48;2;166;112;58m▀[0m[38;2;166;112;58m[48;2;166;112;58m▀[0m[38;2;16;16;16m[48;2;16;16;16m▀[0m     
         [38;2;115;75;34m[48;2;115;75;34m▀[0m[38;2;242;170;97m[48;2;242;170;97m▀[0m[38;2;242;170;97m[48;2;242;170;97m▀[0m[38;2;242;170;97m[48;2;242;170;97m▀[0m[38;2;242;170;97m[48;2;242;170;97m▀[0m[38;2;242;170;97m[48;2;242;170;97m▀[0m[38;2;77;48;19m[48;2;242;170;97m▀[0m[38;2;77;48;19m[48;2;242;170;97m▀[0m[38;2;166;112;58m[48;2;166;112;58m▀[0m[38;2;166;112;58m[48;2;166;112;58m▀[0m[38;2;166;112;58m[48;2;166;112;58m▀[0m[38;2;115;75;34m[48;2;115;75;34m▀[0m[38;2;242;170;97m[48;2;242;170;97m▀[0m[38;2;242;170;97m[48;2;242;170;97m▀[0m[38;2;242;170;97m[48;2;242;170;97m▀[0m[38;2;77;48;19m[48;2;242;170;97m▀[0m[38;2;166;112;58m[48;2;77;48;19m▀[0m[38;2;115;75;34m[48;2;166;112;58m▀[0m[38;2;242;170;97m[48;2;166;112;58m▀[0m[38;2;242;170;97m[48;2;242;170;97m▀[0m[38;2;166;112;58m[48;2;166;112;58m▀[0m[38;2;166;112;58m[48;2;170;218;242m▀[0m[38;2;166;112;58m[48;2;170;218;242m▀[0m[38;2;166;112;58m[48;2;166;112;58m▀[0m[38;2;242;170;97m[48;2;242;170;97m▀[0m[38;2;242;170;97m[48;2;166;112;58m▀[0m[38;2;242;170;97m[48;2;166;112;58m▀[0m[38;2;115;75;34m[48;2;242;170;97m▀[0m[38;2;166;112;58m[48;2;115;75;34m▀[0m[38;2;166;112;58m[48;2;115;75;34m▀[0m[38;2;166;112;58m[48;2;115;75;34m▀[0m[38;2;115;75;34m[48;2;242;170;97m▀[0m[38;2;242;170;97m[48;2;242;170;97m▀[0m[38;2;242;170;97m[48;2;242;170;97m▀[0m[38;2;242;170;97m[48;2;242;170;97m▀[0m[38;2;242;170;97m[48;2;242;170;97m▀[0m[38;2;166;112;58m[48;2;166;112;58m▀[0m[38;2;166;112;58m[48;2;166;112;58m▀[0m[38;2;16;16;16m[48;2;166;112;58m▀[0m[38;2;166;112;58m[48;2;166;112;58m▀[0m[38;2;166;112;58m[48;2;166;112;58m▀[0m[38;2;242;170;97m[48;2;166;112;58m▀[0m[38;2;166;112;58m[48;2;242;170;97m▀[0m[38;2;77;48;19m[48;2;16;16;16m▀[0m   [38;2;115;75;34m[48;2;115;75;34m▀[0m[38;2;242;170;97m[48;2;242;170;97m▀[0m[38;2;242;170;97m[48;2;242;170;97m▀[0m[38;2;242;170;97m[48;2;242;170;97m▀[0m[38;2;242;170;97m[48;2;242;170;97m▀[0m[38;2;242;170;97m[48;2;242;170;97m▀[0m[38;2;242;170;97m[48;2;242;170;97m▀[0m[38;2;166;112;58m[48;2;166;112;58m▀[0m[38;2;166;112;58m[48;2;166;112;58m▀[0m[38;2;166;112;58m[48;2;166;112;58m▀[0m[38;2;166;112;58m[48;2;166;112;58m▀[0m[38;2;166;112;58m[48;2;166;112;58m▀[0m[38;2;166;112;58m[48;2;166;112;58m▀[0m[38;2;166;112;58m[48;2;166;112;58m▀[0m[38;2;16;16;16m[48;2;16;16;16m▀[0m     
        [38;2;115;75;34m[48;2;115;75;34m▀[0m[38;2;242;170;97m[48;2;242;170;97m▀[0m[38;2;242;170;97m[48;2;242;170;97m▀[0m[38;2;242;170;97m[48;2;115;75;34m▀[0m[38;2;242;170;97m[48;2;77;48;19m▀[0m[38;2;242;170;97m[48;2;242;170;97m▀[0m[38;2;242;170;97m[48;2;242;170;97m▀[0m[38;2;242;170;97m[48;2;242;170;97m▀[0m[38;2;242;170;97m[48;2;77;48;19m▀[0m[38;2;166;112;58m[48;2;77;48;19m▀[0m[38;2;166;112;58m[48;2;166;112;58m▀[0m[38;2;166;112;58m[48;2;166;112;58m▀[0m[38;2;115;75;34m[48;2;115;75;34m▀[0m[38;2;242;170;97m[48;2;242;170;97m▀[0m[38;2;242;170;97m[48;2;242;170;97m▀[0m[38;2;242;170;97m[48;2;242;170;97m▀[0m[38;2;242;170;97m[48;2;166;112;58m▀[0m[38;2;242;170;97m[48;2;242;170;97m▀[0m[38;2;166;112;58m[48;2;166;112;58m▀[0m[38;2;242;206;215m[48;2;166;112;58m▀[0m[38;2;166;112;58m[48;2;242;170;97m▀[0m[38;2;242;170;97m[48;2;242;170;97m▀[0m[38;2;166;112;58m[48;2;242;170;97m▀[0m[38;2;166;112;58m[48;2;242;170;97m▀[0m[38;2;242;170;97m[48;2;242;170;97m▀[0m[38;2;166;112;58m[48;2;242;170;97m▀[0m[38;2;242;206;215m[48;2;166;112;58m▀[0m[38;2;166;112;58m[48;2;166;112;58m▀[0m[38;2;242;170;97m[48;2;242;170;97m▀[0m[38;2;242;170;97m[48;2;166;112;58m▀[0m[38;2;242;170;97m[48;2;242;170;97m▀[0m[38;2;242;170;97m[48;2;242;170;97m▀[0m[38;2;242;170;97m[48;2;242;170;97m▀[0m[38;2;242;170;97m[48;2;242;170;97m▀[0m[38;2;242;170;97m[48;2;242;170;97m▀[0m[38;2;242;170;97m[48;2;242;170;97m▀[0m[38;2;242;170;97m[48;2;242;170;97m▀[0m[38;2;166;112;58m[48;2;166;112;58m▀[0m[38;2;166;112;58m[48;2;166;112;58m▀[0m[38;2;166;112;58m[48;2;166;112;58m▀[0m[38;2;166;112;58m[48;2;166;112;58m▀[0m[38;2;166;112;58m[48;2;166;112;58m▀[0m[38;2;166;112;58m[48;2;166;112;58m▀[0m[38;2;166;112;58m[48;2;242;170;97m▀[0m[38;2;16;16;16m[48;2;16;16;16m▀[0m   [38;2;115;75;34m[48;2;115;75;34m▀[0m[38;2;166;112;58m[48;2;77;48;19m▀[0m[38;2;242;170;97m[48;2;242;170;97m▀[0m[38;2;242;170;97m[48;2;242;170;97m▀[0m[38;2;242;170;97m[48;2;242;170;97m▀[0m[38;2;115;75;34m[48;2;77;48;19m▀[0m[38;2;77;48;19m[48;2;77;48;19m▀[0m[38;2;166;112;58m[48;2;166;112;58m▀[0m[38;2;166;112;58m[48;2;166;112;58m▀[0m[38;2;166;112;58m[48;2;166;112;58m▀[0m[38;2;166;112;58m[48;2;77;48;19m▀[0m[38;2;166;112;58m[48;2;115;75;34m▀[0m[38;2;166;112;58m[48;2;166;112;58m▀[0m[38;2;16;16;16m[48;2;16;16;16m▀[0m      
        [38;2;115;75;34m[48;2;115;75;34m▀[0m[38;2;242;170;97m[48;2;242;170;97m▀[0m[38;2;242;170;97m[48;2;242;170;97m▀[0m[38;2;77;48;19m[48;2;77;48;19m▀[0m[38;2;77;48;19m[48;2;77;48;19m▀[0m[38;2;242;170;97m[48;2;242;170;97m▀[0m[38;2;242;170;97m[48;2;242;170;97m▀[0m[38;2;242;170;97m[48;2;242;170;97m▀[0m[38;2;77;48;19m[48;2;77;48;19m▀[0m[38;2;77;48;19m[48;2;77;48;19m▀[0m[38;2;166;112;58m[48;2;166;112;58m▀[0m[38;2;166;112;58m[48;2;166;112;58m▀[0m[38;2;115;75;34m[48;2;115;75;34m▀[0m[38;2;242;170;97m[48;2;242;170;97m▀[0m[38;2;242;170;97m[48;2;242;170;97m▀[0m[38;2;166;112;58m[48;2;166;112;58m▀[0m[38;2;170;218;242m[48;2;166;112;58m▀[0m[38;2;166;112;58m[48;2;166;112;58m▀[0m[38;2;242;170;97m[48;2;242;170;97m▀[0m[38;2;242;170;97m[48;2;77;48;19m▀[0m[38;2;77;48;19m[48;2;77;48;19m▀[0m[38;2;77;48;19m[48;2;77;48;19m▀[0m[38;2;77;48;19m[48;2;77;48;19m▀[0m[38;2;77;48;19m[48;2;77;48;19m▀[0m[38;2;77;48;19m[48;2;77;48;19m▀[0m[38;2;77;48;19m[48;2;77;48;19m▀[0m[38;2;242;170;97m[48;2;77;48;19m▀[0m[38;2;242;170;97m[48;2;242;170;97m▀[0m[38;2;166;112;58m[48;2;166;112;58m▀[0m[38;2;170;218;242m[48;2;166;112;58m▀[0m[38;2;166;112;58m[48;2;166;112;58m▀[0m[38;2;242;170;97m[48;2;242;170;97m▀[0m[38;2;242;170;97m[48;2;242;170;97m▀[0m[38;2;242;170;97m[48;2;242;170;97m▀[0m[38;2;242;170;97m[48;2;242;170;97m▀[0m[38;2;242;170;97m[48;2;242;170;97m▀[0m[38;2;242;170;97m[48;2;242;170;97m▀[0m[38;2;166;112;58m[48;2;242;170;97m▀[0m[38;2;166;112;58m[48;2;166;112;58m▀[0m[38;2;166;112;58m[48;2;166;112;58m▀[0m[38;2;166;112;58m[48;2;166;112;58m▀[0m[38;2;166;112;58m[48;2;166;112;58m▀[0m[38;2;166;112;58m[48;2;166;112;58m▀[0m[38;2;166;112;58m[48;2;166;112;58m▀[0m[38;2;16;16;16m[48;2;16;16;16m▀[0m   [38;2;115;75;34m[48;2;115;75;34m▀[0m[38;2;77;48;19m[48;2;77;48;19m▀[0m[38;2;242;170;97m[48;2;242;170;97m▀[0m[38;2;242;170;97m[48;2;242;170;97m▀[0m[38;2;242;170;97m[48;2;242;170;97m▀[0m[38;2;77;48;19m[48;2;77;48;19m▀[0m[38;2;77;48;19m[48;2;77;48;19m▀[0m[38;2;166;112;58m[48;2;166;112;58m▀[0m[38;2;166;112;58m[48;2;166;112;58m▀[0m[38;2;166;112;58m[48;2;166;112;58m▀[0m[38;2;77;48;19m[48;2;77;48;19m▀[0m[38;2;77;48;19m[48;2;77;48;19m▀[0m[38;2;166;112;58m[48;2;166;112;58m▀[0m[38;2;16;16;16m[48;2;16;16;16m▀[0m      
        [38;2;115;75;34m[48;2;115;75;34m▀[0m[38;2;242;170;97m[48;2;242;170;97m▀[0m[38;2;242;170;97m[48;2;242;170;97m▀[0m[38;2;77;48;19m[48;2;242;170;97m▀[0m[38;2;77;48;19m[48;2;242;170;97m▀[0m[38;2;242;170;97m[48;2;242;170;97m▀[0m[38;2;242;170;97m[48;2;242;170;97m▀[0m[38;2;242;170;97m[48;2;242;170;97m▀[0m[38;2;77;48;19m[48;2;166;112;58m▀[0m[38;2;115;75;34m[48;2;166;112;58m▀[0m[38;2;166;112;58m[48;2;166;112;58m▀[0m[38;2;166;112;58m[48;2;166;112;58m▀[0m[38;2;115;75;34m[48;2;115;75;34m▀[0m[38;2;242;170;97m[48;2;242;170;97m▀[0m[38;2;242;170;97m[48;2;242;170;97m▀[0m[38;2;242;170;97m[48;2;242;170;97m▀[0m[38;2;242;170;97m[48;2;242;170;97m▀[0m[38;2;242;170;97m[48;2;242;170;97m▀[0m[38;2;115;75;34m[48;2;77;48;19m▀[0m[38;2;77;48;19m[48;2;77;48;19m▀[0m[38;2;77;48;19m[48;2;77;48;19m▀[0m[38;2;77;48;19m[48;2;77;48;19m▀[0m[38;2;77;48;19m[48;2;77;48;19m▀[0m[38;2;77;48;19m[48;2;77;48;19m▀[0m[38;2;77;48;19m[48;2;77;48;19m▀[0m[38;2;77;48;19m[48;2;77;48;19m▀[0m[38;2;77;48;19m[48;2;77;48;19m▀[0m[38;2;115;75;34m[48;2;77;48;19m▀[0m[38;2;242;170;97m[48;2;242;170;97m▀[0m[38;2;242;170;97m[48;2;242;170;97m▀[0m[38;2;242;170;97m[48;2;242;170;97m▀[0m[38;2;242;170;97m[48;2;242;170;97m▀[0m[38;2;242;170;97m[48;2;242;170;97m▀[0m[38;2;242;170;97m[48;2;242;170;97m▀[0m[38;2;242;170;97m[48;2;242;170;97m▀[0m[38;2;242;170;97m[48;2;242;170;97m▀[0m[38;2;242;170;97m[48;2;242;170;97m▀[0m[38;2;242;170;97m[48;2;242;170;97m▀[0m[38;2;166;112;58m[48;2;166;112;58m▀[0m[38;2;166;112;58m[48;2;166;112;58m▀[0m[38;2;166;112;58m[48;2;166;112;58m▀[0m[38;2;166;112;58m[48;2;166;112;58m▀[0m[38;2;166;112;58m[48;2;166;112;58m▀[0m[38;2;166;112;58m[48;2;166;112;58m▀[0m[38;2;16;16;16m[48;2;16;16;16m▀[0m  [38;2;115;75;34m▄[0m[38;2;115;75;34m[48;2;242;170;97m▀[0m[38;2;242;170;97m[48;2;242;170;97m▀[0m[38;2;242;170;97m[48;2;242;170;97m▀[0m[38;2;242;170;97m[48;2;242;170;97m▀[0m[38;2;242;170;97m[48;2;242;170;97m▀[0m[38;2;242;170;97m[48;2;242;170;97m▀[0m[38;2;242;170;97m[48;2;242;170;97m▀[0m[38;2;166;112;58m[48;2;166;112;58m▀[0m[38;2;166;112;58m[48;2;166;112;58m▀[0m[38;2;166;112;58m[48;2;166;112;58m▀[0m[38;2;115;75;34m[48;2;166;112;58m▀[0m[38;2;77;48;19m[48;2;166;112;58m▀[0m[38;2;166;112;58m[48;2;166;112;58m▀[0m[38;2;16;16;16m[48;2;16;16;16m▀[0m      
        [38;2;115;75;34m[48;2;115;75;34m▀[0m[38;2;242;170;97m[48;2;242;170;97m▀[0m[38;2;242;170;97m[48;2;242;170;97m▀[0m[38;2;242;170;97m[48;2;242;170;97m▀[0m[38;2;242;170;97m[48;2;242;170;97m▀[0m[38;2;242;170;97m[48;2;242;170;97m▀[0m[38;2;242;170;97m[48;2;242;170;97m▀[0m[38;2;242;170;97m[48;2;242;170;97m▀[0m[38;2;166;112;58m[48;2;166;112;58m▀[0m[38;2;166;112;58m[48;2;166;112;58m▀[0m[38;2;166;112;58m[48;2;166;112;58m▀[0m[38;2;166;112;58m[48;2;115;75;34m▀[0m[38;2;115;75;34m[48;2;242;170;97m▀[0m[38;2;242;170;97m[48;2;242;170;97m▀[0m[38;2;242;170;97m[48;2;242;170;97m▀[0m[38;2;242;170;97m[48;2;242;170;97m▀[0m[38;2;242;170;97m[48;2;242;170;97m▀[0m[38;2;242;170;97m[48;2;242;170;97m▀[0m[38;2;77;48;19m[48;2;77;48;19m▀[0m[38;2;77;48;19m[48;2;77;48;19m▀[0m[38;2;77;48;19m[48;2;77;48;19m▀[0m[38;2;77;48;19m[48;2;77;48;19m▀[0m[38;2;77;48;19m[48;2;77;48;19m▀[0m[38;2;77;48;19m[48;2;77;48;19m▀[0m[38;2;77;48;19m[48;2;77;48;19m▀[0m[38;2;77;48;19m[48;2;77;48;19m▀[0m[38;2;77;48;19m[48;2;77;48;19m▀[0m[38;2;77;48;19m[48;2;77;48;19m▀[0m[38;2;242;170;97m[48;2;242;170;97m▀[0m[38;2;242;170;97m[48;2;242;170;97m▀[0m[38;2;242;170;97m[48;2;242;170;97m▀[0m[38;2;242;170;97m[48;2;242;170;97m▀[0m[38;2;242;170;97m[48;2;242;170;97m▀[0m[38;2;242;170;97m[48;2;242;170;97m▀[0m[38;2;242;170;97m[48;2;242;170;97m▀[0m[38;2;242;170;97m[48;2;242;170;97m▀[0m[38;2;242;170;97m[48;2;242;170;97m▀[0m[38;2;242;170;97m[48;2;242;170;97m▀[0m[38;2;166;112;58m[48;2;242;170;97m▀[0m[38;2;166;112;58m[48;2;166;112;58m▀[0m[38;2;166;112;58m[48;2;166;112;58m▀[0m[38;2;166;112;58m[48;2;166;112;58m▀[0m[38;2;166;112;58m[48;2;166;112;58m▀[0m[38;2;166;112;58m[48;2;166;112;58m▀[0m[38;2;166;112;58m[48;2;166;112;58m▀[0m[38;2;16;16;16m[48;2;16;16;16m▀[0m [38;2;115;75;34m[48;2;115;75;34m▀[0m[38;2;242;170;97m[48;2;242;170;97m▀[0m[38;2;242;170;97m[48;2;242;170;97m▀[0m[38;2;242;170;97m[48;2;242;170;97m▀[0m[38;2;242;170;97m[48;2;242;170;97m▀[0m[38;2;242;170;97m[48;2;242;170;97m▀[0m[38;2;242;170;97m[48;2;242;170;97m▀[0m[38;2;242;170;97m[48;2;166;112;58m▀[0m[38;2;166;112;58m[48;2;166;112;58m▀[0m[38;2;166;112;58m[48;2;166;112;58m▀[0m[38;2;166;112;58m[48;2;166;112;58m▀[0m[38;2;166;112;58m[48;2;166;112;58m▀[0m[38;2;166;112;58m[48;2;166;112;58m▀[0m[38;2;166;112;58m[48;2;16;16;16m▀[0m[38;2;16;16;16m▀[0m      
        [38;2;115;75;34m[48;2;115;75;34m▀[0m[38;2;242;170;97m[48;2;242;170;97m▀[0m[38;2;242;170;97m[48;2;242;170;97m▀[0m[38;2;242;170;97m[48;2;242;170;97m▀[0m[38;2;242;170;97m[48;2;242;170;97m▀[0m[38;2;242;170;97m[48;2;242;170;97m▀[0m[38;2;242;170;97m[48;2;242;170;97m▀[0m[38;2;242;170;97m[48;2;242;170;97m▀[0m[38;2;166;112;58m[48;2;166;112;58m▀[0m[38;2;166;112;58m[48;2;166;112;58m▀[0m[38;2;166;112;58m[48;2;166;112;58m▀[0m[38;2;115;75;34m[48;2;115;75;34m▀[0m[38;2;242;170;97m[48;2;242;170;97m▀[0m[38;2;242;170;97m[48;2;242;170;97m▀[0m[38;2;242;170;97m[48;2;242;170;97m▀[0m[38;2;242;170;97m[48;2;242;170;97m▀[0m[38;2;242;170;97m[48;2;242;170;97m▀[0m[38;2;242;170;97m[48;2;242;170;97m▀[0m[38;2;77;48;19m[48;2;77;48;19m▀[0m[38;2;77;48;19m[48;2;77;48;19m▀[0m[38;2;77;48;19m[48;2;77;48;19m▀[0m[38;2;77;48;19m[48;2;77;48;19m▀[0m[38;2;77;48;19m[48;2;77;48;19m▀[0m[38;2;77;48;19m[48;2;77;48;19m▀[0m[38;2;77;48;19m[48;2;77;48;19m▀[0m[38;2;77;48;19m[48;2;77;48;19m▀[0m[38;2;77;48;19m[48;2;77;48;19m▀[0m[38;2;77;48;19m[48;2;77;48;19m▀[0m[38;2;242;170;97m[48;2;242;170;97m▀[0m[38;2;242;170;97m[48;2;242;170;97m▀[0m[38;2;242;170;97m[48;2;242;170;97m▀[0m[38;2;242;170;97m[48;2;242;170;97m▀[0m[38;2;242;170;97m[48;2;242;170;97m▀[0m[38;2;242;170;97m[48;2;242;170;97m▀[0m[38;2;242;170;97m[48;2;242;170;97m▀[0m[38;2;242;170;97m[48;2;242;170;97m▀[0m[38;2;242;170;97m[48;2;242;170;97m▀[0m[38;2;242;170;97m[48;2;242;170;97m▀[0m[38;2;242;170;97m[48;2;242;170;97m▀[0m[38;2;166;112;58m[48;2;166;112;58m▀[0m[38;2;166;112;58m[48;2;166;112;58m▀[0m[38;2;166;112;58m[48;2;166;112;58m▀[0m[38;2;166;112;58m[48;2;166;112;58m▀[0m[38;2;166;112;58m[48;2;166;112;58m▀[0m[38;2;166;112;58m[48;2;166;112;58m▀[0m[38;2;16;16;16m[48;2;77;48;19m▀[0m [38;2;115;75;34m[48;2;115;75;34m▀[0m[38;2;242;170;97m[48;2;242;170;97m▀[0m[38;2;242;170;97m[48;2;242;170;97m▀[0m[38;2;242;170;97m[48;2;242;170;97m▀[0m[38;2;242;170;97m[48;2;242;170;97m▀[0m[38;2;242;170;97m[48;2;242;170;97m▀[0m[38;2;242;170;97m[48;2;242;170;97m▀[0m[38;2;166;112;58m[48;2;166;112;58m▀[0m[38;2;166;112;58m[48;2;166;112;58m▀[0m[38;2;166;112;58m[48;2;166;112;58m▀[0m[38;2;166;112;58m[48;2;166;112;58m▀[0m[38;2;166;112;58m[48;2;166;112;58m▀[0m[38;2;166;112;58m[48;2;166;112;58m▀[0m[38;2;16;16;16m[48;2;16;16;16m▀[0m       
        [38;2;115;75;34m[48;2;115;75;34m▀[0m[38;2;242;170;97m[48;2;242;170;97m▀[0m[38;2;242;170;97m[48;2;242;170;97m▀[0m[38;2;242;170;97m[48;2;242;170;97m▀[0m[38;2;242;170;97m[48;2;242;170;97m▀[0m[38;2;242;170;97m[48;2;242;170;97m▀[0m[38;2;242;170;97m[48;2;242;170;97m▀[0m[38;2;242;170;97m[48;2;242;170;97m▀[0m[38;2;242;170;97m[48;2;166;112;58m▀[0m[38;2;166;112;58m[48;2;166;112;58m▀[0m[38;2;166;112;58m[48;2;166;112;58m▀[0m[38;2;115;75;34m[48;2;115;75;34m▀[0m[38;2;242;170;97m[48;2;242;170;97m▀[0m[38;2;242;170;97m[48;2;242;170;97m▀[0m[38;2;242;170;97m[48;2;242;170;97m▀[0m[38;2;242;170;97m[48;2;242;170;97m▀[0m[38;2;242;170;97m[48;2;242;170;97m▀[0m[38;2;242;170;97m[48;2;242;170;97m▀[0m[38;2;115;75;34m[48;2;242;170;97m▀[0m[38;2;77;48;19m[48;2;115;75;34m▀[0m[38;2;115;75;34m[48;2;166;112;58m▀[0m[38;2;166;112;58m[48;2;166;112;58m▀[0m[38;2;166;112;58m[48;2;166;112;58m▀[0m[38;2;166;112;58m[48;2;166;112;58m▀[0m[38;2;166;112;58m[48;2;166;112;58m▀[0m[38;2;115;75;34m[48;2;166;112;58m▀[0m[38;2;77;48;19m[48;2;115;75;34m▀[0m[38;2;115;75;34m[48;2;242;170;97m▀[0m[38;2;242;170;97m[48;2;242;170;97m▀[0m[38;2;242;170;97m[48;2;242;170;97m▀[0m[38;2;242;170;97m[48;2;242;170;97m▀[0m[38;2;242;170;97m[48;2;242;170;97m▀[0m[38;2;242;170;97m[48;2;242;170;97m▀[0m[38;2;242;170;97m[48;2;242;170;97m▀[0m[38;2;242;170;97m[48;2;242;170;97m▀[0m[38;2;242;170;97m[48;2;242;170;97m▀[0m[38;2;242;170;97m[48;2;242;170;97m▀[0m[38;2;242;170;97m[48;2;242;170;97m▀[0m[38;2;242;170;97m[48;2;242;170;97m▀[0m[38;2;242;170;97m[48;2;242;170;97m▀[0m[38;2;166;112;58m[48;2;166;112;58m▀[0m[38;2;166;112;58m[48;2;166;112;58m▀[0m[38;2;166;112;58m[48;2;166;112;58m▀[0m[38;2;166;112;58m[48;2;166;112;58m▀[0m[38;2;166;112;58m[48;2;166;112;58m▀[0m[38;2;77;48;19m[48;2;166;112;58m▀[0m[38;2;77;48;19m▄[0m[38;2;115;75;34m[48;2;242;170;97m▀[0m[38;2;242;170;97m[48;2;242;170;97m▀[0m[38;2;242;170;97m[48;2;242;170;97m▀[0m[38;2;242;170;97m[48;2;242;170;97m▀[0m[38;2;242;170;97m[48;2;242;170;97m▀[0m[38;2;242;170;97m[48;2;242;170;97m▀[0m[38;2;242;170;97m[48;2;242;170;97m▀[0m[38;2;166;112;58m[48;2;166;112;58m▀[0m[38;2;166;112;58m[48;2;166;112;58m▀[0m[38;2;166;112;58m[48;2;166;112;58m▀[0m[38;2;166;112;58m[48;2;166;112;58m▀[0m[38;2;166;112;58m[48;2;166;112;58m▀[0m[38;2;166;112;58m[48;2;166;112;58m▀[0m[38;2;16;16;16m[48;2;16;16;16m▀[0m       
       [38;2;115;75;34m[48;2;115;75;34m▀[0m[38;2;166;112;58m[48;2;242;170;97m▀[0m[38;2;242;170;97m[48;2;242;170;97m▀[0m[38;2;242;170;97m[48;2;242;170;97m▀[0m[38;2;242;170;97m[48;2;242;170;97m▀[0m[38;2;242;170;97m[48;2;242;170;97m▀[0m[38;2;242;170;97m[48;2;242;170;97m▀[0m[38;2;242;170;97m[48;2;242;170;97m▀[0m[38;2;242;170;97m[48;2;242;170;97m▀[0m[38;2;242;170;97m[48;2;166;112;58m▀[0m[38;2;166;112;58m[48;2;242;170;97m▀[0m[38;2;115;75;34m[48;2;115;75;34m▀[0m[38;2;242;170;97m[48;2;242;170;97m▀[0m[38;2;242;170;97m[48;2;242;170;97m▀[0m[38;2;242;170;97m[48;2;242;170;97m▀[0m[38;2;242;170;97m[48;2;242;170;97m▀[0m[38;2;242;170;97m[48;2;242;170;97m▀[0m[38;2;242;170;97m[48;2;242;170;97m▀[0m[38;2;242;170;97m[48;2;242;170;97m▀[0m[38;2;242;170;97m[48;2;242;170;97m▀[0m[38;2;242;170;97m[48;2;242;170;97m▀[0m[38;2;242;170;97m[48;2;242;170;97m▀[0m[38;2;242;170;97m[48;2;242;170;97m▀[0m[38;2;242;170;97m[48;2;242;170;97m▀[0m[38;2;242;170;97m[48;2;242;170;97m▀[0m[38;2;242;170;97m[48;2;242;170;97m▀[0m[38;2;242;170;97m[48;2;242;170;97m▀[0m[38;2;242;170;97m[48;2;242;170;97m▀[0m[38;2;242;170;97m[48;2;242;170;97m▀[0m[38;2;242;170;97m[48;2;242;170;97m▀[0m[38;2;242;170;97m[48;2;242;170;97m▀[0m[38;2;242;170;97m[48;2;242;170;97m▀[0m[38;2;242;170;97m[48;2;242;170;97m▀[0m[38;2;242;170;97m[48;2;242;170;97m▀[0m[38;2;242;170;97m[48;2;242;170;97m▀[0m[38;2;242;170;97m[48;2;242;170;97m▀[0m[38;2;242;170;97m[48;2;242;170;97m▀[0m[38;2;242;170;97m[48;2;242;170;97m▀[0m[38;2;242;170;97m[48;2;242;170;97m▀[0m[38;2;242;170;97m[48;2;242;170;97m▀[0m[38;2;242;170;97m[48;2;242;170;97m▀[0m[38;2;242;170;97m[48;2;242;170;97m▀[0m[38;2;166;112;58m[48;2;242;170;97m▀[0m[38;2;166;112;58m[48;2;166;112;58m▀[0m[38;2;166;112;58m[48;2;166;112;58m▀[0m[38;2;166;112;58m[48;2;166;112;58m▀[0m[38;2;166;112;58m[48;2;77;48;19m▀[0m[38;2;77;48;19m[48;2;242;170;97m▀[0m[38;2;242;170;97m[48;2;242;170;97m▀[0m[38;2;242;170;97m[48;2;242;170;97m▀[0m[38;2;242;170;97m[48;2;242;170;97m▀[0m[38;2;242;170;97m[48;2;242;170;97m▀[0m[38;2;242;170;97m[48;2;242;170;97m▀[0m[38;2;242;170;97m[48;2;242;170;97m▀[0m[38;2;242;170;97m[48;2;242;170;97m▀[0m[38;2;242;170;97m[48;2;242;170;97m▀[0m[38;2;166;112;58m[48;2;166;112;58m▀[0m[38;2;166;112;58m[48;2;166;112;58m▀[0m[38;2;166;112;58m[48;2;166;112;58m▀[0m[38;2;166;112;58m[48;2;166;112;58m▀[0m[38;2;166;112;58m[48;2;166;112;58m▀[0m[38;2;16;16;16m[48;2;16;16;16m▀[0m       
    [38;2;115;75;34m▄[0m[38;2;115;75;34m▄[0m[38;2;115;75;34m[48;2;242;170;97m▀[0m[38;2;242;170;97m[48;2;242;170;97m▀[0m[38;2;242;170;97m[48;2;242;170;97m▀[0m[38;2;242;170;97m[48;2;242;170;97m▀[0m[38;2;242;170;97m[48;2;242;170;97m▀[0m[38;2;242;170;97m[48;2;242;170;97m▀[0m[38;2;242;170;97m[48;2;242;170;97m▀[0m[38;2;242;170;97m[48;2;242;170;97m▀[0m[38;2;242;170;97m[48;2;242;170;97m▀[0m[38;2;242;170;97m[48;2;242;170;97m▀[0m[38;2;242;170;97m[48;2;242;170;97m▀[0m[38;2;166;112;58m[48;2;242;170;97m▀[0m[38;2;115;75;34m[48;2;242;170;97m▀[0m[38;2;242;170;97m[48;2;242;170;97m▀[0m[38;2;242;170;97m[48;2;242;170;97m▀[0m[38;2;242;170;97m[48;2;242;170;97m▀[0m[38;2;242;170;97m[48;2;242;170;97m▀[0m[38;2;242;170;97m[48;2;242;170;97m▀[0m[38;2;242;170;97m[48;2;242;170;97m▀[0m[38;2;242;170;97m[48;2;242;170;97m▀[0m[38;2;242;170;97m[48;2;242;170;97m▀[0m[38;2;242;170;97m[48;2;242;170;97m▀[0m[38;2;242;170;97m[48;2;242;170;97m▀[0m[38;2;242;170;97m[48;2;242;170;97m▀[0m[38;2;242;170;97m[48;2;242;170;97m▀[0m[38;2;242;170;97m[48;2;242;170;97m▀[0m[38;2;242;170;97m[48;2;242;170;97m▀[0m[38;2;242;170;97m[48;2;242;170;97m▀[0m[38;2;242;170;97m[48;2;242;170;97m▀[0m[38;2;242;170;97m[48;2;242;170;97m▀[0m[38;2;242;170;97m[48;2;242;170;97m▀[0m[38;2;242;170;97m[48;2;242;170;97m▀[0m[38;2;242;170;97m[48;2;242;170;97m▀[0m[38;2;242;170;97m[48;2;242;170;97m▀[0m[38;2;242;170;97m[48;2;242;170;97m▀[0m[38;2;242;170;97m[48;2;242;170;97m▀[0m[38;2;242;170;97m[48;2;242;170;97m▀[0m[38;2;242;170;97m[48;2;242;170;97m▀[0m[38;2;242;170;97m[48;2;242;170;97m▀[0m[38;2;242;170;97m[48;2;242;170;97m▀[0m[38;2;242;170;97m[48;2;242;170;97m▀[0m[38;2;242;170;97m[48;2;242;170;97m▀[0m[38;2;242;170;97m[48;2;242;170;97m▀[0m[38;2;242;170;97m[48;2;242;170;97m▀[0m[38;2;242;170;97m[48;2;242;170;97m▀[0m[38;2;242;170;97m[48;2;242;170;97m▀[0m[38;2;242;170;97m[48;2;242;170;97m▀[0m[38;2;242;170;97m[48;2;242;170;97m▀[0m[38;2;242;170;97m[48;2;242;170;97m▀[0m[38;2;242;170;97m[48;2;242;170;97m▀[0m[38;2;242;170;97m[48;2;242;170;97m▀[0m[38;2;242;170;97m[48;2;242;170;97m▀[0m[38;2;242;170;97m[48;2;242;170;97m▀[0m[38;2;242;170;97m[48;2;242;170;97m▀[0m[38;2;242;170;97m[48;2;242;170;97m▀[0m[38;2;242;170;97m[48;2;242;170;97m▀[0m[38;2;242;170;97m[48;2;242;170;97m▀[0m[38;2;166;112;58m[48;2;242;170;97m▀[0m[38;2;166;112;58m[48;2;166;112;58m▀[0m[38;2;166;112;58m[48;2;166;112;58m▀[0m[38;2;166;112;58m[48;2;166;112;58m▀[0m[38;2;166;112;58m[48;2;166;112;58m▀[0m[38;2;16;16;16m[48;2;166;112;58m▀[0m[38;2;16;16;16m▄[0m      
[38;2;115;75;34m▄[0m[38;2;115;75;34m[48;2;242;170;97m▀[0m[38;2;115;75;34m[48;2;242;170;97m▀[0m[38;2;115;75;34m[48;2;242;170;97m▀[0m[38;2;242;170;97m[48;2;242;170;97m▀[0m[38;2;242;170;97m[48;2;242;170;97m▀[0m[38;2;242;170;97m[48;2;242;170;97m▀[0m[38;2;242;170;97m[48;2;166;112;58m▀[0m[38;2;242;170;97m[48;2;166;112;58m▀[0m[38;2;242;170;97m[48;2;242;170;97m▀[0m[38;2;242;170;97m[48;2;242;170;97m▀[0m[38;2;242;170;97m[48;2;242;170;97m▀[0m[38;2;242;170;97m[48;2;242;170;97m▀[0m[38;2;242;170;97m[48;2;242;170;97m▀[0m[38;2;242;170;97m[48;2;242;170;97m▀[0m[38;2;242;170;97m[48;2;242;170;97m▀[0m[38;2;242;170;97m[48;2;242;170;97m▀[0m[38;2;242;170;97m[48;2;242;170;97m▀[0m[38;2;242;170;97m[48;2;242;170;97m▀[0m[38;2;242;170;97m[48;2;242;170;97m▀[0m[38;2;242;170;97m[48;2;242;170;97m▀[0m[38;2;242;170;97m[48;2;242;170;97m▀[0m[38;2;242;170;97m[48;2;242;170;97m▀[0m[38;2;242;170;97m[48;2;242;170;97m▀[0m[38;2;242;170;97m[48;2;242;170;97m▀[0m[38;2;242;170;97m[48;2;242;170;97m▀[0m[38;2;242;170;97m[48;2;242;170;97m▀[0m[38;2;242;170;97m[48;2;242;170;97m▀[0m[38;2;242;170;97m[48;2;242;170;97m▀[0m[38;2;242;170;97m[48;2;242;170;97m▀[0m[38;2;242;170;97m[48;2;242;170;97m▀[0m[38;2;242;170;97m[48;2;242;170;97m▀[0m[38;2;242;170;97m[48;2;242;170;97m▀[0m[38;2;242;170;97m[48;2;242;170;97m▀[0m[38;2;242;170;97m[48;2;242;170;97m▀[0m[38;2;242;170;97m[48;2;242;170;97m▀[0m[38;2;242;170;97m[48;2;242;170;97m▀[0m[38;2;242;170;97m[48;2;242;170;97m▀[0m[38;2;242;170;97m[48;2;242;170;97m▀[0m[38;2;242;170;97m[48;2;242;170;97m▀[0m[38;2;242;170;97m[48;2;242;170;97m▀[0m[38;2;242;170;97m[48;2;242;170;97m▀[0m[38;2;242;170;97m[48;2;242;170;97m▀[0m[38;2;242;170;97m[48;2;242;170;97m▀[0m[38;2;242;170;97m[48;2;242;170;97m▀[0m[38;2;242;170;97m[48;2;242;170;97m▀[0m[38;2;242;170;97m[48;2;242;170;97m▀[0m[38;2;242;170;97m[48;2;242;170;97m▀[0m[38;2;242;170;97m[48;2;242;170;97m▀[0m[38;2;242;170;97m[48;2;242;170;97m▀[0m[38;2;242;170;97m[48;2;242;170;97m▀[0m[38;2;242;170;97m[48;2;242;170;97m▀[0m[38;2;242;170;97m[48;2;242;170;97m▀[0m[38;2;242;170;97m[48;2;242;170;97m▀[0m[38;2;242;170;97m[48;2;242;170;97m▀[0m[38;2;242;170;97m[48;2;242;170;97m▀[0m[38;2;242;170;97m[48;2;242;170;97m▀[0m[38;2;242;170;97m[48;2;242;170;97m▀[0m[38;2;242;170;97m[48;2;242;170;97m▀[0m[38;2;242;170;97m[48;2;242;170;97m▀[0m[38;2;242;170;97m[48;2;242;170;97m▀[0m[38;2;242;170;97m[48;2;242;170;97m▀[0m[38;2;242;170;97m[48;2;242;170;97m▀[0m[38;2;242;170;97m[48;2;242;170;97m▀[0m[38;2;166;112;58m[48;2;242;170;97m▀[0m[38;2;166;112;58m[48;2;115;75;34m▀[0m[38;2;166;112;58m[48;2;115;75;34m▀[0m[38;2;166;112;58m[48;2;166;112;58m▀[0m[38;2;166;112;58m[48;2;166;112;58m▀[0m[38;2;16;16;16m[48;2;166;112;58m▀[0m[38;2;16;16;16m▄[0m     
 [38;2;77;48;19m▀[0m[38;2;77;48;19m▀[0m[38;2;242;170;97m[48;2;77;48;19m▀[0m[38;2;242;170;97m[48;2;242;170;97m▀[0m[38;2;242;170;97m[48;2;242;170;97m▀[0m[38;2;166;112;58m[48;2;115;75;34m▀[0m[38;2;248;248;248m[48;2;115;75;34m▀[0m[38;2;248;248;248m[48;2;115;75;34m▀[0m[38;2;115;75;34m[48;2;115;75;34m▀[0m[38;2;242;170;97m[48;2;242;170;97m▀[0m[38;2;242;170;97m[48;2;242;170;97m▀[0m[38;2;242;170;97m[48;2;242;170;97m▀[0m[38;2;242;170;97m[48;2;242;170;97m▀[0m[38;2;242;170;97m[48;2;242;170;97m▀[0m[38;2;242;170;97m[48;2;242;170;97m▀[0m[38;2;242;170;97m[48;2;242;170;97m▀[0m[38;2;242;170;97m[48;2;115;75;34m▀[0m[38;2;242;170;97m[48;2;242;170;97m▀[0m[38;2;242;170;97m[48;2;242;170;97m▀[0m[38;2;242;170;97m[48;2;242;170;97m▀[0m[38;2;242;170;97m[48;2;242;170;97m▀[0m[38;2;242;170;97m[48;2;242;170;97m▀[0m[38;2;242;170;97m[48;2;242;170;97m▀[0m[38;2;242;170;97m[48;2;242;170;97m▀[0m[38;2;242;170;97m[48;2;242;170;97m▀[0m[38;2;242;170;97m[48;2;242;170;97m▀[0m[38;2;242;170;97m[48;2;242;170;97m▀[0m[38;2;242;170;97m[48;2;242;170;97m▀[0m[38;2;242;170;97m[48;2;242;170;97m▀[0m[38;2;242;170;97m[48;2;242;170;97m▀[0m[38;2;242;170;97m[48;2;242;170;97m▀[0m[38;2;242;170;97m[48;2;242;170;97m▀[0m[38;2;242;170;97m[48;2;242;170;97m▀[0m[38;2;242;170;97m[48;2;242;170;97m▀[0m[38;2;242;170;97m[48;2;242;170;97m▀[0m[38;2;242;170;97m[48;2;242;170;97m▀[0m[38;2;242;170;97m[48;2;242;170;97m▀[0m[38;2;242;170;97m[48;2;242;170;97m▀[0m[38;2;242;170;97m[48;2;242;170;97m▀[0m[38;2;242;170;97m[48;2;242;170;97m▀[0m[38;2;242;170;97m[48;2;242;170;97m▀[0m[38;2;242;170;97m[48;2;242;170;97m▀[0m[38;2;242;170;97m[48;2;242;170;97m▀[0m[38;2;242;170;97m[48;2;242;170;97m▀[0m[38;2;242;170;97m[48;2;242;170;97m▀[0m[38;2;242;170;97m[48;2;242;170;97m▀[0m[38;2;242;170;97m[48;2;166;112;58m▀[0m[38;2;115;75;34m[48;2;248;248;248m▀[0m[38;2;242;170;97m[48;2;115;75;34m▀[0m[38;2;242;170;97m[48;2;242;170;97m▀[0m[38;2;242;170;97m[48;2;242;170;97m▀[0m[38;2;242;170;97m[48;2;242;170;97m▀[0m[38;2;242;170;97m[48;2;166;112;58m▀[0m[38;2;242;170;97m[48;2;166;112;58m▀[0m[38;2;242;170;97m[48;2;242;170;97m▀[0m[38;2;242;170;97m[48;2;242;170;97m▀[0m[38;2;242;170;97m[48;2;242;170;97m▀[0m[38;2;242;170;97m[48;2;242;170;97m▀[0m[38;2;242;170;97m[48;2;242;170;97m▀[0m[38;2;242;170;97m[48;2;242;170;97m▀[0m[38;2;242;170;97m[48;2;242;170;97m▀[0m[38;2;242;170;97m[48;2;242;170;97m▀[0m[38;2;242;170;97m[48;2;242;170;97m▀[0m[38;2;166;112;58m[48;2;166;112;58m▀[0m[38;2;248;248;248m[48;2;166;112;58m▀[0m[38;2;248;248;248m[48;2;115;75;34m▀[0m[38;2;115;75;34m[48;2;115;75;34m▀[0m[38;2;166;112;58m[48;2;166;112;58m▀[0m[38;2;166;112;58m[48;2;166;112;58m▀[0m[38;2;166;112;58m[48;2;166;112;58m▀[0m[38;2;16;16;16m[48;2;166;112;58m▀[0m[38;2;16;16;16m[48;2;166;112;58m▀[0m[38;2;16;16;16m▄[0m[38;2;16;16;16m▄[0m 
   [38;2;77;48;19m▀[0m[38;2;166;112;58m[48;2;77;48;19m▀[0m[38;2;242;170;97m[48;2;77;48;19m▀[0m[38;2;242;170;97m[48;2;77;48;19m▀[0m[38;2;242;170;97m[48;2;77;48;19m▀[0m[38;2;242;170;97m[48;2;77;48;19m▀[0m[38;2;242;170;97m[48;2;77;48;19m▀[0m[38;2;242;170;97m[48;2;77;48;19m▀[0m[38;2;242;170;97m[48;2;77;48;19m▀[0m[38;2;242;170;97m[48;2;77;48;19m▀[0m[38;2;242;170;97m[48;2;77;48;19m▀[0m[38;2;242;170;97m[48;2;166;112;58m▀[0m[38;2;242;170;97m[48;2;242;170;97m▀[0m[38;2;166;112;58m[48;2;242;170;97m▀[0m[38;2;248;248;248m[48;2;242;170;97m▀[0m[38;2;115;75;34m[48;2;242;170;97m▀[0m[38;2;242;170;97m[48;2;242;170;97m▀[0m[38;2;242;170;97m[48;2;166;112;58m▀[0m[38;2;242;170;97m[48;2;248;248;248m▀[0m[38;2;242;170;97m[48;2;242;170;97m▀[0m[38;2;242;170;97m[48;2;242;170;97m▀[0m[38;2;242;170;97m[48;2;242;170;97m▀[0m[38;2;242;170;97m[48;2;242;170;97m▀[0m[38;2;242;170;97m[48;2;242;170;97m▀[0m[38;2;242;170;97m[48;2;115;75;34m▀[0m[38;2;242;170;97m[48;2;242;170;97m▀[0m[38;2;242;170;97m[48;2;242;170;97m▀[0m[38;2;242;170;97m[48;2;242;170;97m▀[0m[38;2;242;170;97m[48;2;242;170;97m▀[0m[38;2;242;170;97m[48;2;242;170;97m▀[0m[38;2;242;170;97m[48;2;242;170;97m▀[0m[38;2;242;170;97m[48;2;242;170;97m▀[0m[38;2;242;170;97m[48;2;242;170;97m▀[0m[38;2;242;170;97m[48;2;166;112;58m▀[0m[38;2;115;75;34m[48;2;248;248;248m▀[0m[38;2;115;75;34m[48;2;248;248;248m▀[0m[38;2;242;170;97m[48;2;115;75;34m▀[0m[38;2;242;170;97m[48;2;242;170;97m▀[0m[38;2;242;170;97m[48;2;242;170;97m▀[0m[38;2;242;170;97m[48;2;242;170;97m▀[0m[38;2;242;170;97m[48;2;242;170;97m▀[0m[38;2;242;170;97m[48;2;242;170;97m▀[0m[38;2;242;170;97m[48;2;242;170;97m▀[0m[38;2;242;170;97m[48;2;242;170;97m▀[0m[38;2;242;170;97m[48;2;242;170;97m▀[0m[38;2;242;170;97m[48;2;242;170;97m▀[0m[38;2;242;170;97m[48;2;242;170;97m▀[0m[38;2;242;170;97m[48;2;242;170;97m▀[0m[38;2;242;170;97m[48;2;242;170;97m▀[0m[38;2;166;112;58m[48;2;115;75;34m▀[0m[38;2;248;248;248m[48;2;115;75;34m▀[0m[38;2;248;248;248m[48;2;115;75;34m▀[0m[38;2;115;75;34m[48;2;115;75;34m▀[0m[38;2;242;170;97m[48;2;242;170;97m▀[0m[38;2;242;170;97m[48;2;242;170;97m▀[0m[38;2;242;170;97m[48;2;242;170;97m▀[0m[38;2;242;170;97m[48;2;242;170;97m▀[0m[38;2;242;170;97m[48;2;242;170;97m▀[0m[38;2;242;170;97m[48;2;242;170;97m▀[0m[38;2;242;170;97m[48;2;242;170;97m▀[0m[38;2;242;170;97m[48;2;242;170;97m▀[0m[38;2;242;170;97m[48;2;166;112;58m▀[0m[38;2;242;170;97m[48;2;16;16;16m▀[0m[38;2;166;112;58m[48;2;16;16;16m▀[0m[38;2;166;112;58m[48;2;16;16;16m▀[0m[38;2;166;112;58m[48;2;16;16;16m▀[0m[38;2;166;112;58m[48;2;16;16;16m▀[0m[38;2;166;112;58m[48;2;16;16;16m▀[0m[38;2;166;112;58m[48;2;16;16;16m▀[0m[38;2;166;112;58m[48;2;16;16;16m▀[0m[38;2;166;112;58m[48;2;16;16;16m▀[0m[38;2;166;112;58m[48;2;16;16;16m▀[0m[38;2;16;16;16m▀[0m
              [38;2;77;48;19m▀[0m[38;2;77;48;19m[48;2;77;48;19m▀[0m[38;2;242;170;97m[48;2;242;170;97m▀[0m[38;2;242;170;97m[48;2;242;170;97m▀[0m[38;2;242;170;97m[48;2;242;170;97m▀[0m[38;2;166;112;58m[48;2;115;75;34m▀[0m[38;2;248;248;248m[48;2;115;75;34m▀[0m[38;2;248;248;248m[48;2;115;75;34m▀[0m[38;2;115;75;34m[48;2;115;75;34m▀[0m[38;2;242;170;97m[48;2;242;170;97m▀[0m[38;2;242;170;97m[48;2;242;170;97m▀[0m[38;2;242;170;97m[48;2;242;170;97m▀[0m[38;2;166;112;58m[48;2;242;170;97m▀[0m[38;2;248;248;248m[48;2;242;170;97m▀[0m[38;2;115;75;34m[48;2;242;170;97m▀[0m[38;2;242;170;97m[48;2;242;170;97m▀[0m[38;2;242;170;97m[48;2;242;170;97m▀[0m[38;2;242;170;97m[48;2;242;170;97m▀[0m[38;2;242;170;97m[48;2;242;170;97m▀[0m[38;2;242;170;97m[48;2;242;170;97m▀[0m[38;2;242;170;97m[48;2;242;170;97m▀[0m[38;2;242;170;97m[48;2;242;170;97m▀[0m[38;2;242;170;97m[48;2;242;170;97m▀[0m[38;2;242;170;97m[48;2;242;170;97m▀[0m[38;2;242;170;97m[48;2;242;170;97m▀[0m[38;2;242;170;97m[48;2;242;170;97m▀[0m[38;2;242;170;97m[48;2;166;112;58m▀[0m[38;2;242;170;97m[48;2;16;16;16m▀[0m[38;2;242;170;97m[48;2;16;16;16m▀[0m[38;2;242;170;97m[48;2;16;16;16m▀[0m[38;2;242;170;97m[48;2;16;16;16m▀[0m[38;2;242;170;97m[48;2;16;16;16m▀[0m[38;2;242;170;97m[48;2;16;16;16m▀[0m[38;2;242;170;97m[48;2;16;16;16m▀[0m[38;2;242;170;97m[48;2;16;16;16m▀[0m[38;2;242;170;97m[48;2;16;16;16m▀[0m[38;2;242;170;97m[48;2;16;16;16m▀[0m[38;2;242;170;97m[48;2;16;16;16m▀[0m[38;2;242;170;97m[48;2;16;16;16m▀[0m[38;2;242;170;97m[48;2;16;16;16m▀[0m[38;2;242;170;97m[48;2;16;16;16m▀[0m[38;2;242;170;97m[48;2;16;16;16m▀[0m[38;2;242;170;97m[48;2;16;16;16m▀[0m[38;2;242;170;97m[48;2;16;16;16m▀[0m[38;2;242;170;97m[48;2;16;16;16m▀[0m[38;2;166;112;58m[48;2;16;16;16m▀[0m[38;2;166;112;58m[48;2;16;16;16m▀[0m[38;2;16;16;16m▀[0m[38;2;16;16;16m▀[0m[38;2;16;16;16m▀[0m[38;2;16;16;16m▀[0m           
               [38;2;77;48;19m▀[0m[38;2;242;170;97m[48;2;77;48;19m▀[0m[38;2;242;170;97m[48;2;77;48;19m▀[0m[38;2;242;170;97m[48;2;242;170;97m▀[0m[38;2;242;170;97m[48;2;242;170;97m▀[0m[38;2;242;170;97m[48;2;242;170;97m▀[0m[38;2;242;170;97m[48;2;242;170;97m▀[0m[38;2;242;170;97m[48;2;242;170;97m▀[0m[38;2;242;170;97m[48;2;242;170;97m▀[0m[38;2;242;170;97m[48;2;242;170;97m▀[0m[38;2;242;170;97m[48;2;242;170;97m▀[0m[38;2;242;170;97m[48;2;242;170;97m▀[0m[38;2;242;170;97m[48;2;242;170;97m▀[0m[38;2;242;170;97m[48;2;77;48;19m▀[0m[38;2;242;170;97m[48;2;77;48;19m▀[0m[38;2;242;170;97m[48;2;16;16;16m▀[0m[38;2;242;170;97m[48;2;16;16;16m▀[0m[38;2;242;170;97m[48;2;16;16;16m▀[0m[38;2;77;48;19m▀[0m[38;2;16;16;16m▀[0m[38;2;16;16;16m▀[0m[38;2;16;16;16m▀[0m[38;2;16;16;16m▀[0m[38;2;16;16;16m▀[0m[38;2;16;16;16m▀[0m[38;2;16;16;16m▀[0m                                   
                  [38;2;77;48;19m▀[0m[38;2;77;48;19m▀[0m[38;2;77;48;19m▀[0m[38;2;77;48;19m▀[0m[38;2;77;48;19m▀[0m[38;2;77;48;19m▀[0m[38;2;77;48;19m▀[0m[38;2;77;48;19m▀[0m[38;2;77;48;19m▀[0m[38;2;77;48;19m▀[0m                                                
[0m