                                         [38;2;36;173;191m[48;2;21;148;170m▀[0m[38;2;40;171;188m[48;2;37;169;188m▀[0m[38;2;42;173;188m[48;2;38;166;184m▀[0m                                    
                                        [38;2;35;170;191m[48;2;32;170;189m▀[0m[38;2;46;182;197m[48;2;50;194;210m▀[0m[38;2;60;182;189m[48;2;92;199;190m▀[0m[38;2;55;186;198m[48;2;62;201;212m▀[0m[38;2;34;170;191m[48;2;35;168;190m▀[0m                                   
                                       [38;2;35;169;189m▄[0m[38;2;32;170;190m[48;2;58;190;202m▀[0m[38;2;47;184;199m[48;2;83;195;191m▀[0m[38;2;89;197;190m[48;2;90;197;189m▀[0m[38;2;59;193;203m[48;2;86;198;192m▀[0m[38;2;34;168;190m[48;2;67;192;197m▀[0m[38;2;37;170;188m▄[0m[38;2;51;153;204m▄[0m                                 
                                       [38;2;36;167;187m[48;2;31;170;192m▀[0m[38;2;61;204;216m[48;2;70;182;188m▀[0m[38;2;89;206;198m[48;2;116;172;154m▀[0m[38;2;90;198;190m[48;2;91;199;191m▀[0m[38;2;96;199;188m[48;2;93;201;192m▀[0m[38;2;75;202;205m[48;2;72;196;199m▀[0m[38;2;37;169;187m[48;2;37;169;188m▀[0m[38;2;42;170;212m[48;2;42;170;212m▀[0m                                 
                                     [38;2;39;176;176m▄[0m[38;2;51;153;204m[48;2;37;169;187m▀[0m[38;2;24;183;207m[48;2;62;203;209m▀[0m[38;2;105;143;136m[48;2;131;154;130m▀[0m[38;2;197;79;29m[48;2;197;66;15m▀[0m[38;2;98;186;176m[48;2;124;72;47m▀[0m[38;2;90;202;194m[48;2;99;164;151m▀[0m[38;2;72;196;199m[48;2;70;205;208m▀[0m[38;2;37;169;188m[48;2;37;169;188m▀[0m[38;2;42;170;212m[48;2;42;170;212m▀[0m                                 
                                     [38;2;31;175;191m[48;2;0;127;170m▀[0m[38;2;37;169;188m[48;2;35;168;188m▀[0m[38;2;70;209;214m[48;2;63;208;215m▀[0m[38;2;137;157;130m[48;2;132;159;134m▀[0m[38;2;196;64;14m[48;2;195;63;14m▀[0m[38;2;131;45;17m[48;2;129;52;25m▀[0m[38;2;102;155;140m[48;2;101;157;143m▀[0m[38;2;70;207;211m[48;2;70;206;210m▀[0m[38;2;37;169;188m[48;2;37;169;188m▀[0m[38;2;42;170;212m[48;2;42;170;212m▀[0m                                 
                                    [38;2;42;170;170m[48;2;33;170;192m▀[0m[38;2;38;177;193m[48;2;45;180;196m▀[0m[38;2;41;172;189m[48;2;76;200;198m▀[0m[38;2;74;198;200m[48;2;151;123;91m▀[0m[38;2;142;150;121m[48;2;217;88;27m▀[0m[38;2;199;68;17m[48;2;226;107;38m▀[0m[38;2;129;52;25m[48;2;131;55;27m▀[0m[38;2;101;157;143m[48;2;99;156;143m▀[0m[38;2;70;206;210m[48;2;70;206;210m▀[0m[38;2;37;169;188m[48;2;37;169;188m▀[0m[38;2;42;170;212m[48;2;42;170;212m▀[0m                                 
                                    [38;2;32;170;189m[48;2;30;166;185m▀[0m[38;2;47;188;204m[48;2;43;180;197m▀[0m[38;2;82;205;200m[48;2;80;203;199m▀[0m[38;2;162;113;76m[48;2;158;116;81m▀[0m[38;2;228;79;14m[48;2;223;82;18m▀[0m[38;2;230;112;41m[48;2;232;111;40m▀[0m[38;2;126;54;28m[48;2;161;62;24m▀[0m[38;2;97;156;143m[48;2;109;158;142m▀[0m[38;2;70;206;210m[48;2;68;205;210m▀[0m[38;2;37;169;188m[48;2;37;169;188m▀[0m[38;2;42;170;212m[48;2;42;170;212m▀[0m                                 
                                   [38;2;34;162;185m[48;2;36;169;190m▀[0m[38;2;42;176;194m[48;2;57;192;203m▀[0m[38;2;52;184;196m[48;2;90;198;190m▀[0m[38;2;79;205;201m[48;2;83;206;201m▀[0m[38;2;157;116;82m[48;2;155;114;82m▀[0m[38;2;221;80;19m[48;2;221;80;19m▀[0m[38;2;237;112;39m[48;2;237;112;39m▀[0m[38;2;208;72;18m[48;2;203;71;19m▀[0m[38;2;125;161;140m[48;2;124;161;140m▀[0m[38;2;63;204;211m[48;2;64;204;211m▀[0m[38;2;36;169;189m[48;2;36;169;188m▀[0m[38;2;0;127;255m[48;2;0;127;255m▀[0m                                 
                                  [38;2;35;169;188m▄[0m[38;2;35;168;189m[48;2;34;174;196m▀[0m[38;2;57;201;213m[48;2;52;190;202m▀[0m[38;2;98;193;181m[48;2;96;190;179m▀[0m[38;2;168;112;75m[48;2;156;69;34m▀[0m[38;2;214;100;40m[48;2;218;90;26m▀[0m[38;2;236;110;37m[48;2;245;121;43m▀[0m[38;2;239;113;40m[48;2;239;115;41m▀[0m[38;2;235;103;31m[48;2;245;117;40m▀[0m[38;2;125;177;154m[48;2;176;126;82m▀[0m[38;2;73;210;209m[48;2;118;164;144m▀[0m[38;2;74;189;189m[48;2;83;203;199m▀[0m[38;2;43;176;193m[48;2;43;185;205m▀[0m[38;2;32;168;189m[48;2;29;161;186m▀[0m                                
                              [38;2;63;191;191m▄[0m[38;2;28;160;179m[48;2;40;173;190m▀[0m[38;2;35;183;205m[48;2;45;188;206m▀[0m[38;2;37;168;193m[48;2;44;177;192m▀[0m[38;2;50;177;188m[48;2;84;194;190m▀[0m[38;2;52;191;206m[48;2;95;197;187m▀[0m[38;2;59;191;199m[48;2;92;199;191m▀[0m[38;2;89;192;184m[48;2;93;186;177m▀[0m[38;2;106;66;48m[48;2;117;69;47m▀[0m[38;2;196;87;31m[48;2;200;89;31m▀[0m[38;2;247;119;42m[48;2;246;119;42m▀[0m[38;2;238;115;41m[48;2;238;115;41m▀[0m[38;2;240;117;43m[48;2;240;117;42m▀[0m[38;2;223;70;7m[48;2;217;77;17m▀[0m[38;2;156;119;85m[48;2;150;121;89m▀[0m[38;2;77;208;206m[48;2;85;202;196m▀[0m[38;2;54;181;192m[48;2;92;198;189m▀[0m[38;2;44;178;198m[48;2;58;193;206m▀[0m[38;2;28;160;179m[48;2;35;170;190m▀[0m[38;2;63;191;191m▄[0m                              
                            [38;2;27;163;191m▄[0m[38;2;35;168;189m▄[0m[38;2;32;167;188m[48;2;64;185;190m▀[0m[38;2;65;192;199m[48;2;78;213;213m▀[0m[38;2;86;202;197m[48;2;102;187;173m▀[0m[38;2;77;204;202m[48;2;153;116;81m▀[0m[38;2;77;212;209m[48;2;146;113;77m▀[0m[38;2;141;138;110m[48;2;194;97;41m▀[0m[38;2;185;80;36m[48;2;231;86;16m▀[0m[38;2;181;90;46m[48;2;228;94;27m▀[0m[38;2;216;105;40m[48;2;243;116;40m▀[0m[38;2;234;113;40m[48;2;241;117;42m▀[0m[38;2;239;116;41m[48;2;238;115;41m▀[0m[38;2;238;115;41m[48;2;238;115;41m▀[0m[38;2;240;117;42m[48;2;239;116;41m▀[0m[38;2;214;84;26m[48;2;229;104;36m▀[0m[38;2;158;63;27m[48;2;213;90;28m▀[0m[38;2;103;93;77m[48;2;179;85;37m▀[0m[38;2;90;204;195m[48;2;104;107;91m▀[0m[38;2;88;206;199m[48;2;98;189;178m▀[0m[38;2;65;192;199m[48;2;89;216;212m▀[0m[38;2;32;167;188m[48;2;63;185;191m▀[0m[38;2;35;168;189m▄[0m[38;2;19;137;176m▄[0m                            
                           [38;2;28;170;198m▄[0m[38;2;54;176;188m[48;2;80;194;194m▀[0m[38;2;59;191;202m[48;2;92;197;188m▀[0m[38;2;83;209;206m[48;2;92;201;193m▀[0m[38;2;101;182;169m[48;2;152;121;89m▀[0m[38;2;148;136;106m[48;2;227;92;40m▀[0m[38;2;224;92;40m[48;2;255;187;151m▀[0m[38;2;223;116;77m[48;2;255;255;255m▀[0m[38;2;237;133;80m[48;2;255;220;202m▀[0m[38;2;247;132;61m[48;2;250;151;98m▀[0m[38;2;241;117;41m[48;2;237;113;38m▀[0m[38;2;238;115;41m[48;2;238;114;40m▀[0m[38;2;238;115;41m[48;2;238;115;41m▀[0m[38;2;239;116;42m[48;2;237;113;40m▀[0m[38;2;240;116;41m[48;2;235;112;40m▀[0m[38;2;240;112;36m[48;2;234;119;51m▀[0m[38;2;240;112;34m[48;2;239;126;57m▀[0m[38;2;248;119;38m[48;2;238;120;50m▀[0m[38;2;238;112;38m[48;2;239;112;38m▀[0m[38;2;165;65;22m[48;2;247;120;42m▀[0m[38;2;78;113;103m[48;2;76;27;5m▀[0m[38;2;72;176;170m[48;2;41;88;86m▀[0m[38;2;93;211;205m[48;2;90;198;190m▀[0m[38;2;59;192;202m[48;2;92;198;189m▀[0m[38;2;48;181;197m[48;2;55;195;210m▀[0m[38;2;34;165;186m[48;2;33;167;186m▀[0m                           
                           [38;2;32;166;187m[48;2;72;186;186m▀[0m[38;2;50;189;204m[48;2;83;214;211m▀[0m[38;2;90;197;190m[48;2;96;207;191m▀[0m[38;2;167;96;54m[48;2;184;168;146m▀[0m[38;2;229;113;62m[48;2;213;113;72m▀[0m[38;2;255;195;163m[48;2;223;117;71m▀[0m[38;2;255;253;252m[48;2;255;207;183m▀[0m[38;2;255;255;255m[48;2;255;206;182m▀[0m[38;2;255;214;195m[48;2;249;163;115m▀[0m[38;2;251;151;98m[48;2;241;123;52m▀[0m[38;2;237;113;38m[48;2;238;114;40m▀[0m[38;2;238;114;40m[48;2;238;115;41m▀[0m[38;2;241;118;42m[48;2;244;115;35m▀[0m[38;2;225;95;26m[48;2;219;123;69m▀[0m[38;2;196;80;32m[48;2;190;160;149m▀[0m[38;2;188;171;163m[48;2;249;247;239m▀[0m[38;2;246;247;239m[48;2;153;202;255m▀[0m[38;2;240;179;151m[48;2;133;159;210m▀[0m[38;2;202;68;7m[48;2;198;140;111m▀[0m[38;2;238;114;40m[48;2;237;116;43m▀[0m[38;2;241;115;40m[48;2;255;123;40m▀[0m[38;2;118;58;24m[48;2;166;68;20m▀[0m[38;2;18;56;59m[48;2;68;61;54m▀[0m[38;2;90;197;190m[48;2;88;207;201m▀[0m[38;2;52;192;206m[48;2;81;201;199m▀[0m[38;2;31;164;185m[48;2;61;190;199m▀[0m[38;2;36;168;189m▄[0m                          
                          [38;2;36;168;188m[48;2;36;169;189m▀[0m[38;2;81;201;196m[48;2;73;210;209m▀[0m[38;2;90;197;195m[48;2;76;171;184m▀[0m[38;2;57;144;182m[48;2;2;56;170m▀[0m[38;2;111;168;223m[48;2;13;88;218m▀[0m[38;2;186;165;171m[48;2;133;184;239m▀[0m[38;2;236;149;106m[48;2;226;207;185m▀[0m[38;2;250;145;86m[48;2;231;102;29m▀[0m[38;2;248;146;89m[48;2;236;109;32m▀[0m[38;2;241;124;55m[48;2;238;114;39m▀[0m[38;2;236;110;33m[48;2;238;115;41m▀[0m[38;2;238;115;41m[48;2;238;115;41m▀[0m[38;2;238;116;41m[48;2;242;118;42m▀[0m[38;2;234;97;22m[48;2;186;66;9m▀[0m[38;2;232;149;104m[48;2;191;124;101m▀[0m[38;2;222;237;240m[48;2;203;223;248m▀[0m[38;2;167;189;228m[48;2;6;64;173m▀[0m[38;2;51;106;214m[48;2;0;38;158m▀[0m[38;2;88;145;226m[48;2;114;153;219m▀[0m[38;2;226;216;201m[48;2;255;254;236m▀[0m[38;2;238;118;46m[48;2;240;120;46m▀[0m[38;2;243;114;36m[48;2;237;111;35m▀[0m[38;2;213;96;34m[48;2;250;121;43m▀[0m[38;2;159;91;53m[48;2;220;100;34m▀[0m[38;2;109;143;126m[48;2;110;42;20m▀[0m[38;2;98;191;178m[48;2;94;169;158m▀[0m[38;2;68;206;214m[48;2;65;204;212m▀[0m[38;2;36;170;190m[48;2;36;169;189m▀[0m                          
                          [38;2;36;169;189m[48;2;36;169;189m▀[0m[38;2;71;203;202m[48;2;70;200;200m▀[0m[38;2;78;174;186m[48;2;82;181;196m▀[0m[38;2;7;64;171m[48;2;25;101;222m▀[0m[38;2;6;66;183m[48;2;0;55;175m▀[0m[38;2;1;37;91m[48;2;103;137;191m▀[0m[38;2;59;26;7m[48;2;209;188;163m▀[0m[38;2;202;76;25m[48;2;229;103;34m▀[0m[38;2;235;110;39m[48;2;237;112;38m▀[0m[38;2;240;117;42m[48;2;239;116;41m▀[0m[38;2;238;115;41m[48;2;238;115;41m▀[0m[38;2;239;115;41m[48;2;238;114;40m▀[0m[38;2;250;120;42m[48;2;240;111;33m▀[0m[38;2;95;45;10m[48;2;216;180;147m▀[0m[38;2;2;25;67m[48;2;125;156;201m▀[0m[38;2;13;72;182m[48;2;0;53;169m▀[0m[38;2;8;65;173m[48;2;7;64;172m▀[0m[38;2;0;50;166m[48;2;0;58;179m▀[0m[38;2;113;153;220m[48;2;14;59;130m▀[0m[38;2;255;251;233m[48;2;83;69;56m▀[0m[38;2;240;120;46m[48;2;202;82;28m▀[0m[38;2;238;111;35m[48;2;239;113;38m▀[0m[38;2;251;121;43m[48;2;238;108;37m▀[0m[38;2;194;92;32m[48;2;164;63;20m▀[0m[38;2;18;17;16m[48;2;13;15;16m▀[0m[38;2;75;163;157m[48;2;75;164;157m▀[0m[38;2;71;205;212m[48;2;71;205;212m▀[0m[38;2;36;169;189m[48;2;36;169;189m▀[0m                          
                          [38;2;36;169;189m[48;2;36;169;189m▀[0m[38;2;62;195;198m[48;2;59;197;204m▀[0m[38;2;110;202;204m[48;2;125;204;190m▀[0m[38;2;163;205;255m[48;2;241;216;202m▀[0m[38;2;32;98;214m[48;2;125;173;250m▀[0m[38;2;121;168;236m[48;2;140;165;210m▀[0m[38;2;244;224;201m[48;2;215;157;118m▀[0m[38;2;241;115;38m[48;2;242;116;39m▀[0m[38;2;239;114;38m[48;2;239;115;40m▀[0m[38;2;238;115;41m[48;2;238;115;41m▀[0m[38;2;238;115;41m[48;2;238;115;41m▀[0m[38;2;238;114;40m[48;2;238;114;40m▀[0m[38;2;236;107;29m[48;2;243;112;33m▀[0m[38;2;255;237;206m[48;2;254;195;149m▀[0m[38;2;175;211;255m[48;2;188;194;216m▀[0m[38;2;0;41;161m[48;2;59;104;193m▀[0m[38;2;0;53;170m[48;2;45;94;182m▀[0m[38;2;75;121;199m[48;2;148;154;171m▀[0m[38;2;81;91;116m[48;2;176;129;103m▀[0m[38;2;68;20;0m[48;2;153;59;22m▀[0m[38;2;190;70;22m[48;2;196;73;24m▀[0m[38;2;218;92;31m[48;2;196;71;23m▀[0m[38;2;219;88;28m[48;2;207;76;23m▀[0m[38;2;156;55;17m[48;2;161;59;18m▀[0m[38;2;16;16;17m[48;2;14;11;12m▀[0m[38;2;76;164;157m[48;2;77;163;156m▀[0m[38;2;71;205;212m[48;2;72;208;215m▀[0m[38;2;36;169;189m[48;2;36;169;189m▀[0m                          
                          [38;2;35;169;189m[48;2;21;148;170m▀[0m[38;2;63;202;211m[48;2;39;177;195m▀[0m[38;2;95;169;156m[48;2;55;186;198m▀[0m[38;2;119;56;31m[48;2;93;174;163m▀[0m[38;2;231;221;219m[48;2;137;107;87m▀[0m[38;2;255;192;152m[48;2;187;81;37m▀[0m[38;2;236;103;23m[48;2;188;73;23m▀[0m[38;2;235;114;41m[48;2;136;65;34m▀[0m[38;2;238;115;41m[48;2;228;110;41m▀[0m[38;2;238;115;41m[48;2;255;123;42m▀[0m[38;2;238;115;41m[48;2;255;125;44m▀[0m[38;2;238;115;41m[48;2;238;116;41m▀[0m[38;2;233;113;41m[48;2;50;34;21m▀[0m[38;2;234;102;22m[48;2;139;55;17m▀[0m[38;2;247;164;116m[48;2;193;85;39m▀[0m[38;2;252;254;252m[48;2;136;87;66m▀[0m[38;2;198;198;197m[48;2;129;78;57m▀[0m[38;2;135;90;73m[48;2;168;71;32m▀[0m[38;2;150;54;16m[48;2;194;71;21m▀[0m[38;2;203;75;23m[48;2;199;75;24m▀[0m[38;2;197;74;24m[48;2;197;74;24m▀[0m[38;2;197;74;24m[48;2;201;75;23m▀[0m[38;2;207;77;24m[48;2;174;61;19m▀[0m[38;2;159;60;20m[48;2;125;83;58m▀[0m[38;2;18;20;21m[48;2;79;171;164m▀[0m[38;2;75;165;158m[48;2;55;187;198m▀[0m[38;2;70;204;211m[48;2;44;177;194m▀[0m[38;2;35;169;189m[48;2;36;163;191m▀[0m                          
                 [38;2;32;167;185m▄[0m[38;2;38;177;200m▄[0m[38;2;35;171;190m▄[0m[38;2;32;167;190m▄[0m[38;2;22;164;183m▄[0m[38;2;22;161;183m▄[0m[38;2;25;164;187m▄[0m[38;2;0;153;153m[48;2;41;172;189m▀[0m[38;2;34;168;189m[48;2;58;188;198m▀[0m[38;2;32;172;195m[48;2;60;196;208m▀[0m[38;2;52;177;186m[48;2;78;197;197m▀[0m[38;2;76;199;201m[48;2;99;202;191m▀[0m[38;2;88;205;198m[48;2;92;199;190m▀[0m[38;2;44;44;36m[48;2;37;97;96m▀[0m[38;2;132;33;0m[48;2;80;49;33m▀[0m[38;2;208;78;26m[48;2;164;55;12m▀[0m[38;2;160;65;27m[48;2;209;78;24m▀[0m[38;2;168;78;36m[48;2;157;64;29m▀[0m[38;2;122;64;30m[48;2;87;39;22m▀[0m[38;2;87;50;25m[48;2;44;23;16m▀[0m[38;2;94;51;25m[48;2;65;29;17m▀[0m[38;2;106;45;20m[48;2;196;73;24m▀[0m[38;2;169;63;22m[48;2;208;78;24m▀[0m[38;2;188;68;20m[48;2;198;74;24m▀[0m[38;2;158;56;16m[48;2;203;75;23m▀[0m[38;2;162;59;19m[48;2;203;75;23m▀[0m[38;2;190;71;22m[48;2;198;74;24m▀[0m[38;2;202;75;24m[48;2;198;74;24m▀[0m[38;2;197;74;24m[48;2;202;75;24m▀[0m[38;2;197;74;24m[48;2;205;77;24m▀[0m[38;2;218;81;26m[48;2;161;54;13m▀[0m[38;2;132;38;7m[48;2;80;49;33m▀[0m[38;2;49;52;46m[48;2;38;97;96m▀[0m[38;2;94;206;199m[48;2;92;198;190m▀[0m[38;2;49;192;209m[48;2;68;195;200m▀[0m[38;2;25;161;184m[48;2;49;175;188m▀[0m[38;2;32;174;196m▄[0m[38;2;36;168;188m▄[0m[38;2;0;127;127m▄[0m                        
          [38;2;28;170;198m[48;2;42;171;189m▀[0m[38;2;40;187;214m[48;2;43;183;203m▀[0m[38;2;40;174;187m[48;2;38;170;189m▀[0m[38;2;40;174;187m[48;2;38;170;189m▀[0m[38;2;26;174;187m[48;2;32;167;186m▀[0m[38;2;40;174;187m[48;2;47;175;185m▀[0m[38;2;63;183;183m[48;2;83;194;185m▀[0m[38;2;43;173;188m[48;2;80;192;185m▀[0m[38;2;48;189;206m[48;2;79;194;188m▀[0m[38;2;45;181;197m[48;2;75;192;185m▀[0m[38;2;46;182;197m[48;2;88;197;191m▀[0m[38;2;53;185;201m[48;2;171;238;232m▀[0m[38;2;55;186;202m[48;2;192;249;243m▀[0m[38;2;50;183;200m[48;2;146;225;218m▀[0m[38;2;53;183;196m[48;2;85;194;187m▀[0m[38;2;91;198;189m[48;2;93;199;189m▀[0m[38;2;91;198;190m[48;2;58;186;195m▀[0m[38;2;87;197;190m[48;2;44;180;198m▀[0m[38;2;86;196;190m[48;2;47;182;198m▀[0m[38;2;87;196;190m[48;2;47;182;198m▀[0m[38;2;94;215;208m[48;2;45;182;199m▀[0m[38;2;40;110;110m[48;2;71;195;197m▀[0m[38;2;48;25;15m[48;2;72;143;135m▀[0m[38;2;187;69;22m[48;2;30;11;6m▀[0m[38;2;195;73;23m[48;2;111;42;20m▀[0m[38;2;202;75;24m[48;2;177;67;25m▀[0m[38;2;207;77;24m[48;2;208;77;23m▀[0m[38;2;206;77;24m[48;2;206;77;24m▀[0m[38;2;198;74;24m[48;2;198;74;24m▀[0m[38;2;197;74;24m[48;2;197;74;24m▀[0m[38;2;197;74;24m[48;2;197;74;24m▀[0m[38;2;197;74;24m[48;2;197;74;24m▀[0m[38;2;197;74;24m[48;2;197;74;24m▀[0m[38;2;198;74;24m[48;2;208;77;24m▀[0m[38;2;196;74;24m[48;2;180;69;25m▀[0m[38;2;193;72;23m[48;2;110;42;20m▀[0m[38;2;187;69;22m[48;2;28;9;6m▀[0m[38;2;49;25;15m[48;2;71;143;135m▀[0m[38;2;40;110;110m[48;2;71;195;197m▀[0m[38;2;94;215;208m[48;2;45;182;199m▀[0m[38;2;87;196;190m[48;2;47;182;198m▀[0m[38;2;91;198;189m[48;2;44;180;197m▀[0m[38;2;67;189;194m[48;2;69;190;194m▀[0m[38;2;45;185;203m[48;2;93;200;190m▀[0m[38;2;45;176;192m[48;2;84;195;190m▀[0m[38;2;39;171;191m[48;2;46;174;189m▀[0m[38;2;40;174;187m[48;2;36;169;189m▀[0m[38;2;40;187;201m[48;2;41;178;195m▀[0m[38;2;42;170;184m[48;2;38;170;189m▀[0m[38;2;46;162;185m▄[0m                    
         [38;2;39;172;188m[48;2;39;171;187m▀[0m[38;2;41;179;199m[48;2;38;178;198m▀[0m[38;2;51;186;200m[48;2;56;190;202m▀[0m[38;2;77;196;196m[48;2;97;200;189m▀[0m[38;2;72;194;194m[48;2;93;198;187m▀[0m[38;2;115;216;217m[48;2;126;216;206m▀[0m[38;2;175;239;239m[48;2;187;241;233m▀[0m[38;2;212;245;243m[48;2;248;255;255m▀[0m[38;2;206;239;235m[48;2;255;255;255m▀[0m[38;2;208;238;235m[48;2;255;255;255m▀[0m[38;2;212;239;236m[48;2;232;252;247m▀[0m[38;2;218;244;240m[48;2;195;235;232m▀[0m[38;2;210;255;245m[48;2;139;227;229m▀[0m[38;2;158;231;218m[48;2;86;209;211m▀[0m[38;2;97;205;202m[48;2;49;176;184m▀[0m[38;2;58;193;204m[48;2;33;171;192m▀[0m[38;2;60;196;207m[48;2;36;172;194m▀[0m[38;2;45;173;189m[48;2;30;163;183m▀[0m[38;2;32;167;190m▀[0m[38;2;35;171;190m▀[0m[38;2;35;171;190m▀[0m[38;2;32;164;187m▀[0m[38;2;54;188;200m[48;2;32;165;186m▀[0m[38;2;56;194;206m[48;2;39;188;208m▀[0m[38;2;30;133;147m[48;2;45;193;211m▀[0m[38;2;87;157;149m[48;2;61;200;207m▀[0m[38;2;138;98;69m[48;2;95;153;144m▀[0m[38;2;123;33;4m[48;2;81;101;90m▀[0m[38;2;72;23;6m[48;2;37;90;90m▀[0m[38;2;189;70;21m[48;2;148;68;34m▀[0m[38;2;205;77;24m[48;2;191;70;22m▀[0m[38;2;196;74;24m[48;2;201;75;24m▀[0m[38;2;199;75;24m[48;2;195;73;24m▀[0m[38;2;207;77;24m[48;2;171;66;24m▀[0m[38;2;105;27;1m[48;2;65;76;67m▀[0m[38;2;72;72;60m[48;2;46;142;142m▀[0m[38;2;94;158;147m[48;2;89;215;209m▀[0m[38;2;64;140;133m[48;2;74;201;203m▀[0m[38;2;66;196;203m[48;2;50;190;207m▀[0m[38;2;52;185;200m[48;2;23;159;187m▀[0m[38;2;32;164;187m▀[0m[38;2;35;171;190m▀[0m[38;2;32;167;190m▀[0m[38;2;48;176;189m[48;2;27;167;192m▀[0m[38;2;74;206;210m[48;2;49;187;201m▀[0m[38;2;96;200;189m[48;2;74;198;201m▀[0m[38;2;83;198;195m[48;2;75;198;200m▀[0m[38;2;78;197;197m[48;2;85;198;192m▀[0m[38;2;76;198;198m[48;2;111;207;194m▀[0m[38;2;65;186;188m[48;2;141;222;214m▀[0m[38;2;23;164;181m[48;2;142;221;231m▀[0m[38;2;27;165;185m[48;2;84;201;211m▀[0m[38;2;39;178;198m[48;2;52;195;203m▀[0m[38;2;34;168;188m[48;2;50;177;185m▀[0m[38;2;25;163;182m▄[0m[38;2;29;165;188m▄[0m[38;2;37;178;200m▄[0m[38;2;36;168;189m▄[0m             
          [38;2;35;170;190m[48;2;0;170;170m▀[0m[38;2;55;189;203m[48;2;41;172;189m▀[0m[38;2;85;196;192m[48;2;44;179;195m▀[0m[38;2;85;196;192m[48;2;41;177;195m▀[0m[38;2;78;192;186m[48;2;70;188;190m▀[0m[38;2;106;206;197m[48;2;95;199;189m▀[0m[38;2;178;241;233m[48;2;93;199;190m▀[0m[38;2;229;247;245m[48;2;97;199;190m▀[0m[38;2;198;242;240m[48;2;62;182;190m▀[0m[38;2;130;221;214m[48;2;41;179;197m▀[0m[38;2;64;185;183m[48;2;41;173;189m▀[0m[38;2;32;167;184m[48;2;44;166;188m▀[0m[38;2;36;182;203m[48;2;51;204;204m▀[0m[38;2;39;170;191m[48;2;85;170;170m▀[0m        [38;2;34;168;190m▄[0m[38;2;39;176;205m[48;2;43;176;193m▀[0m[38;2;41;171;188m[48;2;82;195;191m▀[0m[38;2;72;203;205m[48;2;90;208;200m▀[0m[38;2;93;208;199m[48;2;97;156;144m▀[0m[38;2;102;180;168m[48;2;128;56;28m▀[0m[38;2;123;70;46m[48;2;188;71;24m▀[0m[38;2;174;63;20m[48;2;199;75;24m▀[0m[38;2;205;76;23m[48;2;197;74;24m▀[0m[38;2;191;71;23m[48;2;198;74;24m▀[0m[38;2;134;55;25m[48;2;198;74;24m▀[0m[38;2;108;149;134m[48;2;147;55;21m▀[0m[38;2;97;202;193m[48;2;105;117;100m▀[0m[38;2;83;197;192m[48;2;89;206;199m▀[0m[38;2;47;178;193m[48;2;90;198;189m▀[0m[38;2;40;174;194m[48;2;55;189;203m▀[0m[38;2;23;162;185m[48;2;35;168;190m▀[0m    [38;2;35;166;177m[48;2;0;255;255m▀[0m[38;2;38;174;194m[48;2;51;204;204m▀[0m[38;2;35;170;191m[48;2;51;204;204m▀[0m[38;2;58;181;185m[48;2;35;171;190m▀[0m[38;2;115;214;206m[48;2;61;195;206m▀[0m[38;2;191;245;238m[48;2;94;199;190m▀[0m[38;2;244;252;249m[48;2;87;196;187m▀[0m[38;2;165;223;217m[48;2;200;236;233m▀[0m[38;2;110;204;194m[48;2;254;254;254m▀[0m[38;2;112;205;200m[48;2;246;254;253m▀[0m[38;2;67;194;208m[48;2;192;246;240m▀[0m[38;2;50;187;202m[48;2;111;208;201m▀[0m[38;2;49;193;209m[48;2;82;194;185m▀[0m[38;2;45;174;187m[48;2;78;191;187m▀[0m[38;2;31;161;180m[48;2;38;170;187m▀[0m[38;2;34;179;199m[48;2;41;183;202m▀[0m[38;2;30;165;195m[48;2;41;170;189m▀[0m          
           [38;2;31;127;159m▀[0m[38;2;35;174;192m▀[0m[38;2;31;170;192m▀[0m[38;2;49;177;189m[48;2;34;170;189m▀[0m[38;2;56;200;214m[48;2;35;182;205m▀[0m[38;2;54;189;201m[48;2;36;169;186m▀[0m[38;2;86;196;189m[48;2;59;181;188m▀[0m[38;2;85;194;187m[48;2;87;199;194m▀[0m[38;2;62;190;197m[48;2;86;198;192m▀[0m[38;2;34;168;188m[48;2;56;179;186m▀[0m[38;2;37;169;187m▄[0m[38;2;35;181;205m▄[0m[38;2;36;167;189m▄[0m        [38;2;34;170;189m[48;2;34;170;195m▀[0m[38;2;47;193;211m[48;2;42;175;192m▀[0m[38;2;88;201;195m[48;2;61;183;190m▀[0m[38;2;92;209;200m[48;2;84;208;205m▀[0m[38;2;97;150;138m[48;2;98;181;169m▀[0m[38;2;133;40;10m[48;2;114;122;102m▀[0m[38;2;197;71;21m[48;2;155;63;27m▀[0m[38;2;203;76;24m[48;2;191;60;11m▀[0m[38;2;196;74;24m[48;2;209;67;13m▀[0m[38;2;200;75;24m[48;2;201;65;13m▀[0m[38;2;210;78;24m[48;2;169;56;14m▀[0m[38;2;82;15;0m[48;2;78;84;71m▀[0m[38;2;46;82;79m[48;2;61;148;143m▀[0m[38;2;95;210;201m[48;2;92;206;198m▀[0m[38;2;96;200;189m[48;2;70;198;203m▀[0m[38;2;61;205;219m[48;2;52;186;201m▀[0m[38;2;34;169;190m[48;2;34;167;190m▀[0m       [38;2;31;167;191m▀[0m[38;2;47;178;195m[48;2;35;158;175m▀[0m[38;2;53;195;208m[48;2;35;175;197m▀[0m[38;2;47;188;201m[48;2;33;169;189m▀[0m[38;2;100;202;201m[48;2;43;173;182m▀[0m[38;2;165;228;219m[48;2;90;211;210m▀[0m[38;2;225;255;251m[48;2;146;225;214m▀[0m[38;2;255;255;255m[48;2;171;225;221m▀[0m[38;2;229;247;245m[48;2;251;252;253m▀[0m[38;2;219;242;239m[48;2;255;255;255m▀[0m[38;2;216;243;241m[48;2;223;252;248m▀[0m[38;2;167;238;236m[48;2;151;227;218m▀[0m[38;2;101;210;206m[48;2;107;206;193m▀[0m[38;2;54;179;186m[48;2;82;198;192m▀[0m[38;2;34;172;194m[48;2;65;197;206m▀[0m[38;2;41;172;189m[48;2;46;192;212m▀[0m[38;2;40;147;174m[48;2;42;180;200m▀[0m[38;2;39;171;187m▄[0m      
             [38;2;51;153;153m▄[0m[38;2;51;204;204m▄[0m[38;2;36;171;191m▄[0m[38;2;35;178;193m[48;2;47;182;198m▀[0m[38;2;46;175;189m[48;2;86;197;191m▀[0m[38;2;72;194;195m[48;2;87;196;186m▀[0m[38;2;101;203;191m[48;2;131;217;209m▀[0m[38;2;110;209;200m[48;2;188;245;237m▀[0m[38;2;55;190;201m[48;2;101;203;194m▀[0m[38;2;54;200;213m[48;2;92;198;187m▀[0m[38;2;50;178;193m[48;2;74;198;200m▀[0m[38;2;31;166;187m[48;2;39;170;188m▀[0m[38;2;39;196;196m▄[0m[38;2;51;204;204m▄[0m[38;2;0;170;170m▄[0m      [38;2;32;166;187m▀[0m[38;2;66;192;197m[48;2;40;171;189m▀[0m[38;2;81;207;204m[48;2;40;183;203m▀[0m[38;2;79;195;193m[48;2;43;173;189m▀[0m[38;2;104;98;81m[48;2;84;197;192m▀[0m[38;2;152;92;58m[48;2;91;200;192m▀[0m[38;2;181;103;60m[48;2;88;199;192m▀[0m[38;2;167;99;60m[48;2;88;199;192m▀[0m[38;2;115;84;62m[48;2;91;201;192m▀[0m[38;2;90;170;163m[48;2;54;180;190m▀[0m[38;2;83;212;210m[48;2;39;178;198m▀[0m[38;2;72;190;191m[48;2;39;171;187m▀[0m[38;2;38;174;193m[48;2;0;255;255m▀[0m[38;2;23;154;185m▀[0m           [38;2;51;153;204m▄[0m[38;2;32;166;188m[48;2;0;255;255m▀[0m[38;2;53;189;201m[48;2;34;166;187m▀[0m[38;2;72;191;187m[48;2;49;184;200m▀[0m[38;2;73;191;183m[48;2;88;196;190m▀[0m[38;2;184;229;226m[48;2;90;197;188m▀[0m[38;2;208;242;240m[48;2;87;196;188m▀[0m[38;2;146;228;218m[48;2;89;196;188m▀[0m[38;2;86;195;186m[48;2;90;197;189m▀[0m[38;2;78;195;191m[48;2;50;177;188m▀[0m[38;2;85;201;197m[48;2;38;180;200m▀[0m[38;2;75;189;189m[48;2;38;170;187m▀[0m[38;2;41;172;189m▀[0m[38;2;43;183;202m▀[0m[38;2;39;170;186m▀[0m      
          [38;2;33;165;187m▄[0m[38;2;36;182;204m▄[0m[38;2;36;168;188m▄[0m[38;2;38;170;188m[48;2;60;181;185m▀[0m[38;2;36;178;200m[48;2;59;194;197m▀[0m[38;2;50;177;188m[48;2;83;201;200m▀[0m[38;2;78;195;189m[48;2;152;228;219m▀[0m[38;2;72;191;182m[48;2;180;230;226m▀[0m[38;2;175;227;223m[48;2;236;249;248m▀[0m[38;2;237;250;248m[48;2;255;255;255m▀[0m[38;2;246;254;253m[48;2;255;255;255m▀[0m[38;2;233;248;246m[48;2;255;255;255m▀[0m[38;2;127;210;203m[48;2;214;240;238m▀[0m[38;2;71;192;183m[48;2;179;232;226m▀[0m[38;2;71;188;186m[48;2;145;226;218m▀[0m[38;2;39;171;189m[48;2;75;197;200m▀[0m[38;2;39;183;204m[48;2;74;201;204m▀[0m[38;2;37;169;187m[48;2;59;189;197m▀[0m[38;2;29;166;187m▄[0m      [38;2;38;165;191m▀[0m[38;2;35;174;194m[48;2;32;168;186m▀[0m[38;2;44;179;195m[48;2;48;192;209m▀[0m[38;2;85;198;193m[48;2;89;199;193m▀[0m[38;2;91;200;192m[48;2;93;198;188m▀[0m[38;2;88;199;191m[48;2;91;197;189m▀[0m[38;2;89;199;191m[48;2;87;196;190m▀[0m[38;2;94;201;191m[48;2;64;187;193m▀[0m[38;2;60;199;211m[48;2;51;186;199m▀[0m[38;2;35;170;191m[48;2;37;166;185m▀[0m[38;2;32;172;189m▀[0m          [38;2;36;166;191m▄[0m[38;2;36;182;204m▄[0m[38;2;0;0;0m[48;2;38;170;188m▀[0m[38;2;37;170;188m[48;2;62;185;188m▀[0m[38;2;35;177;197m[48;2;58;192;195m▀[0m[38;2;53;178;188m[48;2;90;205;202m▀[0m[38;2;79;193;187m[48;2;158;229;220m▀[0m[38;2;79;193;185m[48;2;188;232;228m▀[0m[38;2;85;195;187m[48;2;121;208;200m▀[0m[38;2;92;197;188m[48;2;72;194;193m▀[0m[38;2;86;199;193m[48;2;53;180;190m▀[0m[38;2;52;189;203m[48;2;34;170;191m▀[0m[38;2;40;171;189m[48;2;0;141;170m▀[0m[38;2;34;179;199m▀[0m[38;2;36;173;191m▀[0m         
      [38;2;31;159;191m▄[0m[38;2;40;187;201m▄[0m[38;2;40;174;187m▄[0m[38;2;29;167;188m[48;2;39;170;187m▀[0m[38;2;48;180;193m[48;2;76;202;207m▀[0m[38;2;58;200;212m[48;2;99;202;190m▀[0m[38;2;61;193;203m[48;2;93;199;190m▀[0m[38;2;116;212;205m[48;2;166;236;227m▀[0m[38;2;137;215;206m[48;2;236;255;251m▀[0m[38;2;163;226;219m[48;2;255;255;255m▀[0m[38;2;222;254;249m[48;2;255;255;255m▀[0m[38;2;255;255;255m[48;2;252;255;254m▀[0m[38;2;255;255;255m[48;2;245;252;251m▀[0m[38;2;255;255;255m[48;2;242;250;250m▀[0m[38;2;255;255;255m[48;2;243;251;250m▀[0m[38;2;255;255;255m[48;2;243;251;250m▀[0m[38;2;255;255;255m[48;2;206;248;242m▀[0m[38;2;220;251;246m[48;2;137;223;213m▀[0m[38;2;151;228;219m[48;2;80;192;184m▀[0m[38;2;98;201;191m[48;2;87;196;190m▀[0m[38;2;96;199;187m[48;2;86;196;190m▀[0m[38;2;83;205;203m[48;2;90;198;191m▀[0m[38;2;53;179;190m[48;2;81;195;193m▀[0m[38;2;39;172;189m[48;2;41;173;189m▀[0m[38;2;28;170;184m[48;2;37;170;191m▀[0m     [38;2;34;166;191m▀[0m[38;2;45;179;195m[48;2;0;127;191m▀[0m[38;2;71;188;189m[48;2;35;168;188m▀[0m[38;2;87;197;191m[48;2;74;196;197m▀[0m[38;2;94;199;189m[48;2;95;200;190m▀[0m[38;2;87;198;192m[48;2;81;194;190m▀[0m[38;2;43;185;204m[48;2;45;179;195m▀[0m[38;2;27;160;184m[48;2;33;170;192m▀[0m        [38;2;25;178;204m▄[0m[38;2;21;170;191m[48;2;44;176;192m▀[0m[38;2;35;174;196m[48;2;48;186;202m▀[0m[38;2;32;171;193m[48;2;45;183;200m▀[0m[38;2;53;178;189m[48;2;73;191;192m▀[0m[38;2;58;201;212m[48;2;96;199;188m▀[0m[38;2;57;192;200m[48;2;111;206;197m▀[0m[38;2;115;212;203m[48;2;188;244;237m▀[0m[38;2;135;214;205m[48;2;245;255;254m▀[0m[38;2;169;230;223m[48;2;255;255;255m▀[0m[38;2;228;255;251m[48;2;255;255;255m▀[0m[38;2;255;255;255m[48;2;255;255;255m▀[0m[38;2;139;214;207m[48;2;145;216;211m▀[0m[38;2;60;191;190m[48;2;89;197;187m▀[0m[38;2;48;177;190m[48;2;84;198;193m▀[0m[38;2;35;171;191m[48;2;48;184;200m▀[0m[38;2;0;127;170m[48;2;40;173;190m▀[0m[38;2;28;170;198m▄[0m          
     [38;2;30;166;189m▄[0m[38;2;36;170;185m[48;2;55;187;198m▀[0m[38;2;41;181;202m[48;2;68;197;196m▀[0m[38;2;38;170;189m[48;2;63;191;191m▀[0m[38;2;63;184;184m[48;2;177;227;225m▀[0m[38;2;139;224;215m[48;2;234;250;247m▀[0m[38;2;164;235;227m[48;2;246;255;254m▀[0m[38;2;81;194;185m[48;2;213;240;238m▀[0m[38;2;84;195;187m[48;2;102;200;193m▀[0m[38;2;193;234;231m[48;2;113;205;197m▀[0m[38;2;255;255;255m[48;2;145;217;210m▀[0m[38;2;255;255;255m[48;2;144;217;209m▀[0m[38;2;211;253;246m[48;2;126;215;205m▀[0m[38;2;134;219;210m[48;2;102;204;191m▀[0m[38;2;97;198;190m[48;2;73;193;190m▀[0m[38;2;105;203;194m[48;2;51;189;200m▀[0m[38;2;105;203;194m[48;2;53;190;200m▀[0m[38;2;102;202;193m[48;2;54;190;201m▀[0m[38;2;98;201;190m[48;2;59;199;210m▀[0m[38;2;85;196;190m[48;2;54;178;189m▀[0m[38;2;48;182;197m[48;2;36;171;189m▀[0m[38;2;46;181;198m[48;2;32;167;190m▀[0m[38;2;49;191;208m[48;2;35;180;203m▀[0m[38;2;45;174;189m[48;2;32;165;186m▀[0m[38;2;34;173;197m▀[0m[38;2;63;191;191m▀[0m      [38;2;36;163;182m[48;2;31;175;191m▀[0m[38;2;37;169;188m[48;2;38;169;188m▀[0m[38;2;78;198;197m[48;2;82;204;202m▀[0m[38;2;79;198;196m[48;2;81;203;202m▀[0m[38;2;41;171;189m[48;2;36;168;188m▀[0m[38;2;38;177;193m[48;2;0;145;182m▀[0m[38;2;42;170;170m▀[0m        [38;2;34;168;188m[48;2;38;171;190m▀[0m[38;2;56;190;202m[48;2;52;206;224m▀[0m[38;2;90;198;191m[48;2;63;194;202m▀[0m[38;2;88;196;190m[48;2;91;199;191m▀[0m[38;2;77;193;185m[48;2;92;198;187m▀[0m[38;2;140;215;208m[48;2;107;203;195m▀[0m[38;2;250;253;253m[48;2;152;219;214m▀[0m[38;2;253;255;255m[48;2;211;249;244m▀[0m[38;2;255;255;255m[48;2;254;255;255m▀[0m[38;2;255;255;255m[48;2;255;255;255m▀[0m[38;2;255;255;255m[48;2;255;255;255m▀[0m[38;2;255;255;255m[48;2;255;255;255m▀[0m[38;2;246;252;251m[48;2;255;255;255m▀[0m[38;2;173;226;222m[48;2;237;249;248m▀[0m[38;2;74;192;183m[48;2;181;229;225m▀[0m[38;2;87;196;190m[48;2;82;194;185m▀[0m[38;2;53;189;204m[48;2;77;200;197m▀[0m[38;2;31;169;189m[48;2;60;189;199m▀[0m[38;2;30;166;187m▄[0m         
 [38;2;33;166;188m▄[0m[38;2;31;159;183m[48;2;48;178;194m▀[0m[38;2;37;180;200m[48;2;54;196;211m▀[0m[38;2;34;168;188m[48;2;50;187;201m▀[0m[38;2;50;176;186m[48;2;76;193;188m▀[0m[38;2;99;215;215m[48;2;133;219;207m▀[0m[38;2;148;223;212m[48;2;198;247;240m▀[0m[38;2;171;226;218m[48;2;235;249;252m▀[0m[38;2;236;255;249m[48;2;186;243;240m▀[0m[38;2;219;246;241m[48;2;115;214;209m▀[0m[38;2;193;232;228m[48;2;67;189;184m▀[0m[38;2;201;236;232m[48;2;73;192;188m▀[0m[38;2;112;205;195m[48;2;85;199;193m▀[0m[38;2;68;193;189m[48;2;59;181;189m▀[0m[38;2;59;191;194m[48;2;32;168;189m▀[0m[38;2;61;192;194m[48;2;37;170;189m▀[0m[38;2;64;192;195m[48;2;37;170;189m▀[0m[38;2;74;201;204m[48;2;40;182;204m▀[0m[38;2;61;182;189m[48;2;36;170;188m▀[0m[38;2;33;167;189m▀[0m[38;2;35;169;189m▀[0m[38;2;35;169;189m▀[0m[38;2;36;179;199m▀[0m[38;2;35;170;189m▀[0m            [38;2;28;170;198m▀[0m[38;2;37;169;187m▀[0m[38;2;64;188;193m[48;2;38;168;188m▀[0m[38;2;64;188;193m[48;2;38;168;188m▀[0m[38;2;37;169;187m▀[0m[38;2;28;170;198m▀[0m         [38;2;40;174;189m▀[0m[38;2;41;182;202m▀[0m[38;2;37;170;187m▀[0m[38;2;65;184;188m[48;2;38;170;189m▀[0m[38;2;74;200;204m[48;2;36;177;200m▀[0m[38;2;72;194;193m[48;2;52;177;188m▀[0m[38;2;86;196;186m[48;2;85;198;193m▀[0m[38;2;139;223;214m[48;2;78;193;189m▀[0m[38;2;179;232;226m[48;2;74;192;188m▀[0m[38;2;186;231;227m[48;2;68;190;184m▀[0m[38;2;196;234;232m[48;2;97;199;191m▀[0m[38;2;255;255;255m[48;2;225;244;243m▀[0m[38;2;255;255;255m[48;2;230;246;245m▀[0m[38;2;255;255;255m[48;2;239;250;249m▀[0m[38;2;254;254;254m[48;2;247;254;253m▀[0m[38;2;167;224;220m[48;2;242;250;250m▀[0m[38;2;109;204;194m[48;2;120;207;201m▀[0m[38;2;73;201;200m[48;2;97;200;189m▀[0m[38;2;47;177;187m[48;2;106;207;204m▀[0m[38;2;35;167;190m[48;2;47;184;198m▀[0m[38;2;0;145;145m[48;2;39;175;192m▀[0m[38;2;36;163;182m▄[0m      
[38;2;41;172;188m▄[0m[38;2;34;169;188m[48;2;41;173;191m▀[0m[38;2;62;194;203m[48;2;50;193;209m▀[0m[38;2;93;198;189m[48;2;57;191;202m▀[0m[38;2;90;197;189m[48;2;56;191;203m▀[0m[38;2;90;197;189m[48;2;55;190;203m▀[0m[38;2;95;199;189m[48;2;56;198;211m▀[0m[38;2;86;195;191m[48;2;47;176;188m▀[0m[38;2;46;177;194m[48;2;17;161;178m▀[0m[38;2;44;176;194m[48;2;17;161;183m▀[0m[38;2;44;176;193m[48;2;31;165;187m▀[0m[38;2;43;175;192m[48;2;35;170;187m▀[0m[38;2;43;176;192m[48;2;35;170;187m▀[0m[38;2;46;187;204m[48;2;40;183;201m▀[0m[38;2;42;172;188m[48;2;36;170;182m▀[0m[38;2;51;204;204m▀[0m[38;2;51;204;204m▀[0m[38;2;51;204;204m▀[0m[38;2;51;204;204m▀[0m[38;2;63;127;191m▀[0m                   [38;2;63;191;191m▀[0m[38;2;63;191;191m▀[0m              [38;2;51;153;153m▀[0m[38;2;51;204;204m▀[0m[38;2;42;173;188m[48;2;39;156;196m▀[0m[38;2;45;183;200m[48;2;35;178;196m▀[0m[38;2;43;177;193m[48;2;35;170;192m▀[0m[38;2;39;174;192m[48;2;31;165;187m▀[0m[38;2;60;183;191m[48;2;46;174;189m▀[0m[38;2;94;198;189m[48;2;57;198;212m▀[0m[38;2;94;199;190m[48;2;49;189;202m▀[0m[38;2;87;194;186m[48;2;76;194;190m▀[0m[38;2;141;222;214m[48;2;103;204;192m▀[0m[38;2;183;242;234m[48;2;109;207;197m▀[0m[38;2;96;199;191m[48;2;88;197;187m▀[0m[38;2;75;192;182m[48;2;195;234;230m▀[0m[38;2;178;228;225m[48;2;253;254;255m▀[0m[38;2;229;247;245m[48;2;255;255;255m▀[0m[38;2;84;195;187m[48;2;217;242;239m▀[0m[38;2;47;185;199m[48;2;96;205;200m▀[0m[38;2;32;166;187m[48;2;44;186;195m▀[0m[38;2;32;167;189m▄[0m     
[38;2;41;172;189m▀[0m[38;2;42;172;189m▀[0m[38;2;37;169;187m▀[0m[38;2;33;167;189m▀[0m[38;2;33;167;189m▀[0m[38;2;33;167;189m▀[0m[38;2;35;179;201m▀[0m[38;2;34;168;190m▀[0m                                                     [38;2;34;165;192m▀[0m[38;2;35;177;201m▀[0m[38;2;31;167;189m▀[0m[38;2;59;182;188m[48;2;36;170;188m▀[0m[38;2;68;202;207m[48;2;39;182;203m▀[0m[38;2;60;190;196m[48;2;35;170;188m▀[0m[38;2;64;184;189m[48;2;38;174;193m▀[0m[38;2;160;221;218m[48;2;62;189;192m▀[0m[38;2;176;228;222m[48;2;62;190;186m▀[0m[38;2;196;234;230m[48;2;100;202;200m▀[0m[38;2;255;255;255m[48;2;220;243;240m▀[0m[38;2;203;237;232m[48;2;228;245;243m▀[0m[38;2;115;215;215m[48;2;174;229;220m▀[0m[38;2;45;179;187m[48;2;95;208;203m▀[0m[38;2;33;167;188m[48;2;51;183;196m▀[0m[38;2;0;0;127m[48;2;39;181;196m▀[0m[38;2;28;155;184m▄[0m  
                                                                  [38;2;36;174;196m[48;2;0;170;170m▀[0m[38;2;40;171;188m[48;2;42;170;191m▀[0m[38;2;40;176;193m[48;2;41;172;192m▀[0m[38;2;36;169;188m[48;2;34;165;186m▀[0m[38;2;49;175;188m[48;2;44;171;189m▀[0m[38;2;86;196;188m[48;2;48;187;202m▀[0m[38;2;80;193;185m[48;2;44;187;203m▀[0m[38;2;150;226;218m[48;2;83;198;199m▀[0m[38;2;172;237;229m[48;2;110;206;194m▀[0m[38;2;86;196;188m[48;2;93;199;189m▀[0m[38;2;50;188;202m[48;2;88;199;193m▀[0m[38;2;34;170;190m[48;2;58;191;202m▀[0m[38;2;0;170;255m[48;2;31;166;189m▀[0m 
                                                                      [38;2;23;162;185m▀[0m[38;2;34;170;190m▀[0m[38;2;32;170;193m▀[0m[38;2;49;176;187m[48;2;36;168;192m▀[0m[38;2;62;201;210m[48;2;36;182;205m▀[0m[38;2;65;194;202m[48;2;38;170;189m▀[0m[38;2;93;199;190m[48;2;69;186;188m▀[0m[38;2;89;206;201m[48;2;80;194;191m▀[0m[38;2;62;182;189m[48;2;66;188;194m▀[0m[38;2;38;171;189m[48;2;42;184;202m▀[0m
                                                                            [38;2;39;171;189m▀[0m[38;2;40;179;198m▀[0m[38;2;39;171;189m▀[0m[38;2;41;172;189m▀[0m
[0m