  [38;2;2;5;1m[48;2;2;5;1m▀[0m[38;2;24;21;49m[48;2;40;47;98m▀[0m[38;2;24;21;49m▄[0m                                                                          
   [38;2;24;21;49m[48;2;2;5;1m▀[0m[38;2;40;47;98m[48;2;40;47;98m▀[0m[38;2;24;21;49m[48;2;40;47;98m▀[0m[38;2;24;21;49m▄[0m           [38;2;24;21;49m▄[0m[38;2;2;5;1m▄[0m                                                           
    [38;2;2;5;1m▀[0m[38;2;40;47;98m[48;2;2;5;1m▀[0m[38;2;40;47;98m[48;2;40;47;98m▀[0m[38;2;24;21;49m[48;2;40;47;98m▀[0m[38;2;24;21;49m▄[0m[38;2;24;21;49m▄[0m      [38;2;24;21;49m▄[0m[38;2;24;21;49m[48;2;40;47;98m▀[0m[38;2;40;47;98m[48;2;40;47;98m▀[0m[38;2;2;5;1m[48;2;2;5;1m▀[0m                                                           
     [38;2;2;5;1m▀[0m[38;2;30;34;78m[48;2;2;5;1m▀[0m[38;2;40;47;98m[48;2;40;47;98m▀[0m[38;2;40;47;98m[48;2;40;47;98m▀[0m[38;2;40;47;98m[48;2;40;47;98m▀[0m[38;2;24;21;49m[48;2;40;47;98m▀[0m[38;2;24;21;49m[48;2;40;47;98m▀[0m[38;2;24;21;49m[48;2;40;47;98m▀[0m[38;2;24;21;49m▄[0m[38;2;24;21;49m▄[0m[38;2;24;21;49m[48;2;40;47;98m▀[0m[38;2;40;47;98m[48;2;40;47;98m▀[0m[38;2;40;47;98m[48;2;40;47;98m▀[0m[38;2;2;5;1m[48;2;2;5;1m▀[0m                                                            
       [38;2;2;5;1m[48;2;2;5;1m▀[0m[38;2;24;21;49m[48;2;40;47;98m▀[0m[38;2;40;47;98m[48;2;40;47;98m▀[0m[38;2;40;47;98m[48;2;40;47;98m▀[0m[38;2;40;47;98m[48;2;40;47;98m▀[0m[38;2;40;47;98m[48;2;40;47;98m▀[0m[38;2;40;47;98m[48;2;40;47;98m▀[0m[38;2;40;47;98m[48;2;40;47;98m▀[0m[38;2;40;47;98m[48;2;24;21;49m▀[0m[38;2;40;47;98m[48;2;40;47;98m▀[0m[38;2;2;5;1m[48;2;2;5;1m▀[0m                                                             
      [38;2;2;5;1m[48;2;2;5;1m▀[0m[38;2;40;47;98m[48;2;40;47;98m▀[0m[38;2;40;47;98m[48;2;2;5;1m▀[0m[38;2;2;5;1m▀[0m[38;2;2;5;1m▀[0m[38;2;40;47;98m[48;2;2;5;1m▀[0m[38;2;40;47;98m[48;2;40;47;98m▀[0m[38;2;40;47;98m[48;2;40;47;98m▀[0m[38;2;40;47;98m[48;2;40;47;98m▀[0m[38;2;40;47;98m[48;2;40;47;98m▀[0m[38;2;2;5;1m[48;2;2;5;1m▀[0m                                                              
     [38;2;2;5;1m[48;2;2;5;1m▀[0m[38;2;40;47;98m[48;2;2;5;1m▀[0m[38;2;2;5;1m▀[0m    [38;2;2;5;1m[48;2;2;5;1m▀[0m[38;2;40;47;98m[48;2;40;47;98m▀[0m[38;2;40;47;98m[48;2;40;47;98m▀[0m[38;2;40;47;98m[48;2;40;47;98m▀[0m[38;2;40;47;98m[48;2;40;47;98m▀[0m[38;2;2;5;1m[48;2;40;47;98m▀[0m[38;2;2;5;1m▄[0m[38;2;2;5;1m▄[0m               [38;2;107;28;52m▄[0m[38;2;2;5;1m▄[0m                                          
            [38;2;2;5;1m▀[0m[38;2;40;47;98m[48;2;2;5;1m▀[0m[38;2;40;47;98m[48;2;40;47;98m▀[0m[38;2;40;47;98m[48;2;40;47;98m▀[0m[38;2;40;47;98m[48;2;40;47;98m▀[0m[38;2;40;47;98m[48;2;40;47;98m▀[0m[38;2;40;47;98m[48;2;40;47;98m▀[0m[38;2;40;47;98m[48;2;30;34;78m▀[0m[38;2;107;28;52m[48;2;168;44;71m▀[0m[38;2;107;28;52m[48;2;168;44;71m▀[0m[38;2;107;28;52m[48;2;168;44;71m▀[0m[38;2;107;28;52m[48;2;168;44;71m▀[0m[38;2;107;28;52m▄[0m[38;2;107;28;52m▄[0m[38;2;107;28;52m▄[0m       [38;2;107;28;52m[48;2;107;28;52m▀[0m[38;2;168;44;71m[48;2;168;44;71m▀[0m[38;2;2;5;1m[48;2;2;5;1m▀[0m                                          
              [38;2;2;5;1m[48;2;2;5;1m▀[0m[38;2;40;47;98m[48;2;30;34;78m▀[0m[38;2;40;47;98m[48;2;30;34;78m▀[0m[38;2;40;47;98m[48;2;168;44;71m▀[0m[38;2;30;34;78m[48;2;168;44;71m▀[0m[38;2;168;44;71m[48;2;40;47;98m▀[0m[38;2;168;44;71m[48;2;40;47;98m▀[0m[38;2;40;47;98m[48;2;40;47;98m▀[0m[38;2;40;47;98m[48;2;40;47;98m▀[0m[38;2;40;47;98m[48;2;40;47;98m▀[0m[38;2;168;44;71m[48;2;40;47;98m▀[0m[38;2;168;44;71m[48;2;40;47;98m▀[0m[38;2;168;44;71m[48;2;40;47;98m▀[0m[38;2;107;28;52m[48;2;168;44;71m▀[0m[38;2;107;28;52m[48;2;168;44;71m▀[0m[38;2;107;28;52m▄[0m   [38;2;107;28;52m[48;2;107;28;52m▀[0m[38;2;168;44;71m[48;2;168;44;71m▀[0m[38;2;168;44;71m[48;2;168;44;71m▀[0m[38;2;2;5;1m[48;2;2;5;1m▀[0m                                          
            [38;2;24;21;49m▄[0m[38;2;24;21;49m[48;2;168;44;71m▀[0m[38;2;168;44;71m[48;2;40;47;98m▀[0m[38;2;168;44;71m[48;2;40;47;98m▀[0m[38;2;168;44;71m[48;2;40;47;98m▀[0m[38;2;40;47;98m[48;2;30;34;78m▀[0m[38;2;40;47;98m[48;2;24;21;49m▀[0m[38;2;40;47;98m[48;2;24;21;49m▀[0m[38;2;40;47;98m[48;2;24;21;49m▀[0m[38;2;40;47;98m[48;2;30;34;78m▀[0m[38;2;40;47;98m[48;2;40;47;98m▀[0m[38;2;40;47;98m[48;2;107;28;52m▀[0m[38;2;107;28;52m[48;2;168;44;71m▀[0m[38;2;168;44;71m[48;2;40;47;98m▀[0m[38;2;40;47;98m[48;2;40;47;98m▀[0m[38;2;40;47;98m[48;2;40;47;98m▀[0m[38;2;40;47;98m[48;2;40;47;98m▀[0m[38;2;168;44;71m[48;2;40;47;98m▀[0m[38;2;107;28;52m[48;2;168;44;71m▀[0m[38;2;107;28;52m▄[0m[38;2;107;28;52m[48;2;107;28;52m▀[0m[38;2;168;44;71m[48;2;107;28;52m▀[0m[38;2;168;44;71m[48;2;107;28;52m▀[0m[38;2;168;44;71m[48;2;168;44;71m▀[0m[38;2;2;5;1m[48;2;2;5;1m▀[0m       [38;2;107;28;52m▄[0m[38;2;2;5;1m▄[0m                                 
  [38;2;132;164;167m▄[0m    [38;2;24;21;49m▄[0m[38;2;24;21;49m▄[0m[38;2;24;21;49m▄[0m[38;2;24;21;49m[48;2;40;47;98m▀[0m[38;2;24;21;49m[48;2;40;47;98m▀[0m[38;2;40;47;98m[48;2;30;34;78m▀[0m[38;2;40;47;98m[48;2;30;34;78m▀[0m[38;2;30;34;78m[48;2;30;91;155m▀[0m[38;2;2;5;1m[48;2;30;91;155m▀[0m[38;2;29;57;98m[48;2;2;5;1m▀[0m[38;2;29;57;98m[48;2;2;5;1m▀[0m[38;2;2;5;1m[48;2;215;80;99m▀[0m[38;2;132;164;167m[48;2;215;80;99m▀[0m[38;2;250;252;249m[48;2;250;252;249m▀[0m[38;2;2;5;1m[48;2;2;5;1m▀[0m[38;2;40;47;98m[48;2;40;47;98m▀[0m[38;2;168;44;71m[48;2;168;44;71m▀[0m[38;2;168;44;71m[48;2;168;44;71m▀[0m[38;2;40;47;98m[48;2;168;44;71m▀[0m[38;2;40;47;98m[48;2;40;47;98m▀[0m[38;2;40;47;98m[48;2;40;47;98m▀[0m[38;2;40;47;98m[48;2;107;28;52m▀[0m[38;2;40;47;98m[48;2;168;44;71m▀[0m[38;2;40;47;98m[48;2;168;44;71m▀[0m[38;2;30;34;78m[48;2;30;34;78m▀[0m[38;2;168;44;71m[48;2;40;47;98m▀[0m[38;2;168;44;71m[48;2;40;47;98m▀[0m[38;2;168;44;71m[48;2;40;47;98m▀[0m[38;2;107;28;52m[48;2;168;44;71m▀[0m[38;2;2;5;1m[48;2;107;28;52m▀[0m     [38;2;107;28;52m▄[0m[38;2;107;28;52m[48;2;168;44;71m▀[0m[38;2;168;44;71m[48;2;168;44;71m▀[0m[38;2;2;5;1m[48;2;24;21;49m▀[0m[38;2;24;21;49m▄[0m                                
 [38;2;132;164;167m[48;2;132;164;167m▀[0m[38;2;250;252;249m[48;2;250;252;249m▀[0m[38;2;73;74;72m[48;2;73;74;72m▀[0m   [38;2;2;5;1m[48;2;2;5;1m▀[0m[38;2;215;80;99m[48;2;215;80;99m▀[0m[38;2;215;80;99m[48;2;29;57;98m▀[0m[38;2;30;91;155m[48;2;30;91;155m▀[0m[38;2;30;91;155m[48;2;30;91;155m▀[0m[38;2;30;91;155m[48;2;30;91;155m▀[0m[38;2;30;91;155m[48;2;30;91;155m▀[0m[38;2;30;91;155m[48;2;30;91;155m▀[0m[38;2;30;91;155m[48;2;30;91;155m▀[0m[38;2;30;91;155m[48;2;30;91;155m▀[0m[38;2;250;252;249m[48;2;29;57;98m▀[0m[38;2;2;5;1m[48;2;29;57;98m▀[0m[38;2;215;80;99m[48;2;29;57;98m▀[0m[38;2;2;5;1m[48;2;30;34;78m▀[0m[38;2;40;47;98m[48;2;30;34;78m▀[0m[38;2;40;47;98m[48;2;40;47;98m▀[0m[38;2;40;47;98m[48;2;40;47;98m▀[0m[38;2;168;44;71m[48;2;40;47;98m▀[0m[38;2;168;44;71m[48;2;107;28;52m▀[0m[38;2;168;44;71m[48;2;168;44;71m▀[0m[38;2;168;44;71m[48;2;168;44;71m▀[0m[38;2;168;44;71m[48;2;168;44;71m▀[0m[38;2;168;44;71m[48;2;30;34;78m▀[0m[38;2;30;34;78m[48;2;250;252;249m▀[0m[38;2;250;252;249m[48;2;250;252;249m▀[0m[38;2;73;74;72m[48;2;73;74;72m▀[0m[38;2;40;47;98m[48;2;168;44;71m▀[0m[38;2;40;47;98m[48;2;40;47;98m▀[0m[38;2;40;47;98m[48;2;24;21;49m▀[0m[38;2;168;44;71m[48;2;24;21;49m▀[0m[38;2;24;21;49m[48;2;40;47;98m▀[0m[38;2;24;21;49m[48;2;40;47;98m▀[0m[38;2;24;21;49m▄[0m[38;2;24;21;49m▄[0m[38;2;107;28;52m[48;2;168;44;71m▀[0m[38;2;168;44;71m[48;2;168;44;71m▀[0m[38;2;168;44;71m[48;2;24;21;49m▀[0m[38;2;24;21;49m[48;2;40;47;98m▀[0m[38;2;40;47;98m[48;2;2;5;1m▀[0m[38;2;2;5;1m▀[0m                                
 [38;2;132;164;167m▀[0m[38;2;250;252;249m[48;2;132;164;167m▀[0m[38;2;250;252;249m[48;2;250;252;249m▀[0m[38;2;73;74;72m[48;2;250;252;249m▀[0m[38;2;73;74;72m▄[0m[38;2;73;74;72m▄[0m[38;2;73;74;72m[48;2;250;252;249m▀[0m[38;2;2;5;1m[48;2;2;5;1m▀[0m[38;2;30;91;155m[48;2;30;91;155m▀[0m[38;2;30;91;155m[48;2;30;91;155m▀[0m[38;2;30;91;155m[48;2;30;91;155m▀[0m[38;2;30;91;155m[48;2;30;91;155m▀[0m[38;2;30;91;155m[48;2;30;91;155m▀[0m[38;2;30;91;155m[48;2;30;91;155m▀[0m[38;2;250;252;249m[48;2;30;91;155m▀[0m[38;2;250;252;249m[48;2;30;34;78m▀[0m[38;2;250;252;249m[48;2;30;34;78m▀[0m[38;2;250;252;249m[48;2;250;252;249m▀[0m[38;2;250;252;249m[48;2;250;252;249m▀[0m[38;2;250;252;249m[48;2;250;252;249m▀[0m[38;2;250;252;249m[48;2;250;252;249m▀[0m[38;2;30;34;78m[48;2;250;252;249m▀[0m[38;2;30;34;78m[48;2;250;252;249m▀[0m[38;2;40;47;98m[48;2;30;34;78m▀[0m[38;2;40;47;98m[48;2;30;34;78m▀[0m[38;2;40;47;98m[48;2;30;34;78m▀[0m[38;2;30;34;78m[48;2;250;252;249m▀[0m[38;2;30;34;78m[48;2;250;252;249m▀[0m[38;2;250;252;249m[48;2;250;252;249m▀[0m[38;2;250;252;249m[48;2;250;252;249m▀[0m[38;2;73;74;72m[48;2;73;74;72m▀[0m[38;2;168;44;71m[48;2;24;21;49m▀[0m[38;2;24;21;49m[48;2;30;34;78m▀[0m[38;2;24;21;49m[48;2;30;34;78m▀[0m[38;2;30;34;78m[48;2;30;34;78m▀[0m[38;2;40;47;98m[48;2;30;34;78m▀[0m[38;2;40;47;98m[48;2;40;47;98m▀[0m[38;2;40;47;98m[48;2;40;47;98m▀[0m[38;2;40;47;98m[48;2;40;47;98m▀[0m[38;2;40;47;98m[48;2;40;47;98m▀[0m[38;2;24;21;49m[48;2;40;47;98m▀[0m[38;2;24;21;49m[48;2;40;47;98m▀[0m[38;2;40;47;98m[48;2;40;47;98m▀[0m[38;2;40;47;98m[48;2;2;5;1m▀[0m[38;2;2;5;1m▀[0m     [38;2;73;74;72m▄[0m[38;2;73;74;72m▄[0m                          
[38;2;73;74;72m▄[0m[38;2;73;74;72m[48;2;250;252;249m▀[0m[38;2;132;164;167m[48;2;250;252;249m▀[0m[38;2;250;252;249m[48;2;250;252;249m▀[0m[38;2;250;252;249m[48;2;250;252;249m▀[0m[38;2;250;252;249m[48;2;250;252;249m▀[0m[38;2;250;252;249m[48;2;250;252;249m▀[0m[38;2;250;252;249m[48;2;250;252;249m▀[0m[38;2;250;252;249m[48;2;250;252;249m▀[0m[38;2;2;5;1m[48;2;250;252;249m▀[0m[38;2;29;57;98m[48;2;2;5;1m▀[0m[38;2;2;5;1m[48;2;30;91;155m▀[0m[38;2;2;5;1m[48;2;30;91;155m▀[0m[38;2;29;57;98m[48;2;30;91;155m▀[0m[38;2;30;91;155m[48;2;2;5;1m▀[0m[38;2;30;91;155m[48;2;2;5;1m▀[0m[38;2;30;91;155m[48;2;250;252;249m▀[0m[38;2;30;34;78m[48;2;250;252;249m▀[0m[38;2;30;34;78m[48;2;250;252;249m▀[0m[38;2;30;34;78m[48;2;30;34;78m▀[0m[38;2;250;252;249m[48;2;30;34;78m▀[0m[38;2;250;252;249m[48;2;250;252;249m▀[0m[38;2;250;252;249m[48;2;250;252;249m▀[0m[38;2;250;252;249m[48;2;250;252;249m▀[0m[38;2;250;252;249m[48;2;250;252;249m▀[0m[38;2;250;252;249m[48;2;250;252;249m▀[0m[38;2;250;252;249m[48;2;250;252;249m▀[0m[38;2;250;252;249m[48;2;250;252;249m▀[0m[38;2;250;252;249m[48;2;250;252;249m▀[0m[38;2;250;252;249m[48;2;250;252;249m▀[0m[38;2;73;74;72m[48;2;250;252;249m▀[0m[38;2;168;44;71m[48;2;250;252;249m▀[0m[38;2;24;21;49m[48;2;132;164;167m▀[0m[38;2;30;34;78m[48;2;73;74;72m▀[0m[38;2;30;34;78m[48;2;73;74;72m▀[0m[38;2;30;34;78m[48;2;73;74;72m▀[0m[38;2;30;34;78m[48;2;73;74;72m▀[0m[38;2;2;5;1m[48;2;40;47;98m▀[0m[38;2;2;5;1m[48;2;30;34;78m▀[0m[38;2;2;5;1m[48;2;40;47;98m▀[0m[38;2;40;47;98m[48;2;2;5;1m▀[0m[38;2;40;47;98m[48;2;2;5;1m▀[0m[38;2;40;47;98m[48;2;2;5;1m▀[0m[38;2;2;5;1m▀[0m     [38;2;73;74;72m▄[0m[38;2;73;74;72m[48;2;196;197;207m▀[0m[38;2;196;197;207m[48;2;196;197;207m▀[0m[38;2;2;5;1m[48;2;2;5;1m▀[0m                 [38;2;24;21;49m▄[0m[38;2;24;21;49m▄[0m[38;2;24;21;49m[48;2;40;47;98m▀[0m[38;2;24;21;49m[48;2;40;47;98m▀[0m[38;2;24;21;49m[48;2;40;47;98m▀[0m[38;2;24;21;49m[48;2;2;5;1m▀[0m   
 [38;2;73;74;72m▀[0m[38;2;250;252;249m[48;2;73;74;72m▀[0m[38;2;250;252;249m[48;2;73;74;72m▀[0m[38;2;250;252;249m[48;2;250;252;249m▀[0m[38;2;250;252;249m[48;2;250;252;249m▀[0m[38;2;250;252;249m[48;2;250;252;249m▀[0m[38;2;250;252;249m[48;2;73;74;72m▀[0m[38;2;250;252;249m[48;2;73;74;72m▀[0m[38;2;73;74;72m▀[0m [38;2;2;5;1m▀[0m[38;2;2;5;1m[48;2;73;74;72m▀[0m[38;2;30;91;155m[48;2;2;5;1m▀[0m[38;2;30;91;155m[48;2;29;57;98m▀[0m[38;2;29;57;98m[48;2;30;91;155m▀[0m[38;2;30;91;155m[48;2;250;252;249m▀[0m[38;2;250;252;249m[48;2;250;252;249m▀[0m[38;2;250;252;249m[48;2;250;252;249m▀[0m[38;2;250;252;249m[48;2;250;252;249m▀[0m[38;2;250;252;249m[48;2;250;252;249m▀[0m[38;2;132;164;167m[48;2;250;252;249m▀[0m[38;2;250;252;249m[48;2;132;164;167m▀[0m[38;2;250;252;249m[48;2;132;164;167m▀[0m[38;2;250;252;249m[48;2;250;252;249m▀[0m[38;2;250;252;249m[48;2;250;252;249m▀[0m[38;2;250;252;249m[48;2;250;252;249m▀[0m[38;2;250;252;249m[48;2;250;252;249m▀[0m[38;2;250;252;249m[48;2;250;252;249m▀[0m[38;2;250;252;249m[48;2;132;164;167m▀[0m[38;2;250;252;249m[48;2;132;164;167m▀[0m[38;2;132;164;167m[48;2;250;252;249m▀[0m[38;2;250;252;249m[48;2;250;252;249m▀[0m[38;2;250;252;249m[48;2;250;252;249m▀[0m[38;2;250;252;249m[48;2;250;252;249m▀[0m[38;2;250;252;249m[48;2;250;252;249m▀[0m[38;2;250;252;249m[48;2;250;252;249m▀[0m[38;2;73;74;72m[48;2;250;252;249m▀[0m[38;2;73;74;72m[48;2;250;252;249m▀[0m[38;2;73;74;72m[48;2;196;197;207m▀[0m[38;2;40;47;98m[48;2;73;74;72m▀[0m[38;2;40;47;98m[48;2;73;74;72m▀[0m[38;2;168;44;71m[48;2;168;44;71m▀[0m[38;2;2;5;1m[48;2;2;5;1m▀[0m  [38;2;73;74;72m▄[0m[38;2;73;74;72m▄[0m[38;2;73;74;72m[48;2;196;197;207m▀[0m[38;2;196;197;207m[48;2;196;197;207m▀[0m[38;2;196;197;207m[48;2;196;197;207m▀[0m[38;2;73;74;72m[48;2;2;5;1m▀[0m                 [38;2;24;21;49m[48;2;24;21;49m▀[0m[38;2;40;47;98m[48;2;40;47;98m▀[0m[38;2;40;47;98m[48;2;40;47;98m▀[0m[38;2;40;47;98m[48;2;40;47;98m▀[0m[38;2;40;47;98m[48;2;2;5;1m▀[0m[38;2;2;5;1m▀[0m    
    [38;2;73;74;72m▀[0m[38;2;73;74;72m▀[0m[38;2;73;74;72m▀[0m  [38;2;73;74;72m▄[0m[38;2;73;74;72m▄[0m[38;2;73;74;72m[48;2;196;197;207m▀[0m[38;2;196;197;207m[48;2;196;197;207m▀[0m[38;2;73;74;72m[48;2;73;74;72m▀[0m[38;2;250;252;249m[48;2;250;252;249m▀[0m[38;2;250;252;249m[48;2;250;252;249m▀[0m[38;2;250;252;249m[48;2;250;252;249m▀[0m[38;2;250;252;249m[48;2;250;252;249m▀[0m[38;2;250;252;249m[48;2;250;252;249m▀[0m[38;2;250;252;249m[48;2;250;252;249m▀[0m[38;2;250;252;249m[48;2;2;5;1m▀[0m[38;2;250;252;249m[48;2;250;252;249m▀[0m[38;2;250;252;249m[48;2;250;252;249m▀[0m[38;2;250;252;249m[48;2;250;252;249m▀[0m[38;2;132;164;167m[48;2;250;252;249m▀[0m[38;2;132;164;167m[48;2;250;252;249m▀[0m[38;2;132;164;167m[48;2;250;252;249m▀[0m[38;2;132;164;167m[48;2;250;252;249m▀[0m[38;2;132;164;167m[48;2;250;252;249m▀[0m[38;2;250;252;249m[48;2;250;252;249m▀[0m[38;2;250;252;249m[48;2;250;252;249m▀[0m[38;2;250;252;249m[48;2;250;252;249m▀[0m[38;2;250;252;249m[48;2;250;252;249m▀[0m[38;2;250;252;249m[48;2;250;252;249m▀[0m[38;2;250;252;249m[48;2;250;252;249m▀[0m[38;2;250;252;249m[48;2;250;252;249m▀[0m[38;2;250;252;249m[48;2;250;252;249m▀[0m[38;2;250;252;249m[48;2;250;252;249m▀[0m[38;2;250;252;249m[48;2;196;197;207m▀[0m[38;2;196;197;207m[48;2;196;197;207m▀[0m[38;2;196;197;207m[48;2;196;197;207m▀[0m[38;2;196;197;207m[48;2;196;197;207m▀[0m[38;2;73;74;72m[48;2;196;197;207m▀[0m[38;2;73;74;72m[48;2;196;197;207m▀[0m[38;2;73;74;72m[48;2;196;197;207m▀[0m[38;2;73;74;72m[48;2;196;197;207m▀[0m[38;2;196;197;207m[48;2;196;197;207m▀[0m[38;2;196;197;207m[48;2;196;197;207m▀[0m[38;2;196;197;207m[48;2;196;197;207m▀[0m[38;2;196;197;207m[48;2;2;5;1m▀[0m[38;2;2;5;1m▀[0m                 [38;2;24;21;49m[48;2;24;21;49m▀[0m[38;2;40;47;98m[48;2;40;47;98m▀[0m[38;2;40;47;98m[48;2;40;47;98m▀[0m[38;2;40;47;98m[48;2;40;47;98m▀[0m[38;2;40;47;98m[48;2;2;5;1m▀[0m[38;2;2;5;1m▀[0m     
      [38;2;132;164;167m▄[0m[38;2;73;74;72m[48;2;250;252;249m▀[0m[38;2;73;74;72m[48;2;250;252;249m▀[0m[38;2;196;197;207m[48;2;196;197;207m▀[0m[38;2;196;197;207m[48;2;196;197;207m▀[0m[38;2;196;197;207m[48;2;196;197;207m▀[0m[38;2;196;197;207m[48;2;196;197;207m▀[0m[38;2;73;74;72m[48;2;132;164;167m▀[0m[38;2;250;252;249m[48;2;250;252;249m▀[0m[38;2;250;252;249m[48;2;250;252;249m▀[0m[38;2;250;252;249m[48;2;250;252;249m▀[0m[38;2;250;252;249m[48;2;132;164;167m▀[0m[38;2;250;252;249m[48;2;250;252;249m▀[0m[38;2;250;252;249m[48;2;73;74;72m▀[0m[38;2;29;57;98m[48;2;29;57;98m▀[0m[38;2;2;5;1m[48;2;2;5;1m▀[0m[38;2;250;252;249m[48;2;196;197;207m▀[0m[38;2;250;252;249m[48;2;250;252;249m▀[0m[38;2;250;252;249m[48;2;250;252;249m▀[0m[38;2;250;252;249m[48;2;250;252;249m▀[0m[38;2;250;252;249m[48;2;250;252;249m▀[0m[38;2;250;252;249m[48;2;250;252;249m▀[0m[38;2;250;252;249m[48;2;250;252;249m▀[0m[38;2;250;252;249m[48;2;2;5;1m▀[0m[38;2;250;252;249m[48;2;2;5;1m▀[0m[38;2;250;252;249m[48;2;250;252;249m▀[0m[38;2;250;252;249m[48;2;250;252;249m▀[0m[38;2;250;252;249m[48;2;250;252;249m▀[0m[38;2;250;252;249m[48;2;250;252;249m▀[0m[38;2;250;252;249m[48;2;250;252;249m▀[0m[38;2;250;252;249m[48;2;250;252;249m▀[0m[38;2;250;252;249m[48;2;196;197;207m▀[0m[38;2;196;197;207m[48;2;196;197;207m▀[0m[38;2;196;197;207m[48;2;196;197;207m▀[0m[38;2;196;197;207m[48;2;196;197;207m▀[0m[38;2;196;197;207m[48;2;196;197;207m▀[0m[38;2;196;197;207m[48;2;196;197;207m▀[0m[38;2;196;197;207m[48;2;196;197;207m▀[0m[38;2;196;197;207m[48;2;196;197;207m▀[0m[38;2;196;197;207m[48;2;196;197;207m▀[0m[38;2;196;197;207m[48;2;196;197;207m▀[0m[38;2;196;197;207m[48;2;73;74;72m▀[0m[38;2;73;74;72m▀[0m              [38;2;24;21;49m▄[0m[38;2;24;21;49m▄[0m[38;2;24;21;49m[48;2;40;47;98m▀[0m[38;2;24;21;49m[48;2;40;47;98m▀[0m[38;2;24;21;49m[48;2;40;47;98m▀[0m[38;2;40;47;98m[48;2;40;47;98m▀[0m[38;2;40;47;98m[48;2;40;47;98m▀[0m[38;2;40;47;98m[48;2;40;47;98m▀[0m[38;2;40;47;98m[48;2;40;47;98m▀[0m[38;2;2;5;1m[48;2;2;5;1m▀[0m      
     [38;2;132;164;167m[48;2;132;164;167m▀[0m[38;2;250;252;249m[48;2;250;252;249m▀[0m[38;2;250;252;249m[48;2;250;252;249m▀[0m[38;2;250;252;249m[48;2;250;252;249m▀[0m[38;2;250;252;249m[48;2;73;74;72m▀[0m[38;2;196;197;207m[48;2;73;74;72m▀[0m[38;2;196;197;207m[48;2;196;197;207m▀[0m[38;2;73;74;72m[48;2;73;74;72m▀[0m[38;2;250;252;249m[48;2;250;252;249m▀[0m[38;2;250;252;249m[48;2;250;252;249m▀[0m[38;2;250;252;249m[48;2;250;252;249m▀[0m[38;2;250;252;249m[48;2;132;164;167m▀[0m[38;2;132;164;167m[48;2;250;252;249m▀[0m[38;2;250;252;249m[48;2;73;74;72m▀[0m[38;2;2;5;1m[48;2;2;5;1m▀[0m[38;2;29;57;98m[48;2;29;57;98m▀[0m[38;2;29;57;98m[48;2;29;57;98m▀[0m[38;2;2;5;1m[48;2;29;57;98m▀[0m[38;2;250;252;249m[48;2;2;5;1m▀[0m[38;2;250;252;249m[48;2;250;252;249m▀[0m[38;2;250;252;249m[48;2;250;252;249m▀[0m[38;2;250;252;249m[48;2;250;252;249m▀[0m[38;2;250;252;249m[48;2;250;252;249m▀[0m[38;2;2;5;1m[48;2;2;5;1m▀[0m[38;2;29;57;98m[48;2;29;57;98m▀[0m[38;2;29;57;98m[48;2;29;57;98m▀[0m[38;2;2;5;1m[48;2;29;57;98m▀[0m[38;2;250;252;249m[48;2;2;5;1m▀[0m[38;2;250;252;249m[48;2;196;197;207m▀[0m[38;2;250;252;249m[48;2;196;197;207m▀[0m[38;2;196;197;207m[48;2;196;197;207m▀[0m[38;2;196;197;207m[48;2;196;197;207m▀[0m[38;2;196;197;207m[48;2;196;197;207m▀[0m[38;2;196;197;207m[48;2;196;197;207m▀[0m[38;2;73;74;72m[48;2;196;197;207m▀[0m[38;2;73;74;72m[48;2;73;74;72m▀[0m[38;2;196;197;207m[48;2;73;74;72m▀[0m[38;2;196;197;207m[48;2;73;74;72m▀[0m[38;2;196;197;207m[48;2;73;74;72m▀[0m[38;2;196;197;207m[48;2;73;74;72m▀[0m[38;2;73;74;72m▀[0m[38;2;73;74;72m▀[0m    [38;2;29;57;98m▄[0m[38;2;29;57;98m[48;2;30;91;155m▀[0m[38;2;29;57;98m[48;2;30;91;155m▀[0m[38;2;29;57;98m[48;2;30;91;155m▀[0m[38;2;29;57;98m▄[0m[38;2;29;57;98m▄[0m[38;2;29;57;98m▄[0m    [38;2;2;5;1m[48;2;2;5;1m▀[0m[38;2;40;47;98m[48;2;40;47;98m▀[0m[38;2;40;47;98m[48;2;40;47;98m▀[0m[38;2;40;47;98m[48;2;40;47;98m▀[0m[38;2;40;47;98m[48;2;40;47;98m▀[0m[38;2;40;47;98m[48;2;40;47;98m▀[0m[38;2;40;47;98m[48;2;40;47;98m▀[0m[38;2;40;47;98m[48;2;40;47;98m▀[0m[38;2;40;47;98m[48;2;40;47;98m▀[0m[38;2;40;47;98m[48;2;2;5;1m▀[0m[38;2;2;5;1m▀[0m [38;2;2;5;1m▄[0m[38;2;2;5;1m▄[0m[38;2;2;5;1m▄[0m[38;2;2;5;1m▄[0m 
    [38;2;132;164;167m[48;2;132;164;167m▀[0m[38;2;250;252;249m[48;2;250;252;249m▀[0m[38;2;250;252;249m[48;2;73;74;72m▀[0m[38;2;73;74;72m▀[0m[38;2;73;74;72m▀[0m  [38;2;73;74;72m[48;2;73;74;72m▀[0m[38;2;250;252;249m[48;2;250;252;249m▀[0m[38;2;250;252;249m[48;2;73;74;72m▀[0m[38;2;250;252;249m[48;2;73;74;72m▀[0m[38;2;73;74;72m[48;2;196;197;207m▀[0m[38;2;196;197;207m[48;2;196;197;207m▀[0m[38;2;73;74;72m[48;2;196;197;207m▀[0m[38;2;30;34;78m[48;2;2;5;1m▀[0m[38;2;30;34;78m[48;2;30;34;78m▀[0m[38;2;2;5;1m[48;2;2;5;1m▀[0m[38;2;29;57;98m[48;2;29;57;98m▀[0m[38;2;29;57;98m[48;2;29;57;98m▀[0m[38;2;29;57;98m[48;2;29;57;98m▀[0m[38;2;2;5;1m[48;2;29;57;98m▀[0m[38;2;250;252;249m[48;2;2;5;1m▀[0m[38;2;250;252;249m[48;2;196;197;207m▀[0m[38;2;250;252;249m[48;2;250;252;249m▀[0m[38;2;250;252;249m[48;2;250;252;249m▀[0m[38;2;2;5;1m[48;2;250;252;249m▀[0m[38;2;30;91;155m[48;2;2;5;1m▀[0m[38;2;30;91;155m[48;2;30;91;155m▀[0m[38;2;2;5;1m[48;2;2;5;1m▀[0m[38;2;2;5;1m[48;2;30;34;78m▀[0m[38;2;196;197;207m[48;2;73;74;72m▀[0m[38;2;196;197;207m[48;2;73;74;72m▀[0m[38;2;196;197;207m[48;2;196;197;207m▀[0m[38;2;196;197;207m[48;2;196;197;207m▀[0m[38;2;196;197;207m[48;2;196;197;207m▀[0m[38;2;196;197;207m[48;2;196;197;207m▀[0m[38;2;196;197;207m[48;2;196;197;207m▀[0m[38;2;73;74;72m[48;2;196;197;207m▀[0m[38;2;73;74;72m▄[0m[38;2;73;74;72m▄[0m       [38;2;29;57;98m[48;2;29;57;98m▀[0m[38;2;30;91;155m[48;2;30;91;155m▀[0m[38;2;30;91;155m[48;2;30;91;155m▀[0m[38;2;30;91;155m[48;2;30;91;155m▀[0m[38;2;30;91;155m[48;2;30;91;155m▀[0m[38;2;30;91;155m[48;2;30;91;155m▀[0m[38;2;30;91;155m[48;2;29;57;98m▀[0m[38;2;2;5;1m[48;2;132;164;167m▀[0m[38;2;2;5;1m[48;2;132;164;167m▀[0m[38;2;2;5;1m[48;2;132;164;167m▀[0m[38;2;2;5;1m[48;2;2;5;1m▀[0m[38;2;40;47;98m[48;2;40;47;98m▀[0m[38;2;40;47;98m[48;2;40;47;98m▀[0m[38;2;40;47;98m[48;2;40;47;98m▀[0m[38;2;40;47;98m[48;2;24;21;49m▀[0m[38;2;40;47;98m[48;2;24;21;49m▀[0m[38;2;24;21;49m[48;2;132;164;167m▀[0m[38;2;2;5;1m[48;2;132;164;167m▀[0m[38;2;2;5;1m[48;2;132;164;167m▀[0m[38;2;2;5;1m[48;2;29;57;98m▀[0m[38;2;2;5;1m[48;2;30;91;155m▀[0m[38;2;2;5;1m[48;2;30;91;155m▀[0m[38;2;2;5;1m[48;2;30;91;155m▀[0m[38;2;30;91;155m[48;2;30;91;155m▀[0m[38;2;30;91;155m[48;2;30;91;155m▀[0m[38;2;30;91;155m[48;2;30;91;155m▀[0m[38;2;30;91;155m[48;2;30;91;155m▀[0m[38;2;2;5;1m[48;2;2;5;1m▀[0m
     [38;2;73;74;72m▀[0m     [38;2;73;74;72m▀[0m[38;2;73;74;72m▀[0m[38;2;196;197;207m[48;2;73;74;72m▀[0m[38;2;196;197;207m[48;2;73;74;72m▀[0m[38;2;196;197;207m[48;2;73;74;72m▀[0m[38;2;196;197;207m[48;2;73;74;72m▀[0m[38;2;73;74;72m▀[0m[38;2;2;5;1m▀[0m[38;2;30;34;78m[48;2;2;5;1m▀[0m[38;2;2;5;1m[48;2;30;34;78m▀[0m[38;2;29;57;98m[48;2;2;5;1m▀[0m[38;2;29;57;98m[48;2;29;57;98m▀[0m[38;2;29;57;98m[48;2;29;57;98m▀[0m[38;2;29;57;98m[48;2;30;91;155m▀[0m[38;2;30;91;155m[48;2;30;91;155m▀[0m[38;2;2;5;1m[48;2;30;91;155m▀[0m[38;2;2;5;1m[48;2;30;91;155m▀[0m[38;2;250;252;249m[48;2;2;5;1m▀[0m[38;2;250;252;249m[48;2;2;5;1m▀[0m[38;2;250;252;249m[48;2;2;5;1m▀[0m[38;2;2;5;1m[48;2;30;91;155m▀[0m[38;2;30;91;155m[48;2;30;91;155m▀[0m[38;2;2;5;1m[48;2;2;5;1m▀[0m[38;2;30;34;78m[48;2;30;34;78m▀[0m[38;2;107;28;52m[48;2;30;34;78m▀[0m[38;2;73;74;72m[48;2;107;28;52m▀[0m[38;2;73;74;72m[48;2;107;28;52m▀[0m[38;2;73;74;72m[48;2;107;28;52m▀[0m[38;2;196;197;207m[48;2;73;74;72m▀[0m[38;2;196;197;207m[48;2;73;74;72m▀[0m[38;2;196;197;207m[48;2;73;74;72m▀[0m[38;2;196;197;207m[48;2;73;74;72m▀[0m[38;2;196;197;207m[48;2;73;74;72m▀[0m[38;2;73;74;72m▀[0m      [38;2;29;57;98m[48;2;2;5;1m▀[0m[38;2;30;91;155m[48;2;30;91;155m▀[0m[38;2;30;91;155m[48;2;30;91;155m▀[0m[38;2;30;91;155m[48;2;30;91;155m▀[0m[38;2;30;91;155m[48;2;30;91;155m▀[0m[38;2;30;91;155m[48;2;2;5;1m▀[0m[38;2;29;57;98m[48;2;132;164;167m▀[0m[38;2;132;164;167m[48;2;132;164;167m▀[0m[38;2;132;164;167m[48;2;132;164;167m▀[0m[38;2;2;5;1m[48;2;2;5;1m▀[0m[38;2;40;47;98m[48;2;40;47;98m▀[0m[38;2;40;47;98m[48;2;24;21;49m▀[0m[38;2;40;47;98m[48;2;24;21;49m▀[0m[38;2;24;21;49m[48;2;132;164;167m▀[0m[38;2;132;164;167m[48;2;132;164;167m▀[0m[38;2;132;164;167m[48;2;132;164;167m▀[0m[38;2;132;164;167m[48;2;132;164;167m▀[0m[38;2;132;164;167m[48;2;29;57;98m▀[0m[38;2;29;57;98m[48;2;30;91;155m▀[0m[38;2;30;91;155m[48;2;30;91;155m▀[0m[38;2;30;91;155m[48;2;30;91;155m▀[0m[38;2;30;91;155m[48;2;30;91;155m▀[0m[38;2;30;91;155m[48;2;30;91;155m▀[0m[38;2;30;91;155m[48;2;30;91;155m▀[0m[38;2;30;91;155m[48;2;30;91;155m▀[0m[38;2;30;91;155m[48;2;2;5;1m▀[0m[38;2;2;5;1m▀[0m 
                    [38;2;2;5;1m▀[0m[38;2;2;5;1m[48;2;2;5;1m▀[0m[38;2;30;91;155m[48;2;30;91;155m▀[0m[38;2;30;91;155m[48;2;30;91;155m▀[0m[38;2;30;91;155m[48;2;30;91;155m▀[0m[38;2;30;91;155m[48;2;30;91;155m▀[0m[38;2;30;91;155m[48;2;30;91;155m▀[0m[38;2;30;91;155m[48;2;30;91;155m▀[0m[38;2;30;91;155m[48;2;30;91;155m▀[0m[38;2;30;91;155m[48;2;30;91;155m▀[0m[38;2;30;91;155m[48;2;30;91;155m▀[0m[38;2;30;91;155m[48;2;30;91;155m▀[0m[38;2;30;91;155m[48;2;30;91;155m▀[0m[38;2;30;91;155m[48;2;30;91;155m▀[0m[38;2;2;5;1m[48;2;2;5;1m▀[0m[38;2;30;34;78m[48;2;30;34;78m▀[0m[38;2;30;34;78m[48;2;30;34;78m▀[0m[38;2;107;28;52m[48;2;2;5;1m▀[0m[38;2;107;28;52m[48;2;2;5;1m▀[0m[38;2;2;5;1m[48;2;30;34;78m▀[0m[38;2;30;34;78m[48;2;30;34;78m▀[0m[38;2;30;34;78m[48;2;30;34;78m▀[0m[38;2;24;21;49m[48;2;30;34;78m▀[0m[38;2;24;21;49m▄[0m[38;2;24;21;49m▄[0m[38;2;24;21;49m[48;2;30;34;78m▀[0m[38;2;24;21;49m[48;2;2;5;1m▀[0m    [38;2;2;5;1m▀[0m[38;2;29;57;98m[48;2;2;5;1m▀[0m[38;2;29;57;98m[48;2;29;57;98m▀[0m[38;2;29;57;98m[48;2;29;57;98m▀[0m[38;2;29;57;98m[48;2;29;57;98m▀[0m[38;2;2;5;1m[48;2;2;5;1m▀[0m[38;2;89;116;113m[48;2;89;116;113m▀[0m[38;2;89;116;113m[48;2;89;116;113m▀[0m[38;2;2;5;1m[48;2;89;116;113m▀[0m[38;2;40;47;98m[48;2;89;116;113m▀[0m[38;2;24;21;49m[48;2;89;116;113m▀[0m[38;2;132;164;167m[48;2;89;116;113m▀[0m[38;2;132;164;167m[48;2;89;116;113m▀[0m[38;2;132;164;167m[48;2;2;5;1m▀[0m[38;2;132;164;167m[48;2;2;5;1m▀[0m[38;2;2;5;1m[48;2;29;57;98m▀[0m[38;2;2;5;1m[48;2;29;57;98m▀[0m[38;2;30;91;155m[48;2;29;57;98m▀[0m[38;2;30;91;155m[48;2;29;57;98m▀[0m[38;2;30;91;155m[48;2;30;91;155m▀[0m[38;2;30;91;155m[48;2;30;91;155m▀[0m[38;2;30;91;155m[48;2;29;57;98m▀[0m[38;2;30;91;155m[48;2;2;5;1m▀[0m[38;2;30;91;155m[48;2;2;5;1m▀[0m[38;2;2;5;1m▀[0m   
                     [38;2;2;5;1m[48;2;2;5;1m▀[0m[38;2;30;91;155m[48;2;30;91;155m▀[0m[38;2;30;91;155m[48;2;30;91;155m▀[0m[38;2;30;91;155m[48;2;30;91;155m▀[0m[38;2;30;91;155m[48;2;30;91;155m▀[0m[38;2;30;91;155m[48;2;30;91;155m▀[0m[38;2;30;91;155m[48;2;30;91;155m▀[0m[38;2;30;91;155m[48;2;30;91;155m▀[0m[38;2;30;91;155m[48;2;30;91;155m▀[0m[38;2;30;91;155m[48;2;30;91;155m▀[0m[38;2;30;91;155m[48;2;30;91;155m▀[0m[38;2;30;91;155m[48;2;30;91;155m▀[0m[38;2;30;91;155m[48;2;30;91;155m▀[0m[38;2;30;91;155m[48;2;30;91;155m▀[0m[38;2;2;5;1m[48;2;30;91;155m▀[0m[38;2;2;5;1m[48;2;2;5;1m▀[0m[38;2;2;5;1m▀[0m[38;2;30;34;78m[48;2;2;5;1m▀[0m[38;2;30;34;78m[48;2;2;5;1m▀[0m[38;2;30;34;78m[48;2;30;34;78m▀[0m[38;2;30;34;78m[48;2;30;34;78m▀[0m[38;2;30;34;78m[48;2;30;34;78m▀[0m[38;2;30;34;78m[48;2;30;34;78m▀[0m[38;2;30;34;78m[48;2;2;5;1m▀[0m[38;2;2;5;1m▀[0m      [38;2;2;5;1m[48;2;2;5;1m▀[0m[38;2;29;57;98m[48;2;29;57;98m▀[0m[38;2;29;57;98m[48;2;29;57;98m▀[0m[38;2;29;57;98m[48;2;29;57;98m▀[0m[38;2;89;116;113m[48;2;89;116;113m▀[0m[38;2;89;116;113m[48;2;89;116;113m▀[0m[38;2;89;116;113m[48;2;2;5;1m▀[0m[38;2;89;116;113m[48;2;2;5;1m▀[0m[38;2;89;116;113m[48;2;2;5;1m▀[0m[38;2;2;5;1m[48;2;29;57;98m▀[0m[38;2;2;5;1m[48;2;29;57;98m▀[0m[38;2;2;5;1m[48;2;29;57;98m▀[0m[38;2;29;57;98m[48;2;29;57;98m▀[0m[38;2;29;57;98m[48;2;29;57;98m▀[0m[38;2;29;57;98m[48;2;29;57;98m▀[0m[38;2;29;57;98m[48;2;29;57;98m▀[0m[38;2;29;57;98m[48;2;29;57;98m▀[0m[38;2;29;57;98m[48;2;2;5;1m▀[0m[38;2;29;57;98m[48;2;2;5;1m▀[0m[38;2;2;5;1m▀[0m[38;2;2;5;1m▀[0m      
                     [38;2;2;5;1m[48;2;2;5;1m▀[0m[38;2;30;91;155m[48;2;30;91;155m▀[0m[38;2;30;91;155m[48;2;30;91;155m▀[0m[38;2;30;91;155m[48;2;30;91;155m▀[0m[38;2;30;91;155m[48;2;30;91;155m▀[0m[38;2;30;91;155m[48;2;30;91;155m▀[0m[38;2;30;91;155m[48;2;30;91;155m▀[0m[38;2;30;91;155m[48;2;30;91;155m▀[0m[38;2;30;91;155m[48;2;30;91;155m▀[0m[38;2;30;91;155m[48;2;30;91;155m▀[0m[38;2;30;91;155m[48;2;30;91;155m▀[0m[38;2;30;91;155m[48;2;30;91;155m▀[0m[38;2;30;91;155m[48;2;30;91;155m▀[0m[38;2;30;91;155m[48;2;30;91;155m▀[0m[38;2;30;91;155m[48;2;30;91;155m▀[0m[38;2;30;91;155m[48;2;30;91;155m▀[0m[38;2;2;5;1m[48;2;30;91;155m▀[0m[38;2;29;57;98m▄[0m [38;2;2;5;1m▀[0m[38;2;2;5;1m▀[0m[38;2;2;5;1m▀[0m[38;2;2;5;1m▀[0m    [38;2;29;57;98m▄[0m[38;2;29;57;98m▄[0m[38;2;29;57;98m▄[0m[38;2;29;57;98m▄[0m[38;2;2;5;1m▄[0m[38;2;2;5;1m[48;2;29;57;98m▀[0m[38;2;29;57;98m[48;2;29;57;98m▀[0m[38;2;29;57;98m[48;2;29;57;98m▀[0m[38;2;2;5;1m[48;2;29;57;98m▀[0m[38;2;2;5;1m[48;2;29;57;98m▀[0m[38;2;29;57;98m[48;2;29;57;98m▀[0m[38;2;29;57;98m[48;2;29;57;98m▀[0m[38;2;29;57;98m[48;2;29;57;98m▀[0m[38;2;29;57;98m[48;2;29;57;98m▀[0m[38;2;29;57;98m[48;2;29;57;98m▀[0m[38;2;29;57;98m[48;2;2;5;1m▀[0m[38;2;29;57;98m[48;2;2;5;1m▀[0m[38;2;29;57;98m[48;2;2;5;1m▀[0m[38;2;2;5;1m▀[0m[38;2;2;5;1m▀[0m[38;2;2;5;1m▀[0m          
                 [38;2;24;21;49m▄[0m  [38;2;2;5;1m▄[0m[38;2;29;57;98m[48;2;30;91;155m▀[0m[38;2;30;91;155m[48;2;30;91;155m▀[0m[38;2;30;91;155m[48;2;30;91;155m▀[0m[38;2;30;91;155m[48;2;30;91;155m▀[0m[38;2;30;91;155m[48;2;30;91;155m▀[0m[38;2;30;91;155m[48;2;30;91;155m▀[0m[38;2;30;91;155m[48;2;30;91;155m▀[0m[38;2;30;91;155m[48;2;30;91;155m▀[0m[38;2;30;91;155m[48;2;30;91;155m▀[0m[38;2;30;91;155m[48;2;30;91;155m▀[0m[38;2;30;91;155m[48;2;30;91;155m▀[0m[38;2;30;91;155m[48;2;30;91;155m▀[0m[38;2;30;91;155m[48;2;30;91;155m▀[0m[38;2;30;91;155m[48;2;30;91;155m▀[0m[38;2;30;91;155m[48;2;30;91;155m▀[0m[38;2;30;91;155m[48;2;30;91;155m▀[0m[38;2;30;91;155m[48;2;30;91;155m▀[0m[38;2;30;91;155m[48;2;30;91;155m▀[0m[38;2;29;57;98m[48;2;30;91;155m▀[0m[38;2;2;5;1m[48;2;30;91;155m▀[0m[38;2;2;5;1m▄[0m[38;2;24;21;49m[48;2;24;21;49m▀[0m[38;2;2;5;1m[48;2;40;47;98m▀[0m[38;2;2;5;1m▄[0m[38;2;29;57;98m▄[0m[38;2;29;57;98m[48;2;30;91;155m▀[0m[38;2;29;57;98m[48;2;30;91;155m▀[0m[38;2;30;91;155m[48;2;30;91;155m▀[0m[38;2;30;91;155m[48;2;30;91;155m▀[0m[38;2;30;91;155m[48;2;30;91;155m▀[0m[38;2;30;91;155m[48;2;30;91;155m▀[0m[38;2;30;91;155m[48;2;30;91;155m▀[0m[38;2;2;5;1m[48;2;30;91;155m▀[0m[38;2;2;5;1m[48;2;30;91;155m▀[0m[38;2;29;57;98m[48;2;2;5;1m▀[0m[38;2;29;57;98m[48;2;2;5;1m▀[0m[38;2;2;5;1m▀[0m[38;2;2;5;1m▀[0m[38;2;2;5;1m▀[0m[38;2;2;5;1m▀[0m[38;2;2;5;1m▀[0m[38;2;2;5;1m▀[0m                
                [38;2;24;21;49m[48;2;24;21;49m▀[0m[38;2;40;47;98m[48;2;40;47;98m▀[0m[38;2;24;21;49m[48;2;24;21;49m▀[0m[38;2;2;5;1m▄[0m[38;2;2;5;1m[48;2;30;91;155m▀[0m[38;2;30;91;155m[48;2;29;57;98m▀[0m[38;2;30;91;155m[48;2;30;91;155m▀[0m[38;2;30;91;155m[48;2;30;91;155m▀[0m[38;2;30;91;155m[48;2;30;91;155m▀[0m[38;2;30;91;155m[48;2;30;91;155m▀[0m[38;2;30;91;155m[48;2;30;91;155m▀[0m[38;2;30;91;155m[48;2;30;91;155m▀[0m[38;2;30;91;155m[48;2;29;57;98m▀[0m[38;2;30;91;155m[48;2;29;57;98m▀[0m[38;2;29;57;98m[48;2;132;164;167m▀[0m[38;2;29;57;98m[48;2;132;164;167m▀[0m[38;2;30;91;155m[48;2;29;57;98m▀[0m[38;2;30;91;155m[48;2;30;91;155m▀[0m[38;2;30;91;155m[48;2;30;91;155m▀[0m[38;2;30;91;155m[48;2;30;91;155m▀[0m[38;2;30;91;155m[48;2;30;91;155m▀[0m[38;2;30;91;155m[48;2;30;91;155m▀[0m[38;2;30;91;155m[48;2;30;91;155m▀[0m[38;2;30;91;155m[48;2;30;91;155m▀[0m[38;2;30;91;155m[48;2;30;91;155m▀[0m[38;2;30;91;155m[48;2;30;91;155m▀[0m[38;2;24;21;49m[48;2;24;21;49m▀[0m[38;2;40;47;98m[48;2;40;47;98m▀[0m[38;2;2;5;1m[48;2;2;5;1m▀[0m[38;2;30;91;155m[48;2;30;91;155m▀[0m[38;2;30;91;155m[48;2;30;91;155m▀[0m[38;2;30;91;155m[48;2;30;91;155m▀[0m[38;2;30;91;155m[48;2;30;91;155m▀[0m[38;2;30;91;155m[48;2;30;91;155m▀[0m[38;2;30;91;155m[48;2;30;91;155m▀[0m[38;2;30;91;155m[48;2;30;91;155m▀[0m[38;2;30;91;155m[48;2;30;91;155m▀[0m[38;2;30;91;155m[48;2;30;91;155m▀[0m[38;2;30;91;155m[48;2;30;91;155m▀[0m[38;2;30;91;155m[48;2;30;91;155m▀[0m[38;2;30;91;155m[48;2;30;91;155m▀[0m[38;2;2;5;1m[48;2;30;91;155m▀[0m[38;2;2;5;1m▄[0m                    
               [38;2;24;21;49m▄[0m[38;2;24;21;49m[48;2;40;47;98m▀[0m[38;2;40;47;98m[48;2;40;47;98m▀[0m[38;2;2;5;1m[48;2;2;5;1m▀[0m[38;2;30;91;155m[48;2;30;91;155m▀[0m[38;2;29;57;98m[48;2;29;57;98m▀[0m[38;2;132;164;167m[48;2;132;164;167m▀[0m[38;2;29;57;98m[48;2;132;164;167m▀[0m[38;2;29;57;98m[48;2;132;164;167m▀[0m[38;2;30;91;155m[48;2;29;57;98m▀[0m[38;2;30;91;155m[48;2;29;57;98m▀[0m[38;2;29;57;98m[48;2;132;164;167m▀[0m[38;2;29;57;98m[48;2;132;164;167m▀[0m[38;2;132;164;167m[48;2;132;164;167m▀[0m[38;2;132;164;167m[48;2;132;164;167m▀[0m[38;2;132;164;167m[48;2;132;164;167m▀[0m[38;2;132;164;167m[48;2;132;164;167m▀[0m[38;2;132;164;167m[48;2;132;164;167m▀[0m[38;2;29;57;98m[48;2;29;57;98m▀[0m[38;2;30;91;155m[48;2;30;91;155m▀[0m[38;2;30;91;155m[48;2;30;91;155m▀[0m[38;2;30;91;155m[48;2;30;91;155m▀[0m[38;2;30;91;155m[48;2;30;91;155m▀[0m[38;2;30;91;155m[48;2;24;21;49m▀[0m[38;2;30;91;155m[48;2;24;21;49m▀[0m[38;2;30;91;155m[48;2;30;91;155m▀[0m[38;2;30;91;155m[48;2;30;91;155m▀[0m[38;2;24;21;49m[48;2;24;21;49m▀[0m[38;2;40;47;98m[48;2;40;47;98m▀[0m[38;2;168;44;71m[48;2;168;44;71m▀[0m[38;2;2;5;1m[48;2;2;5;1m▀[0m[38;2;30;91;155m[48;2;30;91;155m▀[0m[38;2;30;91;155m[48;2;24;21;49m▀[0m[38;2;24;21;49m[48;2;40;47;98m▀[0m[38;2;30;91;155m[48;2;2;5;1m▀[0m[38;2;30;91;155m[48;2;30;91;155m▀[0m[38;2;30;91;155m[48;2;30;91;155m▀[0m[38;2;30;91;155m[48;2;30;91;155m▀[0m[38;2;30;91;155m[48;2;30;91;155m▀[0m[38;2;30;91;155m[48;2;30;91;155m▀[0m[38;2;30;91;155m[48;2;30;91;155m▀[0m[38;2;30;91;155m[48;2;30;91;155m▀[0m[38;2;30;91;155m[48;2;30;91;155m▀[0m[38;2;30;91;155m[48;2;30;91;155m▀[0m[38;2;2;5;1m[48;2;30;91;155m▀[0m[38;2;2;5;1m▄[0m                  
             [38;2;24;21;49m▄[0m [38;2;24;21;49m[48;2;24;21;49m▀[0m[38;2;40;47;98m[48;2;40;47;98m▀[0m[38;2;29;57;98m[48;2;2;5;1m▀[0m[38;2;30;91;155m[48;2;30;91;155m▀[0m[38;2;29;57;98m[48;2;29;57;98m▀[0m[38;2;132;164;167m[48;2;132;164;167m▀[0m[38;2;132;164;167m[48;2;132;164;167m▀[0m[38;2;132;164;167m[48;2;132;164;167m▀[0m[38;2;132;164;167m[48;2;132;164;167m▀[0m[38;2;132;164;167m[48;2;132;164;167m▀[0m[38;2;132;164;167m[48;2;132;164;167m▀[0m[38;2;132;164;167m[48;2;132;164;167m▀[0m[38;2;132;164;167m[48;2;132;164;167m▀[0m[38;2;132;164;167m[48;2;132;164;167m▀[0m[38;2;132;164;167m[48;2;132;164;167m▀[0m[38;2;132;164;167m[48;2;132;164;167m▀[0m[38;2;132;164;167m[48;2;132;164;167m▀[0m[38;2;132;164;167m[48;2;132;164;167m▀[0m[38;2;132;164;167m[48;2;132;164;167m▀[0m[38;2;29;57;98m[48;2;29;57;98m▀[0m[38;2;30;91;155m[48;2;30;91;155m▀[0m[38;2;30;91;155m[48;2;30;91;155m▀[0m[38;2;30;91;155m[48;2;30;91;155m▀[0m[38;2;24;21;49m[48;2;24;21;49m▀[0m[38;2;40;47;98m[48;2;40;47;98m▀[0m[38;2;24;21;49m[48;2;40;47;98m▀[0m[38;2;30;91;155m[48;2;24;21;49m▀[0m[38;2;24;21;49m[48;2;24;21;49m▀[0m[38;2;40;47;98m[48;2;40;47;98m▀[0m[38;2;168;44;71m[48;2;168;44;71m▀[0m[38;2;2;5;1m[48;2;168;44;71m▀[0m[38;2;30;91;155m[48;2;2;5;1m▀[0m[38;2;24;21;49m[48;2;40;47;98m▀[0m[38;2;40;47;98m[48;2;40;47;98m▀[0m[38;2;2;5;1m[48;2;2;5;1m▀[0m[38;2;30;91;155m[48;2;30;91;155m▀[0m[38;2;30;91;155m[48;2;30;91;155m▀[0m[38;2;30;91;155m[48;2;30;91;155m▀[0m[38;2;30;91;155m[48;2;30;91;155m▀[0m[38;2;30;91;155m[48;2;30;91;155m▀[0m[38;2;30;91;155m[48;2;30;91;155m▀[0m[38;2;30;91;155m[48;2;30;91;155m▀[0m[38;2;30;91;155m[48;2;30;91;155m▀[0m[38;2;30;91;155m[48;2;30;91;155m▀[0m[38;2;30;91;155m[48;2;30;91;155m▀[0m[38;2;30;91;155m[48;2;30;91;155m▀[0m[38;2;2;5;1m[48;2;2;5;1m▀[0m                 
            [38;2;24;21;49m[48;2;24;21;49m▀[0m[38;2;40;47;98m[48;2;40;47;98m▀[0m[38;2;24;21;49m[48;2;40;47;98m▀[0m[38;2;30;34;78m[48;2;40;47;98m▀[0m[38;2;40;47;98m[48;2;2;5;1m▀[0m[38;2;2;5;1m[48;2;30;91;155m▀[0m[38;2;30;91;155m[48;2;30;91;155m▀[0m[38;2;29;57;98m[48;2;29;57;98m▀[0m[38;2;132;164;167m[48;2;132;164;167m▀[0m[38;2;132;164;167m[48;2;132;164;167m▀[0m[38;2;132;164;167m[48;2;132;164;167m▀[0m[38;2;132;164;167m[48;2;132;164;167m▀[0m[38;2;132;164;167m[48;2;132;164;167m▀[0m[38;2;132;164;167m[48;2;132;164;167m▀[0m[38;2;132;164;167m[48;2;132;164;167m▀[0m[38;2;132;164;167m[48;2;132;164;167m▀[0m[38;2;132;164;167m[48;2;132;164;167m▀[0m[38;2;132;164;167m[48;2;132;164;167m▀[0m[38;2;132;164;167m[48;2;132;164;167m▀[0m[38;2;132;164;167m[48;2;132;164;167m▀[0m[38;2;132;164;167m[48;2;132;164;167m▀[0m[38;2;132;164;167m[48;2;132;164;167m▀[0m[38;2;132;164;167m[48;2;132;164;167m▀[0m[38;2;29;57;98m[48;2;2;5;1m▀[0m[38;2;30;91;155m[48;2;30;91;155m▀[0m[38;2;30;91;155m[48;2;30;91;155m▀[0m[38;2;24;21;49m[48;2;30;91;155m▀[0m[38;2;40;47;98m[48;2;24;21;49m▀[0m[38;2;40;47;98m[48;2;40;47;98m▀[0m[38;2;40;47;98m[48;2;168;44;71m▀[0m[38;2;24;21;49m[48;2;40;47;98m▀[0m[38;2;30;34;78m[48;2;30;34;78m▀[0m[38;2;40;47;98m[48;2;40;47;98m▀[0m[38;2;168;44;71m[48;2;168;44;71m▀[0m[38;2;2;5;1m[48;2;30;34;78m▀[0m[38;2;40;47;98m[48;2;40;47;98m▀[0m[38;2;168;44;71m[48;2;168;44;71m▀[0m[38;2;2;5;1m[48;2;2;5;1m▀[0m[38;2;30;91;155m[48;2;30;91;155m▀[0m[38;2;30;91;155m[48;2;30;91;155m▀[0m[38;2;30;91;155m[48;2;30;91;155m▀[0m[38;2;30;91;155m[48;2;30;91;155m▀[0m[38;2;30;91;155m[48;2;30;91;155m▀[0m[38;2;30;91;155m[48;2;30;91;155m▀[0m[38;2;30;91;155m[48;2;30;91;155m▀[0m[38;2;30;91;155m[48;2;30;91;155m▀[0m[38;2;30;91;155m[48;2;30;91;155m▀[0m[38;2;30;91;155m[48;2;30;91;155m▀[0m[38;2;30;91;155m[48;2;30;91;155m▀[0m[38;2;30;91;155m[48;2;30;91;155m▀[0m[38;2;2;5;1m[48;2;24;21;49m▀[0m[38;2;2;5;1m▄[0m               
            [38;2;24;21;49m[48;2;24;21;49m▀[0m[38;2;40;47;98m[48;2;40;47;98m▀[0m[38;2;40;47;98m[48;2;40;47;98m▀[0m[38;2;40;47;98m[48;2;40;47;98m▀[0m[38;2;2;5;1m[48;2;2;5;1m▀[0m[38;2;30;91;155m[48;2;30;91;155m▀[0m[38;2;30;91;155m[48;2;30;91;155m▀[0m[38;2;29;57;98m[48;2;30;91;155m▀[0m[38;2;132;164;167m[48;2;2;5;1m▀[0m[38;2;132;164;167m[48;2;132;164;167m▀[0m[38;2;132;164;167m[48;2;132;164;167m▀[0m[38;2;132;164;167m[48;2;132;164;167m▀[0m[38;2;132;164;167m[48;2;132;164;167m▀[0m[38;2;132;164;167m[48;2;132;164;167m▀[0m[38;2;132;164;167m[48;2;132;164;167m▀[0m[38;2;132;164;167m[48;2;132;164;167m▀[0m[38;2;132;164;167m[48;2;132;164;167m▀[0m[38;2;132;164;167m[48;2;132;164;167m▀[0m[38;2;132;164;167m[48;2;132;164;167m▀[0m[38;2;132;164;167m[48;2;132;164;167m▀[0m[38;2;132;164;167m[48;2;132;164;167m▀[0m[38;2;132;164;167m[48;2;132;164;167m▀[0m[38;2;132;164;167m[48;2;132;164;167m▀[0m[38;2;2;5;1m[48;2;2;5;1m▀[0m[38;2;30;91;155m[48;2;30;91;155m▀[0m[38;2;30;91;155m[48;2;30;91;155m▀[0m[38;2;30;91;155m[48;2;30;91;155m▀[0m[38;2;24;21;49m[48;2;30;91;155m▀[0m[38;2;40;47;98m[48;2;24;21;49m▀[0m[38;2;168;44;71m[48;2;40;47;98m▀[0m[38;2;168;44;71m[48;2;168;44;71m▀[0m[38;2;40;47;98m[48;2;168;44;71m▀[0m[38;2;40;47;98m[48;2;168;44;71m▀[0m[38;2;168;44;71m[48;2;168;44;71m▀[0m[38;2;40;47;98m[48;2;168;44;71m▀[0m[38;2;168;44;71m[48;2;168;44;71m▀[0m[38;2;168;44;71m[48;2;40;47;98m▀[0m[38;2;2;5;1m[48;2;2;5;1m▀[0m[38;2;30;91;155m[48;2;30;91;155m▀[0m[38;2;30;91;155m[48;2;30;91;155m▀[0m[38;2;30;91;155m[48;2;30;91;155m▀[0m[38;2;30;91;155m[48;2;30;91;155m▀[0m[38;2;30;91;155m[48;2;30;91;155m▀[0m[38;2;30;91;155m[48;2;30;91;155m▀[0m[38;2;30;91;155m[48;2;24;21;49m▀[0m[38;2;30;91;155m[48;2;24;21;49m▀[0m[38;2;30;91;155m[48;2;30;91;155m▀[0m[38;2;30;91;155m[48;2;30;91;155m▀[0m[38;2;30;91;155m[48;2;30;91;155m▀[0m[38;2;30;91;155m[48;2;30;91;155m▀[0m[38;2;24;21;49m[48;2;24;21;49m▀[0m[38;2;30;34;78m[48;2;30;34;78m▀[0m[38;2;2;5;1m[48;2;2;5;1m▀[0m              
           [38;2;24;21;49m[48;2;24;21;49m▀[0m[38;2;40;47;98m[48;2;40;47;98m▀[0m[38;2;24;21;49m[48;2;24;21;49m▀[0m[38;2;40;47;98m[48;2;40;47;98m▀[0m[38;2;2;5;1m[48;2;2;5;1m▀[0m[38;2;30;91;155m[48;2;30;91;155m▀[0m[38;2;30;91;155m[48;2;30;91;155m▀[0m[38;2;30;91;155m[48;2;30;91;155m▀[0m[38;2;30;91;155m[48;2;30;91;155m▀[0m[38;2;2;5;1m[48;2;30;91;155m▀[0m[38;2;132;164;167m[48;2;2;5;1m▀[0m[38;2;132;164;167m[48;2;132;164;167m▀[0m[38;2;132;164;167m[48;2;132;164;167m▀[0m[38;2;132;164;167m[48;2;132;164;167m▀[0m[38;2;132;164;167m[48;2;132;164;167m▀[0m[38;2;132;164;167m[48;2;132;164;167m▀[0m[38;2;132;164;167m[48;2;132;164;167m▀[0m[38;2;132;164;167m[48;2;132;164;167m▀[0m[38;2;132;164;167m[48;2;132;164;167m▀[0m[38;2;132;164;167m[48;2;132;164;167m▀[0m[38;2;132;164;167m[48;2;132;164;167m▀[0m[38;2;132;164;167m[48;2;132;164;167m▀[0m[38;2;132;164;167m[48;2;89;116;113m▀[0m[38;2;132;164;167m[48;2;89;116;113m▀[0m[38;2;2;5;1m[48;2;2;5;1m▀[0m[38;2;30;91;155m[48;2;30;91;155m▀[0m[38;2;30;91;155m[48;2;30;91;155m▀[0m[38;2;30;91;155m[48;2;30;91;155m▀[0m[38;2;24;21;49m[48;2;24;21;49m▀[0m[38;2;24;21;49m[48;2;40;47;98m▀[0m[38;2;40;47;98m[48;2;30;34;78m▀[0m[38;2;40;47;98m[48;2;40;47;98m▀[0m[38;2;168;44;71m[48;2;40;47;98m▀[0m[38;2;168;44;71m[48;2;40;47;98m▀[0m[38;2;168;44;71m[48;2;168;44;71m▀[0m[38;2;168;44;71m[48;2;168;44;71m▀[0m[38;2;107;28;52m[48;2;40;47;98m▀[0m[38;2;30;34;78m[48;2;30;34;78m▀[0m[38;2;40;47;98m[48;2;40;47;98m▀[0m[38;2;2;5;1m[48;2;2;5;1m▀[0m[38;2;30;91;155m[48;2;29;57;98m▀[0m[38;2;29;57;98m[48;2;89;116;113m▀[0m[38;2;30;91;155m[48;2;29;57;98m▀[0m[38;2;30;91;155m[48;2;30;91;155m▀[0m[38;2;30;91;155m[48;2;30;91;155m▀[0m[38;2;24;21;49m[48;2;24;21;49m▀[0m[38;2;40;47;98m[48;2;40;47;98m▀[0m[38;2;24;21;49m[48;2;40;47;98m▀[0m[38;2;24;21;49m[48;2;40;47;98m▀[0m[38;2;30;91;155m[48;2;24;21;49m▀[0m[38;2;30;91;155m[48;2;24;21;49m▀[0m[38;2;24;21;49m[48;2;24;21;49m▀[0m[38;2;30;34;78m[48;2;24;21;49m▀[0m[38;2;40;47;98m[48;2;40;47;98m▀[0m[38;2;2;5;1m[48;2;2;5;1m▀[0m             
          [38;2;24;21;49m▄[0m[38;2;24;21;49m[48;2;30;34;78m▀[0m[38;2;30;34;78m[48;2;30;34;78m▀[0m[38;2;30;34;78m[48;2;30;34;78m▀[0m[38;2;2;5;1m[48;2;2;5;1m▀[0m[38;2;30;91;155m[48;2;30;91;155m▀[0m[38;2;30;91;155m[48;2;30;91;155m▀[0m[38;2;30;91;155m[48;2;30;91;155m▀[0m[38;2;30;91;155m[48;2;30;91;155m▀[0m[38;2;30;91;155m[48;2;29;57;98m▀[0m[38;2;30;91;155m[48;2;29;57;98m▀[0m[38;2;2;5;1m[48;2;29;57;98m▀[0m[38;2;89;116;113m[48;2;2;5;1m▀[0m[38;2;89;116;113m[48;2;89;116;113m▀[0m[38;2;132;164;167m[48;2;89;116;113m▀[0m[38;2;132;164;167m[48;2;89;116;113m▀[0m[38;2;132;164;167m[48;2;89;116;113m▀[0m[38;2;132;164;167m[48;2;89;116;113m▀[0m[38;2;132;164;167m[48;2;89;116;113m▀[0m[38;2;132;164;167m[48;2;89;116;113m▀[0m[38;2;89;116;113m[48;2;89;116;113m▀[0m[38;2;89;116;113m[48;2;89;116;113m▀[0m[38;2;89;116;113m[48;2;89;116;113m▀[0m[38;2;89;116;113m[48;2;89;116;113m▀[0m[38;2;89;116;113m[48;2;89;116;113m▀[0m[38;2;2;5;1m[48;2;89;116;113m▀[0m[38;2;30;91;155m[48;2;2;5;1m▀[0m[38;2;30;91;155m[48;2;30;91;155m▀[0m[38;2;30;91;155m[48;2;30;91;155m▀[0m[38;2;24;21;49m[48;2;30;91;155m▀[0m[38;2;40;47;98m[48;2;24;21;49m▀[0m[38;2;40;47;98m[48;2;40;47;98m▀[0m[38;2;30;34;78m[48;2;40;47;98m▀[0m[38;2;30;34;78m[48;2;40;47;98m▀[0m[38;2;40;47;98m[48;2;30;34;78m▀[0m[38;2;168;44;71m[48;2;30;34;78m▀[0m[38;2;168;44;71m[48;2;30;34;78m▀[0m[38;2;30;34;78m[48;2;168;44;71m▀[0m[38;2;40;47;98m[48;2;40;47;98m▀[0m[38;2;40;47;98m[48;2;40;47;98m▀[0m[38;2;2;5;1m[48;2;2;5;1m▀[0m[38;2;89;116;113m[48;2;89;116;113m▀[0m[38;2;89;116;113m[48;2;89;116;113m▀[0m[38;2;29;57;98m[48;2;2;5;1m▀[0m[38;2;30;91;155m[48;2;2;5;1m▀[0m[38;2;30;91;155m[48;2;30;91;155m▀[0m[38;2;30;91;155m[48;2;30;91;155m▀[0m[38;2;24;21;49m[48;2;24;21;49m▀[0m[38;2;40;47;98m[48;2;40;47;98m▀[0m[38;2;40;47;98m[48;2;40;47;98m▀[0m[38;2;40;47;98m[48;2;40;47;98m▀[0m[38;2;40;47;98m[48;2;40;47;98m▀[0m[38;2;168;44;71m[48;2;168;44;71m▀[0m[38;2;168;44;71m[48;2;168;44;71m▀[0m[38;2;40;47;98m[48;2;40;47;98m▀[0m[38;2;40;47;98m[48;2;40;47;98m▀[0m[38;2;2;5;1m[48;2;2;5;1m▀[0m            
          [38;2;24;21;49m[48;2;24;21;49m▀[0m[38;2;30;34;78m[48;2;30;34;78m▀[0m[38;2;30;34;78m[48;2;30;34;78m▀[0m[38;2;2;5;1m[48;2;2;5;1m▀[0m[38;2;30;91;155m[48;2;29;57;98m▀[0m[38;2;29;57;98m[48;2;30;91;155m▀[0m[38;2;30;91;155m[48;2;29;57;98m▀[0m[38;2;29;57;98m[48;2;30;91;155m▀[0m[38;2;29;57;98m[48;2;29;57;98m▀[0m[38;2;29;57;98m[48;2;29;57;98m▀[0m[38;2;29;57;98m[48;2;29;57;98m▀[0m[38;2;29;57;98m[48;2;29;57;98m▀[0m[38;2;2;5;1m[48;2;29;57;98m▀[0m[38;2;89;116;113m[48;2;2;5;1m▀[0m[38;2;89;116;113m[48;2;2;5;1m▀[0m[38;2;89;116;113m[48;2;89;116;113m▀[0m[38;2;89;116;113m[48;2;89;116;113m▀[0m[38;2;89;116;113m[48;2;89;116;113m▀[0m[38;2;89;116;113m[48;2;89;116;113m▀[0m[38;2;89;116;113m[48;2;89;116;113m▀[0m[38;2;89;116;113m[48;2;89;116;113m▀[0m[38;2;89;116;113m[48;2;89;116;113m▀[0m[38;2;89;116;113m[48;2;89;116;113m▀[0m[38;2;89;116;113m[48;2;89;116;113m▀[0m[38;2;89;116;113m[48;2;89;116;113m▀[0m[38;2;89;116;113m[48;2;89;116;113m▀[0m[38;2;2;5;1m[48;2;2;5;1m▀[0m[38;2;30;91;155m[48;2;30;91;155m▀[0m[38;2;30;91;155m[48;2;30;91;155m▀[0m[38;2;30;91;155m[48;2;30;91;155m▀[0m[38;2;24;21;49m[48;2;30;91;155m▀[0m[38;2;40;47;98m[48;2;24;21;49m▀[0m[38;2;40;47;98m[48;2;40;47;98m▀[0m[38;2;40;47;98m[48;2;40;47;98m▀[0m[38;2;40;47;98m[48;2;40;47;98m▀[0m[38;2;40;47;98m[48;2;40;47;98m▀[0m[38;2;168;44;71m[48;2;168;44;71m▀[0m[38;2;168;44;71m[48;2;168;44;71m▀[0m[38;2;40;47;98m[48;2;40;47;98m▀[0m[38;2;40;47;98m[48;2;40;47;98m▀[0m[38;2;2;5;1m[48;2;2;5;1m▀[0m[38;2;2;5;1m▀[0m[38;2;2;5;1m▀[0m [38;2;2;5;1m▀[0m[38;2;30;91;155m[48;2;2;5;1m▀[0m[38;2;30;91;155m[48;2;30;91;155m▀[0m[38;2;30;91;155m[48;2;30;91;155m▀[0m[38;2;24;21;49m[48;2;30;91;155m▀[0m[38;2;40;47;98m[48;2;24;21;49m▀[0m[38;2;40;47;98m[48;2;40;47;98m▀[0m[38;2;40;47;98m[48;2;40;47;98m▀[0m[38;2;107;28;52m[48;2;40;47;98m▀[0m[38;2;168;44;71m[48;2;107;28;52m▀[0m[38;2;168;44;71m[48;2;168;44;71m▀[0m[38;2;40;47;98m[48;2;30;34;78m▀[0m[38;2;2;5;1m[48;2;40;47;98m▀[0m[38;2;2;5;1m▄[0m           
          [38;2;24;21;49m[48;2;24;21;49m▀[0m[38;2;30;34;78m[48;2;30;34;78m▀[0m[38;2;2;5;1m[48;2;2;5;1m▀[0m[38;2;29;57;98m[48;2;29;57;98m▀[0m[38;2;30;91;155m[48;2;29;57;98m▀[0m[38;2;29;57;98m[48;2;29;57;98m▀[0m[38;2;30;91;155m[48;2;29;57;98m▀[0m[38;2;29;57;98m[48;2;29;57;98m▀[0m[38;2;29;57;98m[48;2;29;57;98m▀[0m[38;2;29;57;98m[48;2;29;57;98m▀[0m[38;2;29;57;98m[48;2;29;57;98m▀[0m[38;2;29;57;98m[48;2;29;57;98m▀[0m[38;2;29;57;98m[48;2;29;57;98m▀[0m[38;2;29;57;98m[48;2;29;57;98m▀[0m[38;2;29;57;98m[48;2;29;57;98m▀[0m[38;2;2;5;1m[48;2;29;57;98m▀[0m[38;2;2;5;1m[48;2;2;5;1m▀[0m[38;2;89;116;113m[48;2;2;5;1m▀[0m[38;2;89;116;113m[48;2;2;5;1m▀[0m[38;2;89;116;113m[48;2;2;5;1m▀[0m[38;2;89;116;113m[48;2;89;116;113m▀[0m[38;2;89;116;113m[48;2;89;116;113m▀[0m[38;2;89;116;113m[48;2;89;116;113m▀[0m[38;2;89;116;113m[48;2;89;116;113m▀[0m[38;2;89;116;113m[48;2;89;116;113m▀[0m[38;2;89;116;113m[48;2;89;116;113m▀[0m[38;2;89;116;113m[48;2;89;116;113m▀[0m[38;2;2;5;1m[48;2;2;5;1m▀[0m[38;2;30;91;155m[48;2;30;91;155m▀[0m[38;2;30;91;155m[48;2;30;91;155m▀[0m[38;2;30;91;155m[48;2;30;91;155m▀[0m[38;2;30;91;155m[48;2;24;21;49m▀[0m[38;2;24;21;49m[48;2;24;21;49m▀[0m[38;2;40;47;98m[48;2;40;47;98m▀[0m[38;2;40;47;98m[48;2;40;47;98m▀[0m[38;2;40;47;98m[48;2;40;47;98m▀[0m[38;2;107;28;52m[48;2;40;47;98m▀[0m[38;2;168;44;71m[48;2;107;28;52m▀[0m[38;2;168;44;71m[48;2;168;44;71m▀[0m[38;2;40;47;98m[48;2;30;34;78m▀[0m[38;2;2;5;1m[48;2;40;47;98m▀[0m[38;2;2;5;1m▄[0m   [38;2;2;5;1m▀[0m[38;2;30;91;155m[48;2;2;5;1m▀[0m[38;2;30;91;155m[48;2;30;91;155m▀[0m[38;2;30;91;155m[48;2;30;91;155m▀[0m[38;2;24;21;49m[48;2;24;21;49m▀[0m[38;2;30;34;78m[48;2;40;47;98m▀[0m[38;2;30;34;78m[48;2;40;47;98m▀[0m[38;2;40;47;98m[48;2;30;34;78m▀[0m[38;2;40;47;98m[48;2;30;34;78m▀[0m[38;2;168;44;71m[48;2;30;34;78m▀[0m[38;2;30;34;78m[48;2;168;44;71m▀[0m[38;2;40;47;98m[48;2;40;47;98m▀[0m[38;2;2;5;1m[48;2;40;47;98m▀[0m[38;2;2;5;1m▄[0m          
        [38;2;24;21;49m▄[0m[38;2;24;21;49m[48;2;30;34;78m▀[0m[38;2;30;34;78m[48;2;30;34;78m▀[0m[38;2;24;21;49m[48;2;2;5;1m▀[0m[38;2;2;5;1m[48;2;29;57;98m▀[0m[38;2;29;57;98m[48;2;29;57;98m▀[0m[38;2;29;57;98m[48;2;29;57;98m▀[0m[38;2;29;57;98m[48;2;29;57;98m▀[0m[38;2;29;57;98m[48;2;29;57;98m▀[0m[38;2;29;57;98m[48;2;29;57;98m▀[0m[38;2;29;57;98m[48;2;29;57;98m▀[0m[38;2;29;57;98m[48;2;29;57;98m▀[0m[38;2;29;57;98m[48;2;29;57;98m▀[0m[38;2;29;57;98m[48;2;29;57;98m▀[0m[38;2;29;57;98m[48;2;29;57;98m▀[0m[38;2;29;57;98m[48;2;29;57;98m▀[0m[38;2;29;57;98m[48;2;2;5;1m▀[0m[38;2;2;5;1m▀[0m   [38;2;2;5;1m[48;2;2;5;1m▀[0m[38;2;2;5;1m[48;2;24;21;49m▀[0m[38;2;2;5;1m[48;2;29;57;98m▀[0m[38;2;2;5;1m[48;2;29;57;98m▀[0m[38;2;2;5;1m[48;2;29;57;98m▀[0m[38;2;2;5;1m[48;2;29;57;98m▀[0m[38;2;2;5;1m[48;2;29;57;98m▀[0m[38;2;2;5;1m[48;2;29;57;98m▀[0m[38;2;2;5;1m[48;2;29;57;98m▀[0m[38;2;2;5;1m[48;2;2;5;1m▀[0m[38;2;30;91;155m[48;2;30;91;155m▀[0m[38;2;30;91;155m[48;2;30;91;155m▀[0m[38;2;24;21;49m[48;2;24;21;49m▀[0m[38;2;40;47;98m[48;2;40;47;98m▀[0m[38;2;30;34;78m[48;2;40;47;98m▀[0m[38;2;30;34;78m[48;2;40;47;98m▀[0m[38;2;40;47;98m[48;2;30;34;78m▀[0m[38;2;40;47;98m[48;2;30;34;78m▀[0m[38;2;40;47;98m[48;2;30;34;78m▀[0m[38;2;168;44;71m[48;2;30;34;78m▀[0m[38;2;30;34;78m[48;2;168;44;71m▀[0m[38;2;40;47;98m[48;2;40;47;98m▀[0m[38;2;2;5;1m[48;2;2;5;1m▀[0m    [38;2;2;5;1m▀[0m[38;2;29;57;98m[48;2;2;5;1m▀[0m[38;2;29;57;98m[48;2;29;57;98m▀[0m[38;2;29;57;98m[48;2;29;57;98m▀[0m[38;2;24;21;49m[48;2;24;21;49m▀[0m[38;2;40;47;98m[48;2;40;47;98m▀[0m[38;2;40;47;98m[48;2;40;47;98m▀[0m[38;2;40;47;98m[48;2;40;47;98m▀[0m[38;2;107;28;52m[48;2;40;47;98m▀[0m[38;2;168;44;71m[48;2;168;44;71m▀[0m[38;2;40;47;98m[48;2;40;47;98m▀[0m[38;2;40;47;98m[48;2;40;47;98m▀[0m[38;2;2;5;1m[48;2;2;5;1m▀[0m          
       [38;2;24;21;49m▄[0m[38;2;24;21;49m[48;2;30;34;78m▀[0m[38;2;30;34;78m[48;2;30;34;78m▀[0m[38;2;2;5;1m[48;2;2;5;1m▀[0m[38;2;29;57;98m[48;2;29;57;98m▀[0m[38;2;29;57;98m[48;2;29;57;98m▀[0m[38;2;29;57;98m[48;2;29;57;98m▀[0m[38;2;29;57;98m[48;2;29;57;98m▀[0m[38;2;29;57;98m[48;2;29;57;98m▀[0m[38;2;29;57;98m[48;2;29;57;98m▀[0m[38;2;29;57;98m[48;2;29;57;98m▀[0m[38;2;29;57;98m[48;2;29;57;98m▀[0m[38;2;29;57;98m[48;2;29;57;98m▀[0m[38;2;29;57;98m[48;2;29;57;98m▀[0m[38;2;29;57;98m[48;2;2;5;1m▀[0m[38;2;2;5;1m▀[0m[38;2;2;5;1m▀[0m    [38;2;2;5;1m[48;2;2;5;1m▀[0m[38;2;24;21;49m[48;2;2;5;1m▀[0m[38;2;2;5;1m[48;2;29;57;98m▀[0m[38;2;29;57;98m[48;2;29;57;98m▀[0m[38;2;29;57;98m[48;2;29;57;98m▀[0m[38;2;29;57;98m[48;2;29;57;98m▀[0m[38;2;29;57;98m[48;2;29;57;98m▀[0m[38;2;29;57;98m[48;2;29;57;98m▀[0m[38;2;29;57;98m[48;2;29;57;98m▀[0m[38;2;29;57;98m[48;2;29;57;98m▀[0m[38;2;29;57;98m[48;2;29;57;98m▀[0m[38;2;2;5;1m[48;2;2;5;1m▀[0m[38;2;30;91;155m[48;2;30;91;155m▀[0m[38;2;30;91;155m[48;2;30;91;155m▀[0m[38;2;24;21;49m[48;2;24;21;49m▀[0m[38;2;40;47;98m[48;2;40;47;98m▀[0m[38;2;40;47;98m[48;2;40;47;98m▀[0m[38;2;40;47;98m[48;2;40;47;98m▀[0m[38;2;40;47;98m[48;2;40;47;98m▀[0m[38;2;40;47;98m[48;2;40;47;98m▀[0m[38;2;168;44;71m[48;2;168;44;71m▀[0m[38;2;168;44;71m[48;2;107;28;52m▀[0m[38;2;40;47;98m[48;2;40;47;98m▀[0m[38;2;2;5;1m[48;2;2;5;1m▀[0m     [38;2;2;5;1m▀[0m[38;2;29;57;98m[48;2;2;5;1m▀[0m[38;2;29;57;98m[48;2;29;57;98m▀[0m[38;2;29;57;98m[48;2;29;57;98m▀[0m[38;2;24;21;49m[48;2;29;57;98m▀[0m[38;2;40;47;98m[48;2;24;21;49m▀[0m[38;2;40;47;98m[48;2;24;21;49m▀[0m[38;2;40;47;98m[48;2;40;47;98m▀[0m[38;2;40;47;98m[48;2;40;47;98m▀[0m[38;2;40;47;98m[48;2;40;47;98m▀[0m[38;2;24;21;49m[48;2;24;21;49m▀[0m[38;2;2;5;1m[48;2;2;5;1m▀[0m          
       [38;2;24;21;49m[48;2;24;21;49m▀[0m[38;2;30;34;78m[48;2;2;5;1m▀[0m[38;2;2;5;1m[48;2;29;57;98m▀[0m[38;2;29;57;98m[48;2;29;57;98m▀[0m[38;2;29;57;98m[48;2;29;57;98m▀[0m[38;2;29;57;98m[48;2;29;57;98m▀[0m[38;2;29;57;98m[48;2;29;57;98m▀[0m[38;2;29;57;98m[48;2;29;57;98m▀[0m[38;2;29;57;98m[48;2;29;57;98m▀[0m[38;2;29;57;98m[48;2;29;57;98m▀[0m[38;2;29;57;98m[48;2;29;57;98m▀[0m[38;2;29;57;98m[48;2;29;57;98m▀[0m[38;2;29;57;98m[48;2;2;5;1m▀[0m[38;2;2;5;1m▀[0m      [38;2;2;5;1m▄[0m[38;2;2;5;1m[48;2;107;28;52m▀[0m[38;2;29;57;98m[48;2;2;5;1m▀[0m[38;2;29;57;98m[48;2;29;57;98m▀[0m[38;2;29;57;98m[48;2;29;57;98m▀[0m[38;2;29;57;98m[48;2;29;57;98m▀[0m[38;2;29;57;98m[48;2;29;57;98m▀[0m[38;2;29;57;98m[48;2;29;57;98m▀[0m[38;2;29;57;98m[48;2;2;5;1m▀[0m[38;2;29;57;98m[48;2;2;5;1m▀[0m[38;2;29;57;98m[48;2;2;5;1m▀[0m[38;2;2;5;1m▀[0m [38;2;2;5;1m[48;2;2;5;1m▀[0m[38;2;30;91;155m[48;2;30;91;155m▀[0m[38;2;30;91;155m[48;2;30;91;155m▀[0m[38;2;24;21;49m[48;2;30;91;155m▀[0m[38;2;40;47;98m[48;2;24;21;49m▀[0m[38;2;40;47;98m[48;2;40;47;98m▀[0m[38;2;40;47;98m[48;2;40;47;98m▀[0m[38;2;40;47;98m[48;2;40;47;98m▀[0m[38;2;168;44;71m[48;2;107;28;52m▀[0m[38;2;40;47;98m[48;2;40;47;98m▀[0m[38;2;40;47;98m[48;2;2;5;1m▀[0m[38;2;2;5;1m[48;2;30;91;155m▀[0m[38;2;29;57;98m▄[0m      [38;2;2;5;1m▀[0m[38;2;29;57;98m[48;2;2;5;1m▀[0m[38;2;29;57;98m[48;2;29;57;98m▀[0m[38;2;29;57;98m[48;2;29;57;98m▀[0m[38;2;29;57;98m[48;2;29;57;98m▀[0m[38;2;24;21;49m[48;2;29;57;98m▀[0m[38;2;24;21;49m[48;2;29;57;98m▀[0m[38;2;24;21;49m[48;2;29;57;98m▀[0m[38;2;29;57;98m[48;2;29;57;98m▀[0m[38;2;2;5;1m[48;2;29;57;98m▀[0m[38;2;2;5;1m▄[0m         
     [38;2;107;28;52m▄[0m[38;2;2;5;1m[48;2;2;5;1m▀[0m[38;2;2;5;1m[48;2;29;57;98m▀[0m[38;2;29;57;98m[48;2;29;57;98m▀[0m[38;2;29;57;98m[48;2;29;57;98m▀[0m[38;2;29;57;98m[48;2;29;57;98m▀[0m[38;2;29;57;98m[48;2;29;57;98m▀[0m[38;2;29;57;98m[48;2;29;57;98m▀[0m[38;2;29;57;98m[48;2;29;57;98m▀[0m[38;2;29;57;98m[48;2;29;57;98m▀[0m[38;2;29;57;98m[48;2;29;57;98m▀[0m[38;2;29;57;98m[48;2;2;5;1m▀[0m[38;2;2;5;1m▀[0m[38;2;2;5;1m▀[0m       [38;2;2;5;1m▀[0m[38;2;107;28;52m[48;2;2;5;1m▀[0m[38;2;107;28;52m[48;2;2;5;1m▀[0m[38;2;2;5;1m[48;2;2;5;1m▀[0m[38;2;29;57;98m[48;2;2;5;1m▀[0m[38;2;29;57;98m[48;2;2;5;1m▀[0m[38;2;29;57;98m[48;2;2;5;1m▀[0m[38;2;2;5;1m▀[0m[38;2;2;5;1m▀[0m[38;2;2;5;1m▀[0m     [38;2;2;5;1m▀[0m[38;2;30;91;155m[48;2;2;5;1m▀[0m[38;2;30;91;155m[48;2;30;91;155m▀[0m[38;2;30;91;155m[48;2;30;91;155m▀[0m[38;2;24;21;49m[48;2;30;91;155m▀[0m[38;2;24;21;49m[48;2;30;91;155m▀[0m[38;2;40;47;98m[48;2;24;21;49m▀[0m[38;2;40;47;98m[48;2;24;21;49m▀[0m[38;2;40;47;98m[48;2;40;47;98m▀[0m[38;2;2;5;1m[48;2;30;91;155m▀[0m[38;2;30;91;155m[48;2;30;91;155m▀[0m[38;2;29;57;98m[48;2;30;91;155m▀[0m[38;2;29;57;98m▄[0m       [38;2;2;5;1m▀[0m[38;2;29;57;98m[48;2;2;5;1m▀[0m[38;2;29;57;98m[48;2;29;57;98m▀[0m[38;2;29;57;98m[48;2;29;57;98m▀[0m[38;2;29;57;98m[48;2;29;57;98m▀[0m[38;2;29;57;98m[48;2;29;57;98m▀[0m[38;2;29;57;98m[48;2;107;28;52m▀[0m[38;2;29;57;98m[48;2;107;28;52m▀[0m[38;2;29;57;98m[48;2;107;28;52m▀[0m[38;2;2;5;1m[48;2;107;28;52m▀[0m[38;2;2;5;1m▄[0m       
  [38;2;107;28;52m▄[0m[38;2;107;28;52m[48;2;168;44;71m▀[0m[38;2;107;28;52m[48;2;168;44;71m▀[0m[38;2;168;44;71m[48;2;168;44;71m▀[0m[38;2;107;28;52m[48;2;168;44;71m▀[0m[38;2;29;57;98m[48;2;107;28;52m▀[0m[38;2;29;57;98m[48;2;107;28;52m▀[0m[38;2;107;28;52m[48;2;168;44;71m▀[0m[38;2;107;28;52m[48;2;168;44;71m▀[0m[38;2;107;28;52m[48;2;168;44;71m▀[0m[38;2;29;57;98m[48;2;2;5;1m▀[0m[38;2;29;57;98m[48;2;2;5;1m▀[0m[38;2;2;5;1m▀[0m[38;2;2;5;1m▀[0m                           [38;2;2;5;1m▀[0m[38;2;30;91;155m[48;2;2;5;1m▀[0m[38;2;30;91;155m[48;2;30;91;155m▀[0m[38;2;30;91;155m[48;2;30;91;155m▀[0m[38;2;30;91;155m[48;2;30;91;155m▀[0m[38;2;30;91;155m[48;2;30;91;155m▀[0m[38;2;30;91;155m[48;2;30;91;155m▀[0m[38;2;30;91;155m[48;2;30;91;155m▀[0m[38;2;30;91;155m[48;2;30;91;155m▀[0m[38;2;30;91;155m[48;2;30;91;155m▀[0m[38;2;30;91;155m[48;2;107;28;52m▀[0m[38;2;2;5;1m[48;2;2;5;1m▀[0m        [38;2;2;5;1m▀[0m[38;2;2;5;1m▀[0m[38;2;29;57;98m[48;2;2;5;1m▀[0m[38;2;107;28;52m[48;2;2;5;1m▀[0m[38;2;168;44;71m[48;2;168;44;71m▀[0m[38;2;168;44;71m[48;2;168;44;71m▀[0m[38;2;107;28;52m[48;2;168;44;71m▀[0m[38;2;168;44;71m[48;2;107;28;52m▀[0m[38;2;168;44;71m[48;2;168;44;71m▀[0m[38;2;2;5;1m[48;2;2;5;1m▀[0m      
   [38;2;2;5;1m▀[0m[38;2;2;5;1m▀[0m[38;2;2;5;1m▀[0m[38;2;2;5;1m▀[0m[38;2;2;5;1m▀[0m[38;2;2;5;1m▀[0m[38;2;168;44;71m[48;2;2;5;1m▀[0m[38;2;168;44;71m[48;2;2;5;1m▀[0m[38;2;2;5;1m▀[0m                                [38;2;2;5;1m[48;2;2;5;1m▀[0m[38;2;107;28;52m[48;2;168;44;71m▀[0m[38;2;30;91;155m[48;2;107;28;52m▀[0m[38;2;30;91;155m[48;2;107;28;52m▀[0m[38;2;30;91;155m[48;2;30;91;155m▀[0m[38;2;30;91;155m[48;2;30;91;155m▀[0m[38;2;30;91;155m[48;2;107;28;52m▀[0m[38;2;107;28;52m[48;2;168;44;71m▀[0m[38;2;107;28;52m[48;2;168;44;71m▀[0m[38;2;168;44;71m[48;2;107;28;52m▀[0m[38;2;168;44;71m[48;2;168;44;71m▀[0m[38;2;2;5;1m[48;2;2;5;1m▀[0m           [38;2;2;5;1m▀[0m[38;2;2;5;1m▀[0m[38;2;2;5;1m▀[0m[38;2;2;5;1m▀[0m[38;2;2;5;1m▀[0m       
                                            [38;2;2;5;1m▀[0m[38;2;168;44;71m[48;2;2;5;1m▀[0m[38;2;168;44;71m[48;2;2;5;1m▀[0m[38;2;2;5;1m▀[0m[38;2;2;5;1m▀[0m[38;2;2;5;1m▀[0m[38;2;168;44;71m[48;2;2;5;1m▀[0m[38;2;168;44;71m[48;2;2;5;1m▀[0m[38;2;168;44;71m[48;2;168;44;71m▀[0m[38;2;168;44;71m[48;2;168;44;71m▀[0m[38;2;107;28;52m[48;2;168;44;71m▀[0m[38;2;168;44;71m[48;2;2;5;1m▀[0m[38;2;2;5;1m[48;2;2;5;1m▀[0m                      
                                                    [38;2;2;5;1m▀[0m[38;2;2;5;1m▀[0m[38;2;2;5;1m▀[0m[38;2;2;5;1m▀[0m                       
[0m