                                                [38;2;0;0;0m▄[0m[38;2;6;6;6m▄[0m[38;2;0;0;0m[48;2;113;113;113m▀[0m[38;2;5;5;5m[48;2;114;114;114m▀[0m[38;2;15;15;15m[48;2;20;20;20m▀[0m[38;2;16;16;16m[48;2;8;8;8m▀[0m                          
                                                [38;2;0;0;0m[48;2;0;0;0m▀[0m[38;2;4;4;4m[48;2;0;0;0m▀[0m[38;2;186;186;186m[48;2;179;179;179m▀[0m[38;2;230;230;230m[48;2;227;227;227m▀[0m[38;2;26;26;26m[48;2;26;26;26m▀[0m[38;2;0;0;0m[48;2;0;0;0m▀[0m                          
                                               [38;2;0;0;0m[48;2;0;0;0m▀[0m[38;2;57;57;57m[48;2;68;68;68m▀[0m[38;2;142;142;142m[48;2;255;255;255m▀[0m[38;2;144;144;144m[48;2;119;119;119m▀[0m[38;2;109;109;109m[48;2;0;0;0m▀[0m[38;2;23;23;23m▀[0m[38;2;0;0;0m▀[0m                          
                                             [38;2;0;0;0m▄[0m[38;2;5;5;5m▄[0m[38;2;0;0;0m[48;2;119;119;119m▀[0m[38;2;60;60;60m[48;2;157;157;157m▀[0m[38;2;254;254;254m[48;2;117;117;117m▀[0m[38;2;125;125;125m[48;2;76;76;76m▀[0m[38;2;0;0;0m[48;2;0;0;0m▀[0m[38;2;0;0;0m[48;2;0;0;0m▀[0m                           
                                             [38;2;0;0;0m[48;2;0;0;0m▀[0m[38;2;2;4;4m[48;2;1;4;4m▀[0m[38;2;179;181;181m[48;2;168;171;171m▀[0m[38;2;234;235;235m[48;2;224;226;226m▀[0m[38;2;15;16;16m[48;2;30;30;30m▀[0m[38;2;0;0;0m[48;2;0;0;0m▀[0m                             
                                       [38;2;0;0;0m▄[0m[38;2;0;9;9m▄[0m[38;2;0;8;8m▄[0m[38;2;12;12;12m▄[0m[38;2;110;42;42m▄[0m[38;2;112;45;45m[48;2;152;60;60m▀[0m[38;2;111;43;43m[48;2;173;69;69m▀[0m[38;2;76;30;30m[48;2;168;66;66m▀[0m[38;2;145;95;95m[48;2;147;52;52m▀[0m[38;2;167;122;122m[48;2;117;34;34m▀[0m[38;2;39;31;31m▀[0m[38;2;0;0;0m▀[0m                             
                                      [38;2;0;9;9m▄[0m[38;2;10;20;20m[48;2;35;22;22m▀[0m[38;2;12;15;15m[48;2;111;48;48m▀[0m[38;2;6;13;13m[48;2;134;57;57m▀[0m[38;2;26;19;19m[48;2;126;54;54m▀[0m[38;2;111;45;45m[48;2;119;48;48m▀[0m[38;2;196;77;77m[48;2;195;78;78m▀[0m[38;2;249;100;100m[48;2;250;100;100m▀[0m[38;2;246;98;98m[48;2;213;85;85m▀[0m[38;2;185;74;74m[48;2;156;62;62m▀[0m[38;2;117;47;47m[48;2;114;45;45m▀[0m[38;2;113;56;56m[48;2;118;48;48m▀[0m[38;2;134;51;51m▄[0m                             
                                      [38;2;0;5;5m[48;2;0;8;8m▀[0m[38;2;33;23;23m[48;2;35;24;24m▀[0m[38;2;171;69;69m[48;2;163;66;66m▀[0m[38;2;196;77;77m[48;2;155;61;61m▀[0m[38;2;173;68;68m[48;2;141;56;56m▀[0m[38;2;156;62;62m[48;2;230;92;92m▀[0m[38;2;209;84;84m[48;2;253;101;101m▀[0m[38;2;238;95;95m[48;2;231;92;92m▀[0m[38;2;179;71;71m[48;2;181;72;72m▀[0m[38;2;160;64;64m[48;2;211;85;85m▀[0m[38;2;163;65;65m[48;2;250;101;101m▀[0m[38;2;173;69;69m[48;2;249;100;100m▀[0m[38;2;118;49;49m[48;2;106;49;49m▀[0m[38;2;0;9;9m[48;2;0;9;9m▀[0m[38;2;0;0;0m[48;2;0;0;0m▀[0m                           
                                    [38;2;0;15;15m[48;2;0;9;9m▀[0m[38;2;5;11;11m[48;2;4;11;11m▀[0m[38;2;79;37;37m[48;2;103;47;47m▀[0m[38;2;143;59;59m[48;2;200;78;78m▀[0m[38;2;178;71;71m[48;2;186;74;74m▀[0m[38;2;147;58;58m[48;2;143;57;57m▀[0m[38;2;141;56;56m[48;2;141;57;57m▀[0m[38;2;237;95;95m[48;2;238;96;96m▀[0m[38;2;225;90;90m[48;2;208;83;83m▀[0m[38;2;199;79;79m[48;2;179;72;72m▀[0m[38;2;220;88;88m[48;2;241;97;97m▀[0m[38;2;237;95;95m[48;2;250;101;101m▀[0m[38;2;255;103;103m[48;2;232;94;94m▀[0m[38;2;255;108;108m[48;2;183;76;76m▀[0m[38;2;116;54;54m[48;2;90;42;42m▀[0m[38;2;0;9;9m[48;2;0;9;9m▀[0m[38;2;0;0;0m[48;2;0;0;0m▀[0m                           
                                    [38;2;0;10;10m[48;2;0;0;0m▀[0m[38;2;4;11;11m[48;2;0;7;7m▀[0m[38;2;96;44;44m[48;2;89;42;42m▀[0m[38;2;189;74;74m[48;2;189;74;74m▀[0m[38;2;184;73;73m[48;2;182;72;72m▀[0m[38;2;145;58;58m[48;2;173;68;68m▀[0m[38;2;142;57;57m[48;2;161;65;65m▀[0m[38;2;233;94;94m[48;2;148;59;59m▀[0m[38;2;210;84;84m[48;2;189;76;76m▀[0m[38;2;185;74;74m[48;2;233;93;93m▀[0m[38;2;237;95;95m[48;2;241;96;96m▀[0m[38;2;255;104;104m[48;2;255;107;107m▀[0m[38;2;199;82;82m[48;2;212;87;87m▀[0m[38;2;27;20;20m[48;2;24;20;20m▀[0m[38;2;0;5;5m[48;2;0;2;2m▀[0m                             
                                   [38;2;0;6;6m[48;2;0;8;8m▀[0m[38;2;27;20;20m[48;2;33;22;22m▀[0m[38;2;60;30;30m[48;2;159;65;65m▀[0m[38;2;127;54;54m[48;2;191;76;76m▀[0m[38;2;185;73;73m[48;2;179;71;71m▀[0m[38;2;180;72;72m[48;2;179;71;71m▀[0m[38;2;181;71;71m[48;2;176;69;69m▀[0m[38;2;176;70;70m[48;2;190;76;76m▀[0m[38;2;156;63;63m[48;2;238;96;96m▀[0m[38;2;205;82;82m[48;2;247;98;98m▀[0m[38;2;253;101;101m[48;2;246;98;98m▀[0m[38;2;246;98;98m[48;2;252;101;101m▀[0m[38;2;207;85;85m[48;2;110;50;50m▀[0m[38;2;140;60;60m[48;2;0;6;6m▀[0m[38;2;27;20;20m[48;2;0;28;28m▀[0m[38;2;0;3;3m▀[0m                             
                                   [38;2;0;8;8m[48;2;0;0;0m▀[0m[38;2;34;23;23m[48;2;16;10;12m▀[0m[38;2;171;69;69m[48;2;93;36;37m▀[0m[38;2;203;79;79m[48;2;121;52;51m▀[0m[38;2;185;71;72m[48;2;135;62;58m▀[0m[38;2;177;70;70m[48;2;174;69;69m▀[0m[38;2;202;80;80m[48;2;225;87;88m▀[0m[38;2;233;94;94m[48;2;255;102;103m▀[0m[38;2;244;98;98m[48;2;244;97;97m▀[0m[38;2;244;98;98m[48;2;248;99;99m▀[0m[38;2;249;99;99m[48;2;233;94;94m▀[0m[38;2;255;107;107m[48;2;171;72;72m▀[0m[38;2;117;53;53m[48;2;90;42;42m▀[0m[38;2;0;5;5m[48;2;0;7;7m▀[0m[38;2;0;31;31m[48;2;0;28;28m▀[0m                              
                                [38;2;63;63;63m[48;2;46;43;33m▀[0m[38;2;69;46;46m[48;2;51;48;36m▀[0m[38;2;46;46;23m[48;2;40;36;27m▀[0m[38;2;27;25;22m[48;2;114;110;94m▀[0m[38;2;25;25;25m[48;2;183;177;156m▀[0m[38;2;18;21;20m[48;2;174;170;150m▀[0m[38;2;36;44;36m[48;2;184;181;159m▀[0m[38;2;81;69;57m[48;2;171;165;143m▀[0m[38;2;159;69;66m[48;2;89;66;56m▀[0m[38;2;210;83;83m[48;2;66;44;36m▀[0m[38;2;239;97;97m[48;2;114;64;56m▀[0m[38;2;243;97;97m[48;2;242;97;97m▀[0m[38;2;255;102;102m[48;2;246;93;94m▀[0m[38;2;201;82;82m[48;2;161;62;63m▀[0m[38;2;26;20;20m[48;2;15;11;12m▀[0m[38;2;0;0;0m[48;2;0;0;0m▀[0m                                
                             [38;2;42;42;0m▄[0m[38;2;57;57;41m▄[0m[38;2;27;24;15m[48;2;60;57;45m▀[0m[38;2;97;92;76m[48;2;144;138;118m▀[0m[38;2;136;130;110m[48;2;231;222;196m▀[0m[38;2;126;120;103m[48;2;227;219;193m▀[0m[38;2;176;170;147m[48;2;221;213;188m▀[0m[38;2;236;228;200m[48;2;217;209;184m▀[0m[38;2;233;224;197m[48;2;218;210;185m▀[0m[38;2;236;227;200m[48;2;217;209;184m▀[0m[38;2;215;208;183m[48;2;218;210;185m▀[0m[38;2;131;131;113m[48;2;223;215;189m▀[0m[38;2;106;116;98m[48;2;234;225;199m▀[0m[38;2;121;112;95m[48;2;201;195;170m▀[0m[38;2;158;78;73m[48;2;80;80;66m▀[0m[38;2;158;74;70m[48;2;74;74;61m▀[0m[38;2;129;78;71m[48;2;116;114;96m▀[0m[38;2;80;72;63m[48;2;161;152;128m▀[0m[38;2;40;44;37m[48;2;87;82;71m▀[0m[38;2;0;0;0m[48;2;13;13;15m▀[0m[38;2;8;8;16m▄[0m[38;2;0;0;0m▄[0m                             
                            [38;2;26;23;14m▄[0m[38;2;24;21;14m[48;2;88;85;70m▀[0m[38;2;63;58;46m[48;2;147;140;120m▀[0m[38;2;164;157;137m[48;2;224;216;190m▀[0m[38;2;217;209;184m[48;2;216;207;182m▀[0m[38;2;229;221;195m[48;2;163;157;137m▀[0m[38;2;231;222;196m[48;2;151;145;125m▀[0m[38;2;229;221;195m[48;2;147;142;122m▀[0m[38;2;227;219;193m[48;2;149;143;123m▀[0m[38;2;227;219;193m[48;2;148;142;122m▀[0m[38;2;226;218;192m[48;2;154;148;129m▀[0m[38;2;224;216;190m[48;2;176;169;148m▀[0m[38;2;220;212;187m[48;2;220;211;186m▀[0m[38;2;222;213;188m[48;2;224;216;190m▀[0m[38;2;216;209;184m[48;2;219;211;186m▀[0m[38;2;193;188;164m[48;2;228;220;194m▀[0m[38;2;158;153;131m[48;2;207;199;173m▀[0m[38;2;139;133;111m[48;2;177;168;145m▀[0m[38;2;156;147;124m[48;2;155;147;124m▀[0m[38;2;150;142;120m[48;2;162;154;129m▀[0m[38;2;105;100;85m[48;2;148;141;118m▀[0m[38;2;13;13;13m[48;2;86;82;70m▀[0m[38;2;0;0;0m[48;2;37;36;33m▀[0m[38;2;0;0;0m▄[0m                            
                          [38;2;36;36;0m[48;2;25;22;14m▀[0m[38;2;55;55;47m[48;2;60;56;44m▀[0m[38;2;64;59;48m[48;2;165;158;137m▀[0m[38;2;144;138;119m[48;2;227;218;192m▀[0m[38;2;230;222;196m[48;2;223;214;189m▀[0m[38;2;218;210;185m[48;2;115;110;94m▀[0m[38;2;157;150;130m[48;2;65;60;48m▀[0m[38;2;84;79;66m[48;2;60;53;40m▀[0m[38;2;60;56;45m[48;2;61;57;45m▀[0m[38;2;54;51;39m[48;2;62;58;46m▀[0m[38;2;56;53;41m[48;2;62;58;46m▀[0m[38;2;55;51;39m[48;2;62;58;46m▀[0m[38;2;66;62;50m[48;2;60;54;42m▀[0m[38;2;107;101;86m[48;2;62;55;42m▀[0m[38;2;190;182;159m[48;2;75;71;57m▀[0m[38;2;218;210;184m[48;2;161;154;134m▀[0m[38;2;219;211;186m[48;2;234;225;199m▀[0m[38;2;217;209;184m[48;2;219;211;186m▀[0m[38;2;223;215;190m[48;2;221;213;188m▀[0m[38;2;209;201;177m[48;2;206;198;174m▀[0m[38;2;158;150;127m[48;2;154;146;123m▀[0m[38;2;149;141;118m[48;2;148;140;117m▀[0m[38;2;157;149;125m[48;2;154;146;123m▀[0m[38;2;164;156;131m[48;2;156;148;124m▀[0m[38;2;83;79;68m[48;2;151;143;121m▀[0m[38;2;16;15;16m[48;2;109;103;87m▀[0m[38;2;15;15;15m[48;2;20;20;19m▀[0m[38;2;0;0;0m[48;2;0;0;3m▀[0m                          
                        [38;2;0;0;0m[48;2;0;0;0m▀[0m[38;2;49;43;35m[48;2;47;42;32m▀[0m[38;2;99;95;79m[48;2;129;123;105m▀[0m[38;2;148;141;122m[48;2;230;221;196m▀[0m[38;2;217;209;184m[48;2;235;226;199m▀[0m[38;2;205;197;173m[48;2;152;146;126m▀[0m[38;2;135;129;111m[48;2;48;44;33m▀[0m[38;2;65;59;47m[48;2;50;43;31m▀[0m[38;2;76;84;74m[48;2;120;141;131m▀[0m[38;2;113;131;122m[48;2;177;222;216m▀[0m[38;2;73;74;62m[48;2;84;90;79m▀[0m[38;2;61;55;43m[48;2;55;48;35m▀[0m[38;2;64;60;48m[48;2;61;57;45m▀[0m[38;2;61;55;43m[48;2;55;48;36m▀[0m[38;2;92;101;90m[48;2;126;151;141m▀[0m[38;2;109;127;117m[48;2;174;218;211m▀[0m[38;2;56;56;45m[48;2;80;82;71m▀[0m[38;2;92;86;71m[48;2;42;34;23m▀[0m[38;2;159;153;132m[48;2;75;72;59m▀[0m[38;2;211;203;178m[48;2;202;194;170m▀[0m[38;2;223;215;190m[48;2;226;218;192m▀[0m[38;2;212;204;179m[48;2;219;211;186m▀[0m[38;2;188;180;156m[48;2;224;216;190m▀[0m[38;2;164;156;133m[48;2;181;173;149m▀[0m[38;2;151;143;120m[48;2;148;140;117m▀[0m[38;2;153;145;122m[48;2;153;145;122m▀[0m[38;2;170;160;135m[48;2;162;153;129m▀[0m[38;2;130;122;103m[48;2;128;121;102m▀[0m[38;2;14;15;15m[48;2;37;36;32m▀[0m[38;2;0;0;0m[48;2;16;13;13m▀[0m[38;2;0;0;0m▄[0m                         
                       [38;2;7;7;0m▄[0m[38;2;49;45;35m▄[0m[38;2;38;34;25m[48;2;124;117;100m▀[0m[38;2;119;113;97m[48;2;179;172;150m▀[0m[38;2;223;215;190m[48;2;219;211;186m▀[0m[38;2;233;224;198m[48;2;224;216;190m▀[0m[38;2;152;146;127m[48;2;193;185;163m▀[0m[38;2;48;44;33m[48;2;136;130;112m▀[0m[38;2;50;43;31m[48;2;66;60;48m▀[0m[38;2;121;141;131m[48;2;68;76;66m▀[0m[38;2;177;222;215m[48;2;112;130;121m▀[0m[38;2;78;84;74m[48;2;138;137;120m▀[0m[38;2;47;40;28m[48;2;146;138;118m▀[0m[38;2;54;50;39m[48;2;143;137;119m▀[0m[38;2;47;40;29m[48;2;145;138;118m▀[0m[38;2;123;147;138m[48;2;129;137;122m▀[0m[38;2;175;219;211m[48;2;98;116;107m▀[0m[38;2;80;82;71m[48;2;55;54;44m▀[0m[38;2;42;34;23m[48;2;92;86;71m▀[0m[38;2;75;72;59m[48;2;159;153;132m▀[0m[38;2;202;194;170m[48;2;211;203;178m▀[0m[38;2;227;219;192m[48;2;221;213;188m▀[0m[38;2;218;210;185m[48;2;217;209;184m▀[0m[38;2;221;213;188m[48;2;218;210;185m▀[0m[38;2;178;170;146m[48;2;201;193;169m▀[0m[38;2;146;138;115m[48;2;178;170;146m▀[0m[38;2;153;145;122m[48;2;155;147;124m▀[0m[38;2;154;146;123m[48;2;151;143;120m▀[0m[38;2;152;145;122m[48;2;156;148;125m▀[0m[38;2;141;134;113m[48;2;163;155;130m▀[0m[38;2;58;55;47m[48;2;121;115;97m▀[0m[38;2;0;0;0m[48;2;67;65;55m▀[0m[38;2;18;18;17m▄[0m[38;2;0;0;5m▄[0m                       
                     [38;2;0;0;0m▄[0m[38;2;47;47;37m[48;2;48;45;34m▀[0m[38;2;69;64;51m[48;2;116;111;94m▀[0m[38;2;94;89;74m[48;2;207;199;174m▀[0m[38;2;197;188;165m[48;2;219;211;186m▀[0m[38;2;233;225;198m[48;2;219;211;186m▀[0m[38;2;217;209;184m[48;2;217;209;184m▀[0m[38;2;216;208;183m[48;2;217;209;184m▀[0m[38;2;228;219;194m[48;2;218;210;185m▀[0m[38;2;220;211;186m[48;2;217;209;184m▀[0m[38;2;113;108;92m[48;2;205;198;174m▀[0m[38;2;66;61;48m[48;2;205;197;173m▀[0m[38;2;93;85;69m[48;2;214;206;180m▀[0m[38;2;205;197;173m[48;2;226;217;191m▀[0m[38;2;239;231;204m[48;2;229;221;194m▀[0m[38;2;231;222;196m[48;2;228;220;194m▀[0m[38;2;238;230;203m[48;2;230;221;195m▀[0m[38;2;156;148;128m[48;2;216;207;182m▀[0m[38;2;70;63;50m[48;2;201;193;169m▀[0m[38;2;76;71;58m[48;2;202;194;171m▀[0m[38;2;160;153;133m[48;2;211;203;179m▀[0m[38;2;234;225;199m[48;2;219;211;186m▀[0m[38;2;219;211;186m[48;2;217;209;184m▀[0m[38;2;216;208;183m[48;2;217;209;184m▀[0m[38;2;217;209;184m[48;2;217;209;184m▀[0m[38;2;217;209;184m[48;2;217;209;184m▀[0m[38;2;224;216;191m[48;2;221;213;188m▀[0m[38;2;209;201;175m[48;2;205;197;172m▀[0m[38;2;156;148;125m[48;2;156;148;125m▀[0m[38;2;150;142;119m[48;2;150;142;119m▀[0m[38;2;153;145;122m[48;2;153;145;122m▀[0m[38;2;153;145;122m[48;2;153;145;122m▀[0m[38;2;169;160;135m[48;2;164;155;131m▀[0m[38;2;127;120;102m[48;2;119;113;96m▀[0m[38;2;18;18;18m[48;2;12;13;13m▀[0m[38;2;0;0;0m[48;2;0;0;0m▀[0m                       
                    [38;2;39;39;39m▄[0m[38;2;60;60;44m▄[0m[38;2;35;34;23m[48;2;77;73;59m▀[0m[38;2;118;113;95m[48;2;138;132;114m▀[0m[38;2;229;221;194m[48;2;219;211;186m▀[0m[38;2;225;215;190m[48;2;221;212;187m▀[0m[38;2;216;208;183m[48;2;217;209;184m▀[0m[38;2;217;209;184m[48;2;217;209;184m▀[0m[38;2;217;209;184m[48;2;217;209;184m▀[0m[38;2;216;208;183m[48;2;220;212;187m▀[0m[38;2;219;211;186m[48;2;220;212;186m▀[0m[38;2;244;235;207m[48;2;201;193;171m▀[0m[38;2;187;181;160m[48;2;106;103;91m▀[0m[38;2;104;101;91m[48;2;3;3;4m▀[0m[38;2;101;98;88m[48;2;7;8;8m▀[0m[38;2;102;98;88m[48;2;11;11;10m▀[0m[38;2;101;98;88m[48;2;9;9;9m▀[0m[38;2;94;91;82m[48;2;1;1;2m▀[0m[38;2;169;163;145m[48;2;91;87;78m▀[0m[38;2;245;237;209m[48;2;195;189;167m▀[0m[38;2;229;221;195m[48;2;218;210;185m▀[0m[38;2;220;212;187m[48;2;221;213;187m▀[0m[38;2;216;208;184m[48;2;217;209;184m▀[0m[38;2;217;209;184m[48;2;217;209;184m▀[0m[38;2;217;209;184m[48;2;217;209;184m▀[0m[38;2;217;209;184m[48;2;217;209;184m▀[0m[38;2;217;209;184m[48;2;217;209;184m▀[0m[38;2;221;213;188m[48;2;220;212;187m▀[0m[38;2;204;196;171m[48;2;207;199;174m▀[0m[38;2;152;144;121m[48;2;167;159;136m▀[0m[38;2;148;140;117m[48;2;155;147;124m▀[0m[38;2;153;145;122m[48;2;152;144;121m▀[0m[38;2;153;145;122m[48;2;153;145;122m▀[0m[38;2;157;149;126m[48;2;152;144;121m▀[0m[38;2;141;133;113m[48;2;160;151;127m▀[0m[38;2;94;90;77m[48;2;164;156;131m▀[0m[38;2;48;47;41m[48;2;64;62;54m▀[0m[38;2;2;2;4m[48;2;0;0;3m▀[0m[38;2;0;0;0m▀[0m                     
                    [38;2;46;38;28m[48;2;29;22;14m▀[0m[38;2;65;61;49m[48;2;58;54;42m▀[0m[38;2;171;164;143m[48;2;181;174;153m▀[0m[38;2;221;213;188m[48;2;234;226;200m▀[0m[38;2;217;209;184m[48;2;217;209;184m▀[0m[38;2;217;209;184m[48;2;217;209;184m▀[0m[38;2;217;209;184m[48;2;216;208;183m▀[0m[38;2;217;209;184m[48;2;217;209;184m▀[0m[38;2;216;208;184m[48;2;238;229;201m▀[0m[38;2;230;222;195m[48;2;182;175;155m▀[0m[38;2;215;207;182m[48;2;86;83;75m▀[0m[38;2;63;62;56m[48;2;41;38;33m▀[0m[38;2;27;26;23m[48;2;43;40;32m▀[0m[38;2;61;57;46m[48;2;68;64;50m▀[0m[38;2;61;57;46m[48;2;67;63;50m▀[0m[38;2;60;56;45m[48;2;67;62;50m▀[0m[38;2;60;56;45m[48;2;67;62;50m▀[0m[38;2;62;58;46m[48;2;69;64;51m▀[0m[38;2;32;30;25m[48;2;47;44;35m▀[0m[38;2;49;48;44m[48;2;38;36;30m▀[0m[38;2;202;195;172m[48;2;83;81;72m▀[0m[38;2;233;225;197m[48;2;163;158;140m▀[0m[38;2;217;209;184m[48;2;224;216;190m▀[0m[38;2;217;209;184m[48;2;218;210;185m▀[0m[38;2;217;209;184m[48;2;217;209;184m▀[0m[38;2;217;209;184m[48;2;217;209;184m▀[0m[38;2;217;209;184m[48;2;217;209;184m▀[0m[38;2;217;209;184m[48;2;217;209;184m▀[0m[38;2;217;209;184m[48;2;219;211;186m▀[0m[38;2;215;207;182m[48;2;222;214;189m▀[0m[38;2;176;168;144m[48;2;179;171;147m▀[0m[38;2;148;140;118m[48;2;148;140;118m▀[0m[38;2;153;145;122m[48;2;153;145;122m▀[0m[38;2;153;145;122m[48;2;153;145;122m▀[0m[38;2;157;149;125m[48;2;155;147;123m▀[0m[38;2;156;148;125m[48;2;154;146;123m▀[0m[38;2;58;56;49m[48;2;122;116;98m▀[0m[38;2;0;0;0m[48;2;77;74;64m▀[0m[38;2;16;16;16m▄[0m[38;2;0;0;5m▄[0m                    
                   [38;2;49;42;35m[48;2;48;45;33m▀[0m[38;2;78;72;58m[48;2;114;108;91m▀[0m[38;2;96;91;77m[48;2;211;203;179m▀[0m[38;2;186;179;157m[48;2;220;212;187m▀[0m[38;2;226;218;192m[48;2;217;209;184m▀[0m[38;2;217;209;184m[48;2;217;209;184m▀[0m[38;2;217;209;184m[48;2;217;209;184m▀[0m[38;2;219;211;186m[48;2;226;218;192m▀[0m[38;2;216;208;183m[48;2;210;202;178m▀[0m[38;2;196;190;167m[48;2;64;63;57m▀[0m[38;2;106;102;91m[48;2;25;24;21m▀[0m[38;2;8;8;8m[48;2;63;59;47m▀[0m[38;2;54;50;40m[48;2;64;60;48m▀[0m[38;2;70;65;52m[48;2;64;60;48m▀[0m[38;2;64;60;48m[48;2;64;60;48m▀[0m[38;2;64;60;48m[48;2;64;60;48m▀[0m[38;2;64;60;48m[48;2;64;60;48m▀[0m[38;2;64;60;48m[48;2;64;60;48m▀[0m[38;2;64;60;48m[48;2;64;60;48m▀[0m[38;2;70;66;52m[48;2;67;63;50m▀[0m[38;2;57;54;42m[48;2;56;53;42m▀[0m[38;2;0;0;0m[48;2;8;8;8m▀[0m[38;2;111;107;96m[48;2;120;116;103m▀[0m[38;2;234;226;198m[48;2;235;227;199m▀[0m[38;2;220;212;185m[48;2;220;212;186m▀[0m[38;2;217;209;184m[48;2;217;209;184m▀[0m[38;2;217;209;184m[48;2;217;209;184m▀[0m[38;2;217;209;184m[48;2;217;209;184m▀[0m[38;2;217;209;184m[48;2;217;209;184m▀[0m[38;2;218;210;185m[48;2;218;210;185m▀[0m[38;2;219;211;186m[48;2;219;211;186m▀[0m[38;2;177;169;145m[48;2;177;169;145m▀[0m[38;2;147;139;117m[48;2;146;138;116m▀[0m[38;2;153;145;122m[48;2;153;145;122m▀[0m[38;2;153;145;122m[48;2;153;145;122m▀[0m[38;2;153;145;122m[48;2;153;145;122m▀[0m[38;2;153;145;122m[48;2;153;145;122m▀[0m[38;2;170;162;136m[48;2;164;156;130m▀[0m[38;2;123;117;100m[48;2;115;109;93m▀[0m[38;2;15;15;16m[48;2;13;13;14m▀[0m[38;2;0;0;0m[48;2;0;0;0m▀[0m                    
          [38;2;22;22;15m▄[0m[38;2;0;0;0m[48;2;55;52;43m▀[0m[38;2;0;0;0m[48;2;62;60;54m▀[0m[38;2;0;0;0m[48;2;67;65;59m▀[0m[38;2;0;0;0m[48;2;66;64;58m▀[0m[38;2;0;0;0m[48;2;65;63;57m▀[0m[38;2;0;0;0m[48;2;37;35;33m▀[0m[38;2;0;0;0m▄[0m[38;2;63;59;46m▄[0m[38;2;33;32;21m[48;2;85;81;67m▀[0m[38;2;112;106;90m[48;2;142;135;117m▀[0m[38;2;225;217;192m[48;2;218;210;185m▀[0m[38;2;224;216;191m[48;2;221;213;188m▀[0m[38;2;216;208;184m[48;2;217;209;184m▀[0m[38;2;217;209;184m[48;2;217;209;184m▀[0m[38;2;216;208;183m[48;2;221;212;187m▀[0m[38;2;232;224;197m[48;2;206;199;176m▀[0m[38;2;224;215;190m[48;2;163;157;139m▀[0m[38;2;48;48;44m[48;2;54;53;47m▀[0m[38;2;11;11;10m[48;2;31;29;25m▀[0m[38;2;69;65;51m[48;2;66;62;49m▀[0m[38;2;66;62;50m[48;2;65;61;49m▀[0m[38;2;64;60;48m[48;2;64;60;48m▀[0m[38;2;64;60;48m[48;2;64;60;48m▀[0m[38;2;64;60;48m[48;2;64;60;48m▀[0m[38;2;64;60;48m[48;2;64;60;48m▀[0m[38;2;64;60;48m[48;2;64;60;48m▀[0m[38;2;64;60;48m[48;2;64;60;48m▀[0m[38;2;65;61;49m[48;2;66;62;49m▀[0m[38;2;62;58;46m[48;2;65;60;48m▀[0m[38;2;50;47;38m[48;2;73;69;53m▀[0m[38;2;62;60;52m[48;2;14;14;11m▀[0m[38;2;111;107;96m[48;2;30;29;28m▀[0m[38;2;206;198;174m[48;2;202;194;171m▀[0m[38;2;225;216;190m[48;2;233;224;197m▀[0m[38;2;217;209;184m[48;2;217;209;184m▀[0m[38;2;217;209;184m[48;2;217;209;184m▀[0m[38;2;217;209;184m[48;2;217;209;184m▀[0m[38;2;217;209;184m[48;2;217;209;184m▀[0m[38;2;218;210;185m[48;2;217;209;184m▀[0m[38;2;206;198;172m[48;2;225;217;191m▀[0m[38;2;183;175;151m[48;2;207;199;174m▀[0m[38;2;154;146;123m[48;2;153;145;122m▀[0m[38;2;151;143;120m[48;2;149;141;118m▀[0m[38;2;153;145;122m[48;2;153;145;122m▀[0m[38;2;153;145;122m[48;2;153;145;122m▀[0m[38;2;157;149;125m[48;2;152;144;121m▀[0m[38;2;142;134;114m[48;2;161;152;128m▀[0m[38;2;103;98;84m[48;2;164;155;131m▀[0m[38;2;48;47;41m[48;2;59;57;50m▀[0m[38;2;2;2;4m[48;2;0;0;1m▀[0m  [38;2;0;0;0m▄[0m[38;2;0;0;0m▄[0m[38;2;0;0;0m▄[0m[38;2;0;0;4m▄[0m[38;2;0;0;4m▄[0m[38;2;0;0;0m▄[0m           
        [38;2;47;39;31m▄[0m[38;2;57;54;43m▄[0m[38;2;42;39;29m[48;2;130;125;107m▀[0m[38;2;98;93;78m[48;2;190;183;159m▀[0m[38;2;206;199;175m[48;2;223;215;189m▀[0m[38;2;219;211;186m[48;2;228;220;193m▀[0m[38;2;218;210;185m[48;2;228;220;193m▀[0m[38;2;215;207;183m[48;2;227;218;192m▀[0m[38;2;75;73;66m[48;2;181;175;155m▀[0m[38;2;6;6;5m[48;2;115;111;96m▀[0m[38;2;62;59;47m[48;2;64;59;47m▀[0m[38;2;171;164;142m[48;2;173;166;144m▀[0m[38;2;225;217;191m[48;2;233;225;198m▀[0m[38;2;217;209;184m[48;2;217;209;184m▀[0m[38;2;217;209;184m[48;2;217;209;184m▀[0m[38;2;217;209;184m[48;2;216;208;183m▀[0m[38;2;217;209;184m[48;2;217;209;184m▀[0m[38;2;232;223;196m[48;2;245;236;207m▀[0m[38;2;144;139;124m[48;2;147;142;127m▀[0m[38;2;17;17;17m[48;2;0;0;3m▀[0m[38;2;48;46;37m[48;2;46;45;36m▀[0m[38;2;66;62;49m[48;2;69;65;52m▀[0m[38;2;64;60;48m[48;2;64;60;48m▀[0m[38;2;64;60;48m[48;2;64;60;48m▀[0m[38;2;64;60;48m[48;2;64;60;48m▀[0m[38;2;64;60;48m[48;2;64;60;48m▀[0m[38;2;64;60;48m[48;2;64;60;48m▀[0m[38;2;64;60;48m[48;2;64;60;48m▀[0m[38;2;64;60;48m[48;2;65;60;48m▀[0m[38;2;64;60;48m[48;2;67;63;50m▀[0m[38;2;69;65;51m[48;2;66;61;50m▀[0m[38;2;64;60;48m[48;2;62;62;48m▀[0m[38;2;109;97;72m▀[0m[38;2;2;2;0m[48;2;0;0;0m▀[0m[38;2;46;45;41m[48;2;34;34;32m▀[0m[38;2;202;195;171m[48;2;73;72;65m▀[0m[38;2;231;222;196m[48;2;161;155;138m▀[0m[38;2;217;209;184m[48;2;226;218;191m▀[0m[38;2;217;209;184m[48;2;218;210;185m▀[0m[38;2;217;209;184m[48;2;217;209;184m▀[0m[38;2;217;209;184m[48;2;217;209;184m▀[0m[38;2;217;209;184m[48;2;217;209;184m▀[0m[38;2;222;214;188m[48;2;219;211;185m▀[0m[38;2;203;195;171m[48;2;214;206;181m▀[0m[38;2;154;146;123m[48;2;197;189;165m▀[0m[38;2;149;141;118m[48;2;167;159;136m▀[0m[38;2;153;145;122m[48;2;150;142;119m▀[0m[38;2;153;145;122m[48;2;153;145;122m▀[0m[38;2;153;145;122m[48;2;153;145;122m▀[0m[38;2;158;149;126m[48;2;155;146;123m▀[0m[38;2;154;146;123m[48;2;153;145;122m▀[0m[38;2;56;54;47m[48;2;129;123;104m▀[0m[38;2;0;0;1m[48;2;77;74;63m▀[0m[38;2;0;0;0m▄[0m[38;2;0;0;0m▄[0m[38;2;9;9;9m[48;2;62;60;54m▀[0m[38;2;12;12;12m[48;2;151;146;130m▀[0m[38;2;12;13;13m[48;2;119;113;97m▀[0m[38;2;14;14;14m[48;2;106;100;84m▀[0m[38;2;12;12;13m[48;2;104;98;84m▀[0m[38;2;10;10;10m[48;2;32;30;28m▀[0m[38;2;0;0;0m▄[0m          
        [38;2;39;34;22m[48;2;43;37;27m▀[0m[38;2;55;49;37m[48;2;57;52;41m▀[0m[38;2;171;164;141m[48;2;160;154;133m▀[0m[38;2;241;233;206m[48;2;229;221;195m▀[0m[38;2;218;210;185m[48;2;217;209;184m▀[0m[38;2;216;208;183m[48;2;217;209;184m▀[0m[38;2;217;209;184m[48;2;217;209;184m▀[0m[38;2;217;209;184m[48;2;217;209;184m▀[0m[38;2;238;230;203m[48;2;225;217;192m▀[0m[38;2;184;176;154m[48;2;182;175;153m▀[0m[38;2;70;66;54m[48;2;101;96;81m▀[0m[38;2;167;160;139m[48;2;178;171;149m▀[0m[38;2;228;219;194m[48;2;226;217;192m▀[0m[38;2;217;209;184m[48;2;217;209;184m▀[0m[38;2;217;209;184m[48;2;217;209;184m▀[0m[38;2;219;211;186m[48;2;225;217;191m▀[0m[38;2;216;208;183m[48;2;213;205;180m▀[0m[38;2;186;179;158m[48;2;63;61;56m▀[0m[38;2;109;105;93m[48;2;20;19;16m▀[0m[38;2;26;25;23m[48;2;65;61;49m▀[0m[38;2;53;50;40m[48;2;65;61;49m▀[0m[38;2;66;62;49m[48;2;64;60;48m▀[0m[38;2;64;60;48m[48;2;64;60;48m▀[0m[38;2;64;60;48m[48;2;64;60;48m▀[0m[38;2;64;60;48m[48;2;64;60;48m▀[0m[38;2;64;60;48m[48;2;64;60;48m▀[0m[38;2;64;60;48m[48;2;64;60;48m▀[0m[38;2;64;60;48m[48;2;64;60;48m▀[0m[38;2;65;60;48m[48;2;65;60;48m▀[0m[38;2;68;64;51m[48;2;68;64;51m▀[0m[38;2;62;60;47m[48;2;64;60;49m▀[0m   [38;2;0;0;0m[48;2;0;0;0m▀[0m[38;2;0;0;0m[48;2;4;5;6m▀[0m[38;2;120;115;103m[48;2;127;122;109m▀[0m[38;2;231;223;196m[48;2;230;222;195m▀[0m[38;2;218;210;185m[48;2;218;210;185m▀[0m[38;2;217;209;184m[48;2;217;209;184m▀[0m[38;2;217;209;184m[48;2;217;209;184m▀[0m[38;2;217;209;184m[48;2;217;209;184m▀[0m[38;2;217;209;184m[48;2;217;209;184m▀[0m[38;2;220;212;187m[48;2;219;211;186m▀[0m[38;2;224;216;191m[48;2;219;211;186m▀[0m[38;2;176;168;144m[48;2;176;168;144m▀[0m[38;2;146;138;115m[48;2;148;140;117m▀[0m[38;2;153;145;122m[48;2;153;145;122m▀[0m[38;2;153;145;122m[48;2;153;145;122m▀[0m[38;2;153;145;122m[48;2;153;145;122m▀[0m[38;2;153;145;122m[48;2;153;145;122m▀[0m[38;2;165;157;131m[48;2;148;140;117m▀[0m[38;2;135;128;109m[48;2;171;163;140m▀[0m[38;2;70;68;61m[48;2;215;208;183m▀[0m[38;2;59;57;50m[48;2;217;209;185m▀[0m[38;2;126;123;109m[48;2;216;208;183m▀[0m[38;2;233;225;198m[48;2;217;209;184m▀[0m[38;2;199;190;164m[48;2;222;214;189m▀[0m[38;2;176;166;140m[48;2;194;186;162m▀[0m[38;2;159;150;126m[48;2;151;143;120m▀[0m[38;2;81;77;66m[48;2;160;152;127m▀[0m[38;2;35;34;30m[48;2;99;94;80m▀[0m[38;2;11;11;11m[48;2;10;10;11m▀[0m[38;2;0;0;0m[48;2;0;0;5m▀[0m        
       [38;2;49;39;27m[48;2;52;46;33m▀[0m[38;2;88;95;83m[48;2;92;95;82m▀[0m[38;2;142;175;167m[48;2;153;185;177m▀[0m[38;2;139;151;137m[48;2;110;123;111m▀[0m[38;2;154;145;124m[48;2;112;104;87m▀[0m[38;2;214;206;181m[48;2;213;205;180m▀[0m[38;2;220;212;187m[48;2;223;215;190m▀[0m[38;2;217;209;184m[48;2;217;209;184m▀[0m[38;2;217;209;184m[48;2;217;209;184m▀[0m[38;2;219;211;186m[48;2;216;208;183m▀[0m[38;2;207;199;175m[48;2;220;212;186m▀[0m[38;2;184;177;154m[48;2;226;217;192m▀[0m[38;2;206;198;174m[48;2;220;212;187m▀[0m[38;2;220;211;186m[48;2;216;208;183m▀[0m[38;2;217;209;184m[48;2;217;209;184m▀[0m[38;2;217;209;184m[48;2;217;209;184m▀[0m[38;2;225;217;191m[48;2;224;216;191m▀[0m[38;2;213;205;180m[48;2;213;205;180m▀[0m[38;2;53;51;48m[48;2;74;71;63m▀[0m[38;2;12;11;9m[48;2;29;27;22m▀[0m[38;2;67;63;50m[48;2;65;61;49m▀[0m[38;2;66;62;50m[48;2;65;61;49m▀[0m[38;2;64;60;48m[48;2;64;60;48m▀[0m[38;2;64;60;48m[48;2;64;60;48m▀[0m[38;2;64;60;48m[48;2;64;60;48m▀[0m[38;2;64;60;48m[48;2;64;60;48m▀[0m[38;2;64;60;48m[48;2;64;60;48m▀[0m[38;2;64;60;48m[48;2;64;60;48m▀[0m[38;2;64;60;48m[48;2;64;60;48m▀[0m[38;2;64;60;48m[48;2;64;60;48m▀[0m[38;2;65;61;49m[48;2;64;60;48m▀[0m[38;2;64;59;47m[48;2;66;62;50m▀[0m[38;2;64;60;48m[48;2;69;64;52m▀[0m[38;2;64;60;48m[48;2;69;64;52m▀[0m[38;2;67;63;50m[48;2;71;67;53m▀[0m[38;2;49;47;37m[48;2;60;57;46m▀[0m[38;2;5;5;6m[48;2;24;23;20m▀[0m[38;2;122;118;106m[48;2;130;125;111m▀[0m[38;2;230;222;195m[48;2;229;221;194m▀[0m[38;2;218;210;185m[48;2;218;210;185m▀[0m[38;2;217;209;184m[48;2;217;209;184m▀[0m[38;2;217;209;184m[48;2;217;209;184m▀[0m[38;2;217;209;184m[48;2;217;209;184m▀[0m[38;2;217;209;184m[48;2;217;209;184m▀[0m[38;2;218;210;185m[48;2;217;209;184m▀[0m[38;2;218;210;185m[48;2;217;209;184m▀[0m[38;2;208;200;176m[48;2;224;216;191m▀[0m[38;2;184;176;152m[48;2;210;202;177m▀[0m[38;2;149;141;118m[48;2;173;165;141m▀[0m[38;2;146;138;115m[48;2;170;162;138m▀[0m[38;2;147;139;116m[48;2;171;163;139m▀[0m[38;2;148;140;117m[48;2;172;164;141m▀[0m[38;2;181;173;149m[48;2;207;199;174m▀[0m[38;2;210;201;177m[48;2;224;216;191m▀[0m[38;2;225;216;190m[48;2;217;209;184m▀[0m[38;2;226;218;192m[48;2;217;209;184m▀[0m[38;2;222;214;188m[48;2;218;210;185m▀[0m[38;2;217;209;184m[48;2;217;209;184m▀[0m[38;2;228;220;195m[48;2;206;198;173m▀[0m[38;2;199;191;167m[48;2;180;172;148m▀[0m[38;2;151;143;120m[48;2;152;144;121m▀[0m[38;2;166;158;132m[48;2;159;151;126m▀[0m[38;2;99;94;81m[48;2;118;112;95m▀[0m[38;2;0;1;4m[48;2;53;51;44m▀[0m[38;2;0;0;0m[48;2;29;29;27m▀[0m[38;2;0;0;5m▄[0m       
    [38;2;0;0;0m[48;2;46;43;32m▀[0m[38;2;127;0;0m[48;2;51;47;36m▀[0m[38;2;0;0;0m[48;2;47;45;34m▀[0m[38;2;58;55;43m[48;2;40;38;28m▀[0m[38;2;76;71;58m[48;2;79;74;61m▀[0m[38;2;100;95;80m[48;2;177;168;146m▀[0m[38;2;97;92;76m[48;2;190;181;159m▀[0m[38;2;128;122;105m[48;2;193;186;163m▀[0m[38;2;213;205;180m[48;2;216;208;183m▀[0m[38;2;222;214;189m[48;2;218;210;185m▀[0m[38;2;217;209;184m[48;2;217;209;184m▀[0m[38;2;217;209;184m[48;2;217;209;184m▀[0m[38;2;217;209;184m[48;2;217;209;184m▀[0m[38;2;217;209;184m[48;2;217;209;184m▀[0m[38;2;217;209;184m[48;2;217;209;184m▀[0m[38;2;217;209;184m[48;2;217;209;184m▀[0m[38;2;217;209;184m[48;2;217;209;184m▀[0m[38;2;217;209;184m[48;2;217;209;184m▀[0m[38;2;217;209;184m[48;2;217;209;184m▀[0m[38;2;223;215;190m[48;2;223;215;190m▀[0m[38;2;214;206;181m[48;2;214;206;181m▀[0m[38;2;101;96;81m[48;2;93;88;74m▀[0m[38;2;53;49;38m[48;2;46;42;32m▀[0m[38;2;64;60;48m[48;2;64;60;48m▀[0m[38;2;64;60;48m[48;2;64;60;48m▀[0m[38;2;64;60;48m[48;2;63;59;47m▀[0m[38;2;64;60;48m[48;2;61;57;45m▀[0m[38;2;64;60;48m[48;2;58;54;43m▀[0m[38;2;64;60;48m[48;2;57;54;42m▀[0m[38;2;64;60;48m[48;2;57;54;43m▀[0m[38;2;64;60;48m[48;2;57;54;43m▀[0m[38;2;64;60;48m[48;2;57;54;43m▀[0m[38;2;64;60;48m[48;2;57;54;43m▀[0m[38;2;64;60;48m[48;2;57;54;42m▀[0m[38;2;64;60;48m[48;2;59;55;44m▀[0m[38;2;64;60;48m[48;2;62;58;46m▀[0m[38;2;64;60;48m[48;2;64;60;48m▀[0m[38;2;64;60;48m[48;2;65;61;49m▀[0m[38;2;62;58;46m[48;2;61;57;45m▀[0m[38;2;56;52;41m[48;2;47;43;32m▀[0m[38;2;148;141;122m[48;2;143;136;117m▀[0m[38;2;227;219;193m[48;2;228;220;194m▀[0m[38;2;218;210;185m[48;2;218;210;185m▀[0m[38;2;217;209;184m[48;2;217;209;184m▀[0m[38;2;217;209;184m[48;2;217;209;184m▀[0m[38;2;217;209;184m[48;2;217;209;184m▀[0m[38;2;217;209;184m[48;2;217;209;184m▀[0m[38;2;217;209;184m[48;2;217;209;184m▀[0m[38;2;217;209;184m[48;2;217;209;184m▀[0m[38;2;217;209;184m[48;2;217;209;184m▀[0m[38;2;217;209;184m[48;2;218;210;184m▀[0m[38;2;217;209;184m[48;2;219;211;186m▀[0m[38;2;217;209;184m[48;2;219;211;186m▀[0m[38;2;217;209;184m[48;2;219;211;186m▀[0m[38;2;217;209;184m[48;2;219;211;186m▀[0m[38;2;217;209;184m[48;2;218;210;185m▀[0m[38;2;217;209;184m[48;2;217;209;184m▀[0m[38;2;217;209;184m[48;2;217;209;184m▀[0m[38;2;217;209;184m[48;2;216;208;183m▀[0m[38;2;220;212;187m[48;2;223;215;190m▀[0m[38;2;216;208;183m[48;2;225;216;191m▀[0m[38;2;169;161;137m[48;2;172;164;140m▀[0m[38;2;148;140;117m[48;2;150;142;118m▀[0m[38;2;153;145;122m[48;2;157;148;125m▀[0m[38;2;153;145;122m[48;2;154;145;122m▀[0m[38;2;160;151;127m[48;2;162;153;128m▀[0m[38;2;147;139;117m[48;2;150;142;119m▀[0m[38;2;43;42;37m[48;2;44;43;38m▀[0m[38;2;0;0;3m[48;2;0;0;3m▀[0m       
[38;2;36;36;36m▄[0m[38;2;42;35;28m[48;2;66;62;51m▀[0m[38;2;44;41;29m[48;2;72;67;54m▀[0m[38;2;35;32;23m[48;2;62;58;46m▀[0m[38;2;99;93;78m[48;2;152;145;126m▀[0m[38;2;127;121;103m[48;2;230;222;196m▀[0m[38;2;121;115;98m[48;2;221;213;188m▀[0m[38;2;110;105;89m[48;2;220;212;187m▀[0m[38;2;136;130;112m[48;2;219;211;186m▀[0m[38;2;220;211;186m[48;2;217;209;184m▀[0m[38;2;232;223;197m[48;2;217;209;184m▀[0m[38;2;224;215;190m[48;2;217;209;184m▀[0m[38;2;217;209;184m[48;2;217;209;184m▀[0m[38;2;217;209;184m[48;2;217;209;184m▀[0m[38;2;217;209;184m[48;2;217;209;184m▀[0m[38;2;217;209;184m[48;2;217;209;184m▀[0m[38;2;217;209;184m[48;2;217;209;184m▀[0m[38;2;217;209;184m[48;2;217;209;184m▀[0m[38;2;217;209;184m[48;2;217;209;184m▀[0m[38;2;217;209;184m[48;2;217;209;184m▀[0m[38;2;217;209;184m[48;2;217;209;184m▀[0m[38;2;217;209;184m[48;2;217;209;184m▀[0m[38;2;217;209;184m[48;2;217;209;184m▀[0m[38;2;221;213;188m[48;2;217;209;184m▀[0m[38;2;215;207;182m[48;2;217;209;184m▀[0m[38;2;144;138;119m[48;2;230;222;196m▀[0m[38;2;87;82;69m[48;2;166;158;138m▀[0m[38;2;56;52;41m[48;2;64;60;47m▀[0m[38;2;55;51;40m[48;2;61;58;46m▀[0m[38;2;63;59;47m[48;2;79;75;62m▀[0m[38;2;76;72;59m[48;2;108;103;87m▀[0m[38;2;91;86;70m[48;2;146;139;116m▀[0m[38;2;96;90;74m[48;2;159;150;126m▀[0m[38;2;94;89;73m[48;2;155;147;123m▀[0m[38;2;94;89;73m[48;2;155;147;123m▀[0m[38;2;94;89;73m[48;2;155;147;123m▀[0m[38;2;94;89;73m[48;2;155;147;123m▀[0m[38;2;95;90;74m[48;2;158;150;125m▀[0m[38;2;86;81;67m[48;2;133;126;106m▀[0m[38;2;72;67;55m[48;2;97;92;78m▀[0m[38;2;59;55;44m[48;2;72;68;55m▀[0m[38;2;53;49;38m[48;2;56;52;41m▀[0m[38;2;64;60;48m[48;2;89;85;70m▀[0m[38;2;105;100;84m[48;2;206;198;174m▀[0m[38;2;175;167;146m[48;2;227;219;193m▀[0m[38;2;224;216;190m[48;2;217;209;184m▀[0m[38;2;218;210;185m[48;2;217;209;184m▀[0m[38;2;217;209;184m[48;2;217;209;184m▀[0m[38;2;217;209;184m[48;2;217;209;184m▀[0m[38;2;217;209;184m[48;2;217;209;184m▀[0m[38;2;217;209;184m[48;2;217;209;184m▀[0m[38;2;217;209;184m[48;2;217;209;184m▀[0m[38;2;217;209;184m[48;2;217;209;184m▀[0m[38;2;217;209;184m[48;2;217;209;184m▀[0m[38;2;217;209;184m[48;2;217;209;184m▀[0m[38;2;217;209;184m[48;2;217;209;184m▀[0m[38;2;217;209;184m[48;2;217;209;184m▀[0m[38;2;217;209;184m[48;2;217;209;184m▀[0m[38;2;217;209;184m[48;2;217;209;184m▀[0m[38;2;217;209;184m[48;2;217;209;184m▀[0m[38;2;217;209;184m[48;2;217;209;184m▀[0m[38;2;217;209;184m[48;2;217;209;184m▀[0m[38;2;220;212;187m[48;2;225;217;192m▀[0m[38;2;206;199;175m[48;2;178;171;149m▀[0m[38;2;177;170;148m[48;2;98;93;78m▀[0m[38;2;143;135;113m[48;2;99;95;80m▀[0m[38;2;128;119;98m[48;2;101;98;83m▀[0m[38;2;134;125;104m[48;2;105;101;85m▀[0m[38;2;150;142;119m[48;2;141;134;113m▀[0m[38;2;163;154;130m[48;2;162;154;129m▀[0m[38;2;146;138;116m[48;2;146;138;116m▀[0m[38;2;38;37;33m[48;2;46;45;39m▀[0m[38;2;0;0;0m[48;2;3;3;6m▀[0m[38;2;0;0;0m▄[0m[38;2;0;0;0m▄[0m[38;2;0;0;0m▄[0m    
[38;2;53;50;39m[48;2;54;50;38m▀[0m[38;2;132;126;108m[48;2;112;107;93m▀[0m[38;2;205;198;172m[48;2;161;155;138m▀[0m[38;2;196;189;165m[48;2;155;150;133m▀[0m[38;2;219;211;185m[48;2;142;137;122m▀[0m[38;2;236;227;200m[48;2;156;150;133m▀[0m[38;2;223;214;189m[48;2;220;212;187m▀[0m[38;2;221;213;187m[48;2;231;222;196m▀[0m[38;2;220;212;187m[48;2;227;218;192m▀[0m[38;2;217;209;184m[48;2;227;218;192m▀[0m[38;2;217;209;184m[48;2;227;218;192m▀[0m[38;2;217;209;184m[48;2;226;218;192m▀[0m[38;2;217;209;184m[48;2;225;216;191m▀[0m[38;2;217;209;184m[48;2;219;211;186m▀[0m[38;2;217;209;184m[48;2;219;211;186m▀[0m[38;2;217;209;184m[48;2;223;215;190m▀[0m[38;2;223;214;189m[48;2;188;179;156m▀[0m[38;2;226;218;192m[48;2;167;158;137m▀[0m[38;2;225;217;191m[48;2;174;167;146m▀[0m[38;2;220;211;186m[48;2;204;197;173m▀[0m[38;2;216;208;183m[48;2;220;212;187m▀[0m[38;2;217;209;184m[48;2;217;209;184m▀[0m[38;2;217;209;184m[48;2;217;209;184m▀[0m[38;2;217;209;184m[48;2;217;209;184m▀[0m[38;2;217;209;184m[48;2;217;209;184m▀[0m[38;2;223;215;190m[48;2;216;208;183m▀[0m[38;2;207;199;175m[48;2;221;213;188m▀[0m[38;2;180;173;151m[48;2;228;220;194m▀[0m[38;2;183;177;154m[48;2;232;224;197m▀[0m[38;2;163;156;135m[48;2;210;201;176m▀[0m[38;2;137;129;108m[48;2;179;171;146m▀[0m[38;2;148;140;117m[48;2;177;169;145m▀[0m[38;2;152;144;120m[48;2;177;169;145m▀[0m[38;2;151;143;120m[48;2;177;169;145m▀[0m[38;2;151;143;120m[48;2;177;169;145m▀[0m[38;2;151;143;120m[48;2;177;169;145m▀[0m[38;2;151;143;120m[48;2;177;169;145m▀[0m[38;2;152;144;120m[48;2;177;169;145m▀[0m[38;2;142;134;112m[48;2;176;168;144m▀[0m[38;2;141;134;113m[48;2;186;178;153m▀[0m[38;2;176;169;147m[48;2;223;215;189m▀[0m[38;2;181;174;152m[48;2;232;223;197m▀[0m[38;2;187;180;157m[48;2;227;218;192m▀[0m[38;2;218;210;185m[48;2;218;210;185m▀[0m[38;2;221;213;188m[48;2;216;208;183m▀[0m[38;2;217;209;184m[48;2;217;209;184m▀[0m[38;2;217;209;184m[48;2;217;209;184m▀[0m[38;2;217;209;184m[48;2;217;209;184m▀[0m[38;2;217;209;184m[48;2;217;209;184m▀[0m[38;2;217;209;184m[48;2;217;209;184m▀[0m[38;2;217;209;184m[48;2;217;209;184m▀[0m[38;2;217;209;184m[48;2;217;209;184m▀[0m[38;2;217;209;184m[48;2;217;209;184m▀[0m[38;2;217;209;184m[48;2;217;209;184m▀[0m[38;2;217;209;184m[48;2;217;209;184m▀[0m[38;2;217;209;184m[48;2;217;209;184m▀[0m[38;2;217;209;184m[48;2;217;209;184m▀[0m[38;2;217;209;184m[48;2;217;209;184m▀[0m[38;2;217;209;184m[48;2;217;209;184m▀[0m[38;2;217;209;184m[48;2;217;209;184m▀[0m[38;2;217;209;184m[48;2;217;209;184m▀[0m[38;2;217;209;184m[48;2;217;209;184m▀[0m[38;2;226;218;193m[48;2;222;214;189m▀[0m[38;2;172;164;142m[48;2;194;185;162m▀[0m[38;2;89;86;72m[48;2;147;142;123m▀[0m[38;2;139;165;157m[48;2;147;167;157m▀[0m[38;2;167;208;201m[48;2;152;185;177m▀[0m[38;2;158;192;184m[48;2;147;175;166m▀[0m[38;2;121;125;110m[48;2;103;107;94m▀[0m[38;2;128;118;98m[48;2;114;106;88m▀[0m[38;2;153;145;122m[48;2;156;148;124m▀[0m[38;2;136;129;109m[48;2;169;160;134m▀[0m[38;2;75;73;62m[48;2;123;118;99m▀[0m[38;2;0;0;0m[48;2;64;61;54m▀[0m[38;2;1;1;3m[48;2;71;68;59m▀[0m[38;2;2;2;5m[48;2;49;47;42m▀[0m[38;2;0;0;0m▄[0m[38;2;0;0;0m▄[0m[38;2;0;0;0m▄[0m 
 [38;2;8;8;8m[48;2;0;0;0m▀[0m[38;2;10;10;11m[48;2;0;0;0m▀[0m[38;2;9;9;10m[48;2;0;0;0m▀[0m[38;2;0;0;0m[48;2;0;0;0m▀[0m[38;2;43;42;39m[48;2;26;26;23m▀[0m[38;2;193;187;165m[48;2;54;52;48m▀[0m[38;2;219;210;185m[48;2;61;59;54m▀[0m[38;2;208;200;177m[48;2;58;56;51m▀[0m[38;2;208;200;177m[48;2;58;56;51m▀[0m[38;2;208;200;176m[48;2;55;54;50m▀[0m[38;2;208;201;177m[48;2;63;61;53m▀[0m[38;2;210;202;178m[48;2;90;85;72m▀[0m[38;2;215;207;182m[48;2;181;174;152m▀[0m[38;2;219;211;186m[48;2;202;193;169m▀[0m[38;2;214;206;181m[48;2;127;120;103m▀[0m[38;2;138;134;117m[48;2;150;177;167m▀[0m[38;2;89;86;73m[48;2;140;169;161m▀[0m[38;2;97;92;78m[48;2;91;86;72m▀[0m[38;2;181;174;152m[48;2;177;168;145m▀[0m[38;2;226;217;192m[48;2;227;218;193m▀[0m[38;2;217;209;184m[48;2;217;209;184m▀[0m[38;2;217;209;184m[48;2;217;209;184m▀[0m[38;2;217;209;184m[48;2;217;209;184m▀[0m[38;2;217;209;184m[48;2;217;209;184m▀[0m[38;2;217;209;184m[48;2;217;209;184m▀[0m[38;2;217;209;184m[48;2;217;209;184m▀[0m[38;2;217;209;184m[48;2;217;209;184m▀[0m[38;2;217;209;184m[48;2;217;209;184m▀[0m[38;2;218;210;185m[48;2;218;210;185m▀[0m[38;2;219;211;186m[48;2;219;211;186m▀[0m[38;2;219;211;186m[48;2;219;211;185m▀[0m[38;2;219;211;186m[48;2;219;211;185m▀[0m[38;2;219;211;186m[48;2;219;211;185m▀[0m[38;2;219;211;186m[48;2;219;211;185m▀[0m[38;2;219;211;186m[48;2;219;211;185m▀[0m[38;2;219;211;186m[48;2;219;211;185m▀[0m[38;2;219;211;186m[48;2;219;211;185m▀[0m[38;2;219;211;186m[48;2;219;211;186m▀[0m[38;2;219;211;186m[48;2;218;210;185m▀[0m[38;2;217;209;184m[48;2;217;209;184m▀[0m[38;2;217;209;184m[48;2;217;209;184m▀[0m[38;2;217;209;184m[48;2;217;209;184m▀[0m[38;2;217;209;184m[48;2;217;209;184m▀[0m[38;2;217;209;184m[48;2;217;209;184m▀[0m[38;2;217;209;184m[48;2;217;209;184m▀[0m[38;2;217;209;184m[48;2;217;209;184m▀[0m[38;2;217;209;184m[48;2;217;209;184m▀[0m[38;2;217;209;184m[48;2;217;209;184m▀[0m[38;2;217;209;184m[48;2;217;209;184m▀[0m[38;2;217;209;184m[48;2;217;209;184m▀[0m[38;2;217;209;184m[48;2;217;209;184m▀[0m[38;2;217;209;184m[48;2;217;209;184m▀[0m[38;2;217;209;184m[48;2;217;209;184m▀[0m[38;2;217;209;184m[48;2;217;209;184m▀[0m[38;2;217;209;184m[48;2;217;209;184m▀[0m[38;2;217;209;184m[48;2;217;209;184m▀[0m[38;2;217;209;184m[48;2;217;209;184m▀[0m[38;2;217;209;184m[48;2;217;209;184m▀[0m[38;2;217;209;184m[48;2;217;209;184m▀[0m[38;2;217;209;184m[48;2;218;210;185m▀[0m[38;2;217;209;184m[48;2;222;214;188m▀[0m[38;2;217;209;184m[48;2;226;218;193m▀[0m[38;2;222;214;188m[48;2;205;197;172m▀[0m[38;2;216;208;182m[48;2;167;159;136m▀[0m[38;2;130;123;105m[48;2;146;138;116m▀[0m[38;2;94;87;72m[48;2;139;130;109m▀[0m[38;2;102;96;80m[48;2;141;133;111m▀[0m[38;2;100;96;80m[48;2;149;141;118m▀[0m[38;2;124;118;100m[48;2;157;149;125m▀[0m[38;2;155;147;123m[48;2;163;154;130m▀[0m[38;2;154;146;123m[48;2;163;154;129m▀[0m[38;2;155;147;124m[48;2;164;155;131m▀[0m[38;2;159;151;127m[48;2;166;157;132m▀[0m[38;2;167;158;133m[48;2;168;159;134m▀[0m[38;2;97;92;78m[48;2;152;144;121m▀[0m[38;2;16;17;17m[48;2;134;128;108m▀[0m[38;2;22;22;21m[48;2;142;135;114m▀[0m[38;2;22;22;20m[48;2;80;76;66m▀[0m[38;2;0;0;0m[48;2;6;7;8m▀[0m
     [38;2;0;0;0m▀[0m[38;2;0;0;0m▀[0m[38;2;0;0;0m▀[0m[38;2;0;0;0m▀[0m[38;2;0;0;0m▀[0m[38;2;0;0;0m▀[0m[38;2;5;5;4m[48;2;54;48;37m▀[0m[38;2;46;43;33m[48;2;58;55;43m▀[0m[38;2;170;163;142m[48;2;173;166;145m▀[0m[38;2;196;188;164m[48;2;203;196;171m▀[0m[38;2;89;84;70m[48;2;112;106;91m▀[0m[38;2;119;138;129m[48;2;95;88;73m▀[0m[38;2;146;167;156m[48;2;138;130;112m▀[0m[38;2;149;142;123m[48;2;221;213;187m▀[0m[38;2;197;188;164m[48;2;222;214;189m▀[0m[38;2;222;214;189m[48;2;217;209;184m▀[0m[38;2;217;209;184m[48;2;217;209;184m▀[0m[38;2;217;209;184m[48;2;218;210;185m▀[0m[38;2;217;209;184m[48;2;218;210;185m▀[0m[38;2;217;209;184m[48;2;218;210;185m▀[0m[38;2;217;209;184m[48;2;218;210;185m▀[0m[38;2;217;209;184m[48;2;219;211;185m▀[0m[38;2;217;209;184m[48;2;217;209;184m▀[0m[38;2;225;217;191m[48;2;207;199;175m▀[0m[38;2;228;220;193m[48;2;203;195;172m▀[0m[38;2;227;219;193m[48;2;204;196;173m▀[0m[38;2;227;219;193m[48;2;204;196;173m▀[0m[38;2;228;219;193m[48;2;204;196;173m▀[0m[38;2;227;219;193m[48;2;204;196;173m▀[0m[38;2;225;217;191m[48;2;207;199;175m▀[0m[38;2;225;217;191m[48;2;207;200;175m▀[0m[38;2;225;217;191m[48;2;207;199;175m▀[0m[38;2;225;217;192m[48;2;207;199;175m▀[0m[38;2;221;213;188m[48;2;212;204;180m▀[0m[38;2;217;209;184m[48;2;218;210;185m▀[0m[38;2;217;209;184m[48;2;218;210;185m▀[0m[38;2;217;209;184m[48;2;218;210;185m▀[0m[38;2;217;209;184m[48;2;218;210;185m▀[0m[38;2;217;209;184m[48;2;217;209;184m▀[0m[38;2;217;209;184m[48;2;217;209;184m▀[0m[38;2;217;209;184m[48;2;217;209;184m▀[0m[38;2;217;209;184m[48;2;217;209;184m▀[0m[38;2;217;209;184m[48;2;217;209;184m▀[0m[38;2;217;209;184m[48;2;217;209;184m▀[0m[38;2;217;209;184m[48;2;217;209;184m▀[0m[38;2;217;209;184m[48;2;217;209;184m▀[0m[38;2;217;209;184m[48;2;217;209;184m▀[0m[38;2;217;209;184m[48;2;217;209;184m▀[0m[38;2;217;209;184m[48;2;217;209;184m▀[0m[38;2;217;209;184m[48;2;217;209;184m▀[0m[38;2;217;209;184m[48;2;217;209;184m▀[0m[38;2;217;209;184m[48;2;217;209;184m▀[0m[38;2;217;209;184m[48;2;217;209;184m▀[0m[38;2;217;209;184m[48;2;217;209;184m▀[0m[38;2;222;214;189m[48;2;219;211;186m▀[0m[38;2;212;204;179m[48;2;194;186;161m▀[0m[38;2;191;183;159m[48;2;151;143;120m▀[0m[38;2;193;185;161m[48;2;150;142;118m▀[0m[38;2;179;171;146m[48;2;149;141;118m▀[0m[38;2;155;147;123m[48;2;144;136;115m▀[0m[38;2;161;152;127m[48;2;144;136;115m▀[0m[38;2;167;158;133m[48;2;150;142;120m▀[0m[38;2;161;153;129m[48;2;139;132;111m▀[0m[38;2;115;109;93m[48;2;41;38;34m▀[0m[38;2;95;91;78m[48;2;0;1;3m▀[0m[38;2;98;93;79m[48;2;9;10;11m▀[0m[38;2;98;93;79m[48;2;9;10;11m▀[0m[38;2;98;93;80m[48;2;9;10;11m▀[0m[38;2;98;93;79m[48;2;9;10;11m▀[0m[38;2;97;93;79m[48;2;9;10;11m▀[0m[38;2;102;97;83m[48;2;9;10;11m▀[0m[38;2;109;103;88m[48;2;9;10;11m▀[0m[38;2;113;108;92m[48;2;9;9;10m▀[0m[38;2;62;59;52m[48;2;12;12;13m▀[0m[38;2;12;13;13m[48;2;16;16;16m▀[0m
           [38;2;46;41;32m[48;2;49;41;32m▀[0m[38;2;61;58;45m[48;2;59;55;42m▀[0m[38;2;175;168;146m[48;2;121;115;98m▀[0m[38;2;231;223;197m[48;2;181;174;151m▀[0m[38;2;198;190;167m[48;2;232;223;197m▀[0m[38;2;193;185;162m[48;2;237;229;202m▀[0m[38;2;202;194;170m[48;2;232;224;197m▀[0m[38;2;219;211;186m[48;2;228;220;194m▀[0m[38;2;218;210;185m[48;2;228;220;193m▀[0m[38;2;216;208;183m[48;2;232;223;196m▀[0m[38;2;217;209;184m[48;2;228;219;193m▀[0m[38;2;227;218;192m[48;2;156;150;133m▀[0m[38;2;231;223;196m[48;2;121;117;104m▀[0m[38;2;230;222;195m[48;2;128;124;110m▀[0m[38;2;230;222;195m[48;2;128;124;110m▀[0m[38;2;238;230;202m[48;2;135;130;116m▀[0m[38;2;224;216;190m[48;2;124;119;106m▀[0m[38;2;91;88;78m[48;2;36;36;31m▀[0m[38;2;39;38;35m[48;2;0;0;0m▀[0m[38;2;52;50;46m[48;2;0;0;0m▀[0m[38;2;52;50;46m[48;2;0;0;0m▀[0m[38;2;49;49;44m[48;2;0;0;0m▀[0m[38;2;55;53;48m[48;2;0;0;0m▀[0m[38;2;88;83;70m[48;2;35;34;25m▀[0m[38;2;97;92;76m[48;2;48;44;34m▀[0m[38;2;94;89;74m[48;2;44;41;30m▀[0m[38;2;87;82;68m[48;2;35;32;21m▀[0m[38;2;159;152;132m[48;2;108;103;87m▀[0m[38;2;235;226;200m[48;2;160;153;133m▀[0m[38;2;229;221;195m[48;2;154;148;128m▀[0m[38;2;228;220;194m[48;2;148;141;122m▀[0m[38;2;226;218;192m[48;2;163;156;135m▀[0m[38;2;218;210;185m[48;2;219;211;185m▀[0m[38;2;216;208;183m[48;2;230;222;196m▀[0m[38;2;217;209;184m[48;2;226;218;192m▀[0m[38;2;217;209;184m[48;2;226;218;192m▀[0m[38;2;217;209;184m[48;2;221;213;187m▀[0m[38;2;217;209;184m[48;2;216;208;183m▀[0m[38;2;217;209;184m[48;2;217;209;184m▀[0m[38;2;217;209;184m[48;2;217;209;184m▀[0m[38;2;217;209;184m[48;2;217;209;184m▀[0m[38;2;217;209;184m[48;2;217;209;184m▀[0m[38;2;217;209;184m[48;2;217;209;184m▀[0m[38;2;217;209;184m[48;2;218;210;185m▀[0m[38;2;217;209;184m[48;2;220;212;187m▀[0m[38;2;217;209;184m[48;2;228;220;194m▀[0m[38;2;220;212;187m[48;2;222;213;187m▀[0m[38;2;221;213;188m[48;2;196;188;162m▀[0m[38;2;181;174;150m[48;2;172;163;138m▀[0m[38;2;159;151;127m[48;2;134;127;106m▀[0m[38;2;161;152;128m[48;2;92;88;75m▀[0m[38;2;170;161;135m[48;2;98;93;80m▀[0m[38;2;121;115;97m[48;2;69;66;57m▀[0m[38;2;39;38;34m[48;2;0;0;0m▀[0m[38;2;37;36;33m[48;2;0;0;0m▀[0m[38;2;43;41;37m[48;2;0;0;3m▀[0m[38;2;39;37;34m[48;2;0;0;1m▀[0m[38;2;24;21;21m[48;2;0;0;0m▀[0m[38;2;0;0;0m▀[0m[38;2;0;0;5m▀[0m[38;2;0;0;5m▀[0m[38;2;0;0;5m▀[0m[38;2;0;0;5m▀[0m[38;2;0;0;5m▀[0m[38;2;0;0;5m▀[0m[38;2;0;0;5m▀[0m[38;2;0;0;5m▀[0m[38;2;5;11;11m▀[0m[38;2;17;17;17m▀[0m
             [38;2;37;33;23m[48;2;23;23;11m▀[0m[38;2;98;93;78m[48;2;75;73;59m▀[0m[38;2;201;193;169m[48;2;89;84;69m▀[0m[38;2;210;202;178m[48;2;96;92;75m▀[0m[38;2;202;195;171m[48;2;78;74;62m▀[0m[38;2;199;192;169m[48;2;46;45;41m▀[0m[38;2;199;192;169m[48;2;44;43;40m▀[0m[38;2;207;199;175m[48;2;48;47;43m▀[0m[38;2;198;191;168m[48;2;46;45;41m▀[0m[38;2;61;59;54m[48;2;30;30;28m▀[0m[38;2;0;0;0m[48;2;0;0;0m▀[0m[38;2;5;5;6m[48;2;0;0;0m▀[0m[38;2;5;5;6m[48;2;0;0;0m▀[0m[38;2;5;5;7m[48;2;0;0;0m▀[0m[38;2;4;4;6m[48;2;0;0;0m▀[0m[38;2;0;0;0m[48;2;0;0;0m▀[0m         [38;2;55;50;38m[48;2;47;47;31m▀[0m[38;2;59;54;42m[48;2;48;48;34m▀[0m[38;2;56;52;41m[48;2;48;48;34m▀[0m[38;2;45;41;30m[48;2;34;34;20m▀[0m[38;2;77;73;60m[48;2;69;61;51m▀[0m[38;2;190;182;159m[48;2;83;78;65m▀[0m[38;2;213;205;180m[48;2;95;89;75m▀[0m[38;2;203;196;172m[48;2;87;82;69m▀[0m[38;2;203;195;172m[48;2;84;79;65m▀[0m[38;2;212;204;180m[48;2;170;164;143m▀[0m[38;2;220;211;186m[48;2;240;230;203m▀[0m[38;2;219;211;185m[48;2;230;222;195m▀[0m[38;2;219;210;185m[48;2;230;221;195m▀[0m[38;2;219;210;185m[48;2;230;221;195m▀[0m[38;2;219;210;185m[48;2;230;221;195m▀[0m[38;2;219;211;186m[48;2;234;226;199m▀[0m[38;2;217;209;184m[48;2;219;210;183m▀[0m[38;2;213;205;180m[48;2;174;166;140m▀[0m[38;2;208;200;177m[48;2;86;82;71m▀[0m[38;2;182;174;152m[48;2;34;33;31m▀[0m[38;2;138;130;109m[48;2;36;35;31m▀[0m[38;2;148;139;117m[48;2;39;37;34m▀[0m[38;2;103;98;83m[48;2;33;31;29m▀[0m[38;2;7;7;8m[48;2;0;0;6m▀[0m[38;2;4;5;7m[48;2;0;0;0m▀[0m[38;2;8;8;10m[48;2;0;0;0m▀[0m                
              [38;2;26;26;13m▀[0m[38;2;45;41;31m▀[0m[38;2;51;46;34m▀[0m[38;2;30;28;20m▀[0m[38;2;0;0;0m▀[0m[38;2;0;0;0m▀[0m[38;2;0;0;0m▀[0m[38;2;0;0;0m▀[0m[38;2;0;0;0m▀[0m                   [38;2;0;0;0m▀[0m[38;2;45;41;29m▀[0m[38;2;48;42;32m▀[0m[38;2;40;38;28m▀[0m[38;2;36;32;24m▀[0m[38;2;95;91;80m[48;2;0;0;1m▀[0m[38;2;121;116;104m[48;2;3;4;6m▀[0m[38;2;115;111;98m[48;2;3;4;5m▀[0m[38;2;114;110;98m[48;2;3;4;5m▀[0m[38;2;114;110;98m[48;2;3;4;5m▀[0m[38;2;114;110;98m[48;2;3;4;5m▀[0m[38;2;117;113;101m[48;2;3;3;5m▀[0m[38;2;108;104;92m[48;2;4;4;6m▀[0m[38;2;81;77;66m[48;2;7;7;9m▀[0m[38;2;33;30;25m[48;2;6;6;6m▀[0m[38;2;0;0;0m▀[0m[38;2;0;0;2m▀[0m[38;2;0;0;4m▀[0m[38;2;0;0;3m▀[0m                   
[0m