                                   [38;2;0;0;0m[48;2;17;26;26m▀[0m[38;2;45;57;57m[48;2;69;81;77m▀[0m[38;2;52;64;61m[48;2;152;162;152m▀[0m[38;2;41;52;50m[48;2;59;62;62m▀[0m[38;2;25;51;51m[48;2;35;48;46m▀[0m                                        
                                   [38;2;17;26;26m[48;2;13;26;26m▀[0m[38;2;71;83;79m[48;2;63;74;70m▀[0m[38;2;153;165;155m[48;2;127;145;136m▀[0m[38;2;55;64;64m[48;2;81;104;99m▀[0m[38;2;37;47;45m[48;2;28;36;34m▀[0m[38;2;13;6;13m▄[0m                                       
                                    [38;2;0;0;0m[48;2;16;27;27m▀[0m[38;2;77;89;84m[48;2;83;95;90m▀[0m[38;2;136;148;139m[48;2;133;144;135m▀[0m[38;2;21;27;27m[48;2;19;25;25m▀[0m[38;2;10;8;10m[48;2;11;8;11m▀[0m                                       
                                    [38;2;25;30;30m[48;2;19;39;39m▀[0m[38;2;74;91;86m[48;2;45;60;58m▀[0m[38;2;119;147;138m[48;2;82;108;101m▀[0m[38;2;33;46;44m[48;2;77;102;96m▀[0m[38;2;7;0;2m[48;2;19;22;22m▀[0m[38;2;11;7;7m▄[0m                                      
                                     [38;2;20;25;29m[48;2;26;33;33m▀[0m[38;2;73;93;87m[48;2;72;93;87m▀[0m[38;2;89;115;108m[48;2;102;137;128m▀[0m[38;2;22;25;25m[48;2;51;70;67m▀[0m[38;2;10;8;8m[48;2;30;39;39m▀[0m                                      
                                     [38;2;27;35;35m▀[0m[38;2;67;88;83m[48;2;28;36;34m▀[0m[38;2;122;159;148m[48;2;80;104;98m▀[0m[38;2;75;98;92m[48;2;83;109;102m▀[0m[38;2;20;22;22m[48;2;25;30;29m▀[0m[38;2;12;8;8m[48;2;11;8;8m▀[0m[38;2;9;0;0m▄[0m[38;2;0;0;0m▄[0m                                   
                                      [38;2;28;36;33m[48;2;15;21;18m▀[0m[38;2;82;106;100m[48;2;57;73;71m▀[0m[38;2;93;127;120m[48;2;58;63;54m▀[0m[38;2;40;56;55m[48;2;28;12;0m▀[0m[38;2;26;32;32m[48;2;76;99;91m▀[0m[38;2;21;23;23m[48;2;51;67;64m▀[0m[38;2;26;31;30m[48;2;71;102;97m▀[0m[38;2;17;21;17m[48;2;19;21;20m▀[0m[38;2;0;0;0m▄[0m                                 
 [38;2;59;92;89m▄[0m [38;2;36;45;45m[48;2;31;38;38m▀[0m[38;2;55;78;73m[48;2;71;95;90m▀[0m[38;2;71;112;106m[48;2;81;109;102m▀[0m[38;2;17;17;23m▄[0m                              [38;2;29;29;29m[48;2;17;21;21m▀[0m[38;2;48;61;57m[48;2;70;90;85m▀[0m[38;2;48;61;59m[48;2;130;169;157m▀[0m[38;2;81;84;66m[48;2;111;149;140m▀[0m[38;2;112;106;74m[48;2;100;141;135m▀[0m[38;2;125;151;136m[48;2;76;99;94m▀[0m[38;2;56;73;70m[48;2;34;40;39m▀[0m[38;2;70;102;97m[48;2;43;58;56m▀[0m[38;2;19;21;20m[48;2;18;20;18m▀[0m[38;2;0;0;0m[48;2;0;0;0m▀[0m                                 
[38;2;51;63;60m[48;2;55;67;64m▀[0m[38;2;124;147;138m[48;2;167;183;170m▀[0m[38;2;67;102;97m[48;2;65;100;96m▀[0m[38;2;13;8;8m[48;2;70;101;95m▀[0m[38;2;80;103;97m[48;2;54;66;64m▀[0m[38;2;102;134;126m[48;2;73;100;95m▀[0m[38;2;46;63;62m[48;2;57;78;75m▀[0m[38;2;31;41;41m[48;2;29;35;35m▀[0m                            [38;2;27;36;36m[48;2;25;30;30m▀[0m[38;2;55;73;68m[48;2;65;84;79m▀[0m[38;2;100;129;121m[48;2;129;166;155m▀[0m[38;2;111;148;138m[48;2;76;99;93m▀[0m[38;2;58;80;76m[48;2;38;53;50m▀[0m[38;2;30;42;40m[48;2;36;47;44m▀[0m[38;2;26;32;31m[48;2;56;76;73m▀[0m[38;2;10;8;8m[48;2;48;63;60m▀[0m[38;2;7;2;2m▀[0m                                   
[38;2;45;52;48m[48;2;0;0;0m▀[0m[38;2;81;94;88m[48;2;56;68;64m▀[0m[38;2;130;149;139m[48;2;176;189;176m▀[0m[38;2;34;51;48m[48;2;119;130;123m▀[0m[38;2;19;19;19m[48;2;26;36;35m▀[0m[38;2;76;97;92m[48;2;80;102;96m▀[0m[38;2;89;122;115m[48;2;98;134;126m▀[0m[38;2;49;66;64m[48;2;52;70;67m▀[0m[38;2;31;41;41m[48;2;33;37;41m▀[0m                  [38;2;35;48;45m▄[0m[38;2;38;48;46m▄[0m      [38;2;0;0;0m▄[0m[38;2;26;26;26m[48;2;34;42;42m▀[0m[38;2;61;79;76m[48;2;112;132;115m▀[0m[38;2;114;153;144m[48;2;67;53;31m▀[0m[38;2;44;59;56m[48;2;35;51;51m▀[0m[38;2;43;60;57m[48;2;72;104;98m▀[0m[38;2;54;73;69m[48;2;71;102;98m▀[0m[38;2;64;91;86m[48;2;49;65;63m▀[0m[38;2;70;101;97m[48;2;68;97;93m▀[0m[38;2;44;56;54m[48;2;46;59;57m▀[0m[38;2;51;51;51m[48;2;25;25;25m▀[0m                                  
[38;2;0;0;0m▀[0m[38;2;32;43;43m[48;2;17;26;26m▀[0m[38;2;67;83;79m[48;2;55;71;68m▀[0m[38;2;112;147;137m[48;2;117;151;140m▀[0m[38;2;52;74;71m[48;2;102;136;128m▀[0m[38;2;73;93;88m[48;2;52;73;70m▀[0m[38;2;120;155;144m[48;2;85;109;102m▀[0m[38;2;86;119;112m[48;2;94;130;122m▀[0m[38;2;47;62;60m[48;2;49;67;63m▀[0m[38;2;29;41;35m[48;2;42;55;53m▀[0m[38;2;42;48;42m▄[0m[38;2;25;38;38m▄[0m              [38;2;20;27;27m[48;2;26;32;32m▀[0m[38;2;97;111;103m[48;2;78;99;94m▀[0m[38;2;111;124;116m[48;2;88;114;106m▀[0m[38;2;21;31;31m[48;2;28;38;38m▀[0m[38;2;0;0;12m▄[0m[38;2;0;0;0m[48;2;51;61;58m▀[0m[38;2;0;0;0m[48;2;53;65;61m▀[0m[38;2;0;0;0m[48;2;52;64;60m▀[0m[38;2;22;33;22m▄[0m[38;2;0;0;9m[48;2;0;0;0m▀[0m[38;2;31;27;21m[48;2;31;24;18m▀[0m[38;2;104;81;42m[48;2;95;88;60m▀[0m[38;2;62;44;21m[48;2;48;70;68m▀[0m[38;2;34;50;51m[48;2;24;28;27m▀[0m[38;2;76;110;104m[48;2;58;81;78m▀[0m[38;2;74;108;103m[48;2;72;105;100m▀[0m[38;2;47;62;60m[48;2;72;104;99m▀[0m[38;2;66;93;89m[48;2;108;142;133m▀[0m[38;2;72;104;99m[48;2;116;152;141m▀[0m[38;2;41;54;52m[48;2;74;105;100m▀[0m[38;2;42;42;42m[48;2;42;55;53m▀[0m[38;2;42;42;42m▄[0m                                
  [38;2;20;31;31m[48;2;26;32;32m▀[0m[38;2;65;84;79m[48;2;58;75;71m▀[0m[38;2;126;162;151m[48;2;97;125;117m▀[0m[38;2;98;131;123m[48;2;110;143;133m▀[0m[38;2;97;131;122m[48;2;121;157;147m▀[0m[38;2;120;154;144m[48;2;118;153;142m▀[0m[38;2;82;115;109m[48;2;90;123;116m▀[0m[38;2;72;105;100m[48;2;72;106;102m▀[0m[38;2;48;65;62m[48;2;73;106;101m▀[0m[38;2;44;57;55m[48;2;73;105;100m▀[0m[38;2;36;43;36m[48;2;46;62;59m▀[0m[38;2;0;0;0m▄[0m[38;2;0;0;0m▄[0m         [38;2;16;28;28m▄[0m[38;2;12;24;24m▄[0m[38;2;21;24;28m[48;2;56;65;61m▀[0m[38;2;72;93;88m[48;2;93;115;108m▀[0m[38;2;106;143;134m[48;2;102;136;127m▀[0m[38;2;69;90;85m[48;2;124;143;133m▀[0m[38;2;57;68;65m[48;2;149;160;149m▀[0m[38;2;135;151;141m[48;2;80;105;99m▀[0m[38;2;153;168;156m[48;2;35;49;47m▀[0m[38;2;148;162;150m[48;2;33;44;43m▀[0m[38;2;17;18;17m[48;2;21;24;24m▀[0m[38;2;12;16;12m[48;2;22;26;25m▀[0m[38;2;43;56;53m[48;2;96;133;126m▀[0m[38;2;91;118;110m[48;2;88;112;105m▀[0m[38;2;27;35;35m[48;2;27;29;28m▀[0m[38;2;51;74;71m[48;2;70;81;76m▀[0m[38;2;62;82;78m[48;2;123;138;128m▀[0m[38;2;90;119;113m[48;2;160;177;165m▀[0m[38;2;111;143;134m[48;2;117;147;137m▀[0m[38;2;111;145;135m[48;2;75;107;102m▀[0m[38;2;108;142;133m[48;2;69;101;96m▀[0m[38;2;74;107;101m[48;2;72;104;99m▀[0m[38;2;71;101;97m[48;2;71;103;98m▀[0m[38;2;39;49;47m[48;2;39;50;48m▀[0m                                
   [38;2;0;0;0m▀[0m[38;2;12;12;12m▀[0m[38;2;61;76;71m[48;2;0;0;0m▀[0m[38;2;90;115;108m[48;2;14;14;14m▀[0m[38;2;112;145;135m[48;2;61;77;72m▀[0m[38;2;126;163;153m[48;2;73;95;91m▀[0m[38;2;87;103;88m[48;2;96;74;39m▀[0m[38;2;71;103;99m[48;2;86;85;62m▀[0m[38;2;73;105;101m[48;2;71;102;97m▀[0m[38;2;71;103;99m[48;2;59;83;79m▀[0m[38;2;38;49;47m[48;2;84;120;114m▀[0m[38;2;48;59;55m[48;2;100;133;124m▀[0m[38;2;14;19;19m[48;2;61;78;74m▀[0m[38;2;25;31;31m▄[0m[38;2;28;34;34m▄[0m [38;2;16;16;16m▄[0m[38;2;0;0;0m▄[0m[38;2;17;31;31m[48;2;94;107;100m▀[0m[38;2;17;29;29m[48;2;107;120;113m▀[0m[38;2;45;53;51m[48;2;64;85;81m▀[0m[38;2;95;108;101m[48;2;122;134;125m▀[0m[38;2;81;96;90m[48;2;107;123;115m▀[0m[38;2;80;97;92m[48;2;48;68;66m▀[0m[38;2;109;127;119m[48;2;32;41;40m▀[0m[38;2;42;61;58m[48;2;39;49;47m▀[0m[38;2;32;42;40m[48;2;41;53;50m▀[0m[38;2;32;43;41m[48;2;42;53;51m▀[0m[38;2;37;46;45m[48;2;43;55;53m▀[0m[38;2;41;52;50m[48;2;23;29;28m▀[0m[38;2;41;53;51m[48;2;19;24;24m▀[0m[38;2;23;30;29m[48;2;77;82;77m▀[0m[38;2;18;21;21m[48;2;92;99;92m▀[0m[38;2;122;160;149m[48;2;144;171;159m▀[0m[38;2;79;104;97m[48;2;92;121;113m▀[0m[38;2;67;68;63m[48;2;69;84;79m▀[0m[38;2;177;193;179m[48;2;104;131;124m▀[0m[38;2;117;146;136m[48;2;64;97;93m▀[0m[38;2;74;109;104m[48;2;71;103;98m▀[0m[38;2;67;99;94m[48;2;72;104;99m▀[0m[38;2;72;104;99m[48;2;74;107;102m▀[0m[38;2;72;104;99m[48;2;76;110;105m▀[0m[38;2;73;106;101m[48;2;58;81;78m▀[0m[38;2;61;85;81m[48;2;25;31;30m▀[0m[38;2;30;36;34m[48;2;10;10;10m▀[0m                                
       [38;2;0;0;0m▀[0m[38;2;0;0;0m▀[0m[38;2;45;35;19m[48;2;7;9;12m▀[0m[38;2;80;85;66m[48;2;78;78;57m▀[0m[38;2;71;102;96m[48;2;71;101;96m▀[0m[38;2;41;52;50m[48;2;22;27;26m▀[0m[38;2;59;82;78m[48;2;41;54;51m▀[0m[38;2;88;123;116m[48;2;54;72;69m▀[0m[38;2;115;148;139m[48;2;68;92;87m▀[0m[38;2;88;113;106m[48;2;87;125;118m▀[0m[38;2;59;78;73m[48;2;118;141;131m▀[0m[38;2;27;36;34m[48;2;95;117;111m▀[0m[38;2;13;15;15m[48;2;16;24;23m▀[0m[38;2;83;88;82m[48;2;152;162;150m▀[0m[38;2;94;101;94m[48;2;27;26;25m▀[0m[38;2;104;116;109m[48;2;31;41;39m▀[0m[38;2;56;76;73m[48;2;38;48;46m▀[0m[38;2;31;42;41m[48;2;40;51;49m▀[0m[38;2;33;43;42m[48;2;42;53;51m▀[0m[38;2;39;49;47m[48;2;43;55;53m▀[0m[38;2;41;52;50m[48;2;31;39;37m▀[0m[38;2;44;56;53m[48;2;6;8;9m▀[0m[38;2;26;34;33m[48;2;73;79;74m▀[0m[38;2;15;18;18m[48;2;122;129;120m▀[0m[38;2;12;16;17m[48;2;116;123;114m▀[0m[38;2;86;92;86m[48;2;141;166;154m▀[0m[38;2;104;109;102m[48;2;117;144;135m▀[0m[38;2;179;193;179m[48;2;105;131;123m▀[0m[38;2;148;173;161m[48;2;82;116;109m▀[0m[38;2;112;137;129m[48;2;66;99;95m▀[0m[38;2;87;120;114m[48;2;70;102;97m▀[0m[38;2;71;105;100m[48;2;72;104;99m▀[0m[38;2;68;101;96m[48;2;72;104;99m▀[0m[38;2;72;104;99m[48;2;72;104;99m▀[0m[38;2;72;104;99m[48;2;73;106;101m▀[0m[38;2;75;108;103m[48;2;59;82;78m▀[0m[38;2;59;82;78m[48;2;38;47;45m▀[0m[38;2;39;52;50m[48;2;47;64;62m▀[0m[38;2;35;43;42m[48;2;59;83;79m▀[0m[38;2;13;13;13m[48;2;15;15;15m▀[0m   [38;2;87;43;35m▄[0m[38;2;86;41;37m[48;2;114;70;50m▀[0m[38;2;99;49;40m[48;2;137;89;61m▀[0m[38;2;82;41;32m[48;2;106;60;46m▀[0m[38;2;88;33;33m▄[0m                         
     [38;2;36;47;45m▄[0m[38;2;38;48;45m▄[0m  [38;2;10;11;13m[48;2;33;41;40m▀[0m[38;2;87;61;25m[48;2;104;128;115m▀[0m[38;2;71;99;93m[48;2;69;100;95m▀[0m[38;2;13;12;13m[48;2;48;56;54m▀[0m[38;2;28;39;37m[48;2;140;157;146m▀[0m[38;2;63;72;68m[48;2;63;89;84m▀[0m[38;2;150;165;153m[48;2;66;76;72m▀[0m[38;2;114;141;132m[48;2;56;69;66m▀[0m[38;2;72;95;89m[48;2;40;53;51m▀[0m[38;2;64;79;75m[48;2;19;21;21m▀[0m[38;2;13;15;15m[48;2;74;94;88m▀[0m[38;2;106;128;120m[48;2;115;150;139m▀[0m[38;2;69;95;90m[48;2;80;114;108m▀[0m[38;2;23;27;26m[48;2;16;16;16m▀[0m[38;2;41;53;51m[48;2;12;14;14m▀[0m[38;2;38;48;46m[48;2;33;35;34m▀[0m[38;2;13;14;14m[48;2;146;158;146m▀[0m[38;2;7;9;10m[48;2;143;153;141m▀[0m[38;2;59;65;60m[48;2;140;159;147m▀[0m[38;2;138;145;135m[48;2;111;143;134m▀[0m[38;2;137;159;147m[48;2;82;113;108m▀[0m[38;2;114;144;135m[48;2;71;104;99m▀[0m[38;2;102;130;122m[48;2;68;101;96m▀[0m[38;2;84;117;110m[48;2;70;102;97m▀[0m[38;2;68;101;97m[48;2;73;106;101m▀[0m[38;2;68;101;96m[48;2;74;106;101m▀[0m[38;2;70;102;97m[48;2;73;106;101m▀[0m[38;2;72;104;99m[48;2;72;104;99m▀[0m[38;2;72;104;99m[48;2;72;104;99m▀[0m[38;2;72;104;99m[48;2;72;104;99m▀[0m[38;2;72;104;99m[48;2;72;104;99m▀[0m[38;2;72;104;99m[48;2;72;104;99m▀[0m[38;2;76;109;104m[48;2;76;110;104m▀[0m[38;2;31;40;39m[48;2;26;33;32m▀[0m[38;2;54;75;71m[48;2;61;86;82m▀[0m[38;2;74;108;103m[48;2;73;106;101m▀[0m[38;2;73;105;99m[48;2;71;102;97m▀[0m[38;2;15;15;15m[48;2;15;15;15m▀[0m  [38;2;46;25;29m[48;2;77;38;32m▀[0m[38;2;71;35;33m[48;2;108;59;51m▀[0m[38;2;124;79;54m[48;2;109;60;51m▀[0m[38;2;147;104;68m[48;2;123;81;54m▀[0m[38;2;141;95;63m[48;2;144;101;66m▀[0m[38;2;72;41;35m[48;2;135;92;62m▀[0m[38;2;15;0;15m[48;2;64;35;32m▀[0m[38;2;52;26;26m▄[0m                       
   [38;2;0;63;63m▄[0m[38;2;20;31;31m[48;2;26;38;38m▀[0m[38;2;108;121;114m[48;2;115;130;122m▀[0m[38;2;85;91;86m[48;2;86;92;87m▀[0m[38;2;0;0;0m[48;2;3;3;3m▀[0m[38;2;42;53;53m▄[0m[38;2;36;47;46m[48;2;144;158;147m▀[0m[38;2;152;168;157m[48;2;83;112;107m▀[0m[38;2;155;172;159m[48;2;45;57;54m▀[0m[38;2;67;96;92m[48;2;41;53;51m▀[0m[38;2;52;63;60m[48;2;35;45;44m▀[0m[38;2;42;54;52m[48;2;36;46;45m▀[0m[38;2;37;48;46m[48;2;37;48;46m▀[0m[38;2;38;49;47m[48;2;31;37;36m▀[0m[38;2;41;52;50m[48;2;24;25;24m▀[0m[38;2;17;17;18m[48;2;18;17;17m▀[0m[38;2;87;112;104m[48;2;93;117;108m▀[0m[38;2;120;157;146m[48;2;120;155;145m▀[0m[38;2;77;109;104m[48;2;111;146;136m▀[0m[38;2;69;98;93m[48;2;155;173;160m▀[0m[38;2;151;163;151m[48;2;114;146;136m▀[0m[38;2;155;168;156m[48;2;75;107;101m▀[0m[38;2;161;179;167m[48;2;74;106;101m▀[0m[38;2;109;141;132m[48;2;72;104;99m▀[0m[38;2;78;109;103m[48;2;71;104;99m▀[0m[38;2;72;104;99m[48;2;73;105;100m▀[0m[38;2;70;103;98m[48;2;71;103;98m▀[0m[38;2;72;104;99m[48;2;72;104;98m▀[0m[38;2;72;104;99m[48;2;31;39;38m▀[0m[38;2;72;105;100m[48;2;17;18;18m▀[0m[38;2;25;30;29m[48;2;65;94;90m▀[0m[38;2;20;22;21m[48;2;69;99;95m▀[0m[38;2;26;32;31m[48;2;38;49;47m▀[0m[38;2;73;106;101m[48;2;17;18;18m▀[0m[38;2;72;104;99m[48;2;31;40;38m▀[0m[38;2;72;104;99m[48;2;74;106;101m▀[0m[38;2;72;104;99m[48;2;73;105;100m▀[0m[38;2;72;104;99m[48;2;74;108;102m▀[0m[38;2;76;110;104m[48;2;49;66;64m▀[0m[38;2;27;34;33m[48;2;61;85;81m▀[0m[38;2;60;85;81m[48;2;73;105;100m▀[0m[38;2;73;106;101m[48;2;72;105;100m▀[0m[38;2;71;102;97m[48;2;41;53;51m▀[0m[38;2;12;13;13m[48;2;31;31;0m▀[0m[38;2;191;154;127m[48;2;91;51;40m▀[0m[38;2;141;105;85m[48;2;108;59;50m▀[0m[38;2;99;52;43m[48;2;128;72;67m▀[0m[38;2;128;72;67m[48;2;126;71;66m▀[0m[38;2;126;70;67m[48;2;126;71;66m▀[0m[38;2;103;57;48m[48;2;127;71;67m▀[0m[38;2;125;82;56m[48;2;99;53;46m▀[0m[38;2;143;100;66m[48;2;129;87;57m▀[0m[38;2;135;93;62m[48;2;142;99;65m▀[0m[38;2;132;91;61m[48;2;141;98;64m▀[0m[38;2;59;32;30m[48;2;139;96;63m▀[0m[38;2;55;29;28m[48;2;133;91;60m▀[0m[38;2;0;0;0m[48;2;87;46;38m▀[0m[38;2;0;0;0m[48;2;56;30;29m▀[0m[38;2;0;0;0m▄[0m                  
   [38;2;27;34;34m[48;2;27;34;34m▀[0m[38;2;72;93;88m[48;2;72;94;88m▀[0m[38;2;127;165;153m[48;2;118;154;143m▀[0m[38;2;61;77;72m[48;2;90;126;119m▀[0m[38;2;20;26;26m[48;2;28;37;36m▀[0m[38;2;129;142;132m[48;2;18;22;22m▀[0m[38;2;86;114;107m[48;2;38;48;47m▀[0m[38;2;40;53;51m[48;2;41;53;51m▀[0m[38;2;40;51;49m[48;2;33;42;40m▀[0m[38;2;34;44;44m[48;2;43;38;30m▀[0m[38;2;35;37;36m[48;2;163;167;147m▀[0m[38;2;35;37;36m[48;2;157;165;147m▀[0m[38;2;29;29;27m[48;2;155;173;162m▀[0m[38;2;91;99;93m[48;2;134;159;148m▀[0m[38;2;168;185;172m[48;2;82;117;110m▀[0m[38;2;156;172;160m[48;2;66;99;95m▀[0m[38;2;158;173;161m[48;2;68;101;96m▀[0m[38;2;120;151;140m[48;2;70;102;97m▀[0m[38;2;75;108;102m[48;2;72;104;99m▀[0m[38;2;70;102;98m[48;2;73;106;101m▀[0m[38;2;71;103;99m[48;2;74;106;101m▀[0m[38;2;72;104;99m[48;2;72;104;99m▀[0m[38;2;73;105;100m[48;2;63;89;85m▀[0m[38;2;74;107;102m[48;2;60;85;81m▀[0m[38;2;71;103;98m[48;2;55;75;71m▀[0m[38;2;66;96;90m[48;2;31;38;37m▀[0m[38;2;53;72;70m[48;2;52;73;69m▀[0m[38;2;24;28;28m[48;2;77;112;105m▀[0m[38;2;60;85;81m[48;2;73;105;100m▀[0m[38;2;74;107;102m[48;2;72;104;99m▀[0m[38;2;72;104;99m[48;2;72;104;99m▀[0m[38;2;72;104;99m[48;2;72;104;99m▀[0m[38;2;73;106;100m[48;2;72;104;99m▀[0m[38;2;68;98;93m[48;2;73;106;101m▀[0m[38;2;33;40;39m[48;2;68;97;92m▀[0m[38;2;32;40;39m[48;2;32;40;38m▀[0m[38;2;72;103;99m[48;2;36;47;46m▀[0m[38;2;77;112;106m[48;2;78;113;107m▀[0m[38;2;32;41;39m[48;2;32;41;39m▀[0m[38;2;54;76;73m[48;2;53;75;72m▀[0m[38;2;74;107;102m[48;2;74;108;103m▀[0m[38;2;74;107;102m[48;2;62;89;85m▀[0m[38;2;17;19;18m[48;2;14;17;17m▀[0m[38;2;79;31;15m[48;2;77;29;22m▀[0m[38;2;100;55;45m[48;2;94;49;39m▀[0m[38;2;129;73;68m[48;2;117;63;58m▀[0m[38;2;127;72;67m[48;2;116;63;57m▀[0m[38;2;127;71;66m[48;2;121;67;62m▀[0m[38;2;126;71;66m[48;2;128;72;68m▀[0m[38;2;128;72;68m[48;2;126;71;66m▀[0m[38;2;103;55;49m[48;2;129;72;68m▀[0m[38;2;123;81;55m[48;2;102;55;48m▀[0m[38;2;142;98;65m[48;2;118;78;54m▀[0m[38;2;140;97;64m[48;2;139;97;63m▀[0m[38;2;140;97;64m[48;2;140;97;64m▀[0m[38;2;140;98;64m[48;2;140;98;64m▀[0m[38;2;142;94;66m[48;2;141;95;66m▀[0m[38;2;94;54;53m[48;2;105;63;56m▀[0m[38;2;0;7;7m[48;2;24;19;19m▀[0m[38;2;0;0;0m▄[0m                 
   [38;2;19;22;22m[48;2;0;0;0m▀[0m[38;2;72;91;86m[48;2;46;55;52m▀[0m[38;2;101;138;130m[48;2;68;91;86m▀[0m[38;2;80;114;108m[48;2;81;110;104m▀[0m[38;2;59;76;73m[48;2;122;160;149m▀[0m[38;2;44;53;50m[48;2;114;152;141m▀[0m[38;2;32;39;38m[48;2;49;66;62m▀[0m[38;2;30;38;37m[48;2;23;27;27m▀[0m[38;2;18;17;15m[48;2;19;18;16m▀[0m[38;2;98;72;33m[48;2;84;86;64m▀[0m[38;2;83;73;44m[48;2;70;107;105m▀[0m[38;2;79;81;59m[48;2;71;106;102m▀[0m[38;2;66;101;98m[48;2;72;104;99m▀[0m[38;2;68;100;96m[48;2;72;104;99m▀[0m[38;2;71;103;98m[48;2;73;106;100m▀[0m[38;2;72;104;99m[48;2;75;109;104m▀[0m[38;2;72;104;99m[48;2;77;112;107m▀[0m[38;2;74;108;103m[48;2;52;72;69m▀[0m[38;2;75;109;104m[48;2;45;62;60m▀[0m[38;2;62;87;83m[48;2;52;71;68m▀[0m[38;2;61;86;82m[48;2;52;71;68m▀[0m[38;2;60;84;80m[48;2;55;75;72m▀[0m[38;2;40;53;50m[48;2;66;94;90m▀[0m[38;2;18;19;19m[48;2;50;66;63m▀[0m[38;2;47;65;62m[48;2;78;114;108m▀[0m[38;2;78;113;108m[48;2;72;103;98m▀[0m[38;2;73;106;101m[48;2;72;104;99m▀[0m[38;2;72;104;99m[48;2;72;104;99m▀[0m[38;2;72;104;99m[48;2;72;104;99m▀[0m[38;2;72;104;99m[48;2;72;104;99m▀[0m[38;2;72;104;99m[48;2;72;104;99m▀[0m[38;2;72;104;99m[48;2;72;104;99m▀[0m[38;2;72;104;99m[48;2;72;104;99m▀[0m[38;2;72;104;99m[48;2;72;104;99m▀[0m[38;2;74;106;101m[48;2;72;104;99m▀[0m[38;2;67;95;90m[48;2;74;107;102m▀[0m[38;2;42;54;51m[48;2;66;93;89m▀[0m[38;2;45;61;58m[48;2;38;50;48m▀[0m[38;2;37;50;48m[48;2;60;85;81m▀[0m[38;2;60;85;82m[48;2;80;115;110m▀[0m[38;2;78;113;108m[48;2;46;71;68m▀[0m[38;2;15;19;19m[48;2;38;24;22m▀[0m[38;2;79;29;23m[48;2;128;89;77m▀[0m[38;2;121;81;69m[48;2;180;156;140m▀[0m[38;2;116;78;67m[48;2;180;156;140m▀[0m[38;2;115;78;66m[48;2;181;156;142m▀[0m[38;2;111;74;62m[48;2;177;151;134m▀[0m[38;2;107;63;52m[48;2;146;114;98m▀[0m[38;2;111;59;53m[48;2;115;78;63m▀[0m[38;2;123;68;63m[48;2;101;60;53m▀[0m[38;2;129;73;68m[48;2;105;56;51m▀[0m[38;2;133;75;71m[48;2;112;60;53m▀[0m[38;2;60;31;32m[48;2;59;31;31m▀[0m[38;2;133;91;61m[48;2;136;94;62m▀[0m[38;2;141;97;64m[48;2;143;99;66m▀[0m[38;2;141;98;64m[48;2;132;85;63m▀[0m[38;2;144;101;65m[48;2;115;71;47m▀[0m[38;2;144;95;68m[48;2;117;70;52m▀[0m[38;2;104;59;57m[48;2;133;72;68m▀[0m[38;2;27;21;21m[48;2;104;61;57m▀[0m[38;2;0;0;0m[48;2;37;26;24m▀[0m[38;2;0;7;7m▄[0m               
    [38;2;0;0;0m[48;2;6;0;0m▀[0m[38;2;33;43;42m[48;2;30;39;39m▀[0m[38;2;55;78;74m[48;2;54;74;71m▀[0m[38;2;67;87;82m[48;2;59;83;79m▀[0m[38;2;75;107;101m[48;2;39;53;50m▀[0m[38;2;64;90;86m[48;2;23;27;26m▀[0m[38;2;43;56;53m[48;2;38;48;47m▀[0m[38;2;18;20;20m[48;2;17;18;18m▀[0m[38;2;71;106;103m[48;2;75;109;104m▀[0m[38;2;72;104;99m[48;2;72;104;99m▀[0m[38;2;72;104;99m[48;2;72;105;100m▀[0m[38;2;73;105;100m[48;2;66;94;90m▀[0m[38;2;75;110;104m[48;2;53;71;68m▀[0m[38;2;66;93;89m[48;2;42;54;52m▀[0m[38;2;44;61;58m[48;2;41;54;52m▀[0m[38;2;39;52;50m[48;2;48;67;63m▀[0m[38;2;41;56;54m[48;2;53;73;70m▀[0m[38;2;42;57;55m[48;2;54;74;71m▀[0m[38;2;55;76;73m[48;2;57;79;76m▀[0m[38;2;57;80;76m[48;2;56;79;75m▀[0m[38;2;77;111;106m[48;2;55;76;73m▀[0m[38;2;68;98;93m[48;2;75;109;103m▀[0m[38;2;54;74;71m[48;2;62;87;83m▀[0m[38;2;64;90;85m[48;2;39;49;47m▀[0m[38;2;74;108;102m[48;2;63;90;86m▀[0m[38;2;72;104;99m[48;2;73;106;101m▀[0m[38;2;72;104;99m[48;2;72;104;99m▀[0m[38;2;72;104;99m[48;2;72;104;99m▀[0m[38;2;72;104;99m[48;2;72;104;99m▀[0m[38;2;72;104;99m[48;2;72;104;99m▀[0m[38;2;72;104;99m[48;2;71;106;103m▀[0m[38;2;72;104;99m[48;2;75;108;103m▀[0m[38;2;72;105;100m[48;2;70;100;96m▀[0m[38;2;74;108;103m[48;2;49;66;63m▀[0m[38;2;74;108;102m[48;2;49;66;63m▀[0m[38;2;74;107;102m[48;2;62;88;84m▀[0m[38;2;75;109;104m[48;2;75;109;104m▀[0m[38;2;75;109;104m[48;2;79;115;108m▀[0m[38;2;48;70;67m[48;2;13;24;25m▀[0m[38;2;82;72;66m[48;2;136;109;93m▀[0m[38;2;134;98;87m[48;2;184;158;143m▀[0m[38;2;179;153;138m[48;2;175;149;134m▀[0m[38;2;175;149;134m[48;2;175;149;134m▀[0m[38;2;175;149;134m[48;2;175;149;134m▀[0m[38;2;175;149;134m[48;2;175;149;134m▀[0m[38;2;175;149;135m[48;2;175;149;134m▀[0m[38;2;180;154;139m[48;2;176;151;136m▀[0m[38;2;181;155;136m[48;2;185;161;146m▀[0m[38;2;87;62;56m[48;2;144;117;102m▀[0m[38;2;95;62;50m[48;2;96;67;57m▀[0m[38;2;125;88;70m[48;2;140;111;91m▀[0m[38;2;76;40;35m[48;2;133;97;78m▀[0m[38;2;107;63;43m[48;2;138;105;93m▀[0m[38;2;111;66;46m[48;2;140;106;95m▀[0m[38;2;123;68;64m[48;2;162;126;114m▀[0m[38;2;131;98;87m[48;2;173;149;135m▀[0m[38;2;146;111;100m[48;2;99;76;72m▀[0m[38;2;141;97;87m[48;2;84;59;55m▀[0m[38;2;127;69;61m[48;2;82;41;36m▀[0m[38;2;67;43;40m[48;2;104;59;53m▀[0m[38;2;0;0;0m[48;2;66;37;35m▀[0m[38;2;48;24;24m▄[0m[38;2;39;19;19m▄[0m             
     [38;2;6;2;2m[48;2;10;10;10m▀[0m[38;2;35;44;42m[48;2;16;14;14m▀[0m[38;2;72;102;98m[48;2;38;47;45m▀[0m[38;2;61;87;82m[48;2;73;105;100m▀[0m[38;2;18;20;20m[48;2;22;28;27m▀[0m[38;2;37;46;44m[48;2;38;47;45m▀[0m[38;2;33;40;39m[48;2;40;50;48m▀[0m[38;2;36;48;45m[48;2;18;20;19m▀[0m[38;2;73;106;101m[48;2;76;110;105m▀[0m[38;2;74;108;103m[48;2;75;108;103m▀[0m[38;2;52;72;69m[48;2;48;66;63m▀[0m[38;2;35;45;43m[48;2;35;47;45m▀[0m[38;2;64;90;86m[48;2;78;114;109m▀[0m[38;2;72;104;98m[48;2;75;109;103m▀[0m[38;2;59;82;78m[48;2;45;59;57m▀[0m[38;2;59;81;77m[48;2;66;94;89m▀[0m[38;2;61;85;81m[48;2;76;110;105m▀[0m[38;2;75;108;103m[48;2;47;62;60m▀[0m[38;2;72;104;99m[48;2;46;62;59m▀[0m[38;2;41;52;50m[48;2;67;95;91m▀[0m[38;2;74;107;102m[48;2;72;105;100m▀[0m[38;2;71;102;97m[48;2;76;110;105m▀[0m[38;2;50;68;65m[48;2;58;82;78m▀[0m[38;2;54;73;70m[48;2;53;73;69m▀[0m[38;2;74;107;102m[48;2;74;107;102m▀[0m[38;2;72;104;99m[48;2;72;104;99m▀[0m[38;2;72;104;99m[48;2;72;104;99m▀[0m[38;2;72;104;99m[48;2;71;105;101m▀[0m[38;2;71;106;102m[48;2;88;79;51m▀[0m[38;2;85;80;55m[48;2;94;68;32m▀[0m[38;2;47;63;60m[48;2;64;91;87m▀[0m[38;2;50;68;65m[48;2;64;93;89m▀[0m[38;2;62;87;83m[48;2;73;108;105m▀[0m[38;2;62;88;84m[48;2;76;112;108m▀[0m[38;2;45;62;59m[48;2;42;56;54m▀[0m[38;2;54;77;73m[48;2;46;64;61m▀[0m[38;2;44;64;62m[48;2;25;41;42m▀[0m[38;2;85;70;59m[48;2;113;87;70m▀[0m[38;2;143;112;91m[48;2;155;122;100m▀[0m[38;2;156;126;106m[48;2;149;117;96m▀[0m[38;2;176;149;135m[48;2;156;126;105m▀[0m[38;2;177;151;136m[48;2;155;123;104m▀[0m[38;2;178;154;138m[48;2;137;87;81m▀[0m[38;2;178;154;138m[48;2;131;83;76m▀[0m[38;2;182;158;143m[48;2;108;69;58m▀[0m[38;2;166;131;120m[48;2;104;62;52m▀[0m[38;2;127;83;75m[48;2;92;46;37m▀[0m[38;2;117;78;64m[48;2;91;46;37m▀[0m[38;2;64;35;31m[48;2;60;30;27m▀[0m[38;2;125;95;79m[48;2;127;97;81m▀[0m[38;2;154;122;99m[48;2;153;121;99m▀[0m[38;2;182;157;141m[48;2;114;74;62m▀[0m[38;2;181;156;140m[48;2;175;149;134m▀[0m[38;2;167;142;129m[48;2;162;136;124m▀[0m[38;2;92;63;55m[48;2;62;32;28m▀[0m[38;2;110;71;47m[48;2;149;104;68m▀[0m[38;2;114;76;51m[48;2;145;102;66m▀[0m[38;2;91;56;42m[48;2;128;83;62m▀[0m[38;2;45;26;25m[48;2;107;59;57m▀[0m[38;2;91;53;50m[48;2;51;34;32m▀[0m[38;2;117;65;60m[48;2;107;61;57m▀[0m[38;2;62;34;31m[48;2;121;67;63m▀[0m[38;2;49;25;25m[48;2;114;64;59m▀[0m[38;2;50;26;26m[48;2;112;63;59m▀[0m[38;2;52;27;26m▄[0m          
      [38;2;0;0;0m▀[0m[38;2;13;13;13m[48;2;0;0;0m▀[0m[38;2;37;47;46m[48;2;14;14;14m▀[0m[38;2;64;92;87m[48;2;17;18;18m▀[0m[38;2;23;26;26m[48;2;63;89;85m▀[0m[38;2;39;49;47m[48;2;22;25;24m▀[0m[38;2;34;43;41m[48;2;40;51;49m▀[0m[38;2;30;38;37m[48;2;33;40;38m▀[0m[38;2;75;110;104m[48;2;30;40;39m▀[0m[38;2;71;102;97m[48;2;80;116;110m▀[0m[38;2;54;74;71m[48;2;47;66;63m▀[0m[38;2;58;81;76m[48;2;24;28;26m▀[0m[38;2;74;107;102m[48;2;61;85;81m▀[0m[38;2;71;102;97m[48;2;74;108;102m▀[0m[38;2;48;64;62m[48;2;71;102;97m▀[0m[38;2;43;55;53m[48;2;69;98;94m▀[0m[38;2;66;94;90m[48;2;70;101;96m▀[0m[38;2;68;97;93m[48;2;42;55;52m▀[0m[38;2;74;107;102m[48;2;42;55;52m▀[0m[38;2;66;94;89m[48;2;49;66;63m▀[0m[38;2;40;52;50m[48;2;71;103;98m▀[0m[38;2;53;73;70m[48;2;71;102;97m▀[0m[38;2;72;104;98m[48;2;72;105;100m▀[0m[38;2;72;104;99m[48;2;72;104;99m▀[0m[38;2;72;104;99m[48;2;72;104;99m▀[0m[38;2;72;104;99m[48;2;72;104;99m▀[0m[38;2;71;105;101m[48;2;73;105;100m▀[0m[38;2;93;72;38m[48;2;45;56;52m▀[0m[38;2;75;98;89m[48;2;73;106;101m▀[0m[38;2;77;111;106m[48;2;112;140;128m▀[0m[38;2;109;134;120m[48;2;95;73;38m▀[0m[38;2;91;69;34m[48;2;94;68;31m▀[0m[38;2;86;88;66m[48;2;95;69;32m▀[0m[38;2;56;82;80m[48;2;86;92;71m▀[0m[38;2;19;26;26m[48;2;31;52;52m▀[0m[38;2;92;75;63m[48;2;86;49;46m▀[0m[38;2;150;118;97m[48;2;109;61;52m▀[0m[38;2;151;120;98m[48;2;94;52;41m▀[0m[38;2;132;81;73m[48;2;94;50;40m▀[0m[38;2;99;57;46m[48;2;91;48;38m▀[0m[38;2;98;56;45m[48;2;91;49;38m▀[0m[38;2;95;49;41m[48;2;92;49;38m▀[0m[38;2;94;49;40m[48;2;92;48;39m▀[0m[38;2;89;46;36m[48;2;93;56;37m▀[0m[38;2;90;47;37m[48;2;94;70;34m▀[0m[38;2;92;49;39m[48;2;94;69;34m▀[0m[38;2;94;50;40m[48;2;97;72;34m▀[0m[38;2;61;31;28m[48;2;65;40;30m▀[0m[38;2;127;98;81m[48;2;85;46;39m▀[0m[38;2;155;122;100m[48;2;98;54;42m▀[0m[38;2;67;38;34m[48;2;59;32;30m▀[0m[38;2;166;140;127m[48;2;122;71;67m▀[0m[38;2;76;49;43m[48;2;63;35;31m▀[0m[38;2;134;92;61m[48;2;144;101;65m▀[0m[38;2;141;97;64m[48;2;140;97;64m▀[0m[38;2;141;99;64m[48;2;140;97;64m▀[0m[38;2;134;85;65m[48;2;141;98;64m▀[0m[38;2;129;71;68m[48;2;132;81;65m▀[0m[38;2;121;69;64m[48;2;131;72;68m▀[0m[38;2;42;29;27m[48;2;70;39;37m▀[0m[38;2;108;63;58m[48;2;108;61;56m▀[0m[38;2;130;73;68m[48;2;127;72;67m▀[0m[38;2;128;72;67m[48;2;126;71;66m▀[0m[38;2;114;64;59m[48;2;128;72;67m▀[0m[38;2;52;28;27m[48;2;110;61;57m▀[0m[38;2;55;30;28m▄[0m[38;2;61;33;31m▄[0m[38;2;57;30;30m▄[0m[38;2;0;0;0m▄[0m     
        [38;2;0;0;0m▀[0m[38;2;0;0;0m▀[0m[38;2;15;15;15m▀[0m[38;2;62;89;85m[48;2;12;11;12m▀[0m[38;2;18;20;19m[48;2;17;18;17m▀[0m[38;2;36;45;43m[48;2;38;47;46m▀[0m[38;2;28;36;35m[48;2;31;38;37m▀[0m[38;2;71;102;96m[48;2;20;22;22m▀[0m[38;2;75;108;102m[48;2;47;63;60m▀[0m[38;2;44;60;58m[48;2;74;108;103m▀[0m[38;2;25;29;28m[48;2;43;59;57m▀[0m[38;2;61;86;82m[48;2;27;33;31m▀[0m[38;2;71;103;98m[48;2;37;46;44m▀[0m[38;2;46;61;59m[48;2;70;101;96m▀[0m[38;2;42;55;53m[48;2;74;108;103m▀[0m[38;2;45;59;57m[48;2;74;107;102m▀[0m[38;2;73;104;99m[48;2;72;104;99m▀[0m[38;2;72;104;99m[48;2;72;104;99m▀[0m[38;2;72;104;99m[48;2;72;104;99m▀[0m[38;2;72;104;99m[48;2;72;104;99m▀[0m[38;2;72;104;99m[48;2;72;104;99m▀[0m[38;2;72;104;99m[48;2;73;105;100m▀[0m[38;2;72;104;99m[48;2;73;106;101m▀[0m[38;2;72;104;99m[48;2;74;107;102m▀[0m[38;2;73;105;100m[48;2;74;107;102m▀[0m[38;2;46;61;59m[48;2;60;89;85m▀[0m[38;2;71;100;96m[48;2;32;43;41m▀[0m[38;2;114;149;140m[48;2;63;91;87m▀[0m[38;2;112;137;122m[48;2;114;151;142m▀[0m[38;2;95;69;32m[48;2;114;135;119m▀[0m[38;2;85;80;54m[48;2;90;89;65m▀[0m[38;2;74;111;108m[48;2;78;116;112m▀[0m[38;2;36;53;51m[48;2;36;52;51m▀[0m[38;2;61;32;26m[48;2;61;34;25m▀[0m[38;2;96;50;40m[48;2;96;53;39m▀[0m[38;2;92;50;38m[48;2;94;67;35m▀[0m[38;2;92;51;38m[48;2;94;71;34m▀[0m[38;2;92;52;39m[48;2;94;71;34m▀[0m[38;2;94;70;34m[48;2;94;70;34m▀[0m[38;2;94;70;34m[48;2;94;70;34m▀[0m[38;2;94;70;34m[48;2;94;70;34m▀[0m[38;2;94;70;34m[48;2;94;70;34m▀[0m[38;2;94;70;34m[48;2;94;70;34m▀[0m[38;2;94;70;34m[48;2;94;70;34m▀[0m[38;2;97;73;34m[48;2;98;74;34m▀[0m[38;2;65;41;30m[48;2;64;40;30m▀[0m[38;2;83;43;37m[48;2;84;43;37m▀[0m[38;2;91;48;38m[48;2;59;31;29m▀[0m[38;2;65;35;33m[48;2;124;70;64m▀[0m[38;2;110;62;59m[48;2;17;14;14m▀[0m[38;2;70;40;35m[48;2;133;81;70m▀[0m[38;2;143;100;65m[48;2;137;90;62m▀[0m[38;2;140;98;64m[48;2;136;90;62m▀[0m[38;2;140;98;64m[48;2;136;91;61m▀[0m[38;2;140;97;63m[48;2;135;87;70m▀[0m[38;2;130;79;64m[48;2;131;77;73m▀[0m[38;2;125;70;66m[48;2;143;104;88m▀[0m[38;2;150;111;93m[48;2;150;119;97m▀[0m[38;2;46;40;35m[48;2;156;123;101m▀[0m[38;2;104;60;56m[48;2;22;21;20m▀[0m[38;2;127;71;66m[48;2;120;67;62m▀[0m[38;2;113;63;59m[48;2;60;33;30m▀[0m[38;2;74;46;37m[48;2;144;101;66m▀[0m[38;2;144;101;66m[48;2;140;97;64m▀[0m[38;2;139;92;67m[48;2;141;98;64m▀[0m[38;2;103;57;53m[48;2;142;91;68m▀[0m[38;2;49;26;24m[48;2;72;43;42m▀[0m[38;2;0;0;0m[48;2;2;5;8m▀[0m    
            [38;2;31;31;31m▀[0m[38;2;12;11;11m[48;2;0;0;0m▀[0m[38;2;22;26;25m[48;2;21;23;22m▀[0m[38;2;37;47;45m[48;2;34;42;40m▀[0m[38;2;17;17;17m[48;2;33;41;40m▀[0m[38;2;37;50;48m[48;2;24;28;27m▀[0m[38;2;75;109;103m[48;2;37;49;47m▀[0m[38;2;43;60;57m[48;2;63;89;85m▀[0m[38;2;34;42;41m[48;2;57;79;76m▀[0m[38;2;60;84;80m[48;2;52;72;69m▀[0m[38;2;64;91;87m[48;2;39;49;47m▀[0m[38;2;64;92;87m[48;2;42;53;51m▀[0m[38;2;74;107;102m[48;2;63;87;83m▀[0m[38;2;75;108;103m[48;2;52;73;69m▀[0m[38;2;75;108;103m[48;2;52;73;70m▀[0m[38;2;75;108;103m[48;2;47;70;67m▀[0m[38;2;75;109;104m[48;2;46;71;67m▀[0m[38;2;69;99;94m[48;2;29;46;45m▀[0m[38;2;62;90;86m[48;2;53;46;44m▀[0m[38;2;53;79;76m[48;2;63;49;42m▀[0m[38;2;51;77;74m[48;2;51;37;39m▀[0m[38;2;47;40;35m[48;2;144;121;100m▀[0m[38;2;43;42;36m[48;2;193;96;79m▀[0m[38;2;48;43;37m[48;2;127;91;74m▀[0m[38;2;58;84;80m[48;2;31;15;13m▀[0m[38;2;99;127;119m[48;2;29;40;40m▀[0m[38;2;126;165;154m[48;2;81;105;100m▀[0m[38;2;104;141;132m[48;2;63;87;85m▀[0m[38;2;32;49;50m[48;2;40;46;40m▀[0m[38;2;61;44;21m[48;2;76;55;27m▀[0m[38;2;98;74;35m[48;2;97;72;35m▀[0m[38;2;94;70;34m[48;2;94;70;34m▀[0m[38;2;94;70;34m[48;2;94;70;34m▀[0m[38;2;94;70;34m[48;2;94;70;34m▀[0m[38;2;94;70;34m[48;2;94;70;34m▀[0m[38;2;94;70;34m[48;2;94;70;34m▀[0m[38;2;94;70;34m[48;2;94;70;34m▀[0m[38;2;94;70;34m[48;2;94;70;34m▀[0m[38;2;94;70;34m[48;2;94;70;34m▀[0m[38;2;95;71;34m[48;2;97;73;34m▀[0m[38;2;90;65;33m[48;2;67;41;31m▀[0m[38;2;69;45;31m[48;2;81;58;32m▀[0m[38;2;87;52;36m[48;2;96;67;35m▀[0m[38;2;69;37;32m[48;2;96;59;38m▀[0m[38;2;94;54;51m[48;2;16;16;15m▀[0m[38;2;64;56;51m[48;2;172;143;126m▀[0m[38;2;156;124;105m[48;2;177;152;137m▀[0m[38;2;137;88;83m[48;2;178;154;138m▀[0m[38;2;138;90;83m[48;2;178;154;138m▀[0m[38;2;135;85;80m[48;2;178;154;139m▀[0m[38;2;159;121;111m[48;2;178;153;138m▀[0m[38;2;164;137;118m[48;2;166;138;121m▀[0m[38;2;148;115;94m[48;2;152;120;99m▀[0m[38;2;149;117;96m[48;2;149;117;95m▀[0m[38;2;152;119;98m[48;2;149;117;96m▀[0m[38;2;59;48;42m[48;2;158;125;102m▀[0m[38;2;94;55;51m[48;2;19;19;17m▀[0m[38;2;83;52;40m[48;2;144;100;64m▀[0m[38;2;141;98;65m[48;2;140;97;64m▀[0m[38;2;140;97;64m[48;2;140;97;64m▀[0m[38;2;141;98;64m[48;2;138;93;62m▀[0m[38;2;137;89;66m[48;2;129;76;63m▀[0m[38;2;103;55;54m[48;2;140;83;77m▀[0m[38;2;51;29;29m[48;2;64;46;42m▀[0m[38;2;0;13;13m[48;2;0;3;3m▀[0m   
              [38;2;11;11;11m▀[0m[38;2;12;11;11m▀[0m[38;2;18;21;21m[48;2;41;55;53m▀[0m[38;2;26;31;29m[48;2;47;63;60m▀[0m[38;2;34;45;42m[48;2;67;97;92m▀[0m[38;2;26;31;30m[48;2;55;78;75m▀[0m[38;2;40;53;51m[48;2;43;59;57m▀[0m[38;2;47;66;63m[48;2;29;35;34m▀[0m[38;2;43;54;52m[48;2;38;47;45m▀[0m[38;2;40;51;49m▀[0m[38;2;33;38;36m▀[0m[38;2;7;1;1m▀[0m[38;2;14;5;7m[48;2;34;22;22m▀[0m[38;2;46;36;31m[48;2;139;49;42m▀[0m[38;2;66;51;44m[48;2;190;79;69m▀[0m[38;2;58;32;31m[48;2;119;78;73m▀[0m[38;2;109;58;55m[48;2;124;74;69m▀[0m[38;2;147;116;100m[48;2;200;60;59m▀[0m[38;2;199;169;80m[48;2;255;220;35m▀[0m[38;2;199;87;65m[48;2;255;45;21m▀[0m[38;2;255;25;22m[48;2;135;40;38m▀[0m[38;2;88;45;36m[48;2;62;51;44m▀[0m[38;2;69;55;47m[48;2;73;64;39m▀[0m[38;2;60;55;36m[48;2;100;72;33m▀[0m[38;2;42;29;13m[48;2;99;74;35m▀[0m[38;2;42;30;16m[48;2;99;74;35m▀[0m[38;2;76;56;27m[48;2;96;72;35m▀[0m[38;2;99;74;35m[48;2;94;70;34m▀[0m[38;2;94;70;34m[48;2;94;70;34m▀[0m[38;2;94;70;34m[48;2;94;70;34m▀[0m[38;2;94;70;34m[48;2;94;70;34m▀[0m[38;2;94;70;34m[48;2;96;73;34m▀[0m[38;2;94;70;34m[48;2;97;73;34m▀[0m[38;2;94;70;34m[48;2;97;73;34m▀[0m[38;2;94;70;34m[48;2;98;74;34m▀[0m[38;2;95;71;34m[48;2;88;63;33m▀[0m[38;2;97;73;34m[48;2;66;41;29m▀[0m[38;2;100;76;34m[48;2;68;42;30m▀[0m[38;2;68;43;30m[48;2;70;46;29m▀[0m[38;2;78;46;33m[48;2;100;69;43m▀[0m[38;2;94;57;37m[48;2;98;74;37m▀[0m[38;2;96;71;34m[48;2;96;71;34m▀[0m[38;2;22;20;17m[48;2;17;16;16m▀[0m[38;2;147;117;95m[48;2;142;96;84m▀[0m[38;2;176;150;135m[48;2;177;152;137m▀[0m[38;2;175;149;134m[48;2;175;149;134m▀[0m[38;2;175;149;134m[48;2;175;149;134m▀[0m[38;2;175;149;134m[48;2;175;149;134m▀[0m[38;2;175;149;134m[48;2;175;149;134m▀[0m[38;2;178;152;139m[48;2;177;151;137m▀[0m[38;2;159;129;110m[48;2;159;130;110m▀[0m[38;2;148;116;94m[48;2;150;120;97m▀[0m[38;2;151;120;98m[48;2;142;99;85m▀[0m[38;2;142;100;86m[48;2;109;59;52m▀[0m[38;2;25;22;20m[48;2;23;21;20m▀[0m[38;2;142;103;75m[48;2;164;135;118m▀[0m[38;2;137;93;58m[48;2;159;126;102m▀[0m[38;2;139;97;63m[48;2;161;129;108m▀[0m[38;2;140;100;79m[48;2;160;131;113m▀[0m[38;2;135;88;79m[48;2;149;119;96m▀[0m[38;2;152;114;95m[48;2;152;121;99m▀[0m[38;2;77;59;51m[48;2;132;98;82m▀[0m[38;2;12;0;0m[48;2;53;40;36m▀[0m[38;2;0;0;0m▄[0m  
                [38;2;33;40;40m▀[0m[38;2;49;66;63m[48;2;27;27;27m▀[0m[38;2;70;99;95m[48;2;44;58;56m▀[0m[38;2;76;110;104m[48;2;70;100;94m▀[0m[38;2;77;113;107m[48;2;78;113;108m▀[0m[38;2;31;39;38m[48;2;22;26;25m▀[0m[38;2;0;0;0m[48;2;0;0;0m▀[0m  [38;2;47;63;63m▄[0m[38;2;34;41;41m[48;2;30;54;52m▀[0m[38;2;66;46;44m[48;2;94;46;44m▀[0m[38;2;163;43;39m[48;2;228;27;26m▀[0m[38;2;213;41;37m[48;2;211;62;36m▀[0m[38;2;114;53;50m[48;2;72;64;49m▀[0m[38;2;101;41;42m[48;2;22;49;51m▀[0m[38;2;111;99;44m[48;2;65;56;40m▀[0m[38;2;109;50;43m[48;2;72;65;39m▀[0m[38;2;26;50;51m[48;2;80;66;38m▀[0m[38;2;41;52;48m[48;2;82;66;37m▀[0m[38;2;99;72;32m[48;2;94;70;34m▀[0m[38;2;94;70;34m[48;2;94;70;34m▀[0m[38;2;94;70;34m[48;2;94;70;34m▀[0m[38;2;94;70;34m[48;2;94;70;34m▀[0m[38;2;94;70;34m[48;2;95;71;34m▀[0m[38;2;94;70;34m[48;2;99;75;35m▀[0m[38;2;96;72;34m[48;2;74;48;32m▀[0m[38;2;99;73;35m[48;2;35;27;20m▀[0m[38;2;99;73;35m[48;2;32;27;19m▀[0m[38;2;66;41;29m[48;2;102;80;47m▀[0m[38;2;65;39;29m[48;2;104;81;48m▀[0m[38;2;65;39;29m[48;2;104;81;48m▀[0m[38;2;63;38;28m[48;2;103;80;47m▀[0m[38;2;75;50;34m[48;2;111;88;50m▀[0m[38;2;99;77;47m[48;2;126;105;56m▀[0m[38;2;96;73;45m[48;2;125;103;55m▀[0m[38;2;107;84;46m[48;2;124;102;55m▀[0m[38;2;124;103;54m[48;2;125;103;56m▀[0m[38;2;101;78;39m[48;2;100;77;38m▀[0m[38;2;94;69;33m[48;2;94;71;33m▀[0m[38;2;69;52;28m[48;2;98;73;35m▀[0m[38;2;57;37;35m[48;2;17;17;16m▀[0m[38;2;165;136;117m[48;2;106;65;53m▀[0m[38;2;180;156;141m[48;2;118;77;67m▀[0m[38;2;178;154;138m[48;2;141;92;85m▀[0m[38;2;178;154;138m[48;2;139;91;84m▀[0m[38;2;178;154;138m[48;2;141;92;85m▀[0m[38;2;182;159;144m[48;2;125;83;73m▀[0m[38;2;151;111;99m[48;2;102;59;49m▀[0m[38;2;136;87;76m[48;2;99;52;44m▀[0m[38;2;108;60;52m[48;2;94;50;40m▀[0m[38;2;95;49;39m[48;2;38;25;22m▀[0m[38;2;16;15;15m[48;2;117;94;79m▀[0m[38;2;177;151;136m[48;2;179;154;138m▀[0m[38;2;177;152;138m[48;2;176;150;135m▀[0m[38;2;178;153;140m[48;2;176;150;136m▀[0m[38;2;167;139;122m[48;2;166;138;121m▀[0m[38;2;147;115;93m[48;2;148;116;94m▀[0m[38;2;148;116;95m[48;2;155;125;102m▀[0m[38;2;164;130;106m[48;2;129;90;72m▀[0m[38;2;59;50;43m[48;2;40;28;25m▀[0m[38;2;0;0;0m[48;2;0;9;9m▀[0m  
                  [38;2;23;34;34m▀[0m[38;2;24;29;29m[48;2;0;0;0m▀[0m[38;2;26;31;30m[48;2;0;0;0m▀[0m[38;2;19;23;23m▀[0m[38;2;0;0;0m▀[0m[38;2;12;12;12m▄[0m[38;2;0;0;0m[48;2;17;19;20m▀[0m[38;2;18;22;23m[48;2;51;63;51m▀[0m[38;2;53;70;55m[48;2;165;78;45m▀[0m[38;2;181;68;41m[48;2;210;57;36m▀[0m[38;2;217;56;35m[48;2;125;105;55m▀[0m[38;2;81;77;52m[48;2;68;71;52m▀[0m[38;2;34;51;51m[48;2;68;59;39m▀[0m[38;2;74;63;39m[48;2;96;71;33m▀[0m[38;2;96;71;34m[48;2;94;70;34m▀[0m[38;2;96;71;34m[48;2;94;70;34m▀[0m[38;2;96;71;34m[48;2;94;70;34m▀[0m[38;2;96;71;34m[48;2;94;70;34m▀[0m[38;2;94;70;34m[48;2;94;70;34m▀[0m[38;2;94;70;34m[48;2;96;72;34m▀[0m[38;2;94;70;34m[48;2;83;57;33m▀[0m[38;2;97;74;34m[48;2;36;23;22m▀[0m[38;2;79;53;32m[48;2;57;34;28m▀[0m[38;2;32;24;20m[48;2;89;47;38m▀[0m[38;2;68;38;32m[48;2;90;48;38m▀[0m[38;2;84;44;37m[48;2;97;51;41m▀[0m[38;2;19;16;16m[48;2;24;19;17m▀[0m[38;2;97;75;37m[48;2;56;32;28m▀[0m[38;2;125;103;55m[48;2;98;74;37m▀[0m[38;2;124;102;55m[48;2;123;101;55m▀[0m[38;2;124;102;55m[48;2;122;100;54m▀[0m[38;2;123;102;55m[48;2;122;100;54m▀[0m[38;2;122;100;54m[48;2;124;102;55m▀[0m[38;2;122;100;54m[48;2;109;86;45m▀[0m[38;2;124;102;55m[48;2;97;73;35m▀[0m[38;2;107;83;43m[48;2;70;44;31m▀[0m[38;2;97;73;34m[48;2;57;31;29m▀[0m[38;2;66;41;30m[48;2;56;30;29m▀[0m[38;2;61;35;30m[48;2;55;29;29m▀[0m[38;2;19;17;17m[48;2;50;28;27m▀[0m[38;2;92;47;38m[48;2;29;21;20m▀[0m[38;2;91;47;37m[48;2;95;50;40m▀[0m[38;2;96;50;41m[48;2;92;49;39m▀[0m[38;2;96;50;41m[48;2;91;49;39m▀[0m[38;2;96;50;41m[48;2;91;49;38m▀[0m[38;2;92;48;38m[48;2;92;49;39m▀[0m[38;2;90;47;37m[48;2;92;49;39m▀[0m[38;2;91;48;38m[48;2;96;51;40m▀[0m[38;2;96;51;40m[48;2;34;23;22m▀[0m[38;2;20;17;17m[48;2;11;11;11m▀[0m[38;2;101;61;49m[48;2;22;16;16m▀[0m[38;2;109;70;58m[48;2;91;48;38m▀[0m[38;2;160;130;110m[48;2;97;55;44m▀[0m[38;2;179;154;140m[48;2;99;57;47m▀[0m[38;2;171;144;126m[48;2;98;57;46m▀[0m[38;2;127;91;73m[48;2;94;51;41m▀[0m[38;2;98;56;45m[48;2;91;47;38m▀[0m[38;2;99;54;43m[48;2;96;50;40m▀[0m[38;2;37;25;22m[48;2;38;26;23m▀[0m[38;2;0;9;9m[48;2;0;10;10m▀[0m  
                      [38;2;0;0;0m[48;2;0;0;0m▀[0m[38;2;21;19;16m[48;2;18;20;16m▀[0m[38;2;96;67;35m[48;2;114;59;31m▀[0m[38;2;105;58;42m[48;2;229;37;27m▀[0m[38;2;124;101;53m[48;2;79;71;35m▀[0m[38;2;121;96;52m[48;2;103;59;35m▀[0m[38;2;120;100;54m[48;2;105;54;36m▀[0m[38;2;105;81;42m[48;2;92;70;34m▀[0m[38;2;93;68;33m[48;2;94;70;34m▀[0m[38;2;94;70;34m[48;2;94;70;34m▀[0m[38;2;94;70;34m[48;2;95;71;34m▀[0m[38;2;94;70;34m[48;2;96;72;35m▀[0m[38;2;95;71;34m[48;2;82;61;31m▀[0m[38;2;95;70;34m[48;2;80;59;31m▀[0m[38;2;93;68;34m[48;2;50;30;27m▀[0m[38;2;68;53;27m[48;2;43;36;22m▀[0m[38;2;27;20;19m[48;2;84;58;33m▀[0m[38;2;73;39;34m[48;2;70;36;33m▀[0m[38;2;93;49;40m[48;2;94;50;40m▀[0m[38;2;93;49;39m[48;2;92;49;39m▀[0m[38;2;92;49;39m[48;2;92;49;39m▀[0m[38;2;92;49;39m[48;2;92;49;39m▀[0m[38;2;91;48;38m[48;2;93;50;39m▀[0m[38;2;25;19;19m[48;2;88;47;37m▀[0m[38;2;57;33;28m[48;2;15;15;15m▀[0m[38;2;91;69;34m[48;2;19;15;16m▀[0m[38;2;93;68;34m[48;2;54;29;29m▀[0m[38;2;92;68;34m[48;2;57;30;29m▀[0m[38;2;94;70;34m[48;2;56;30;29m▀[0m[38;2;74;49;31m[48;2;55;29;29m▀[0m[38;2;55;29;29m[48;2;56;30;29m▀[0m[38;2;56;30;29m[48;2;55;29;29m▀[0m[38;2;56;30;29m[48;2;56;30;29m▀[0m[38;2;56;30;29m[48;2;56;30;29m▀[0m[38;2;56;30;29m[48;2;56;30;29m▀[0m[38;2;54;29;28m[48;2;57;30;29m▀[0m[38;2;20;17;17m[48;2;51;28;27m▀[0m[38;2;63;33;31m[48;2;17;16;16m▀[0m[38;2;92;49;39m[48;2;52;28;28m▀[0m[38;2;91;48;39m[48;2;67;36;33m▀[0m[38;2;93;49;39m[48;2;88;47;38m▀[0m[38;2;92;49;39m[48;2;89;48;38m▀[0m[38;2;95;50;40m[48;2;90;48;39m▀[0m[38;2;66;36;32m[48;2;33;23;21m▀[0m[38;2;20;16;17m[48;2;0;7;7m▀[0m[38;2;0;12;12m▀[0m[38;2;16;15;15m[48;2;0;0;0m▀[0m[38;2;88;47;38m[48;2;17;15;15m▀[0m[38;2;90;48;38m[48;2;56;31;29m▀[0m[38;2;93;49;39m[48;2;86;46;38m▀[0m[38;2;92;49;38m[48;2;88;47;38m▀[0m[38;2;92;49;39m[48;2;90;48;39m▀[0m[38;2;95;50;41m[48;2;79;42;36m▀[0m[38;2;46;29;25m[48;2;30;21;21m▀[0m[38;2;6;13;13m[48;2;3;11;11m▀[0m[38;2;0;0;0m▀[0m  
                       [38;2;0;0;0m[48;2;0;19;19m▀[0m[38;2;51;16;16m[48;2;45;17;17m▀[0m[38;2;245;35;30m[48;2;186;28;24m▀[0m[38;2;106;53;37m[48;2;165;38;33m▀[0m[38;2;168;52;31m[48;2;164;43;36m▀[0m[38;2;186;36;32m[48;2;219;35;30m▀[0m[38;2;79;62;37m[48;2;116;63;36m▀[0m[38;2;95;72;34m[48;2;87;66;35m▀[0m[38;2;98;73;35m[48;2;71;54;28m▀[0m[38;2;86;61;32m[48;2;74;50;35m▀[0m[38;2;74;56;29m[48;2;37;29;20m▀[0m[38;2;29;25;18m[48;2;96;72;34m▀[0m[38;2;36;30;20m[48;2;98;73;35m▀[0m[38;2;99;74;35m[48;2;91;67;34m▀[0m[38;2;100;75;35m[48;2;89;63;33m▀[0m[38;2;78;55;32m[48;2;77;56;31m▀[0m[38;2;72;37;34m[48;2;58;31;30m▀[0m[38;2;96;51;40m[48;2;82;44;37m▀[0m[38;2;92;49;39m[48;2;88;47;38m▀[0m[38;2;93;50;39m[48;2;83;44;36m▀[0m[38;2;94;50;39m[48;2;79;42;36m▀[0m[38;2;87;46;38m[48;2;46;26;25m▀[0m[38;2;47;27;26m[48;2;13;14;14m▀[0m[38;2;15;14;15m▀[0m[38;2;0;0;0m▀[0m[38;2;22;17;17m[48;2;8;8;8m▀[0m[38;2;50;28;27m[48;2;10;13;13m▀[0m[38;2;51;28;28m[48;2;23;16;17m▀[0m[38;2;63;37;30m[48;2;69;46;31m▀[0m[38;2;59;33;29m[48;2;78;53;32m▀[0m[38;2;62;37;30m[48;2;79;54;32m▀[0m[38;2;57;31;29m[48;2;74;49;31m▀[0m[38;2;55;29;29m[48;2;57;32;29m▀[0m[38;2;56;30;29m[48;2;56;30;29m▀[0m[38;2;56;30;29m[48;2;55;30;29m▀[0m[38;2;46;26;25m[48;2;23;19;17m▀[0m[38;2;26;20;18m[48;2;85;45;36m▀[0m[38;2;23;18;18m[48;2;25;18;20m▀[0m[38;2;55;29;28m[48;2;81;44;41m▀[0m[38;2;54;28;27m[48;2;89;48;43m▀[0m[38;2;89;47;40m[48;2;125;69;62m▀[0m[38;2;41;28;25m[48;2;81;48;47m▀[0m[38;2;0;0;5m[48;2;18;12;18m▀[0m[38;2;0;0;0m▄[0m  [38;2;0;0;0m▀[0m[38;2;11;14;14m▀[0m[38;2;20;16;16m[48;2;0;0;9m▀[0m[38;2;54;30;28m[48;2;33;22;21m▀[0m[38;2;78;41;35m[48;2;80;42;36m▀[0m[38;2;99;53;41m[48;2;93;48;40m▀[0m[38;2;58;34;29m[48;2;97;54;40m▀[0m[38;2;13;11;13m[48;2;65;49;32m▀[0m[38;2;0;0;0m[48;2;21;23;17m▀[0m  
                        [38;2;0;0;0m▀[0m[38;2;0;17;17m▀[0m[38;2;39;34;31m[48;2;0;0;0m▀[0m[38;2;101;33;28m[48;2;0;12;12m▀[0m[38;2;162;22;21m[48;2;0;12;14m▀[0m[38;2;109;41;25m[48;2;0;10;14m▀[0m[38;2;49;38;28m[48;2;0;0;0m▀[0m[38;2;25;13;19m[48;2;59;29;32m▀[0m[38;2;116;96;52m[48;2;85;60;40m▀[0m[38;2;114;89;45m[48;2;126;103;56m▀[0m[38;2;97;73;35m[48;2;75;50;32m▀[0m[38;2;95;71;34m[48;2;95;70;33m▀[0m[38;2;87;61;34m[48;2;89;65;34m▀[0m[38;2;59;33;30m[48;2;26;16;19m▀[0m[38;2;47;39;21m[48;2;0;3;11m▀[0m[38;2;18;14;16m[48;2;0;7;10m▀[0m[38;2;54;30;28m[48;2;57;40;27m▀[0m[38;2;87;45;38m[48;2;98;62;37m▀[0m[38;2;75;39;35m[48;2;95;60;37m▀[0m[38;2;70;44;31m[48;2;100;73;36m▀[0m[38;2;19;18;16m[48;2;19;18;16m▀[0m     [38;2;4;9;9m▀[0m[38;2;22;15;19m[48;2;0;9;9m▀[0m[38;2;68;45;30m[48;2;22;15;19m▀[0m[38;2;77;51;32m[48;2;68;45;31m▀[0m[38;2;78;53;32m[48;2;82;54;33m▀[0m[38;2;59;34;30m[48;2;59;33;30m▀[0m[38;2;58;30;30m[48;2;36;23;22m▀[0m[38;2;34;20;22m[48;2;55;43;25m▀[0m[38;2;34;21;21m[48;2;72;47;30m▀[0m[38;2;56;35;26m[48;2;21;21;16m▀[0m[38;2;69;46;34m[48;2;125;95;53m▀[0m[38;2;136;75;72m[48;2;126;88;62m▀[0m[38;2;130;71;69m[48;2;126;88;61m▀[0m[38;2;126;68;68m[48;2;127;88;62m▀[0m[38;2;135;84;68m[48;2;113;87;49m▀[0m[38;2;83;65;43m[48;2;118;93;46m▀[0m[38;2;26;24;19m[48;2;34;29;22m▀[0m[38;2;0;0;0m[48;2;0;0;9m▀[0m   [38;2;0;0;12m[48;2;0;0;4m▀[0m[38;2;35;33;23m[48;2;52;46;31m▀[0m[38;2;73;54;33m[48;2;130;106;56m▀[0m[38;2;92;55;36m[48;2;108;87;44m▀[0m[38;2;98;71;39m[48;2;121;99;53m▀[0m[38;2;130;107;55m[48;2;115;93;49m▀[0m[38;2;53;39;30m[48;2;86;59;35m▀[0m[38;2;14;12;14m[48;2;23;20;18m▀[0m[38;2;0;0;0m[48;2;0;14;14m▀[0m
                                [38;2;51;24;27m[48;2;58;29;29m▀[0m[38;2;82;56;39m[48;2;24;16;18m▀[0m[38;2;79;53;32m[48;2;120;96;50m▀[0m[38;2;107;86;45m[48;2;98;75;39m▀[0m[38;2;39;31;20m[48;2;7;9;12m▀[0m[38;2;0;7;11m▀[0m[38;2;0;0;0m▄[0m[38;2;0;0;7m[48;2;54;46;30m▀[0m[38;2;67;56;33m[48;2;115;95;53m▀[0m[38;2;105;81;39m[48;2;121;98;52m▀[0m[38;2;93;70;33m[48;2;99;75;37m▀[0m[38;2;95;71;34m[48;2;93;69;33m▀[0m[38;2;68;52;28m[48;2;99;73;35m▀[0m[38;2;17;17;16m[48;2;19;18;17m▀[0m[38;2;0;0;0m[48;2;0;0;0m▀[0m     [38;2;0;9;9m▀[0m[38;2;34;18;23m▀[0m[38;2;45;35;22m[48;2;0;0;9m▀[0m[38;2;60;34;31m[48;2;49;28;28m▀[0m[38;2;17;16;16m[48;2;17;16;15m▀[0m[38;2;93;69;34m[48;2;86;64;32m▀[0m[38;2;50;41;25m[48;2;24;22;19m▀[0m[38;2;87;72;41m[48;2;129;105;56m▀[0m[38;2;105;82;41m[48;2;112;89;47m▀[0m[38;2;102;81;39m[48;2;113;90;47m▀[0m[38;2;103;81;40m[48;2;113;90;47m▀[0m[38;2;103;82;40m[48;2;114;91;48m▀[0m[38;2;96;73;35m[48;2;101;77;39m▀[0m[38;2;96;71;33m[48;2;97;72;34m▀[0m[38;2;29;25;19m[48;2;29;25;19m▀[0m[38;2;0;0;9m[48;2;0;0;9m▀[0m  [38;2;0;10;10m[48;2;0;5;11m▀[0m[38;2;30;25;18m[48;2;37;30;21m▀[0m[38;2;81;62;33m[48;2;101;74;35m▀[0m[38;2;108;85;43m[48;2;92;68;33m▀[0m[38;2;107;83;43m[48;2;93;69;33m▀[0m[38;2;106;83;43m[48;2;93;68;33m▀[0m[38;2;96;72;35m[48;2;94;70;34m▀[0m[38;2;98;73;35m[48;2;97;72;35m▀[0m[38;2;25;22;18m[48;2;21;19;17m▀[0m[38;2;0;0;15m[48;2;0;0;0m▀[0m
                                 [38;2;5;11;11m▀[0m[38;2;36;32;23m[48;2;0;0;9m▀[0m[38;2;27;23;17m[48;2;0;0;10m▀[0m[38;2;12;12;12m▀[0m[38;2;157;157;213m[48;2;18;18;33m▀[0m[38;2;84;86;122m[48;2;60;53;44m▀[0m[38;2;57;47;23m[48;2;121;99;53m▀[0m[38;2;131;108;58m[48;2;123;101;54m▀[0m[38;2;125;103;55m[48;2;124;102;55m▀[0m[38;2;101;78;39m[48;2;101;78;39m▀[0m[38;2;93;69;33m[48;2;93;69;33m▀[0m[38;2;95;71;34m[48;2;95;71;34m▀[0m[38;2;18;17;16m[48;2;18;17;16m▀[0m[38;2;0;0;0m[48;2;0;0;0m▀[0m         [38;2;14;15;14m[48;2;52;28;28m▀[0m[38;2;86;65;32m[48;2;88;65;32m▀[0m[38;2;27;24;19m[48;2;27;24;19m▀[0m[38;2;126;103;56m[48;2;126;103;56m▀[0m[38;2;123;101;55m[48;2;122;100;54m▀[0m[38;2;123;101;55m[48;2;122;100;54m▀[0m[38;2;123;101;55m[48;2;122;100;54m▀[0m[38;2;125;103;56m[48;2;124;102;55m▀[0m[38;2;104;80;41m[48;2;104;80;41m▀[0m[38;2;97;72;34m[48;2;97;72;34m▀[0m[38;2;29;25;19m[48;2;29;25;19m▀[0m[38;2;0;0;9m[48;2;0;0;10m▀[0m  [38;2;0;6;12m[48;2;0;6;12m▀[0m[38;2;35;29;20m[48;2;35;29;20m▀[0m[38;2;99;73;35m[48;2;99;73;35m▀[0m[38;2;94;70;34m[48;2;94;70;34m▀[0m[38;2;94;70;34m[48;2;94;70;34m▀[0m[38;2;94;70;34m[48;2;94;70;34m▀[0m[38;2;94;70;34m[48;2;94;70;34m▀[0m[38;2;95;70;34m[48;2;94;70;34m▀[0m[38;2;82;62;31m[48;2;97;72;34m▀[0m[38;2;19;18;15m[48;2;20;19;16m▀[0m
                                    [38;2;0;0;0m[48;2;43;16;21m▀[0m[38;2;6;3;10m[48;2;77;50;37m▀[0m[38;2;56;48;30m[48;2;126;105;56m▀[0m[38;2;130;107;57m[48;2;122;100;54m▀[0m[38;2;122;100;54m[48;2;122;100;54m▀[0m[38;2;124;102;55m[48;2;124;102;55m▀[0m[38;2;101;78;39m[48;2;101;78;39m▀[0m[38;2;93;69;33m[48;2;93;69;33m▀[0m[38;2;95;71;34m[48;2;97;72;34m▀[0m[38;2;18;17;16m[48;2;18;17;16m▀[0m[38;2;0;0;0m[48;2;0;0;0m▀[0m        [38;2;54;29;29m[48;2;54;28;28m▀[0m[38;2;92;67;34m[48;2;93;66;35m▀[0m[38;2;88;66;32m[48;2;88;66;32m▀[0m[38;2;27;24;19m[48;2;27;24;19m▀[0m[38;2;126;103;56m[48;2;126;103;56m▀[0m[38;2;122;100;54m[48;2;122;100;54m▀[0m[38;2;122;100;54m[48;2;122;100;54m▀[0m[38;2;122;100;54m[48;2;122;100;54m▀[0m[38;2;122;100;54m[48;2;122;101;54m▀[0m[38;2;123;101;54m[48;2;125;103;55m▀[0m[38;2;101;78;39m[48;2;101;78;39m▀[0m[38;2;93;69;33m[48;2;96;71;34m▀[0m[38;2;22;20;16m[48;2;23;21;17m▀[0m[38;2;0;0;0m[48;2;0;0;0m▀[0m [38;2;0;6;12m[48;2;56;28;35m▀[0m[38;2;36;30;20m[48;2;66;39;32m▀[0m[38;2;99;73;35m[48;2;93;70;34m▀[0m[38;2;94;70;34m[48;2;95;71;34m▀[0m[38;2;94;70;34m[48;2;95;71;34m▀[0m[38;2;94;70;34m[48;2;92;68;34m▀[0m[38;2;94;70;34m[48;2;89;65;33m▀[0m[38;2;94;70;34m[48;2;94;70;34m▀[0m[38;2;95;71;34m[48;2;96;72;34m▀[0m[38;2;20;19;16m[48;2;20;19;16m▀[0m
                                   [38;2;63;31;31m▄[0m[38;2;38;12;19m[48;2;51;24;27m▀[0m[38;2;78;51;37m[48;2;68;43;34m▀[0m[38;2;128;107;57m[48;2;114;92;51m▀[0m[38;2;122;100;54m[48;2;127;105;56m▀[0m[38;2;122;100;54m[48;2;127;106;56m▀[0m[38;2;120;98;53m[48;2;106;83;41m▀[0m[38;2;101;77;38m[48;2;84;60;31m▀[0m[38;2;95;71;34m[48;2;84;60;33m▀[0m[38;2;82;62;31m[48;2;19;17;16m▀[0m[38;2;18;17;16m[48;2;0;0;0m▀[0m[38;2;0;0;0m▀[0m        [38;2;54;29;29m[48;2;52;28;28m▀[0m[38;2;92;49;39m[48;2;81;43;36m▀[0m[38;2;88;62;34m[48;2;87;46;38m▀[0m[38;2;27;24;19m[48;2;25;23;18m▀[0m[38;2;127;105;56m[48;2;118;91;52m▀[0m[38;2;122;100;54m[48;2;125;104;56m▀[0m[38;2;122;101;54m[48;2;119;96;52m▀[0m[38;2;124;103;55m[48;2;113;86;48m▀[0m[38;2;119;95;52m[48;2;105;66;47m▀[0m[38;2;117;91;51m[48;2;99;50;45m▀[0m[38;2;99;76;38m[48;2;95;61;38m▀[0m[38;2;96;72;34m[48;2;97;72;34m▀[0m[38;2;23;21;17m[48;2;23;21;17m▀[0m[38;2;0;0;0m[48;2;0;0;0m▀[0m[38;2;0;0;0m[48;2;0;11;11m▀[0m[38;2;38;25;22m[48;2;29;22;20m▀[0m[38;2;64;34;32m[48;2;99;53;41m▀[0m[38;2;70;42;32m[48;2;84;45;37m▀[0m[38;2;88;65;33m[48;2;62;32;31m▀[0m[38;2;88;65;33m[48;2;62;32;31m▀[0m[38;2;71;43;31m[48;2;82;44;36m▀[0m[38;2;59;29;30m[48;2;97;52;40m▀[0m[38;2;81;56;32m[48;2;69;36;33m▀[0m[38;2;88;64;33m[48;2;65;34;32m▀[0m[38;2;20;18;16m[48;2;19;17;17m▀[0m
                                   [38;2;51;25;25m[48;2;19;19;19m▀[0m[38;2;64;34;32m[48;2;64;35;32m▀[0m[38;2;67;34;32m[48;2;101;54;42m▀[0m[38;2;76;47;36m[48;2;87;45;37m▀[0m[38;2;98;76;45m[48;2;67;33;31m▀[0m[38;2;97;74;45m[48;2;68;34;32m▀[0m[38;2;85;62;36m[48;2;68;35;32m▀[0m[38;2;69;39;31m[48;2;88;47;38m▀[0m[38;2;68;34;33m[48;2;98;52;41m▀[0m[38;2;21;17;17m[48;2;24;19;18m▀[0m[38;2;0;19;19m[48;2;0;0;0m▀[0m        [38;2;52;27;27m[48;2;53;29;27m▀[0m[38;2;69;37;32m[48;2;94;49;39m▀[0m[38;2;68;37;33m[48;2;96;51;40m▀[0m[38;2;76;40;34m[48;2;37;23;23m▀[0m[38;2;18;15;16m[48;2;77;47;45m▀[0m[38;2;108;60;49m[48;2;126;70;66m▀[0m[38;2;109;83;47m[48;2;103;54;49m▀[0m[38;2;107;70;47m[48;2;114;62;57m▀[0m[38;2;100;51;47m[48;2;130;73;69m▀[0m[38;2;117;64;59m[48;2;127;72;67m▀[0m[38;2;132;75;71m[48;2;128;72;68m▀[0m[38;2;102;53;47m[48;2;101;55;46m▀[0m[38;2;94;60;37m[48;2;93;48;39m▀[0m[38;2;23;20;17m[48;2;23;18;17m▀[0m[38;2;0;0;0m[48;2;0;0;0m▀[0m[38;2;0;11;11m[48;2;0;0;0m▀[0m[38;2;26;20;18m[48;2;44;27;25m▀[0m[38;2;97;51;40m[48;2;92;49;39m▀[0m[38;2;95;51;40m[48;2;70;38;33m▀[0m[38;2;96;51;40m[48;2;82;44;36m▀[0m[38;2;94;50;40m[48;2;94;50;40m▀[0m[38;2;93;49;39m[48;2;92;49;39m▀[0m[38;2;92;49;39m[48;2;92;49;39m▀[0m[38;2;95;50;39m[48;2;95;50;39m▀[0m[38;2;86;46;37m[48;2;43;26;24m▀[0m[38;2;21;18;18m[48;2;0;0;255m▀[0m
                                 [38;2;0;0;0m▄[0m[38;2;57;30;29m▄[0m[38;2;56;30;30m[48;2;82;44;37m▀[0m[38;2;79;42;36m[48;2;71;38;33m▀[0m[38;2;67;36;32m[48;2;80;42;35m▀[0m[38;2;79;42;36m[48;2;72;38;34m▀[0m[38;2;97;52;41m[48;2;79;41;36m▀[0m[38;2;94;50;40m[48;2;98;52;41m▀[0m[38;2;94;50;40m[48;2;97;51;40m▀[0m[38;2;93;49;39m[48;2;97;51;40m▀[0m[38;2;95;50;40m[48;2;100;52;41m▀[0m[38;2;24;19;18m[48;2;25;20;19m▀[0m[38;2;0;0;0m[48;2;0;0;0m▀[0m        [38;2;55;29;28m[48;2;54;27;31m▀[0m[38;2;75;40;35m[48;2;52;27;27m▀[0m[38;2;74;40;35m[48;2;58;29;29m▀[0m[38;2;17;16;15m[48;2;41;24;23m▀[0m[38;2;118;65;57m[48;2;73;39;35m▀[0m[38;2;128;72;67m[48;2;122;69;64m▀[0m[38;2;134;76;71m[48;2;71;39;37m▀[0m[38;2;130;74;69m[48;2;97;54;51m▀[0m[38;2;126;71;66m[48;2;132;75;69m▀[0m[38;2;126;71;66m[48;2;127;71;67m▀[0m[38;2;130;73;69m[48;2;112;62;54m▀[0m[38;2;102;55;47m[48;2;94;50;41m▀[0m[38;2;93;49;39m[48;2;94;50;40m▀[0m[38;2;23;18;17m[48;2;23;18;17m▀[0m[38;2;17;17;17m[48;2;12;12;12m▀[0m[38;2;59;31;29m[48;2;66;35;32m▀[0m[38;2;79;42;36m[48;2;91;48;39m▀[0m[38;2;72;38;33m[48;2;65;35;32m▀[0m[38;2;75;40;34m[48;2;102;54;42m▀[0m[38;2;70;38;33m[48;2;92;49;40m▀[0m[38;2;81;44;37m[48;2;78;41;36m▀[0m[38;2;98;52;41m[48;2;52;31;28m▀[0m[38;2;97;51;41m[48;2;39;26;23m▀[0m[38;2;100;52;42m[48;2;43;28;25m▀[0m[38;2;24;20;18m[48;2;23;19;16m▀[0m[38;2;0;0;14m[48;2;0;0;0m▀[0m
                                 [38;2;0;0;0m[48;2;0;0;0m▀[0m[38;2;61;32;31m[48;2;21;17;17m▀[0m[38;2;92;49;39m[48;2;26;20;19m▀[0m[38;2;62;33;30m[48;2;22;18;17m▀[0m[38;2;100;53;42m[48;2;27;20;19m▀[0m[38;2;96;50;40m[48;2;28;22;20m▀[0m[38;2;61;35;30m[48;2;24;19;17m▀[0m[38;2;30;22;20m[48;2;0;7;7m▀[0m[38;2;33;23;21m[48;2;0;7;7m▀[0m[38;2;33;23;21m[48;2;0;7;7m▀[0m[38;2;35;24;22m[48;2;0;7;14m▀[0m[38;2;22;18;18m▀[0m[38;2;0;0;0m▀[0m          [38;2;13;14;14m[48;2;15;14;14m▀[0m[38;2;84;45;37m[48;2;93;50;40m▀[0m[38;2;81;43;37m[48;2;89;47;39m▀[0m[38;2;74;40;37m[48;2;61;32;30m▀[0m[38;2;82;43;35m[48;2;97;52;41m▀[0m[38;2;74;40;34m[48;2;95;50;39m▀[0m[38;2;98;55;52m[48;2;60;35;30m▀[0m[38;2;137;77;72m[48;2;28;22;21m▀[0m[38;2;107;58;49m[48;2;28;21;20m▀[0m[38;2;93;49;39m[48;2;26;20;19m▀[0m[38;2;99;52;41m[48;2;27;20;19m▀[0m[38;2;24;19;18m[48;2;21;17;17m▀[0m[38;2;0;12;12m[48;2;0;0;0m▀[0m[38;2;26;20;19m[48;2;7;14;14m▀[0m[38;2;32;23;21m[48;2;0;7;7m▀[0m[38;2;27;20;19m[48;2;7;14;14m▀[0m[38;2;34;24;21m[48;2;0;7;7m▀[0m[38;2;35;25;22m[48;2;0;7;14m▀[0m[38;2;37;24;22m[48;2;0;0;0m▀[0m[38;2;17;13;17m▀[0m[38;2;0;8;8m▀[0m[38;2;0;8;13m▀[0m  
                                  [38;2;0;14;14m▀[0m[38;2;0;13;13m▀[0m[38;2;0;13;13m▀[0m[38;2;0;0;13m▀[0m[38;2;0;13;13m▀[0m[38;2;0;0;0m▀[0m                [38;2;15;15;15m▀[0m[38;2;21;17;17m▀[0m[38;2;20;17;17m▀[0m[38;2;18;16;16m▀[0m[38;2;21;18;17m▀[0m[38;2;22;19;18m▀[0m[38;2;19;17;15m▀[0m[38;2;0;0;0m▀[0m[38;2;0;0;13m▀[0m[38;2;0;13;13m▀[0m[38;2;0;0;13m▀[0m             
[0m