                                    [38;2;0;0;0m▄[0m[38;2;0;0;0m▄[0m[38;2;0;0;0m[48;2;22;22;22m▀[0m[38;2;9;9;9m[48;2;32;32;32m▀[0m[38;2;13;13;13m[48;2;31;31;31m▀[0m[38;2;16;16;16m[48;2;20;20;20m▀[0m[38;2;15;15;15m[48;2;14;14;14m▀[0m[38;2;19;19;19m[48;2;19;19;19m▀[0m                                    
                                  [38;2;0;0;0m▄[0m[38;2;10;10;10m▄[0m[38;2;0;0;0m[48;2;20;20;20m▀[0m[38;2;3;3;3m[48;2;28;28;28m▀[0m[38;2;26;26;26m[48;2;51;51;51m▀[0m[38;2;69;69;69m[48;2;89;89;89m▀[0m[38;2;69;69;69m[48;2;83;83;83m▀[0m[38;2;29;29;29m[48;2;33;33;33m▀[0m[38;2;10;10;10m[48;2;9;9;9m▀[0m[38;2;6;6;6m[48;2;6;6;6m▀[0m                                    
                                  [38;2;8;8;8m[48;2;0;0;0m▀[0m[38;2;7;7;7m[48;2;5;5;5m▀[0m[38;2;28;28;28m[48;2;29;29;29m▀[0m[38;2;65;65;65m[48;2;77;77;77m▀[0m[38;2;89;89;89m[48;2;102;102;102m▀[0m[38;2;96;96;96m[48;2;99;99;99m▀[0m[38;2;76;76;76m[48;2;76;76;76m▀[0m[38;2;31;31;31m[48;2;32;32;32m▀[0m[38;2;9;9;9m[48;2;8;8;8m▀[0m[38;2;6;6;6m[48;2;6;6;6m▀[0m                                    
                                [38;2;0;0;0m▄[0m[38;2;8;8;8m▄[0m[38;2;0;0;0m[48;2;23;23;23m▀[0m[38;2;4;4;4m[48;2;34;34;34m▀[0m[38;2;26;26;26m[48;2;52;52;51m▀[0m[38;2;72;72;72m[48;2;82;82;81m▀[0m[38;2;98;98;98m[48;2;95;95;95m▀[0m[38;2;99;99;98m[48;2;89;89;92m▀[0m[38;2;77;77;76m[48;2;71;71;73m▀[0m[38;2;32;32;32m[48;2;33;33;34m▀[0m[38;2;8;8;8m[48;2;9;9;9m▀[0m[38;2;6;6;6m[48;2;9;9;9m▀[0m                                    
                                [38;2;9;9;9m[48;2;8;8;8m▀[0m[38;2;9;9;9m[48;2;8;8;8m▀[0m[38;2;26;26;26m[48;2;30;30;30m▀[0m[38;2;67;67;67m[48;2;80;80;80m▀[0m[38;2;90;90;90m[48;2;101;101;102m▀[0m[38;2;94;94;93m[48;2;88;88;90m▀[0m[38;2;88;88;89m[48;2;69;69;73m▀[0m[38;2;72;72;79m[48;2;47;47;52m▀[0m[38;2;58;58;66m[48;2;32;32;39m▀[0m[38;2;48;48;52m[48;2;46;46;57m▀[0m[38;2;17;17;17m▀[0m[38;2;0;0;0m▀[0m                                    
                                [38;2;8;8;8m[48;2;17;17;17m▀[0m[38;2;8;8;8m[48;2;7;7;7m▀[0m[38;2;28;28;28m[48;2;25;25;25m▀[0m[38;2;75;75;75m[48;2;48;48;48m▀[0m[38;2;93;93;95m[48;2;57;56;59m▀[0m[38;2;72;72;79m[48;2;54;53;62m▀[0m[38;2;49;49;56m[48;2;51;51;59m▀[0m[38;2;25;25;27m[48;2;48;48;50m▀[0m[38;2;11;11;11m[48;2;40;40;39m▀[0m[38;2;6;6;6m[48;2;26;26;24m▀[0m[38;2;9;9;9m▄[0m[38;2;0;0;0m▄[0m                                    
                                [38;2;0;0;0m▄[0m[38;2;0;0;0m[48;2;3;3;7m▀[0m[38;2;14;14;7m[48;2;27;27;25m▀[0m[38;2;12;12;10m[48;2;49;52;45m▀[0m[38;2;23;22;24m[48;2;64;68;60m▀[0m[38;2;44;44;51m[48;2;78;82;77m▀[0m[38;2;65;65;73m[48;2;90;93;90m▀[0m[38;2;87;87;89m[48;2;100;101;100m▀[0m[38;2;75;75;75m[48;2;81;81;81m▀[0m[38;2;30;30;30m[48;2;33;33;33m▀[0m[38;2;9;9;9m[48;2;8;8;8m▀[0m[38;2;6;6;6m[48;2;5;5;5m▀[0m                                    
                                [38;2;9;9;9m[48;2;8;8;8m▀[0m[38;2;5;4;7m[48;2;5;4;6m▀[0m[38;2;30;31;29m[48;2;33;34;31m▀[0m[38;2;88;94;82m[48;2;98;105;90m▀[0m[38;2;121;130;111m[48;2;129;139;119m▀[0m[38;2;119;127;109m[48;2;116;122;108m▀[0m[38;2;112;118;105m[48;2;101;104;98m▀[0m[38;2;100;102;99m[48;2;86;87;89m▀[0m[38;2;73;73;74m[48;2;62;62;66m▀[0m[38;2;30;30;30m[48;2;28;28;30m▀[0m[38;2;9;9;9m[48;2;11;11;11m▀[0m[38;2;6;6;6m[48;2;12;12;12m▀[0m                                    
                                [38;2;9;9;9m[48;2;8;8;8m▀[0m[38;2;5;4;7m[48;2;9;7;9m▀[0m[38;2;31;32;29m[48;2;28;28;27m▀[0m[38;2;91;98;84m[48;2;69;72;69m▀[0m[38;2;118;125;110m[48;2;92;96;93m▀[0m[38;2;101;103;98m[48;2;94;95;94m▀[0m[38;2;83;83;85m[48;2;79;79;80m▀[0m[38;2;66;66;73m[48;2;46;46;50m▀[0m[38;2;46;46;53m[48;2;26;26;30m▀[0m[38;2;24;24;26m[48;2;19;19;21m▀[0m[38;2;11;11;11m[48;2;11;11;11m▀[0m[38;2;12;12;12m[48;2;13;13;13m▀[0m                                    
                                [38;2;9;9;9m[48;2;0;0;0m▀[0m[38;2;11;11;11m[48;2;13;13;13m▀[0m[38;2;21;21;22m[48;2;17;17;19m▀[0m[38;2;42;42;49m[48;2;23;22;27m▀[0m[38;2;64;64;71m[48;2;43;42;46m▀[0m[38;2;89;88;91m[48;2;82;82;83m▀[0m[38;2;79;79;78m[48;2;80;80;80m▀[0m[38;2;32;32;32m[48;2;32;32;31m▀[0m[38;2;7;7;7m[48;2;6;6;5m▀[0m[38;2;5;5;5m[48;2;0;0;0m▀[0m                                      
                                  [38;2;0;0;0m[48;2;0;0;0m▀[0m[38;2;6;6;6m[48;2;5;5;5m▀[0m[38;2;29;29;29m[48;2;28;28;28m▀[0m[38;2;78;78;78m[48;2;77;77;77m▀[0m[38;2;82;82;82m[48;2;82;82;82m▀[0m[38;2;34;34;34m[48;2;34;34;34m▀[0m[38;2;8;8;8m[48;2;8;8;8m▀[0m[38;2;5;5;5m[48;2;5;5;5m▀[0m                                      
                                  [38;2;7;7;7m[48;2;7;7;7m▀[0m[38;2;8;8;8m[48;2;8;8;8m▀[0m[38;2;30;30;30m[48;2;30;30;30m▀[0m[38;2;78;78;78m[48;2;78;78;78m▀[0m[38;2;82;82;82m[48;2;82;82;82m▀[0m[38;2;34;34;34m[48;2;34;34;34m▀[0m[38;2;8;8;8m[48;2;8;8;8m▀[0m[38;2;5;5;5m[48;2;5;5;5m▀[0m                                      
                                  [38;2;7;7;7m[48;2;7;7;7m▀[0m[38;2;8;8;8m[48;2;8;8;8m▀[0m[38;2;30;30;30m[48;2;30;30;30m▀[0m[38;2;78;78;78m[48;2;78;78;78m▀[0m[38;2;82;82;82m[48;2;81;81;81m▀[0m[38;2;34;34;34m[48;2;31;31;31m▀[0m[38;2;8;8;8m[48;2;5;5;5m▀[0m[38;2;5;5;5m[48;2;0;0;0m▀[0m                                      
                                  [38;2;7;7;7m[48;2;7;7;0m▀[0m[38;2;8;8;8m[48;2;5;5;4m▀[0m[38;2;29;29;29m[48;2;27;27;26m▀[0m[38;2;78;78;77m[48;2;75;75;75m▀[0m[38;2;83;83;83m[48;2;88;88;90m▀[0m[38;2;38;38;39m[48;2;60;60;65m▀[0m[38;2;13;13;15m[48;2;42;42;48m▀[0m[38;2;11;11;11m[48;2;47;47;55m▀[0m                                      
                                  [38;2;17;17;17m[48;2;70;70;85m▀[0m[38;2;15;15;16m[48;2;43;43;50m▀[0m[38;2;35;35;36m[48;2;57;57;63m▀[0m[38;2;77;77;77m[48;2;83;83;85m▀[0m[38;2;90;90;92m[48;2;87;87;89m▀[0m[38;2;72;72;79m[48;2;67;67;74m▀[0m[38;2;54;54;64m[48;2;46;46;54m▀[0m[38;2;41;41;45m[48;2;24;24;27m▀[0m[38;2;8;8;8m[48;2;12;12;12m▀[0m[38;2;0;0;0m[48;2;17;17;17m▀[0m                                    
                              [38;2;0;0;0m▄[0m[38;2;76;59;68m[48;2;75;57;71m▀[0m[38;2;65;54;65m[48;2;69;53;64m▀[0m[38;2;32;27;27m[48;2;31;26;30m▀[0m[38;2;30;34;37m[48;2;18;20;20m▀[0m[38;2;52;52;62m[48;2;43;42;49m▀[0m[38;2;68;68;76m[48;2;64;64;72m▀[0m[38;2;86;86;88m[48;2;83;83;85m▀[0m[38;2;88;88;89m[48;2;93;93;92m▀[0m[38;2;73;73;78m[48;2;90;90;91m▀[0m[38;2;52;52;57m[48;2;69;69;71m▀[0m[38;2;26;26;28m[48;2;30;30;30m▀[0m[38;2;11;11;11m[48;2;10;10;10m▀[0m[38;2;11;11;11m[48;2;6;6;6m▀[0m    [38;2;63;42;63m[48;2;72;48;62m▀[0m[38;2;66;54;66m[48;2;72;54;65m▀[0m[38;2;75;54;70m[48;2;77;58;70m▀[0m[38;2;70;54;65m[48;2;70;54;66m▀[0m[38;2;81;59;75m[48;2;82;60;75m▀[0m[38;2;92;65;81m[48;2;90;63;82m▀[0m[38;2;94;66;85m[48;2;90;60;79m▀[0m[38;2;255;0;0m[48;2;127;85;85m▀[0m                        
                            [38;2;63;63;63m[48;2;68;51;68m▀[0m[38;2;70;49;63m[48;2;69;52;65m▀[0m[38;2;95;61;85m[48;2;98;62;85m▀[0m[38;2;113;69;96m[48;2;165;83;134m▀[0m[38;2;107;65;92m[48;2;166;79;132m▀[0m[38;2;44;29;38m[48;2;61;30;49m▀[0m[38;2;16;19;18m[48;2;13;18;14m▀[0m[38;2;47;48;52m[48;2;59;63;62m▀[0m[38;2;72;72;77m[48;2;90;90;91m▀[0m[38;2;85;85;86m[48;2;90;90;91m▀[0m[38;2;94;94;93m[48;2;92;92;92m▀[0m[38;2;98;98;97m[48;2;96;96;96m▀[0m[38;2;77;77;77m[48;2;76;76;75m▀[0m[38;2;32;32;31m[48;2;31;31;31m▀[0m[38;2;9;9;9m[48;2;9;9;9m▀[0m[38;2;6;6;6m[48;2;6;6;6m▀[0m  [38;2;42;42;42m[48;2;56;51;56m▀[0m[38;2;67;52;62m[48;2;69;53;64m▀[0m[38;2;102;63;87m[48;2;121;70;103m▀[0m[38;2;106;64;91m[48;2;173;83;139m▀[0m[38;2;123;73;105m[48;2;197;92;156m▀[0m[38;2;115;69;98m[48;2;186;88;148m▀[0m[38;2;101;65;89m[48;2;122;63;100m▀[0m[38;2;78;55;71m[48;2;38;28;35m▀[0m[38;2;65;46;58m[48;2;15;16;13m▀[0m[38;2;85;56;56m[48;2;31;0;0m▀[0m                        
                            [38;2;67;53;67m[48;2;70;56;70m▀[0m[38;2;69;51;64m[48;2;68;51;64m▀[0m[38;2;105;67;92m[48;2;100;64;88m▀[0m[38;2;189;91;152m[48;2;185;89;148m▀[0m[38;2;197;88;155m[48;2;199;92;158m▀[0m[38;2;80;41;67m[48;2;98;60;90m▀[0m[38;2;23;30;27m[48;2;45;51;55m▀[0m[38;2;68;73;70m[48;2;75;78;78m▀[0m[38;2;97;97;96m[48;2;93;93;93m▀[0m[38;2;92;92;92m[48;2;91;91;91m▀[0m[38;2;92;92;92m[48;2;92;92;92m▀[0m[38;2;95;95;95m[48;2;95;95;95m▀[0m[38;2;75;75;75m[48;2;74;74;74m▀[0m[38;2;30;30;30m[48;2;29;29;28m▀[0m[38;2;6;6;6m[48;2;4;4;2m▀[0m[38;2;0;0;0m[48;2;0;0;0m▀[0m[38;2;170;127;170m[48;2;140;87;123m▀[0m[38;2;80;56;70m[48;2;80;56;72m▀[0m[38;2;87;60;78m[48;2;101;66;91m▀[0m[38;2;89;59;80m[48;2;121;71;107m▀[0m[38;2;135;77;115m[48;2;134;76;117m▀[0m[38;2;180;86;146m[48;2;138;75;119m▀[0m[38;2;211;96;167m[48;2;174;86;144m▀[0m[38;2;216;96;170m[48;2;209;95;166m▀[0m[38;2;135;64;108m[48;2;138;66;110m▀[0m[38;2;22;18;21m[48;2;27;20;24m▀[0m[38;2;0;3;0m[48;2;0;6;0m▀[0m[38;2;0;0;0m[48;2;0;0;0m▀[0m                        
                            [38;2;141;85;113m[48;2;255;153;204m▀[0m[38;2;77;56;70m[48;2;92;62;81m▀[0m[38;2;93;61;82m[48;2;83;56;74m▀[0m[38;2;131;64;106m[48;2;47;28;40m▀[0m[38;2;137;66;110m[48;2;34;24;31m▀[0m[38;2;91;66;87m[48;2;67;64;67m▀[0m[38;2;67;71;75m[48;2;89;89;90m▀[0m[38;2;81;83;84m[48;2;89;89;90m▀[0m[38;2;90;90;91m[48;2;89;89;89m▀[0m[38;2;90;90;90m[48;2;90;90;90m▀[0m[38;2;92;92;92m[48;2;91;91;91m▀[0m[38;2;94;94;94m[48;2;93;93;92m▀[0m[38;2;77;77;78m[48;2;83;83;84m▀[0m[38;2;40;40;42m[48;2;61;61;67m▀[0m[38;2;17;18;21m[48;2;37;38;44m▀[0m[38;2;8;11;11m[48;2;14;15;16m▀[0m[38;2;52;36;47m[48;2;30;24;28m▀[0m[38;2;79;56;72m[48;2;76;53;69m▀[0m[38;2;105;69;95m[48;2;91;62;82m▀[0m[38;2;117;70;104m[48;2;86;58;77m▀[0m[38;2;125;72;110m[48;2;106;65;94m▀[0m[38;2;128;74;114m[48;2;134;76;118m▀[0m[38;2;150;81;129m[48;2;131;76;115m▀[0m[38;2;170;85;138m[48;2;106;67;92m▀[0m[38;2;125;64;101m[48;2;90;59;81m▀[0m[38;2;27;21;25m[48;2;56;37;56m▀[0m[38;2;0;7;0m[48;2;0;0;0m▀[0m[38;2;0;0;0m▀[0m                        
                           [38;2;0;0;0m[48;2;7;7;5m▀[0m[38;2;18;16;18m[48;2;15;15;16m▀[0m[38;2;65;48;63m[48;2;38;35;44m▀[0m[38;2;71;56;69m[48;2;63;61;69m▀[0m[38;2;44;46;44m[48;2;91;95;88m▀[0m[38;2;40;51;40m[48;2;109;118;100m▀[0m[38;2;80;86;78m[48;2;113;120;104m▀[0m[38;2;104;106;100m[48;2;113;121;105m▀[0m[38;2;101;104;98m[48;2;115;122;106m▀[0m[38;2;97;99;94m[48;2;109;115;102m▀[0m[38;2;91;91;91m[48;2;94;96;93m▀[0m[38;2;89;89;90m[48;2;87;87;88m▀[0m[38;2;91;90;91m[48;2;89;89;90m▀[0m[38;2;87;87;89m[48;2;91;91;91m▀[0m[38;2;77;77;82m[48;2;90;90;91m▀[0m[38;2;59;59;64m[48;2;80;80;82m▀[0m[38;2;34;34;38m[48;2;60;60;67m▀[0m[38;2;33;29;34m[48;2;39;38;44m▀[0m[38;2;52;38;48m[48;2;18;18;19m▀[0m[38;2;66;46;60m[48;2;38;28;34m▀[0m[38;2;78;55;71m[48;2;81;56;72m▀[0m[38;2;87;58;78m[48;2;70;49;63m▀[0m[38;2;90;54;80m[48;2;26;22;26m▀[0m[38;2;77;49;69m[48;2;14;15;15m▀[0m[38;2;52;42;49m[48;2;16;17;16m▀[0m[38;2;36;33;36m[48;2;13;15;14m▀[0m[38;2;6;13;10m[48;2;10;14;12m▀[0m[38;2;0;0;0m[48;2;5;9;7m▀[0m                         
                 [38;2;62;48;62m[48;2;76;55;69m▀[0m[38;2;67;53;64m[48;2;77;54;69m▀[0m[38;2;71;57;68m[48;2;81;59;75m▀[0m[38;2;65;52;63m[48;2;77;55;70m▀[0m[38;2;63;52;57m[48;2;73;54;66m▀[0m[38;2;68;52;65m[48;2;78;55;71m▀[0m[38;2;120;74;106m[48;2;117;71;104m▀[0m[38;2;142;79;126m[48;2;132;74;116m▀[0m[38;2;63;32;54m[48;2;61;35;54m▀[0m[38;2;7;10;7m[48;2;12;14;12m▀[0m[38;2;30;31;30m[48;2;52;54;53m▀[0m[38;2;49;49;49m[48;2;92;92;91m▀[0m[38;2;64;67;67m[48;2;105;111;101m▀[0m[38;2;82;87;84m[48;2;113;121;105m▀[0m[38;2;109;116;104m[48;2;115;123;106m▀[0m[38;2;124;133;114m[48;2;116;124;106m▀[0m[38;2;120;128;110m[48;2;115;123;106m▀[0m[38;2;117;125;107m[48;2;115;123;106m▀[0m[38;2;118;127;108m[48;2;115;123;106m▀[0m[38;2;114;122;105m[48;2;115;124;106m▀[0m[38;2;104;108;99m[48;2;116;123;106m▀[0m[38;2;96;99;94m[48;2;109;116;102m▀[0m[38;2;92;93;92m[48;2;96;98;94m▀[0m[38;2;92;92;92m[48;2;89;89;90m▀[0m[38;2;93;93;93m[48;2;90;90;90m▀[0m[38;2;88;88;89m[48;2;90;90;90m▀[0m[38;2;77;77;82m[48;2;89;89;89m▀[0m[38;2;61;62;65m[48;2;89;89;89m▀[0m[38;2;41;44;43m[48;2;89;89;89m▀[0m[38;2;41;38;40m[48;2;61;63;62m▀[0m[38;2;54;40;49m[48;2;20;21;20m▀[0m[38;2;57;39;52m[48;2;49;30;44m▀[0m[38;2;55;36;50m[48;2;118;67;104m▀[0m[38;2;54;35;49m[48;2;135;76;119m▀[0m[38;2;55;35;49m[48;2;127;71;111m▀[0m[38;2;58;37;52m[48;2;127;72;112m▀[0m[38;2;60;39;54m[48;2;126;72;110m▀[0m[38;2;60;39;54m[48;2;109;66;97m▀[0m[38;2;78;54;70m[48;2;82;58;75m▀[0m[38;2;35;32;32m[48;2;44;36;41m▀[0m[38;2;0;8;0m[48;2;9;13;11m▀[0m[38;2;0;2;0m[48;2;4;10;6m▀[0m[38;2;0;5;0m[48;2;8;12;10m▀[0m[38;2;0;6;0m[48;2;9;13;11m▀[0m                   
             [38;2;146;77;123m[48;2;138;75;122m▀[0m[38;2;124;72;109m[48;2;129;73;114m▀[0m[38;2;102;67;92m[48;2;110;69;99m▀[0m[38;2;67;52;62m[48;2;78;56;70m▀[0m[38;2;105;63;90m[48;2;128;70;107m▀[0m[38;2;133;74;111m[48;2;192;89;152m▀[0m[38;2;145;80;121m[48;2;202;92;160m▀[0m[38;2;143;78;119m[48;2;198;91;157m▀[0m[38;2;147;80;122m[48;2;210;96;166m▀[0m[38;2;143;78;119m[48;2;195;90;155m▀[0m[38;2;119;66;101m[48;2;95;46;76m▀[0m[38;2;91;55;81m[48;2;18;19;19m▀[0m[38;2;61;47;57m[48;2;52;57;54m▀[0m[38;2;47;49;47m[48;2;88;88;88m▀[0m[38;2;65;66;69m[48;2;69;69;75m▀[0m[38;2;88;88;91m[48;2;63;63;70m▀[0m[38;2;109;116;104m[48;2;95;100;91m▀[0m[38;2;122;131;111m[48;2;119;127;108m▀[0m[38;2;118;127;108m[48;2;117;126;108m▀[0m[38;2;115;123;106m[48;2;115;123;106m▀[0m[38;2;115;123;106m[48;2;115;123;106m▀[0m[38;2;115;123;106m[48;2;115;123;106m▀[0m[38;2;116;124;107m[48;2;115;124;106m▀[0m[38;2;117;126;107m[48;2;117;125;107m▀[0m[38;2;121;130;109m[48;2;120;129;109m▀[0m[38;2;111;118;103m[48;2;105;111;99m▀[0m[38;2;86;89;87m[48;2;69;71;74m▀[0m[38;2;78;78;82m[48;2;62;61;69m▀[0m[38;2;87;87;88m[48;2;83;83;85m▀[0m[38;2;91;91;91m[48;2;92;92;92m▀[0m[38;2;92;92;91m[48;2;91;91;90m▀[0m[38;2;95;95;95m[48;2;91;91;91m▀[0m[38;2;99;99;99m[48;2;92;92;92m▀[0m[38;2;73;75;75m[48;2;81;81;83m▀[0m[38;2;30;34;35m[48;2;60;61;67m▀[0m[38;2;42;31;42m[48;2;39;39;44m▀[0m[38;2;85;51;76m[48;2;20;19;20m▀[0m[38;2;106;62;93m[48;2;38;29;35m▀[0m[38;2;117;70;103m[48;2;77;54;70m▀[0m[38;2;131;76;116m[48;2;108;67;95m▀[0m[38;2;142;79;124m[48;2;131;74;114m▀[0m[38;2;131;76;116m[48;2;132;74;117m▀[0m[38;2;111;70;99m[48;2;129;74;114m▀[0m[38;2;98;58;85m[48;2;157;80;130m▀[0m[38;2;90;48;74m[48;2;189;87;150m▀[0m[38;2;94;48;76m[48;2;205;92;161m▀[0m[38;2;90;47;73m[48;2;191;87;151m▀[0m[38;2;58;32;49m[48;2;100;49;81m▀[0m[38;2;0;5;0m[48;2;8;12;11m▀[0m[38;2;0;2;0m[48;2;0;10;4m▀[0m[38;2;0;7;0m[48;2;10;13;12m▀[0m[38;2;0;6;0m[48;2;10;15;12m▀[0m               
         [38;2;127;72;118m[48;2;133;77;121m▀[0m[38;2;125;72;112m[48;2;132;75;115m▀[0m[38;2;107;70;97m[48;2;115;71;102m▀[0m[38;2;66;52;63m[48;2;79;56;73m▀[0m[38;2;123;69;105m[48;2;123;68;103m▀[0m[38;2;164;84;137m[48;2;191;89;152m▀[0m[38;2;163;85;136m[48;2;204;92;161m▀[0m[38;2;142;76;118m[48;2;196;90;156m▀[0m[38;2;180;87;145m[48;2;209;94;165m▀[0m[38;2;215;97;169m[48;2;202;92;159m▀[0m[38;2;170;77;135m[48;2;110;55;89m▀[0m[38;2;115;55;94m[48;2;16;16;17m▀[0m[38;2;123;58;99m[48;2;7;13;10m▀[0m[38;2;123;59;99m[48;2;19;17;18m▀[0m[38;2;53;26;42m[48;2;12;11;12m▀[0m[38;2;4;10;6m[48;2;18;18;18m▀[0m[38;2;49;54;51m[48;2;62;62;62m▀[0m[38;2;86;86;86m[48;2;87;87;87m▀[0m[38;2;52;52;56m[48;2;42;42;42m▀[0m[38;2;35;35;40m[48;2;18;18;18m▀[0m[38;2;76;78;74m[48;2;59;58;59m▀[0m[38;2;109;114;103m[48;2;96;98;95m▀[0m[38;2;115;123;107m[48;2;110;116;104m▀[0m[38;2;117;126;107m[48;2;117;125;107m▀[0m[38;2;118;127;108m[48;2;118;127;108m▀[0m[38;2;115;123;106m[48;2;112;119;104m▀[0m[38;2;107;113;101m[48;2;97;100;94m▀[0m[38;2;105;109;100m[48;2;90;90;90m▀[0m[38;2;110;114;104m[48;2;96;95;95m▀[0m[38;2;88;91;85m[48;2;75;75;75m▀[0m[38;2;36;37;39m[48;2;24;24;24m▀[0m[38;2;31;30;36m[48;2;23;23;24m▀[0m[38;2;75;75;77m[48;2;74;74;74m▀[0m[38;2;93;93;94m[48;2;95;95;95m▀[0m[38;2;91;91;90m[48;2;91;91;91m▀[0m[38;2;91;91;91m[48;2;90;90;90m▀[0m[38;2;91;91;91m[48;2;90;90;90m▀[0m[38;2;88;88;89m[48;2;93;93;93m▀[0m[38;2;80;80;84m[48;2;94;94;94m▀[0m[38;2;48;50;52m[48;2;62;63;63m▀[0m[38;2;8;13;9m[48;2;18;20;19m▀[0m[38;2;27;22;24m[48;2;34;25;31m▀[0m[38;2;76;54;69m[48;2;78;55;71m▀[0m[38;2;96;63;87m[48;2;87;60;79m▀[0m[38;2;103;63;93m[48;2;81;57;74m▀[0m[38;2;101;63;93m[48;2;75;54;70m▀[0m[38;2;104;64;95m[48;2;78;56;72m▀[0m[38;2;156;79;130m[48;2;134;72;112m▀[0m[38;2;214;96;169m[48;2;197;90;156m▀[0m[38;2;226;100;178m[48;2;205;92;162m▀[0m[38;2;210;95;165m[48;2;197;90;156m▀[0m[38;2;152;72;121m[48;2;195;89;155m▀[0m[38;2;96;49;78m[48;2;194;89;154m▀[0m[38;2;97;50;79m[48;2;206;94;162m▀[0m[38;2;95;49;77m[48;2;190;87;151m▀[0m[38;2;56;32;46m[48;2;91;47;74m▀[0m[38;2;0;4;0m[48;2;8;13;10m▀[0m[38;2;0;2;0m[48;2;5;12;8m▀[0m[38;2;0;7;0m[48;2;12;15;14m▀[0m[38;2;0;7;0m[48;2;14;14;14m▀[0m           
       [38;2;103;66;94m[48;2;122;71;109m▀[0m[38;2;116;70;105m[48;2;126;73;111m▀[0m[38;2;151;82;129m[48;2;163;85;137m▀[0m[38;2;164;83;136m[48;2;193;89;153m▀[0m[38;2;165;86;137m[48;2;202;91;159m▀[0m[38;2;142;76;118m[48;2;197;90;156m▀[0m[38;2;171;84;138m[48;2;201;91;159m▀[0m[38;2;210;95;167m[48;2;199;90;158m▀[0m[38;2;200;93;156m[48;2;171;86;132m▀[0m[38;2;168;84;129m[48;2;127;76;93m▀[0m[38;2;134;66;105m[48;2;59;41;45m▀[0m[38;2;101;50;83m[48;2;16;16;16m▀[0m[38;2;91;51;70m[48;2;100;62;71m▀[0m[38;2;79;52;56m[48;2;180;106;123m▀[0m[38;2;36;29;27m[48;2;99;60;69m▀[0m[38;2;4;11;7m[48;2;15;16;16m▀[0m[38;2;11;16;14m[48;2;37;41;40m▀[0m[38;2;47;47;47m[48;2;97;97;97m▀[0m[38;2;136;135;136m[48;2;202;202;202m▀[0m[38;2;182;182;182m[48;2;252;252;252m▀[0m[38;2;105;105;104m[48;2;161;161;161m▀[0m[38;2;46;46;45m[48;2;83;83;83m▀[0m[38;2;68;67;68m[48;2;83;83;83m▀[0m[38;2;92;92;92m[48;2;90;90;90m▀[0m[38;2;100;102;97m[48;2;90;90;90m▀[0m[38;2;104;108;99m[48;2;90;90;90m▀[0m[38;2;105;109;99m[48;2;90;90;90m▀[0m[38;2;101;105;97m[48;2;90;90;90m▀[0m[38;2;92;93;91m[48;2;90;90;90m▀[0m[38;2;87;86;87m[48;2;87;87;87m▀[0m[38;2;84;83;85m[48;2;78;78;78m▀[0m[38;2;99;99;100m[48;2;123;123;123m▀[0m[38;2;134;134;135m[48;2;230;230;231m▀[0m[38;2;136;137;135m[48;2;238;240;236m▀[0m[38;2;104;108;100m[48;2;146;153;138m▀[0m[38;2;89;93;85m[48;2;99;106;91m▀[0m[38;2;90;90;89m[48;2;92;93;90m▀[0m[38;2;90;90;90m[48;2;88;88;89m▀[0m[38;2;90;90;90m[48;2;90;90;90m▀[0m[38;2;93;93;93m[48;2;91;91;91m▀[0m[38;2;95;95;94m[48;2;92;92;91m▀[0m[38;2;73;74;75m[48;2;81;81;84m▀[0m[38;2;40;41;44m[48;2;62;62;70m▀[0m[38;2;34;30;36m[48;2;33;36;41m▀[0m[38;2;46;35;44m[48;2;12;15;15m▀[0m[38;2;80;54;65m[48;2;76;48;54m▀[0m[38;2;122;77;93m[48;2;172;101;118m▀[0m[38;2;131;83;97m[48;2;197;115;133m▀[0m[38;2;126;79;94m[48;2;183;107;124m▀[0m[38;2;126;75;101m[48;2;130;82;97m▀[0m[38;2;135;71;113m[48;2;82;57;74m▀[0m[38;2;168;81;137m[48;2;130;70;110m▀[0m[38;2;204;92;161m[48;2;197;90;156m▀[0m[38;2;211;95;166m[48;2;204;92;161m▀[0m[38;2;209;95;165m[48;2;197;90;156m▀[0m[38;2;216;98;170m[48;2;197;90;156m▀[0m[38;2;206;94;163m[48;2;197;90;156m▀[0m[38;2;149;71;119m[48;2;197;90;156m▀[0m[38;2;101;51;82m[48;2;197;90;156m▀[0m[38;2;106;54;86m[48;2;210;95;166m▀[0m[38;2;97;50;79m[48;2;186;86;148m▀[0m[38;2;51;31;44m[48;2;84;44;69m▀[0m[38;2;0;2;0m[48;2;6;11;8m▀[0m[38;2;0;0;0m[48;2;0;5;0m▀[0m         
     [38;2;124;68;110m[48;2;120;70;109m▀[0m[38;2;127;72;112m[48;2;126;73;112m▀[0m[38;2;151;81;129m[48;2;163;85;137m▀[0m[38;2;161;82;134m[48;2;193;89;154m▀[0m[38;2;190;92;154m[48;2;203;91;159m▀[0m[38;2;199;91;157m[48;2;197;90;156m▀[0m[38;2;212;94;167m[48;2;205;93;163m▀[0m[38;2;213;95;168m[48;2;203;93;160m▀[0m[38;2;160;72;129m[48;2;115;56;94m▀[0m[38;2;96;46;79m[48;2;19;16;19m▀[0m[38;2;110;62;83m[48;2;75;51;52m▀[0m[38;2;144;87;101m[48;2;178;105;121m▀[0m[38;2;113;71;79m[48;2;190;112;130m▀[0m[38;2;86;56;61m[48;2;183;108;125m▀[0m[38;2;161;99;109m[48;2;224;136;149m▀[0m[38;2;220;133;147m[48;2;238;149;157m▀[0m[38;2;110;65;72m[48;2;110;66;69m▀[0m[38;2;16;17;17m[48;2;17;18;18m▀[0m[38;2;107;112;111m[48;2;151;156;156m▀[0m[38;2;195;195;194m[48;2;252;252;252m▀[0m[38;2;165;165;165m[48;2;123;123;123m▀[0m[38;2;122;122;122m[48;2;13;13;13m▀[0m[38;2;106;106;106m[48;2;49;49;49m▀[0m[38;2;97;97;97m[48;2;92;92;92m▀[0m[38;2;92;92;92m[48;2;92;92;92m▀[0m[38;2;89;89;89m[48;2;90;90;90m▀[0m[38;2;89;88;89m[48;2;90;90;90m▀[0m[38;2;88;88;89m[48;2;90;90;90m▀[0m[38;2;88;88;89m[48;2;90;90;90m▀[0m[38;2;89;88;89m[48;2;90;90;90m▀[0m[38;2;90;89;90m[48;2;90;90;90m▀[0m[38;2;89;89;89m[48;2;91;91;91m▀[0m[38;2;87;87;87m[48;2;95;95;95m▀[0m[38;2;96;96;96m[48;2;72;72;72m▀[0m[38;2;117;117;117m[48;2;16;16;16m▀[0m[38;2;150;151;149m[48;2;66;66;65m▀[0m[38;2;194;197;190m[48;2;221;221;221m▀[0m[38;2;178;181;174m[48;2;233;233;233m▀[0m[38;2;108;109;107m[48;2;120;120;120m▀[0m[38;2;82;82;82m[48;2;78;78;78m▀[0m[38;2;89;89;89m[48;2;88;88;88m▀[0m[38;2;91;91;91m[48;2;91;91;91m▀[0m[38;2;94;94;92m[48;2;92;92;91m▀[0m[38;2;85;85;88m[48;2;80;80;83m▀[0m[38;2;68;68;77m[48;2;61;61;69m▀[0m[38;2;31;36;41m[48;2;34;36;41m▀[0m[38;2;0;7;5m[48;2;15;16;17m▀[0m[38;2;66;42;47m[48;2;78;49;56m▀[0m[38;2;173;101;118m[48;2;173;102;119m▀[0m[38;2;199;116;134m[48;2;191;112;130m▀[0m[38;2;188;109;127m[48;2;180;106;123m▀[0m[38;2;159;97;111m[48;2;187;109;126m▀[0m[38;2;127;81;95m[48;2;182;108;125m▀[0m[38;2;123;74;99m[48;2;126;81;95m▀[0m[38;2;137;73;113m[48;2;80;56;73m▀[0m[38;2;170;82;138m[48;2;132;71;112m▀[0m[38;2;202;91;159m[48;2;197;90;156m▀[0m[38;2;202;91;159m[48;2;204;92;161m▀[0m[38;2;197;90;156m[48;2;197;90;156m▀[0m[38;2;203;92;161m[48;2;197;90;156m▀[0m[38;2;208;95;165m[48;2;197;90;156m▀[0m[38;2;215;97;170m[48;2;197;90;156m▀[0m[38;2;203;92;161m[48;2;198;90;157m▀[0m[38;2;155;73;124m[48;2;212;96;167m▀[0m[38;2;97;49;79m[48;2;186;85;147m▀[0m[38;2;45;27;38m[48;2;81;44;68m▀[0m[38;2;0;2;0m[48;2;8;13;9m▀[0m[38;2;0;0;0m[48;2;3;9;3m▀[0m[38;2;0;0;0m▄[0m[38;2;0;0;0m▄[0m     
   [38;2;127;0;127m▄[0m[38;2;63;63;63m▄[0m[38;2;121;72;113m[48;2;120;71;111m▀[0m[38;2;122;71;110m[48;2;129;73;114m▀[0m[38;2;165;87;140m[48;2;163;84;137m▀[0m[38;2;196;90;155m[48;2;193;89;153m▀[0m[38;2;208;93;164m[48;2;204;92;161m▀[0m[38;2;205;92;162m[48;2;198;90;157m▀[0m[38;2;187;88;147m[48;2;165;83;128m▀[0m[38;2;157;81;121m[48;2;125;74;92m▀[0m[38;2;119;66;90m[48;2;141;85;99m▀[0m[38;2;93;58;66m[48;2;183;107;125m▀[0m[38;2;142;89;95m[48;2;214;129;142m▀[0m[38;2;213;129;141m[48;2;239;148;156m▀[0m[38;2;227;138;151m[48;2;242;151;158m▀[0m[38;2;225;137;150m[48;2;237;148;156m▀[0m[38;2;251;155;165m[48;2;250;154;164m▀[0m[38;2;244;153;160m[48;2;235;146;155m▀[0m[38;2;108;68;70m[48;2;123;79;83m▀[0m[38;2;0;8;7m[48;2;21;20;20m▀[0m[38;2;74;82;84m[48;2;13;16;20m▀[0m[38;2;160;160;165m[48;2;57;58;66m▀[0m[38;2;170;170;173m[48;2;187;187;191m▀[0m[38;2;147;147;147m[48;2;248;248;247m▀[0m[38;2;81;80;81m[48;2;112;113;112m▀[0m[38;2;41;40;41m[48;2;13;13;12m▀[0m[38;2;68;68;68m[48;2;54;54;54m▀[0m[38;2;93;93;93m[48;2;94;94;94m▀[0m[38;2;92;92;92m[48;2;93;93;93m▀[0m[38;2;90;90;90m[48;2;90;90;90m▀[0m[38;2;90;90;90m[48;2;90;90;90m▀[0m[38;2;90;90;90m[48;2;90;90;90m▀[0m[38;2;90;90;90m[48;2;90;90;90m▀[0m[38;2;89;89;89m[48;2;87;87;87m▀[0m[38;2;86;86;86m[48;2;78;78;78m▀[0m[38;2;100;100;100m[48;2;123;123;123m▀[0m[38;2;132;132;133m[48;2;231;231;232m▀[0m[38;2;163;164;162m[48;2;237;239;235m▀[0m[38;2;191;195;187m[48;2;140;146;132m▀[0m[38;2;172;176;167m[48;2;92;99;84m▀[0m[38;2;111;112;110m[48;2;88;89;86m▀[0m[38;2;89;89;89m[48;2;86;86;87m▀[0m[38;2;95;95;95m[48;2;89;89;88m▀[0m[38;2;91;91;92m[48;2;79;79;81m▀[0m[38;2;80;79;83m[48;2;60;60;67m▀[0m[38;2;53;57;61m[48;2;35;37;42m▀[0m[38;2;23;30;33m[48;2;15;17;17m▀[0m[38;2;43;34;39m[48;2;74;46;53m▀[0m[38;2;93;58;68m[48;2;173;102;118m▀[0m[38;2;153;93;104m[48;2;222;134;148m▀[0m[38;2;209;127;139m[48;2;240;149;157m▀[0m[38;2;204;123;137m[48;2;220;135;146m▀[0m[38;2;177;104;121m[48;2;184;109;125m▀[0m[38;2;185;107;125m[48;2;183;107;125m▀[0m[38;2;187;110;127m[48;2;181;107;124m▀[0m[38;2;125;81;94m[48;2;132;83;98m▀[0m[38;2;69;52;66m[48;2;86;59;76m▀[0m[38;2;105;63;95m[48;2;98;63;90m▀[0m[38;2;161;81;134m[48;2;130;74;115m▀[0m[38;2;190;89;153m[48;2;165;83;136m▀[0m[38;2;205;92;162m[48;2;194;89;154m▀[0m[38;2;203;92;160m[48;2;199;90;157m▀[0m[38;2;197;90;156m[48;2;197;90;156m▀[0m[38;2;196;90;155m[48;2;197;90;156m▀[0m[38;2;198;90;157m[48;2;197;90;156m▀[0m[38;2;210;95;166m[48;2;197;90;156m▀[0m[38;2;201;91;159m[48;2;198;90;157m▀[0m[38;2;157;74;126m[48;2;213;96;168m▀[0m[38;2;101;51;82m[48;2;185;85;146m▀[0m[38;2;44;28;36m[48;2;80;43;66m▀[0m[38;2;0;2;0m[48;2;9;14;12m▀[0m[38;2;0;0;0m[48;2;6;9;6m▀[0m[38;2;0;0;0m▄[0m[38;2;0;0;0m▄[0m   
 [38;2;0;0;0m▄[0m[38;2;0;0;0m▄[0m[38;2;71;61;71m[48;2;65;49;58m▀[0m[38;2;59;51;57m[48;2;80;56;72m▀[0m[38;2;111;67;97m[48;2;129;74;109m▀[0m[38;2;160;80;133m[48;2;188;88;150m▀[0m[38;2;192;90;156m[48;2;208;93;164m▀[0m[38;2;203;91;162m[48;2;198;90;156m▀[0m[38;2;187;87;147m[48;2;166;83;129m▀[0m[38;2;153;79;119m[48;2;126;75;93m▀[0m[38;2;142;80;105m[48;2;139;85;97m▀[0m[38;2;146;87;103m[48;2;180;106;123m▀[0m[38;2;178;108;121m[48;2;212;128;142m▀[0m[38;2;220;133;146m[48;2;239;148;156m▀[0m[38;2;240;148;157m[48;2;244;153;160m▀[0m[38;2;245;153;160m[48;2;236;147;155m▀[0m[38;2;229;142;151m[48;2;207;126;139m▀[0m[38;2;207;125;138m[48;2;178;104;122m▀[0m[38;2;204;122;137m[48;2;172;100;118m▀[0m[38;2;199;120;134m[48;2;181;107;124m▀[0m[38;2;184;114;122m[48;2;228;139;151m▀[0m[38;2;150;96;100m[48;2;240;149;158m▀[0m[38;2;64;44;46m[48;2;126;81;85m▀[0m[38;2;11;18;20m[48;2;17;16;16m▀[0m[38;2;76;79;80m[48;2;0;0;0m▀[0m[38;2;125;126;125m[48;2;12;12;12m▀[0m[38;2;93;100;90m[48;2;80;81;73m▀[0m[38;2;64;77;62m[48;2;126;128;116m▀[0m[38;2;73;84;74m[48;2;112;107;106m▀[0m[38;2;84;90;87m[48;2;95;88;92m▀[0m[38;2;88;91;89m[48;2;91;89;90m▀[0m[38;2;90;90;90m[48;2;90;90;90m▀[0m[38;2;90;90;90m[48;2;90;91;90m▀[0m[38;2;91;91;91m[48;2;90;90;90m▀[0m[38;2;94;94;94m[48;2;86;87;87m▀[0m[38;2;94;94;94m[48;2;85;85;85m▀[0m[38;2;90;90;90m[48;2;85;85;85m▀[0m[38;2;112;112;112m[48;2;86;86;86m▀[0m[38;2;164;164;164m[48;2;86;87;87m▀[0m[38;2;150;151;148m[48;2;66;66;67m▀[0m[38;2;71;74;67m[48;2;26;26;27m▀[0m[38;2;34;39;31m[48;2;11;10;12m▀[0m[38;2;34;39;37m[48;2;20;17;18m▀[0m[38;2;34;39;39m[48;2;23;19;20m▀[0m[38;2;35;41;39m[48;2;23;18;19m▀[0m[38;2;25;33;32m[48;2;19;17;17m▀[0m[38;2;12;21;23m[48;2;19;17;16m▀[0m[38;2;41;32;38m[48;2;77;49;55m▀[0m[38;2;97;60;69m[48;2;169;100;116m▀[0m[38;2;157;94;106m[48;2;217;130;145m▀[0m[38;2;215;131;143m[48;2;238;148;156m▀[0m[38;2;239;147;157m[48;2;243;152;159m▀[0m[38;2;241;150;158m[48;2;238;148;156m▀[0m[38;2;233;145;154m[48;2;242;150;158m▀[0m[38;2;216;132;144m[48;2;241;151;158m▀[0m[38;2;198;118;133m[48;2;215;131;143m▀[0m[38;2;177;104;122m[48;2;184;110;126m▀[0m[38;2;157;94;110m[48;2;183;107;123m▀[0m[38;2;141;86;103m[48;2;184;108;125m▀[0m[38;2;134;80;109m[48;2;158;91;122m▀[0m[38;2;131;74;116m[48;2;127;73;112m▀[0m[38;2;124;70;108m[48;2;89;59;84m▀[0m[38;2;130;70;108m[48;2;80;56;72m▀[0m[38;2;167;81;135m[48;2;143;74;118m▀[0m[38;2;199;91;157m[48;2;200;91;158m▀[0m[38;2;201;91;158m[48;2;203;92;160m▀[0m[38;2;197;90;156m[48;2;197;90;156m▀[0m[38;2;196;90;155m[48;2;197;90;156m▀[0m[38;2;199;90;157m[48;2;197;90;156m▀[0m[38;2;212;96;167m[48;2;193;89;154m▀[0m[38;2;204;93;161m[48;2;196;90;155m▀[0m[38;2;161;76;128m[48;2;213;96;169m▀[0m[38;2;104;52;84m[48;2;184;84;146m▀[0m[38;2;41;27;35m[48;2;79;43;65m▀[0m[38;2;0;0;0m[48;2;13;14;14m▀[0m[38;2;0;0;0m[48;2;9;13;9m▀[0m[38;2;0;0;0m▄[0m[38;2;0;0;0m▄[0m 
[38;2;0;11;0m▄[0m[38;2;0;0;0m[48;2;17;17;13m▀[0m[38;2;0;0;0m[48;2;18;17;18m▀[0m[38;2;48;32;41m[48;2;79;43;64m▀[0m[38;2;134;69;110m[48;2;180;82;143m▀[0m[38;2;184;89;149m[48;2;218;97;172m▀[0m[38;2;200;91;159m[48;2;205;93;164m▀[0m[38;2;187;88;147m[48;2;171;84;133m▀[0m[38;2;155;80;119m[48;2;124;74;92m▀[0m[38;2;145;82;107m[48;2;133;82;94m▀[0m[38;2;152;90;106m[48;2;174;102;119m▀[0m[38;2;179;109;121m[48;2;208;126;140m▀[0m[38;2;215;131;143m[48;2;238;148;156m▀[0m[38;2;234;145;154m[48;2;247;155;161m▀[0m[38;2;241;150;158m[48;2;240;149;157m▀[0m[38;2;227;140;150m[48;2;211;129;141m▀[0m[38;2;202;122;136m[48;2;178;105;122m▀[0m[38;2;183;109;125m[48;2;173;101;119m▀[0m[38;2;173;101;119m[48;2;184;110;126m▀[0m[38;2;192;115;130m[48;2;217;133;144m▀[0m[38;2;214;131;142m[48;2;241;150;158m▀[0m[38;2;222;135;147m[48;2;210;128;140m▀[0m[38;2;210;126;141m[48;2;176;103;121m▀[0m[38;2;165;99;112m[48;2;195;114;133m▀[0m[38;2;108;65;75m[48;2;188;112;128m▀[0m[38;2;34;21;23m[48;2;77;52;54m▀[0m[38;2;9;8;9m[48;2;17;16;18m▀[0m[38;2;104;66;87m[48;2;121;55;97m▀[0m[38;2;178;110;147m[48;2;209;92;165m▀[0m[38;2;176;100;145m[48;2;219;93;171m▀[0m[38;2;151;89;127m[48;2;193;91;154m▀[0m[38;2;109;90;101m[48;2;131;90;115m▀[0m[38;2;85;92;87m[48;2;88;89;89m▀[0m[38;2;95;98;96m[48;2;87;89;88m▀[0m[38;2;87;88;88m[48;2;74;74;74m▀[0m[38;2;49;53;52m[48;2;41;36;37m▀[0m[38;2;25;31;30m[48;2;22;15;17m▀[0m[38;2;24;31;29m[48;2;26;18;18m▀[0m[38;2;32;39;39m[48;2;38;31;33m▀[0m[38;2;49;54;58m[48;2;58;51;59m▀[0m[38;2;46;53;58m[48;2;67;63;72m▀[0m[38;2;24;33;39m[48;2;65;63;71m▀[0m[38;2;43;38;45m[48;2;103;79;89m▀[0m[38;2;98;60;71m[48;2;175;107;123m▀[0m[38;2;119;69;81m[48;2;198;115;133m▀[0m[38;2;115;68;80m[48;2;186;108;127m▀[0m[38;2;127;78;87m[48;2;207;125;139m▀[0m[38;2;150;95;99m[48;2;246;152;161m▀[0m[38;2;165;101;110m[48;2;231;142;152m▀[0m[38;2;178;104;122m[48;2;189;112;128m▀[0m[38;2;207;124;139m[48;2;197;119;132m▀[0m[38;2;241;150;158m[48;2;230;142;151m▀[0m[38;2;246;154;160m[48;2;238;148;156m▀[0m[38;2;238;148;156m[48;2;238;148;156m▀[0m[38;2;240;149;157m[48;2;238;148;156m▀[0m[38;2;241;150;158m[48;2;238;148;156m▀[0m[38;2;232;143;153m[48;2;242;151;159m▀[0m[38;2;218;134;144m[48;2;242;151;158m▀[0m[38;2;205;123;136m[48;2;217;132;144m▀[0m[38;2;185;108;125m[48;2;180;106;123m▀[0m[38;2;137;83;105m[48;2;130;81;97m▀[0m[38;2;92;60;85m[48;2;87;60;76m▀[0m[38;2;71;52;69m[48;2;72;53;67m▀[0m[38;2;80;56;72m[48;2;84;58;76m▀[0m[38;2;144;75;118m[48;2;149;76;122m▀[0m[38;2;200;91;158m[48;2;201;91;159m▀[0m[38;2;206;93;162m[48;2;199;91;158m▀[0m[38;2;202;91;159m[48;2;191;89;152m▀[0m[38;2;203;91;159m[48;2;200;90;158m▀[0m[38;2;192;89;154m[48;2;192;89;154m▀[0m[38;2;161;81;134m[48;2;151;79;128m▀[0m[38;2;154;80;130m[48;2;136;75;118m▀[0m[38;2;195;91;157m[48;2;170;83;140m▀[0m[38;2;206;93;162m[48;2;199;91;158m▀[0m[38;2;166;77;132m[48;2;217;98;171m▀[0m[38;2;108;53;88m[48;2;182;83;144m▀[0m[38;2;39;25;33m[48;2;79;43;64m▀[0m[38;2;0;0;0m[48;2;17;16;17m▀[0m[38;2;0;0;0m[48;2;17;17;13m▀[0m[38;2;0;11;0m▄[0m
[38;2;0;8;2m[48;2;2;11;6m▀[0m[38;2;52;30;44m[48;2;53;31;44m▀[0m[38;2;124;60;100m[48;2;156;73;124m▀[0m[38;2;178;83;141m[48;2;197;90;156m▀[0m[38;2;209;94;165m[48;2;181;83;143m▀[0m[38;2;222;99;175m[48;2;179;82;142m▀[0m[38;2;216;97;172m[48;2;180;83;144m▀[0m[38;2;182;89;142m[48;2;153;76;120m▀[0m[38;2;133;78;99m[48;2;112;66;85m▀[0m[38;2;137;85;97m[48;2;126;78;90m▀[0m[38;2;174;102;119m[48;2;172;101;118m▀[0m[38;2;209;127;140m[48;2;204;123;137m▀[0m[38;2;242;151;158m[48;2;229;141;150m▀[0m[38;2;250;156;163m[48;2;240;150;157m▀[0m[38;2;240;149;157m[48;2;240;149;157m▀[0m[38;2;207;126;139m[48;2;213;130;142m▀[0m[38;2;174;101;120m[48;2;186;111;127m▀[0m[38;2;189;113;128m[48;2;209;127;139m▀[0m[38;2;218;134;145m[48;2;240;150;158m▀[0m[38;2;239;148;156m[48;2;242;151;158m▀[0m[38;2;245;153;160m[48;2;231;143;152m▀[0m[38;2;204;124;137m[48;2;205;124;138m▀[0m[38;2;173;101;119m[48;2;186;111;126m▀[0m[38;2;224;134;150m[48;2;213;130;141m▀[0m[38;2;236;145;156m[48;2;211;133;139m▀[0m[38;2;91;65;61m[48;2;101;67;70m▀[0m[38;2;4;10;8m[48;2;38;24;34m▀[0m[38;2;112;51;91m[48;2;129;60;104m▀[0m[38;2;210;92;165m[48;2;203;92;161m▀[0m[38;2;225;97;176m[48;2;196;88;154m▀[0m[38;2;208;95;165m[48;2;171;80;137m▀[0m[38;2;163;91;139m[48;2;144;73;121m▀[0m[38;2;110;77;102m[48;2;104;59;92m▀[0m[38;2;47;45;51m[48;2;41;27;38m▀[0m[38;2;33;35;34m[48;2;46;31;33m▀[0m[38;2;89;57;65m[48;2;145;86;99m▀[0m[38;2;132;78;90m[48;2;216;129;146m▀[0m[38;2;157;97;104m[48;2;247;152;163m▀[0m[38;2;160;101;108m[48;2;241;148;159m▀[0m[38;2;141;90;102m[48;2;197;116;132m▀[0m[38;2;146;95;108m[48;2;193;113;130m▀[0m[38;2;173;115;124m[48;2;230;140;151m▀[0m[38;2;199;130;138m[48;2;247;153;160m▀[0m[38;2;223;138;149m[48;2;246;153;161m▀[0m[38;2;215;129;143m[48;2;225;139;149m▀[0m[38;2;184;108;126m[48;2;191;114;129m▀[0m[38;2;201;120;135m[48;2;196;117;131m▀[0m[38;2;245;152;161m[48;2;225;139;149m▀[0m[38;2;247;154;161m[48;2;241;150;158m▀[0m[38;2;223;137;148m[48;2;244;152;159m▀[0m[38;2;208;126;139m[48;2;216;132;144m▀[0m[38;2;199;119;134m[48;2;179;104;122m▀[0m[38;2;212;129;141m[48;2;195;117;131m▀[0m[38;2;236;147;155m[48;2;235;146;154m▀[0m[38;2;241;150;157m[48;2;242;151;158m▀[0m[38;2;238;148;156m[48;2;238;148;156m▀[0m[38;2;242;151;159m[48;2;241;150;158m▀[0m[38;2;241;151;157m[48;2;239;149;156m▀[0m[38;2;213;130;142m[48;2;210;128;140m▀[0m[38;2;180;106;123m[48;2;180;106;123m▀[0m[38;2;164;98;114m[48;2;185;108;125m▀[0m[38;2;145;89;105m[48;2;185;109;126m▀[0m[38;2;97;66;79m[48;2;131;82;97m▀[0m[38;2;77;54;72m[48;2;93;62;80m▀[0m[38;2;153;76;126m[48;2;139;71;113m▀[0m[38;2;212;96;168m[48;2;178;82;141m▀[0m[38;2;176;86;144m[48;2;153;78;128m▀[0m[38;2;148;78;126m[48;2;136;75;118m▀[0m[38;2;184;87;148m[48;2;163;81;134m▀[0m[38;2;205;93;162m[48;2;188;87;149m▀[0m[38;2;188;88;151m[48;2;203;91;160m▀[0m[38;2;169;83;139m[48;2;193;89;154m▀[0m[38;2;156;80;132m[48;2;141;76;121m▀[0m[38;2;162;82;135m[48;2;126;72;111m▀[0m[38;2;195;91;157m[48;2;174;84;141m▀[0m[38;2;200;91;158m[48;2;208;94;164m▀[0m[38;2;166;78;132m[48;2;221;100;175m▀[0m[38;2;113;55;91m[48;2;172;80;137m▀[0m[38;2;48;29;40m[48;2;57;33;47m▀[0m[38;2;0;10;4m[48;2;0;11;4m▀[0m
[38;2;13;16;14m[48;2;17;16;16m▀[0m[38;2;30;23;27m[48;2;12;15;13m▀[0m[38;2;65;37;55m[48;2;5;11;8m▀[0m[38;2;78;42;64m[48;2;2;10;4m▀[0m[38;2;71;39;59m[48;2;2;10;5m▀[0m[38;2;70;38;58m[48;2;2;9;5m▀[0m[38;2;70;38;58m[48;2;3;11;6m▀[0m[38;2;54;32;45m[48;2;6;12;9m▀[0m[38;2;34;25;29m[48;2;14;15;15m▀[0m[38;2;85;54;61m[48;2;75;48;55m▀[0m[38;2;172;102;118m[48;2;159;95;111m▀[0m[38;2;197;117;134m[48;2;181;106;124m▀[0m[38;2;195;117;131m[48;2;174;102;120m▀[0m[38;2;215;131;143m[48;2;201;121;135m▀[0m[38;2;237;147;156m[48;2;236;146;155m▀[0m[38;2;233;144;153m[48;2;244;152;159m▀[0m[38;2;221;136;146m[48;2;242;151;158m▀[0m[38;2;231;143;152m[48;2;243;151;159m▀[0m[38;2;241;150;157m[48;2;239;148;156m▀[0m[38;2;216;132;144m[48;2;208;127;139m▀[0m[38;2;192;115;130m[48;2;185;109;126m▀[0m[38;2;214;129;143m[48;2;227;138;150m▀[0m[38;2;219;135;145m[48;2;238;148;156m▀[0m[38;2;142;92;94m[48;2;96;67;65m▀[0m[38;2;80;54;57m[48;2;0;5;7m▀[0m[38;2;107;57;84m[48;2;111;50;93m▀[0m[38;2;150;71;120m[48;2;217;98;171m▀[0m[38;2;193;87;153m[48;2;221;101;176m▀[0m[38;2;196;88;154m[48;2;176;83;141m▀[0m[38;2;120;58;96m[48;2;65;36;55m▀[0m[38;2;58;33;49m[48;2;0;7;0m▀[0m[38;2;39;23;36m[48;2;5;9;4m▀[0m[38;2;46;30;42m[48;2;51;36;38m▀[0m[38;2;92;54;67m[48;2;148;88;101m▀[0m[38;2;145;86;99m[48;2;215;128;144m▀[0m[38;2;202;123;135m[48;2;236;145;156m▀[0m[38;2;238;146;157m[48;2;245;153;160m▀[0m[38;2;249;155;163m[48;2;244;152;159m▀[0m[38;2;234;144;155m[48;2;229;141;151m▀[0m[38;2;192;114;130m[48;2;199;120;134m▀[0m[38;2;179;104;122m[48;2;180;106;123m▀[0m[38;2;195;115;131m[48;2;174;101;119m▀[0m[38;2;214;130;142m[48;2;190;113;129m▀[0m[38;2;236;146;155m[48;2;228;140;150m▀[0m[38;2;239;148;157m[48;2;245;153;161m▀[0m[38;2;226;139;149m[48;2;246;154;160m▀[0m[38;2;211;128;141m[48;2;220;135;146m▀[0m[38;2;197;118;133m[48;2;179;105;123m▀[0m[38;2;212;129;141m[48;2;193;115;131m▀[0m[38;2;239;149;156m[48;2;234;145;154m▀[0m[38;2;217;132;144m[48;2;223;137;147m▀[0m[38;2;176;103;121m[48;2;190;113;129m▀[0m[38;2;193;116;130m[48;2;204;123;136m▀[0m[38;2;235;146;154m[48;2;235;146;154m▀[0m[38;2;242;151;158m[48;2;241;151;158m▀[0m[38;2;238;148;156m[48;2;238;148;156m▀[0m[38;2;241;150;158m[48;2;241;150;158m▀[0m[38;2;239;149;156m[48;2;239;149;156m▀[0m[38;2;210;128;140m[48;2;210;128;140m▀[0m[38;2;180;106;123m[48;2;180;106;123m▀[0m[38;2;180;105;123m[48;2;176;103;121m▀[0m[38;2;183;108;125m[48;2;180;106;123m▀[0m[38;2;172;103;120m[48;2;195;114;132m▀[0m[38;2;149;90;107m[48;2;182;107;123m▀[0m[38;2;95;57;72m[48;2;69;49;48m▀[0m[38;2;71;37;59m[48;2;8;11;10m▀[0m[38;2;133;64;109m[48;2;123;57;98m▀[0m[38;2;176;86;143m[48;2;201;92;158m▀[0m[38;2;137;73;114m[48;2;122;69;103m▀[0m[38;2;119;68;101m[48;2;79;56;72m▀[0m[38;2;176;84;141m[48;2;159;79;129m▀[0m[38;2;193;88;152m[48;2;191;88;151m▀[0m[38;2;120;69;103m[48;2;113;66;96m▀[0m[38;2;102;64;90m[48;2;83;57;74m▀[0m[38;2;175;85;141m[48;2;139;71;113m▀[0m[38;2;220;98;173m[48;2;184;84;145m▀[0m[38;2;223;100;176m[48;2;209;94;165m▀[0m[38;2;168;78;134m[48;2;167;78;133m▀[0m[38;2;56;32;46m[48;2;55;32;46m▀[0m[38;2;0;10;4m[48;2;0;10;4m▀[0m
[38;2;19;15;15m▀[0m[38;2;11;15;11m▀[0m[38;2;0;7;3m▀[0m[38;2;0;7;0m▀[0m[38;2;0;7;0m▀[0m[38;2;0;6;2m[48;2;0;5;5m▀[0m[38;2;5;11;8m[48;2;8;12;11m▀[0m[38;2;36;28;30m[48;2;56;38;44m▀[0m[38;2;82;52;62m[48;2;119;72;88m▀[0m[38;2;110;67;81m[48;2;136;81;99m▀[0m[38;2;128;77;93m[48;2;127;77;93m▀[0m[38;2;150;89;106m[48;2;145;86;103m▀[0m[38;2;173;101;119m[48;2;174;102;120m▀[0m[38;2;205;124;138m[48;2;207;125;139m▀[0m[38;2;236;146;155m[48;2;237;147;156m▀[0m[38;2;243;152;159m[48;2;243;152;158m▀[0m[38;2;240;149;157m[48;2;238;148;156m▀[0m[38;2;240;149;157m[48;2;238;148;156m▀[0m[38;2;238;148;156m[48;2;238;148;156m▀[0m[38;2;229;141;151m[48;2;241;150;158m▀[0m[38;2;222;136;147m[48;2;243;152;159m▀[0m[38;2;246;152;161m[48;2;252;157;165m▀[0m[38;2;236;147;155m[48;2;235;146;154m▀[0m[38;2;89;62;60m[48;2;128;84;85m▀[0m[38;2;0;1;3m[48;2;53;37;40m▀[0m[38;2;111;49;92m[48;2;120;60;96m▀[0m[38;2;216;98;171m[48;2;175;83;141m▀[0m[38;2;199;97;163m[48;2;140;73;120m▀[0m[38;2;142;76;122m[48;2;94;57;86m▀[0m[38;2;42;28;41m[48;2;50;34;45m▀[0m[38;2;1;10;4m[48;2;54;37;40m▀[0m[38;2;75;47;53m[48;2;144;87;99m▀[0m[38;2;149;90;102m[48;2;215;128;144m▀[0m[38;2;204;124;136m[48;2;236;145;155m▀[0m[38;2;236;145;155m[48;2;244;153;159m▀[0m[38;2;240;149;157m[48;2;240;149;157m▀[0m[38;2;241;150;157m[48;2;238;148;156m▀[0m[38;2;240;149;157m[48;2;238;148;156m▀[0m[38;2;236;147;155m[48;2;240;150;157m▀[0m[38;2;229;142;151m[48;2;245;153;160m▀[0m[38;2;211;129;141m[48;2;227;140;150m▀[0m[38;2;182;108;124m[48;2;187;111;127m▀[0m[38;2;189;113;128m[48;2;189;112;127m▀[0m[38;2;228;141;150m[48;2;228;141;150m▀[0m[38;2;245;153;161m[48;2;244;152;160m▀[0m[38;2;244;152;159m[48;2;242;151;158m▀[0m[38;2;218;134;145m[48;2;222;136;147m▀[0m[38;2;177;104;122m[48;2;193;115;130m▀[0m[38;2;190;113;129m[48;2;201;121;135m▀[0m[38;2;232;144;153m[48;2;233;145;153m▀[0m[38;2;237;147;155m[48;2;243;152;159m▀[0m[38;2;224;138;148m[48;2;242;151;158m▀[0m[38;2;228;141;150m[48;2;241;150;158m▀[0m[38;2;237;147;155m[48;2;238;148;156m▀[0m[38;2;239;149;157m[48;2;238;148;156m▀[0m[38;2;238;148;156m[48;2;238;148;156m▀[0m[38;2;241;150;158m[48;2;242;150;158m▀[0m[38;2;239;149;156m[48;2;240;150;157m▀[0m[38;2;210;128;140m[48;2;211;128;140m▀[0m[38;2;180;106;123m[48;2;180;106;123m▀[0m[38;2;176;103;121m[48;2;176;103;121m▀[0m[38;2;180;106;123m[48;2;180;106;123m▀[0m[38;2;193;113;131m[48;2;191;112;130m▀[0m[38;2;179;105;121m[48;2;176;104;120m▀[0m[38;2;72;49;50m[48;2;72;49;51m▀[0m[38;2;14;14;15m[48;2;16;14;17m▀[0m[38;2;124;57;99m[48;2;126;58;101m▀[0m[38;2;199;92;157m[48;2;201;92;159m▀[0m[38;2;124;70;104m[48;2;127;71;107m▀[0m[38;2;83;57;75m[48;2;87;59;78m▀[0m[38;2;161;80;130m[48;2;165;81;133m▀[0m[38;2;192;89;152m[48;2;195;90;156m▀[0m[38;2;122;69;103m[48;2;130;73;110m▀[0m[38;2;69;51;63m[48;2;65;49;60m▀[0m[38;2;52;35;46m[48;2;10;18;14m▀[0m[38;2;85;43;69m[48;2;25;19;23m▀[0m[38;2;187;85;147m[48;2;134;65;107m▀[0m[38;2;184;85;146m[48;2;150;71;119m▀[0m[38;2;61;35;51m[48;2;56;32;47m▀[0m[38;2;0;11;4m[48;2;0;9;3m▀[0m
     [38;2;0;0;0m▀[0m[38;2;10;10;10m▀[0m[38;2;87;54;65m[48;2;135;82;97m▀[0m[38;2;121;72;88m[48;2;119;71;88m▀[0m[38;2;147;88;106m[48;2;155;92;111m▀[0m[38;2;163;97;113m[48;2;181;107;124m▀[0m[38;2;171;100;118m[48;2;185;108;126m▀[0m[38;2;177;104;121m[48;2;179;105;122m▀[0m[38;2;206;125;138m[48;2;197;119;133m▀[0m[38;2;240;149;157m[48;2;224;138;148m▀[0m[38;2;245;153;160m[48;2;236;146;154m▀[0m[38;2;238;148;156m[48;2;241;150;157m▀[0m[38;2;237;148;156m[48;2;242;151;158m▀[0m[38;2;238;148;156m[48;2;240;149;157m▀[0m[38;2;241;150;158m[48;2;232;144;153m▀[0m[38;2;244;152;159m[48;2;226;139;149m▀[0m[38;2;244;152;160m[48;2;231;143;152m▀[0m[38;2;237;147;156m[48;2;238;148;156m▀[0m[38;2;218;136;142m[48;2;255;159;168m▀[0m[38;2;186;117;123m[48;2;249;155;163m▀[0m[38;2;137;85;105m[48;2;171;111;122m▀[0m[38;2;89;54;81m[48;2;98;69;80m▀[0m[38;2;38;26;43m[48;2;56;42;45m▀[0m[38;2;28;21;29m[48;2;61;43;43m▀[0m[38;2;89;54;65m[48;2;145;88;98m▀[0m[38;2;154;92;105m[48;2;214;128;144m▀[0m[38;2;205;124;137m[48;2;236;145;156m▀[0m[38;2;236;145;155m[48;2;244;152;159m▀[0m[38;2;240;149;157m[48;2;241;150;157m▀[0m[38;2;240;150;157m[48;2;238;148;156m▀[0m[38;2;239;148;156m[48;2;238;148;156m▀[0m[38;2;238;148;156m[48;2;238;148;156m▀[0m[38;2;238;148;156m[48;2;238;148;156m▀[0m[38;2;239;149;157m[48;2;239;149;157m▀[0m[38;2;244;152;159m[48;2;241;150;158m▀[0m[38;2;224;138;148m[48;2;227;140;150m▀[0m[38;2;184;109;125m[48;2;198;119;133m▀[0m[38;2;186;110;126m[48;2;200;120;134m▀[0m[38;2;227;140;150m[48;2;230;142;151m▀[0m[38;2;243;151;159m[48;2;241;150;157m▀[0m[38;2;240;150;156m[48;2;239;149;156m▀[0m[38;2;234;145;154m[48;2;239;149;157m▀[0m[38;2;226;139;149m[48;2;242;151;158m▀[0m[38;2;228;141;151m[48;2;241;150;158m▀[0m[38;2;237;147;155m[48;2;238;148;156m▀[0m[38;2;239;149;157m[48;2;238;148;156m▀[0m[38;2;239;149;157m[48;2;239;149;157m▀[0m[38;2;239;149;157m[48;2;239;149;157m▀[0m[38;2;238;148;156m[48;2;239;149;157m▀[0m[38;2;238;148;156m[48;2;240;149;157m▀[0m[38;2;238;148;156m[48;2;240;149;157m▀[0m[38;2;243;152;159m[48;2;236;146;155m▀[0m[38;2;243;152;158m[48;2;227;140;149m▀[0m[38;2;212;130;141m[48;2;204;123;136m▀[0m[38;2;180;106;123m[48;2;181;107;124m▀[0m[38;2;176;103;121m[48;2;178;104;122m▀[0m[38;2;180;106;123m[48;2;180;106;123m▀[0m[38;2;192;112;131m[48;2;189;111;129m▀[0m[38;2;176;104;120m[48;2;177;104;121m▀[0m[38;2;66;46;46m[48;2;98;63;68m▀[0m[38;2;8;10;12m[48;2;51;34;39m▀[0m[38;2;128;58;103m[48;2;113;55;90m▀[0m[38;2;210;97;166m[48;2;155;73;124m▀[0m[38;2;133;74;112m[48;2;97;56;83m▀[0m[38;2;91;61;81m[48;2;69;48;63m▀[0m[38;2;172;85;139m[48;2;132;67;107m▀[0m[38;2;205;94;163m[48;2;156;74;125m▀[0m[38;2;136;76;115m[48;2;117;66;99m▀[0m[38;2;71;53;66m[48;2;66;50;61m▀[0m[38;2;26;25;26m[48;2;31;26;30m▀[0m[38;2;15;16;15m[48;2;8;12;11m▀[0m[38;2;47;30;40m[48;2;1;10;5m▀[0m[38;2;53;31;45m[48;2;0;9;1m▀[0m[38;2;37;25;32m[48;2;0;0;0m▀[0m[38;2;0;9;4m▀[0m
       [38;2;119;72;85m[48;2;114;72;85m▀[0m[38;2;119;71;87m[48;2;119;71;87m▀[0m[38;2;159;95;114m[48;2;146;88;105m▀[0m[38;2;182;107;124m[48;2;164;97;114m▀[0m[38;2;186;109;126m[48;2;180;106;123m▀[0m[38;2;180;106;123m[48;2;181;107;124m▀[0m[38;2;181;107;123m[48;2;180;106;123m▀[0m[38;2;188;112;128m[48;2;179;105;123m▀[0m[38;2;215;131;143m[48;2;194;116;131m▀[0m[38;2;245;152;160m[48;2;213;131;142m▀[0m[38;2;250;157;163m[48;2;223;138;148m▀[0m[38;2;243;151;158m[48;2;225;138;148m▀[0m[38;2;214;131;142m[48;2;196;118;132m▀[0m[38;2;191;114;129m[48;2;174;102;120m▀[0m[38;2;212;129;141m[48;2;205;123;137m▀[0m[38;2;239;149;156m[48;2;239;149;156m▀[0m[38;2;245;152;161m[48;2;241;150;158m▀[0m[38;2;242;150;158m[48;2;238;148;156m▀[0m[38;2;223;140;148m[48;2;244;152;159m▀[0m[38;2;205;130;138m[48;2;250;155;162m▀[0m[38;2;195;123;130m[48;2;254;157;165m▀[0m[38;2;197;123;129m[48;2;254;157;166m▀[0m[38;2;217;134;143m[48;2;247;154;162m▀[0m[38;2;233;144;154m[48;2;241;150;158m▀[0m[38;2;238;148;156m[48;2;239;149;156m▀[0m[38;2;239;149;157m[48;2;238;148;156m▀[0m[38;2;239;149;156m[48;2;238;148;156m▀[0m[38;2;238;148;156m[48;2;238;148;156m▀[0m[38;2;238;148;156m[48;2;238;148;156m▀[0m[38;2;238;148;156m[48;2;238;148;156m▀[0m[38;2;238;148;156m[48;2;238;148;156m▀[0m[38;2;238;148;156m[48;2;238;148;156m▀[0m[38;2;239;149;156m[48;2;238;148;156m▀[0m[38;2;235;146;155m[48;2;239;149;157m▀[0m[38;2;229;141;151m[48;2;242;151;158m▀[0m[38;2;229;142;151m[48;2;241;151;158m▀[0m[38;2;236;147;155m[48;2;239;148;156m▀[0m[38;2;239;149;156m[48;2;238;148;156m▀[0m[38;2;238;148;156m[48;2;239;149;157m▀[0m[38;2;238;148;156m[48;2;240;149;157m▀[0m[38;2;239;149;157m[48;2;240;149;157m▀[0m[38;2;239;149;156m[48;2;240;150;157m▀[0m[38;2;238;148;156m[48;2;240;150;157m▀[0m[38;2;239;149;157m[48;2;234;145;154m▀[0m[38;2;242;151;158m[48;2;225;139;149m▀[0m[38;2;242;151;158m[48;2;224;138;148m▀[0m[38;2;242;151;158m[48;2;226;139;149m▀[0m[38;2;245;153;160m[48;2;228;140;150m▀[0m[38;2;243;152;159m[48;2;225;139;149m▀[0m[38;2;219;134;145m[48;2;203;122;136m▀[0m[38;2;192;115;130m[48;2;177;104;121m▀[0m[38;2;184;109;126m[48;2;166;97;115m▀[0m[38;2;184;108;125m[48;2;165;97;114m▀[0m[38;2;181;107;124m[48;2;173;102;119m▀[0m[38;2;180;106;123m[48;2;182;107;124m▀[0m[38;2;182;107;124m[48;2;181;107;124m▀[0m[38;2;179;106;122m[48;2;180;106;123m▀[0m[38;2;170;101;116m[48;2;197;115;134m▀[0m[38;2;144;86;100m[48;2;186;109;127m▀[0m[38;2;82;49;62m[48;2;103;65;72m▀[0m[38;2;33;21;31m[48;2;38;30;29m▀[0m[38;2;20;17;22m[48;2;38;29;30m▀[0m[38;2;22;20;23m[48;2;37;27;30m▀[0m[38;2;42;28;37m[48;2;15;17;14m▀[0m[38;2;48;29;41m[48;2;0;7;1m▀[0m[38;2;61;37;52m[48;2;0;0;0m▀[0m[38;2;65;48;59m▀[0m[38;2;32;27;32m▀[0m[38;2;10;10;10m▀[0m[38;2;0;10;0m▀[0m[38;2;0;6;0m▀[0m[38;2;0;0;0m▀[0m 
       [38;2;106;63;85m▀[0m[38;2;116;72;87m▀[0m[38;2;128;78;93m[48;2;102;61;76m▀[0m[38;2;129;77;92m[48;2;114;69;84m▀[0m[38;2;164;98;116m[48;2;147;88;106m▀[0m[38;2;181;106;123m[48;2;165;97;115m▀[0m[38;2;191;112;130m[48;2;164;97;113m▀[0m[38;2;191;112;130m[48;2;139;84;96m▀[0m[38;2;169;100;118m[48;2;106;65;77m▀[0m[38;2;147;89;105m[48;2;84;52;64m▀[0m[38;2;165;99;114m[48;2;123;73;88m▀[0m[38;2;188;112;128m[48;2;174;103;120m▀[0m[38;2;181;106;124m[48;2;190;112;129m▀[0m[38;2;175;103;120m[48;2;198;119;133m▀[0m[38;2;207;126;138m[48;2;222;137;147m▀[0m[38;2;239;149;156m[48;2;243;151;158m▀[0m[38;2;241;150;158m[48;2;242;151;158m▀[0m[38;2;238;148;156m[48;2;238;148;156m▀[0m[38;2;239;149;157m[48;2;239;149;157m▀[0m[38;2;241;150;157m[48;2;240;149;157m▀[0m[38;2;241;150;158m[48;2;239;149;156m▀[0m[38;2;241;150;158m[48;2;238;148;156m▀[0m[38;2;240;149;157m[48;2;239;149;157m▀[0m[38;2;239;149;156m[48;2;240;149;157m▀[0m[38;2;238;148;156m[48;2;239;149;156m▀[0m[38;2;238;148;156m[48;2;238;148;156m▀[0m[38;2;238;148;156m[48;2;238;148;156m▀[0m[38;2;238;148;156m[48;2;238;148;156m▀[0m[38;2;238;148;156m[48;2;238;148;156m▀[0m[38;2;238;148;156m[48;2;238;148;156m▀[0m[38;2;238;148;156m[48;2;238;148;156m▀[0m[38;2;238;148;156m[48;2;239;149;156m▀[0m[38;2;238;148;156m[48;2;241;150;158m▀[0m[38;2;238;148;156m[48;2;241;150;158m▀[0m[38;2;239;149;156m[48;2;239;149;156m▀[0m[38;2;239;148;156m[48;2;238;148;156m▀[0m[38;2;238;148;156m[48;2;239;149;156m▀[0m[38;2;239;149;157m[48;2;234;145;154m▀[0m[38;2;241;150;158m[48;2;226;139;149m▀[0m[38;2;242;151;158m[48;2;222;136;147m▀[0m[38;2;242;151;158m[48;2;222;137;147m▀[0m[38;2;244;153;159m[48;2;223;138;148m▀[0m[38;2;244;153;160m[48;2;224;138;148m▀[0m[38;2;223;137;147m[48;2;207;125;138m▀[0m[38;2;192;115;130m[48;2;179;106;122m▀[0m[38;2;187;111;127m[48;2;166;97;115m▀[0m[38;2;192;114;130m[48;2;160;94;112m▀[0m[38;2;192;114;130m[48;2;165;97;114m▀[0m[38;2;189;113;128m[48;2;175;103;120m▀[0m[38;2;187;111;127m[48;2;181;106;124m▀[0m[38;2;180;105;123m[48;2;181;106;123m▀[0m[38;2;150;90;106m[48;2;156;93;109m▀[0m[38;2;128;77;93m[48;2;135;80;97m▀[0m[38;2;153;91;108m[48;2;145;87;103m▀[0m[38;2;185;108;125m[48;2;165;97;114m▀[0m[38;2;184;109;126m[48;2;174;103;120m▀[0m[38;2;180;106;123m[48;2;180;106;123m▀[0m[38;2;183;108;125m[48;2;182;107;124m▀[0m[38;2;182;107;124m[48;2;182;107;124m▀[0m[38;2;170;100;115m[48;2;184;108;126m▀[0m[38;2;153;91;105m[48;2;174;102;120m▀[0m[38;2;136;82;98m[48;2;160;95;114m▀[0m[38;2;103;63;75m[48;2;131;78;95m▀[0m[38;2;78;50;58m[48;2;153;91;112m▀[0m[38;2;0;7;0m▀[0m[38;2;0;0;0m▀[0m       
         [38;2;95;63;95m▀[0m[38;2;118;72;81m▀[0m[38;2;139;83;102m[48;2;129;76;96m▀[0m[38;2;134;80;97m[48;2;121;73;90m▀[0m[38;2;106;66;78m[48;2;78;49;61m▀[0m[38;2;42;31;33m[48;2;4;10;7m▀[0m[38;2;18;17;17m[48;2;0;0;0m▀[0m[38;2;25;20;23m[48;2;5;10;9m▀[0m[38;2;94;58;67m[48;2;89;56;63m▀[0m[38;2;177;105;122m[48;2;184;108;126m▀[0m[38;2;215;130;144m[48;2;219;131;146m▀[0m[38;2;234;145;154m[48;2;226;139;149m▀[0m[38;2;243;152;159m[48;2;216;133;144m▀[0m[38;2;245;152;160m[48;2;206;127;139m▀[0m[38;2;241;150;158m[48;2;225;140;149m▀[0m[38;2;238;148;156m[48;2;240;149;157m▀[0m[38;2;240;149;157m[48;2;227;140;150m▀[0m[38;2;241;150;158m[48;2;218;133;145m▀[0m[38;2;239;149;157m[48;2;230;143;152m▀[0m[38;2;238;148;156m[48;2;237;148;156m▀[0m[38;2;240;150;157m[48;2;226;139;149m▀[0m[38;2;241;150;158m[48;2;220;135;146m▀[0m[38;2;239;149;157m[48;2;231;143;152m▀[0m[38;2;238;148;156m[48;2;239;149;157m▀[0m[38;2;238;148;156m[48;2;239;149;156m▀[0m[38;2;238;148;156m[48;2;238;148;156m▀[0m[38;2;238;148;156m[48;2;238;148;156m▀[0m[38;2;238;148;156m[48;2;239;148;156m▀[0m[38;2;238;148;156m[48;2;241;150;158m▀[0m[38;2;239;149;157m[48;2;231;143;152m▀[0m[38;2;244;152;159m[48;2;207;128;138m▀[0m[38;2;244;152;159m[48;2;208;128;138m▀[0m[38;2;239;149;157m[48;2;233;145;153m▀[0m[38;2;239;149;157m[48;2;246;153;160m▀[0m[38;2;241;150;158m[48;2;246;154;160m▀[0m[38;2;226;139;149m[48;2;218;134;144m▀[0m[38;2;197;118;132m[48;2;168;100;116m▀[0m[38;2;186;110;127m[48;2;157;92;110m▀[0m[38;2;187;111;127m[48;2;172;102;119m▀[0m[38;2;187;111;127m[48;2;177;103;121m▀[0m[38;2;187;111;127m[48;2;175;103;120m▀[0m[38;2;187;110;126m[48;2;180;105;123m▀[0m[38;2;182;107;124m[48;2;182;107;124m▀[0m[38;2;157;93;110m[48;2;153;91;108m▀[0m[38;2;130;78;95m[48;2;120;73;89m▀[0m[38;2;147;87;103m[48;2;140;83;99m▀[0m[38;2;178;105;122m[48;2;178;105;122m▀[0m[38;2;184;108;125m[48;2;184;108;125m▀[0m[38;2;180;106;123m[48;2;180;106;123m▀[0m[38;2;179;106;122m[48;2;186;109;126m▀[0m[38;2;172;102;119m[48;2;184;108;125m▀[0m[38;2;147;88;104m[48;2;147;88;104m▀[0m[38;2;130;78;94m[48;2;119;72;88m▀[0m[38;2;154;91;108m[48;2;150;89;106m▀[0m[38;2;181;107;124m[48;2;183;108;125m▀[0m[38;2;188;111;128m[48;2;180;106;123m▀[0m[38;2;182;107;124m[48;2;165;98;115m▀[0m[38;2;160;95;113m[48;2;149;90;108m▀[0m[38;2;130;76;93m[48;2;118;70;86m▀[0m[38;2;129;78;93m[48;2;109;68;83m▀[0m[38;2;136;81;100m▀[0m[38;2;159;95;127m▀[0m         
           [38;2;127;63;95m▀[0m[38;2;127;81;92m▀[0m[38;2;85;53;63m▀[0m[38;2;10;10;10m▀[0m[38;2;0;3;1m[48;2;0;4;0m▀[0m[38;2;12;14;13m[48;2;12;14;12m▀[0m[38;2;97;61;69m[48;2;73;48;52m▀[0m[38;2;186;110;127m[48;2;122;74;85m▀[0m[38;2;203;119;137m[48;2;154;92;108m▀[0m[38;2;189;112;128m[48;2;161;95;113m▀[0m[38;2;157;93;109m[48;2;111;66;81m▀[0m[38;2;140;85;101m[48;2;78;49;60m▀[0m[38;2;196;122;133m[48;2;151;94;104m▀[0m[38;2;242;150;158m[48;2;220;135;147m▀[0m[38;2;208;126;139m[48;2;209;126;140m▀[0m[38;2;183;109;125m[48;2;198;119;133m▀[0m[38;2;218;133;144m[48;2;227;140;150m▀[0m[38;2;236;147;155m[48;2;237;148;156m▀[0m[38;2;203;123;136m[48;2;194;117;131m▀[0m[38;2;187;112;127m[48;2;175;103;120m▀[0m[38;2;219;134;145m[48;2;214;131;143m▀[0m[38;2;241;150;158m[48;2;241;150;158m▀[0m[38;2;240;150;157m[48;2;240;150;157m▀[0m[38;2;238;148;156m[48;2;239;148;156m▀[0m[38;2;238;148;156m[48;2;242;151;158m▀[0m[38;2;240;149;157m[48;2;245;152;160m▀[0m[38;2;245;153;161m[48;2;248;154;162m▀[0m[38;2;217;134;144m[48;2;213;132;142m▀[0m[38;2;148;90;104m[48;2;131;79;94m▀[0m[38;2;149;90;105m[48;2;126;75;91m▀[0m[38;2;220;136;146m[48;2;198;121;134m▀[0m[38;2;252;157;164m[48;2;231;141;152m▀[0m[38;2;250;156;163m[48;2;226;139;149m▀[0m[38;2;210;129;139m[48;2;189;115;128m▀[0m[38;2;140;85;100m[48;2;128;78;93m▀[0m[38;2;134;80;97m[48;2;130;78;94m▀[0m[38;2;172;102;119m[48;2;174;103;120m▀[0m[38;2;183;107;125m[48;2;186;109;126m▀[0m[38;2;180;106;123m[48;2;180;106;123m▀[0m[38;2;183;107;124m[48;2;184;107;124m▀[0m[38;2;182;107;124m[48;2;184;108;125m▀[0m[38;2;155;92;109m[48;2;158;94;111m▀[0m[38;2;124;75;91m[48;2;129;77;94m▀[0m[38;2;143;85;101m[48;2;149;88;105m▀[0m[38;2;178;105;122m[48;2;185;109;127m▀[0m[38;2;184;108;125m[48;2;189;111;128m▀[0m[38;2;180;106;123m[48;2;183;107;125m▀[0m[38;2;183;108;125m[48;2;185;109;126m▀[0m[38;2;180;106;123m[48;2;183;107;124m▀[0m[38;2;147;88;104m[48;2;152;91;107m▀[0m[38;2;123;74;90m[48;2;128;77;94m▀[0m[38;2;155;91;108m[48;2;151;90;107m▀[0m[38;2;183;108;125m[48;2;164;97;115m▀[0m[38;2;159;95;111m[48;2;141;85;101m▀[0m[38;2;133;80;97m[48;2;115;69;84m▀[0m[38;2;138;83;101m[48;2;125;76;93m▀[0m[38;2;122;73;90m[48;2;122;75;89m▀[0m[38;2;120;73;89m[48;2;121;75;91m▀[0m           
               [38;2;0;0;0m▀[0m[38;2;15;15;15m▀[0m[38;2;13;15;13m[48;2;0;0;0m▀[0m[38;2;27;22;23m[48;2;0;4;3m▀[0m[38;2;87;55;65m[48;2;62;40;49m▀[0m[38;2;132;79;96m[48;2;116;70;86m▀[0m[38;2;71;45;54m[48;2;39;27;32m▀[0m[38;2;24;21;22m[48;2;11;14;13m▀[0m[38;2;103;63;73m[48;2;98;61;70m▀[0m[38;2;190;113;129m[48;2;190;112;130m▀[0m[38;2;222;134;147m[48;2;231;140;153m▀[0m[38;2;236;147;155m[48;2;246;154;160m▀[0m[38;2;245;153;160m[48;2;233;144;153m▀[0m[38;2;236;147;155m[48;2;216;132;144m▀[0m[38;2;195;117;132m[48;2;204;123;137m▀[0m[38;2;179;106;122m[48;2;205;124;137m▀[0m[38;2;216;132;143m[48;2;226;140;149m▀[0m[38;2;241;150;158m[48;2;240;150;158m▀[0m[38;2;240;150;157m[48;2;243;151;159m▀[0m[38;2;239;148;156m[48;2;231;144;152m▀[0m[38;2;242;151;158m[48;2;202;125;135m▀[0m[38;2;244;152;160m[48;2;199;123;134m▀[0m[38;2;247;154;162m[48;2;233;144;153m▀[0m[38;2;215;133;142m[48;2;224;139;148m▀[0m[38;2;140;85;100m[48;2;165;100;115m▀[0m[38;2;126;74;91m[48;2;140;83;100m▀[0m[38;2;172;102;119m[48;2;148;88;105m▀[0m[38;2;193;113;130m[48;2;161;94;112m▀[0m[38;2;190;112;129m[48;2;176;103;121m▀[0m[38;2;166;98;114m[48;2;161;95;112m▀[0m[38;2;127;76;92m[48;2;125;75;91m▀[0m[38;2;136;81;97m[48;2;127;76;92m▀[0m[38;2;175;103;120m[48;2;152;90;107m▀[0m[38;2;186;109;126m[48;2;168;99;116m▀[0m[38;2;180;106;123m[48;2;179;106;122m▀[0m[38;2;184;107;124m[48;2;180;105;123m▀[0m[38;2;184;108;125m[48;2;168;99;117m▀[0m[38;2;158;94;111m[48;2;129;78;92m▀[0m[38;2;128;77;94m[48;2;85;54;64m▀[0m[38;2;149;88;105m[48;2;89;56;65m▀[0m[38;2;185;109;127m[48;2;114;70;81m▀[0m[38;2;189;111;128m[48;2;141;84;98m▀[0m[38;2;182;107;124m[48;2;163;97;114m▀[0m[38;2;185;109;126m[48;2;172;102;120m▀[0m[38;2;182;107;124m[48;2;164;97;115m▀[0m[38;2;155;92;108m[48;2;143;85;101m▀[0m[38;2;128;77;94m[48;2;122;73;89m▀[0m[38;2;135;81;99m[48;2;124;75;91m▀[0m[38;2;129;77;94m[48;2;115;70;85m▀[0m[38;2;126;75;91m[48;2;111;67;85m▀[0m[38;2;120;75;90m▀[0m[38;2;135;75;90m▀[0m[38;2;127;79;95m▀[0m[38;2;127;85;85m▀[0m           
                 [38;2;0;0;0m▀[0m[38;2;0;0;0m▀[0m[38;2;69;46;46m▀[0m[38;2;106;63;85m▀[0m[38;2;5;8;5m[48;2;0;0;0m▀[0m[38;2;19;18;18m[48;2;18;17;17m▀[0m[38;2;107;66;76m[48;2;74;47;54m▀[0m[38;2;191;113;130m[48;2;116;71;81m▀[0m[38;2;230;140;152m[48;2;180;110;121m▀[0m[38;2;239;149;156m[48;2;213;130;142m▀[0m[38;2;205;124;137m[48;2;174;103;119m▀[0m[38;2;186;110;126m[48;2;156;92;109m▀[0m[38;2;215;131;143m[48;2;210;129;140m▀[0m[38;2;238;148;156m[48;2;249;156;162m▀[0m[38;2;239;149;156m[48;2;244;152;159m▀[0m[38;2;239;149;157m[48;2;239;149;157m▀[0m[38;2;247;153;161m[48;2;250;155;163m▀[0m[38;2;222;137;146m[48;2;223;138;147m▀[0m[38;2;149;91;105m[48;2;139;84;100m▀[0m[38;2;140;85;100m[48;2;128;78;93m▀[0m[38;2;214;132;142m[48;2;212;131;141m▀[0m[38;2;235;145;154m[48;2;240;149;157m▀[0m[38;2;197;118;133m[48;2;204;122;137m▀[0m[38;2;161;95;112m[48;2;165;97;114m▀[0m[38;2;130;78;94m[48;2;125;75;91m▀[0m[38;2;136;81;97m[48;2;130;78;94m▀[0m[38;2;174;102;119m[48;2;172;101;118m▀[0m[38;2;168;99;116m[48;2;177;104;122m▀[0m[38;2;129;78;94m[48;2;154;92;108m▀[0m[38;2;116;70;86m[48;2;135;80;96m▀[0m[38;2;121;73;89m[48;2;120;72;88m▀[0m[38;2;146;87;103m[48;2;146;87;104m▀[0m[38;2;178;105;122m[48;2;189;111;129m▀[0m[38;2;171;101;118m[48;2;157;93;109m▀[0m[38;2;138;82;100m[48;2;86;54;65m▀[0m[38;2;84;52;63m[48;2;44;31;35m▀[0m[38;2;26;22;24m[48;2;8;13;11m▀[0m[38;2;9;13;11m[48;2;0;0;0m▀[0m[38;2;21;18;19m[48;2;0;3;1m▀[0m[38;2;71;46;54m[48;2;48;33;40m▀[0m[38;2;127;77;93m[48;2;113;68;85m▀[0m[38;2;143;86;104m[48;2;130;78;96m▀[0m[38;2;129;78;94m[48;2;115;69;85m▀[0m[38;2;125;75;90m[48;2;117;68;85m▀[0m[38;2;115;69;92m▀[0m[38;2;139;69;92m▀[0m[38;2;115;69;92m▀[0m[38;2;102;51;102m▀[0m               
                     [38;2;0;0;0m▀[0m[38;2;0;0;0m▀[0m[38;2;3;7;7m[48;2;0;0;0m▀[0m[38;2;26;21;23m[48;2;13;14;14m▀[0m[38;2;120;74;84m[48;2;117;72;82m▀[0m[38;2;183;108;126m[48;2;188;109;129m▀[0m[38;2;146;86;104m[48;2;145;85;104m▀[0m[38;2;130;79;94m[48;2;119;73;88m▀[0m[38;2;196;121;132m[48;2;172;104;118m▀[0m[38;2;245;153;160m[48;2;219;134;145m▀[0m[38;2;243;151;159m[48;2;238;147;156m▀[0m[38;2;239;149;157m[48;2;240;150;158m▀[0m[38;2;248;154;161m[48;2;228;139;150m▀[0m[38;2;222;138;147m[48;2;196;119;132m▀[0m[38;2;145;88;103m[48;2;139;84;99m▀[0m[38;2;135;82;97m[48;2;132;80;95m▀[0m[38;2;213;132;142m[48;2;190;115;128m▀[0m[38;2;237;147;156m[48;2;213;129;142m▀[0m[38;2;199;119;134m[48;2;196;116;132m▀[0m[38;2;163;96;113m[48;2;167;99;115m▀[0m[38;2;128;77;93m[48;2;127;76;92m▀[0m[38;2;132;79;95m[48;2;129;77;93m▀[0m[38;2;170;100;117m[48;2;169;99;116m▀[0m[38;2;186;109;127m[48;2;188;110;128m▀[0m[38;2;183;107;124m[48;2;189;110;127m▀[0m[38;2;160;94;111m[48;2;162;96;114m▀[0m[38;2;126;76;92m[48;2;117;73;91m▀[0m[38;2;146;87;104m[48;2;105;67;82m▀[0m[38;2;186;109;127m[48;2;109;68;78m▀[0m[38;2;130;79;90m[48;2;77;49;54m▀[0m[38;2;31;25;26m[48;2;15;15;15m▀[0m[38;2;3;6;4m[48;2;0;0;0m▀[0m[38;2;0;13;0m▀[0m[38;2;0;0;0m▀[0m[38;2;0;0;0m▀[0m[38;2;42;42;42m▀[0m[38;2;127;85;85m▀[0m[38;2;127;85;85m▀[0m[38;2;127;85;85m▀[0m[38;2;85;85;85m▀[0m                   
                      [38;2;0;0;0m[48;2;0;0;0m▀[0m[38;2;0;5;3m[48;2;0;3;3m▀[0m[38;2;22;19;20m[48;2;21;17;19m▀[0m[38;2;118;72;82m[48;2;70;44;50m▀[0m[38;2;184;107;126m[48;2;105;65;74m▀[0m[38;2;149;88;106m[48;2;141;84;100m▀[0m[38;2;124;75;91m[48;2;166;98;116m▀[0m[38;2;153;90;107m[48;2;172;100;119m▀[0m[38;2;188;112;128m[48;2;180;106;123m▀[0m[38;2;226;139;149m[48;2;201;121;135m▀[0m[38;2;235;146;155m[48;2;207;126;139m▀[0m[38;2;203;122;136m[48;2;191;113;129m▀[0m[38;2;168;99;116m[48;2;166;97;115m▀[0m[38;2;132;79;95m[48;2;129;77;93m▀[0m[38;2;128;77;93m[48;2;125;75;91m▀[0m[38;2;165;98;114m[48;2;163;96;113m▀[0m[38;2;185;109;126m[48;2;176;103;121m▀[0m[38;2;185;109;126m[48;2;157;93;110m▀[0m[38;2;167;99;115m[48;2;149;89;105m▀[0m[38;2;130;78;94m[48;2;149;89;105m▀[0m[38;2;132;79;95m[48;2;158;94;110m▀[0m[38;2;170;100;117m[48;2;175;103;120m▀[0m[38;2;187;110;127m[48;2;188;110;127m▀[0m[38;2;187;109;126m[48;2;194;113;131m▀[0m[38;2;154;93;111m[48;2;148;89;104m▀[0m[38;2;97;65;83m[48;2;66;46;56m▀[0m[38;2;55;41;53m[48;2;23;22;27m▀[0m[38;2;23;21;23m[48;2;1;9;9m▀[0m[38;2;10;10;9m[48;2;0;0;0m▀[0m[38;2;13;13;13m▀[0m[38;2;0;0;0m▀[0m                           
                        [38;2;0;0;0m▀[0m[38;2;0;3;1m[48;2;0;0;0m▀[0m[38;2;23;20;21m[48;2;4;10;8m▀[0m[38;2;116;71;82m[48;2;64;41;46m▀[0m[38;2;186;109;127m[48;2;104;65;74m▀[0m[38;2;187;110;128m[48;2;159;94;109m▀[0m[38;2;180;106;123m[48;2;190;111;129m▀[0m[38;2;180;106;123m[48;2;184;107;125m▀[0m[38;2;180;106;123m[48;2;177;103;121m▀[0m[38;2;184;108;125m[48;2;180;106;123m▀[0m[38;2;172;101;118m[48;2;177;104;121m▀[0m[38;2;135;80;96m[48;2;159;94;111m▀[0m[38;2;130;78;94m[48;2;158;94;111m▀[0m[38;2;169;100;117m[48;2;178;105;122m▀[0m[38;2;172;102;119m[48;2;168;99;116m▀[0m[38;2;131;79;95m[48;2;125;75;91m▀[0m[38;2;131;78;95m[48;2;126;75;92m▀[0m[38;2;168;99;116m[48;2;169;100;117m▀[0m[38;2;185;108;125m[48;2;191;112;129m▀[0m[38;2;181;107;124m[48;2;191;112;129m▀[0m[38;2;185;109;126m[48;2;176;105;122m▀[0m[38;2;189;111;130m[48;2;146;90;110m▀[0m[38;2;131;79;91m[48;2;107;69;83m▀[0m[38;2;34;26;28m[48;2;33;27;29m▀[0m[38;2;0;6;3m[48;2;0;0;0m▀[0m[38;2;0;12;12m▀[0m                              
                          [38;2;0;36;0m▀[0m[38;2;0;1;0m[48;2;0;3;0m▀[0m[38;2;24;21;21m[48;2;15;16;16m▀[0m[38;2;119;73;84m[48;2;73;50;61m▀[0m[38;2;185;109;127m[48;2;127;79;97m▀[0m[38;2;186;110;127m[48;2;164;98;116m▀[0m[38;2;180;106;123m[48;2;184;108;125m▀[0m[38;2;180;106;123m[48;2;185;109;126m▀[0m[38;2;180;106;123m[48;2;184;108;125m▀[0m[38;2;181;107;124m[48;2;184;108;125m▀[0m[38;2;182;108;125m[48;2;183;108;125m▀[0m[38;2;184;108;125m[48;2;182;107;124m▀[0m[38;2;168;99;116m[48;2;176;103;120m▀[0m[38;2;133;79;96m[48;2;163;96;113m▀[0m[38;2;133;79;96m[48;2;164;97;114m▀[0m[38;2;169;99;116m[48;2;180;106;123m▀[0m[38;2;186;110;127m[48;2;169;101;118m▀[0m[38;2;184;109;126m[48;2;132;82;100m▀[0m[38;2;153;93;110m[48;2;90;60;74m▀[0m[38;2;95;65;82m[48;2;43;34;42m▀[0m[38;2;68;50;67m[48;2;22;20;26m▀[0m[38;2;81;57;81m▀[0m                                
                          [38;2;21;21;21m▀[0m[38;2;8;11;9m[48;2;0;1;0m▀[0m[38;2;21;19;20m[48;2;18;17;17m▀[0m[38;2;53;41;51m[48;2;90;58;69m▀[0m[38;2;96;64;82m[48;2;150;91;109m▀[0m[38;2;152;93;111m[48;2;178;106;124m▀[0m[38;2;185;109;126m[48;2;181;107;124m▀[0m[38;2;182;107;124m[48;2;152;90;107m▀[0m[38;2;177;104;121m[48;2;143;85;101m▀[0m[38;2;179;105;122m[48;2;168;99;116m▀[0m[38;2;180;106;123m[48;2;183;108;125m▀[0m[38;2;180;106;123m[48;2;184;108;125m▀[0m[38;2;180;106;123m[48;2;173;102;119m▀[0m[38;2;179;106;123m[48;2;152;90;107m▀[0m[38;2;181;107;124m[48;2;153;90;107m▀[0m[38;2;187;109;126m[48;2;176;103;120m▀[0m[38;2;159;96;113m[48;2;175;104;121m▀[0m[38;2;103;68;87m[48;2;150;91;109m▀[0m[38;2;60;44;57m[48;2;121;75;91m▀[0m[38;2;27;23;26m[48;2;87;55;66m▀[0m[38;2;12;12;12m[48;2;58;38;44m▀[0m[38;2;12;12;12m[48;2;25;21;22m▀[0m[38;2;0;0;0m[48;2;4;11;7m▀[0m[38;2;0;0;0m[48;2;18;18;18m▀[0m                              
                        [38;2;0;0;0m[48;2;0;0;0m▀[0m[38;2;0;0;0m[48;2;2;7;7m▀[0m[38;2;15;15;7m[48;2;20;19;19m▀[0m[38;2;9;9;9m[48;2;56;36;44m▀[0m[38;2;36;27;29m[48;2;93;58;69m▀[0m[38;2;130;78;90m[48;2;154;92;107m▀[0m[38;2;192;113;131m[48;2;186;109;126m▀[0m[38;2;189;111;129m[48;2;165;97;115m▀[0m[38;2;169;100;117m[48;2;149;89;106m▀[0m[38;2;136;81;97m[48;2;153;91;107m▀[0m[38;2;129;77;93m[48;2;161;96;112m▀[0m[38;2;164;96;113m[48;2;175;103;120m▀[0m[38;2;185;109;126m[48;2;183;108;125m▀[0m[38;2;186;109;126m[48;2;185;108;125m▀[0m[38;2;167;99;116m[48;2;167;99;116m▀[0m[38;2;129;77;94m[48;2;129;77;94m▀[0m[38;2;129;77;94m[48;2;130;77;94m▀[0m[38;2;167;99;116m[48;2;171;101;118m▀[0m[38;2;187;110;127m[48;2;189;111;128m▀[0m[38;2;188;111;128m[48;2;186;109;126m▀[0m[38;2;175;102;121m[48;2;187;110;128m▀[0m[38;2;147;87;105m[48;2;188;110;130m▀[0m[38;2;96;59;71m[48;2;130;79;92m▀[0m[38;2;30;24;27m[48;2;36;29;31m▀[0m[38;2;4;9;7m[48;2;1;7;5m▀[0m[38;2;10;10;10m[48;2;0;9;9m▀[0m                              
                        [38;2;0;0;0m[48;2;0;0;0m▀[0m[38;2;3;8;6m[48;2;1;6;4m▀[0m[38;2;24;20;21m[48;2;27;23;24m▀[0m[38;2;88;55;66m[48;2;117;72;84m▀[0m[38;2;145;86;104m[48;2;188;110;129m▀[0m[38;2;176;104;122m[48;2;205;120;140m▀[0m[38;2;176;104;121m[48;2;178;105;122m▀[0m[38;2;129;77;93m[48;2;84;53;62m▀[0m[38;2;113;69;83m[48;2;53;36;42m▀[0m[38;2;159;94;110m[48;2;137;82;95m▀[0m[38;2;187;110;127m[48;2;190;111;130m▀[0m[38;2;183;108;125m[48;2;185;109;126m▀[0m[38;2;181;107;124m[48;2;181;107;124m▀[0m[38;2;184;108;125m[48;2;184;108;125m▀[0m[38;2;168;99;116m[48;2;169;100;117m▀[0m[38;2;131;78;95m[48;2;133;80;96m▀[0m[38;2;130;77;94m[48;2;123;74;91m▀[0m[38;2;164;97;114m[48;2;139;83;100m▀[0m[38;2;181;106;123m[48;2;164;97;115m▀[0m[38;2;182;108;125m[48;2;194;114;133m▀[0m[38;2;183;108;124m[48;2;164;98;113m▀[0m[38;2;178;104;122m[48;2;90;57;65m▀[0m[38;2;123;75;86m[48;2;48;34;36m▀[0m[38;2;35;27;28m[48;2;28;23;26m▀[0m[38;2;0;4;4m[48;2;0;4;4m▀[0m[38;2;0;12;12m[48;2;0;0;0m▀[0m                              
                        [38;2;0;0;0m[48;2;0;0;0m▀[0m[38;2;0;3;3m[48;2;0;6;0m▀[0m[38;2;25;20;21m[48;2;26;19;22m▀[0m[38;2;110;67;78m[48;2;53;36;40m▀[0m[38;2;169;100;116m[48;2;65;44;49m▀[0m[38;2;177;105;122m[48;2;67;45;50m▀[0m[38;2;144;86;100m[48;2;55;37;42m▀[0m[38;2;45;31;35m[48;2;15;15;15m▀[0m[38;2;20;18;19m[48;2;30;24;25m▀[0m[38;2;126;76;88m[48;2;138;83;96m▀[0m[38;2;193;112;132m[48;2;203;118;139m▀[0m[38;2;187;110;128m[48;2;198;116;134m▀[0m[38;2;183;108;125m[48;2;193;114;132m▀[0m[38;2;186;109;126m[48;2;196;115;133m▀[0m[38;2;172;101;119m[48;2;183;107;125m▀[0m[38;2;138;83;99m[48;2;150;89;107m▀[0m[38;2;116;70;85m[48;2;108;66;80m▀[0m[38;2;104;64;78m[48;2;57;39;45m▀[0m[38;2;121;73;88m[48;2;43;31;35m▀[0m[38;2;160;95;111m[48;2;60;41;46m▀[0m[38;2;125;76;87m[48;2;53;36;40m▀[0m[38;2;29;23;24m[48;2;18;18;18m▀[0m[38;2;0;0;0m[48;2;0;0;0m▀[0m[38;2;0;0;0m▀[0m                                
                           [38;2;2;8;8m[48;2;0;8;0m▀[0m[38;2;3;9;8m[48;2;0;4;4m▀[0m[38;2;2;9;7m[48;2;0;4;4m▀[0m[38;2;3;8;7m[48;2;0;7;3m▀[0m[38;2;2;7;6m[48;2;10;13;12m▀[0m[38;2;32;25;26m[48;2;21;19;19m▀[0m[38;2;112;69;79m[48;2;42;31;33m▀[0m[38;2;159;94;110m[48;2;53;36;40m▀[0m[38;2;155;93;107m[48;2;52;36;39m▀[0m[38;2;152;91;105m[48;2;51;35;39m▀[0m[38;2;154;92;106m[48;2;52;36;39m▀[0m[38;2;145;86;100m[48;2;49;34;38m▀[0m[38;2;121;73;87m[48;2;44;32;35m▀[0m[38;2;83;52;63m[48;2;35;27;29m▀[0m[38;2;26;22;24m[48;2;19;19;19m▀[0m[38;2;0;6;3m[48;2;0;4;0m▀[0m[38;2;2;8;7m[48;2;0;4;4m▀[0m[38;2;3;8;6m[48;2;0;6;0m▀[0m[38;2;0;0;0m[48;2;0;0;0m▀[0m                                  
                              [38;2;0;0;0m▀[0m[38;2;18;16;16m▀[0m[38;2;16;16;16m▀[0m[38;2;7;12;11m▀[0m[38;2;1;8;6m▀[0m[38;2;1;8;7m▀[0m[38;2;2;8;7m▀[0m[38;2;1;8;7m▀[0m[38;2;3;9;7m▀[0m[38;2;6;11;10m▀[0m[38;2;7;11;10m▀[0m[38;2;0;8;8m▀[0m                                      
[0m