                 [38;2;85;85;85m▄[0m[38;2;87;77;77m[48;2;95;88;88m▀[0m[38;2;97;92;92m[48;2;132;132;132m▀[0m[38;2;0;0;0m[48;2;0;0;0m▀[0m                   
                [38;2;19;19;19m▄[0m[38;2;50;44;44m[48;2;93;82;82m▀[0m[38;2;156;153;153m[48;2;172;168;168m▀[0m[38;2;144;139;139m[48;2;161;148;148m▀[0m[38;2;35;32;32m[48;2;61;56;56m▀[0m[38;2;0;0;0m[48;2;0;0;0m▀[0m                  
                [38;2;0;0;0m[48;2;76;68;68m▀[0m[38;2;116;111;111m[48;2;130;120;120m▀[0m[38;2;178;175;175m[48;2;136;126;126m▀[0m[38;2;156;142;142m[48;2;136;123;123m▀[0m[38;2;70;64;64m[48;2;130;119;119m▀[0m[38;2;0;0;0m[48;2;25;23;23m▀[0m                  
               [38;2;63;55;55m▄[0m[38;2;70;61;61m[48;2;100;91;91m▀[0m[38;2;144;137;137m[48;2;164;158;158m▀[0m[38;2;161;152;152m[48;2;156;144;144m▀[0m[38;2;128;116;116m[48;2;135;124;124m▀[0m[38;2;144;132;132m[48;2;132;120;120m▀[0m[38;2;27;26;26m[48;2;29;27;27m▀[0m                  
           [38;2;0;0;0m▄[0m  [38;2;47;47;47m▄[0m[38;2;61;53;53m[48;2;82;74;74m▀[0m[38;2;123;114;114m[48;2;142;131;131m▀[0m[38;2;173;169;169m[48;2;145;136;136m▀[0m[38;2;144;131;131m[48;2;136;124;124m▀[0m[38;2;140;128;128m[48;2;153;140;140m▀[0m[38;2;134;122;122m[48;2;130;118;118m▀[0m[38;2;78;70;70m[48;2;85;78;78m▀[0m[38;2;10;10;10m[48;2;5;5;5m▀[0m   [38;2;0;0;0m▄[0m             
          [38;2;63;56;56m[48;2;43;37;37m▀[0m[38;2;86;76;76m[48;2;115;104;104m▀[0m[38;2;80;71;71m[48;2;125;114;114m▀[0m[38;2;61;54;54m▄[0m[38;2;26;13;13m[48;2;70;62;62m▀[0m[38;2;107;95;95m[48;2;88;79;79m▀[0m[38;2;152;139;139m[48;2;105;95;95m▀[0m[38;2;131;120;120m[48;2;95;86;86m▀[0m[38;2;132;121;121m[48;2;95;86;86m▀[0m[38;2;148;135;135m[48;2;97;88;88m▀[0m[38;2;126;114;114m[48;2;87;78;78m▀[0m[38;2;61;55;55m[48;2;35;33;33m▀[0m[38;2;5;5;5m[48;2;13;13;13m▀[0m[38;2;0;0;0m▄[0m[38;2;69;60;60m▄[0m[38;2;86;76;76m[48;2;130;119;119m▀[0m[38;2;53;49;49m[48;2;80;74;74m▀[0m[38;2;0;0;0m[48;2;0;0;0m▀[0m            
          [38;2;44;38;38m[48;2;52;45;45m▀[0m[38;2;112;101;101m[48;2;112;101;101m▀[0m[38;2;143;130;130m[48;2;112;101;101m▀[0m[38;2;106;98;98m[48;2;162;151;151m▀[0m[38;2;160;156;156m[48;2;157;146;145m▀[0m[38;2;167;163;163m[48;2;146;133;133m▀[0m[38;2;161;157;157m[48;2;147;134;134m▀[0m[38;2;139;127;127m[48;2;146;134;136m▀[0m[38;2;139;126;126m[48;2;148;135;135m▀[0m[38;2;138;126;126m[48;2;150;136;137m▀[0m[38;2;139;127;127m[48;2;136;124;124m▀[0m[38;2;105;96;96m[48;2;118;108;107m▀[0m[38;2;103;94;94m[48;2;116;106;106m▀[0m[38;2;44;41;41m[48;2;102;92;92m▀[0m[38;2;103;94;94m[48;2;126;115;115m▀[0m[38;2;163;149;149m[48;2;114;103;103m▀[0m[38;2;71;65;65m[48;2;58;54;54m▀[0m[38;2;0;0;0m[48;2;0;0;0m▀[0m            
        [38;2;10;10;10m▄[0m[38;2;23;14;17m▄[0m[38;2;26;19;23m[48;2;38;30;35m▀[0m[38;2;91;81;82m[48;2;53;43;47m▀[0m[38;2;94;86;85m[48;2;88;78;80m▀[0m[38;2;124;112;112m[48;2;51;41;45m▀[0m[38;2;68;59;60m[48;2;46;37;42m▀[0m[38;2;56;46;49m[48;2;106;95;99m▀[0m[38;2;54;43;47m[48;2;146;130;76m▀[0m[38;2;65;52;35m[48;2;192;177;103m▀[0m[38;2;57;47;55m[48;2;117;103;81m▀[0m[38;2;48;38;41m[48;2;93;83;88m▀[0m[38;2;42;32;36m[48;2;55;47;52m▀[0m[38;2;71;61;63m[48;2;33;23;28m▀[0m[38;2;101;91;92m[48;2;32;23;27m▀[0m[38;2;86;77;77m[48;2;83;77;77m▀[0m[38;2;108;99;99m[48;2;93;84;84m▀[0m[38;2;43;33;38m[48;2;59;49;54m▀[0m[38;2;27;21;24m[48;2;51;41;46m▀[0m[38;2;14;7;10m[48;2;39;30;35m▀[0m[38;2;23;12;17m▄[0m[38;2;12;0;12m▄[0m          
      [38;2;9;0;0m▄[0m[38;2;10;0;10m[48;2;35;25;30m▀[0m[38;2;36;26;31m[48;2;59;50;55m▀[0m[38;2;56;47;52m[48;2;50;41;46m▀[0m[38;2;55;46;51m[48;2;25;16;21m▀[0m[38;2;37;27;32m[48;2;18;9;14m▀[0m[38;2;22;19;21m[48;2;0;0;0m▀[0m[38;2;32;28;30m[48;2;44;40;41m▀[0m[38;2;73;63;67m[48;2;105;94;96m▀[0m[38;2;104;93;100m[48;2;122;111;117m▀[0m[38;2;171;151;63m[48;2;114;101;63m▀[0m[38;2;223;208;125m[48;2;159;139;46m▀[0m[38;2;113;98;53m[48;2;106;95;90m▀[0m[38;2;107;96;104m[48;2;109;99;104m▀[0m[38;2;37;29;34m[48;2;83;73;76m▀[0m[38;2;51;42;44m[48;2;113;106;105m▀[0m[38;2;104;95;95m[48;2;123;70;74m▀[0m[38;2;101;72;74m[48;2;81;23;28m▀[0m[38;2;90;83;83m[48;2;4;8;8m▀[0m[38;2;35;26;30m▀[0m[38;2;40;32;36m[48;2;17;8;12m▀[0m[38;2;55;45;51m[48;2;26;17;21m▀[0m[38;2;56;46;52m[48;2;51;41;46m▀[0m[38;2;35;26;30m[48;2;59;49;55m▀[0m[38;2;11;0;11m[48;2;35;25;30m▀[0m[38;2;11;0;0m▄[0m        
    [38;2;8;0;8m▄[0m[38;2;10;0;10m[48;2;36;26;31m▀[0m[38;2;36;26;31m[48;2;59;50;55m▀[0m[38;2;59;50;55m[48;2;49;40;45m▀[0m[38;2;49;39;45m[48;2;24;13;19m▀[0m[38;2;26;15;19m▀[0m  [38;2;54;36;0m▄[0m[38;2;89;72;13m▄[0m[38;2;85;77;79m[48;2;103;89;45m▀[0m[38;2;111;100;88m[48;2;140;119;47m▀[0m[38;2;101;90;81m[48;2;140;119;46m▀[0m[38;2;101;89;74m[48;2;139;118;47m▀[0m[38;2;106;95;86m[48;2;137;116;45m▀[0m[38;2;107;96;84m[48;2;139;118;45m▀[0m[38;2;98;93;91m[48;2;112;98;52m▀[0m[38;2;114;67;74m[48;2;85;55;37m▀[0m[38;2;88;25;31m[48;2;49;12;23m▀[0m[38;2;0;6;6m[48;2;0;0;0m▀[0m    [38;2;26;16;20m▀[0m[38;2;50;40;46m[48;2;24;16;20m▀[0m[38;2;59;50;55m[48;2;51;41;46m▀[0m[38;2;35;25;30m[48;2;59;50;55m▀[0m[38;2;11;0;11m[48;2;36;26;31m▀[0m[38;2;9;0;0m▄[0m      
   [38;2;24;16;16m[48;2;24;15;20m▀[0m[38;2;36;27;33m[48;2;57;48;53m▀[0m[38;2;59;49;55m[48;2;58;49;54m▀[0m[38;2;49;39;44m[48;2;27;16;22m▀[0m[38;2;24;15;20m▀[0m  [38;2;98;83;21m▄[0m[38;2;100;83;21m[48;2;165;141;64m▀[0m[38;2;128;108;39m[48;2;165;142;66m▀[0m[38;2;152;130;55m[48;2;156;134;59m▀[0m[38;2;164;141;63m[48;2;171;147;73m▀[0m[38;2;181;156;80m[48;2;88;75;59m▀[0m[38;2;100;85;61m[48;2;43;36;51m▀[0m[38;2;145;125;63m[48;2;90;76;54m▀[0m[38;2;186;161;81m[48;2;179;154;73m▀[0m[38;2;181;157;78m[48;2;163;140;64m▀[0m[38;2;150;128;53m[48;2;145;124;51m▀[0m[38;2;162;142;65m[48;2;180;156;75m▀[0m[38;2;95;85;46m[48;2;187;161;79m▀[0m[38;2;38;37;25m[48;2;166;144;72m▀[0m[38;2;0;0;0m[48;2;56;49;30m▀[0m[38;2;0;0;0m▄[0m    [38;2;25;17;21m▀[0m[38;2;49;40;45m[48;2;27;17;22m▀[0m[38;2;58;49;54m[48;2;59;50;55m▀[0m[38;2;36;26;31m[48;2;56;47;52m▀[0m[38;2;27;18;18m[48;2;24;13;19m▀[0m     
   [38;2;23;13;19m▀[0m[38;2;52;42;48m[48;2;27;18;24m▀[0m[38;2;59;51;56m[48;2;53;43;48m▀[0m[38;2;49;40;45m[48;2;61;52;57m▀[0m[38;2;24;16;20m[48;2;46;37;44m▀[0m[38;2;0;0;0m[48;2;85;69;23m▀[0m[38;2;102;83;23m[48;2;166;142;64m▀[0m[38;2;164;141;63m[48;2;152;130;58m▀[0m[38;2;163;141;70m[48;2;121;108;96m▀[0m[38;2;139;123;88m[48;2;126;109;59m▀[0m[38;2;157;135;59m[48;2;155;133;56m▀[0m[38;2;106;91;58m[48;2;157;137;61m▀[0m[38;2;73;62;56m[48;2;182;159;77m▀[0m[38;2;78;67;57m[48;2;183;159;76m▀[0m[38;2;62;52;49m[48;2;130;111;55m▀[0m[38;2;140;120;63m[48;2;143;122;59m▀[0m[38;2;143;124;72m[48;2;117;100;58m▀[0m[38;2;146;132;123m[48;2;138;127;132m▀[0m[38;2;145;125;72m[48;2;109;99;102m▀[0m[38;2;163;140;68m[48;2;102;89;68m▀[0m[38;2;184;159;78m[48;2;156;134;59m▀[0m[38;2;168;145;72m[48;2;188;163;80m▀[0m[38;2;63;54;32m[48;2;144;124;64m▀[0m[38;2;0;0;12m[48;2;0;0;9m▀[0m  [38;2;25;17;21m▄[0m[38;2;27;17;21m[48;2;51;41;46m▀[0m[38;2;50;40;46m[48;2;61;52;57m▀[0m[38;2;59;51;56m[48;2;52;42;47m▀[0m[38;2;50;41;46m[48;2;27;18;21m▀[0m[38;2;23;14;18m▀[0m     
[38;2;50;44;18m▄[0m[38;2;122;103;20m▄[0m[38;2;0;0;0m▄[0m [38;2;0;0;0m▀[0m[38;2;29;18;23m▀[0m[38;2;52;42;48m[48;2;25;14;26m▀[0m[38;2;60;50;51m[48;2;68;54;24m▀[0m[38;2;120;102;41m[48;2;166;143;63m▀[0m[38;2;164;141;61m[48;2;149;130;75m▀[0m[38;2;140;125;106m[48;2;151;138;138m▀[0m[38;2;124;113;114m[48;2;120;105;78m▀[0m[38;2;108;91;38m[48;2;150;127;48m▀[0m[38;2;167;144;70m[48;2;118;107;67m▀[0m[38;2;116;82;65m[48;2;184;48;74m▀[0m[38;2;123;92;66m[48;2;154;48;69m▀[0m[38;2;176;153;76m[48;2;137;124;69m▀[0m[38;2;182;158;76m[48;2;187;162;79m▀[0m[38;2;125;105;41m[48;2;121;102;41m▀[0m[38;2;88;78;71m[48;2;145;133;132m▀[0m[38;2;112;102;103m[48;2;149;136;137m▀[0m[38;2;132;121;120m[48;2;151;138;138m▀[0m[38;2;133;122;126m[48;2;153;140;141m▀[0m[38;2;140;125;98m[48;2;148;134;128m▀[0m[38;2;165;141;61m[48;2;150;130;70m▀[0m[38;2;181;157;79m[48;2;183;158;76m▀[0m[38;2;77;68;39m[48;2;120;104;49m▀[0m[38;2;7;2;15m[48;2;30;23;24m▀[0m[38;2;31;20;26m[48;2;59;50;56m▀[0m[38;2;50;40;45m[48;2;60;51;56m▀[0m[38;2;60;51;56m[48;2;51;41;47m▀[0m[38;2;51;41;47m[48;2;26;17;22m▀[0m[38;2;26;17;22m▀[0m[38;2;0;0;0m▀[0m   [38;2;0;0;0m▄[0m[38;2;122;103;20m▄[0m[38;2;50;44;18m▄[0m
[38;2;88;78;31m[48;2;67;59;26m▀[0m[38;2;225;197;58m[48;2;202;179;57m▀[0m[38;2;155;132;32m[48;2;242;214;66m▀[0m[38;2;129;110;24m[48;2;199;174;50m▀[0m[38;2;89;76;6m[48;2;180;157;42m▀[0m[38;2;63;31;0m[48;2;153;131;33m▀[0m[38;2;97;79;12m▄[0m[38;2;95;77;23m[48;2;142;121;49m▀[0m[38;2;164;140;59m[48;2;163;140;71m▀[0m[38;2;131;116;82m[48;2;124;111;97m▀[0m[38;2;147;135;146m[48;2;105;92;73m▀[0m[38;2;121;106;80m[48;2;103;88;45m▀[0m[38;2;157;134;56m[48;2;112;94;28m▀[0m[38;2;173;150;77m[48;2;184;159;79m▀[0m[38;2;119;84;67m[48;2;161;141;63m▀[0m[38;2;93;63;44m[48;2;133;115;44m▀[0m[38;2;152;131;59m[48;2;165;142;67m▀[0m[38;2;182;158;78m[48;2;157;135;61m▀[0m[38;2;113;95;34m[48;2;138;118;46m▀[0m[38;2;136;123;117m[48;2;135;116;57m▀[0m[38;2;153;140;142m[48;2;120;108;100m▀[0m[38;2;151;137;137m[48;2;110;100;103m▀[0m[38;2;137;124;124m[48;2;110;100;101m▀[0m[38;2;135;123;127m[48;2;109;99;102m▀[0m[38;2;112;97;63m[48;2;98;84;48m▀[0m[38;2;168;145;65m[48;2;168;145;66m▀[0m[38;2;178;154;74m[48;2;181;157;78m▀[0m[38;2;45;40;31m[48;2;43;38;29m▀[0m[38;2;55;45;53m[48;2;25;17;28m▀[0m[38;2;35;26;30m[48;2;0;0;0m▀[0m[38;2;22;12;22m[48;2;122;102;15m▀[0m[38;2;126;105;21m▄[0m[38;2;114;96;18m▄[0m[38;2;91;72;9m[48;2;167;145;37m▀[0m[38;2;95;76;6m[48;2;180;156;42m▀[0m[38;2;111;92;18m[48;2;182;159;44m▀[0m[38;2;143;122;29m[48;2;233;205;63m▀[0m[38;2;149;129;31m[48;2;238;210;64m▀[0m[38;2;225;197;58m[48;2;202;179;57m▀[0m[38;2;88;78;31m[48;2;67;59;26m▀[0m
[38;2;0;0;4m[48;2;12;12;12m▀[0m[38;2;137;122;41m[48;2;7;8;13m▀[0m[38;2;229;202;60m[48;2;94;81;25m▀[0m[38;2;237;209;66m[48;2;182;158;43m▀[0m[38;2;238;210;66m[48;2;192;169;51m▀[0m[38;2;227;200;60m[48;2;222;196;60m▀[0m[38;2;183;160;43m[48;2;188;166;50m▀[0m[38;2;137;116;45m[48;2;119;102;48m▀[0m[38;2;146;126;69m[48;2;130;109;39m▀[0m[38;2;121;106;83m[48;2;98;79;16m▀[0m[38;2;134;113;39m[48;2;110;97;55m▀[0m[38;2;165;142;63m[48;2;151;133;74m▀[0m[38;2;154;132;60m[48;2;187;162;81m▀[0m[38;2;126;106;39m[48;2;149;126;52m▀[0m[38;2;125;106;45m[48;2;60;50;44m▀[0m[38;2;139;119;54m[48;2;93;79;56m▀[0m[38;2;167;144;68m[48;2;179;155;72m▀[0m[38;2;176;152;73m[48;2;159;139;73m▀[0m[38;2;189;164;81m[48;2;117;105;64m▀[0m[38;2;180;156;76m[48;2;180;155;77m▀[0m[38;2;135;116;52m[48;2;181;156;77m▀[0m[38;2;94;78;27m[48;2;152;130;55m▀[0m[38;2;131;116;91m[48;2;134;114;41m▀[0m[38;2;148;136;136m[48;2;129;110;55m▀[0m[38;2;118;103;70m[48;2;101;84;41m▀[0m[38;2;168;144;65m[48;2;153;130;56m▀[0m[38;2;178;154;77m[48;2;179;155;79m▀[0m[38;2;56;49;25m[48;2;68;61;29m▀[0m[38;2;122;104;22m[48;2;167;147;44m▀[0m[38;2;131;111;25m[48;2;178;158;48m▀[0m[38;2;178;154;42m[48;2;235;206;63m▀[0m[38;2;219;192;57m[48;2;232;204;63m▀[0m[38;2;213;187;55m[48;2;232;204;63m▀[0m[38;2;229;202;62m[48;2;229;202;63m▀[0m[38;2;234;206;64m[48;2;230;203;62m▀[0m[38;2;233;205;64m[48;2;227;201;62m▀[0m[38;2;232;205;63m[48;2;194;170;50m▀[0m[38;2;243;214;66m[48;2;135;118;40m▀[0m[38;2;132;118;41m[48;2;18;15;15m▀[0m[38;2;0;0;3m▀[0m
[38;2;3;3;9m▀[0m[38;2;109;98;37m[48;2;28;27;18m▀[0m[38;2;190;168;53m[48;2;227;199;63m▀[0m[38;2;203;178;52m[48;2;237;210;65m▀[0m[38;2;210;185;57m[48;2;233;205;63m▀[0m[38;2;228;201;61m[48;2;237;209;64m▀[0m[38;2;177;157;52m[48;2;174;154;51m▀[0m[38;2;58;50;22m[48;2;68;58;27m▀[0m[38;2;101;86;50m[48;2;95;81;55m▀[0m[38;2;113;100;58m[48;2;137;120;63m▀[0m[38;2;165;47;69m[48;2;141;56;68m▀[0m[38;2;135;56;66m[48;2;126;68;65m▀[0m[38;2;152;137;71m[48;2;163;145;74m▀[0m[38;2;183;158;76m[48;2;177;152;71m▀[0m[38;2;78;66;56m[48;2;73;61;51m▀[0m[38;2;105;91;64m[48;2;93;79;54m▀[0m[38;2;172;154;76m[48;2;172;152;72m▀[0m[38;2;119;62;64m[48;2;125;79;66m▀[0m[38;2;183;50;74m[48;2;146;52;70m▀[0m[38;2;110;90;61m[48;2;100;81;44m▀[0m[38;2;182;159;75m[48;2;153;131;53m▀[0m[38;2;140;120;67m[48;2;131;113;62m▀[0m[38;2;131;112;61m[48;2;79;67;50m▀[0m[38;2;180;156;74m[48;2;177;153;74m▀[0m[38;2;160;137;61m[48;2;182;157;78m▀[0m[38;2;156;134;60m[48;2;182;158;79m▀[0m[38;2;114;95;33m[48;2;140;119;49m▀[0m[38;2;54;48;23m[48;2;100;88;30m▀[0m[38;2;165;146;44m[48;2;164;145;44m▀[0m[38;2;176;156;48m[48;2;173;153;47m▀[0m[38;2;209;183;57m[48;2;231;203;62m▀[0m[38;2;183;161;49m[48;2;227;200;62m▀[0m[38;2;186;164;50m[48;2;227;200;62m▀[0m[38;2;182;161;48m[48;2;227;200;62m▀[0m[38;2;160;138;36m[48;2;226;199;61m▀[0m[38;2;159;137;35m[48;2;227;200;61m▀[0m[38;2;142;122;29m[48;2;238;210;64m▀[0m[38;2;115;99;25m[48;2;159;140;47m▀[0m[38;2;21;21;15m[48;2;23;23;15m▀[0m 
 [38;2;19;19;12m[48;2;0;0;0m▀[0m[38;2;79;69;26m[48;2;37;34;20m▀[0m[38;2;138;118;28m[48;2;151;132;39m▀[0m[38;2;158;137;36m[48;2;199;175;53m▀[0m[38;2;188;166;51m[48;2;228;201;62m▀[0m[38;2;220;195;60m[48;2;236;208;64m▀[0m[38;2;98;87;34m[48;2;166;147;48m▀[0m[38;2;45;38;46m[48;2;43;37;37m▀[0m[38;2;122;105;62m[48;2;51;42;54m▀[0m[38;2;150;135;68m[48;2;96;82;52m▀[0m[38;2;169;149;74m[48;2;127;109;68m▀[0m[38;2;187;162;79m[48;2;125;105;43m▀[0m[38;2;140;119;50m[48;2;111;98;79m▀[0m[38;2;119;106;97m[48;2;155;142;144m▀[0m[38;2;91;81;81m[48;2;143;131;134m▀[0m[38;2;145;124;62m[48;2;94;80;54m▀[0m[38;2;172;151;73m[48;2;117;98;40m▀[0m[38;2;155;140;74m[48;2;130;112;69m▀[0m[38;2;151;129;56m[48;2;99;86;62m▀[0m[38;2;131;111;52m[48;2;49;41;52m▀[0m[38;2;75;64;54m[48;2;51;43;52m▀[0m[38;2;53;45;52m[48;2;48;40;51m▀[0m[38;2;138;119;58m[48;2;84;72;58m▀[0m[38;2;181;157;77m[48;2;187;162;79m▀[0m[38;2;186;161;78m[48;2;157;136;67m▀[0m[38;2;90;78;39m[48;2;73;65;27m▀[0m[38;2;142;126;38m[48;2;152;135;42m▀[0m[38;2;164;145;44m[48;2;163;144;44m▀[0m[38;2;207;182;56m[48;2;213;187;58m▀[0m[38;2;218;192;59m[48;2;191;169;52m▀[0m[38;2;228;201;62m[48;2;197;174;54m▀[0m[38;2;232;205;63m[48;2;190;167;49m▀[0m[38;2;234;206;64m[48;2;173;150;42m▀[0m[38;2;239;210;64m[48;2;131;116;41m▀[0m[38;2;235;207;64m[48;2;123;109;39m▀[0m[38;2;211;187;59m[48;2;14;14;16m▀[0m[38;2;69;62;27m[48;2;13;13;13m▀[0m  
 [38;2;0;0;0m▀[0m[38;2;50;45;20m▀[0m[38;2;163;144;48m[48;2;11;8;14m▀[0m[38;2;244;215;66m[48;2;127;113;41m▀[0m[38;2;235;208;64m[48;2;162;142;43m▀[0m[38;2;218;192;59m[48;2;189;167;50m▀[0m[38;2;231;204;62m[48;2;214;189;58m▀[0m[38;2;76;67;30m[48;2;209;184;58m▀[0m[38;2;104;88;43m[48;2;90;79;32m▀[0m[38;2;114;97;45m[48;2;118;99;30m▀[0m[38;2;94;79;38m[48;2;123;107;74m▀[0m[38;2;110;98;84m[48;2;153;141;147m▀[0m[38;2;107;97;99m[48;2;112;102;103m▀[0m[38;2;152;139;139m[48;2;135;123;124m▀[0m[38;2;151;138;138m[48;2;151;138;138m▀[0m[38;2;131;119;121m[48;2;145;132;132m▀[0m[38;2;78;67;47m[48;2;99;90;92m▀[0m[38;2;88;74;39m[48;2;141;128;125m▀[0m[38;2;131;112;56m[48;2;123;107;76m▀[0m[38;2;150;128;68m[48;2;136;116;57m▀[0m[38;2;155;134;74m[48;2;144;122;49m▀[0m[38;2;152;131;73m[48;2;156;134;59m▀[0m[38;2;160;138;74m[48;2;169;145;66m▀[0m[38;2;183;158;76m[48;2;110;95;43m▀[0m[38;2;99;85;41m[48;2;93;83;30m▀[0m[38;2;103;92;32m[48;2;166;146;45m▀[0m[38;2;168;148;44m[48;2;166;147;45m▀[0m[38;2;187;165;50m[48;2;213;188;58m▀[0m[38;2;231;204;63m[48;2;203;180;55m▀[0m[38;2;234;206;64m[48;2;212;188;58m▀[0m[38;2;214;189;58m[48;2;233;205;63m▀[0m[38;2;206;181;54m[48;2;232;205;63m▀[0m[38;2;191;168;50m[48;2;233;206;64m▀[0m[38;2;116;102;31m[48;2;241;213;65m▀[0m[38;2;100;86;23m[48;2;157;139;47m▀[0m[38;2;17;17;15m[48;2;18;18;15m▀[0m   
    [38;2;43;39;22m[48;2;13;13;13m▀[0m[38;2;187;165;50m[48;2;106;96;36m▀[0m[38;2;231;204;62m[48;2;232;205;63m▀[0m[38;2;229;202;63m[48;2;240;211;65m▀[0m[38;2;244;214;65m[48;2;162;143;48m▀[0m[38;2;200;177;57m[48;2;93;85;33m▀[0m[38;2;68;60;27m[48;2;0;1;11m▀[0m[38;2;111;94;40m[48;2;54;48;21m▀[0m[38;2;141;122;75m[48;2;86;76;28m▀[0m[38;2;109;98;93m[48;2;111;93;26m▀[0m[38;2;126;114;108m[48;2;129;110;45m▀[0m[38;2;153;139;143m[48;2;144;128;100m▀[0m[38;2;152;139;142m[48;2;144;128;95m▀[0m[38;2;112;100;94m[48;2;126;106;39m▀[0m[38;2;114;103;95m[48;2;110;91;27m▀[0m[38;2;116;100;60m[48;2;131;111;38m▀[0m[38;2;116;98;40m[48;2;138;117;43m▀[0m[38;2;121;101;33m[48;2;120;104;41m▀[0m[38;2;116;96;29m[48;2;74;69;30m▀[0m[38;2;76;63;20m[48;2;16;18;15m▀[0m[38;2;79;71;29m[48;2;17;17;17m▀[0m[38;2;172;152;45m[48;2;90;81;30m▀[0m[38;2;163;144;43m[48;2;158;139;45m▀[0m[38;2;180;160;49m[48;2;237;209;64m▀[0m[38;2;232;205;63m[48;2;234;207;63m▀[0m[38;2;213;188;58m[48;2;233;205;63m▀[0m[38;2;197;174;53m[48;2;230;202;62m▀[0m[38;2;183;161;49m[48;2;228;201;62m▀[0m[38;2;198;174;53m[48;2;202;176;51m▀[0m[38;2;213;188;57m[48;2;153;133;36m▀[0m[38;2;215;190;60m[48;2;16;16;16m▀[0m[38;2;64;57;25m[48;2;20;20;13m▀[0m    
     [38;2;0;0;7m▀[0m[38;2;71;64;27m[48;2;0;0;0m▀[0m[38;2;79;71;30m[48;2;0;0;0m▀[0m[38;2;11;11;14m▀[0m[38;2;0;0;0m▀[0m[38;2;18;49;49m▄[0m[38;2;50;36;46m[48;2;116;47;56m▀[0m[38;2;101;34;42m[48;2;173;40;53m▀[0m[38;2;52;49;31m[48;2;99;66;71m▀[0m[38;2;95;80;32m[48;2;101;95;95m▀[0m[38;2;117;99;32m[48;2;56;52;51m▀[0m[38;2;116;98;32m[48;2;55;51;51m▀[0m[38;2;118;100;37m[48;2;55;51;51m▀[0m[38;2;122;103;38m[48;2;53;49;48m▀[0m[38;2;96;82;35m[48;2;74;69;69m▀[0m[38;2;50;48;31m[48;2;97;92;94m▀[0m[38;2;71;41;32m[48;2;126;49;58m▀[0m[38;2;127;29;43m[48;2;188;42;56m▀[0m[38;2;40;20;22m[48;2;134;35;45m▀[0m[38;2;0;12;12m▄[0m[38;2;0;0;8m▀[0m[38;2;62;56;27m▀[0m[38;2;72;65;28m[48;2;0;0;0m▀[0m[38;2;144;128;43m[48;2;6;9;12m▀[0m[38;2;215;190;60m[48;2;9;11;16m▀[0m[38;2;223;197;61m[48;2;93;84;32m▀[0m[38;2;239;211;64m[48;2;152;135;46m▀[0m[38;2;247;218;67m[48;2;150;134;46m▀[0m[38;2;110;99;37m[48;2;52;47;23m▀[0m[38;2;7;7;15m▀[0m     
          [38;2;23;46;46m▀[0m[38;2;77;46;53m▀[0m[38;2;157;42;55m[48;2;69;45;53m▀[0m[38;2;135;46;54m[48;2;158;44;58m▀[0m[38;2;98;93;93m[48;2;106;69;72m▀[0m[38;2;122;112;112m[48;2;146;138;137m▀[0m[38;2;121;111;111m[48;2;149;136;136m▀[0m[38;2;121;111;111m[48;2;150;137;137m▀[0m[38;2;119;108;108m[48;2;132;124;124m▀[0m[38;2;116;109;109m[48;2;95;78;79m▀[0m[38;2;90;74;74m[48;2;147;44;54m▀[0m[38;2;158;40;52m[48;2;83;36;42m▀[0m[38;2;100;29;35m[48;2;0;13;10m▀[0m[38;2;51;21;24m▀[0m[38;2;0;9;9m▀[0m     [38;2;0;0;9m▀[0m[38;2;0;0;7m▀[0m[38;2;0;0;7m▀[0m[38;2;0;0;0m▀[0m      
            [38;2;0;49;39m[48;2;0;48;48m▀[0m[38;2;134;56;68m[48;2;111;52;62m▀[0m[38;2;193;63;78m[48;2;180;58;74m▀[0m[38;2;115;103;103m[48;2;179;59;74m▀[0m[38;2;151;140;139m[48;2;113;100;100m▀[0m[38;2;148;139;138m[48;2;115;95;96m▀[0m[38;2;117;97;99m[48;2;192;59;75m▀[0m[38;2;186;57;73m[48;2;201;55;73m▀[0m[38;2;224;57;76m[48;2;148;47;59m▀[0m[38;2;138;37;47m[48;2;113;37;46m▀[0m[38;2;0;13;10m[48;2;0;12;8m▀[0m                 
             [38;2;19;49;49m▀[0m[38;2;69;49;55m[48;2;72;49;55m▀[0m[38;2;230;63;83m[48;2;187;60;76m▀[0m[38;2;184;59;74m[48;2;227;61;81m▀[0m[38;2;190;59;75m[48;2;223;61;81m▀[0m[38;2;234;63;84m[48;2;222;62;81m▀[0m[38;2;154;48;60m[48;2;118;39;48m▀[0m[38;2;0;7;3m[48;2;0;5;5m▀[0m[38;2;0;10;5m▀[0m                  
              [38;2;0;30;30m[48;2;0;0;0m▀[0m[38;2;113;51;62m[48;2;48;48;52m▀[0m[38;2;230;63;82m[48;2;153;57;70m▀[0m[38;2;226;62;82m[48;2;208;59;77m▀[0m[38;2;204;58;76m[48;2;74;28;33m▀[0m[38;2;17;16;16m[48;2;21;0;0m▀[0m                    
                [38;2;53;40;47m▀[0m[38;2;68;29;33m▀[0m[38;2;0;0;0m▀[0m                     
[0m