       [38;2;0;0;0m[48;2;0;0;0m▀[0m[38;2;32;32;35m[48;2;35;40;38m▀[0m[38;2;22;25;24m[48;2;116;106;116m▀[0m[38;2;1;4;2m[48;2;133;102;122m▀[0m[38;2;0;0;0m[48;2;97;76;90m▀[0m[38;2;0;0;0m▄[0m    [38;2;10;10;10m▄[0m[38;2;12;12;12m▄[0m[38;2;14;14;14m▄[0m[38;2;17;17;17m▄[0m                   
       [38;2;0;0;0m[48;2;127;25;76m▀[0m[38;2;73;58;68m[48;2;154;95;127m▀[0m[38;2;217;169;197m[48;2;124;125;158m▀[0m[38;2;148;133;139m[48;2;61;95;152m▀[0m[38;2;113;114;114m[48;2;92;104;137m▀[0m[38;2;49;48;50m[48;2;186;138;162m▀[0m[38;2;92;52;75m[48;2;217;161;200m▀[0m[38;2;255;182;218m[48;2;167;123;150m▀[0m[38;2;0;0;0m[48;2;82;65;77m▀[0m[38;2;35;30;33m[48;2;211;172;201m▀[0m[38;2;59;62;62m[48;2;97;109;107m▀[0m[38;2;92;100;100m[48;2;72;77;77m▀[0m[38;2;56;59;59m[48;2;16;16;16m▀[0m[38;2;13;13;13m[48;2;17;17;17m▀[0m[38;2;24;24;24m[48;2;18;18;18m▀[0m                  
       [38;2;141;85;134m▄[0m[38;2;88;80;143m[48;2;69;111;225m▀[0m[38;2;78;133;226m[48;2;60;124;232m▀[0m[38;2;154;191;255m[48;2;55;107;214m▀[0m[38;2;87;135;234m[48;2;177;187;244m▀[0m[38;2;204;169;231m[48;2;245;196;242m▀[0m[38;2;255;197;237m[48;2;250;189;229m▀[0m[38;2;95;63;85m[48;2;98;72;88m▀[0m[38;2;168;131;156m[48;2;115;85;103m▀[0m[38;2;233;176;216m[48;2;207;149;186m▀[0m[38;2;76;60;72m[48;2;156;95;131m▀[0m[38;2;11;14;12m[48;2;62;42;54m▀[0m[38;2;16;16;16m[48;2;14;15;14m▀[0m[38;2;16;16;16m[48;2;15;15;15m▀[0m[38;2;28;28;28m▀[0m                  
     [38;2;127;127;127m▄[0m[38;2;171;112;147m[48;2;175;119;151m▀[0m[38;2;219;158;193m[48;2;251;189;231m▀[0m[38;2;230;187;244m[48;2;255;201;241m▀[0m[38;2;159;168;241m[48;2;255;201;239m▀[0m[38;2;193;192;243m[48;2;255;193;234m▀[0m[38;2;255;203;244m[48;2;150;113;136m▀[0m[38;2;255;203;244m[48;2;151;114;137m▀[0m[38;2;255;197;238m[48;2;253;194;235m▀[0m[38;2;201;164;191m[48;2;255;201;242m▀[0m[38;2;38;37;38m[48;2;163;118;146m▀[0m[38;2;93;54;78m[48;2;30;24;28m▀[0m[38;2;175;109;148m[48;2;54;35;47m▀[0m[38;2;111;77;98m[48;2;87;48;74m▀[0m[38;2;14;14;14m▀[0m                    
     [38;2;146;92;115m[48;2;193;136;169m▀[0m[38;2;216;157;194m[48;2;240;183;223m▀[0m[38;2;255;201;242m[48;2;255;199;240m▀[0m[38;2;255;197;238m[48;2;255;197;238m▀[0m[38;2;255;199;240m[48;2;255;197;238m▀[0m[38;2;231;176;214m[48;2;255;197;238m▀[0m[38;2;100;93;96m[48;2;191;143;175m▀[0m[38;2;91;82;87m[48;2;178;127;162m▀[0m[38;2;229;173;212m[48;2;255;195;237m▀[0m[38;2;255;200;241m[48;2;255;199;240m▀[0m[38;2;255;199;240m[48;2;255;198;239m▀[0m[38;2;227;175;211m[48;2;193;138;172m▀[0m[38;2;180;131;161m[48;2;185;126;159m▀[0m[38;2;147;82;123m[48;2;147;83;123m▀[0m                     
     [38;2;156;100;135m[48;2;53;43;50m▀[0m[38;2;255;212;254m[48;2;192;146;181m▀[0m[38;2;255;199;240m[48;2;245;184;226m▀[0m[38;2;255;198;240m[48;2;249;193;232m▀[0m[38;2;255;198;240m[48;2;242;189;227m▀[0m[38;2;255;199;240m[48;2;241;186;225m▀[0m[38;2;255;207;250m[48;2;224;166;206m▀[0m[38;2;255;209;251m[48;2;160;120;147m▀[0m[38;2;245;187;229m[48;2;152;96;131m▀[0m[38;2;234;180;217m[48;2;180;123;156m▀[0m[38;2;197;142;176m[48;2;178;122;154m▀[0m[38;2;181;124;157m[48;2;187;124;161m▀[0m[38;2;160;101;136m[48;2;102;65;88m▀[0m[38;2;124;63;105m[48;2;0;0;0m▀[0m                     
     [38;2;0;0;0m▀[0m[38;2;41;16;30m▀[0m[38;2;88;65;80m[48;2;0;0;0m▀[0m[38;2;106;77;96m[48;2;0;0;0m▀[0m[38;2;183;124;161m[48;2;42;28;36m▀[0m[38;2;192;138;170m[48;2;35;27;31m▀[0m[38;2;174;114;149m[48;2;31;26;29m▀[0m[38;2;130;86;112m[48;2;111;66;94m▀[0m[38;2;174;120;151m[48;2;181;118;155m▀[0m[38;2;181;124;157m[48;2;185;126;160m▀[0m[38;2;184;126;160m[48;2;184;125;159m▀[0m[38;2;151;101;130m[48;2;141;102;125m▀[0m[38;2;46;25;39m[48;2;0;2;0m▀[0m                      
             [38;2;123;69;102m[48;2;42;60;54m▀[0m[38;2;148;105;131m[48;2;100;101;105m▀[0m[38;2;213;155;191m[48;2;105;88;100m▀[0m[38;2;156;115;140m[48;2;57;43;51m▀[0m[38;2;0;2;0m[48;2;10;10;10m▀[0m                      
            [38;2;130;66;107m▄[0m[38;2;114;64;96m[48;2;94;62;83m▀[0m[38;2;97;89;97m[48;2;169;146;164m▀[0m[38;2;156;124;146m[48;2;136;110;128m▀[0m[38;2;105;83;98m[48;2;91;72;85m▀[0m[38;2;4;7;4m[48;2;6;9;7m▀[0m[38;2;10;20;10m▄[0m                     
           [38;2;141;56;113m[48;2;121;54;97m▀[0m[38;2;146;81;122m[48;2;193;133;172m▀[0m[38;2;104;96;104m[48;2;190;143;174m▀[0m[38;2;116;114;120m[48;2;108;94;105m▀[0m[38;2;68;60;67m[48;2;82;64;76m▀[0m[38;2;63;49;58m[48;2;193;143;175m▀[0m[38;2;29;23;27m[48;2;194;137;174m▀[0m[38;2;0;0;0m[48;2;144;80;121m▀[0m                     
     [38;2;104;32;78m▄[0m[38;2;102;34;79m▄[0m[38;2;147;88;117m▄[0m[38;2;163;98;140m▄[0m[38;2;161;97;138m▄[0m[38;2;85;0;51m[48;2;155;90;131m▀[0m[38;2;157;95;135m[48;2;220;172;204m▀[0m[38;2;226;169;207m[48;2;255;237;252m▀[0m[38;2;243;225;238m[48;2;255;255;255m▀[0m[38;2;248;212;237m[48;2;255;255;255m▀[0m[38;2;230;174;212m[48;2;251;214;240m▀[0m[38;2;213;165;198m[48;2;213;162;196m▀[0m[38;2;219;171;203m[48;2;214;164;198m▀[0m[38;2;152;90;131m[48;2;211;159;193m▀[0m[38;2;187;131;164m▄[0m[38;2;127;63;95m▄[0m                   
[38;2;153;86;129m▄[0m[38;2;158;88;132m▄[0m[38;2;128;63;104m[48;2;215;154;195m▀[0m[38;2;129;61;103m[48;2;233;171;215m▀[0m[38;2;156;96;131m[48;2;240;178;220m▀[0m[38;2;190;128;169m[48;2;255;202;243m▀[0m[38;2;196;132;174m[48;2;255;204;245m▀[0m[38;2;215;154;193m[48;2;255;202;243m▀[0m[38;2;255;201;242m[48;2;255;205;246m▀[0m[38;2;255;205;248m[48;2;224;167;205m▀[0m[38;2;169;138;159m[48;2;167;162;166m▀[0m[38;2;224;226;225m[48;2;255;255;255m▀[0m[38;2;255;255;255m[48;2;255;255;255m▀[0m[38;2;255;255;255m[48;2;255;255;255m▀[0m[38;2;255;255;255m[48;2;255;255;255m▀[0m[38;2;254;255;255m[48;2;255;255;255m▀[0m[38;2;228;176;212m[48;2;246;221;239m▀[0m[38;2;212;162;196m[48;2;212;160;195m▀[0m[38;2;215;166;199m[48;2;216;166;199m▀[0m[38;2;217;163;198m[48;2;214;165;198m▀[0m[38;2;187;131;164m[48;2;216;164;198m▀[0m[38;2;175;115;150m[48;2;199;147;180m▀[0m[38;2;181;124;157m▄[0m[38;2;183;125;159m▄[0m[38;2;150;90;120m▄[0m         [38;2;0;0;255m▄[0m[38;2;37;99;237m▄[0m[38;2;25;91;236m[48;2;164;192;252m▀[0m[38;2;46;107;255m[48;2;127;182;255m▀[0m[38;2;43;101;237m[48;2;65;122;231m▀[0m[38;2;8;43;190m▄[0m
[38;2;153;97;134m[48;2;0;0;0m▀[0m[38;2;192;151;182m[48;2;0;0;0m▀[0m[38;2;230;171;212m[48;2;100;54;84m▀[0m[38;2;255;205;247m[48;2;113;89;106m▀[0m[38;2;255;211;254m[48;2;125;99;118m▀[0m[38;2;255;207;250m[48;2;125;99;117m▀[0m[38;2;255;207;250m[48;2;122;98;115m▀[0m[38;2;255;203;245m[48;2;174;119;155m▀[0m[38;2;234;173;218m[48;2;100;46;79m▀[0m[38;2;149;123;143m[48;2;128;116;125m▀[0m[38;2;219;223;221m[48;2;242;244;243m▀[0m[38;2;255;255;255m[48;2;255;255;255m▀[0m[38;2;255;255;255m[48;2;255;255;255m▀[0m[38;2;255;255;255m[48;2;255;255;255m▀[0m[38;2;255;255;255m[48;2;255;255;255m▀[0m[38;2;255;255;255m[48;2;255;255;255m▀[0m[38;2;255;246;253m[48;2;255;255;255m▀[0m[38;2;232;183;216m[48;2;246;218;240m▀[0m[38;2;150;108;133m[48;2;130;98;120m▀[0m[38;2;218;168;201m[48;2;138;108;128m▀[0m[38;2;213;165;197m[48;2;221;170;204m▀[0m[38;2;215;166;199m[48;2;214;164;198m▀[0m[38;2;216;165;199m[48;2;223;173;207m▀[0m[38;2;245;187;227m[48;2;251;195;235m▀[0m[38;2;210;153;189m[48;2;255;203;245m▀[0m[38;2;192;134;168m[48;2;244;185;225m▀[0m[38;2;159;103;133m[48;2;215;158;194m▀[0m[38;2;185;124;159m▄[0m[38;2;171;110;144m▄[0m     [38;2;10;53;233m[48;2;19;68;235m▀[0m[38;2;108;151;243m[48;2;81;141;250m▀[0m[38;2;211;227;255m[48;2;73;133;243m▀[0m[38;2;66;118;239m[48;2;40;97;238m▀[0m[38;2;86;144;246m[48;2;89;147;247m▀[0m[38;2;42;93;211m[48;2;46;98;218m▀[0m
   [38;2;0;0;0m▀[0m[38;2;0;0;0m▀[0m[38;2;0;0;0m▀[0m[38;2;0;0;0m▀[0m[38;2;63;19;44m▀[0m[38;2;0;0;0m[48;2;75;79;79m▀[0m[38;2;150;152;151m[48;2;212;215;215m▀[0m[38;2;255;255;255m[48;2;255;255;255m▀[0m[38;2;255;255;255m[48;2;255;255;255m▀[0m[38;2;255;255;255m[48;2;255;255;255m▀[0m[38;2;255;255;255m[48;2;255;255;255m▀[0m[38;2;255;255;255m[48;2;255;255;255m▀[0m[38;2;255;255;255m[48;2;255;255;255m▀[0m[38;2;255;255;255m[48;2;255;255;255m▀[0m[38;2;255;251;255m[48;2;255;255;255m▀[0m[38;2;227;183;212m[48;2;232;188;218m▀[0m[38;2;127;100;118m[48;2;214;163;198m▀[0m[38;2;122;79;107m[48;2;209;161;194m▀[0m[38;2;215;161;198m[48;2;112;84;102m▀[0m[38;2;243;187;227m[48;2;176;117;155m▀[0m[38;2;255;205;247m[48;2;177;135;164m▀[0m[38;2;255;198;240m[48;2;245;192;230m▀[0m[38;2;255;199;240m[48;2;255;207;251m▀[0m[38;2;255;200;241m[48;2;255;206;250m▀[0m[38;2;253;194;236m[48;2;255;208;251m▀[0m[38;2;213;155;192m[48;2;250;191;233m▀[0m[38;2;183;104;150m[48;2;105;64;90m▀[0m    [38;2;0;63;255m▀[0m[38;2;31;77;209m▀[0m[38;2;75;130;237m[48;2;6;15;102m▀[0m[38;2;105;160;243m[48;2;9;18;93m▀[0m[38;2;66;105;196m[48;2;14;11;2m▀[0m[38;2;21;45;164m▀[0m
       [38;2;0;0;0m[48;2;0;0;0m▀[0m[38;2;81;80;80m[48;2;93;94;93m▀[0m[38;2;255;255;255m[48;2;255;255;255m▀[0m[38;2;255;255;255m[48;2;255;255;255m▀[0m[38;2;255;255;255m[48;2;255;255;255m▀[0m[38;2;255;255;255m[48;2;255;255;255m▀[0m[38;2;255;255;255m[48;2;255;255;255m▀[0m[38;2;255;255;255m[48;2;255;255;255m▀[0m[38;2;255;255;255m[48;2;255;255;255m▀[0m[38;2;255;255;255m[48;2;255;255;255m▀[0m[38;2;255;255;255m[48;2;255;255;255m▀[0m[38;2;252;232;246m[48;2;252;249;251m▀[0m[38;2;212;162;196m[48;2;218;165;201m▀[0m[38;2;213;164;197m[48;2;213;164;197m▀[0m[38;2;225;176;209m[48;2;213;164;197m▀[0m[38;2;185;126;164m[48;2;214;164;198m▀[0m[38;2;61;27;49m[48;2;161;97;137m▀[0m[38;2;142;96;125m[48;2;69;0;34m▀[0m[38;2;99;81;94m[48;2;0;0;0m▀[0m[38;2;98;79;93m[48;2;0;0;0m▀[0m[38;2;135;99;124m[48;2;0;0;0m▀[0m[38;2;184;119;158m[48;2;0;0;0m▀[0m[38;2;13;16;13m▀[0m     [38;2;0;0;0m▄[0m[38;2;16;16;9m[48;2;66;71;71m▀[0m[38;2;16;16;9m[48;2;29;30;30m▀[0m  
      [38;2;127;63;127m▄[0m[38;2;119;62;99m[48;2;132;71;110m▀[0m[38;2;144;148;149m[48;2;147;147;151m▀[0m[38;2;255;255;255m[48;2;255;255;255m▀[0m[38;2;255;255;255m[48;2;255;255;255m▀[0m[38;2;255;255;255m[48;2;255;255;255m▀[0m[38;2;255;255;255m[48;2;255;255;255m▀[0m[38;2;255;255;255m[48;2;255;255;255m▀[0m[38;2;255;255;255m[48;2;255;255;255m▀[0m[38;2;255;255;255m[48;2;255;255;255m▀[0m[38;2;255;255;255m[48;2;255;255;255m▀[0m[38;2;255;255;255m[48;2;255;255;255m▀[0m[38;2;255;253;255m[48;2;255;255;255m▀[0m[38;2;241;203;229m[48;2;239;223;234m▀[0m[38;2;211;161;194m[48;2;211;159;194m▀[0m[38;2;211;163;195m[48;2;241;186;225m▀[0m[38;2;214;166;198m[48;2;244;191;231m▀[0m[38;2;181;127;162m[48;2;202;150;183m▀[0m[38;2;23;20;23m[48;2;25;20;22m▀[0m[38;2;0;0;0m▄[0m       [38;2;255;0;255m▄[0m[38;2;255;85;255m[48;2;164;96;139m▀[0m[38;2;59;27;47m[48;2;165;128;153m▀[0m[38;2;68;76;75m[48;2;47;53;51m▀[0m[38;2;31;32;32m[48;2;16;16;16m▀[0m  
     [38;2;112;40;91m▄[0m[38;2;127;58;100m[48;2;165;103;142m▀[0m[38;2;188;133;170m[48;2;208;156;191m▀[0m[38;2;145;151;151m[48;2;162;146;160m▀[0m[38;2;255;255;255m[48;2;207;210;209m▀[0m[38;2;255;255;255m[48;2;255;255;255m▀[0m[38;2;255;255;255m[48;2;255;255;255m▀[0m[38;2;255;255;255m[48;2;255;255;255m▀[0m[38;2;255;255;255m[48;2;255;255;255m▀[0m[38;2;255;255;255m[48;2;255;255;255m▀[0m[38;2;255;255;255m[48;2;255;255;255m▀[0m[38;2;255;255;255m[48;2;255;255;255m▀[0m[38;2;255;255;255m[48;2;255;255;255m▀[0m[38;2;255;255;255m[48;2;250;246;248m▀[0m[38;2;226;208;217m[48;2;215;174;199m▀[0m[38;2;222;162;202m[48;2;241;184;225m▀[0m[38;2;255;201;243m[48;2;255;198;240m▀[0m[38;2;255;198;240m[48;2;255;197;238m▀[0m[38;2;252;197;239m[48;2;255;201;243m▀[0m[38;2;147;107;132m[48;2;230;178;214m▀[0m[38;2;0;0;0m[48;2;71;56;66m▀[0m[38;2;0;0;0m▄[0m  [38;2;0;0;0m▄[0m[38;2;9;11;9m▄[0m[38;2;19;17;19m▄[0m[38;2;0;0;0m[48;2;126;97;116m▀[0m[38;2;97;62;83m[48;2;110;105;112m▀[0m[38;2;183;141;170m[48;2;90;99;99m▀[0m[38;2;208;149;186m[48;2;80;50;69m▀[0m[38;2;76;55;67m[48;2;59;44;51m▀[0m[38;2;0;0;0m[48;2;0;0;0m▀[0m  
     [38;2;119;43;92m[48;2;119;45;90m▀[0m[38;2;183;122;162m[48;2;177;117;156m▀[0m[38;2;224;175;208m[48;2;217;169;201m▀[0m[38;2;162;123;150m[48;2;221;169;204m▀[0m[38;2;131;132;133m[48;2;123;106;120m▀[0m[38;2;243;243;243m[48;2;200;204;201m▀[0m[38;2;253;253;253m[48;2;233;233;233m▀[0m[38;2;255;255;255m[48;2;240;240;240m▀[0m[38;2;255;255;255m[48;2;246;246;246m▀[0m[38;2;255;255;255m[48;2;246;246;246m▀[0m[38;2;255;255;255m[48;2;245;245;245m▀[0m[38;2;253;253;253m[48;2;231;231;231m▀[0m[38;2;253;253;253m[48;2;231;231;231m▀[0m[38;2;228;222;225m[48;2;219;213;216m▀[0m[38;2;207;147;184m[48;2;198;138;176m▀[0m[38;2;255;203;244m[48;2;255;202;244m▀[0m[38;2;255;197;238m[48;2;255;197;238m▀[0m[38;2;255;197;238m[48;2;255;197;238m▀[0m[38;2;255;197;238m[48;2;255;197;238m▀[0m[38;2;255;205;246m[48;2;255;200;241m▀[0m[38;2;185;128;166m[48;2;223;167;204m▀[0m[38;2;44;26;37m[48;2;159;95;134m▀[0m[38;2;37;32;36m[48;2;215;165;198m▀[0m[38;2;37;31;36m[48;2;214;165;198m▀[0m[38;2;52;47;51m[48;2;219;168;202m▀[0m[38;2;90;95;96m[48;2;187;154;178m▀[0m[38;2;80;88;87m[48;2;87;90;92m▀[0m[38;2;109;90;103m[48;2;39;48;45m▀[0m[38;2;206;160;192m[48;2;114;79;99m▀[0m[38;2;56;51;55m[48;2;55;41;49m▀[0m[38;2;5;9;6m[48;2;9;12;9m▀[0m[38;2;6;10;6m▀[0m   
     [38;2;119;45;90m[48;2;127;63;127m▀[0m[38;2;179;118;158m[48;2;116;65;97m▀[0m[38;2;218;170;202m[48;2;182;123;158m▀[0m[38;2;219;169;203m[48;2;203;150;183m▀[0m[38;2;160;116;143m[48;2;187;128;162m▀[0m[38;2;104;99;102m[48;2;146;97;125m▀[0m[38;2;230;233;231m[48;2;104;99;102m▀[0m[38;2;232;231;232m[48;2;227;228;227m▀[0m[38;2;228;228;228m[48;2;234;234;234m▀[0m[38;2;229;229;229m[48;2;230;230;230m▀[0m[38;2;229;229;229m[48;2;230;230;230m▀[0m[38;2;230;230;230m[48;2;230;230;230m▀[0m[38;2;231;232;232m[48;2;231;232;232m▀[0m[38;2;217;209;213m[48;2;221;215;219m▀[0m[38;2;167;105;146m[48;2;169;116;150m▀[0m[38;2;249;196;234m[48;2;212;162;195m▀[0m[38;2;255;198;240m[48;2;223;173;207m▀[0m[38;2;255;198;239m[48;2;248;192;232m▀[0m[38;2;255;198;239m[48;2;248;192;232m▀[0m[38;2;255;200;241m[48;2;240;185;223m▀[0m[38;2;236;183;220m[48;2;219;166;202m▀[0m[38;2;97;67;86m[48;2;57;46;53m▀[0m[38;2;197;145;177m[48;2;176;120;152m▀[0m[38;2;215;166;199m[48;2;184;127;160m▀[0m[38;2;209;160;192m[48;2;186;128;162m▀[0m[38;2;204;145;181m[48;2;176;120;152m▀[0m[38;2;62;46;56m[48;2;49;37;44m▀[0m[38;2;3;6;4m[48;2;12;14;13m▀[0m[38;2;50;39;45m[48;2;4;9;7m▀[0m[38;2;48;37;41m▀[0m     
      [38;2;0;0;0m▀[0m[38;2;91;64;79m[48;2;0;0;0m▀[0m[38;2;186;127;161m[48;2;82;54;71m▀[0m[38;2;182;125;158m[48;2;165;105;141m▀[0m[38;2;186;127;161m[48;2;182;124;158m▀[0m[38;2;144;96;124m[48;2;186;127;162m▀[0m[38;2;106;99;103m[48;2;149;99;128m▀[0m[38;2;229;231;230m[48;2;87;82;85m▀[0m[38;2;235;235;235m[48;2;173;176;176m▀[0m[38;2;231;231;231m[48;2;232;233;233m▀[0m[38;2;230;230;230m[48;2;238;238;238m▀[0m[38;2;230;230;230m[48;2;236;236;236m▀[0m[38;2;235;238;236m[48;2;234;234;234m▀[0m[38;2;193;168;184m[48;2;224;220;223m▀[0m[38;2;181;122;161m[48;2;173;129;158m▀[0m[38;2;217;169;202m[48;2;196;147;180m▀[0m[38;2;212;163;196m[48;2;215;167;200m▀[0m[38;2;212;163;196m[48;2;213;164;197m▀[0m[38;2;218;168;202m[48;2;221;170;205m▀[0m[38;2;152;114;138m[48;2;98;78;92m▀[0m[38;2;96;67;83m[48;2;153;104;132m▀[0m[38;2;181;124;156m[48;2;181;124;157m▀[0m[38;2;182;124;158m[48;2;176;121;153m▀[0m[38;2;177;121;153m[48;2;62;46;56m▀[0m[38;2;61;46;55m[48;2;3;7;6m▀[0m[38;2;10;12;11m[48;2;15;15;15m▀[0m[38;2;16;16;16m▀[0m       
        [38;2;0;0;0m▀[0m[38;2;23;18;20m[48;2;0;0;0m▀[0m[38;2;98;59;83m[48;2;99;70;86m▀[0m[38;2;182;125;158m[48;2;187;129;163m▀[0m[38;2;184;121;158m[48;2;107;68;91m▀[0m[38;2;135;69;110m[48;2;21;0;0m▀[0m[38;2;9;12;12m▀[0m[38;2;89;94;94m▀[0m[38;2;171;172;172m[48;2;0;0;0m▀[0m[38;2;189;190;190m[48;2;41;46;46m▀[0m[38;2;222;223;223m[48;2;83;85;85m▀[0m[38;2;211;212;211m[48;2;86;86;86m▀[0m[38;2;175;175;175m[48;2;88;89;88m▀[0m[38;2;104;92;100m[48;2;86;81;84m▀[0m[38;2;214;157;194m[48;2;79;53;69m▀[0m[38;2;224;173;208m[48;2;193;149;179m▀[0m[38;2;157;122;146m[48;2;164;127;152m▀[0m[38;2;74;54;65m[48;2;0;0;0m▀[0m[38;2;149;100;129m[48;2;20;15;17m▀[0m[38;2;108;60;90m[48;2;145;76;120m▀[0m[38;2;18;18;18m▀[0m[38;2;0;0;0m▀[0m[38;2;0;0;0m▀[0m         
      [38;2;133;66;109m▄[0m[38;2;121;55;99m[48;2;153;87;128m▀[0m[38;2;146;81;123m[48;2;208;151;187m▀[0m[38;2;160;113;144m[48;2;219;170;203m▀[0m[38;2;212;163;195m[48;2;219;170;203m▀[0m[38;2;202;148;182m[48;2;223;170;205m▀[0m[38;2;164;114;143m[48;2;156;112;138m▀[0m[38;2;34;27;31m[48;2;32;25;29m▀[0m    [38;2;0;0;0m▀[0m[38;2;0;0;0m▀[0m[38;2;0;0;0m▀[0m[38;2;0;0;0m[48;2;42;0;25m▀[0m[38;2;3;9;4m[48;2;152;111;139m▀[0m[38;2;167;130;155m[48;2;243;190;229m▀[0m[38;2;211;159;193m[48;2;240;186;223m▀[0m[38;2;92;64;81m[48;2;222;161;204m▀[0m[38;2;0;0;0m[48;2;155;88;130m▀[0m             
      [38;2;129;60;104m[48;2;127;42;85m▀[0m[38;2;219;183;205m[48;2;55;55;55m▀[0m[38;2;221;193;209m[48;2;46;47;46m▀[0m[38;2;206;152;187m[48;2;35;29;34m▀[0m[38;2;170;116;152m[48;2;112;59;94m▀[0m[38;2;84;64;76m[48;2;0;0;0m▀[0m[38;2;40;30;35m[48;2;0;0;0m▀[0m        [38;2;60;45;54m[48;2;52;43;49m▀[0m[38;2;213;157;195m[48;2;222;171;206m▀[0m[38;2;250;196;236m[48;2;209;156;191m▀[0m[38;2;255;201;243m[48;2;207;153;188m▀[0m[38;2;248;195;233m[48;2;222;168;204m▀[0m[38;2;94;65;84m[48;2;49;42;47m▀[0m             
                     [38;2;39;29;34m[48;2;0;0;0m▀[0m[38;2;152;108;135m[48;2;38;26;33m▀[0m[38;2;222;184;206m[48;2;82;79;81m▀[0m[38;2;220;188;206m[48;2;87;90;88m▀[0m[38;2;172;142;161m[48;2;57;62;59m▀[0m[38;2;48;39;45m[48;2;0;0;0m▀[0m             
[0m