               [38;2;85;0;0m[48;2;190;90;10m▀[0m[38;2;195;94;9m[48;2;228;119;6m▀[0m[38;2;199;97;9m[48;2;226;120;5m▀[0m[38;2;122;58;9m[48;2;123;58;9m▀[0m                     
             [38;2;176;78;19m[48;2;176;78;15m▀[0m[38;2;195;94;10m[48;2;219;110;8m▀[0m[38;2;203;96;11m[48;2;217;112;5m▀[0m[38;2;230;123;4m[48;2;218;112;6m▀[0m[38;2;216;112;6m[48;2;188;86;10m▀[0m[38;2;121;56;9m[48;2;121;57;9m▀[0m                     
             [38;2;179;78;12m[48;2;190;88;9m▀[0m[38;2;211;105;8m[48;2;219;114;6m▀[0m[38;2;229;123;4m[48;2;226;121;4m▀[0m[38;2;222;118;5m[48;2;229;122;4m▀[0m[38;2;222;115;6m[48;2;188;97;6m▀[0m[38;2;123;58;10m[48;2;121;55;9m▀[0m                     
            [38;2;187;80;13m[48;2;186;84;10m▀[0m[38;2;196;93;8m[48;2;212;104;9m▀[0m[38;2;231;125;4m[48;2;217;113;5m▀[0m[38;2;225;120;4m[48;2;229;123;3m▀[0m[38;2;234;125;4m[48;2;211;111;5m▀[0m[38;2;146;71;7m[48;2;140;68;8m▀[0m[38;2;0;0;0m▄[0m                     
          [38;2;102;51;51m▄[0m[38;2;191;87;11m[48;2;199;97;8m▀[0m[38;2;194;89;11m[48;2;221;113;7m▀[0m[38;2;213;108;7m[48;2;215;111;6m▀[0m[38;2;205;102;7m[48;2;214;111;6m▀[0m[38;2;220;117;5m[48;2;186;87;10m▀[0m[38;2;185;88;10m[48;2;166;80;9m▀[0m[38;2;137;64;9m[48;2;148;72;7m▀[0m[38;2;0;0;0m▀[0m                     
         [38;2;91;40;10m▄[0m[38;2;63;0;31m[48;2;147;71;8m▀[0m[38;2;188;88;9m[48;2;178;91;7m▀[0m[38;2;180;89;8m[48;2;221;117;5m▀[0m[38;2;216;115;4m[48;2;225;120;4m▀[0m[38;2;227;122;4m[48;2;227;122;4m▀[0m[38;2;218;113;6m[48;2;227;122;4m▀[0m[38;2;196;96;8m[48;2;227;121;4m▀[0m[38;2;136;63;9m[48;2;223;118;5m▀[0m[38;2;0;0;0m[48;2;152;75;8m▀[0m[38;2;110;44;11m▄[0m                    
        [38;2;72;18;18m▄[0m[38;2;151;67;11m[48;2;161;76;2m▀[0m[38;2;216;110;5m[48;2;226;159;52m▀[0m[38;2;231;124;4m[48;2;204;104;14m▀[0m[38;2;227;118;3m[48;2;197;118;16m▀[0m[38;2;204;101;7m[48;2;120;182;73m▀[0m[38;2;200;99;9m[48;2;112;196;78m▀[0m[38;2;222;114;3m[48;2;167;128;28m▀[0m[38;2;226;121;4m[48;2;229;119;2m▀[0m[38;2;231;124;4m[48;2;225;120;4m▀[0m[38;2;198;102;6m[48;2;231;123;4m▀[0m[38;2;108;46;9m[48;2;83;49;12m▀[0m[38;2;0;0;25m▄[0m                   
        [38;2;42;0;0m[48;2;62;43;6m▀[0m[38;2;151;83;11m[48;2;172;148;82m▀[0m[38;2;244;208;115m[48;2;252;237;156m▀[0m[38;2;209;129;39m[48;2;237;191;112m▀[0m[38;2;145;163;52m[48;2;150;147;48m▀[0m[38;2;87;181;76m[48;2;79;158;64m▀[0m[38;2;98;158;89m[48;2;107;137;109m▀[0m[38;2;156;209;119m[48;2;187;195;130m▀[0m[38;2;214;108;4m[48;2;208;100;5m▀[0m[38;2;226;121;4m[48;2;228;122;3m▀[0m[38;2;237;126;4m[48;2;217;109;7m▀[0m[38;2;82;49;12m[48;2;71;38;14m▀[0m[38;2;0;0;23m[48;2;0;0;23m▀[0m                   
    [38;2;139;55;4m▄[0m[38;2;130;59;6m▄[0m[38;2;85;48;3m▄[0m[38;2;73;56;5m[48;2;169;151;86m▀[0m[38;2;171;151;86m[48;2;254;232;154m▀[0m[38;2;255;234;156m[48;2;252;229;152m▀[0m[38;2;252;229;152m[48;2;252;230;154m▀[0m[38;2;254;234;157m[48;2;255;234;156m▀[0m[38;2;233;183;107m[48;2;255;240;161m▀[0m[38;2;190;208;119m[48;2;254;226;146m▀[0m[38;2;221;239;167m[48;2;234;208;137m▀[0m[38;2;196;148;83m[48;2;211;186;92m▀[0m[38;2;157;78;5m[48;2;111;94;37m▀[0m[38;2;231;122;4m[48;2;155;73;9m▀[0m[38;2;195;90;11m[48;2;191;88;11m▀[0m[38;2;71;38;14m[48;2;68;37;14m▀[0m[38;2;0;0;23m[48;2;0;0;25m▀[0m           [38;2;58;19;19m▄[0m[38;2;77;22;11m▄[0m      
 [38;2;0;0;0m▄[0m[38;2;101;79;26m▄[0m[38;2;122;103;46m▄[0m[38;2;117;63;11m[48;2;198;180;111m▀[0m[38;2;163;116;48m[48;2;238;218;142m▀[0m[38;2;178;161;95m[48;2;255;243;164m▀[0m[38;2;255;233;155m[48;2;253;230;152m▀[0m[38;2;254;231;153m[48;2;239;215;139m▀[0m[38;2;255;236;158m[48;2;144;126;69m▀[0m[38;2;245;218;130m[48;2;133;112;48m▀[0m[38;2;192;170;102m[48;2;161;134;48m▀[0m[38;2;189;169;103m[48;2;163;137;50m▀[0m[38;2;169;144;59m[48;2;70;55;25m▀[0m[38;2;155;130;49m[48;2;83;68;31m▀[0m[38;2;153;131;50m[48;2;88;66;27m▀[0m[38;2;102;79;32m[48;2;161;72;10m▀[0m[38;2;166;75;10m[48;2;199;91;11m▀[0m[38;2;127;62;13m[48;2;118;57;14m▀[0m[38;2;0;3;16m[48;2;0;3;17m▀[0m           [38;2;85;36;12m[48;2;143;68;7m▀[0m[38;2;156;76;7m[48;2;226;120;5m▀[0m[38;2;164;82;7m[48;2;231;123;4m▀[0m[38;2;102;39;11m[48;2;169;84;7m▀[0m[38;2;110;52;11m▄[0m    
[38;2;81;72;18m[48;2;84;69;20m▀[0m[38;2;147;127;67m[48;2;213;190;117m▀[0m[38;2;185;164;96m[48;2;255;241;163m▀[0m[38;2;255;235;156m[48;2;197;176;107m▀[0m[38;2;255;242;163m[48;2;153;134;73m▀[0m[38;2;231;211;138m[48;2;159;110;45m▀[0m[38;2;202;185;114m[48;2;119;62;9m▀[0m[38;2;171;151;86m[48;2;91;71;19m▀[0m[38;2;99;82;32m▀[0m[38;2;13;12;10m▀[0m[38;2;12;12;13m▀[0m[38;2;27;25;19m▀[0m[38;2;27;25;19m▀[0m[38;2;151;69;10m[48;2;126;56;9m▀[0m[38;2;180;80;9m[48;2;171;79;10m▀[0m[38;2;179;80;9m[48;2;190;87;11m▀[0m[38;2;193;89;11m[48;2;189;87;11m▀[0m[38;2;174;81;12m[48;2;170;80;12m▀[0m[38;2;20;17;15m[48;2;16;16;16m▀[0m[38;2;0;0;0m▀[0m         [38;2;127;0;0m▄[0m[38;2;115;53;8m[48;2;128;61;8m▀[0m[38;2;177;90;6m[48;2;228;120;5m▀[0m[38;2;231;123;4m[48;2;226;121;4m▀[0m[38;2;226;120;4m[48;2;225;120;4m▀[0m[38;2;233;125;4m[48;2;228;122;4m▀[0m[38;2;138;67;8m[48;2;194;100;6m▀[0m[38;2;123;57;7m▄[0m[38;2;127;0;0m▄[0m  
[38;2;87;70;17m▀[0m[38;2;181;162;95m[48;2;108;62;15m▀[0m[38;2;148;112;49m[48;2;188;86;10m▀[0m[38;2;159;87;19m[48;2;189;85;10m▀[0m[38;2;178;79;6m[48;2;188;86;11m▀[0m[38;2;187;85;9m[48;2;190;87;11m▀[0m[38;2;148;66;8m[48;2;170;80;12m▀[0m[38;2;0;0;14m[48;2;12;14;14m▀[0m     [38;2;104;46;11m[48;2;105;50;10m▀[0m[38;2;159;73;10m[48;2;160;74;10m▀[0m[38;2;190;87;11m[48;2;189;86;11m▀[0m[38;2;194;89;11m[48;2;194;89;11m▀[0m[38;2;67;37;14m[48;2;57;31;12m▀[0m[38;2;0;0;0m▀[0m[38;2;147;127;88m▄[0m[38;2;147;127;91m▄[0m       [38;2;0;0;0m▄[0m[38;2;99;41;10m[48;2;146;70;8m▀[0m[38;2;191;97;6m[48;2;218;115;5m▀[0m[38;2;229;123;4m[48;2;227;121;4m▀[0m[38;2;225;120;4m[48;2;224;119;4m▀[0m[38;2;226;121;4m[48;2;209;106;7m▀[0m[38;2;225;120;4m[48;2;226;121;4m▀[0m[38;2;233;125;4m[48;2;227;121;4m▀[0m[38;2;177;90;7m[48;2;213;112;5m▀[0m[38;2;88;36;10m[48;2;141;68;7m▀[0m[38;2;0;0;0m▄[0m 
[38;2;113;56;14m[48;2;111;51;9m▀[0m[38;2;138;61;8m[48;2;170;78;11m▀[0m[38;2;188;86;11m[48;2;193;89;11m▀[0m[38;2;190;87;11m[48;2;166;77;10m▀[0m[38;2;188;86;11m[48;2;180;83;11m▀[0m[38;2;190;87;11m[48;2;191;88;11m▀[0m[38;2;168;79;12m[48;2;167;79;12m▀[0m[38;2;13;15;15m[48;2;8;13;15m▀[0m  [38;2;0;0;0m[48;2;0;0;0m▀[0m[38;2;159;141;108m[48;2;172;158;129m▀[0m[38;2;173;159;131m[48;2;197;175;158m▀[0m[38;2;144;78;21m[48;2;186;98;15m▀[0m[38;2;222;116;2m[48;2;229;121;2m▀[0m[38;2;206;99;9m[48;2;233;123;4m▀[0m[38;2;115;55;12m[48;2;113;58;7m▀[0m[38;2;69;65;52m[48;2;117;108;86m▀[0m[38;2;167;148;113m[48;2;225;216;204m▀[0m[38;2;200;188;169m[48;2;219;211;200m▀[0m[38;2;202;191;174m[48;2;223;218;210m▀[0m[38;2;166;148;115m[48;2;233;227;217m▀[0m[38;2;153;136;101m[48;2;159;140;105m▀[0m     [38;2;113;51;9m[48;2;130;61;8m▀[0m[38;2;176;89;7m[48;2;230;123;4m▀[0m[38;2;231;123;4m[48;2;225;120;4m▀[0m[38;2;225;120;4m[48;2;226;121;4m▀[0m[38;2;224;119;4m[48;2;226;121;4m▀[0m[38;2;201;99;9m[48;2;215;111;6m▀[0m[38;2;221;117;5m[48;2;204;101;8m▀[0m[38;2;225;120;4m[48;2;227;122;4m▀[0m[38;2;233;124;4m[48;2;228;122;4m▀[0m[38;2;146;71;7m[48;2;190;98;6m▀[0m[38;2;123;57;9m▄[0m 
[38;2;123;58;9m[48;2;146;67;10m▀[0m[38;2;172;79;11m[48;2;189;87;11m▀[0m[38;2;171;79;11m[48;2;142;65;10m▀[0m[38;2;158;73;10m[48;2;191;88;11m▀[0m[38;2;189;86;11m[48;2;166;77;11m▀[0m[38;2;188;86;11m[48;2;187;86;11m▀[0m[38;2;191;87;11m[48;2;196;89;11m▀[0m[38;2;107;53;13m[48;2;117;58;14m▀[0m[38;2;0;4;17m[48;2;0;0;19m▀[0m [38;2;158;141;105m[48;2;151;134;99m▀[0m[38;2;191;173;153m[48;2;176;129;88m▀[0m[38;2;157;74;11m[48;2;203;103;0m▀[0m[38;2;226;117;3m[48;2;228;122;4m▀[0m[38;2;226;121;4m[48;2;225;120;4m▀[0m[38;2;235;125;3m[48;2;228;122;4m▀[0m[38;2;131;69;2m[48;2;202;102;0m▀[0m[38;2;160;159;155m[48;2;175;133;99m▀[0m[38;2;227;221;212m[48;2;223;220;215m▀[0m[38;2;221;215;206m[48;2;225;221;212m▀[0m[38;2;217;209;197m[48;2;211;199;180m▀[0m[38;2;182;168;143m[48;2;165;148;116m▀[0m[38;2;141;124;85m[48;2;72;72;0m▀[0m   [38;2;92;46;0m▄[0m[38;2;103;47;9m[48;2;146;71;8m▀[0m[38;2;193;100;6m[48;2;218;115;5m▀[0m[38;2;229;122;4m[48;2;228;121;4m▀[0m[38;2;223;118;4m[48;2;224;119;4m▀[0m[38;2;203;100;8m[48;2;205;102;8m▀[0m[38;2;227;122;4m[48;2;218;114;5m▀[0m[38;2;225;120;4m[48;2;227;122;4m▀[0m[38;2;203;100;8m[48;2;214;110;6m▀[0m[38;2;219;114;6m[48;2;208;105;8m▀[0m[38;2;227;122;4m[48;2;227;122;4m▀[0m[38;2;226;120;5m[48;2;222;117;5m▀[0m[38;2;124;58;9m[48;2;120;55;9m▀[0m 
[38;2;153;71;10m[48;2;121;58;10m▀[0m[38;2;164;75;10m[48;2;98;49;14m▀[0m[38;2;175;81;11m[48;2;180;83;11m▀[0m[38;2;160;74;10m[48;2;139;64;9m▀[0m[38;2;136;63;9m[48;2;177;81;11m▀[0m[38;2;190;87;11m[48;2;176;82;11m▀[0m[38;2;189;87;11m[48;2;180;83;11m▀[0m[38;2;177;82;12m[48;2;192;88;11m▀[0m[38;2;75;40;15m[48;2;183;84;12m▀[0m[38;2;21;21;21m[48;2;2;10;16m▀[0m[38;2;142;120;82m[48;2;126;59;10m▀[0m[38;2;164;83;9m[48;2;227;119;5m▀[0m[38;2;231;124;3m[48;2;226;121;4m▀[0m[38;2;225;120;4m[48;2;226;121;4m▀[0m[38;2;225;120;4m[48;2;226;121;4m▀[0m[38;2;225;120;4m[48;2;225;120;4m▀[0m[38;2;229;122;3m[48;2;226;120;4m▀[0m[38;2;206;106;2m[48;2;232;124;3m▀[0m[38;2;120;82;51m[48;2;198;100;0m▀[0m[38;2;76;70;66m[48;2;175;84;3m▀[0m[38;2;195;185;171m[48;2;20;15;13m▀[0m[38;2;178;158;120m[48;2;0;0;0m▀[0m[38;2;100;35;0m▄[0m[38;2;120;45;0m▄[0m [38;2;0;0;18m▄[0m[38;2;33;16;11m[48;2;105;61;11m▀[0m[38;2;178;90;7m[48;2;229;123;4m▀[0m[38;2;230;123;4m[48;2;221;116;5m▀[0m[38;2;222;118;4m[48;2;201;98;8m▀[0m[38;2;226;121;4m[48;2;228;122;4m▀[0m[38;2;215;111;6m[48;2;227;122;4m▀[0m[38;2;206;104;7m[48;2;201;99;8m▀[0m[38;2;226;121;4m[48;2;220;115;5m▀[0m[38;2;226;121;4m[48;2;227;121;4m▀[0m[38;2;201;98;9m[48;2;213;111;5m▀[0m[38;2;225;119;4m[48;2;191;95;8m▀[0m[38;2;228;122;4m[48;2;235;127;3m▀[0m[38;2;180;92;6m[48;2;193;99;6m▀[0m[38;2;109;48;8m[48;2;100;43;10m▀[0m
[38;2;0;0;18m▀[0m[38;2;0;10;17m▀[0m[38;2;51;29;14m[48;2;0;0;17m▀[0m[38;2;118;57;13m[48;2;86;45;14m▀[0m[38;2;185;84;10m[48;2;108;52;12m▀[0m[38;2;128;59;9m[48;2;166;76;10m▀[0m[38;2;174;80;11m[48;2;188;86;11m▀[0m[38;2;195;90;11m[48;2;177;82;11m▀[0m[38;2;100;51;13m[48;2;104;51;12m▀[0m[38;2;146;77;10m[48;2;109;48;3m▀[0m[38;2;191;96;9m[48;2;215;109;2m▀[0m[38;2;229;122;4m[48;2;222;118;1m▀[0m[38;2;228;121;4m[48;2;169;77;0m▀[0m[38;2;211;106;0m[48;2;160;101;55m▀[0m[38;2;213;107;4m[48;2;189;105;27m▀[0m[38;2;231;124;4m[48;2;183;85;0m▀[0m[38;2;221;116;1m[48;2;156;83;27m▀[0m[38;2;199;96;1m[48;2;152;100;55m▀[0m[38;2;232;124;4m[48;2;191;92;0m▀[0m[38;2;217;115;0m[48;2;111;76;39m▀[0m[38;2;104;55;2m[48;2;125;119;109m▀[0m[38;2;106;106;103m[48;2;214;199;176m▀[0m[38;2;208;185;165m[48;2;184;166;147m▀[0m[38;2;187;159;132m[48;2;108;89;66m▀[0m[38;2;46;38;30m[48;2;200;106;3m▀[0m[38;2;101;57;8m[48;2;230;123;4m▀[0m[38;2;227;121;4m[48;2;221;115;5m▀[0m[38;2;226;120;4m[48;2;202;100;8m▀[0m[38;2;225;120;4m[48;2;229;124;3m▀[0m[38;2;207;104;7m[48;2;216;112;6m▀[0m[38;2;215;111;6m[48;2;207;104;7m▀[0m[38;2;227;122;4m[48;2;226;120;4m▀[0m[38;2;218;114;5m[48;2;225;120;4m▀[0m[38;2;208;103;8m[48;2;176;85;9m▀[0m[38;2;230;123;4m[48;2;216;114;5m▀[0m[38;2;207;110;5m[48;2;220;116;5m▀[0m[38;2;132;62;9m[48;2;115;52;9m▀[0m[38;2;213;111;5m[48;2;161;75;9m▀[0m[38;2;221;117;4m[48;2;230;120;5m▀[0m[38;2;151;73;7m[48;2;167;83;7m▀[0m
   [38;2;0;0;17m▀[0m[38;2;45;28;15m[48;2;29;23;17m▀[0m[38;2;171;79;11m[48;2;24;19;16m▀[0m[38;2;144;67;10m[48;2;46;28;14m▀[0m[38;2;178;81;9m[48;2;90;42;7m▀[0m[38;2;114;61;21m[48;2;140;136;126m▀[0m[38;2;142;130;114m[48;2;230;225;213m▀[0m[38;2;166;101;41m[48;2;213;206;197m▀[0m[38;2;162;94;33m[48;2;212;204;196m▀[0m[38;2;178;152;130m[48;2;224;220;212m▀[0m[38;2;215;207;195m[48;2;221;216;208m▀[0m[38;2;198;182;167m[48;2;223;218;210m▀[0m[38;2;178;152;134m[48;2;225;221;214m▀[0m[38;2;199;182;165m[48;2;223;218;210m▀[0m[38;2;216;208;195m[48;2;221;215;207m▀[0m[38;2;180;154;135m[48;2;224;221;214m▀[0m[38;2;210;195;180m[48;2;222;217;209m▀[0m[38;2;229;225;216m[48;2;220;214;205m▀[0m[38;2;206;195;179m[48;2;225;218;209m▀[0m[38;2;81;48;18m[48;2;155;146;130m▀[0m[38;2;191;100;1m[48;2;23;15;7m▀[0m[38;2;230;123;4m[48;2;64;39;13m▀[0m[38;2;230;123;4m[48;2;206;111;6m▀[0m[38;2;224;119;4m[48;2;241;128;3m▀[0m[38;2;204;102;7m[48;2;138;77;9m▀[0m[38;2;220;114;5m[48;2;108;55;14m▀[0m[38;2;229;123;3m[48;2;244;130;3m▀[0m[38;2;201;97;9m[48;2;146;75;8m▀[0m[38;2;208;103;8m[48;2;120;55;10m▀[0m[38;2;236;126;4m[48;2;165;86;10m▀[0m[38;2;131;62;8m[48;2;132;64;8m▀[0m[38;2;145;70;7m[48;2;0;0;0m▀[0m[38;2;161;80;7m[48;2;51;17;17m▀[0m[38;2;114;51;12m▀[0m[38;2;120;55;10m▀[0m[38;2;155;73;9m[48;2;75;30;15m▀[0m[38;2;145;71;7m▀[0m
      [38;2;0;0;0m[48;2;137;107;58m▀[0m[38;2;0;0;3m[48;2;169;152;121m▀[0m[38;2;166;162;156m[48;2;213;205;196m▀[0m[38;2;227;221;213m[48;2;221;215;207m▀[0m[38;2;221;215;207m[48;2;220;214;205m▀[0m[38;2;221;215;207m[48;2;220;214;205m▀[0m[38;2;220;214;205m[48;2;220;214;205m▀[0m[38;2;220;214;205m[48;2;220;214;205m▀[0m[38;2;220;214;205m[48;2;220;214;205m▀[0m[38;2;220;214;205m[48;2;220;214;205m▀[0m[38;2;220;214;205m[48;2;220;214;205m▀[0m[38;2;220;214;205m[48;2;220;214;205m▀[0m[38;2;220;214;205m[48;2;220;214;205m▀[0m[38;2;220;214;205m[48;2;220;214;205m▀[0m[38;2;221;215;207m[48;2;220;214;204m▀[0m[38;2;216;206;191m[48;2;218;213;203m▀[0m[38;2;146;103;67m[48;2;148;75;22m▀[0m[38;2;42;23;9m[48;2;114;55;11m▀[0m[38;2;0;0;42m[48;2;29;18;18m▀[0m[38;2;63;40;14m[48;2;0;0;36m▀[0m[38;2;217;117;6m[48;2;42;29;14m▀[0m[38;2;142;80;9m[48;2;45;30;15m▀[0m[38;2;3;8;16m[48;2;0;0;0m▀[0m[38;2;106;61;11m[48;2;0;0;18m▀[0m[38;2;43;29;14m[48;2;0;0;17m▀[0m[38;2;0;0;20m▀[0m[38;2;0;7;16m▀[0m[38;2;0;0;51m▀[0m      
      [38;2;127;91;36m[48;2;127;106;63m▀[0m[38;2;188;173;147m[48;2;174;155;123m▀[0m[38;2;226;218;207m[48;2;220;211;198m▀[0m[38;2;220;214;206m[48;2;221;215;207m▀[0m[38;2;220;214;205m[48;2;220;214;205m▀[0m[38;2;220;214;205m[48;2;220;214;205m▀[0m[38;2;220;214;205m[48;2;220;214;205m▀[0m[38;2;220;214;205m[48;2;220;214;205m▀[0m[38;2;220;214;205m[48;2;220;214;205m▀[0m[38;2;220;214;205m[48;2;221;215;206m▀[0m[38;2;220;214;205m[48;2;220;214;206m▀[0m[38;2;220;214;205m[48;2;219;211;200m▀[0m[38;2;220;214;206m[48;2;214;203;187m▀[0m[38;2;221;215;207m[48;2;213;204;188m▀[0m[38;2;201;189;167m[48;2;176;151;121m▀[0m[38;2;168;139;109m[48;2;149;64;1m▀[0m[38;2;164;79;18m[48;2;190;86;9m▀[0m[38;2;195;89;10m[48;2;191;88;11m▀[0m[38;2;45;28;15m[48;2;39;24;15m▀[0m               
      [38;2;135;105;60m▀[0m[38;2;164;144;109m[48;2;140;120;80m▀[0m[38;2;214;205;190m[48;2;203;187;159m▀[0m[38;2;222;216;208m[48;2;222;216;209m▀[0m[38;2;220;214;205m[48;2;220;214;205m▀[0m[38;2;220;214;205m[48;2;221;215;206m▀[0m[38;2;220;214;205m[48;2;220;214;205m▀[0m[38;2;220;214;205m[48;2;220;214;205m▀[0m[38;2;220;214;205m[48;2;219;213;203m▀[0m[38;2;215;205;192m[48;2;207;194;174m▀[0m[38;2;221;215;207m[48;2;214;204;188m▀[0m[38;2;215;208;197m[48;2;200;186;164m▀[0m[38;2;193;179;154m[48;2;152;129;90m▀[0m[38;2;206;196;177m[48;2;154;103;59m▀[0m[38;2;160;110;68m[48;2;173;76;5m▀[0m[38;2;173;76;5m[48;2;189;87;11m▀[0m[38;2;189;87;11m[48;2;187;86;11m▀[0m[38;2;191;88;11m[48;2;191;88;11m▀[0m[38;2;101;50;14m[48;2;168;79;13m▀[0m[38;2;0;8;17m[48;2;23;18;15m▀[0m              
       [38;2;143;123;87m▀[0m[38;2;182;162;131m[48;2;150;129;93m▀[0m[38;2;218;210;197m[48;2;209;193;167m▀[0m[38;2;220;215;206m[48;2;215;206;193m▀[0m[38;2;215;207;194m[48;2;208;196;176m▀[0m[38;2;220;214;206m[48;2;221;215;207m▀[0m[38;2;221;215;208m[48;2;217;209;197m▀[0m[38;2;211;201;184m[48;2;207;192;171m▀[0m[38;2;203;187;163m[48;2;174;157;126m▀[0m[38;2;204;189;165m[48;2;200;186;163m▀[0m[38;2;182;161;131m[48;2;152;101;57m▀[0m[38;2;162;74;10m[48;2;186;83;7m▀[0m[38;2;187;83;7m[48;2;187;86;11m▀[0m[38;2;188;86;11m[48;2;187;86;11m▀[0m[38;2;187;86;11m[48;2;187;86;11m▀[0m[38;2;187;86;11m[48;2;187;86;11m▀[0m[38;2;187;86;11m[48;2;187;86;11m▀[0m[38;2;196;90;11m[48;2;196;90;11m▀[0m[38;2;104;52;14m[48;2;106;52;13m▀[0m[38;2;0;4;17m[48;2;90;47;14m▀[0m[38;2;4;11;16m▄[0m            
        [38;2;135;105;75m▀[0m[38;2;164;146;113m[48;2;140;117;75m▀[0m[38;2;200;184;157m[48;2;192;174;142m▀[0m[38;2;207;193;173m[48;2;205;189;166m▀[0m[38;2;208;196;177m[48;2;203;188;164m▀[0m[38;2;203;188;164m[48;2;208;196;174m▀[0m[38;2;190;165;137m[48;2;156;114;78m▀[0m[38;2;147;86;36m[48;2;169;71;1m▀[0m[38;2;140;89;43m[48;2;176;79;8m▀[0m[38;2;175;78;7m[48;2;189;87;11m▀[0m[38;2;188;86;11m[48;2;187;86;11m▀[0m[38;2;187;86;11m[48;2;187;86;11m▀[0m[38;2;187;86;11m[48;2;187;86;11m▀[0m[38;2;187;86;11m[48;2;187;86;11m▀[0m[38;2;187;86;11m[48;2;187;86;11m▀[0m[38;2;187;86;11m[48;2;187;86;11m▀[0m[38;2;190;87;11m[48;2;190;87;11m▀[0m[38;2;154;71;10m[48;2;154;71;10m▀[0m[38;2;161;75;11m[48;2;173;80;10m▀[0m[38;2;75;41;15m[48;2;211;96;11m▀[0m[38;2;46;27;14m[48;2;66;36;15m▀[0m[38;2;0;0;0m[48;2;0;0;42m▀[0m          
         [38;2;145;109;72m▀[0m[38;2;159;140;104m▀[0m[38;2;185;166;133m[48;2;148;128;90m▀[0m[38;2;177;151;116m[48;2;128;79;35m▀[0m[38;2;178;139;103m[48;2;88;38;4m▀[0m[38;2;162;77;13m[48;2;193;89;11m▀[0m[38;2;188;86;10m[48;2;191;88;11m▀[0m[38;2;189;87;11m[48;2;190;87;11m▀[0m[38;2;187;86;11m[48;2;187;86;11m▀[0m[38;2;187;86;11m[48;2;187;86;11m▀[0m[38;2;187;86;11m[48;2;187;86;11m▀[0m[38;2;187;86;11m[48;2;187;86;11m▀[0m[38;2;187;86;11m[48;2;187;86;11m▀[0m[38;2;187;86;11m[48;2;188;87;11m▀[0m[38;2;189;87;11m[48;2;192;88;11m▀[0m[38;2;174;81;11m[48;2;176;81;11m▀[0m[38;2;153;70;10m[48;2;159;73;10m▀[0m[38;2;190;87;11m[48;2;105;53;15m▀[0m[38;2;149;71;13m[48;2;1;10;16m▀[0m[38;2;60;34;15m[48;2;0;0;11m▀[0m[38;2;0;0;63m▀[0m          
             [38;2;12;17;17m[48;2;121;55;11m▀[0m[38;2;46;28;14m[48;2;150;69;9m▀[0m[38;2;128;62;13m[48;2;118;58;13m▀[0m[38;2;170;79;12m[48;2;98;50;14m▀[0m[38;2;198;91;11m[48;2;98;49;13m▀[0m[38;2;196;90;11m[48;2;100;50;14m▀[0m[38;2;196;89;11m[48;2;102;52;14m▀[0m[38;2;189;87;11m[48;2;166;77;11m▀[0m[38;2;188;86;11m[48;2;195;89;10m▀[0m[38;2;184;85;11m[48;2;82;43;15m▀[0m[38;2;171;80;11m[48;2;46;26;12m▀[0m[38;2;124;58;9m[48;2;162;69;0m▀[0m[38;2;34;23;16m▀[0m[38;2;11;15;15m▀[0m[38;2;0;0;18m▀[0m            
             [38;2;106;42;0m▀[0m[38;2;182;83;11m[48;2;0;0;0m▀[0m[38;2;207;94;7m[48;2;6;12;18m▀[0m[38;2;137;63;8m[48;2;63;48;36m▀[0m[38;2;104;53;16m[48;2;70;63;54m▀[0m[38;2;67;34;11m[48;2;14;16;18m▀[0m[38;2;0;0;16m▀[0m[38;2;32;18;11m[48;2;44;53;56m▀[0m[38;2;97;50;14m[48;2;61;68;69m▀[0m[38;2;131;61;9m[48;2;89;66;48m▀[0m[38;2;104;46;6m[48;2;42;45;47m▀[0m[38;2;191;42;0m[48;2;58;63;63m▀[0m               
          [38;2;70;85;99m[48;2;42;45;47m▀[0m[38;2;67;72;74m[48;2;61;66;67m▀[0m[38;2;64;70;71m[48;2;51;55;56m▀[0m[38;2;60;66;67m[48;2;82;90;92m▀[0m[38;2;63;70;71m[48;2;73;80;82m▀[0m[38;2;73;79;81m[48;2;58;63;65m▀[0m[38;2;80;91;94m[48;2;59;64;65m▀[0m[38;2;64;70;72m[48;2;52;56;58m▀[0m[38;2;16;16;16m[48;2;28;29;29m▀[0m[38;2;72;78;80m[48;2;55;60;61m▀[0m[38;2;77;84;85m[48;2;46;49;50m▀[0m[38;2;79;86;88m[48;2;44;47;47m▀[0m[38;2;78;88;91m[48;2;76;83;85m▀[0m[38;2;63;68;69m[48;2;73;79;80m▀[0m[38;2;72;79;81m[48;2;49;52;53m▀[0m[38;2;68;75;75m[48;2;60;66;67m▀[0m[38;2;70;75;75m[48;2;45;48;49m▀[0m             
          [38;2;9;9;9m▀[0m[38;2;6;6;6m▀[0m[38;2;12;11;11m▀[0m[38;2;37;40;40m▀[0m[38;2;30;32;32m▀[0m[38;2;3;0;0m▀[0m[38;2;6;3;3m▀[0m[38;2;3;3;3m▀[0m[38;2;10;10;10m▀[0m[38;2;9;6;6m▀[0m[38;2;9;9;6m▀[0m[38;2;9;9;6m▀[0m[38;2;45;47;49m▀[0m[38;2;35;37;37m▀[0m[38;2;14;14;14m▀[0m[38;2;3;3;3m▀[0m[38;2;6;6;6m▀[0m             
[0m