                  [38;2;15;15;15m[48;2;16;16;16m▀[0m[38;2;13;13;13m[48;2;12;12;12m▀[0m[38;2;0;0;0m▄[0m                   
                   [38;2;16;16;16m[48;2;16;16;16m▀[0m[38;2;16;16;16m▄[0m                   
                   [38;2;15;15;15m▄[0m[38;2;17;17;17m[48;2;14;14;14m▀[0m                   
                 [38;2;15;15;15m▄[0m[38;2;16;16;16m[48;2;16;16;16m▀[0m[38;2;14;14;14m▀[0m                    
                [38;2;175;79;175m▄[0m[38;2;12;14;12m[48;2;184;87;175m▀[0m[38;2;5;10;5m[48;2;36;24;36m▀[0m[38;2;109;57;104m▄[0m[38;2;182;91;182m▄[0m[38;2;177;88;177m▄[0m                  
            [38;2;197;102;191m▄[0m[38;2;162;92;162m[48;2;198;113;193m▀[0m[38;2;196;93;191m[48;2;230;152;226m▀[0m[38;2;176;73;171m[48;2;222;158;217m▀[0m[38;2;200;118;194m[48;2;234;182;232m▀[0m[38;2;217;133;211m[48;2;240;193;240m▀[0m[38;2;208;127;203m[48;2;239;191;240m▀[0m[38;2;209;127;204m[48;2;239;191;240m▀[0m[38;2;212;129;206m[48;2;240;192;240m▀[0m[38;2;202;122;197m[48;2;236;183;236m▀[0m[38;2;181;88;176m[48;2;217;136;212m▀[0m[38;2;196;98;191m[48;2;227;144;223m▀[0m[38;2;180;85;170m[48;2;203;124;198m▀[0m[38;2;200;98;191m▄[0m[38;2;184;99;170m▄[0m             
          [38;2;191;95;191m[48;2;153;0;153m▀[0m[38;2;196;110;190m[48;2;210;121;205m▀[0m[38;2;217;131;212m[48;2;232;183;232m▀[0m[38;2;234;176;232m[48;2;235;189;234m▀[0m[38;2;255;250;255m[48;2;230;191;228m▀[0m[38;2;254;250;254m[48;2;241;200;241m▀[0m[38;2;241;201;241m[48;2;236;184;236m▀[0m[38;2;236;185;236m[48;2;238;190;238m▀[0m[38;2;239;191;240m[48;2;216;147;212m▀[0m[38;2;237;187;237m[48;2;237;188;237m▀[0m[38;2;237;187;237m[48;2;240;193;240m▀[0m[38;2;237;188;237m[48;2;239;191;240m▀[0m[38;2;240;192;240m[48;2;237;187;237m▀[0m[38;2;240;194;241m[48;2;237;187;237m▀[0m[38;2;234;175;233m[48;2;239;191;239m▀[0m[38;2;222;138;218m[48;2;232;183;232m▀[0m[38;2;200;115;196m[48;2;222;135;217m▀[0m[38;2;196;98;186m[48;2;201;102;191m▀[0m            
         [38;2;170;85;170m[48;2;191;63;191m▀[0m[38;2;198;113;190m[48;2;204;120;199m▀[0m[38;2;223;159;221m[48;2;233;180;232m▀[0m[38;2;208;132;203m[48;2;209;151;206m▀[0m[38;2;200;120;196m[48;2;227;194;225m▀[0m[38;2;214;149;213m[48;2;216;156;216m▀[0m[38;2;239;189;239m[48;2;239;190;239m▀[0m[38;2;237;187;237m[48;2;237;187;237m▀[0m[38;2;239;190;239m[48;2;239;189;239m▀[0m[38;2;204;134;201m[48;2;209;147;207m▀[0m[38;2;203;125;199m[48;2;235;212;233m▀[0m[38;2;204;125;200m[48;2;234;210;233m▀[0m[38;2;212;141;208m[48;2;205;137;202m▀[0m[38;2;238;190;238m[48;2;239;190;239m▀[0m[38;2;237;187;237m[48;2;237;187;237m▀[0m[38;2;237;187;237m[48;2;237;187;237m▀[0m[38;2;239;190;239m[48;2;237;187;237m▀[0m[38;2;237;180;236m[48;2;245;199;246m▀[0m[38;2;158;72;150m[48;2;163;73;155m▀[0m[38;2;98;0;88m[48;2;102;0;89m▀[0m           
         [38;2;63;0;63m[48;2;63;0;63m▀[0m[38;2;138;52;131m[48;2;129;41;120m▀[0m[38;2;233;180;233m[48;2;236;185;236m▀[0m[38;2;217;172;216m[48;2;229;177;229m▀[0m[38;2;238;221;237m[48;2;204;141;202m▀[0m[38;2;215;153;214m[48;2;201;129;198m▀[0m[38;2;239;189;239m[48;2;198;118;193m▀[0m[38;2;237;186;237m[48;2;198;118;193m▀[0m[38;2;239;189;239m[48;2;202;132;199m▀[0m[38;2;208;145;206m[48;2;230;178;230m▀[0m[38;2;249;248;250m[48;2;210;151;209m▀[0m[38;2;249;248;250m[48;2;210;150;208m▀[0m[38;2;208;146;206m[48;2;237;186;237m▀[0m[38;2;239;189;239m[48;2;238;188;238m▀[0m[38;2;237;187;237m[48;2;238;188;238m▀[0m[38;2;237;187;237m[48;2;236;186;236m▀[0m[38;2;237;187;237m[48;2;238;188;238m▀[0m[38;2;251;198;251m[48;2;220;160;219m▀[0m[38;2;81;60;80m[48;2;58;43;58m▀[0m[38;2;13;0;13m[48;2;0;0;0m▀[0m           
          [38;2;70;0;56m[48;2;0;0;0m▀[0m[38;2;131;54;124m[48;2;38;33;38m▀[0m[38;2;236;180;236m[48;2;177;114;174m▀[0m[38;2;195;120;191m[48;2;210;144;206m▀[0m[38;2;222;183;220m[48;2;226;209;225m▀[0m[38;2;255;255;255m[48;2;239;219;238m▀[0m[38;2;255;255;255m[48;2;240;219;238m▀[0m[38;2;210;156;207m[48;2;219;199;217m▀[0m[38;2;199;128;196m[48;2;197;123;192m▀[0m[38;2;236;184;236m[48;2;226;170;226m▀[0m[38;2;238;189;238m[48;2;230;177;230m▀[0m[38;2;237;187;237m[48;2;225;171;225m▀[0m[38;2;232;180;232m[48;2;204;139;202m▀[0m[38;2;234;183;234m[48;2;215;146;213m▀[0m[38;2;222;164;221m[48;2;190;131;188m▀[0m[38;2;220;146;217m[48;2;162;100;159m▀[0m[38;2;82;58;80m[48;2;69;41;68m▀[0m[38;2;0;0;0m[48;2;0;0;0m▀[0m            
           [38;2;0;0;0m▀[0m[38;2;42;37;42m[48;2;0;0;0m▀[0m[38;2;159;96;156m[48;2;28;1;24m▀[0m[38;2;191;94;183m[48;2;117;58;112m▀[0m[38;2;207;120;202m[48;2;118;89;119m▀[0m[38;2;205;118;200m[48;2;111;83;112m▀[0m[38;2;207;119;201m[48;2;111;83;112m▀[0m[38;2;215;145;212m[48;2;111;81;111m▀[0m[38;2;213;146;211m[48;2;111;80;111m▀[0m[38;2;213;145;211m[48;2;110;81;111m▀[0m[38;2;214;144;212m[48;2;119;80;117m▀[0m[38;2;190;124;188m[48;2;126;60;111m▀[0m[38;2;144;101;143m[48;2;0;0;0m▀[0m[38;2;87;63;87m[48;2;0;0;0m▀[0m[38;2;0;0;0m▀[0m[38;2;0;5;0m▀[0m             
              [38;2;0;0;0m[48;2;99;34;68m▀[0m[38;2;29;11;18m[48;2;109;42;78m▀[0m[38;2;59;25;41m[48;2;112;46;81m▀[0m[38;2;59;26;42m[48;2;111;46;81m▀[0m[38;2;58;26;41m[48;2;110;45;80m▀[0m[38;2;56;24;39m[48;2;139;67;103m▀[0m[38;2;58;26;41m[48;2;143;70;106m▀[0m[38;2;86;43;62m[48;2;154;78;115m▀[0m[38;2;85;28;56m[48;2;125;59;92m▀[0m[38;2;85;29;60m▄[0m                
             [38;2;89;35;63m▄[0m[38;2;84;28;59m[48;2;102;40;74m▀[0m[38;2;128;59;94m[48;2;131;63;97m▀[0m[38;2;143;72;107m[48;2;151;78;114m▀[0m[38;2;140;70;105m[48;2;149;77;113m▀[0m[38;2;140;70;105m[48;2;149;77;112m▀[0m[38;2;149;77;112m[48;2;147;75;110m▀[0m[38;2;149;77;112m[48;2;148;76;110m▀[0m[38;2;149;76;111m[48;2;148;76;111m▀[0m[38;2;151;78;113m[48;2;148;76;111m▀[0m[38;2;128;58;93m[48;2;151;78;113m▀[0m[38;2;85;29;59m[48;2;126;58;93m▀[0m[38;2;85;29;60m▄[0m              
           [38;2;85;0;85m[48;2;82;24;57m▀[0m[38;2;113;44;79m[48;2;110;46;80m▀[0m[38;2;69;29;49m[48;2;92;51;71m▀[0m[38;2;70;40;56m[48;2;113;85;113m▀[0m[38;2;158;81;119m[48;2;238;185;238m▀[0m[38;2;189;125;175m[48;2;251;238;251m▀[0m[38;2;209;150;207m[48;2;254;255;254m▀[0m[38;2;207;148;205m[48;2;253;255;253m▀[0m[38;2;158;88;126m[48;2;242;204;242m▀[0m[38;2;151;78;115m[48;2;209;154;206m▀[0m[38;2;147;75;109m[48;2;153;80;119m▀[0m[38;2;148;76;111m[48;2;146;74;108m▀[0m[38;2;148;76;111m[48;2;148;76;111m▀[0m[38;2;152;79;114m[48;2;148;76;111m▀[0m[38;2;125;57;92m[48;2;152;79;114m▀[0m[38;2;89;31;63m[48;2;125;57;92m▀[0m[38;2;0;0;0m[48;2;95;35;68m▀[0m            
         [38;2;0;0;0m▄[0m[38;2;99;37;70m▄[0m[38;2;107;40;77m[48;2;119;55;87m▀[0m[38;2;82;34;58m[48;2;90;50;71m▀[0m[38;2;66;49;69m[48;2;138;111;138m▀[0m[38;2;249;210;249m[48;2;255;239;255m▀[0m[38;2;255;255;255m[48;2;252;254;252m▀[0m[38;2;252;253;252m[48;2;252;252;252m▀[0m[38;2;252;252;252m[48;2;252;252;252m▀[0m[38;2;252;252;252m[48;2;252;252;252m▀[0m[38;2;253;255;253m[48;2;252;252;252m▀[0m[38;2;252;252;253m[48;2;253;254;253m▀[0m[38;2;211;159;206m[48;2;252;247;253m▀[0m[38;2;155;83;124m[48;2;199;132;191m▀[0m[38;2;147;75;109m[48;2;142;69;101m▀[0m[38;2;149;77;112m[48;2;141;71;106m▀[0m[38;2;149;77;112m[48;2;141;71;105m▀[0m[38;2;152;79;115m[48;2;150;78;113m▀[0m[38;2;115;50;84m[48;2;131;64;97m▀[0m[38;2;92;34;65m[48;2;102;39;73m▀[0m[38;2;102;51;51m[48;2;85;42;42m▀[0m          
         [38;2;90;32;64m▄[0m[38;2;103;39;74m[48;2;121;58;89m▀[0m[38;2;129;66;96m[48;2;71;42;59m▀[0m[38;2;43;35;47m[48;2;161;125;162m▀[0m[38;2;253;209;252m[48;2;255;244;255m▀[0m[38;2;254;255;254m[48;2;252;253;252m▀[0m[38;2;252;252;252m[48;2;252;252;252m▀[0m[38;2;252;252;252m[48;2;252;252;252m▀[0m[38;2;252;252;252m[48;2;252;252;252m▀[0m[38;2;252;252;252m[48;2;252;252;252m▀[0m[38;2;252;252;252m[48;2;252;252;252m▀[0m[38;2;252;252;252m[48;2;252;252;252m▀[0m[38;2;254;251;255m[48;2;253;255;253m▀[0m[38;2;230;194;226m[48;2;250;240;253m▀[0m[38;2;163;90;136m[48;2;200;133;187m▀[0m[38;2;121;55;87m[48;2;117;50;80m▀[0m[38;2;124;58;92m[48;2;108;47;80m▀[0m[38;2;152;79;114m[48;2;141;71;105m▀[0m[38;2;151;79;114m[48;2;149;76;111m▀[0m[38;2;127;60;94m[48;2;152;79;114m▀[0m[38;2;94;35;68m[48;2;109;45;79m▀[0m[38;2;93;34;67m▄[0m         
        [38;2;92;35;65m[48;2;92;34;64m▀[0m[38;2;136;65;101m[48;2;148;75;111m▀[0m[38;2;139;72;103m[48;2;105;45;76m▀[0m[38;2;40;34;42m[48;2;46;47;47m▀[0m[38;2;252;204;251m[48;2;255;249;255m▀[0m[38;2;254;255;254m[48;2;252;252;252m▀[0m[38;2;252;252;252m[48;2;252;252;252m▀[0m[38;2;252;252;252m[48;2;252;252;252m▀[0m[38;2;252;252;252m[48;2;252;252;252m▀[0m[38;2;252;252;252m[48;2;252;252;252m▀[0m[38;2;252;252;252m[48;2;252;252;252m▀[0m[38;2;252;252;252m[48;2;252;252;252m▀[0m[38;2;252;252;252m[48;2;252;252;252m▀[0m[38;2;252;252;252m[48;2;252;252;252m▀[0m[38;2;254;252;254m[48;2;254;255;254m▀[0m[38;2;232;201;229m[48;2;240;220;241m▀[0m[38;2;165;93;142m[48;2;180;108;163m▀[0m[38;2;108;45;77m[48;2;111;47;78m▀[0m[38;2;128;61;95m[48;2;127;60;94m▀[0m[38;2;150;78;113m[48;2;150;78;113m▀[0m[38;2;148;76;111m[48;2;148;76;111m▀[0m[38;2;139;69;104m[48;2;149;77;112m▀[0m[38;2;91;35;66m[48;2;138;68;103m▀[0m[38;2;92;35;65m▄[0m        
      [38;2;95;31;63m▄[0m[38;2;89;34;64m[48;2;96;38;69m▀[0m[38;2;139;68;104m[48;2;146;74;109m▀[0m[38;2;144;74;108m[48;2;111;48;81m▀[0m[38;2;35;25;33m[48;2;29;26;29m▀[0m[38;2;203;152;202m[48;2;246;206;246m▀[0m[38;2;254;255;254m[48;2;253;255;253m▀[0m[38;2;252;252;252m[48;2;252;252;252m▀[0m[38;2;252;252;252m[48;2;252;252;252m▀[0m[38;2;252;252;252m[48;2;252;252;252m▀[0m[38;2;252;252;252m[48;2;252;252;252m▀[0m[38;2;252;252;252m[48;2;252;252;252m▀[0m[38;2;252;252;252m[48;2;252;252;252m▀[0m[38;2;252;252;252m[48;2;252;252;252m▀[0m[38;2;252;252;252m[48;2;252;252;252m▀[0m[38;2;252;252;252m[48;2;252;252;252m▀[0m[38;2;252;252;252m[48;2;252;252;252m▀[0m[38;2;254;252;254m[48;2;255;254;255m▀[0m[38;2;205;170;188m[48;2;234;203;235m▀[0m[38;2;142;66;103m[48;2;172;99;149m▀[0m[38;2;119;54;88m[48;2;105;42;73m▀[0m[38;2;138;68;103m[48;2;131;63;97m▀[0m[38;2;149;77;112m[48;2;150;77;112m▀[0m[38;2;148;76;111m[48;2;148;76;111m▀[0m[38;2;146;75;110m[48;2;149;77;112m▀[0m[38;2;108;45;79m[48;2;144;71;107m▀[0m[38;2;92;35;65m[48;2;96;38;69m▀[0m[38;2;91;36;54m▄[0m      
     [38;2;85;30;60m▄[0m[38;2;87;30;61m[48;2;106;44;77m▀[0m[38;2;141;69;104m[48;2;146;73;109m▀[0m[38;2;145;73;108m[48;2;115;51;85m▀[0m[38;2;92;41;68m[48;2;21;18;20m▀[0m[38;2;67;56;66m[48;2;209;146;207m▀[0m[38;2;255;255;255m[48;2;238;220;238m▀[0m[38;2;252;252;252m[48;2;253;253;253m▀[0m[38;2;252;252;252m[48;2;252;252;252m▀[0m[38;2;252;252;252m[48;2;252;252;252m▀[0m[38;2;252;252;252m[48;2;252;252;252m▀[0m[38;2;252;252;252m[48;2;252;252;252m▀[0m[38;2;252;252;252m[48;2;252;252;252m▀[0m[38;2;252;252;252m[48;2;252;252;252m▀[0m[38;2;252;252;252m[48;2;252;252;252m▀[0m[38;2;252;252;252m[48;2;252;252;252m▀[0m[38;2;252;252;252m[48;2;253;253;253m▀[0m[38;2;254;255;254m[48;2;250;245;249m▀[0m[38;2;248;232;248m[48;2;222;183;221m▀[0m[38;2;220;158;221m[48;2;198;128;196m▀[0m[38;2;180;112;163m[48;2;209;145;210m▀[0m[38;2;121;56;90m[48;2;179;104;152m▀[0m[38;2;88;36;64m[48;2;30;22;24m▀[0m[38;2;140;72;106m[48;2;116;58;87m▀[0m[38;2;149;77;112m[48;2;150;76;113m▀[0m[38;2;148;76;111m[48;2;148;76;111m▀[0m[38;2;150;77;112m[48;2;149;77;112m▀[0m[38;2;140;69;104m[48;2;142;72;107m▀[0m[38;2;91;33;66m[48;2;116;50;85m▀[0m[38;2;94;37;66m[48;2;86;30;61m▀[0m     
    [38;2;73;19;49m▄[0m[38;2;82;26;57m[48;2;113;49;83m▀[0m[38;2;140;67;104m[48;2;148;75;111m▀[0m[38;2;140;70;104m[48;2;117;53;87m▀[0m[38;2;113;48;82m[48;2;113;46;82m▀[0m[38;2;26;20;23m[48;2;16;14;14m▀[0m[38;2;212;154;211m[48;2;246;231;247m▀[0m[38;2;225;190;225m[48;2;255;255;255m▀[0m[38;2;253;254;253m[48;2;252;252;252m▀[0m[38;2;252;252;252m[48;2;252;252;252m▀[0m[38;2;252;252;252m[48;2;252;252;252m▀[0m[38;2;252;252;252m[48;2;252;252;252m▀[0m[38;2;252;252;252m[48;2;252;252;252m▀[0m[38;2;252;252;252m[48;2;252;252;252m▀[0m[38;2;252;252;252m[48;2;252;252;252m▀[0m[38;2;252;252;252m[48;2;252;252;252m▀[0m[38;2;252;252;252m[48;2;252;252;252m▀[0m[38;2;253;254;253m[48;2;252;252;252m▀[0m[38;2;245;234;244m[48;2;253;254;253m▀[0m[38;2;220;178;219m[48;2;255;255;255m▀[0m[38;2;221;174;221m[48;2;255;249;255m▀[0m[38;2;213;149;214m[48;2;227;182;229m▀[0m[38;2;171;99;145m[48;2;161;89;135m▀[0m[38;2;87;47;65m[48;2;158;78;114m▀[0m[38;2;64;31;48m[48;2;30;23;26m▀[0m[38;2;145;74;108m[48;2;121;57;90m▀[0m[38;2;148;76;111m[48;2;151;78;114m▀[0m[38;2;148;76;111m[48;2;148;76;111m▀[0m[38;2;150;78;113m[48;2;148;76;111m▀[0m[38;2;143;71;107m[48;2;152;79;114m▀[0m[38;2;111;47;80m[48;2;134;63;99m▀[0m[38;2;86;27;59m[48;2;79;25;56m▀[0m    
  [38;2;78;26;52m▄[0m[38;2;75;21;48m[48;2;112;48;81m▀[0m[38;2;113;47;82m[48;2;152;78;114m▀[0m[38;2;152;78;114m[48;2;134;66;100m▀[0m[38;2;135;66;100m[48;2;115;48;84m▀[0m[38;2;117;50;85m[48;2;56;29;43m▀[0m[38;2;55;28;42m[48;2;9;13;10m▀[0m[38;2;132;93;131m[48;2;197;136;195m▀[0m[38;2;222;183;222m[48;2;203;133;200m▀[0m[38;2;246;219;246m[48;2;216;160;214m▀[0m[38;2;253;254;253m[48;2;254;255;254m▀[0m[38;2;252;252;252m[48;2;252;252;252m▀[0m[38;2;252;252;252m[48;2;252;252;252m▀[0m[38;2;252;252;252m[48;2;252;252;252m▀[0m[38;2;252;252;252m[48;2;252;252;252m▀[0m[38;2;252;252;252m[48;2;252;252;252m▀[0m[38;2;252;252;252m[48;2;252;252;252m▀[0m[38;2;252;252;252m[48;2;252;252;252m▀[0m[38;2;252;252;252m[48;2;252;252;252m▀[0m[38;2;252;252;252m[48;2;252;252;252m▀[0m[38;2;252;252;252m[48;2;253;254;253m▀[0m[38;2;253;255;253m[48;2;250;238;250m▀[0m[38;2;252;241;252m[48;2;225;172;225m▀[0m[38;2;223;173;223m[48;2;203;137;202m▀[0m[38;2;191;123;183m[48;2;208;145;210m▀[0m[38;2;163;88;128m[48;2;163;93;135m▀[0m[38;2;27;20;23m[48;2;122;63;91m▀[0m[38;2;41;23;33m[48;2;19;18;18m▀[0m[38;2;128;59;94m[48;2;40;24;33m▀[0m[38;2;151;78;113m[48;2;127;58;94m▀[0m[38;2;148;76;111m[48;2;151;78;113m▀[0m[38;2;149;77;112m[48;2;148;76;111m▀[0m[38;2;145;73;108m[48;2;150;78;113m▀[0m[38;2;115;49;84m[48;2;150;76;112m▀[0m[38;2;75;21;48m[48;2;112;48;81m▀[0m[38;2;78;26;52m▄[0m  
[38;2;102;34;68m[48;2;93;38;67m▀[0m[38;2;93;34;66m[48;2;150;77;113m▀[0m[38;2;105;45;77m[48;2;138;68;103m▀[0m[38;2;152;78;114m[48;2;109;46;79m▀[0m[38;2;135;66;101m[48;2;110;47;81m▀[0m[38;2;114;47;82m[48;2;60;30;45m▀[0m[38;2;56;29;44m[48;2;5;13;8m▀[0m[38;2;9;13;9m▀[0m[38;2;9;13;10m[48;2;10;11;10m▀[0m[38;2;191;130;189m[48;2;220;176;220m▀[0m[38;2;234;184;234m[48;2;253;250;253m▀[0m[38;2;246;239;245m[48;2;253;254;253m▀[0m[38;2;252;252;252m[48;2;252;252;252m▀[0m[38;2;252;252;252m[48;2;252;252;252m▀[0m[38;2;252;252;252m[48;2;252;252;252m▀[0m[38;2;252;252;252m[48;2;252;252;252m▀[0m[38;2;252;252;252m[48;2;252;252;252m▀[0m[38;2;252;252;252m[48;2;252;252;252m▀[0m[38;2;252;252;252m[48;2;252;252;252m▀[0m[38;2;252;252;252m[48;2;252;252;252m▀[0m[38;2;252;252;252m[48;2;252;252;252m▀[0m[38;2;252;252;252m[48;2;252;252;252m▀[0m[38;2;252;252;252m[48;2;252;252;252m▀[0m[38;2;251;249;251m[48;2;252;252;252m▀[0m[38;2;248;241;248m[48;2;253;255;253m▀[0m[38;2;240;207;239m[48;2;247;222;247m▀[0m[38;2;217;154;218m[48;2;218;157;219m▀[0m[38;2;160;89;131m[48;2;160;89;131m▀[0m[38;2;153;77;113m[48;2;149;75;110m▀[0m[38;2;25;20;23m[48;2;26;20;23m▀[0m[38;2;0;4;4m▀[0m[38;2;40;23;32m[48;2;0;5;0m▀[0m[38;2;127;58;93m[48;2;42;24;34m▀[0m[38;2;150;78;113m[48;2;111;47;81m▀[0m[38;2;148;76;111m[48;2;128;60;95m▀[0m[38;2;150;77;112m[48;2;149;76;112m▀[0m[38;2;149;76;112m[48;2;148;76;111m▀[0m[38;2;109;46;79m[48;2;150;77;113m▀[0m[38;2;82;24;57m[48;2;106;44;77m▀[0m[38;2;100;36;63m▄[0m
[38;2;26;21;23m[48;2;0;0;0m▀[0m[38;2;129;67;98m[48;2;10;14;11m▀[0m[38;2;99;43;73m[48;2;12;15;14m▀[0m[38;2;70;33;53m[48;2;11;15;13m▀[0m[38;2;10;14;12m▀[0m[38;2;15;15;15m▀[0m  [38;2;10;10;10m[48;2;10;10;10m▀[0m[38;2;238;240;239m[48;2;222;205;213m▀[0m[38;2;254;254;254m[48;2;253;253;253m▀[0m[38;2;252;252;252m[48;2;252;252;252m▀[0m[38;2;252;252;252m[48;2;252;252;252m▀[0m[38;2;252;252;252m[48;2;252;252;252m▀[0m[38;2;252;252;252m[48;2;252;252;252m▀[0m[38;2;252;252;252m[48;2;252;252;252m▀[0m[38;2;252;252;252m[48;2;252;252;252m▀[0m[38;2;252;252;252m[48;2;252;252;252m▀[0m[38;2;252;252;252m[48;2;252;252;252m▀[0m[38;2;252;252;252m[48;2;252;252;252m▀[0m[38;2;252;252;252m[48;2;252;252;252m▀[0m[38;2;252;252;252m[48;2;252;252;252m▀[0m[38;2;252;252;252m[48;2;252;252;252m▀[0m[38;2;252;252;252m[48;2;252;252;252m▀[0m[38;2;252;252;252m[48;2;253;253;253m▀[0m[38;2;255;255;255m[48;2;255;255;255m▀[0m[38;2;224;181;225m[48;2;222;187;223m▀[0m[38;2;159;86;131m[48;2;158;88;129m▀[0m[38;2;149;75;110m[48;2;149;75;110m▀[0m[38;2;26;20;23m[48;2;26;20;23m▀[0m[38;2;0;0;0m[48;2;0;0;0m▀[0m [38;2;0;9;4m▀[0m[38;2;46;25;36m[48;2;8;12;12m▀[0m[38;2;102;44;75m[48;2;6;14;10m▀[0m[38;2;102;43;75m[48;2;57;30;44m▀[0m[38;2;134;65;100m[48;2;92;41;69m▀[0m[38;2;148;74;110m[48;2;87;39;65m▀[0m[38;2;147;74;110m[48;2;89;40;66m▀[0m[38;2;90;37;65m[48;2;19;17;18m▀[0m
         [38;2;102;49;74m[48;2;11;16;14m▀[0m[38;2;254;254;253m[48;2;229;221;227m▀[0m[38;2;254;254;254m[48;2;241;239;241m▀[0m[38;2;252;252;252m[48;2;255;255;255m▀[0m[38;2;252;252;252m[48;2;255;255;255m▀[0m[38;2;252;252;252m[48;2;253;253;253m▀[0m[38;2;252;252;252m[48;2;252;252;252m▀[0m[38;2;252;252;252m[48;2;252;252;252m▀[0m[38;2;252;252;252m[48;2;252;252;252m▀[0m[38;2;252;252;252m[48;2;254;254;254m▀[0m[38;2;252;252;252m[48;2;254;255;254m▀[0m[38;2;252;252;252m[48;2;255;255;255m▀[0m[38;2;252;252;252m[48;2;253;253;253m▀[0m[38;2;255;255;255m[48;2;232;228;231m▀[0m[38;2;255;255;255m[48;2;227;221;226m▀[0m[38;2;250;249;249m[48;2;223;216;221m▀[0m[38;2;236;232;236m[48;2;185;168;182m▀[0m[38;2;200;192;199m[48;2;183;169;181m▀[0m[38;2;155;96;125m[48;2;157;98;128m▀[0m[38;2;149;74;111m[48;2;156;77;116m▀[0m[38;2;26;20;23m[48;2;28;21;24m▀[0m[38;2;0;0;0m[48;2;0;0;0m▀[0m    [38;2;8;14;11m▀[0m[38;2;8;14;11m▀[0m[38;2;7;13;10m▀[0m[38;2;7;13;10m▀[0m 
         [38;2;17;17;17m▀[0m[38;2;91;82;89m[48;2;21;21;21m▀[0m[38;2;201;187;198m[48;2;193;175;189m▀[0m[38;2;214;203;211m[48;2;179;161;175m▀[0m[38;2;219;211;217m[48;2;184;167;180m▀[0m[38;2;246;244;245m[48;2;199;186;196m▀[0m[38;2;255;255;255m[48;2;206;195;203m▀[0m[38;2;255;255;255m[48;2;205;194;202m▀[0m[38;2;255;255;255m[48;2;206;194;203m▀[0m[38;2;237;234;237m[48;2;194;180;191m▀[0m[38;2;234;229;233m[48;2;192;177;189m▀[0m[38;2;216;207;214m[48;2;181;163;177m▀[0m[38;2;229;223;228m[48;2;195;181;192m▀[0m[38;2;194;180;191m[48;2;204;193;202m▀[0m[38;2;198;185;196m[48;2;200;187;197m▀[0m[38;2;199;186;196m[48;2;204;192;201m▀[0m[38;2;193;178;190m[48;2;189;173;185m▀[0m[38;2;185;171;183m[48;2;185;172;183m▀[0m[38;2;160;100;130m[48;2;163;101;132m▀[0m[38;2;84;44;64m[48;2;29;19;23m▀[0m[38;2;23;19;21m[48;2;0;0;0m▀[0m[38;2;0;0;0m▀[0m         
         [38;2;0;0;0m▀[0m[38;2;23;19;23m[48;2;0;0;0m▀[0m[38;2;71;66;70m[48;2;37;35;37m▀[0m[38;2;190;173;186m[48;2;193;174;188m▀[0m[38;2;184;167;180m[48;2;184;167;180m▀[0m[38;2;182;164;178m[48;2;184;167;180m▀[0m[38;2;181;163;177m[48;2;184;167;180m▀[0m[38;2;181;163;177m[48;2;184;168;180m▀[0m[38;2;181;163;177m[48;2;184;168;180m▀[0m[38;2;182;165;178m[48;2;184;167;180m▀[0m[38;2;183;165;179m[48;2;184;167;180m▀[0m[38;2;184;167;180m[48;2;184;167;180m▀[0m[38;2;184;167;180m[48;2;184;167;180m▀[0m[38;2;190;174;186m[48;2;183;166;179m▀[0m[38;2;186;169;182m[48;2;184;167;180m▀[0m[38;2;189;173;185m[48;2;183;166;179m▀[0m[38;2;183;165;179m[48;2;184;167;180m▀[0m[38;2;186;173;184m[48;2;194;176;190m▀[0m[38;2;166;102;134m[48;2;69;59;65m▀[0m[38;2;36;23;29m[48;2;16;8;12m▀[0m[38;2;0;0;0m[48;2;0;0;0m▀[0m          
          [38;2;0;0;0m▀[0m[38;2;110;49;77m[48;2;0;0;0m▀[0m[38;2;158;101;131m[48;2;52;49;52m▀[0m[38;2;189;175;186m[48;2;176;160;173m▀[0m[38;2;184;167;180m[48;2;187;174;185m▀[0m[38;2;182;163;177m[48;2;166;123;147m▀[0m[38;2;181;159;174m[48;2;157;89;122m▀[0m[38;2;183;161;176m[48;2;134;70;101m▀[0m[38;2;187;169;182m[48;2;155;132;147m▀[0m[38;2;187;170;183m[48;2;161;148;158m▀[0m[38;2;184;167;180m[48;2;189;172;185m▀[0m[38;2;184;167;180m[48;2;189;171;185m▀[0m[38;2;184;167;180m[48;2;184;167;180m▀[0m[38;2;184;167;180m[48;2;184;167;180m▀[0m[38;2;184;167;180m[48;2;184;167;180m▀[0m[38;2;185;168;181m[48;2;195;177;191m▀[0m[38;2;186;169;183m[48;2;73;67;72m▀[0m[38;2;54;51;53m[48;2;0;0;0m▀[0m[38;2;0;0;0m▀[0m           
          [38;2;100;61;61m▄[0m[38;2;97;58;60m▄[0m[38;2;0;0;0m[48;2;97;68;48m▀[0m[38;2;60;56;67m[48;2;139;122;80m▀[0m[38;2;193;177;197m[48;2;210;175;147m▀[0m[38;2;187;172;187m[48;2;196;170;176m▀[0m[38;2;166;154;164m[48;2;56;56;68m▀[0m[38;2;46;46;48m[48;2;0;0;0m▀[0m[38;2;1;2;1m▀[0m[38;2;9;10;9m▀[0m[38;2;140;127;137m[48;2;0;0;0m▀[0m[38;2;151;137;148m[48;2;24;24;26m▀[0m[38;2;192;174;188m[48;2;142;131;144m▀[0m[38;2;183;167;181m[48;2;187;163;173m▀[0m[38;2;182;167;185m[48;2;201;166;139m▀[0m[38;2;192;176;196m[48;2;217;188;155m▀[0m[38;2;65;61;72m[48;2;139;121;79m▀[0m[38;2;0;0;0m[48;2;101;70;50m▀[0m[38;2;0;0;0m▄[0m           
       [38;2;99;60;60m▄[0m[38;2;102;65;60m[48;2;192;145;78m▀[0m[38;2;110;69;63m[48;2;220;172;86m▀[0m[38;2;193;145;80m[48;2;255;215;91m▀[0m[38;2;195;148;82m[48;2;234;170;76m▀[0m[38;2;216;166;85m[48;2;240;180;80m▀[0m[38;2;255;219;92m[48;2;255;213;92m▀[0m[38;2;249;189;73m[48;2;255;221;96m▀[0m[38;2;231;186;113m[48;2;255;198;84m▀[0m[38;2;154;121;80m[48;2;253;172;78m▀[0m[38;2;49;36;23m[48;2;71;52;32m▀[0m[38;2;0;0;0m[48;2;0;0;5m▀[0m  [38;2;0;0;0m[48;2;0;0;6m▀[0m[38;2;56;51;40m[48;2;72;55;31m▀[0m[38;2;230;192;122m[48;2;255;201;84m▀[0m[38;2;249;188;72m[48;2;244;187;84m▀[0m[38;2;255;210;83m[48;2;246;188;83m▀[0m[38;2;255;217;90m[48;2;255;214;92m▀[0m[38;2;223;175;88m[48;2;190;146;78m▀[0m[38;2;126;84;66m[48;2;213;163;84m▀[0m[38;2;125;87;66m▄[0m          
      [38;2;110;71;63m[48;2;109;72;65m▀[0m[38;2;208;157;83m[48;2;66;55;32m▀[0m[38;2;255;219;94m[48;2;59;52;30m▀[0m[38;2;179;133;77m[48;2;32;25;24m▀[0m[38;2;171;124;75m[48;2;32;25;24m▀[0m[38;2;252;196;86m[48;2;59;52;30m▀[0m[38;2;255;191;86m[48;2;60;50;30m▀[0m[38;2;182;132;63m[48;2;40;30;23m▀[0m[38;2;74;64;34m[48;2;0;0;0m▀[0m[38;2;76;58;33m[48;2;0;0;0m▀[0m[38;2;75;53;33m[48;2;0;0;5m▀[0m[38;2;45;34;23m[48;2;0;0;0m▀[0m[38;2;0;0;0m▀[0m  [38;2;0;0;0m▀[0m[38;2;37;26;19m[48;2;0;0;4m▀[0m[38;2;140;108;52m[48;2;52;41;34m▀[0m[38;2;253;216;92m[48;2;189;137;76m▀[0m[38;2;186;138;75m[48;2;218;149;72m▀[0m[38;2;220;176;83m[48;2;158;108;69m▀[0m[38;2;223;183;85m[48;2;214;153;76m▀[0m[38;2;176;130;76m[48;2;61;45;31m▀[0m[38;2;199;135;74m[48;2;49;37;25m▀[0m[38;2;132;87;68m[48;2;37;29;25m▀[0m         
       [38;2;0;0;0m▀[0m[38;2;0;0;0m▀[0m[38;2;0;0;0m▀[0m[38;2;0;0;0m▀[0m[38;2;0;0;0m▀[0m[38;2;0;0;0m▀[0m[38;2;0;0;0m▀[0m        [38;2;0;0;0m▀[0m[38;2;34;23;34m▀[0m[38;2;38;28;24m▀[0m[38;2;36;29;22m▀[0m[38;2;26;22;20m▀[0m[38;2;30;24;20m▀[0m[38;2;17;16;16m▀[0m[38;2;0;0;6m▀[0m[38;2;0;0;0m▀[0m         
[0m