           [38;2;0;0;0m▄[0m[38;2;145;145;209m[48;2;148;154;215m▀[0m[38;2;152;156;209m[48;2;183;184;240m▀[0m[38;2;31;32;38m[48;2;31;31;34m▀[0m                         
           [38;2;0;0;127m[48;2;151;155;211m▀[0m[38;2;163;166;225m[48;2;209;211;246m▀[0m[38;2;190;189;241m[48;2;187;186;239m▀[0m[38;2;28;28;31m[48;2;28;28;31m▀[0m                         
         [38;2;0;0;255m▄[0m[38;2;136;136;209m[48;2;144;149;211m▀[0m[38;2;183;186;225m[48;2;219;220;245m▀[0m[38;2;222;220;242m[48;2;201;199;242m▀[0m[38;2;186;186;240m[48;2;178;178;228m▀[0m[38;2;28;28;30m[48;2;28;28;31m▀[0m                         
         [38;2;0;0;153m[48;2;165;169;232m▀[0m[38;2;178;183;223m[48;2;225;226;241m▀[0m[38;2;219;212;221m[48;2;211;208;238m▀[0m[38;2;201;200;255m[48;2;201;201;255m▀[0m[38;2;80;80;100m[48;2;76;76;95m▀[0m[38;2;0;0;15m[48;2;0;0;0m▀[0m                         
   [38;2;28;28;0m▄[0m[38;2;24;26;36m▄[0m[38;2;56;59;76m▄[0m[38;2;0;0;0m▄[0m [38;2;0;0;0m[48;2;22;25;85m▀[0m[38;2;93;96;122m[48;2;91;94;140m▀[0m[38;2;232;228;234m[48;2;127;127;143m▀[0m[38;2;197;193;234m[48;2;199;198;242m▀[0m[38;2;205;205;255m[48;2;156;156;197m▀[0m[38;2;78;78;97m[48;2;42;40;46m▀[0m[38;2;0;0;0m[48;2;0;0;34m▀[0m[38;2;23;33;113m▄[0m[38;2;8;16;99m▄[0m[38;2;0;28;113m▄[0m[38;2;11;34;139m▄[0m[38;2;94;104;181m▄[0m[38;2;95;106;187m▄[0m[38;2;66;74;141m▄[0m                  
   [38;2;0;0;39m[48;2;0;0;85m▀[0m[38;2;61;65;129m[48;2;15;21;94m▀[0m[38;2;173;174;222m[48;2;110;106;147m▀[0m[38;2;77;78;98m[48;2;186;184;231m▀[0m[38;2;49;49;41m[48;2;85;86;109m▀[0m[38;2;95;102;175m[48;2;95;102;166m▀[0m[38;2;102;104;167m[48;2;72;68;108m▀[0m[38;2;123;122;154m[48;2;160;160;205m▀[0m[38;2;137;137;175m[48;2;96;96;121m▀[0m[38;2;130;131;168m[48;2;97;100;138m▀[0m[38;2;0;1;35m[48;2;69;74;124m▀[0m[38;2;66;72;150m[48;2;115;123;198m▀[0m[38;2;98;106;181m[48;2;128;134;203m▀[0m[38;2;42;52;136m[48;2;166;168;229m▀[0m[38;2;119;125;200m[48;2;204;201;232m▀[0m[38;2;131;136;209m[48;2;212;212;244m▀[0m[38;2;165;169;234m[48;2;83;85;116m▀[0m[38;2;83;85;115m[48;2;0;0;0m▀[0m[38;2;4;9;14m▀[0m                  
    [38;2;0;0;100m▀[0m[38;2;47;46;100m[48;2;31;39;115m▀[0m[38;2;137;129;153m[48;2;197;192;205m▀[0m[38;2;210;211;242m[48;2;221;221;231m▀[0m[38;2;159;163;198m[48;2;84;85;130m▀[0m[38;2;62;58;97m[48;2;92;84;106m▀[0m[38;2;140;133;160m[48;2;122;118;151m▀[0m[38;2;117;118;152m[48;2;189;192;248m▀[0m[38;2;89;93;138m[48;2;136;136;146m▀[0m[38;2;129;135;209m[48;2;147;142;159m▀[0m[38;2;171;172;225m[48;2;231;229;242m▀[0m[38;2;208;205;238m[48;2;243;242;241m▀[0m[38;2;234;230;234m[48;2;218;220;241m▀[0m[38;2;220;222;242m[48;2;82;85;112m▀[0m[38;2;80;84;110m[48;2;0;0;0m▀[0m[38;2;0;0;0m▀[0m                    
   [38;2;0;0;0m[48;2;28;18;37m▀[0m[38;2;90;83;119m[48;2;162;155;164m▀[0m[38;2;197;197;217m[48;2;239;238;245m▀[0m[38;2;218;220;231m[48;2;153;157;210m▀[0m[38;2;73;75;125m[48;2;152;152;204m▀[0m[38;2;94;91;132m[48;2;168;171;231m▀[0m[38;2;132;134;189m[48;2;194;195;249m▀[0m[38;2;175;177;235m[48;2;197;197;250m▀[0m[38;2;194;194;249m[48;2;197;197;250m▀[0m[38;2;189;191;238m[48;2;175;177;236m▀[0m[38;2;110;108;117m[48;2;158;159;191m▀[0m[38;2;233;233;232m[48;2;111;114;137m▀[0m[38;2;217;218;239m[48;2;98;102;136m▀[0m[38;2;76;77;103m[48;2;70;77;139m▀[0m[38;2;0;0;0m[48;2;104;112;194m▀[0m[38;2;74;87;175m[48;2;166;167;226m▀[0m[38;2;71;83;166m[48;2;180;182;239m▀[0m[38;2;76;88;169m[48;2;161;166;233m▀[0m[38;2;82;94;177m[48;2;62;66;103m▀[0m[38;2;102;102;204m[48;2;23;23;46m▀[0m                 
 [38;2;40;30;30m▄[0m[38;2;59;42;59m[48;2;159;153;163m▀[0m[38;2;163;155;165m[48;2;229;230;240m▀[0m[38;2;230;230;240m[48;2;179;182;230m▀[0m[38;2;178;181;229m[48;2;191;192;247m▀[0m[38;2;193;193;248m[48;2;185;186;241m▀[0m[38;2;185;186;242m[48;2;171;174;230m▀[0m[38;2;171;174;230m[48;2;182;183;238m▀[0m[38;2;173;176;232m[48;2;158;162;220m▀[0m[38;2;194;194;247m[48;2;194;194;248m▀[0m[38;2;196;195;249m[48;2;182;184;239m▀[0m[38;2;161;164;224m[48;2;182;184;239m▀[0m[38;2;134;140;208m[48;2;168;169;227m▀[0m[38;2;131;137;207m[48;2;72;77;144m▀[0m[38;2;99;106;175m[48;2;141;144;180m▀[0m[38;2;174;172;214m[48;2;234;231;234m▀[0m[38;2;212;211;245m[48;2;243;242;242m▀[0m[38;2;227;221;227m[48;2;216;218;240m▀[0m[38;2;213;213;235m[48;2;79;83;109m▀[0m[38;2;82;85;109m[48;2;0;0;0m▀[0m[38;2;0;0;0m▀[0m                  
[38;2;38;54;154m[48;2;129;136;192m▀[0m[38;2;154;152;178m[48;2;243;244;249m▀[0m[38;2;244;241;243m[48;2;208;208;225m▀[0m[38;2;189;190;230m[48;2;184;183;232m▀[0m[38;2;189;190;247m[48;2;198;197;251m▀[0m[38;2;195;195;248m[48;2;200;199;252m▀[0m[38;2;196;196;250m[48;2;182;184;242m▀[0m[38;2;179;180;236m[48;2;176;178;238m▀[0m[38;2;177;178;235m[48;2;179;181;237m▀[0m[38;2;200;199;252m[48;2;162;165;222m▀[0m[38;2;144;148;208m[48;2;140;145;205m▀[0m[38;2;97;101;171m[48;2;111;117;183m▀[0m[38;2;99;104;173m[48;2;101;109;180m▀[0m[38;2;62;70;148m[48;2;163;161;199m▀[0m[38;2;114;108;119m[48;2;194;184;193m▀[0m[38;2;162;163;163m[48;2;100;98;100m▀[0m[38;2;255;255;255m[48;2;197;199;220m▀[0m[38;2;215;217;240m[48;2;79;80;103m▀[0m[38;2;75;77;105m[48;2;0;0;0m▀[0m[38;2;0;0;0m▀[0m                    
[38;2;137;144;208m[48;2;92;99;180m▀[0m[38;2;215;217;245m[48;2;148;152;221m▀[0m[38;2;113;115;153m[48;2;176;178;237m▀[0m[38;2;133;132;169m[48;2;135;139;203m▀[0m[38;2;182;184;244m[48;2;134;136;189m▀[0m[38;2;144;149;216m[48;2;143;138;160m▀[0m[38;2;165;164;207m[48;2;66;64;64m▀[0m[38;2;145;145;193m[48;2;74;69;68m▀[0m[38;2;153;154;203m[48;2;180;172;186m▀[0m[38;2;110;118;191m[48;2;174;169;196m▀[0m[38;2;116;123;194m[48;2;174;168;195m▀[0m[38;2;118;126;196m[48;2;175;169;194m▀[0m[38;2;160;158;195m[48;2;196;185;196m▀[0m[38;2;207;196;203m[48;2;203;193;203m▀[0m[38;2;210;199;210m[48;2;202;191;203m▀[0m[38;2;133;126;134m[48;2;200;191;198m▀[0m[38;2;65;69;102m[48;2;70;72;89m▀[0m[38;2;51;58;122m[48;2;142;146;209m▀[0m[38;2;75;87;174m[48;2;148;153;213m▀[0m[38;2;72;83;167m[48;2;176;180;236m▀[0m[38;2;79;90;173m[48;2;163;168;233m▀[0m[38;2;85;93;176m[48;2;61;65;100m▀[0m[38;2;85;85;170m[48;2;23;23;46m▀[0m           [38;2;0;0;0m▄[0m[38;2;85;77;92m▄[0m[38;2;76;63;63m▄[0m   
 [38;2;77;85;169m▀[0m[38;2;64;73;141m[48;2;0;0;0m▀[0m[38;2;99;97;116m[48;2;0;0;0m▀[0m[38;2;94;90;92m[48;2;0;0;0m▀[0m[38;2;7;7;3m▀[0m[38;2;0;0;0m▀[0m[38;2;0;0;0m[48;2;0;0;0m▀[0m[38;2;140;130;142m[48;2;113;104;117m▀[0m[38;2;212;201;210m[48;2;181;171;183m▀[0m[38;2;206;196;205m[48;2;204;193;204m▀[0m[38;2;197;186;195m[48;2;197;188;199m▀[0m[38;2;142;132;146m[48;2;141;131;144m▀[0m[38;2;204;194;204m[48;2;227;223;230m▀[0m[38;2;206;197;207m[48;2;235;234;239m▀[0m[38;2;238;237;242m[48;2;239;239;243m▀[0m[38;2;202;203;205m[48;2;245;245;249m▀[0m[38;2;112;108;111m[48;2;201;201;203m▀[0m[38;2;228;224;228m[48;2;115;116;131m▀[0m[38;2;218;220;243m[48;2;80;83;111m▀[0m[38;2;77;79;103m[48;2;0;0;0m▀[0m[38;2;0;0;0m▀[0m          [38;2;72;67;75m▄[0m[38;2;91;81;98m[48;2;175;164;178m▀[0m[38;2;135;124;138m[48;2;178;168;177m▀[0m[38;2;167;157;169m[48;2;164;155;159m▀[0m[38;2;138;132;158m[48;2;122;121;147m▀[0m[38;2;74;85;174m[48;2;183;186;249m▀[0m[38;2;80;90;171m[48;2;136;141;211m▀[0m[38;2;67;80;165m▄[0m
        [38;2;87;77;93m[48;2;87;80;94m▀[0m[38;2;190;183;194m[48;2;191;188;196m▀[0m[38;2;225;220;227m[48;2;246;247;250m▀[0m[38;2;216;211;218m[48;2;216;209;218m▀[0m[38;2;195;192;200m[48;2;239;238;243m▀[0m[38;2;242;242;246m[48;2;238;238;242m▀[0m[38;2;239;239;243m[48;2;238;238;242m▀[0m[38;2;238;238;242m[48;2;238;238;242m▀[0m[38;2;238;238;242m[48;2;238;238;242m▀[0m[38;2;247;247;251m[48;2;238;238;242m▀[0m[38;2;203;203;207m[48;2;245;245;249m▀[0m[38;2;55;55;55m[48;2;208;208;212m▀[0m[38;2;70;70;70m▄[0m[38;2;61;55;63m▄[0m[38;2;62;49;68m▄[0m[38;2;62;49;68m▄[0m[38;2;116;106;119m▄[0m[38;2;136;126;139m▄[0m[38;2;85;70;85m[48;2;163;156;166m▀[0m[38;2;105;95;109m[48;2;224;222;229m▀[0m[38;2;101;91;105m[48;2;220;218;225m▀[0m[38;2;100;89;104m[48;2;214;212;219m▀[0m[38;2;138;129;143m▄[0m[38;2;15;15;15m[48;2;144;136;146m▀[0m[38;2;144;137;144m[48;2;143;136;143m▀[0m[38;2;156;148;158m[48;2;23;20;25m▀[0m[38;2;110;109;142m[48;2;42;51;134m▀[0m[38;2;83;87;117m[48;2;49;57;129m▀[0m[38;2;158;161;220m[48;2;150;155;215m▀[0m[38;2;123;131;202m[48;2;170;172;231m▀[0m[38;2;78;86;168m[48;2;114;121;197m▀[0m[38;2;100;110;185m▄[0m
         [38;2;114;104;119m[48;2;117;107;122m▀[0m[38;2;238;237;242m[48;2;236;236;241m▀[0m[38;2;216;209;218m[48;2;235;234;239m▀[0m[38;2;235;234;239m[48;2;237;237;241m▀[0m[38;2;238;238;242m[48;2;238;238;242m▀[0m[38;2;238;238;242m[48;2;238;238;242m▀[0m[38;2;238;238;242m[48;2;238;238;242m▀[0m[38;2;238;238;242m[48;2;238;238;242m▀[0m[38;2;238;238;242m[48;2;238;238;242m▀[0m[38;2;238;238;242m[48;2;238;238;242m▀[0m[38;2;242;242;246m[48;2;238;238;242m▀[0m[38;2;247;247;251m[48;2;238;238;242m▀[0m[38;2;197;194;201m[48;2;242;243;246m▀[0m[38;2;172;166;177m[48;2;245;245;248m▀[0m[38;2;172;166;177m[48;2;245;245;248m▀[0m[38;2;198;194;202m[48;2;242;243;246m▀[0m[38;2;247;247;251m[48;2;238;238;242m▀[0m[38;2;243;243;247m[48;2;238;238;242m▀[0m[38;2;241;242;245m[48;2;239;239;243m▀[0m[38;2;241;242;245m[48;2;238;238;242m▀[0m[38;2;242;242;246m[48;2;238;238;242m▀[0m[38;2;248;248;252m[48;2;238;238;242m▀[0m[38;2;194;191;199m[48;2;250;250;254m▀[0m[38;2;56;50;59m[48;2;159;158;161m▀[0m[38;2;0;0;0m▄[0m [38;2;19;18;19m[48;2;22;24;45m▀[0m[38;2;154;158;213m[48;2;121;126;192m▀[0m[38;2;196;196;250m[48;2;121;128;201m▀[0m[38;2;183;185;244m[48;2;114;121;194m▀[0m[38;2;103;112;191m[48;2;64;77;159m▀[0m
        [38;2;85;85;102m▄[0m[38;2;114;104;119m[48;2;138;130;143m▀[0m[38;2;236;236;241m[48;2;237;237;242m▀[0m[38;2;240;240;244m[48;2;239;239;243m▀[0m[38;2;238;238;242m[48;2;238;238;242m▀[0m[38;2;238;238;242m[48;2;239;239;243m▀[0m[38;2;238;238;242m[48;2;237;237;241m▀[0m[38;2;238;238;242m[48;2;218;212;220m▀[0m[38;2;238;238;242m[48;2;221;217;224m▀[0m[38;2;238;238;242m[48;2;239;239;243m▀[0m[38;2;238;238;242m[48;2;238;238;242m▀[0m[38;2;238;238;242m[48;2;238;238;242m▀[0m[38;2;238;238;242m[48;2;238;238;242m▀[0m[38;2;238;238;242m[48;2;238;238;242m▀[0m[38;2;238;238;242m[48;2;238;238;242m▀[0m[38;2;238;238;242m[48;2;238;238;242m▀[0m[38;2;238;238;242m[48;2;238;238;242m▀[0m[38;2;238;238;242m[48;2;238;238;242m▀[0m[38;2;239;239;243m[48;2;238;238;242m▀[0m[38;2;226;223;229m[48;2;231;228;234m▀[0m[38;2;237;237;241m[48;2;218;211;220m▀[0m[38;2;238;238;242m[48;2;239;240;244m▀[0m[38;2;238;238;242m[48;2;238;238;242m▀[0m[38;2;243;243;247m[48;2;238;238;242m▀[0m[38;2;210;210;213m[48;2;251;251;255m▀[0m[38;2;62;62;64m[48;2;118;118;120m▀[0m[38;2;0;0;0m[48;2;24;24;24m▀[0m[38;2;9;18;106m▀[0m[38;2;0;6;72m[48;2;0;0;0m▀[0m[38;2;110;115;168m[48;2;50;50;60m▀[0m[38;2;151;158;227m[48;2;111;118;181m▀[0m[38;2;66;78;160m[48;2;79;90;172m▀[0m
       [38;2;0;0;0m▄[0m[38;2;83;74;90m[48;2;110;99;113m▀[0m[38;2;203;200;208m[48;2;203;199;207m▀[0m[38;2;244;245;248m[48;2;223;218;225m▀[0m[38;2;238;238;242m[48;2;240;241;245m▀[0m[38;2;238;238;242m[48;2;238;238;242m▀[0m[38;2;237;237;241m[48;2;237;237;241m▀[0m[38;2;220;214;221m[48;2;234;233;238m▀[0m[38;2;232;231;236m[48;2;239;239;243m▀[0m[38;2;239;239;243m[48;2;238;238;242m▀[0m[38;2;238;238;242m[48;2;238;238;242m▀[0m[38;2;238;238;242m[48;2;239;239;243m▀[0m[38;2;238;238;242m[48;2;223;218;226m▀[0m[38;2;239;239;243m[48;2;232;230;235m▀[0m[38;2;238;238;242m[48;2;238;238;242m▀[0m[38;2;238;238;242m[48;2;238;238;242m▀[0m[38;2;238;238;242m[48;2;238;238;242m▀[0m[38;2;238;238;242m[48;2;238;238;242m▀[0m[38;2;238;238;242m[48;2;238;238;242m▀[0m[38;2;238;238;242m[48;2;238;238;242m▀[0m[38;2;238;237;242m[48;2;234;233;238m▀[0m[38;2;227;224;230m[48;2;238;239;243m▀[0m[38;2;239;239;243m[48;2;238;238;242m▀[0m[38;2;238;238;242m[48;2;238;238;242m▀[0m[38;2;238;238;242m[48;2;238;238;242m▀[0m[38;2;240;240;244m[48;2;240;240;244m▀[0m[38;2;232;232;236m[48;2;228;228;232m▀[0m[38;2;32;32;32m[48;2;31;31;31m▀[0m   [38;2;35;37;66m▀[0m[38;2;94;106;195m▀[0m
       [38;2;21;21;21m[48;2;21;21;21m▀[0m[38;2;139;128;142m[48;2;142;133;146m▀[0m[38;2;233;229;236m[48;2;161;152;164m▀[0m[38;2;221;216;223m[48;2;223;220;227m▀[0m[38;2;232;230;235m[48;2;222;217;224m▀[0m[38;2;239;239;243m[48;2;239;239;243m▀[0m[38;2;238;238;242m[48;2;238;238;242m▀[0m[38;2;238;239;243m[48;2;239;239;243m▀[0m[38;2;238;238;242m[48;2;238;238;242m▀[0m[38;2;238;238;242m[48;2;238;238;242m▀[0m[38;2;238;238;242m[48;2;238;238;242m▀[0m[38;2;238;238;242m[48;2;238;238;242m▀[0m[38;2;235;234;239m[48;2;242;243;246m▀[0m[38;2;216;209;218m[48;2;193;189;197m▀[0m[38;2;240;241;245m[48;2;196;194;201m▀[0m[38;2;238;238;242m[48;2;242;243;246m▀[0m[38;2;238;238;242m[48;2;239;240;243m▀[0m[38;2;238;238;242m[48;2;240;241;244m▀[0m[38;2;239;239;243m[48;2;235;234;239m▀[0m[38;2;240;241;245m[48;2;226;221;228m▀[0m[38;2;216;209;218m[48;2;154;144;158m▀[0m[38;2;235;234;239m[48;2;229;229;233m▀[0m[38;2;238;238;242m[48;2;239;239;243m▀[0m[38;2;238;238;242m[48;2;238;238;242m▀[0m[38;2;238;238;242m[48;2;238;238;242m▀[0m[38;2;240;240;244m[48;2;242;242;246m▀[0m[38;2;232;232;236m[48;2;200;200;204m▀[0m[38;2;31;31;31m[48;2;31;31;31m▀[0m     
       [38;2;21;21;21m[48;2;19;19;19m▀[0m[38;2;142;133;146m[48;2;142;131;145m▀[0m[38;2;173;163;176m[48;2;205;195;206m▀[0m[38;2;188;185;194m[48;2;144;134;147m▀[0m[38;2;232;230;236m[48;2;206;199;208m▀[0m[38;2;237;237;242m[48;2;237;234;239m▀[0m[38;2;238;237;242m[48;2;225;222;229m▀[0m[38;2;228;224;231m[48;2;202;194;204m▀[0m[38;2;238;239;243m[48;2;240;241;245m▀[0m[38;2;238;238;242m[48;2;238;238;242m▀[0m[38;2;238;238;242m[48;2;238;238;242m▀[0m[38;2;238;238;242m[48;2;238;238;242m▀[0m[38;2;244;245;248m[48;2;240;241;244m▀[0m[38;2;190;187;195m[48;2;181;176;185m▀[0m[38;2;187;184;192m[48;2;177;168;180m▀[0m[38;2;245;246;249m[48;2;219;210;221m▀[0m[38;2;225;222;228m[48;2;209;199;210m▀[0m[38;2;224;218;227m[48;2;157;148;158m▀[0m[38;2;206;197;208m[48;2;103;99;104m▀[0m[38;2;199;189;200m[48;2;75;72;75m▀[0m[38;2;141;131;145m[48;2;115;108;118m▀[0m[38;2;230;230;234m[48;2;217;215;222m▀[0m[38;2;239;239;243m[48;2;240;240;244m▀[0m[38;2;238;238;242m[48;2;238;238;242m▀[0m[38;2;238;238;242m[48;2;238;238;242m▀[0m[38;2;248;248;253m[48;2;248;248;253m▀[0m[38;2;87;87;89m[48;2;85;85;87m▀[0m[38;2;0;0;0m[48;2;0;0;0m▀[0m     
       [38;2;0;0;0m[48;2;255;255;255m▀[0m[38;2;129;119;129m[48;2;58;60;110m▀[0m[38;2;194;184;195m[48;2;163;154;172m▀[0m[38;2;196;185;195m[48;2;182;174;194m▀[0m[38;2;142;132;144m[48;2;204;193;203m▀[0m[38;2;134;127;134m[48;2;132;126;133m▀[0m[38;2;197;186;197m[48;2;33;30;33m▀[0m[38;2;153;146;158m[48;2;153;146;158m▀[0m[38;2;243;244;247m[48;2;247;247;251m▀[0m[38;2;238;238;242m[48;2;238;238;242m▀[0m[38;2;238;238;242m[48;2;238;238;242m▀[0m[38;2;239;239;243m[48;2;245;245;249m▀[0m[38;2;230;230;234m[48;2;144;140;148m▀[0m[38;2;145;136;149m[48;2;35;33;35m▀[0m[38;2;203;193;204m[48;2;45;43;45m▀[0m[38;2;102;98;103m[48;2;0;0;0m▀[0m[38;2;98;94;99m[48;2;0;0;0m▀[0m[38;2;111;106;112m[48;2;98;93;98m▀[0m[38;2;176;168;177m[48;2;203;193;204m▀[0m[38;2;209;199;210m[48;2;204;194;205m▀[0m[38;2;195;184;195m[48;2;203;193;204m▀[0m[38;2;151;144;156m[48;2;173;163;175m▀[0m[38;2;245;246;249m[48;2;190;186;194m▀[0m[38;2;238;238;242m[48;2;244;245;248m▀[0m[38;2;238;238;242m[48;2;239;239;243m▀[0m[38;2;244;244;248m[48;2;239;239;243m▀[0m[38;2;168;168;171m[48;2;238;238;242m▀[0m[38;2;20;20;20m[48;2;64;61;64m▀[0m[38;2;0;0;0m▄[0m    
       [38;2;36;36;145m[48;2;71;81;163m▀[0m[38;2;90;98;176m[48;2;143;148;216m▀[0m[38;2;102;105;164m[48;2;185;184;236m▀[0m[38;2;97;101;165m[48;2;191;192;248m▀[0m[38;2;163;156;181m[48;2;95;100;170m▀[0m[38;2;92;87;91m[48;2;30;38;99m▀[0m[38;2;0;0;0m[48;2;0;0;0m▀[0m[38;2;136;129;139m[48;2;79;72;106m▀[0m[38;2;223;221;225m[48;2;172;171;197m▀[0m[38;2;243;244;246m[48;2;228;230;239m▀[0m[38;2;240;240;243m[48;2;235;236;245m▀[0m[38;2;248;248;253m[48;2;178;178;179m▀[0m[38;2;89;89;90m[48;2;25;25;25m▀[0m[38;2;0;0;0m[48;2;0;0;0m▀[0m   [38;2;0;0;0m▀[0m[38;2;83;80;83m[48;2;17;17;17m▀[0m[38;2;205;195;204m[48;2;165;159;181m▀[0m[38;2;202;192;204m[48;2;205;195;205m▀[0m[38;2;209;199;210m[48;2;211;200;212m▀[0m[38;2;104;97;106m[48;2;74;71;74m▀[0m[38;2;169;164;173m[48;2;64;55;70m▀[0m[38;2;235;234;239m[48;2;202;197;206m▀[0m[38;2;240;241;244m[48;2;235;234;239m▀[0m[38;2;245;244;249m[48;2;214;207;216m▀[0m[38;2;147;141;148m[48;2;202;192;203m▀[0m[38;2;0;0;0m[48;2;75;73;77m▀[0m[38;2;0;0;0m▄[0m   
       [38;2;89;99;178m[48;2;52;61;149m▀[0m[38;2;195;194;245m[48;2;143;148;200m▀[0m[38;2;217;211;222m[48;2;247;244;243m▀[0m[38;2;202;198;231m[48;2;201;196;227m▀[0m[38;2;188;190;249m[48;2;188;188;242m▀[0m[38;2;110;113;153m[48;2;39;39;48m▀[0m[38;2;0;0;0m[48;2;0;0;36m▀[0m[38;2;76;91;190m[48;2;93;103;180m▀[0m[38;2;124;132;207m[48;2;172;175;238m▀[0m[38;2;147;152;209m[48;2;190;189;239m▀[0m[38;2;159;163;217m[48;2;181;182;241m▀[0m[38;2;154;155;160m[48;2;74;80;150m▀[0m[38;2;0;0;0m[48;2;20;29;105m▀[0m     [38;2;0;0;42m[48;2;29;36;117m▀[0m[38;2;71;75;135m[48;2;87;95;167m▀[0m[38;2;211;200;208m[48;2;142;137;170m▀[0m[38;2;211;200;212m[48;2;218;206;216m▀[0m[38;2;79;76;80m[48;2;79;76;80m▀[0m[38;2;55;48;62m▀[0m[38;2;146;135;148m[48;2;101;95;126m▀[0m[38;2;202;192;204m[48;2;207;196;208m▀[0m[38;2;202;191;203m[48;2;203;193;204m▀[0m[38;2;212;201;213m[48;2;211;200;212m▀[0m[38;2;79;76;80m[48;2;79;76;80m▀[0m[38;2;0;0;0m[48;2;0;0;0m▀[0m   
       [38;2;0;0;0m▀[0m[38;2;110;118;184m[48;2;36;51;155m▀[0m[38;2;211;213;236m[48;2;185;189;222m▀[0m[38;2;201;201;252m[48;2;209;202;225m▀[0m[38;2;186;186;238m[48;2;201;201;255m▀[0m[38;2;25;25;28m[48;2;130;130;163m▀[0m[38;2;0;0;0m▄[0m[38;2;119;126;199m[48;2;83;94;189m▀[0m[38;2;211;207;240m[48;2;174;177;215m▀[0m[38;2;217;211;221m[48;2;239;239;245m▀[0m[38;2;197;195;241m[48;2;203;202;245m▀[0m[38;2;197;197;253m[48;2;198;198;253m▀[0m[38;2;121;126;191m[48;2;142;144;189m▀[0m[38;2;20;20;25m[48;2;22;22;26m▀[0m [38;2;11;23;115m▄[0m[38;2;12;18;80m▄[0m[38;2;44;52;130m▄[0m[38;2;25;33;114m[48;2;49;57;133m▀[0m[38;2;89;97;172m[48;2;146;151;214m▀[0m[38;2;132;128;165m[48;2;72;78;147m▀[0m[38;2;219;207;216m[48;2;195;186;200m▀[0m[38;2;78;74;76m[48;2;153;142;151m▀[0m[38;2;45;55;135m[48;2;52;57;111m▀[0m[38;2;126;133;208m[48;2;146;151;223m▀[0m[38;2;133;130;172m[48;2;80;82;141m▀[0m[38;2;207;197;205m[48;2;220;209;216m▀[0m[38;2;210;199;211m[48;2;148;141;148m▀[0m[38;2;79;75;80m[48;2;18;18;18m▀[0m[38;2;0;0;0m[48;2;0;0;0m▀[0m   
     [38;2;75;85;170m▄[0m[38;2;73;82;164m[48;2;143;147;216m▀[0m[38;2;64;77;164m[48;2;137;140;208m▀[0m[38;2;122;131;188m[48;2;100;106;164m▀[0m[38;2;211;208;224m[48;2;205;201;214m▀[0m[38;2;198;195;236m[48;2;170;171;219m▀[0m[38;2;185;187;244m[48;2;123;129;193m▀[0m[38;2;119;122;161m[48;2;149;155;215m▀[0m[38;2;2;2;2m[48;2;60;61;81m▀[0m[38;2;0;0;0m▄[0m[38;2;89;98;174m[48;2;63;63;159m▀[0m[38;2;220;219;238m[48;2;146;151;200m▀[0m[38;2;195;192;239m[48;2;219;212;222m▀[0m[38;2;203;203;255m[48;2;179;181;237m▀[0m[38;2;70;70;86m[48;2;87;90;121m▀[0m[38;2;18;18;23m▄[0m [38;2;2;8;99m[48;2;0;0;88m▀[0m[38;2;71;75;127m[48;2;147;147;192m▀[0m[38;2;51;55;98m[48;2;114;116;154m▀[0m[38;2;104;111;181m[48;2;84;87;121m▀[0m[38;2;160;163;220m[48;2;79;83;113m▀[0m[38;2;67;74;147m[48;2;129;134;188m▀[0m[38;2;181;172;185m[48;2;74;74;94m▀[0m[38;2;188;178;183m[48;2;64;65;86m▀[0m[38;2;44;46;75m[48;2;114;120;185m▀[0m[38;2;157;162;229m[48;2;206;206;255m▀[0m[38;2;114;117;179m[48;2;120;125;193m▀[0m[38;2;169;163;188m[48;2;138;134;171m▀[0m[38;2;146;138;143m[48;2;157;148;152m▀[0m[38;2;0;0;0m[48;2;0;0;0m▀[0m    
     [38;2;90;98;173m[48;2;96;105;177m▀[0m[38;2;207;203;243m[48;2;209;210;239m▀[0m[38;2;134;140;213m[48;2;131;137;207m▀[0m[38;2;116;120;191m[48;2;190;189;237m▀[0m[38;2;156;159;189m[48;2;85;90;157m▀[0m[38;2;167;163;188m[48;2;109;111;161m▀[0m[38;2;85;91;165m[48;2;129;131;188m▀[0m[38;2;103;110;181m[48;2;68;75;148m▀[0m[38;2;70;72;92m[48;2;114;120;177m▀[0m[38;2;18;18;18m[48;2;16;16;15m▀[0m[38;2;0;0;0m[48;2;105;110;194m▀[0m[38;2;133;140;193m[48;2;104;110;170m▀[0m[38;2;239;237;240m[48;2;189;184;200m▀[0m[38;2;118;124;187m[48;2;85;89;158m▀[0m[38;2;114;119;183m[48;2;81;86;157m▀[0m[38;2;26;26;26m[48;2;39;41;61m▀[0m[38;2;0;0;0m▄[0m[38;2;0;0;83m[48;2;0;0;72m▀[0m[38;2;162;165;199m[48;2;45;53;124m▀[0m[38;2;190;190;229m[48;2;213;215;239m▀[0m[38;2;63;64;86m[48;2;111;110;128m▀[0m[38;2;141;139;167m[48;2;225;221;224m▀[0m[38;2;81;83;112m[48;2;131;133;179m▀[0m[38;2;145;150;210m[48;2;78;85;158m▀[0m[38;2;144;150;213m[48;2;104;112;184m▀[0m[38;2;88;95;168m[48;2;112;116;185m▀[0m[38;2;163;167;224m[48;2;84;91;162m▀[0m[38;2;89;95;167m[48;2;84;88;155m▀[0m[38;2;99;100;158m[48;2;111;114;178m▀[0m[38;2;68;66;71m[48;2;103;109;172m▀[0m[38;2;2;2;0m[48;2;88;91;122m▀[0m[38;2;22;22;26m▄[0m   
     [38;2;102;111;181m[48;2;102;111;181m▀[0m[38;2;176;180;220m[48;2;176;180;220m▀[0m[38;2;159;158;202m[48;2;181;184;215m▀[0m[38;2;224;220;239m[48;2;234;230;232m▀[0m[38;2;135;139;204m[48;2;185;181;226m▀[0m[38;2;80;88;165m[48;2;92;97;168m▀[0m[38;2;215;212;236m[48;2;217;216;235m▀[0m[38;2;109;113;176m[48;2;91;96;163m▀[0m[38;2;96;101;172m[48;2;186;186;242m▀[0m[38;2;18;23;75m[48;2;33;44;129m▀[0m[38;2;109;116;197m[48;2;157;158;214m▀[0m[38;2;130;133;203m[48;2;184;185;239m▀[0m[38;2;71;77;144m[48;2;57;66;145m▀[0m[38;2;143;146;206m[48;2;196;195;233m▀[0m[38;2;87;92;167m[48;2;85;89;146m▀[0m[38;2;97;101;145m[48;2;138;144;208m▀[0m[38;2;5;5;5m[48;2;61;63;83m▀[0m[38;2;0;0;0m▄[0m[38;2;24;33;112m[48;2;28;28;85m▀[0m[38;2;225;226;235m[48;2;37;37;38m▀[0m[38;2;233;230;234m[48;2;39;39;39m▀[0m[38;2;242;242;242m[48;2;37;37;35m▀[0m[38;2;95;100;153m[48;2;30;37;93m▀[0m[38;2;160;158;204m[48;2;220;218;239m▀[0m[38;2;100;107;181m[48;2;128;133;198m▀[0m[38;2;172;170;212m[48;2;218;216;236m▀[0m[38;2;74;81;157m[48;2;112;115;179m▀[0m[38;2;154;156;200m[48;2;213;213;242m▀[0m[38;2;198;196;233m[48;2;215;212;222m▀[0m[38;2;61;68;146m[48;2;89;95;168m▀[0m[38;2;153;158;214m[48;2;51;53;77m▀[0m[38;2;24;24;29m[48;2;15;15;0m▀[0m   
     [38;2;103;112;182m[48;2;99;107;176m▀[0m[38;2;183;187;229m[48;2;123;126;154m▀[0m[38;2;182;186;219m[48;2;183;185;209m▀[0m[38;2;242;241;240m[48;2;255;255;255m▀[0m[38;2;194;194;236m[48;2;206;208;251m▀[0m[38;2;128;130;187m[48;2;143;149;207m▀[0m[38;2;212;208;217m[48;2;245;245;248m▀[0m[38;2;81;87;158m[48;2;113;117;175m▀[0m[38;2;194;194;250m[48;2;165;167;228m▀[0m[38;2;94;100;166m[48;2;144;150;202m▀[0m[38;2;208;204;219m[48;2;246;245;242m▀[0m[38;2;202;202;250m[48;2;192;187;216m▀[0m[38;2;68;75;151m[48;2;100;105;178m▀[0m[38;2;202;203;240m[48;2;204;202;232m▀[0m[38;2;98;104;156m[48;2;208;205;220m▀[0m[38;2;135;141;207m[48;2;27;32;84m▀[0m[38;2;62;64;83m[48;2;14;11;2m▀[0m[38;2;0;0;0m▀[0m    [38;2;26;35;114m[48;2;28;28;70m▀[0m[38;2;220;220;229m[48;2;34;36;36m▀[0m[38;2;181;178;201m[48;2;47;46;45m▀[0m[38;2;237;236;241m[48;2;165;165;167m▀[0m[38;2;222;220;253m[48;2;170;171;175m▀[0m[38;2;245;245;253m[48;2;170;170;173m▀[0m[38;2;255;255;255m[48;2;176;176;177m▀[0m[38;2;146;144;192m[48;2;117;119;141m▀[0m[38;2;53;58;112m[48;2;17;20;51m▀[0m[38;2;32;32;32m[48;2;18;18;14m▀[0m   
      [38;2;0;0;0m▀[0m[38;2;83;83;83m[48;2;0;0;0m▀[0m[38;2;100;100;102m[48;2;0;0;0m▀[0m[38;2;81;81;96m[48;2;0;0;0m▀[0m[38;2;59;61;82m[48;2;0;0;0m▀[0m[38;2;103;102;98m[48;2;0;0;0m▀[0m[38;2;61;64;94m[48;2;0;0;50m▀[0m[38;2;120;124;200m[48;2;91;93;147m▀[0m[38;2;149;155;210m[48;2;131;135;171m▀[0m[38;2;250;249;247m[48;2;255;255;255m▀[0m[38;2;171;174;206m[48;2;189;190;221m▀[0m[38;2;152;155;219m[48;2;167;170;233m▀[0m[38;2;222;215;222m[48;2;249;248;254m▀[0m[38;2;227;228;237m[48;2;232;233;239m▀[0m[38;2;57;65;134m[48;2;61;67;117m▀[0m[38;2;59;60;76m[48;2;59;60;78m▀[0m[38;2;0;0;0m[48;2;0;0;0m▀[0m       [38;2;0;0;0m▀[0m[38;2;0;0;0m▀[0m[38;2;0;0;0m▀[0m[38;2;0;0;0m▀[0m[38;2;0;0;0m▀[0m[38;2;12;12;0m▀[0m    
             [38;2;0;0;0m▀[0m[38;2;56;56;53m▀[0m[38;2;98;98;98m▀[0m[38;2;75;73;82m▀[0m[38;2;74;75;94m▀[0m[38;2;94;94;96m▀[0m[38;2;92;92;92m▀[0m[38;2;21;18;10m▀[0m[38;2;0;0;0m▀[0m                  
[0m