                  [38;2;15;15;15m▄[0m[38;2;93;93;93m▄[0m[38;2;30;30;30m[48;2;80;80;80m▀[0m[38;2;59;59;59m[48;2;60;60;60m▀[0m[38;2;59;59;59m[48;2;60;60;60m▀[0m[38;2;80;80;80m▄[0m[38;2;34;34;34m▄[0m                     
                [38;2;36;36;36m▄[0m[38;2;50;50;50m[48;2;91;91;91m▀[0m[38;2;93;93;93m[48;2;6;0;6m▀[0m[38;2;51;51;51m[48;2;48;23;48m▀[0m[38;2;22;22;22m[48;2;39;39;39m▀[0m[38;2;42;42;42m[48;2;39;39;39m▀[0m[38;2;22;22;22m[48;2;51;51;51m▀[0m[38;2;22;22;22m[48;2;29;29;29m▀[0m[38;2;76;76;76m[48;2;38;38;38m▀[0m[38;2;34;34;34m[48;2;38;38;38m▀[0m                    
               [38;2;24;24;24m[48;2;55;55;55m▀[0m[38;2;91;91;91m[48;2;62;62;62m▀[0m[38;2;36;36;36m[48;2;7;7;7m▀[0m[38;2;6;0;6m[48;2;48;23;48m▀[0m[38;2;48;23;48m[48;2;84;59;84m▀[0m[38;2;51;51;51m[48;2;127;93;127m▀[0m[38;2;39;39;39m[48;2;98;64;98m▀[0m[38;2;29;29;29m[48;2;43;9;43m▀[0m[38;2;39;39;39m[48;2;43;9;43m▀[0m[38;2;50;50;50m[48;2;38;38;38m▀[0m[38;2;38;38;38m[48;2;38;38;38m▀[0m                    
               [38;2;55;55;55m[48;2;76;76;76m▀[0m[38;2;62;62;62m[48;2;43;43;43m▀[0m[38;2;7;7;7m[48;2;25;25;25m▀[0m[38;2;84;59;84m[48;2;123;72;140m▀[0m[38;2;126;101;126m[48;2;123;72;140m▀[0m[38;2;127;93;127m[48;2;110;59;110m▀[0m[38;2;127;93;127m[48;2;110;59;110m▀[0m[38;2;98;64;98m[48;2;76;76;76m▀[0m[38;2;72;38;72m[48;2;47;47;47m▀[0m[38;2;50;50;50m[48;2;42;42;42m▀[0m[38;2;28;28;28m▀[0m                    
               [38;2;76;76;76m[48;2;50;50;50m▀[0m[38;2;43;43;43m[48;2;63;63;63m▀[0m[38;2;25;25;25m[48;2;25;25;25m▀[0m[38;2;123;72;140m[48;2;123;72;140m▀[0m[38;2;123;72;140m[48;2;149;98;166m▀[0m[38;2;110;59;110m[48;2;128;77;128m▀[0m[38;2;90;39;90m[48;2;110;59;110m▀[0m[38;2;76;76;76m[48;2;76;76;76m▀[0m                       
               [38;2;21;21;21m▀[0m[38;2;63;63;63m[48;2;59;59;59m▀[0m[38;2;25;25;25m[48;2;59;59;59m▀[0m[38;2;123;72;140m[48;2;50;33;50m▀[0m[38;2;178;127;195m[48;2;128;111;128m▀[0m[38;2;148;97;148m[48;2;178;127;178m▀[0m[38;2;128;77;128m[48;2;123;72;123m▀[0m[38;2;76;76;76m[48;2;103;69;103m▀[0m                       
                 [38;2;59;59;59m▀[0m[38;2;50;33;50m[48;2;50;33;50m▀[0m[38;2;50;33;50m[48;2;86;69;86m▀[0m[38;2;178;127;178m[48;2;94;43;94m▀[0m[38;2;149;98;149m[48;2;149;98;149m▀[0m[38;2;103;69;103m[48;2;103;69;103m▀[0m[38;2;25;0;25m[48;2;103;69;103m▀[0m[38;2;117;101;117m▄[0m[38;2;75;59;75m▄[0m[38;2;42;42;42m▄[0m                   
                  [38;2;60;26;60m▄[0m[38;2;86;69;86m[48;2;115;81;115m▀[0m[38;2;94;43;94m[48;2;148;90;156m▀[0m[38;2;123;72;123m[48;2;170;112;178m▀[0m[38;2;145;111;145m[48;2;181;123;189m▀[0m[38;2;145;111;145m[48;2;181;123;189m▀[0m[38;2;117;101;117m[48;2;174;116;190m▀[0m[38;2;117;101;117m[48;2;174;116;190m▀[0m[38;2;84;84;84m[48;2;147;89;155m▀[0m[38;2;84;84;84m[48;2;105;47;113m▀[0m[38;2;67;50;67m▄[0m                 
                 [38;2;35;35;35m[48;2;77;77;77m▀[0m[38;2;115;81;115m[48;2;89;55;89m▀[0m[38;2;89;55;89m[48;2;115;81;115m▀[0m[38;2;148;90;156m[48;2;170;112;178m▀[0m[38;2;182;124;190m[48;2;170;112;178m▀[0m[38;2;171;113;179m[48;2;165;107;173m▀[0m[38;2;171;113;179m[48;2;165;107;173m▀[0m[38;2;174;116;190m[48;2;174;116;190m▀[0m[38;2;174;116;190m[48;2;174;116;190m▀[0m[38;2;183;125;191m[48;2;183;125;191m▀[0m[38;2;147;89;155m[48;2;183;125;191m▀[0m[38;2;103;86;103m[48;2;103;86;103m▀[0m[38;2;67;50;67m[48;2;103;86;103m▀[0m                
                [38;2;35;35;35m[48;2;73;39;73m▀[0m[38;2;77;77;77m[48;2;111;77;111m▀[0m[38;2;89;55;89m[48;2;141;73;141m▀[0m[38;2;144;110;144m[48;2;179;111;179m▀[0m[38;2;170;112;178m[48;2;153;102;170m▀[0m[38;2;160;102;168m[48;2;153;102;170m▀[0m[38;2;165;107;173m[48;2;166;115;149m▀[0m[38;2;171;113;179m[48;2;140;89;123m▀[0m[38;2;156;98;172m[48;2;118;101;50m▀[0m[38;2;136;78;152m[48;2;118;101;50m▀[0m[38;2;147;89;155m[48;2;136;85;153m▀[0m[38;2;183;125;191m[48;2;170;119;187m▀[0m[38;2;103;86;103m[48;2;145;94;145m▀[0m[38;2;103;86;103m[48;2;127;76;127m▀[0m[38;2;29;29;29m[48;2;47;47;47m▀[0m               
               [38;2;34;34;34m▄[0m[38;2;93;59;93m[48;2;111;77;111m▀[0m[38;2;111;77;111m[48;2;111;77;111m▀[0m[38;2;161;93;161m[48;2;179;111;179m▀[0m[38;2;179;111;179m[48;2;179;111;179m▀[0m[38;2;153;102;170m[48;2;153;102;170m▀[0m[38;2;153;102;170m[48;2;131;80;148m▀[0m[38;2;140;89;123m[48;2;111;60;94m▀[0m[38;2;111;60;94m[48;2;140;89;123m▀[0m[38;2;118;101;50m[48;2;196;179;128m▀[0m[38;2;154;137;86m[48;2;154;137;86m▀[0m[38;2;158;107;175m[48;2;148;97;165m▀[0m[38;2;170;119;187m[48;2;170;119;187m▀[0m[38;2;145;94;145m[48;2;145;94;145m▀[0m[38;2;127;76;127m[48;2;127;76;127m▀[0m[38;2;21;21;21m[48;2;47;47;47m▀[0m               
              [38;2;60;26;60m▄[0m[38;2;76;76;76m[48;2;115;81;115m▀[0m[38;2;111;77;111m[48;2;103;53;111m▀[0m[38;2;131;97;131m[48;2;161;111;169m▀[0m[38;2;179;111;179m[48;2;161;111;177m▀[0m[38;2;161;93;161m[48;2;141;91;157m▀[0m[38;2;131;80;148m[48;2;129;96;63m▀[0m[38;2;119;68;136m[48;2;171;138;105m▀[0m[38;2;166;115;149m[48;2;249;216;183m▀[0m[38;2;195;144;178m[48;2;207;174;141m▀[0m[38;2;196;179;128m[48;2;169;135;67m▀[0m[38;2;118;101;50m[48;2;127;93;25m▀[0m[38;2;136;85;153m[48;2;145;94;162m▀[0m[38;2;170;119;187m[48;2;165;114;182m▀[0m[38;2;165;114;165m[48;2;183;115;183m▀[0m[38;2;127;76;127m[48;2;128;60;128m▀[0m[38;2;76;76;76m[48;2;73;56;73m▀[0m[38;2;51;34;51m▄[0m              
             [38;2;24;24;24m▄[0m[38;2;115;81;115m[48;2;115;81;115m▀[0m[38;2;115;81;115m[48;2;115;81;115m▀[0m[38;2;123;73;131m[48;2;141;91;149m▀[0m[38;2;161;111;169m[48;2;161;111;169m▀[0m[38;2;161;111;177m[48;2;141;91;157m▀[0m[38;2;123;73;139m[48;2;103;53;119m▀[0m[38;2;129;96;63m[48;2;177;136;94m▀[0m[38;2;249;216;183m[48;2;235;194;152m▀[0m[38;2;249;216;183m[48;2;197;156;114m▀[0m[38;2;207;174;141m[48;2;235;194;152m▀[0m[38;2;169;135;67m[48;2;205;171;103m▀[0m[38;2;169;135;67m[48;2;169;135;67m▀[0m[38;2;145;94;162m[48;2;127;76;144m▀[0m[38;2;165;114;182m[48;2;165;114;182m▀[0m[38;2;183;115;183m[48;2;183;115;183m▀[0m[38;2;128;60;128m[48;2;183;115;183m▀[0m[38;2;63;46;63m[48;2;73;56;73m▀[0m[38;2;73;56;73m[48;2;85;68;85m▀[0m              
            [38;2;111;61;119m▄[0m[38;2;80;80;80m[48;2;131;81;139m▀[0m[38;2;144;110;144m[48;2;156;90;164m▀[0m[38;2;144;110;144m[48;2;174;108;182m▀[0m[38;2;103;53;111m[48;2;128;77;128m▀[0m[38;2;141;91;149m[48;2;110;59;110m▀[0m[38;2;161;111;177m[48;2;148;97;148m▀[0m[38;2;123;73;139m[48;2;148;97;148m▀[0m[38;2;177;136;94m[48;2;129;95;95m▀[0m[38;2;215;174;132m[48;2;177;143;143m▀[0m[38;2;177;136;94m[48;2;238;204;153m▀[0m[38;2;235;194;152m[48;2;238;204;153m▀[0m[38;2;247;213;145m[48;2;240;206;155m▀[0m[38;2;205;171;103m[48;2;230;196;145m▀[0m[38;2;127;76;144m[48;2;152;118;101m▀[0m[38;2;165;114;182m[48;2;152;118;101m▀[0m[38;2;183;115;183m[48;2;165;108;174m▀[0m[38;2;183;115;183m[48;2;165;108;174m▀[0m[38;2;85;68;85m[48;2;178;112;186m▀[0m[38;2;85;68;85m[48;2;123;57;131m▀[0m[38;2;47;47;47m[48;2;76;76;76m▀[0m             
           [38;2;42;42;42m[48;2;94;94;94m▀[0m[38;2;131;81;139m[48;2;131;81;139m▀[0m[38;2;149;99;157m[48;2;169;119;177m▀[0m[38;2;174;108;182m[48;2;174;108;182m▀[0m[38;2;194;128;202m[48;2;156;90;164m▀[0m[38;2;148;97;148m[48;2;120;103;103m▀[0m[38;2;90;39;90m[48;2;84;67;67m▀[0m[38;2;110;59;110m[48;2;84;67;67m▀[0m[38;2;128;77;128m[48;2;120;103;103m▀[0m[38;2;73;39;39m[48;2;129;95;95m▀[0m[38;2;73;39;39m[48;2;177;143;143m▀[0m[38;2;204;170;119m[48;2;216;182;131m▀[0m[38;2;238;204;153m[48;2;238;204;153m▀[0m[38;2;240;206;155m[48;2;236;202;151m▀[0m[38;2;246;212;161m[48;2;240;206;155m▀[0m[38;2;152;118;101m[48;2;230;196;179m▀[0m[38;2;110;76;59m[48;2;110;76;59m▀[0m[38;2;147;90;156m[48;2;127;70;136m▀[0m[38;2;165;108;174m[48;2;165;108;174m▀[0m[38;2;178;112;186m[48;2;178;112;186m▀[0m[38;2;152;86;160m[48;2;178;112;186m▀[0m[38;2;76;76;76m[48;2;109;75;109m▀[0m[38;2;76;76;76m[48;2;109;75;109m▀[0m[38;2;109;75;109m▄[0m           
         [38;2;26;9;26m▄[0m[38;2;94;94;94m[48;2;153;85;153m▀[0m[38;2;94;94;94m[48;2;165;97;165m▀[0m[38;2;149;99;157m[48;2;166;115;183m▀[0m[38;2;169;119;177m[48;2;166;115;183m▀[0m[38;2;174;108;182m[48;2;145;111;145m▀[0m[38;2;136;70;144m[48;2;103;69;103m▀[0m[38;2;84;67;67m[48;2;59;59;59m▀[0m[38;2;42;25;25m[48;2;30;30;30m▀[0m[38;2;120;103;103m[48;2;141;107;90m▀[0m[38;2;162;145;145m[48;2;199;165;148m▀[0m[38;2;233;199;199m[48;2;247;206;156m▀[0m[38;2;233;199;199m[48;2;247;206;156m▀[0m[38;2;238;204;153m[48;2;237;196;146m▀[0m[38;2;226;192;141m[48;2;237;196;146m▀[0m[38;2;230;196;145m[48;2;237;196;146m▀[0m[38;2;230;196;145m[48;2;231;190;140m▀[0m[38;2;230;196;179m[48;2;236;203;145m▀[0m[38;2;188;154;137m[48;2;236;203;145m▀[0m[38;2;127;70;136m[48;2;110;77;102m▀[0m[38;2;147;90;156m[48;2;110;77;102m▀[0m[38;2;178;112;186m[48;2;161;111;169m▀[0m[38;2;178;112;186m[48;2;161;111;169m▀[0m[38;2;165;131;165m[48;2;169;119;177m▀[0m[38;2;109;75;109m[48;2;149;99;157m▀[0m[38;2;109;75;109m[48;2;111;61;119m▀[0m[38;2;61;27;61m[48;2;111;61;119m▀[0m          
        [38;2;81;64;81m▄[0m[38;2;110;93;110m[48;2;110;93;110m▀[0m[38;2;153;85;153m[48;2;175;107;175m▀[0m[38;2;175;107;175m[48;2;175;107;175m▀[0m[38;2;166;115;183m[48;2;166;115;183m▀[0m[38;2;166;115;183m[48;2;140;89;157m▀[0m[38;2;103;69;103m[48;2;103;69;103m▀[0m[38;2;103;69;103m[48;2;67;33;67m▀[0m [38;2;30;30;30m[48;2;30;30;30m▀[0m[38;2;141;107;90m[48;2;141;107;90m▀[0m[38;2;199;165;148m[48;2;199;165;148m▀[0m[38;2;237;196;146m[48;2;237;196;146m▀[0m[38;2;237;196;146m[48;2;237;196;146m▀[0m[38;2;237;196;146m[48;2;237;196;146m▀[0m[38;2;237;196;146m[48;2;237;196;146m▀[0m[38;2;237;196;146m[48;2;237;196;146m▀[0m[38;2;237;196;146m[48;2;237;196;146m▀[0m[38;2;236;203;145m[48;2;236;203;145m▀[0m[38;2;226;193;135m[48;2;214;181;123m▀[0m[38;2;136;103;128m[48;2;165;132;157m▀[0m[38;2;81;48;73m[48;2;110;77;102m▀[0m[38;2;123;73;131m[48;2;103;53;111m▀[0m[38;2;161;111;169m[48;2;141;91;149m▀[0m[38;2;169;119;177m[48;2;178;112;186m▀[0m[38;2;169;119;177m[48;2;178;112;186m▀[0m[38;2;131;81;139m[48;2;178;112;186m▀[0m[38;2;111;61;119m[48;2;123;57;131m▀[0m[38;2;47;47;47m[48;2;84;84;84m▀[0m         
       [38;2;34;34;34m▄[0m[38;2;110;93;110m[48;2;151;94;168m▀[0m[38;2;110;93;110m[48;2;161;104;178m▀[0m[38;2;175;107;175m[48;2;177;119;185m▀[0m[38;2;187;119;187m[48;2;157;99;165m▀[0m[38;2;140;89;157m[48;2;93;76;93m▀[0m[38;2;111;60;128m[48;2;93;76;93m▀[0m[38;2;67;33;67m▀[0m  [38;2;30;30;30m[48;2;69;69;69m▀[0m[38;2;141;107;90m[48;2;175;141;107m▀[0m[38;2;199;165;148m[48;2;213;179;145m▀[0m[38;2;241;200;150m[48;2;237;196;146m▀[0m[38;2;237;196;146m[48;2;237;196;146m▀[0m[38;2;237;196;146m[48;2;237;196;146m▀[0m[38;2;237;196;146m[48;2;237;196;146m▀[0m[38;2;237;196;146m[48;2;237;196;146m▀[0m[38;2;237;196;146m[48;2;237;196;146m▀[0m[38;2;236;203;145m[48;2;237;196;146m▀[0m[38;2;214;181;123m[48;2;237;196;146m▀[0m[38;2;136;103;128m[48;2;171;137;137m▀[0m[38;2;136;103;128m[48;2;135;101;101m▀[0m[38;2;103;53;111m[48;2;124;73;141m▀[0m[38;2;103;53;111m[48;2;102;51;119m▀[0m[38;2;178;112;186m[48;2;139;90;147m▀[0m[38;2;178;112;186m[48;2;177;128;185m▀[0m[38;2;178;112;186m[48;2;181;115;189m▀[0m[38;2;152;86;160m[48;2;165;99;173m▀[0m[38;2;84;84;84m[48;2;102;68;102m▀[0m[38;2;42;42;42m[48;2;102;68;102m▀[0m        
      [38;2;17;9;17m▄[0m[38;2;76;76;76m[48;2;121;113;121m▀[0m[38;2;139;82;156m[48;2;139;82;156m▀[0m[38;2;161;104;178m[48;2;173;116;190m▀[0m[38;2;177;119;185m[48;2;177;119;185m▀[0m[38;2;139;81;147m[48;2;119;61;127m▀[0m[38;2;93;76;93m[48;2;64;47;64m▀[0m[38;2;38;21;38m▀[0m   [38;2;69;69;69m[48;2;69;69;69m▀[0m[38;2;195;161;127m[48;2;195;161;127m▀[0m[38;2;233;199;165m[48;2;233;199;165m▀[0m[38;2;237;196;146m[48;2;237;196;146m▀[0m[38;2;237;196;146m[48;2;237;196;146m▀[0m[38;2;237;196;146m[48;2;237;196;146m▀[0m[38;2;237;196;146m[48;2;237;196;146m▀[0m[38;2;237;196;146m[48;2;237;196;146m▀[0m[38;2;237;196;146m[48;2;237;196;146m▀[0m[38;2;237;196;146m[48;2;237;196;146m▀[0m[38;2;247;206;156m[48;2;247;206;156m▀[0m[38;2;171;137;137m[48;2;171;137;137m▀[0m[38;2;135;101;101m[48;2;135;101;101m▀[0m[38;2;124;73;141m[48;2;136;85;153m▀[0m[38;2;114;63;131m[48;2;124;73;141m▀[0m[38;2;119;70;127m[48;2;119;70;127m▀[0m[38;2;157;108;165m[48;2;157;108;165m▀[0m[38;2;181;115;189m[48;2;181;115;189m▀[0m[38;2;171;105;179m[48;2;175;109;183m▀[0m[38;2;124;90;124m[48;2;136;102;136m▀[0m[38;2;114;80;114m[48;2;114;80;114m▀[0m[38;2;13;13;13m▄[0m       
      [38;2;65;57;65m[48;2;114;80;131m▀[0m[38;2;121;113;121m[48;2;114;80;131m▀[0m[38;2;161;104;178m[48;2;172;104;189m▀[0m[38;2;173;116;190m[48;2;178;110;195m▀[0m[38;2;139;81;147m[48;2;111;77;111m▀[0m[38;2;119;61;127m[48;2;93;59;93m▀[0m[38;2;38;21;38m[48;2;17;17;17m▀[0m   [38;2;33;33;33m[48;2;39;22;5m▀[0m[38;2;111;111;111m[48;2;143;126;109m▀[0m[38;2;195;161;127m[48;2;209;175;124m▀[0m[38;2;233;199;165m[48;2;229;195;144m▀[0m[38;2;237;196;146m[48;2;237;196;146m▀[0m[38;2;237;196;146m[48;2;237;196;146m▀[0m[38;2;237;196;146m[48;2;237;196;146m▀[0m[38;2;237;196;146m[48;2;237;196;146m▀[0m[38;2;237;196;146m[48;2;233;199;148m▀[0m[38;2;237;196;146m[48;2;233;199;148m▀[0m[38;2;237;196;146m[48;2;237;203;169m▀[0m[38;2;241;200;150m[48;2;237;203;169m▀[0m[38;2;213;179;179m[48;2;225;191;191m▀[0m[38;2;135;101;101m[48;2;152;118;118m▀[0m[38;2;136;85;153m[48;2;86;52;52m▀[0m[38;2;114;63;131m[48;2;86;52;52m▀[0m[38;2;119;70;127m[48;2;148;90;164m▀[0m[38;2;157;108;165m[48;2;182;124;198m▀[0m[38;2;181;115;189m[48;2;167;109;175m▀[0m[38;2;171;105;179m[48;2;167;109;175m▀[0m[38;2;136;102;136m[48;2;145;94;145m▀[0m[38;2;114;80;114m[48;2;127;76;127m▀[0m        
     [38;2;30;30;30m[48;2;30;30;30m▀[0m[38;2;124;90;141m[48;2;136;102;153m▀[0m[38;2;124;90;141m[48;2;136;102;153m▀[0m[38;2;172;104;189m[48;2;172;104;189m▀[0m[38;2;178;110;195m[48;2;172;104;189m▀[0m[38;2;131;97;131m[48;2;131;97;131m▀[0m[38;2;93;59;93m[48;2;73;39;73m▀[0m   [38;2;58;66;66m▄[0m[38;2;95;78;61m[48;2;95;78;61m▀[0m[38;2;143;126;109m[48;2;143;126;109m▀[0m[38;2;229;195;144m[48;2;247;213;162m▀[0m[38;2;229;195;144m[48;2;229;195;144m▀[0m[38;2;237;196;146m[48;2;237;196;146m▀[0m[38;2;237;196;146m[48;2;237;196;146m▀[0m[38;2;237;196;146m[48;2;237;196;146m▀[0m[38;2;237;196;146m[48;2;237;196;146m▀[0m[38;2;233;199;148m[48;2;233;199;148m▀[0m[38;2;233;199;148m[48;2;255;221;170m▀[0m[38;2;237;203;169m[48;2;237;203;169m▀[0m[38;2;237;203;169m[48;2;171;137;103m▀[0m[38;2;152;118;118m[48;2;25;25;25m▀[0m[38;2;86;52;52m[48;2;25;25;25m▀[0m[38;2;13;0;0m[48;2;25;25;25m▀[0m[38;2;86;52;52m[48;2;63;63;63m▀[0m[38;2;160;102;176m[48;2;160;102;176m▀[0m[38;2;182;124;198m[48;2;182;124;198m▀[0m[38;2;167;109;175m[48;2;167;109;175m▀[0m[38;2;167;109;175m[48;2;167;109;175m▀[0m[38;2;145;94;145m[48;2;145;94;145m▀[0m[38;2;127;76;127m[48;2;127;76;127m▀[0m        
    [38;2;60;43;60m▄[0m[38;2;59;59;59m[48;2;115;98;115m▀[0m[38;2;124;90;141m[48;2;153;85;153m▀[0m[38;2;136;102;153m[48;2;175;107;175m▀[0m[38;2;178;110;195m[48;2;178;110;178m▀[0m[38;2;172;104;189m[48;2;172;104;172m▀[0m[38;2;131;97;131m[48;2;114;97;114m▀[0m[38;2;73;39;73m[48;2;56;39;56m▀[0m [38;2;20;20;20m▄[0m[38;2;29;37;37m[48;2;75;75;75m▀[0m[38;2;58;66;66m[48;2;0;0;0m▀[0m[38;2;95;78;61m[48;2;78;61;44m▀[0m[38;2;199;182;165m[48;2;182;165;148m▀[0m[38;2;247;213;162m[48;2;243;209;158m▀[0m[38;2;229;195;144m[48;2;233;199;148m▀[0m[38;2;237;196;146m[48;2;233;199;148m▀[0m[38;2;237;196;146m[48;2;233;199;148m▀[0m[38;2;237;196;146m[48;2;233;199;148m▀[0m[38;2;241;200;150m[48;2;255;221;170m▀[0m[38;2;255;221;170m[48;2;180;172;163m▀[0m[38;2;243;209;158m[48;2;107;99;90m▀[0m[38;2;171;137;103m[48;2;32;32;32m▀[0m[38;2;98;64;30m[48;2;44;44;44m▀[0m[38;2;5;5;5m[48;2;51;51;51m▀[0m[38;2;43;43;43m[48;2;39;39;39m▀[0m[38;2;43;43;43m[48;2;43;26;43m▀[0m[38;2;63;63;63m[48;2;98;81;98m▀[0m[38;2;170;112;186m[48;2;179;113;187m▀[0m[38;2;182;124;198m[48;2;183;117;191m▀[0m[38;2;167;109;175m[48;2;167;109;175m▀[0m[38;2;167;109;175m[48;2;167;109;175m▀[0m[38;2;145;94;145m[48;2;136;102;153m▀[0m[38;2;127;76;127m[48;2;114;80;131m▀[0m        
    [38;2;60;43;60m[48;2;89;72;89m▀[0m[38;2;115;98;115m[48;2;115;98;115m▀[0m[38;2;165;97;165m[48;2;165;97;165m▀[0m[38;2;175;107;175m[48;2;175;107;175m▀[0m[38;2;178;110;178m[48;2;178;110;178m▀[0m[38;2;172;104;172m[48;2;172;104;172m▀[0m[38;2;114;97;114m[48;2;114;97;114m▀[0m[38;2;56;39;56m[48;2;56;39;56m▀[0m[38;2;58;58;66m▄[0m[38;2;75;75;75m[48;2;58;58;66m▀[0m[38;2;46;46;46m[48;2;24;24;32m▀[0m[38;2;0;0;0m[48;2;36;36;44m▀[0m[38;2;78;61;44m[48;2;22;5;0m▀[0m[38;2;182;165;148m[48;2;126;109;92m▀[0m[38;2;255;221;170m[48;2;243;209;158m▀[0m[38;2;233;199;148m[48;2;233;199;148m▀[0m[38;2;233;199;148m[48;2;251;217;166m▀[0m[38;2;233;199;148m[48;2;251;217;166m▀[0m[38;2;243;209;158m[48;2;251;217;166m▀[0m[38;2;233;199;148m[48;2;157;123;72m▀[0m[38;2;107;99;90m[48;2;0;0;0m▀[0m[38;2;0;0;0m[48;2;41;33;24m▀[0m[38;2;32;32;32m[48;2;54;54;54m▀[0m[38;2;54;54;54m[48;2;54;54;54m▀[0m[38;2;51;51;51m[48;2;51;51;51m▀[0m[38;2;29;29;29m[48;2;29;29;29m▀[0m[38;2;43;26;43m[48;2;43;26;43m▀[0m[38;2;98;81;98m[48;2;127;110;127m▀[0m[38;2;183;117;191m[48;2;189;123;197m▀[0m[38;2;179;113;187m[48;2;173;107;181m▀[0m[38;2;167;109;175m[48;2;167;109;175m▀[0m[38;2;167;109;175m[48;2;167;109;175m▀[0m[38;2;136;102;153m[48;2;136;102;153m▀[0m[38;2;114;80;131m[48;2;114;80;131m▀[0m        
   [38;2;24;24;24m[48;2;64;64;64m▀[0m[38;2;115;98;115m[48;2;143;85;151m▀[0m[38;2;115;98;115m[48;2;153;95;161m▀[0m[38;2;175;107;175m[48;2;163;105;171m▀[0m[38;2;175;107;175m[48;2;167;109;175m▀[0m[38;2;172;104;172m[48;2;175;107;175m▀[0m[38;2;172;104;172m[48;2;175;107;175m▀[0m[38;2;114;97;114m[48;2;110;93;110m▀[0m[38;2;94;77;94m[48;2;81;64;81m▀[0m[38;2;58;58;66m[48;2;40;40;24m▀[0m[38;2;24;24;32m[48;2;40;40;24m▀[0m[38;2;46;46;54m[48;2;57;57;57m▀[0m[38;2;58;58;66m[48;2;51;51;51m▀[0m[38;2;22;5;0m[48;2;25;25;25m▀[0m[38;2;126;109;92m[48;2;63;63;63m▀[0m[38;2;233;199;148m[48;2;205;188;137m▀[0m[38;2;243;209;158m[48;2;247;230;179m▀[0m[38;2;251;217;166m[48;2;225;208;191m▀[0m[38;2;251;217;166m[48;2;152;135;118m▀[0m[38;2;157;123;72m[48;2;39;39;39m▀[0m[38;2;21;0;0m[48;2;29;29;29m▀[0m[38;2;41;33;24m[48;2;54;54;54m▀[0m[38;2;41;33;24m[48;2;54;54;54m▀[0m[38;2;54;54;54m[48;2;54;54;54m▀[0m[38;2;54;54;54m[48;2;54;54;54m▀[0m[38;2;51;51;51m[48;2;51;51;51m▀[0m[38;2;39;39;39m[48;2;39;39;39m▀[0m[38;2;43;26;43m[48;2;89;55;106m▀[0m[38;2;127;110;127m[48;2;144;110;161m▀[0m[38;2;189;123;197m[48;2;175;117;183m▀[0m[38;2;173;107;181m[48;2;165;107;173m▀[0m[38;2;163;105;171m[48;2;167;109;175m▀[0m[38;2;167;109;175m[48;2;167;109;175m▀[0m[38;2;136;102;153m[48;2;162;111;179m▀[0m[38;2;102;68;119m[48;2;124;73;141m▀[0m[38;2;42;42;42m[48;2;106;55;106m▀[0m[38;2;77;26;77m▄[0m      
  [38;2;38;38;38m▄[0m[38;2;93;93;93m[48;2;93;93;93m▀[0m[38;2;131;73;139m[48;2;143;85;151m▀[0m[38;2;165;107;173m[48;2;165;107;173m▀[0m[38;2;167;109;175m[48;2;163;105;171m▀[0m[38;2;167;109;175m[48;2;167;109;175m▀[0m[38;2;175;107;175m[48;2;175;107;175m▀[0m[38;2;175;107;175m[48;2;165;97;165m▀[0m[38;2;81;64;81m[48;2;81;64;81m▀[0m[38;2;26;9;26m[48;2;55;38;55m▀[0m[38;2;40;40;24m[48;2;20;20;4m▀[0m[38;2;58;58;42m[48;2;40;40;24m▀[0m[38;2;51;51;51m[48;2;51;51;51m▀[0m[38;2;57;57;57m[48;2;57;57;57m▀[0m[38;2;25;25;25m[48;2;25;25;25m▀[0m[38;2;43;43;43m[48;2;25;25;25m▀[0m[38;2;169;152;101m[48;2;169;152;101m▀[0m[38;2;247;230;179m[48;2;247;230;179m▀[0m[38;2;225;208;191m[48;2;152;135;118m▀[0m[38;2;86;69;52m[48;2;13;0;0m▀[0m[38;2;17;17;17m[48;2;51;51;51m▀[0m[38;2;51;51;51m[48;2;51;51;51m▀[0m[38;2;54;54;54m[48;2;58;58;42m▀[0m[38;2;54;54;54m[48;2;40;40;24m▀[0m[38;2;54;54;54m[48;2;40;40;24m▀[0m[38;2;54;54;54m[48;2;40;40;24m▀[0m[38;2;51;51;51m[48;2;51;51;51m▀[0m[38;2;39;39;39m[48;2;39;39;39m▀[0m[38;2;89;55;106m[48;2;89;55;106m▀[0m[38;2;144;110;161m[48;2;144;110;161m▀[0m[38;2;171;113;179m[48;2;175;117;183m▀[0m[38;2;165;107;173m[48;2;165;107;173m▀[0m[38;2;167;109;175m[48;2;167;109;175m▀[0m[38;2;163;105;171m[48;2;163;105;171m▀[0m[38;2;162;111;179m[48;2;162;111;179m▀[0m[38;2;162;111;179m[48;2;162;111;179m▀[0m[38;2;106;55;106m[48;2;161;110;161m▀[0m[38;2;106;55;106m[48;2;106;55;106m▀[0m[38;2;84;84;84m▄[0m     
  [38;2;64;64;64m[48;2;102;68;119m▀[0m[38;2;93;93;93m[48;2;124;90;141m▀[0m[38;2;153;95;161m[48;2;163;105;171m▀[0m[38;2;165;107;173m[48;2;163;105;171m▀[0m[38;2;163;105;171m[48;2;163;105;171m▀[0m[38;2;167;109;175m[48;2;167;109;175m▀[0m[38;2;175;107;175m[48;2;143;109;160m▀[0m[38;2;153;85;153m[48;2;95;61;112m▀[0m[38;2;55;38;55m[48;2;30;30;0m▀[0m[38;2;55;38;55m[48;2;103;103;1m▀[0m[38;2;78;78;62m[48;2;205;205;86m▀[0m[38;2;58;58;42m[48;2;127;127;8m▀[0m[38;2;47;47;47m[48;2;29;29;29m▀[0m[38;2;51;51;51m[48;2;51;51;51m▀[0m[38;2;43;43;43m[48;2;58;58;50m▀[0m[38;2;25;25;25m[48;2;40;40;32m▀[0m[38;2;127;110;59m[48;2;78;78;70m▀[0m[38;2;205;188;137m[48;2;78;78;70m▀[0m[38;2;86;69;52m[48;2;41;41;41m▀[0m[38;2;13;0;0m[48;2;51;51;51m▀[0m[38;2;51;51;51m[48;2;54;54;46m▀[0m[38;2;51;51;51m[48;2;54;54;46m▀[0m[38;2;40;40;24m[48;2;30;30;0m▀[0m[38;2;58;58;42m[48;2;103;103;18m▀[0m[38;2;78;78;62m[48;2;169;169;84m▀[0m[38;2;40;40;24m[48;2;103;103;18m▀[0m[38;2;51;51;51m[48;2;27;27;0m▀[0m[38;2;39;39;39m[48;2;27;27;0m▀[0m[38;2;60;26;77m[48;2;77;43;77m▀[0m[38;2;144;110;161m[48;2;132;98;132m▀[0m[38;2;181;123;189m[48;2;181;123;189m▀[0m[38;2;165;107;173m[48;2;165;107;173m▀[0m[38;2;167;109;175m[48;2;167;109;175m▀[0m[38;2;167;109;175m[48;2;167;109;175m▀[0m[38;2;162;111;179m[48;2;167;109;175m▀[0m[38;2;162;111;179m[48;2;163;105;171m▀[0m[38;2;161;110;161m[48;2;167;109;175m▀[0m[38;2;132;81;132m[48;2;167;109;175m▀[0m[38;2;84;84;84m[48;2;107;56;107m▀[0m[38;2;42;42;42m[48;2;107;56;107m▀[0m    
 [38;2;30;30;30m[48;2;59;59;59m▀[0m[38;2;114;80;131m[48;2;124;90;141m▀[0m[38;2;124;90;141m[48;2;124;90;141m▀[0m[38;2;163;105;171m[48;2;167;109;175m▀[0m[38;2;163;105;171m[48;2;163;105;171m▀[0m[38;2;163;105;171m[48;2;163;105;171m▀[0m[38;2;167;109;175m[48;2;173;115;181m▀[0m[38;2;143;109;160m[48;2;143;109;160m▀[0m[38;2;95;61;112m[48;2;39;5;56m▀[0m[38;2;30;30;0m[48;2;103;103;1m▀[0m[38;2;169;169;67m[48;2;242;242;140m▀[0m[38;2;247;247;128m[48;2;247;247;128m▀[0m[38;2;127;127;8m[48;2;127;127;8m▀[0m[38;2;29;29;29m[48;2;39;39;39m▀[0m[38;2;51;51;51m[48;2;39;39;39m▀[0m[38;2;58;58;50m[48;2;58;58;58m▀[0m[38;2;58;58;50m[48;2;46;46;46m▀[0m[38;2;40;40;32m[48;2;24;24;24m▀[0m[38;2;40;40;32m[48;2;36;36;36m▀[0m[38;2;51;51;51m[48;2;57;57;57m▀[0m[38;2;57;57;57m[48;2;51;51;51m▀[0m[38;2;54;54;46m[48;2;28;28;20m▀[0m[38;2;28;28;20m[48;2;28;28;20m▀[0m[38;2;30;30;0m[48;2;141;158;39m▀[0m[38;2;169;169;84m[48;2;245;255;143m▀[0m[38;2;242;242;157m[48;2;245;255;143m▀[0m[38;2;169;169;84m[48;2;197;214;95m▀[0m[38;2;27;27;0m[48;2;75;75;41m▀[0m[38;2;27;27;0m[48;2;0;0;0m▀[0m[38;2;77;43;77m[48;2;77;43;77m▀[0m[38;2;132;98;132m[48;2;161;127;161m▀[0m[38;2;181;123;189m[48;2;175;117;183m▀[0m[38;2;165;107;173m[48;2;165;107;173m▀[0m[38;2;163;105;171m[48;2;167;109;175m▀[0m[38;2;167;109;175m[48;2;163;105;171m▀[0m[38;2;167;109;175m[48;2;167;109;175m▀[0m[38;2;163;105;171m[48;2;163;105;171m▀[0m[38;2;163;105;171m[48;2;163;105;171m▀[0m[38;2;167;109;175m[48;2;167;109;175m▀[0m[38;2;145;94;145m[48;2;165;114;165m▀[0m[38;2;107;56;107m[48;2;107;56;107m▀[0m[38;2;64;47;64m[48;2;93;76;93m▀[0m[38;2;38;21;38m▄[0m  
 [38;2;59;59;59m[48;2;92;92;92m▀[0m[38;2;124;90;141m[48;2;128;77;145m▀[0m[38;2;136;102;153m[48;2;148;97;165m▀[0m[38;2;163;105;171m[48;2;161;104;170m▀[0m[38;2;163;105;171m[48;2;151;94;160m▀[0m[38;2;167;109;175m[48;2;161;111;169m▀[0m[38;2;173;115;181m[48;2;161;111;169m▀[0m[38;2;143;109;160m[48;2;132;98;132m▀[0m[38;2;95;61;112m[48;2;161;127;161m▀[0m[38;2;169;169;67m[48;2;182;199;114m▀[0m[38;2;242;242;140m[48;2;182;199;114m▀[0m[38;2;247;247;128m[48;2;255;255;191m▀[0m[38;2;205;205;86m[48;2;186;186;118m▀[0m[38;2;51;51;51m[48;2;47;47;0m▀[0m[38;2;17;17;17m[48;2;47;47;0m▀[0m[38;2;58;58;58m[48;2;57;57;57m▀[0m[38;2;46;46;46m[48;2;41;41;41m▀[0m[38;2;24;24;24m[48;2;24;24;16m▀[0m[38;2;46;46;46m[48;2;46;46;38m▀[0m[38;2;57;57;57m[48;2;51;51;51m▀[0m[38;2;47;47;47m[48;2;39;39;39m▀[0m[38;2;28;28;20m[48;2;56;56;0m▀[0m[38;2;83;83;75m[48;2;160;160;75m▀[0m[38;2;197;214;95m[48;2;247;247;145m▀[0m[38;2;245;255;143m[48;2;255;255;165m▀[0m[38;2;245;255;143m[48;2;255;255;165m▀[0m[38;2;245;255;143m[48;2;255;255;165m▀[0m[38;2;131;131;97m[48;2;174;174;140m▀[0m[38;2;27;27;0m[48;2;101;101;67m▀[0m[38;2;106;72;106m[48;2;149;98;166m▀[0m[38;2;161;127;161m[48;2;178;127;195m▀[0m[38;2;171;113;179m[48;2;178;127;178m▀[0m[38;2;171;113;179m[48;2;149;98;149m▀[0m[38;2;167;109;175m[48;2;149;98;149m▀[0m[38;2;163;105;171m[48;2;149;98;149m▀[0m[38;2;163;105;171m[48;2;165;107;173m▀[0m[38;2;163;105;171m[48;2;165;107;173m▀[0m[38;2;163;105;171m[48;2;149;99;157m▀[0m[38;2;167;109;175m[48;2;149;99;157m▀[0m[38;2;165;114;165m[48;2;165;115;173m▀[0m[38;2;165;114;165m[48;2;165;115;173m▀[0m[38;2;93;76;93m[48;2;119;69;127m▀[0m[38;2;64;47;64m[48;2;119;69;127m▀[0m[38;2;21;21;21m▄[0m 
[38;2;44;44;44m[48;2;44;44;44m▀[0m[38;2;92;92;92m[48;2;92;92;92m▀[0m[38;2;110;59;127m[48;2;90;39;107m▀[0m[38;2;148;97;165m[48;2;148;97;165m▀[0m[38;2;161;104;170m[48;2;173;116;182m▀[0m[38;2;139;82;148m[48;2;151;94;160m▀[0m[38;2;123;73;131m[48;2;103;53;111m▀[0m[38;2;161;111;169m[48;2;141;91;149m▀[0m[38;2;132;98;132m[48;2;161;127;161m▀[0m[38;2;106;72;106m[48;2;77;43;77m▀[0m[38;2;126;143;58m[48;2;22;39;0m▀[0m[38;2;126;143;58m[48;2;22;39;0m▀[0m[38;2;186;186;118m[48;2;86;86;52m▀[0m[38;2;255;255;191m[48;2;128;128;94m▀[0m[38;2;120;120;52m[48;2;86;86;52m▀[0m[38;2;47;47;0m[48;2;50;50;16m▀[0m[38;2;47;47;47m[48;2;51;51;51m▀[0m[38;2;41;41;41m[48;2;41;41;41m▀[0m[38;2;24;24;16m[48;2;24;24;16m▀[0m[38;2;46;46;38m[48;2;46;46;38m▀[0m[38;2;39;39;39m[48;2;39;39;39m▀[0m[38;2;29;29;29m[48;2;39;39;39m▀[0m[38;2;112;112;27m[48;2;160;160;75m▀[0m[38;2;216;216;131m[48;2;216;216;131m▀[0m[38;2;247;247;145m[48;2;111;111;94m▀[0m[38;2;229;229;127m[48;2;111;111;94m▀[0m[38;2;209;209;107m[48;2;69;69;52m▀[0m[38;2;209;209;107m[48;2;33;33;16m▀[0m[38;2;174;174;140m[48;2;35;35;1m▀[0m[38;2;101;101;67m[48;2;35;35;1m▀[0m[38;2;149;98;166m[48;2;149;98;166m▀[0m[38;2;178;127;195m[48;2;178;127;195m▀[0m[38;2;149;98;149m[48;2;86;69;86m▀[0m[38;2;94;43;94m[48;2;8;0;8m▀[0m[38;2;94;43;94m[48;2;50;33;50m▀[0m[38;2;178;127;178m[48;2;128;111;128m▀[0m[38;2;171;113;179m[48;2;181;123;189m▀[0m[38;2;165;107;173m[48;2;171;113;179m▀[0m[38;2;149;99;157m[48;2;169;119;177m▀[0m[38;2;111;61;119m[48;2;111;61;119m▀[0m[38;2;165;115;173m[48;2;99;49;107m▀[0m[38;2;165;115;173m[48;2;165;115;173m▀[0m[38;2;145;95;153m[48;2;174;124;182m▀[0m[38;2;119;69;127m[48;2;119;69;127m▀[0m[38;2;50;50;50m[48;2;84;84;84m▀[0m 
[38;2;44;44;44m[48;2;44;44;44m▀[0m[38;2;92;92;92m[48;2;92;92;92m▀[0m[38;2;90;39;107m[48;2;95;44;95m▀[0m[38;2;148;97;165m[48;2;143;92;143m▀[0m[38;2;173;116;182m[48;2;170;119;187m▀[0m[38;2;173;116;182m[48;2;170;119;187m▀[0m[38;2;123;73;131m[48;2;76;59;76m▀[0m[38;2;103;53;111m[48;2;21;4;21m▀[0m[38;2;132;98;132m[48;2;69;69;69m▀[0m[38;2;77;43;77m[48;2;33;33;33m▀[0m[38;2;22;39;0m[48;2;33;33;33m▀[0m[38;2;22;39;0m[48;2;33;33;33m▀[0m[38;2;8;8;0m[48;2;44;44;52m▀[0m[38;2;8;8;0m[48;2;44;44;52m▀[0m[38;2;50;50;16m[48;2;44;44;52m▀[0m[38;2;50;50;16m[48;2;44;44;52m▀[0m[38;2;51;51;51m[48;2;56;56;0m▀[0m[38;2;47;47;47m[48;2;112;112;10m▀[0m[38;2;46;46;38m[48;2;129;129;44m▀[0m[38;2;46;46;38m[48;2;73;73;0m▀[0m[38;2;51;51;51m[48;2;46;46;46m▀[0m[38;2;51;51;51m[48;2;46;46;46m▀[0m[38;2;56;56;0m[48;2;36;36;44m▀[0m[38;2;56;56;0m[48;2;36;36;44m▀[0m[38;2;33;33;16m[48;2;39;39;39m▀[0m[38;2;33;33;16m[48;2;51;51;51m▀[0m[38;2;33;33;16m[48;2;51;51;51m▀[0m[38;2;33;33;16m[48;2;51;51;51m▀[0m[38;2;35;35;1m[48;2;47;47;0m▀[0m[38;2;35;35;1m[48;2;47;47;0m▀[0m[38;2;94;43;111m[48;2;68;68;51m▀[0m[38;2;94;43;111m[48;2;46;46;29m▀[0m[38;2;50;33;50m[48;2;47;47;47m▀[0m[38;2;50;33;50m[48;2;57;57;57m▀[0m[38;2;50;33;50m[48;2;29;29;29m▀[0m[38;2;86;69;86m[48;2;29;29;29m▀[0m[38;2;181;123;189m[48;2;126;92;143m▀[0m[38;2;175;117;183m[48;2;182;148;199m▀[0m[38;2;169;119;177m[48;2;166;115;183m▀[0m[38;2;111;61;119m[48;2;111;60;128m▀[0m[38;2;26;0;34m[48;2;34;34;34m▀[0m[38;2;99;49;107m[48;2;68;68;68m▀[0m[38;2;174;124;182m[48;2;145;111;145m▀[0m[38;2;119;69;127m[48;2;103;69;103m▀[0m[38;2;84;84;84m[48;2;97;80;97m▀[0m[38;2;42;42;42m[48;2;39;22;39m▀[0m
[38;2;44;44;44m[48;2;44;44;44m▀[0m[38;2;92;92;92m[48;2;92;92;92m▀[0m[38;2;95;44;95m[48;2;95;44;95m▀[0m[38;2;143;92;143m[48;2;143;92;143m▀[0m[38;2;170;119;187m[48;2;170;119;187m▀[0m[38;2;170;119;187m[48;2;148;97;165m▀[0m[38;2;76;59;76m[48;2;47;30;47m▀[0m[38;2;0;0;0m[48;2;21;4;21m▀[0m[38;2;69;69;69m[48;2;112;112;10m▀[0m[38;2;111;111;111m[48;2;216;216;114m▀[0m[38;2;33;33;33m[48;2;112;112;10m▀[0m[38;2;33;33;33m[48;2;56;56;0m▀[0m[38;2;54;54;62m[48;2;24;24;24m▀[0m[38;2;54;54;62m[48;2;42;42;42m▀[0m[38;2;54;54;62m[48;2;62;62;62m▀[0m[38;2;32;32;40m[48;2;24;24;24m▀[0m[38;2;56;56;0m[48;2;56;56;0m▀[0m[38;2;160;160;58m[48;2;216;216;114m▀[0m[38;2;233;233;148m[48;2;233;233;148m▀[0m[38;2;73;73;0m[48;2;129;129;44m▀[0m[38;2;24;24;24m[48;2;24;24;24m▀[0m[38;2;58;58;58m[48;2;46;46;46m▀[0m[38;2;46;46;54m[48;2;58;58;66m▀[0m[38;2;46;46;54m[48;2;46;46;54m▀[0m[38;2;51;51;51m[48;2;38;38;0m▀[0m[38;2;51;51;51m[48;2;0;0;0m▀[0m[38;2;29;29;29m[48;2;38;38;0m▀[0m[38;2;29;29;29m[48;2;132;132;81m▀[0m[38;2;120;120;18m[48;2;255;255;157m▀[0m[38;2;120;120;18m[48;2;186;186;84m▀[0m[38;2;68;68;51m[48;2;46;46;29m▀[0m[38;2;34;34;17m[48;2;34;34;17m▀[0m[38;2;51;51;51m[48;2;57;57;57m▀[0m[38;2;57;57;57m[48;2;57;57;57m▀[0m[38;2;41;41;41m[48;2;41;41;41m▀[0m[38;2;19;19;19m[48;2;19;19;19m▀[0m[38;2;78;44;95m[48;2;22;0;39m▀[0m[38;2;182;148;199m[48;2;126;92;143m▀[0m[38;2;166;115;183m[48;2;195;144;212m▀[0m[38;2;140;89;157m[48;2;140;89;157m▀[0m[38;2;46;46;46m[48;2;34;34;34m▀[0m[38;2;68;68;68m[48;2;56;56;56m▀[0m[38;2;103;69;103m[48;2;67;33;67m▀[0m[38;2;103;69;103m[48;2;103;69;103m▀[0m[38;2;97;80;97m[48;2;59;42;59m▀[0m[38;2;77;60;77m[48;2;77;60;77m▀[0m
[38;2;44;44;44m▀[0m[38;2;92;92;92m[48;2;77;77;77m▀[0m[38;2;95;44;95m[48;2;50;33;50m▀[0m[38;2;143;92;143m[48;2;86;69;86m▀[0m[38;2;170;119;187m[48;2;182;148;182m▀[0m[38;2;136;85;153m[48;2;126;92;126m▀[0m[38;2;76;59;76m[48;2;80;80;80m▀[0m[38;2;21;4;21m[48;2;22;22;22m▀[0m[38;2;56;56;0m[48;2;18;18;0m▀[0m[38;2;216;216;114m[48;2;157;157;123m▀[0m[38;2;216;216;114m[48;2;245;245;92m▀[0m[38;2;160;160;58m[48;2;255;255;148m▀[0m[38;2;42;42;42m[48;2;186;186;118m▀[0m[38;2;4;4;4m[48;2;120;120;52m▀[0m[38;2;4;4;4m[48;2;47;47;0m▀[0m[38;2;42;42;42m[48;2;47;47;0m▀[0m[38;2;160;160;58m[48;2;179;196;77m▀[0m[38;2;216;216;114m[48;2;234;251;132m▀[0m[38;2;233;233;148m[48;2;243;255;158m▀[0m[38;2;177;177;92m[48;2;221;238;136m▀[0m[38;2;36;36;36m[48;2;86;86;18m▀[0m[38;2;24;24;24m[48;2;13;13;0m▀[0m[38;2;24;24;32m[48;2;86;86;18m▀[0m[38;2;24;24;32m[48;2;86;86;18m▀[0m[38;2;38;38;0m[48;2;151;159;60m▀[0m[38;2;38;38;0m[48;2;207;215;116m▀[0m[38;2;132;132;81m[48;2;255;255;157m▀[0m[38;2;255;255;217m[48;2;255;255;157m▀[0m[38;2;255;255;157m[48;2;199;199;114m▀[0m[38;2;186;186;84m[48;2;143;143;58m▀[0m[38;2;46;46;29m[48;2;42;42;42m▀[0m[38;2;34;34;17m[48;2;36;36;36m▀[0m[38;2;57;57;57m[48;2;41;41;41m▀[0m[38;2;51;51;51m[48;2;41;41;41m▀[0m[38;2;41;41;41m[48;2;33;33;33m▀[0m[38;2;19;19;19m[48;2;21;21;21m▀[0m[38;2;22;0;39m[48;2;26;26;26m▀[0m[38;2;78;44;95m[48;2;22;22;22m▀[0m[38;2;166;115;183m[48;2;51;42;51m▀[0m[38;2;166;115;183m[48;2;93;84;93m▀[0m[38;2;46;46;46m[48;2;66;58;66m▀[0m[38;2;46;46;46m[48;2;37;29;37m▀[0m [38;2;103;69;103m▀[0m[38;2;97;80;97m[48;2;17;17;17m▀[0m[38;2;59;42;59m▀[0m
 [38;2;35;35;35m▀[0m[38;2;86;69;86m[48;2;50;33;50m▀[0m[38;2;86;69;86m[48;2;86;69;86m▀[0m[38;2;126;92;126m[48;2;78;44;78m▀[0m[38;2;126;92;126m[48;2;78;44;78m▀[0m[38;2;80;80;80m[48;2;42;42;42m▀[0m[38;2;22;22;22m[48;2;60;60;60m▀[0m[38;2;0;0;0m[48;2;0;0;0m▀[0m[38;2;84;84;50m[48;2;84;84;50m▀[0m[38;2;245;245;92m[48;2;245;245;92m▀[0m[38;2;245;245;92m[48;2;245;245;92m▀[0m[38;2;255;255;191m[48;2;220;220;118m▀[0m[38;2;255;255;191m[48;2;255;255;196m▀[0m[38;2;186;186;118m[48;2;255;255;196m▀[0m[38;2;186;186;118m[48;2;255;255;154m▀[0m[38;2;208;225;106m[48;2;234;251;132m▀[0m[38;2;234;251;132m[48;2;234;251;132m▀[0m[38;2;243;255;158m[48;2;243;255;158m▀[0m[38;2;233;250;148m[48;2;243;255;158m▀[0m[38;2;152;152;84m[48;2;253;253;151m▀[0m[38;2;152;152;84m[48;2;253;253;151m▀[0m[38;2;225;225;157m[48;2;255;255;155m▀[0m[38;2;225;225;157m[48;2;255;255;161m▀[0m[38;2;255;255;164m[48;2;255;255;164m▀[0m[38;2;255;255;164m[48;2;255;255;164m▀[0m[38;2;255;255;157m[48;2;244;252;128m▀[0m[38;2;244;252;128m[48;2;218;226;102m▀[0m[38;2;199;199;114m[48;2;143;143;58m▀[0m[38;2;95;95;10m[48;2;39;39;0m▀[0m[38;2;26;26;26m[48;2;26;26;26m▀[0m[38;2;36;36;36m[48;2;42;42;42m▀[0m[38;2;41;41;41m[48;2;41;41;41m▀[0m[38;2;41;41;41m[48;2;35;35;35m▀[0m[38;2;33;33;33m[48;2;21;21;21m▀[0m[38;2;21;21;21m[48;2;11;11;11m▀[0m[38;2;26;26;26m[48;2;22;22;22m▀[0m[38;2;22;22;22m[48;2;32;32;32m▀[0m[38;2;15;6;15m[48;2;15;6;15m▀[0m[38;2;15;6;15m[48;2;0;0;0m▀[0m[38;2;37;29;37m[48;2;58;58;58m▀[0m[38;2;37;29;37m[48;2;29;29;29m▀[0m    
   [38;2;86;69;86m[48;2;18;18;18m▀[0m[38;2;78;44;78m[48;2;29;29;29m▀[0m  [38;2;80;80;80m[48;2;58;58;58m▀[0m[38;2;0;0;0m[48;2;17;17;0m▀[0m[38;2;18;18;0m[48;2;0;0;0m▀[0m[38;2;141;141;0m[48;2;17;17;0m▀[0m[38;2;245;245;92m[48;2;121;121;104m▀[0m[38;2;220;220;118m[48;2;239;239;103m▀[0m[38;2;220;220;118m[48;2;239;239;103m▀[0m[38;2;255;255;154m[48;2;239;239;103m▀[0m[38;2;255;255;196m[48;2;255;255;145m▀[0m[38;2;255;255;161m[48;2;246;255;161m▀[0m[38;2;255;255;161m[48;2;246;255;161m▀[0m[38;2;243;255;158m[48;2;246;255;161m▀[0m[38;2;243;255;158m[48;2;246;255;161m▀[0m[38;2;255;255;161m[48;2;246;255;161m▀[0m[38;2;255;255;161m[48;2;246;255;161m▀[0m[38;2;255;255;161m[48;2;246;255;161m▀[0m[38;2;255;255;161m[48;2;240;255;155m▀[0m[38;2;255;255;164m[48;2;242;242;157m▀[0m[38;2;255;255;164m[48;2;242;242;157m▀[0m[38;2;244;252;128m[48;2;234;234;200m▀[0m[38;2;189;197;73m[48;2;98;98;64m▀[0m[38;2;39;39;0m[48;2;8;8;16m▀[0m[38;2;39;39;0m[48;2;18;18;26m▀[0m[38;2;36;36;36m[48;2;32;32;32m▀[0m[38;2;36;36;36m[48;2;26;26;26m▀[0m[38;2;35;35;35m[48;2;26;26;26m▀[0m[38;2;25;25;25m[48;2;22;22;22m▀[0m[38;2;11;11;11m[48;2;14;14;14m▀[0m[38;2;11;11;11m[48;2;18;18;18m▀[0m[38;2;26;26;26m[48;2;33;33;33m▀[0m[38;2;32;32;32m[48;2;21;21;21m▀[0m[38;2;15;6;15m[48;2;0;0;0m▀[0m[38;2;0;0;0m[48;2;37;37;37m▀[0m[38;2;58;58;58m[48;2;37;37;37m▀[0m     
        [38;2;65;65;48m[48;2;37;37;37m▀[0m[38;2;0;0;0m[48;2;66;66;66m▀[0m[38;2;0;0;0m[48;2;0;0;0m▀[0m[38;2;17;17;0m[48;2;0;0;0m▀[0m[38;2;161;161;25m[48;2;0;0;0m▀[0m[38;2;239;239;103m[48;2;118;118;50m▀[0m[38;2;239;239;103m[48;2;191;191;123m▀[0m[38;2;239;239;103m[48;2;191;191;123m▀[0m[38;2;230;247;145m[48;2;222;222;86m▀[0m[38;2;236;253;151m[48;2;255;255;128m▀[0m[38;2;236;253;151m[48;2;255;255;128m▀[0m[38;2;236;253;151m[48;2;255;255;128m▀[0m[38;2;236;253;151m[48;2;255;255;157m▀[0m[38;2;236;253;151m[48;2;220;220;84m▀[0m[38;2;236;253;151m[48;2;220;220;84m▀[0m[38;2;236;253;151m[48;2;220;220;84m▀[0m[38;2;242;242;157m[48;2;169;169;84m▀[0m[38;2;169;169;84m[48;2;30;30;0m▀[0m[38;2;98;98;64m[48;2;0;0;0m▀[0m[38;2;4;4;0m[48;2;4;4;0m▀[0m[38;2;18;18;26m[48;2;24;24;32m▀[0m[38;2;24;24;32m[48;2;24;24;32m▀[0m[38;2;26;26;26m[48;2;26;26;26m▀[0m[38;2;26;26;26m[48;2;26;26;26m▀[0m[38;2;26;26;26m[48;2;26;26;26m▀[0m[38;2;22;22;22m[48;2;16;16;16m▀[0m[38;2;14;14;14m[48;2;14;14;14m▀[0m[38;2;24;24;24m[48;2;24;24;24m▀[0m[38;2;33;33;33m[48;2;21;21;21m▀[0m[38;2;11;11;11m[48;2;11;11;11m▀[0m[38;2;11;11;11m[48;2;66;66;66m▀[0m[38;2;66;66;66m▀[0m      
         [38;2;66;66;66m▀[0m[38;2;37;37;37m[48;2;76;76;76m▀[0m[38;2;11;11;11m[48;2;0;0;0m▀[0m[38;2;0;0;0m[48;2;11;11;19m▀[0m[38;2;0;0;0m[48;2;21;21;29m▀[0m[38;2;52;52;0m[48;2;11;11;19m▀[0m[38;2;118;118;50m[48;2;0;0;7m▀[0m[38;2;144;144;8m[48;2;15;15;0m▀[0m[38;2;186;186;50m[48;2;51;51;34m▀[0m[38;2;222;222;86m[48;2;93;93;76m▀[0m[38;2;222;222;86m[48;2;93;93;76m▀[0m[38;2;220;220;84m[48;2;84;84;76m▀[0m[38;2;154;154;18m[48;2;42;42;34m▀[0m[38;2;154;154;18m[48;2;18;18;18m▀[0m[38;2;81;81;0m[48;2;8;8;8m▀[0m[38;2;30;30;0m[48;2;16;16;16m▀[0m[38;2;30;30;0m[48;2;26;26;26m▀[0m[38;2;4;4;0m[48;2;26;26;26m▀[0m[38;2;4;4;0m[48;2;26;26;26m▀[0m[38;2;24;24;32m[48;2;26;26;26m▀[0m[38;2;24;24;32m[48;2;26;26;26m▀[0m[38;2;26;26;26m[48;2;26;26;26m▀[0m[38;2;32;32;32m[48;2;26;26;26m▀[0m[38;2;22;22;22m[48;2;16;16;16m▀[0m[38;2;16;16;16m[48;2;16;16;16m▀[0m[38;2;24;24;24m[48;2;33;33;33m▀[0m[38;2;24;24;24m[48;2;21;21;21m▀[0m[38;2;0;0;0m[48;2;4;4;4m▀[0m[38;2;33;33;33m[48;2;62;62;62m▀[0m[38;2;37;37;37m▀[0m       
          [38;2;76;76;76m▀[0m[38;2;21;21;21m[48;2;76;76;76m▀[0m[38;2;0;0;7m[48;2;0;0;0m▀[0m[38;2;21;21;29m[48;2;0;0;0m▀[0m[38;2;33;33;41m[48;2;26;26;26m▀[0m[38;2;21;21;29m[48;2;26;26;26m▀[0m[38;2;15;15;0m[48;2;16;16;16m▀[0m[38;2;15;15;0m[48;2;16;16;16m▀[0m[38;2;0;0;0m[48;2;16;16;16m▀[0m[38;2;0;0;0m[48;2;6;6;6m▀[0m[38;2;0;0;0m[48;2;6;6;0m▀[0m[38;2;6;6;0m[48;2;6;6;0m▀[0m[38;2;18;18;18m[48;2;24;24;24m▀[0m[38;2;24;24;24m[48;2;24;24;24m▀[0m[38;2;26;26;26m[48;2;24;24;24m▀[0m[38;2;26;26;26m[48;2;24;24;24m▀[0m[38;2;26;26;26m[48;2;18;18;18m▀[0m[38;2;26;26;26m[48;2;18;18;18m▀[0m[38;2;26;26;26m[48;2;14;14;14m▀[0m[38;2;26;26;26m[48;2;14;14;14m▀[0m[38;2;26;26;26m[48;2;18;18;18m▀[0m[38;2;16;16;16m[48;2;18;18;18m▀[0m[38;2;16;16;16m[48;2;22;22;22m▀[0m[38;2;26;26;26m[48;2;32;32;32m▀[0m[38;2;33;33;33m[48;2;21;21;21m▀[0m[38;2;11;11;11m[48;2;0;0;0m▀[0m[38;2;24;24;24m[48;2;62;62;62m▀[0m[38;2;62;62;62m▀[0m        
           [38;2;47;47;47m▀[0m[38;2;68;68;68m[48;2;42;42;42m▀[0m[38;2;0;0;0m[48;2;62;62;62m▀[0m[38;2;0;0;0m[48;2;24;24;24m▀[0m[38;2;0;0;0m[48;2;24;24;24m▀[0m[38;2;6;6;6m[48;2;63;63;63m▀[0m[38;2;10;10;10m[48;2;63;63;63m▀[0m[38;2;10;10;10m[48;2;63;63;63m▀[0m[38;2;10;10;10m[48;2;63;63;63m▀[0m[38;2;6;6;0m[48;2;58;58;58m▀[0m[38;2;6;6;0m[48;2;58;58;58m▀[0m[38;2;8;8;8m[48;2;33;33;33m▀[0m[38;2;8;8;8m[48;2;33;33;33m▀[0m[38;2;8;8;8m[48;2;24;24;24m▀[0m[38;2;8;8;8m[48;2;42;42;42m▀[0m[38;2;8;8;8m[48;2;62;62;62m▀[0m[38;2;8;8;8m[48;2;62;62;62m▀[0m[38;2;18;18;18m[48;2;75;75;75m▀[0m[38;2;18;18;18m[48;2;75;75;75m▀[0m[38;2;8;8;8m[48;2;46;46;46m▀[0m[38;2;18;18;18m[48;2;0;0;0m▀[0m[38;2;26;26;26m[48;2;4;4;4m▀[0m[38;2;22;22;22m[48;2;4;4;4m▀[0m[38;2;0;0;0m[48;2;24;24;24m▀[0m[38;2;33;33;33m[48;2;62;62;62m▀[0m[38;2;62;62;62m▀[0m         
             [38;2;24;24;24m▀[0m[38;2;42;42;42m▀[0m[38;2;42;42;42m▀[0m[38;2;25;25;25m▀[0m    [38;2;29;29;29m▀[0m[38;2;33;33;33m▀[0m[38;2;33;33;33m▀[0m[38;2;42;42;42m▀[0m[38;2;24;24;24m▀[0m[38;2;24;24;24m▀[0m   [38;2;75;75;75m▀[0m[38;2;46;46;46m[48;2;42;42;42m▀[0m[38;2;24;24;24m[48;2;37;37;37m▀[0m[38;2;62;62;62m[48;2;17;17;17m▀[0m[38;2;42;42;42m▀[0m           
[0m