                    [38;2;91;72;91m▄[0m[38;2;94;66;94m[48;2;121;96;113m▀[0m[38;2;111;83;103m[48;2;241;220;214m▀[0m[38;2;106;80;99m[48;2;219;197;196m▀[0m[38;2;63;31;63m[48;2;100;75;94m▀[0m[38;2;0;0;0m▄[0m              
                   [38;2;85;0;85m[48;2;85;0;85m▀[0m[38;2;108;81;101m[48;2;107;81;100m▀[0m[38;2;239;220;212m[48;2;231;210;208m▀[0m[38;2;234;213;208m[48;2;235;214;209m▀[0m[38;2;240;219;213m[48;2;240;218;213m▀[0m[38;2;197;180;175m[48;2;191;173;173m▀[0m[38;2;6;7;7m[48;2;6;9;9m▀[0m              
                   [38;2;127;127;127m▀[0m[38;2;104;77;97m▀[0m[38;2;178;151;173m[48;2;86;66;82m▀[0m[38;2;229;207;206m[48;2;194;168;190m▀[0m[38;2;223;200;204m[48;2;124;108;122m▀[0m[38;2;126;110;125m[48;2;0;0;0m▀[0m[38;2;10;11;10m▀[0m              
                    [38;2;0;0;0m[48;2;170;85;170m▀[0m[38;2;22;28;25m[48;2;201;109;162m▀[0m[38;2;148;125;144m[48;2;150;110;126m▀[0m[38;2;0;0;0m[48;2;219;103;171m▀[0m                
                   [38;2;255;0;0m▄[0m[38;2;182;94;146m▄[0m[38;2;197;101;156m[48;2;217;147;175m▀[0m[38;2;254;188;201m[48;2;242;178;192m▀[0m[38;2;178;87;141m[48;2;173;80;137m▀[0m                
                   [38;2;170;85;85m▀[0m[38;2;193;102;155m[48;2;179;88;141m▀[0m[38;2;255;236;235m[48;2;254;254;254m▀[0m[38;2;244;182;192m[48;2;246;187;193m▀[0m[38;2;214;137;170m[48;2;245;180;194m▀[0m[38;2;176;87;142m[48;2;177;86;141m▀[0m               
                   [38;2;181;93;145m[48;2;178;83;139m▀[0m[38;2;230;201;218m[48;2;255;255;255m▀[0m[38;2;254;254;254m[48;2;247;203;209m▀[0m[38;2;246;186;193m[48;2;245;186;194m▀[0m[38;2;240;173;189m[48;2;245;186;195m▀[0m[38;2;172;77;136m[48;2;224;156;183m▀[0m[38;2;175;83;138m▄[0m              
                  [38;2;179;90;142m[48;2;180;89;143m▀[0m[38;2;236;216;228m[48;2;249;212;218m▀[0m[38;2;248;214;219m[48;2;245;187;195m▀[0m[38;2;245;183;192m[48;2;245;186;194m▀[0m[38;2;245;185;193m[48;2;245;185;193m▀[0m[38;2;248;199;204m[48;2;248;200;206m▀[0m[38;2;248;223;234m[48;2;246;229;240m▀[0m[38;2;174;79;134m[48;2;172;70;129m▀[0m              
                 [38;2;180;89;143m▄[0m[38;2;178;86;141m[48;2;239;174;190m▀[0m[38;2;244;184;194m[48;2;248;189;196m▀[0m[38;2;245;186;194m[48;2;248;188;196m▀[0m[38;2;245;186;194m[48;2;245;186;194m▀[0m[38;2;245;185;193m[48;2;245;186;194m▀[0m[38;2;246;197;204m[48;2;245;185;194m▀[0m[38;2;254;253;255m[48;2;255;212;218m▀[0m[38;2;195;184;190m[48;2;199;205;204m▀[0m[38;2;1;1;1m[48;2;0;0;0m▀[0m             
          [38;2;85;0;85m▄[0m[38;2;85;42;85m▄[0m[38;2;103;77;97m▄[0m[38;2;109;81;101m▄[0m[38;2;96;69;91m▄[0m[38;2;100;75;95m[48;2;206;184;184m▀[0m[38;2;102;77;97m[48;2;234;213;209m▀[0m[38;2;105;76;98m[48;2;231;210;205m▀[0m[38;2;109;81;101m[48;2;230;209;205m▀[0m[38;2;109;81;100m[48;2;230;209;205m▀[0m[38;2;113;85;104m[48;2;226;205;201m▀[0m[38;2;247;187;195m[48;2;107;79;99m▀[0m[38;2;245;186;194m[48;2;106;80;99m▀[0m[38;2;246;187;195m[48;2;122;90;110m▀[0m[38;2;240;179;191m[48;2;213;142;172m▀[0m[38;2;208;133;170m[48;2;215;143;174m▀[0m[38;2;167;83;134m[48;2;156;105;128m▀[0m[38;2;1;11;7m▄[0m            
        [38;2;76;51;76m▄[0m[38;2;51;0;51m[48;2;98;69;92m▀[0m[38;2;105;82;100m[48;2;187;162;168m▀[0m[38;2;106;78;100m[48;2;244;223;217m▀[0m[38;2;190;167;170m[48;2;235;214;209m▀[0m[38;2;240;219;213m[48;2;235;214;208m▀[0m[38;2;235;214;208m[48;2;231;209;206m▀[0m[38;2;234;213;208m[48;2;233;212;207m▀[0m[38;2;234;213;208m[48;2;234;213;208m▀[0m[38;2;234;213;208m[48;2;234;213;208m▀[0m[38;2;234;213;208m[48;2;234;213;208m▀[0m[38;2;234;213;208m[48;2;235;214;208m▀[0m[38;2;234;213;208m[48;2;234;213;208m▀[0m[38;2;234;213;208m[48;2;234;213;208m▀[0m[38;2;236;215;210m[48;2;234;213;208m▀[0m[38;2;215;193;192m[48;2;235;214;208m▀[0m[38;2;98;73;93m[48;2;241;221;215m▀[0m[38;2;138;100;122m[48;2;202;183;182m▀[0m[38;2;160;109;130m[48;2;127;80;113m▀[0m[38;2;13;15;15m[48;2;183;90;145m▀[0m            
       [38;2;79;47;79m▄[0m[38;2;79;50;76m[48;2;110;83;104m▀[0m[38;2;174;148;158m[48;2;184;159;166m▀[0m[38;2;246;225;217m[48;2;241;220;214m▀[0m[38;2;234;213;208m[48;2;234;213;208m▀[0m[38;2;234;213;208m[48;2;240;219;211m▀[0m[38;2;232;211;207m[48;2;201;175;192m▀[0m[38;2;202;177;192m[48;2;223;200;202m▀[0m[38;2;225;203;204m[48;2;236;215;209m▀[0m[38;2;235;214;209m[48;2;234;213;208m▀[0m[38;2;234;213;208m[48;2;234;213;208m▀[0m[38;2;235;214;208m[48;2;227;206;204m▀[0m[38;2;228;206;205m[48;2;199;173;190m▀[0m[38;2;234;213;208m[48;2;233;212;208m▀[0m[38;2;234;213;208m[48;2;234;213;208m▀[0m[38;2;234;213;208m[48;2;236;215;209m▀[0m[38;2;234;213;208m[48;2;220;197;201m▀[0m[38;2;231;209;208m[48;2;166;139;163m▀[0m[38;2;225;202;206m[48;2;176;150;172m▀[0m[38;2;172;146;168m[48;2;200;174;195m▀[0m[38;2;101;76;97m[48;2;176;149;170m▀[0m[38;2;70;42;56m[48;2;108;82;102m▀[0m[38;2;85;63;85m▄[0m          
       [38;2;82;53;79m[48;2;81;53;78m▀[0m[38;2;171;144;155m[48;2;163;137;148m▀[0m[38;2;247;227;220m[48;2;243;222;216m▀[0m[38;2;233;212;208m[48;2;234;213;208m▀[0m[38;2;236;215;210m[48;2;245;225;217m▀[0m[38;2;214;193;190m[48;2;133;109;122m▀[0m[38;2;199;174;187m[48;2;188;166;168m▀[0m[38;2;226;203;204m[48;2;242;221;214m▀[0m[38;2;235;214;209m[48;2;236;215;209m▀[0m[38;2;234;213;208m[48;2;238;217;210m▀[0m[38;2;240;219;213m[48;2;200;178;179m▀[0m[38;2;191;165;186m[48;2;204;180;192m▀[0m[38;2;234;213;208m[48;2;233;212;208m▀[0m[38;2;234;213;208m[48;2;234;213;208m▀[0m[38;2;234;214;208m[48;2;229;208;205m▀[0m[38;2;221;198;202m[48;2;157;130;152m▀[0m[38;2;155;129;151m[48;2;148;124;133m▀[0m[38;2;123;98;112m[48;2;250;230;223m▀[0m[38;2;137;112;127m[48;2;201;178;184m▀[0m[38;2;178;152;174m[48;2;125;99;121m▀[0m[38;2;203;177;198m[48;2;182;156;177m▀[0m[38;2;165;137;160m[48;2;172;146;167m▀[0m[38;2;84;58;78m[48;2;117;90;111m▀[0m[38;2;90;60;82m▄[0m         
       [38;2;81;53;78m[48;2;69;40;66m▀[0m[38;2;164;138;148m[48;2;157;130;146m▀[0m[38;2;245;225;217m[48;2;225;202;207m▀[0m[38;2;237;217;209m[48;2;219;196;200m▀[0m[38;2;235;214;212m[48;2;211;186;201m▀[0m[38;2;134;109;124m[48;2;124;99;121m▀[0m[38;2;182;158;168m[48;2;121;97;119m▀[0m[38;2;226;203;206m[48;2;179;155;178m▀[0m[38;2;220;197;201m[48;2;195;169;191m▀[0m[38;2;226;203;206m[48;2;199;172;195m▀[0m[38;2;102;76;96m[48;2;108;82;102m▀[0m[38;2;212;189;193m[48;2;182;155;178m▀[0m[38;2;237;216;210m[48;2;217;194;200m▀[0m[38;2;235;214;209m[48;2;237;216;210m▀[0m[38;2;222;201;198m[48;2;230;210;204m▀[0m[38;2;102;76;94m[48;2;156;131;140m▀[0m[38;2;255;236;226m[48;2;184;161;165m▀[0m[38;2;226;204;204m[48;2;215;191;199m▀[0m[38;2;193;166;190m[48;2;196;170;192m▀[0m[38;2;163;137;158m[48;2;161;134;156m▀[0m[38;2;121;95;115m[48;2;128;103;120m▀[0m[38;2;206;180;201m[48;2;214;190;205m▀[0m[38;2;164;135;157m[48;2;151;123;146m▀[0m[38;2;89;61;83m[48;2;81;54;75m▀[0m         
      [38;2;211;182;204m[48;2;189;163;189m▀[0m[38;2;138;110;132m[48;2;207;179;198m▀[0m[38;2;135;108;131m[48;2;154;130;142m▀[0m[38;2;202;175;198m[48;2;137;111;132m▀[0m[38;2;198;172;195m[48;2;137;115;134m▀[0m[38;2;161;138;160m[48;2;151;118;134m▀[0m[38;2;155;120;138m[48;2;226;170;179m▀[0m[38;2;161;120;132m[48;2;255;198;205m▀[0m[38;2;192;145;169m[48;2;240;172;189m▀[0m[38;2;154;125;148m[48;2;180;132;147m▀[0m[38;2;142;119;140m[48;2;168;126;139m▀[0m[38;2;96;73;92m[48;2;157;107;133m▀[0m[38;2;191;165;186m[48;2;136;110;132m▀[0m[38;2;191;164;187m[48;2;196;170;191m▀[0m[38;2;215;192;198m[48;2;195;169;192m▀[0m[38;2;216;194;200m[48;2;189;163;185m▀[0m[38;2;213;190;197m[48;2;190;164;186m▀[0m[38;2;138;111;134m[48;2;198;172;193m▀[0m[38;2;194;168;190m[48;2;202;176;197m▀[0m[38;2;182;156;177m[48;2;165;139;161m▀[0m[38;2;147;122;140m[48;2;128;103;116m▀[0m[38;2;190;168;170m[48;2;250;230;222m▀[0m[38;2;235;215;212m[48;2;235;215;208m▀[0m[38;2;182;156;173m[48;2;237;215;214m▀[0m[38;2;125;97;121m[48;2;162;134;152m▀[0m[38;2;90;63;85m[48;2;72;45;70m▀[0m        
    [38;2;28;14;28m▄[0m[38;2;221;188;232m[48;2;136;109;128m▀[0m[38;2;209;180;200m[48;2;245;221;222m▀[0m[38;2;239;217;216m[48;2;227;205;205m▀[0m[38;2;207;184;187m[48;2;201;176;192m▀[0m[38;2;142;118;138m[48;2;203;180;200m▀[0m[38;2;137;91;123m[48;2;201;134;177m▀[0m[38;2;209;146;166m[48;2;212;129;167m▀[0m[38;2;255;196;201m[48;2;241;182;192m▀[0m[38;2;244;185;193m[48;2;248;190;197m▀[0m[38;2;248;190;196m[48;2;224;159;180m▀[0m[38;2;253;193;200m[48;2;243;184;193m▀[0m[38;2;255;194;200m[48;2;251;195;199m▀[0m[38;2;243;177;192m[48;2;225;159;180m▀[0m[38;2;183;136;149m[48;2;251;189;198m▀[0m[38;2;131;106;127m[48;2;190;143;154m▀[0m[38;2;132;108;129m[48;2;185;139;151m▀[0m[38;2;199;173;194m[48;2;123;101;122m▀[0m[38;2;200;174;195m[48;2;126;104;124m▀[0m[38;2;188;163;184m[48;2;133;105;126m▀[0m[38;2;128;106;125m[48;2;164;104;134m▀[0m[38;2;136;113;133m[48;2;170;107;148m▀[0m[38;2;180;155;168m[48;2;211;187;205m▀[0m[38;2;242;221;213m[48;2;218;195;199m▀[0m[38;2;234;213;208m[48;2;238;217;210m▀[0m[38;2;239;218;212m[48;2;233;212;208m▀[0m[38;2;214;191;191m[48;2;241;221;214m▀[0m[38;2;136;109;125m[48;2;221;198;198m▀[0m[38;2;49;24;55m[48;2;127;102;117m▀[0m[38;2;87;57;82m▄[0m[38;2;78;58;78m▄[0m     
 [38;2;89;61;84m▄[0m[38;2;0;0;0m[48;2;104;78;97m▀[0m[38;2;88;60;84m[48;2;209;185;187m▀[0m[38;2;113;88;105m[48;2;212;189;189m▀[0m[38;2;215;192;193m[48;2;245;224;215m▀[0m[38;2;241;221;212m[48;2;226;205;204m▀[0m[38;2;220;197;202m[48;2;196;171;189m▀[0m[38;2;194;167;191m[48;2;207;178;202m▀[0m[38;2;139;123;136m[48;2;118;104;116m▀[0m[38;2;97;66;85m[48;2;0;0;0m▀[0m[38;2;194;100;153m[48;2;202;87;158m▀[0m[38;2;228;146;183m[48;2;77;53;65m▀[0m[38;2;255;190;203m[48;2;56;49;49m▀[0m[38;2;244;184;194m[48;2;192;135;154m▀[0m[38;2;204;126;162m[48;2;244;171;194m▀[0m[38;2;194;111;155m[48;2;240;167;190m▀[0m[38;2;228;163;182m[48;2;255;195;204m▀[0m[38;2;245;185;194m[48;2;255;197;205m▀[0m[38;2;252;191;199m[48;2;255;196;205m▀[0m[38;2;250;190;197m[48;2;255;195;204m▀[0m[38;2;196;148;158m[48;2;238;164;190m▀[0m[38;2;172;115;142m[48;2;209;139;168m▀[0m[38;2;195;131;161m[48;2;59;48;52m▀[0m[38;2;201;131;162m[48;2;57;47;50m▀[0m[38;2;64;42;55m[48;2;0;0;0m▀[0m[38;2;115;102;114m[48;2;30;28;28m▀[0m[38;2;210;181;203m[48;2;120;105;118m▀[0m[38;2;218;196;200m[48;2;214;185;208m▀[0m[38;2;238;217;210m[48;2;225;201;206m▀[0m[38;2;233;212;208m[48;2;239;218;210m▀[0m[38;2;241;220;214m[48;2;235;214;208m▀[0m[38;2;213;190;190m[48;2;237;216;211m▀[0m[38;2;205;180;184m[48;2;242;221;215m▀[0m[38;2;121;96;113m[48;2;213;190;190m▀[0m[38;2;82;56;79m[48;2;203;179;182m▀[0m[38;2;91;63;86m[48;2;210;186;188m▀[0m[38;2;0;0;0m[48;2;104;78;97m▀[0m[38;2;89;61;84m▄[0m 
[38;2;111;83;104m[48;2;46;40;44m▀[0m[38;2;213;190;190m[48;2;211;185;202m▀[0m[38;2;215;193;192m[48;2;209;183;200m▀[0m[38;2;243;222;215m[48;2;206;180;198m▀[0m[38;2;233;212;209m[48;2;205;178;197m▀[0m[38;2;198;173;190m[48;2;204;176;199m▀[0m[38;2;200;175;193m[48;2;154;134;151m▀[0m[38;2;208;180;204m[48;2;43;41;43m▀[0m[38;2;146;128;143m[48;2;44;41;42m▀[0m[38;2;36;35;38m[48;2;0;0;0m▀[0m[38;2;0;0;0m[48;2;182;91;144m▀[0m[38;2;188;90;149m▄[0m[38;2;135;65;109m[48;2;197;116;158m▀[0m[38;2;172;108;140m[48;2;218;144;176m▀[0m[38;2;79;58;67m[48;2;186;126;151m▀[0m[38;2;55;48;47m[48;2;183;122;149m▀[0m[38;2;70;60;59m[48;2;43;36;39m▀[0m[38;2;71;59;60m[48;2;0;4;0m▀[0m[38;2;70;58;60m[48;2;0;0;0m▀[0m[38;2;70;58;60m[48;2;0;6;0m▀[0m[38;2;60;53;52m[48;2;151;78;122m▀[0m[38;2;49;39;44m[48;2;176;120;143m▀[0m[38;2;61;44;53m[48;2;178;118;145m▀[0m[38;2;148;74;119m[48;2;214;136;173m▀[0m[38;2;144;73;115m[48;2;176;114;143m▀[0m[38;2;0;8;3m▄[0m[38;2;0;0;0m▀[0m[38;2;41;39;41m[48;2;0;0;0m▀[0m[38;2;54;49;54m[48;2;0;0;0m▀[0m[38;2;130;114;125m[48;2;40;38;40m▀[0m[38;2;217;189;208m[48;2;53;49;53m▀[0m[38;2;232;208;211m[48;2;44;42;42m▀[0m[38;2;241;221;213m[48;2;153;135;147m▀[0m[38;2;236;215;209m[48;2;210;182;203m▀[0m[38;2;238;217;211m[48;2;235;211;212m▀[0m[38;2;238;218;212m[48;2;244;222;217m▀[0m[38;2;240;219;213m[48;2;243;221;216m▀[0m[38;2;213;191;191m[48;2;246;225;219m▀[0m[38;2;211;188;189m[48;2;249;227;221m▀[0m[38;2;110;83;104m[48;2;47;42;45m▀[0m
[38;2;20;20;20m▀[0m[38;2;43;40;43m[48;2;0;0;0m▀[0m[38;2;43;40;43m[48;2;0;0;0m▀[0m[38;2;43;40;43m[48;2;0;0;0m▀[0m[38;2;43;40;43m[48;2;0;0;0m▀[0m[38;2;45;42;45m[48;2;0;0;0m▀[0m[38;2;39;38;39m[48;2;0;0;0m▀[0m[38;2;0;0;0m▀[0m[38;2;0;0;0m▀[0m[38;2;181;85;144m[48;2;176;85;138m▀[0m[38;2;203;118;163m[48;2;211;125;170m▀[0m[38;2;231;164;185m[48;2;216;147;175m▀[0m[38;2;246;187;195m[48;2;215;146;174m▀[0m[38;2;220;153;176m[48;2;225;150;182m▀[0m[38;2;216;142;174m[48;2;81;60;68m▀[0m[38;2;230;152;186m[48;2;34;31;33m▀[0m[38;2;55;45;49m[48;2;37;32;32m▀[0m[38;2;0;10;0m[48;2;0;0;0m▀[0m [38;2;0;0;0m▄[0m[38;2;189;97;150m[48;2;40;31;37m▀[0m[38;2;217;147;175m[48;2;189;100;150m▀[0m[38;2;247;186;195m[48;2;216;146;175m▀[0m[38;2;238;177;189m[48;2;215;145;173m▀[0m[38;2;210;139;170m[48;2;218;145;177m▀[0m[38;2;149;102;122m[48;2;168;114;138m▀[0m[38;2;6;12;9m[48;2;5;12;9m▀[0m  [38;2;0;0;0m▀[0m[38;2;0;0;0m▀[0m[38;2;0;0;0m▀[0m[38;2;38;35;38m[48;2;0;0;0m▀[0m[38;2;44;41;44m[48;2;0;0;0m▀[0m[38;2;47;44;45m[48;2;0;0;0m▀[0m[38;2;48;46;45m[48;2;0;0;0m▀[0m[38;2;48;46;45m[48;2;0;0;0m▀[0m[38;2;48;46;45m[48;2;0;0;0m▀[0m[38;2;48;46;46m[48;2;0;0;0m▀[0m[38;2;20;26;20m▀[0m
         [38;2;153;102;153m▀[0m[38;2;38;30;34m▀[0m[38;2;32;29;31m▀[0m[38;2;31;28;29m▀[0m[38;2;34;31;32m▀[0m[38;2;29;25;25m▀[0m[38;2;0;0;0m▀[0m    [38;2;13;26;13m▀[0m[38;2;30;26;29m▀[0m[38;2;31;28;30m▀[0m[38;2;31;28;30m▀[0m[38;2;32;30;31m▀[0m[38;2;31;28;30m▀[0m[38;2;0;0;0m▀[0m             
[0m