             [38;2;175;79;199m[48;2;141;56;170m▀[0m[38;2;195;98;204m[48;2;214;120;224m▀[0m[38;2;164;65;170m[48;2;245;147;244m▀[0m[38;2;173;74;175m▄[0m[38;2;0;0;0m▄[0m                      
              [38;2;162;62;173m[48;2;109;0;121m▀[0m[38;2;237;140;238m[48;2;195;96;196m▀[0m[38;2;238;136;232m[48;2;241;141;233m▀[0m[38;2;175;76;176m[48;2;230;126;224m▀[0m[38;2;0;0;0m[48;2;156;60;167m▀[0m                     
               [38;2;170;73;173m[48;2;152;55;160m▀[0m[38;2;239;135;229m[48;2;224;121;217m▀[0m[38;2;235;135;227m[48;2;232;133;223m▀[0m[38;2;207;106;205m[48;2;237;135;229m▀[0m[38;2;140;44;151m[48;2;182;83;185m▀[0m[38;2;119;17;136m▄[0m                   
               [38;2;127;32;139m[48;2;127;42;170m▀[0m[38;2;214;112;209m[48;2;184;85;184m▀[0m[38;2;232;133;224m[48;2;237;136;229m▀[0m[38;2;231;132;223m[48;2;230;131;222m▀[0m[38;2;231;128;226m[48;2;236;135;228m▀[0m[38;2;153;59;161m[48;2;187;100;183m▀[0m[38;2;51;17;51m▄[0m                  
            [38;2;136;42;153m▄[0m[38;2;148;42;148m▄[0m [38;2;117;47;121m▄[0m[38;2;177;78;178m[48;2;187;84;188m▀[0m[38;2;237;136;229m[48;2;227;127;220m▀[0m[38;2;230;131;222m[48;2;231;132;222m▀[0m[38;2;230;131;222m[48;2;230;131;222m▀[0m[38;2;235;132;228m[48;2;238;135;230m▀[0m[38;2;121;57;124m[48;2;157;83;156m▀[0m[38;2;0;0;0m[48;2;0;0;0m▀[0m[38;2;140;44;153m▄[0m[38;2;170;72;176m▄[0m[38;2;106;0;127m▄[0m              
           [38;2;170;42;170m[48;2;117;39;124m▀[0m[38;2;186;90;191m[48;2;220;114;218m▀[0m[38;2;167;70;173m[48;2;162;63;168m▀[0m [38;2;48;38;43m[48;2;129;46;134m▀[0m[38;2;132;73;133m[48;2;151;58;158m▀[0m[38;2;187;92;198m[48;2;201;100;204m▀[0m[38;2;230;130;223m[48;2;227;128;221m▀[0m[38;2;231;132;222m[48;2;230;131;222m▀[0m[38;2;232;133;224m[48;2;230;131;222m▀[0m[38;2;223;122;216m[48;2;239;135;231m▀[0m[38;2;97;44;99m[48;2;131;69;132m▀[0m[38;2;134;13;147m[48;2;133;40;139m▀[0m[38;2;202;100;204m[48;2;132;54;140m▀[0m[38;2;196;96;198m[48;2;167;91;168m▀[0m[38;2;81;23;92m[48;2;67;42;65m▀[0m             
           [38;2;18;18;28m▀[0m[38;2;116;56;120m[48;2;35;28;31m▀[0m[38;2;162;65;170m[48;2;148;73;148m▀[0m[38;2;162;49;170m▄[0m[38;2;71;39;69m▀[0m[38;2;128;71;129m[48;2;90;24;99m▀[0m[38;2;154;77;160m[48;2;145;65;158m▀[0m[38;2;178;82;191m[48;2;209;112;210m▀[0m[38;2;230;131;223m[48;2;231;132;223m▀[0m[38;2;230;131;222m[48;2;230;131;222m▀[0m[38;2;234;135;225m[48;2;233;134;224m▀[0m[38;2;200;101;199m[48;2;206;104;203m▀[0m[38;2;172;76;178m[48;2;138;73;140m▀[0m[38;2;89;55;86m[48;2;0;0;0m▀[0m[38;2;4;8;4m▀[0m[38;2;39;19;19m▀[0m             
            [38;2;0;0;0m▀[0m[38;2;106;61;104m[48;2;54;34;54m▀[0m[38;2;166;68;168m[48;2;170;83;172m▀[0m[38;2;141;40;151m▄[0m[38;2;168;68;172m[48;2;200;104;202m▀[0m[38;2;231;127;227m[48;2;225;128;227m▀[0m[38;2;233;133;223m[48;2;225;128;225m▀[0m[38;2;230;131;222m[48;2;232;134;225m▀[0m[38;2;233;134;224m[48;2;226;127;219m▀[0m[38;2;216;115;211m[48;2;183;88;184m▀[0m[38;2;163;81;165m[48;2;140;80;136m▀[0m[38;2;143;78;145m[48;2;211;116;217m▀[0m[38;2;123;65;137m[48;2;212;88;169m▀[0m[38;2;8;8;43m[48;2;106;36;36m▀[0m[38;2;0;0;0m▄[0m             
             [38;2;0;0;0m[48;2;153;0;153m▀[0m[38;2;132;76;127m[48;2;120;72;128m▀[0m[38;2;185;83;192m[48;2;160;63;133m▀[0m[38;2;212;88;150m[48;2;234;64;58m▀[0m[38;2;229;75;97m[48;2;246;70;57m▀[0m[38;2;223;78;109m[48;2;220;58;56m▀[0m[38;2;213;106;195m[48;2;179;76;152m▀[0m[38;2;203;104;204m[48;2;146;82;151m▀[0m[38;2;151;85;149m[48;2;159;94;158m▀[0m[38;2;194;112;192m[48;2;223;110;198m▀[0m[38;2;219;101;183m[48;2;209;83;151m▀[0m[38;2;214;88;156m[48;2;236;143;240m▀[0m[38;2;188;103;171m[48;2;244;147;241m▀[0m[38;2;142;85;138m[48;2;240;138;232m▀[0m[38;2;101;45;103m[48;2;208;105;208m▀[0m[38;2;127;36;138m▄[0m           
     [38;2;136;35;143m▄[0m[38;2;182;83;183m▄[0m[38;2;106;8;123m[48;2;208;112;208m▀[0m[38;2;100;0;118m[48;2;200;103;199m▀[0m[38;2;173;72;178m▄[0m[38;2;141;42;153m▄[0m[38;2;131;21;138m▄[0m[38;2;154;57;162m▄[0m[38;2;159;63;168m[48;2;164;65;174m▀[0m[38;2;209;107;208m[48;2;206;114;191m▀[0m[38;2;178;54;73m[48;2;187;85;70m▀[0m[38;2;246;70;58m[48;2;219;65;75m▀[0m[38;2;239;66;57m[48;2;214;92;158m▀[0m[38;2;207;62;80m[48;2;209;71;123m▀[0m[38;2;157;54;59m[48;2;216;76;83m▀[0m[38;2;172;45;60m[48;2;194;104;109m▀[0m[38;2;198;97;193m[48;2;195;97;206m▀[0m[38;2;207;79;144m[48;2;201;75;133m▀[0m[38;2;204;97;185m[48;2;194;97;177m▀[0m[38;2;235;137;229m[48;2;234;134;227m▀[0m[38;2;231;132;223m[48;2;232;133;224m▀[0m[38;2;232;132;224m[48;2;216;120;209m▀[0m[38;2;201;105;199m[48;2;181;92;181m▀[0m[38;2;74;43;78m[48;2;226;137;221m▀[0m[38;2;173;83;174m▄[0m[38;2;113;39;113m▄[0m [38;2;0;0;0m▄[0m[38;2;0;4;0m▄[0m[38;2;0;0;0m▄[0m     
  [38;2;85;0;85m▄[0m[38;2;174;76;176m▄[0m[38;2;173;74;176m[48;2;230;128;224m▀[0m[38;2;222;121;219m[48;2;241;144;235m▀[0m[38;2;249;151;245m[48;2;231;132;223m▀[0m[38;2;248;154;244m[48;2;230;131;221m▀[0m[38;2;238;139;230m[48;2;230;131;222m▀[0m[38;2;238;134;231m[48;2;225;127;220m▀[0m[38;2;196;104;192m[48;2;221;121;220m▀[0m[38;2;136;66;135m[48;2;169;91;172m▀[0m[38;2;184;87;185m[48;2;119;60;120m▀[0m[38;2;223;121;225m[48;2;157;88;155m▀[0m[38;2;192;99;189m[48;2;215;128;209m▀[0m[38;2;173;95;140m[48;2;234;135;231m▀[0m[38;2;204;109;198m[48;2;239;137;231m▀[0m[38;2;219;120;222m[48;2;227;125;224m▀[0m[38;2;193;106;179m[48;2;206;114;194m▀[0m[38;2;113;115;82m[48;2;209;164;147m▀[0m[38;2;191;164;141m[48;2;219;140;200m▀[0m[38;2;213;111;224m[48;2;215;115;221m▀[0m[38;2;184;70;112m[48;2;197;86;147m▀[0m[38;2;153;83;140m[48;2;118;49;97m▀[0m[38;2;237;135;230m[48;2;192;92;210m▀[0m[38;2;225;126;220m[48;2;184;86;199m▀[0m[38;2;198;102;204m[48;2;181;81;199m▀[0m[38;2;127;61;138m[48;2;184;83;203m▀[0m[38;2;141;74;146m[48;2;57;31;62m▀[0m[38;2;191;93;200m[48;2;38;24;41m▀[0m[38;2;145;76;148m[48;2;152;89;150m▀[0m[38;2;66;44;65m[48;2;224;128;216m▀[0m[38;2;157;92;151m[48;2;239;136;231m▀[0m[38;2;182;106;176m[48;2;236;134;228m▀[0m[38;2;180;103;174m[48;2;238;136;229m▀[0m[38;2;132;59;133m[48;2;227;125;221m▀[0m[38;2;122;31;132m[48;2;170;69;179m▀[0m[38;2;150;51;163m▄[0m  
 [38;2;159;0;191m▄[0m[38;2;149;49;155m[48;2;179;80;183m▀[0m[38;2;224;119;218m[48;2;238;137;231m▀[0m[38;2;234;134;225m[48;2;231;132;222m▀[0m[38;2;230;130;221m[48;2;227;129;221m▀[0m[38;2;231;131;222m[48;2;210;112;212m▀[0m[38;2;222;124;218m[48;2;213;114;214m▀[0m[38;2;210;112;212m[48;2;226;127;220m▀[0m[38;2;211;112;212m[48;2;232;133;223m▀[0m[38;2;220;121;217m[48;2;232;133;223m▀[0m[38;2;234;132;228m[48;2;235;132;229m▀[0m[38;2;173;85;174m[48;2;125;63;132m▀[0m[38;2;81;29;90m[48;2;0;0;0m▀[0m[38;2;90;39;94m[48;2;11;5;11m▀[0m[38;2;125;64;113m[48;2;97;29;38m▀[0m[38;2;134;79;137m[48;2;191;72;139m▀[0m[38;2;129;69;135m[48;2;214;96;155m▀[0m[38;2;173;77;180m[48;2;241;112;156m▀[0m[38;2;205;101;215m[48;2;230;99;151m▀[0m[38;2;216;118;221m[48;2;238;116;176m▀[0m[38;2;230;134;228m[48;2;217;103;176m▀[0m[38;2;197;96;204m[48;2;180;65;141m▀[0m[38;2;136;43;72m[48;2;186;68;142m▀[0m[38;2;135;61;140m[48;2;145;51;93m▀[0m[38;2;177;81;196m[48;2;114;52;112m▀[0m[38;2;171;78;188m[48;2;114;54;110m▀[0m[38;2;115;60;116m[48;2;138;116;29m▀[0m[38;2;29;14;26m[48;2;85;32;88m▀[0m[38;2;119;66;115m[48;2;175;73;179m▀[0m[38;2;253;156;250m[48;2;239;141;232m▀[0m[38;2;241;143;235m[48;2;246;152;243m▀[0m[38;2;229;130;221m[48;2;231;132;223m▀[0m[38;2;230;131;222m[48;2;230;131;222m▀[0m[38;2;230;131;222m[48;2;230;131;222m▀[0m[38;2;234;135;225m[48;2;232;133;224m▀[0m[38;2;203;103;201m[48;2;217;119;214m▀[0m[38;2;171;70;187m[48;2;169;70;182m▀[0m[38;2;154;55;166m[48;2;169;71;185m▀[0m[38;2;127;0;127m[48;2;139;39;147m▀[0m
[38;2;143;148;143m▄[0m[38;2;82;29;92m[48;2;164;143;167m▀[0m[38;2;197;74;153m[48;2;208;100;198m▀[0m[38;2;221;118;208m[48;2;226;86;129m▀[0m[38;2;220;122;219m[48;2;215;114;209m▀[0m[38;2;209;111;211m[48;2;231;133;224m▀[0m[38;2;226;127;220m[48;2;231;132;223m▀[0m[38;2;232;133;223m[48;2;231;132;223m▀[0m[38;2;230;131;222m[48;2;232;133;223m▀[0m[38;2;230;131;222m[48;2;229;130;222m▀[0m[38;2;233;134;224m[48;2;212;111;215m▀[0m[38;2;209;109;214m[48;2;159;74;174m▀[0m[38;2;73;37;81m[48;2;41;24;44m▀[0m[38;2;140;25;153m[48;2;150;0;165m▀[0m[38;2;120;54;122m[48;2;180;85;187m▀[0m[38;2;30;19;22m[48;2;192;96;165m▀[0m[38;2;200;97;154m[48;2;191;95;175m▀[0m[38;2;235;127;215m[48;2;203;106;214m▀[0m[38;2;245;151;238m[48;2;219;120;213m▀[0m[38;2;234;135;225m[48;2;221;122;214m▀[0m[38;2;234;121;194m[48;2;210;113;212m▀[0m[38;2;205;90;169m[48;2;188;91;200m▀[0m[38;2;196;92;186m[48;2;226;128;223m▀[0m[38;2;180;84;204m[48;2;186;87;204m▀[0m[38;2;189;80;185m[48;2;160;48;82m▀[0m[38;2;162;48;77m[48;2;153;79;120m▀[0m[38;2;124;51;82m[48;2;203;120;200m▀[0m[38;2;86;71;29m[48;2;177;90;180m▀[0m[38;2;108;41;121m[48;2;94;44;102m▀[0m[38;2;180;79;189m[48;2;172;74;188m▀[0m[38;2;227;128;219m[48;2;200;102;198m▀[0m[38;2;233;135;226m[48;2;234;134;225m▀[0m[38;2;231;132;223m[48;2;230;131;222m▀[0m[38;2;230;131;222m[48;2;231;132;222m▀[0m[38;2;231;132;222m[48;2;229;132;226m▀[0m[38;2;229;130;223m[48;2;218;115;206m▀[0m[38;2;211;114;215m[48;2;228;119;198m▀[0m[38;2;179;81;187m[48;2;184;83;185m▀[0m[38;2;179;77;196m[48;2;169;72;188m▀[0m[38;2;150;51;161m[48;2;165;66;179m▀[0m
[38;2;100;101;100m▀[0m[38;2;111;95;113m[48;2;67;71;67m▀[0m[38;2;161;76;163m[48;2;156;161;156m▀[0m[38;2;209;97;172m[48;2;151;97;162m▀[0m[38;2;198;85;158m[48;2;177;49;121m▀[0m[38;2;232;134;228m[48;2;188;84;187m▀[0m[38;2;225;126;219m[48;2;186;88;202m▀[0m[38;2;220;121;217m[48;2;183;83;201m▀[0m[38;2;203;105;209m[48;2;185;83;203m▀[0m[38;2;194;93;207m[48;2;158;73;173m▀[0m[38;2;182;82;200m[48;2;96;47;105m▀[0m[38;2;94;47;103m[48;2;0;0;0m▀[0m[38;2;0;0;0m▀[0m[38;2;90;22;90m[48;2;58;38;58m▀[0m[38;2;203;105;202m[48;2;212;114;213m▀[0m[38;2;240;128;207m[48;2;191;94;206m▀[0m[38;2;158;61;99m[48;2;165;62;131m▀[0m[38;2;181;86;190m[48;2;130;55;108m▀[0m[38;2;155;56;163m[48;2;161;63;177m▀[0m[38;2;181;82;182m[48;2;164;63;173m▀[0m[38;2;181;83;183m[48;2;184;85;184m▀[0m[38;2;160;63;171m[48;2;167;69;174m▀[0m[38;2;218;119;211m[48;2;174;76;178m▀[0m[38;2;206;104;213m[48;2;193;93;209m▀[0m[38;2;132;41;70m[48;2;151;53;96m▀[0m[38;2;190;113;186m[48;2;159;83;150m▀[0m[38;2;242;139;233m[48;2;225;123;225m▀[0m[38;2;232;129;227m[48;2;209;106;216m▀[0m[38;2;126;61;137m[48;2;150;70;165m▀[0m[38;2;155;71;170m[48;2;130;62;141m▀[0m[38;2;177;77;186m[48;2;184;82;202m▀[0m[38;2;221;122;214m[48;2;175;77;185m▀[0m[38;2;234;135;225m[48;2;210;112;209m▀[0m[38;2;228;131;225m[48;2;214;99;178m▀[0m[38;2;211;94;169m[48;2;186;66;144m▀[0m[38;2;197;69;132m[48;2;178;78;198m▀[0m[38;2;188;62;133m[48;2;150;82;168m▀[0m[38;2;192;60;122m[48;2;141;75;147m▀[0m[38;2;183;70;163m[48;2;208;72;139m▀[0m[38;2;137;62;153m[48;2;100;46;97m▀[0m
[38;2;9;9;9m[48;2;0;0;0m▀[0m[38;2;91;91;91m[48;2;0;0;0m▀[0m[38;2;106;107;106m[48;2;30;30;30m▀[0m[38;2;119;79;126m[48;2;50;56;47m▀[0m[38;2;107;31;71m[48;2;0;10;0m▀[0m[38;2;140;58;144m[48;2;36;27;42m▀[0m[38;2;178;82;196m[48;2;52;31;56m▀[0m[38;2;155;72;170m[48;2;38;23;38m▀[0m[38;2;99;49;108m[48;2;0;0;0m▀[0m[38;2;32;21;35m▀[0m[38;2;0;0;0m▀[0m  [38;2;31;15;31m[48;2;120;53;134m▀[0m[38;2;100;46;110m[48;2;142;91;146m▀[0m[38;2;113;50;125m[48;2;172;95;174m▀[0m[38;2;135;57;147m[48;2;181;79;187m▀[0m[38;2;50;22;31m[48;2;89;44;100m▀[0m[38;2;87;41;96m[48;2;0;0;0m▀[0m[38;2;133;49;142m[48;2;28;16;28m▀[0m[38;2;160;59;173m[48;2;92;43;100m▀[0m[38;2;167;65;181m[48;2;102;47;110m▀[0m[38;2;158;55;171m[48;2;103;47;112m▀[0m[38;2;173;74;192m[48;2;76;38;81m▀[0m[38;2;150;74;134m[48;2;27;16;32m▀[0m[38;2;86;48;65m[48;2;0;0;0m▀[0m[38;2;160;72;178m[48;2;64;30;68m▀[0m[38;2;133;61;146m[48;2;106;48;114m▀[0m[38;2;169;78;185m[48;2;86;44;94m▀[0m[38;2;108;53;117m[48;2;39;23;41m▀[0m[38;2;170;79;186m[48;2;90;46;98m▀[0m[38;2;182;82;200m[48;2;175;81;191m▀[0m[38;2;167;69;181m[48;2;180;78;197m▀[0m[38;2;192;61;118m[48;2;194;57;120m▀[0m[38;2;172;73;183m[48;2;122;61;129m▀[0m[38;2;162;71;179m[48;2;107;78;112m▀[0m[38;2;193;185;193m[48;2;150;96;158m▀[0m[38;2;144;134;151m[48;2;159;159;158m▀[0m[38;2;151;59;127m[48;2;60;38;67m▀[0m[38;2;60;24;7m[48;2;0;0;0m▀[0m
            [38;2;0;0;0m[48;2;0;0;0m▀[0m[38;2;96;95;96m[48;2;25;25;25m▀[0m[38;2;191;188;191m[48;2;4;4;4m▀[0m[38;2;139;98;142m[48;2;4;0;4m▀[0m[38;2;117;59;124m[48;2;0;0;0m▀[0m[38;2;70;37;77m▀[0m[38;2;0;0;0m▀[0m [38;2;0;0;0m▀[0m[38;2;0;0;0m▀[0m[38;2;0;0;0m▀[0m   [38;2;143;58;147m[48;2;42;22;42m▀[0m[38;2;192;107;187m[48;2;124;62;128m▀[0m[38;2;121;58;128m[48;2;151;141;152m▀[0m[38;2;131;34;142m[48;2;131;118;134m▀[0m[38;2;0;0;0m▄[0m[38;2;68;36;73m▀[0m[38;2;126;61;143m[48;2;0;0;0m▀[0m[38;2;161;53;124m[48;2;35;19;35m▀[0m[38;2;181;91;140m[48;2;80;31;53m▀[0m[38;2;198;204;201m[48;2;106;103;109m▀[0m[38;2;118;81;124m[48;2;105;108;105m▀[0m[38;2;101;98;102m[48;2;29;29;29m▀[0m[38;2;61;66;61m[48;2;108;108;108m▀[0m 
                           [38;2;0;0;0m▀[0m[38;2;85;87;85m▀[0m[38;2;99;101;99m▀[0m[38;2;6;6;6m▀[0m         
[0m