       [38;2;123;123;139m▄[0m   [38;2;123;123;139m[48;2;123;123;139m▀[0m                                                       
      [38;2;164;164;180m▄[0m[38;2;123;123;139m[48;2;123;123;139m▀[0m   [38;2;123;123;139m[48;2;123;123;139m▀[0m[38;2;164;164;180m[48;2;164;164;180m▀[0m                                                      
      [38;2;164;164;180m[48;2;213;213;222m▀[0m[38;2;123;123;139m[48;2;123;123;139m▀[0m   [38;2;123;123;139m[48;2;123;123;139m▀[0m[38;2;213;213;222m[48;2;252;252;252m▀[0m[38;2;164;164;180m▄[0m                                                     
     [38;2;164;164;180m[48;2;164;164;180m▀[0m[38;2;252;252;252m[48;2;252;252;252m▀[0m[38;2;123;123;139m[48;2;123;123;139m▀[0m   [38;2;123;123;139m[48;2;123;123;139m▀[0m[38;2;252;252;252m[48;2;252;252;252m▀[0m[38;2;213;213;222m[48;2;252;252;252m▀[0m[38;2;164;164;180m▄[0m                                                    
    [38;2;164;164;180m▄[0m[38;2;213;213;222m[48;2;252;252;252m▀[0m[38;2;252;252;252m[48;2;213;213;222m▀[0m[38;2;1;1;1m[48;2;1;1;1m▀[0m   [38;2;123;123;139m▀[0m[38;2;252;252;252m[48;2;123;123;139m▀[0m[38;2;252;252;252m[48;2;252;252;252m▀[0m[38;2;164;164;180m[48;2;252;252;252m▀[0m[38;2;164;164;180m▄[0m                                                   
   [38;2;164;164;180m▄[0m[38;2;164;164;180m[48;2;252;252;252m▀[0m[38;2;252;252;252m[48;2;252;252;252m▀[0m[38;2;123;123;139m[48;2;1;1;1m▀[0m     [38;2;123;123;139m▀[0m[38;2;213;213;222m[48;2;123;123;139m▀[0m[38;2;252;252;252m[48;2;252;252;252m▀[0m[38;2;252;252;252m[48;2;252;252;252m▀[0m[38;2;164;164;180m[48;2;252;252;252m▀[0m[38;2;164;164;180m▄[0m                                                 
  [38;2;123;123;139m[48;2;164;164;180m▀[0m[38;2;252;252;252m[48;2;252;252;252m▀[0m[38;2;252;252;252m[48;2;252;252;252m▀[0m[38;2;213;213;222m[48;2;1;1;1m▀[0m[38;2;1;1;1m▀[0m       [38;2;123;123;139m[48;2;123;123;139m▀[0m[38;2;252;252;252m[48;2;164;164;180m▀[0m[38;2;252;252;252m[48;2;252;252;252m▀[0m[38;2;252;252;252m[48;2;252;252;252m▀[0m[38;2;164;164;180m[48;2;213;213;222m▀[0m[38;2;123;123;139m▄[0m                                               
 [38;2;123;123;139m[48;2;123;123;139m▀[0m[38;2;213;213;222m[48;2;213;213;222m▀[0m[38;2;252;252;252m[48;2;252;252;252m▀[0m[38;2;164;164;180m[48;2;213;213;222m▀[0m[38;2;1;1;1m[48;2;1;1;1m▀[0m         [38;2;123;123;139m[48;2;123;123;139m▀[0m[38;2;164;164;180m[48;2;252;252;252m▀[0m[38;2;252;252;252m[48;2;252;252;252m▀[0m[38;2;252;252;252m[48;2;252;252;252m▀[0m[38;2;164;164;180m[48;2;213;213;222m▀[0m[38;2;1;1;1m▄[0m                                              
 [38;2;123;123;139m▀[0m[38;2;164;164;180m[48;2;123;123;139m▀[0m[38;2;252;252;252m[48;2;213;213;222m▀[0m[38;2;252;252;252m[48;2;252;252;252m▀[0m[38;2;123;123;139m[48;2;252;252;252m▀[0m[38;2;1;1;1m[48;2;1;1;1m▀[0m       [38;2;123;123;139m▄[0m[38;2;123;123;139m[48;2;252;252;252m▀[0m[38;2;252;252;252m[48;2;252;252;252m▀[0m[38;2;252;252;252m[48;2;252;252;252m▀[0m[38;2;252;252;252m[48;2;252;252;252m▀[0m[38;2;213;213;222m[48;2;164;164;180m▀[0m[38;2;1;1;1m[48;2;1;1;1m▀[0m                                              
  [38;2;1;1;1m▀[0m[38;2;164;164;180m[48;2;1;1;1m▀[0m[38;2;213;213;222m[48;2;164;164;180m▀[0m[38;2;213;213;222m[48;2;164;164;180m▀[0m[38;2;164;164;180m[48;2;164;164;180m▀[0m[38;2;1;1;1m[48;2;164;164;180m▀[0m[38;2;1;1;1m▄[0m    [38;2;123;123;139m▄[0m[38;2;123;123;139m[48;2;252;252;252m▀[0m[38;2;252;252;252m[48;2;252;252;252m▀[0m[38;2;252;252;252m[48;2;252;252;252m▀[0m[38;2;252;252;252m[48;2;252;252;252m▀[0m[38;2;252;252;252m[48;2;123;123;139m▀[0m[38;2;1;1;1m▀[0m                                               
    [38;2;1;1;1m▀[0m[38;2;164;164;180m[48;2;1;1;1m▀[0m[38;2;164;164;180m[48;2;164;164;180m▀[0m[38;2;164;164;180m[48;2;95;26;13m▀[0m[38;2;164;164;180m[48;2;95;26;13m▀[0m[38;2;95;26;13m[48;2;157;70;68m▀[0m[38;2;41;41;164m[48;2;98;123;246m▀[0m[38;2;41;41;164m[48;2;98;123;246m▀[0m[38;2;123;123;139m[48;2;123;123;139m▀[0m[38;2;164;164;180m[48;2;252;252;252m▀[0m[38;2;252;252;252m[48;2;252;252;252m▀[0m[38;2;252;252;252m[48;2;252;252;252m▀[0m[38;2;252;252;252m[48;2;252;252;252m▀[0m[38;2;252;252;252m[48;2;164;164;180m▀[0m[38;2;1;1;1m[48;2;1;1;1m▀[0m                                     [38;2;41;41;164m[48;2;1;1;1m▀[0m[38;2;41;41;164m[48;2;98;123;246m▀[0m[38;2;41;41;164m▄[0m[38;2;41;41;164m▄[0m       
     [38;2;1;1;1m[48;2;95;26;13m▀[0m[38;2;95;26;13m[48;2;157;70;68m▀[0m[38;2;248;118;108m[48;2;248;118;108m▀[0m[38;2;157;70;68m[48;2;157;70;68m▀[0m[38;2;98;123;246m[48;2;98;123;246m▀[0m[38;2;98;123;246m[48;2;98;123;246m▀[0m[38;2;98;123;246m[48;2;98;123;246m▀[0m[38;2;1;1;1m[48;2;98;123;246m▀[0m[38;2;252;252;252m[48;2;1;1;1m▀[0m[38;2;252;252;252m[48;2;252;252;252m▀[0m[38;2;252;252;252m[48;2;252;252;252m▀[0m[38;2;252;252;252m[48;2;164;164;180m▀[0m[38;2;1;1;1m[48;2;1;1;1m▀[0m                                   [38;2;1;1;1m[48;2;1;1;1m▀[0m[38;2;41;41;164m[48;2;98;123;246m▀[0m[38;2;41;41;164m▄[0m [38;2;1;1;1m▀[0m[38;2;98;123;246m[48;2;1;1;1m▀[0m[38;2;98;123;246m[48;2;65;74;197m▀[0m[38;2;41;41;164m[48;2;98;123;246m▀[0m[38;2;41;41;164m[48;2;98;123;246m▀[0m[38;2;41;41;164m▄[0m    
    [38;2;95;26;13m▄[0m[38;2;95;26;13m[48;2;157;70;68m▀[0m[38;2;248;118;108m[48;2;248;118;108m▀[0m[38;2;157;70;68m[48;2;157;70;68m▀[0m[38;2;98;123;246m[48;2;98;123;246m▀[0m[38;2;98;123;246m[48;2;98;123;246m▀[0m[38;2;98;123;246m[48;2;98;123;246m▀[0m[38;2;98;123;246m[48;2;65;74;197m▀[0m[38;2;98;123;246m[48;2;65;74;197m▀[0m[38;2;98;123;246m[48;2;98;123;246m▀[0m[38;2;1;1;1m[48;2;98;123;246m▀[0m[38;2;1;1;1m[48;2;98;123;246m▀[0m[38;2;1;1;1m[48;2;65;74;197m▀[0m[38;2;65;74;197m[48;2;65;74;197m▀[0m[38;2;1;1;1m[48;2;1;1;1m▀[0m         [38;2;123;123;139m▄[0m[38;2;123;123;139m▄[0m                       [38;2;1;1;1m▀[0m[38;2;65;74;197m[48;2;1;1;1m▀[0m[38;2;98;123;246m[48;2;65;74;197m▀[0m[38;2;41;41;164m[48;2;98;123;246m▀[0m[38;2;41;41;164m▄[0m [38;2;1;1;1m▀[0m[38;2;1;1;1m[48;2;1;1;1m▀[0m[38;2;65;74;197m[48;2;1;1;1m▀[0m[38;2;98;123;246m[48;2;65;74;197m▀[0m[38;2;41;41;164m[48;2;98;123;246m▀[0m[38;2;41;41;164m▄[0m  
    [38;2;95;26;13m[48;2;95;26;13m▀[0m[38;2;157;70;68m[48;2;157;70;68m▀[0m[38;2;248;118;108m[48;2;248;118;108m▀[0m[38;2;157;70;68m[48;2;157;70;68m▀[0m[38;2;98;123;246m[48;2;65;74;197m▀[0m[38;2;98;123;246m[48;2;201;33;38m▀[0m[38;2;65;74;197m[48;2;252;252;252m▀[0m[38;2;213;213;222m[48;2;252;252;252m▀[0m[38;2;65;74;197m[48;2;98;123;246m▀[0m[38;2;98;123;246m[48;2;98;123;246m▀[0m[38;2;98;123;246m[48;2;95;26;13m▀[0m[38;2;98;123;246m[48;2;98;123;246m▀[0m[38;2;98;123;246m[48;2;98;123;246m▀[0m[38;2;65;74;197m[48;2;65;74;197m▀[0m[38;2;1;1;1m[48;2;1;1;1m▀[0m        [38;2;123;123;139m[48;2;123;123;139m▀[0m[38;2;252;252;252m[48;2;252;252;252m▀[0m[38;2;1;1;1m[48;2;1;1;1m▀[0m                        [38;2;1;1;1m▀[0m[38;2;1;1;1m[48;2;1;1;1m▀[0m[38;2;65;74;197m[48;2;1;1;1m▀[0m[38;2;98;123;246m[48;2;65;74;197m▀[0m[38;2;41;41;164m[48;2;98;123;246m▀[0m[38;2;41;41;164m▄[0m [38;2;1;1;1m[48;2;41;41;164m▀[0m[38;2;1;1;1m[48;2;1;1;1m▀[0m[38;2;65;74;197m[48;2;1;1;1m▀[0m[38;2;98;123;246m[48;2;65;74;197m▀[0m[38;2;41;41;164m[48;2;98;123;246m▀[0m[38;2;1;1;1m▄[0m
   [38;2;95;26;13m▄[0m[38;2;95;26;13m[48;2;248;118;108m▀[0m[38;2;248;118;108m[48;2;248;118;108m▀[0m[38;2;248;118;108m[48;2;248;118;108m▀[0m[38;2;157;70;68m[48;2;248;118;108m▀[0m[38;2;0;0;0m[48;2;95;26;13m▀[0m[38;2;201;33;38m[48;2;65;74;197m▀[0m[38;2;252;252;252m[48;2;98;123;246m▀[0m[38;2;65;74;197m[48;2;98;123;246m▀[0m[38;2;98;123;246m[48;2;95;26;13m▀[0m[38;2;95;26;13m[48;2;248;118;108m▀[0m[38;2;157;70;68m[48;2;157;70;68m▀[0m[38;2;98;123;246m[48;2;98;123;246m▀[0m[38;2;98;123;246m[48;2;98;123;246m▀[0m[38;2;98;123;246m[48;2;98;123;246m▀[0m[38;2;1;1;1m[48;2;1;1;1m▀[0m       [38;2;123;123;139m[48;2;123;123;139m▀[0m[38;2;252;252;252m[48;2;252;252;252m▀[0m[38;2;252;252;252m[48;2;164;164;180m▀[0m[38;2;1;1;1m[48;2;1;1;1m▀[0m                          [38;2;1;1;1m[48;2;1;1;1m▀[0m[38;2;1;1;1m[48;2;1;1;1m▀[0m[38;2;65;74;197m[48;2;1;1;1m▀[0m[38;2;98;123;246m[48;2;65;74;197m▀[0m[38;2;41;41;164m[48;2;98;123;246m▀[0m[38;2;41;41;164m[48;2;98;123;246m▀[0m[38;2;1;1;1m[48;2;98;123;246m▀[0m[38;2;1;1;1m[48;2;1;1;1m▀[0m[38;2;1;1;1m▀[0m[38;2;1;1;1m▀[0m[38;2;1;1;1m▀[0m
[38;2;1;1;1m▄[0m[38;2;1;1;1m[48;2;1;1;1m▀[0m[38;2;1;1;1m[48;2;95;26;13m▀[0m[38;2;95;26;13m[48;2;248;118;108m▀[0m[38;2;248;118;108m[48;2;248;118;108m▀[0m[38;2;248;118;108m[48;2;248;118;108m▀[0m[38;2;248;118;108m[48;2;248;118;108m▀[0m[38;2;248;118;108m[48;2;248;118;108m▀[0m[38;2;248;118;108m[48;2;248;118;108m▀[0m[38;2;95;26;13m[48;2;248;118;108m▀[0m[38;2;95;26;13m[48;2;248;118;108m▀[0m[38;2;157;70;68m[48;2;248;118;108m▀[0m[38;2;248;118;108m[48;2;157;70;68m▀[0m[38;2;248;118;108m[48;2;157;70;68m▀[0m[38;2;95;26;13m[48;2;65;74;197m▀[0m[38;2;98;123;246m[48;2;98;123;246m▀[0m[38;2;98;123;246m[48;2;98;123;246m▀[0m[38;2;98;123;246m[48;2;98;123;246m▀[0m[38;2;1;1;1m[48;2;1;1;1m▀[0m      [38;2;123;123;139m[48;2;123;123;139m▀[0m[38;2;252;252;252m[48;2;252;252;252m▀[0m[38;2;252;252;252m[48;2;252;252;252m▀[0m[38;2;164;164;180m[48;2;164;164;180m▀[0m[38;2;1;1;1m[48;2;1;1;1m▀[0m                           [38;2;1;1;1m▀[0m[38;2;1;1;1m[48;2;1;1;1m▀[0m[38;2;1;1;1m[48;2;1;1;1m▀[0m[38;2;1;1;1m[48;2;1;1;1m▀[0m[38;2;65;74;197m[48;2;1;1;1m▀[0m[38;2;1;1;1m▀[0m[38;2;1;1;1m[48;2;1;1;1m▀[0m[38;2;1;1;1m[48;2;1;1;1m▀[0m  
[38;2;95;26;13m▀[0m[38;2;157;70;68m[48;2;1;1;1m▀[0m[38;2;248;118;108m[48;2;1;1;1m▀[0m[38;2;248;118;108m[48;2;1;1;1m▀[0m[38;2;248;118;108m[48;2;1;1;1m▀[0m[38;2;248;118;108m[48;2;213;213;222m▀[0m[38;2;95;26;13m[48;2;157;70;68m▀[0m[38;2;1;1;1m[48;2;157;70;68m▀[0m[38;2;95;26;13m[48;2;157;70;68m▀[0m[38;2;157;70;68m[48;2;157;70;68m▀[0m[38;2;157;70;68m[48;2;95;26;13m▀[0m[38;2;157;70;68m[48;2;1;1;1m▀[0m[38;2;157;70;68m[48;2;1;1;1m▀[0m[38;2;95;26;13m[48;2;65;74;197m▀[0m[38;2;65;74;197m[48;2;65;74;197m▀[0m[38;2;98;123;246m[48;2;98;123;246m▀[0m[38;2;98;123;246m[48;2;98;123;246m▀[0m[38;2;98;123;246m[48;2;98;123;246m▀[0m[38;2;41;41;164m[48;2;98;123;246m▀[0m[38;2;123;123;139m[48;2;1;1;1m▀[0m[38;2;123;123;139m[48;2;213;213;222m▀[0m[38;2;123;123;139m▄[0m [38;2;123;123;139m▄[0m[38;2;123;123;139m[48;2;252;252;252m▀[0m[38;2;252;252;252m[48;2;252;252;252m▀[0m[38;2;252;252;252m[48;2;252;252;252m▀[0m[38;2;164;164;180m[48;2;164;164;180m▀[0m[38;2;213;213;222m[48;2;1;1;1m▀[0m[38;2;1;1;1m▀[0m                             [38;2;1;1;1m▀[0m[38;2;1;1;1m[48;2;1;1;1m▀[0m[38;2;1;1;1m[48;2;1;1;1m▀[0m  [38;2;1;1;1m[48;2;1;1;1m▀[0m[38;2;1;1;1m[48;2;1;1;1m▀[0m 
  [38;2;1;1;1m▀[0m[38;2;157;70;68m[48;2;1;1;1m▀[0m[38;2;157;70;68m[48;2;1;1;1m▀[0m[38;2;157;70;68m[48;2;1;1;1m▀[0m[38;2;95;26;13m▀[0m[38;2;1;1;1m[48;2;123;123;139m▀[0m[38;2;1;1;1m[48;2;164;164;180m▀[0m[38;2;1;1;1m[48;2;41;41;164m▀[0m[38;2;65;74;197m[48;2;65;74;197m▀[0m[38;2;65;74;197m[48;2;65;74;197m▀[0m[38;2;65;74;197m[48;2;65;74;197m▀[0m[38;2;65;74;197m[48;2;65;74;197m▀[0m[38;2;98;123;246m[48;2;98;123;246m▀[0m[38;2;98;123;246m[48;2;98;123;246m▀[0m[38;2;98;123;246m[48;2;98;123;246m▀[0m[38;2;98;123;246m[48;2;98;123;246m▀[0m[38;2;98;123;246m[48;2;98;123;246m▀[0m[38;2;1;1;1m[48;2;1;1;1m▀[0m[38;2;213;213;222m[48;2;213;213;222m▀[0m[38;2;213;213;222m[48;2;164;164;180m▀[0m[38;2;123;123;139m[48;2;252;252;252m▀[0m[38;2;252;252;252m[48;2;252;252;252m▀[0m[38;2;252;252;252m[48;2;252;252;252m▀[0m[38;2;252;252;252m[48;2;252;252;252m▀[0m[38;2;164;164;180m[48;2;164;164;180m▀[0m[38;2;213;213;222m[48;2;213;213;222m▀[0m[38;2;1;1;1m[48;2;1;1;1m▀[0m                                   [38;2;1;1;1m[48;2;1;1;1m▀[0m[38;2;1;1;1m[48;2;1;1;1m▀[0m 
       [38;2;1;1;1m[48;2;1;1;1m▀[0m[38;2;164;164;180m[48;2;213;213;222m▀[0m[38;2;213;213;222m[48;2;164;164;180m▀[0m[38;2;41;41;164m[48;2;41;41;164m▀[0m[38;2;65;74;197m[48;2;65;74;197m▀[0m[38;2;65;74;197m[48;2;98;123;246m▀[0m[38;2;98;123;246m[48;2;98;123;246m▀[0m[38;2;98;123;246m[48;2;98;123;246m▀[0m[38;2;98;123;246m[48;2;98;123;246m▀[0m[38;2;98;123;246m[48;2;98;123;246m▀[0m[38;2;98;123;246m[48;2;98;123;246m▀[0m[38;2;98;123;246m[48;2;98;123;246m▀[0m[38;2;41;41;164m[48;2;41;41;164m▀[0m[38;2;164;164;180m[48;2;164;164;180m▀[0m[38;2;213;213;222m[48;2;252;252;252m▀[0m[38;2;252;252;252m[48;2;252;252;252m▀[0m[38;2;252;252;252m[48;2;252;252;252m▀[0m[38;2;252;252;252m[48;2;213;213;222m▀[0m[38;2;164;164;180m[48;2;213;213;222m▀[0m[38;2;213;213;222m[48;2;213;213;222m▀[0m[38;2;213;213;222m[48;2;164;164;180m▀[0m[38;2;213;213;222m[48;2;123;123;139m▀[0m[38;2;1;1;1m[48;2;252;252;252m▀[0m[38;2;123;123;139m[48;2;252;252;252m▀[0m[38;2;123;123;139m[48;2;252;252;252m▀[0m[38;2;123;123;139m[48;2;252;252;252m▀[0m[38;2;123;123;139m[48;2;164;164;180m▀[0m[38;2;123;123;139m[48;2;1;1;1m▀[0m                            [38;2;1;1;1m▄[0m[38;2;1;1;1m[48;2;1;1;1m▀[0m  
        [38;2;1;1;1m▀[0m[38;2;213;213;222m[48;2;123;123;139m▀[0m[38;2;252;252;252m[48;2;252;252;252m▀[0m[38;2;41;41;164m[48;2;41;41;164m▀[0m[38;2;98;123;246m[48;2;98;123;246m▀[0m[38;2;98;123;246m[48;2;98;123;246m▀[0m[38;2;98;123;246m[48;2;98;123;246m▀[0m[38;2;98;123;246m[48;2;98;123;246m▀[0m[38;2;98;123;246m[48;2;98;123;246m▀[0m[38;2;98;123;246m[48;2;98;123;246m▀[0m[38;2;65;74;197m[48;2;65;74;197m▀[0m[38;2;164;164;180m[48;2;213;213;222m▀[0m[38;2;213;213;222m[48;2;252;252;252m▀[0m[38;2;252;252;252m[48;2;252;252;252m▀[0m[38;2;252;252;252m[48;2;252;252;252m▀[0m[38;2;252;252;252m[48;2;213;213;222m▀[0m[38;2;164;164;180m[48;2;252;252;252m▀[0m[38;2;252;252;252m[48;2;252;252;252m▀[0m[38;2;252;252;252m[48;2;252;252;252m▀[0m[38;2;252;252;252m[48;2;213;213;222m▀[0m[38;2;252;252;252m[48;2;164;164;180m▀[0m[38;2;252;252;252m[48;2;164;164;180m▀[0m[38;2;164;164;180m[48;2;213;213;222m▀[0m[38;2;213;213;222m[48;2;123;123;139m▀[0m[38;2;123;123;139m[48;2;1;1;1m▀[0m[38;2;1;1;1m▀[0m                            [38;2;1;1;1m▄[0m[38;2;1;1;1m[48;2;1;1;1m▀[0m   
        [38;2;123;123;139m▄[0m[38;2;123;123;139m[48;2;164;164;180m▀[0m[38;2;252;252;252m[48;2;252;252;252m▀[0m[38;2;41;41;164m[48;2;41;41;164m▀[0m[38;2;98;123;246m[48;2;98;123;246m▀[0m[38;2;98;123;246m[48;2;98;123;246m▀[0m[38;2;98;123;246m[48;2;98;123;246m▀[0m[38;2;98;123;246m[48;2;65;74;197m▀[0m[38;2;98;123;246m[48;2;123;123;139m▀[0m[38;2;65;74;197m[48;2;213;213;222m▀[0m[38;2;213;213;222m[48;2;252;252;252m▀[0m[38;2;252;252;252m[48;2;213;213;222m▀[0m[38;2;252;252;252m[48;2;252;252;252m▀[0m[38;2;252;252;252m[48;2;252;252;252m▀[0m[38;2;252;252;252m[48;2;252;252;252m▀[0m[38;2;252;252;252m[48;2;213;213;222m▀[0m[38;2;252;252;252m[48;2;164;164;180m▀[0m[38;2;213;213;222m[48;2;164;164;180m▀[0m[38;2;164;164;180m[48;2;213;213;222m▀[0m[38;2;164;164;180m[48;2;213;213;222m▀[0m[38;2;213;213;222m[48;2;213;213;222m▀[0m[38;2;213;213;222m[48;2;213;213;222m▀[0m[38;2;213;213;222m[48;2;1;1;1m▀[0m[38;2;1;1;1m[48;2;213;213;222m▀[0m[38;2;123;123;139m[48;2;213;213;222m▀[0m[38;2;123;123;139m▄[0m [38;2;123;123;139m▄[0m[38;2;123;123;139m▄[0m      [38;2;123;123;139m[48;2;123;123;139m▀[0m  [38;2;123;123;139m▄[0m             [38;2;1;1;1m▄[0m[38;2;1;1;1m[48;2;1;1;1m▀[0m[38;2;1;1;1m▀[0m    
        [38;2;123;123;139m[48;2;164;164;180m▀[0m[38;2;252;252;252m[48;2;252;252;252m▀[0m[38;2;164;164;180m[48;2;252;252;252m▀[0m[38;2;252;252;252m[48;2;164;164;180m▀[0m[38;2;123;123;139m[48;2;213;213;222m▀[0m[38;2;123;123;139m[48;2;213;213;222m▀[0m[38;2;164;164;180m[48;2;213;213;222m▀[0m[38;2;252;252;252m[48;2;164;164;180m▀[0m[38;2;252;252;252m[48;2;164;164;180m▀[0m[38;2;213;213;222m[48;2;252;252;252m▀[0m[38;2;164;164;180m[48;2;252;252;252m▀[0m[38;2;252;252;252m[48;2;252;252;252m▀[0m[38;2;252;252;252m[48;2;164;164;180m▀[0m[38;2;252;252;252m[48;2;213;213;222m▀[0m[38;2;164;164;180m[48;2;213;213;222m▀[0m[38;2;213;213;222m[48;2;213;213;222m▀[0m[38;2;213;213;222m[48;2;213;213;222m▀[0m[38;2;213;213;222m[48;2;213;213;222m▀[0m[38;2;213;213;222m[48;2;213;213;222m▀[0m[38;2;213;213;222m[48;2;213;213;222m▀[0m[38;2;213;213;222m[48;2;1;1;1m▀[0m[38;2;1;1;1m[48;2;213;213;222m▀[0m[38;2;123;123;139m[48;2;123;123;139m▀[0m[38;2;213;213;222m[48;2;123;123;139m▀[0m[38;2;252;252;252m[48;2;252;252;252m▀[0m[38;2;213;213;222m[48;2;213;213;222m▀[0m[38;2;1;1;1m[48;2;123;123;139m▀[0m[38;2;213;213;222m[48;2;213;213;222m▀[0m[38;2;213;213;222m[48;2;252;252;252m▀[0m[38;2;1;1;1m[48;2;213;213;222m▀[0m[38;2;123;123;139m[48;2;123;123;139m▀[0m[38;2;123;123;139m[48;2;213;213;222m▀[0m[38;2;123;123;139m▄[0m [38;2;123;123;139m[48;2;123;123;139m▀[0m[38;2;213;213;222m[48;2;252;252;252m▀[0m[38;2;123;123;139m[48;2;123;123;139m▀[0m[38;2;123;123;139m▄[0m[38;2;123;123;139m[48;2;213;213;222m▀[0m[38;2;1;1;1m▄[0m [38;2;123;123;139m[48;2;123;123;139m▀[0m       [38;2;1;1;1m▄[0m[38;2;1;1;1m▄[0m[38;2;1;1;1m[48;2;1;1;1m▀[0m[38;2;1;1;1m▀[0m      
       [38;2;123;123;139m[48;2;123;123;139m▀[0m[38;2;252;252;252m[48;2;252;252;252m▀[0m[38;2;252;252;252m[48;2;252;252;252m▀[0m[38;2;252;252;252m[48;2;252;252;252m▀[0m[38;2;252;252;252m[48;2;252;252;252m▀[0m[38;2;213;213;222m[48;2;252;252;252m▀[0m[38;2;213;213;222m[48;2;252;252;252m▀[0m[38;2;213;213;222m[48;2;252;252;252m▀[0m[38;2;252;252;252m[48;2;252;252;252m▀[0m[38;2;252;252;252m[48;2;252;252;252m▀[0m[38;2;213;213;222m[48;2;164;164;180m▀[0m[38;2;164;164;180m[48;2;213;213;222m▀[0m[38;2;213;213;222m[48;2;213;213;222m▀[0m[38;2;213;213;222m[48;2;213;213;222m▀[0m[38;2;213;213;222m[48;2;213;213;222m▀[0m[38;2;213;213;222m[48;2;213;213;222m▀[0m[38;2;213;213;222m[48;2;213;213;222m▀[0m[38;2;213;213;222m[48;2;213;213;222m▀[0m[38;2;213;213;222m[48;2;123;123;139m▀[0m[38;2;213;213;222m[48;2;1;1;1m▀[0m[38;2;1;1;1m[48;2;213;213;222m▀[0m[38;2;213;213;222m[48;2;213;213;222m▀[0m[38;2;213;213;222m[48;2;213;213;222m▀[0m[38;2;213;213;222m[48;2;213;213;222m▀[0m[38;2;123;123;139m[48;2;123;123;139m▀[0m[38;2;252;252;252m[48;2;252;252;252m▀[0m[38;2;252;252;252m[48;2;252;252;252m▀[0m[38;2;213;213;222m[48;2;213;213;222m▀[0m[38;2;1;1;1m[48;2;1;1;1m▀[0m[38;2;252;252;252m[48;2;252;252;252m▀[0m[38;2;213;213;222m[48;2;213;213;222m▀[0m[38;2;1;1;1m[48;2;1;1;1m▀[0m[38;2;252;252;252m[48;2;252;252;252m▀[0m[38;2;213;213;222m[48;2;213;213;222m▀[0m[38;2;123;123;139m[48;2;1;1;1m▀[0m[38;2;164;164;180m[48;2;1;1;1m▀[0m[38;2;252;252;252m[48;2;164;164;180m▀[0m[38;2;123;123;139m[48;2;1;1;1m▀[0m[38;2;164;164;180m[48;2;213;213;222m▀[0m[38;2;252;252;252m[48;2;252;252;252m▀[0m[38;2;123;123;139m[48;2;164;164;180m▀[0m[38;2;1;1;1m[48;2;123;123;139m▀[0m[38;2;213;213;222m[48;2;252;252;252m▀[0m[38;2;1;1;1m[48;2;1;1;1m▀[0m[38;2;1;1;1m▄[0m[38;2;1;1;1m▄[0m[38;2;1;1;1m▄[0m[38;2;1;1;1m[48;2;1;1;1m▀[0m[38;2;1;1;1m[48;2;1;1;1m▀[0m[38;2;1;1;1m▀[0m[38;2;1;1;1m▀[0m[38;2;1;1;1m▀[0m        
 [38;2;1;1;1m[48;2;1;1;1m▀[0m[38;2;123;123;139m[48;2;213;213;222m▀[0m[38;2;123;123;139m▄[0m   [38;2;1;1;1m▀[0m[38;2;213;213;222m[48;2;123;123;139m▀[0m[38;2;252;252;252m[48;2;252;252;252m▀[0m[38;2;252;252;252m[48;2;252;252;252m▀[0m[38;2;252;252;252m[48;2;252;252;252m▀[0m[38;2;252;252;252m[48;2;252;252;252m▀[0m[38;2;252;252;252m[48;2;1;1;1m▀[0m[38;2;252;252;252m[48;2;123;123;139m▀[0m[38;2;252;252;252m[48;2;252;252;252m▀[0m[38;2;252;252;252m[48;2;164;164;180m▀[0m[38;2;213;213;222m[48;2;213;213;222m▀[0m[38;2;213;213;222m[48;2;213;213;222m▀[0m[38;2;213;213;222m[48;2;213;213;222m▀[0m[38;2;213;213;222m[48;2;213;213;222m▀[0m[38;2;213;213;222m[48;2;123;123;139m▀[0m[38;2;213;213;222m[48;2;1;1;1m▀[0m[38;2;1;1;1m[48;2;123;123;139m▀[0m[38;2;1;1;1m[48;2;252;252;252m▀[0m[38;2;213;213;222m[48;2;252;252;252m▀[0m[38;2;213;213;222m[48;2;252;252;252m▀[0m[38;2;213;213;222m[48;2;213;213;222m▀[0m[38;2;213;213;222m[48;2;213;213;222m▀[0m[38;2;213;213;222m[48;2;213;213;222m▀[0m[38;2;213;213;222m[48;2;213;213;222m▀[0m[38;2;1;1;1m[48;2;1;1;1m▀[0m[38;2;213;213;222m[48;2;213;213;222m▀[0m[38;2;252;252;252m[48;2;252;252;252m▀[0m[38;2;213;213;222m[48;2;213;213;222m▀[0m[38;2;1;1;1m[48;2;65;74;197m▀[0m[38;2;213;213;222m[48;2;213;213;222m▀[0m[38;2;1;1;1m[48;2;1;1;1m▀[0m[38;2;65;74;197m[48;2;65;74;197m▀[0m[38;2;164;164;180m[48;2;123;123;139m▀[0m[38;2;213;213;222m[48;2;213;213;222m▀[0m[38;2;1;1;1m[48;2;1;1;1m▀[0m[38;2;65;74;197m[48;2;65;74;197m▀[0m[38;2;1;1;1m[48;2;1;1;1m▀[0m[38;2;1;1;1m[48;2;1;1;1m▀[0m[38;2;213;213;222m[48;2;164;164;180m▀[0m[38;2;213;213;222m[48;2;164;164;180m▀[0m[38;2;164;164;180m[48;2;123;123;139m▀[0m[38;2;1;1;1m[48;2;123;123;139m▀[0m[38;2;213;213;222m[48;2;164;164;180m▀[0m[38;2;123;123;139m[48;2;164;164;180m▀[0m[38;2;1;1;1m[48;2;1;1;1m▀[0m[38;2;1;1;1m▀[0m[38;2;1;1;1m▀[0m             
 [38;2;1;1;1m[48;2;1;1;1m▀[0m[38;2;213;213;222m[48;2;213;213;222m▀[0m[38;2;123;123;139m[48;2;213;213;222m▀[0m[38;2;123;123;139m▄[0m   [38;2;1;1;1m▀[0m[38;2;213;213;222m[48;2;123;123;139m▀[0m[38;2;252;252;252m[48;2;252;252;252m▀[0m[38;2;252;252;252m[48;2;252;252;252m▀[0m[38;2;252;252;252m[48;2;252;252;252m▀[0m[38;2;1;1;1m[48;2;1;1;1m▀[0m[38;2;213;213;222m[48;2;213;213;222m▀[0m[38;2;123;123;139m[48;2;123;123;139m▀[0m[38;2;164;164;180m[48;2;213;213;222m▀[0m[38;2;213;213;222m[48;2;213;213;222m▀[0m[38;2;213;213;222m[48;2;213;213;222m▀[0m[38;2;213;213;222m[48;2;1;1;1m▀[0m[38;2;1;1;1m[48;2;65;74;197m▀[0m[38;2;65;74;197m[48;2;65;74;197m▀[0m[38;2;65;74;197m[48;2;65;74;197m▀[0m[38;2;123;123;139m[48;2;65;74;197m▀[0m[38;2;252;252;252m[48;2;123;123;139m▀[0m[38;2;252;252;252m[48;2;252;252;252m▀[0m[38;2;252;252;252m[48;2;252;252;252m▀[0m[38;2;213;213;222m[48;2;252;252;252m▀[0m[38;2;213;213;222m[48;2;213;213;222m▀[0m[38;2;213;213;222m[48;2;213;213;222m▀[0m[38;2;213;213;222m[48;2;213;213;222m▀[0m[38;2;1;1;1m[48;2;1;1;1m▀[0m[38;2;123;123;139m[48;2;65;74;197m▀[0m[38;2;213;213;222m[48;2;213;213;222m▀[0m[38;2;1;1;1m[48;2;1;1;1m▀[0m[38;2;65;74;197m[48;2;65;74;197m▀[0m[38;2;1;1;1m[48;2;65;74;197m▀[0m[38;2;65;74;197m[48;2;65;74;197m▀[0m[38;2;65;74;197m[48;2;65;74;197m▀[0m[38;2;65;74;197m[48;2;98;123;246m▀[0m[38;2;1;1;1m[48;2;98;123;246m▀[0m[38;2;65;74;197m[48;2;98;123;246m▀[0m[38;2;65;74;197m[48;2;98;123;246m▀[0m[38;2;65;74;197m[48;2;65;74;197m▀[0m[38;2;1;1;1m[48;2;1;1;1m▀[0m[38;2;1;1;1m▀[0m[38;2;1;1;1m▀[0m[38;2;1;1;1m▀[0m [38;2;1;1;1m▀[0m[38;2;1;1;1m▀[0m                
  [38;2;123;123;139m[48;2;1;1;1m▀[0m[38;2;213;213;222m[48;2;213;213;222m▀[0m[38;2;213;213;222m[48;2;213;213;222m▀[0m[38;2;123;123;139m[48;2;252;252;252m▀[0m[38;2;123;123;139m[48;2;252;252;252m▀[0m[38;2;123;123;139m▄[0m[38;2;123;123;139m▄[0m[38;2;1;1;1m[48;2;1;1;1m▀[0m[38;2;252;252;252m[48;2;252;252;252m▀[0m[38;2;252;252;252m[48;2;252;252;252m▀[0m[38;2;252;252;252m[48;2;252;252;252m▀[0m[38;2;1;1;1m[48;2;1;1;1m▀[0m[38;2;213;213;222m[48;2;213;213;222m▀[0m[38;2;213;213;222m[48;2;213;213;222m▀[0m[38;2;123;123;139m[48;2;123;123;139m▀[0m[38;2;213;213;222m[48;2;213;213;222m▀[0m[38;2;123;123;139m[48;2;123;123;139m▀[0m[38;2;65;74;197m[48;2;65;74;197m▀[0m[38;2;65;74;197m[48;2;65;74;197m▀[0m[38;2;65;74;197m[48;2;65;74;197m▀[0m[38;2;65;74;197m[48;2;65;74;197m▀[0m[38;2;65;74;197m[48;2;65;74;197m▀[0m[38;2;123;123;139m[48;2;123;123;139m▀[0m[38;2;252;252;252m[48;2;252;252;252m▀[0m[38;2;252;252;252m[48;2;252;252;252m▀[0m[38;2;252;252;252m[48;2;252;252;252m▀[0m[38;2;213;213;222m[48;2;213;213;222m▀[0m[38;2;213;213;222m[48;2;213;213;222m▀[0m[38;2;123;123;139m[48;2;1;1;1m▀[0m[38;2;65;74;197m[48;2;65;74;197m▀[0m[38;2;65;74;197m[48;2;65;74;197m▀[0m[38;2;1;1;1m[48;2;65;74;197m▀[0m[38;2;65;74;197m[48;2;65;74;197m▀[0m[38;2;65;74;197m[48;2;65;74;197m▀[0m[38;2;65;74;197m[48;2;65;74;197m▀[0m[38;2;65;74;197m[48;2;65;74;197m▀[0m[38;2;98;123;246m[48;2;98;123;246m▀[0m[38;2;98;123;246m[48;2;98;123;246m▀[0m[38;2;98;123;246m[48;2;98;123;246m▀[0m[38;2;98;123;246m[48;2;98;123;246m▀[0m[38;2;98;123;246m[48;2;98;123;246m▀[0m[38;2;98;123;246m[48;2;98;123;246m▀[0m[38;2;41;41;164m[48;2;98;123;246m▀[0m[38;2;1;1;1m▄[0m                     
   [38;2;1;1;1m▀[0m[38;2;213;213;222m[48;2;1;1;1m▀[0m[38;2;213;213;222m[48;2;213;213;222m▀[0m[38;2;252;252;252m[48;2;213;213;222m▀[0m[38;2;252;252;252m[48;2;213;213;222m▀[0m[38;2;252;252;252m[48;2;213;213;222m▀[0m[38;2;1;1;1m[48;2;164;164;180m▀[0m[38;2;252;252;252m[48;2;213;213;222m▀[0m[38;2;252;252;252m[48;2;213;213;222m▀[0m[38;2;252;252;252m[48;2;164;164;180m▀[0m[38;2;252;252;252m[48;2;213;213;222m▀[0m[38;2;123;123;139m[48;2;1;1;1m▀[0m[38;2;213;213;222m[48;2;213;213;222m▀[0m[38;2;213;213;222m[48;2;213;213;222m▀[0m[38;2;123;123;139m[48;2;213;213;222m▀[0m[38;2;123;123;139m[48;2;123;123;139m▀[0m[38;2;65;74;197m[48;2;123;123;139m▀[0m[38;2;65;74;197m[48;2;123;123;139m▀[0m[38;2;65;74;197m[48;2;123;123;139m▀[0m[38;2;65;74;197m[48;2;123;123;139m▀[0m[38;2;123;123;139m[48;2;252;252;252m▀[0m[38;2;252;252;252m[48;2;252;252;252m▀[0m[38;2;252;252;252m[48;2;252;252;252m▀[0m[38;2;252;252;252m[48;2;252;252;252m▀[0m[38;2;252;252;252m[48;2;213;213;222m▀[0m[38;2;213;213;222m[48;2;213;213;222m▀[0m[38;2;123;123;139m[48;2;1;1;1m▀[0m[38;2;65;74;197m[48;2;65;74;197m▀[0m[38;2;65;74;197m[48;2;65;74;197m▀[0m[38;2;65;74;197m[48;2;65;74;197m▀[0m[38;2;65;74;197m[48;2;65;74;197m▀[0m[38;2;65;74;197m[48;2;65;74;197m▀[0m[38;2;65;74;197m[48;2;41;41;164m▀[0m[38;2;65;74;197m[48;2;65;74;197m▀[0m[38;2;98;123;246m[48;2;98;123;246m▀[0m[38;2;98;123;246m[48;2;98;123;246m▀[0m[38;2;98;123;246m[48;2;98;123;246m▀[0m[38;2;98;123;246m[48;2;98;123;246m▀[0m[38;2;98;123;246m[48;2;98;123;246m▀[0m[38;2;98;123;246m[48;2;98;123;246m▀[0m[38;2;98;123;246m[48;2;98;123;246m▀[0m[38;2;98;123;246m[48;2;98;123;246m▀[0m[38;2;1;1;1m[48;2;41;41;164m▀[0m                     
     [38;2;1;1;1m▀[0m[38;2;123;123;139m▀[0m[38;2;213;213;222m[48;2;1;1;1m▀[0m[38;2;123;123;139m[48;2;123;123;139m▀[0m[38;2;213;213;222m[48;2;252;252;252m▀[0m[38;2;164;164;180m[48;2;123;123;139m▀[0m[38;2;252;252;252m[48;2;252;252;252m▀[0m[38;2;213;213;222m[48;2;252;252;252m▀[0m[38;2;164;164;180m[48;2;123;123;139m▀[0m[38;2;213;213;222m[48;2;252;252;252m▀[0m[38;2;1;1;1m[48;2;213;213;222m▀[0m[38;2;213;213;222m[48;2;1;1;1m▀[0m[38;2;213;213;222m[48;2;213;213;222m▀[0m[38;2;213;213;222m[48;2;213;213;222m▀[0m[38;2;213;213;222m[48;2;213;213;222m▀[0m[38;2;252;252;252m[48;2;213;213;222m▀[0m[38;2;252;252;252m[48;2;213;213;222m▀[0m[38;2;252;252;252m[48;2;213;213;222m▀[0m[38;2;252;252;252m[48;2;213;213;222m▀[0m[38;2;252;252;252m[48;2;213;213;222m▀[0m[38;2;213;213;222m[48;2;213;213;222m▀[0m[38;2;213;213;222m[48;2;1;1;1m▀[0m[38;2;213;213;222m[48;2;1;1;1m▀[0m[38;2;1;1;1m[48;2;65;74;197m▀[0m[38;2;65;74;197m[48;2;65;74;197m▀[0m[38;2;65;74;197m[48;2;95;26;13m▀[0m[38;2;65;74;197m[48;2;157;70;68m▀[0m[38;2;95;26;13m[48;2;157;70;68m▀[0m[38;2;95;26;13m[48;2;157;70;68m▀[0m[38;2;95;26;13m[48;2;157;70;68m▀[0m[38;2;41;41;164m[48;2;95;26;13m▀[0m[38;2;65;74;197m[48;2;41;41;164m▀[0m[38;2;98;123;246m[48;2;98;123;246m▀[0m[38;2;98;123;246m[48;2;98;123;246m▀[0m[38;2;98;123;246m[48;2;98;123;246m▀[0m[38;2;98;123;246m[48;2;98;123;246m▀[0m[38;2;98;123;246m[48;2;98;123;246m▀[0m[38;2;98;123;246m[48;2;98;123;246m▀[0m[38;2;98;123;246m[48;2;98;123;246m▀[0m[38;2;98;123;246m[48;2;98;123;246m▀[0m[38;2;65;74;197m[48;2;65;74;197m▀[0m[38;2;1;1;1m[48;2;1;1;1m▀[0m                    
        [38;2;123;123;139m[48;2;123;123;139m▀[0m[38;2;252;252;252m[48;2;213;213;222m▀[0m[38;2;123;123;139m[48;2;123;123;139m▀[0m[38;2;252;252;252m[48;2;252;252;252m▀[0m[38;2;213;213;222m[48;2;123;123;139m▀[0m[38;2;123;123;139m[48;2;123;123;139m▀[0m[38;2;252;252;252m[48;2;252;252;252m▀[0m[38;2;213;213;222m[48;2;123;123;139m▀[0m[38;2;95;26;13m[48;2;95;26;13m▀[0m[38;2;1;1;1m[48;2;157;70;68m▀[0m[38;2;123;123;139m[48;2;95;26;13m▀[0m[38;2;213;213;222m[48;2;1;1;1m▀[0m[38;2;213;213;222m[48;2;1;1;1m▀[0m[38;2;213;213;222m[48;2;1;1;1m▀[0m[38;2;213;213;222m[48;2;1;1;1m▀[0m[38;2;213;213;222m[48;2;1;1;1m▀[0m[38;2;123;123;139m[48;2;98;123;246m▀[0m[38;2;1;1;1m[48;2;98;123;246m▀[0m[38;2;98;123;246m[48;2;98;123;246m▀[0m[38;2;1;1;1m[48;2;1;1;1m▀[0m[38;2;95;26;13m[48;2;157;70;68m▀[0m[38;2;157;70;68m[48;2;157;70;68m▀[0m[38;2;157;70;68m[48;2;1;1;1m▀[0m[38;2;157;70;68m[48;2;1;1;1m▀[0m[38;2;1;1;1m[48;2;65;74;197m▀[0m[38;2;1;1;1m[48;2;65;74;197m▀[0m[38;2;1;1;1m[48;2;65;74;197m▀[0m[38;2;1;1;1m[48;2;65;74;197m▀[0m[38;2;1;1;1m[48;2;1;1;1m▀[0m[38;2;98;123;246m[48;2;98;123;246m▀[0m[38;2;98;123;246m[48;2;98;123;246m▀[0m[38;2;98;123;246m[48;2;98;123;246m▀[0m[38;2;98;123;246m[48;2;98;123;246m▀[0m[38;2;98;123;246m[48;2;98;123;246m▀[0m[38;2;98;123;246m[48;2;98;123;246m▀[0m[38;2;98;123;246m[48;2;98;123;246m▀[0m[38;2;98;123;246m[48;2;98;123;246m▀[0m[38;2;65;74;197m[48;2;65;74;197m▀[0m[38;2;41;41;164m[48;2;65;74;197m▀[0m[38;2;1;1;1m▄[0m                   
        [38;2;1;1;1m▀[0m[38;2;1;1;1m[48;2;41;41;164m▀[0m[38;2;123;123;139m[48;2;1;1;1m▀[0m[38;2;213;213;222m[48;2;1;1;1m▀[0m[38;2;1;1;1m[48;2;65;74;197m▀[0m[38;2;123;123;139m[48;2;1;1;1m▀[0m[38;2;213;213;222m[48;2;1;1;1m▀[0m[38;2;1;1;1m[48;2;95;26;13m▀[0m[38;2;157;70;68m[48;2;157;70;68m▀[0m[38;2;157;70;68m[48;2;157;70;68m▀[0m[38;2;157;70;68m[48;2;157;70;68m▀[0m[38;2;157;70;68m[48;2;95;26;13m▀[0m[38;2;41;41;164m[48;2;1;1;1m▀[0m[38;2;98;123;246m[48;2;98;123;246m▀[0m[38;2;98;123;246m[48;2;98;123;246m▀[0m[38;2;98;123;246m[48;2;98;123;246m▀[0m[38;2;98;123;246m[48;2;98;123;246m▀[0m[38;2;98;123;246m[48;2;98;123;246m▀[0m[38;2;98;123;246m[48;2;98;123;246m▀[0m[38;2;65;74;197m[48;2;98;123;246m▀[0m[38;2;1;1;1m[48;2;1;1;1m▀[0m[38;2;1;1;1m▀[0m [38;2;1;1;1m[48;2;1;1;1m▀[0m[38;2;65;74;197m[48;2;65;74;197m▀[0m[38;2;65;74;197m[48;2;65;74;197m▀[0m[38;2;65;74;197m[48;2;65;74;197m▀[0m[38;2;65;74;197m[48;2;65;74;197m▀[0m[38;2;1;1;1m[48;2;65;74;197m▀[0m[38;2;41;41;164m[48;2;1;1;1m▀[0m[38;2;98;123;246m[48;2;98;123;246m▀[0m[38;2;98;123;246m[48;2;98;123;246m▀[0m[38;2;98;123;246m[48;2;98;123;246m▀[0m[38;2;98;123;246m[48;2;98;123;246m▀[0m[38;2;98;123;246m[48;2;98;123;246m▀[0m[38;2;98;123;246m[48;2;98;123;246m▀[0m[38;2;65;74;197m[48;2;65;74;197m▀[0m[38;2;65;74;197m[48;2;65;74;197m▀[0m[38;2;65;74;197m[48;2;65;74;197m▀[0m[38;2;1;1;1m[48;2;1;1;1m▀[0m                   
         [38;2;41;41;164m[48;2;65;74;197m▀[0m[38;2;98;123;246m[48;2;98;123;246m▀[0m[38;2;98;123;246m[48;2;65;74;197m▀[0m[38;2;65;74;197m[48;2;65;74;197m▀[0m[38;2;65;74;197m[48;2;65;74;197m▀[0m[38;2;65;74;197m[48;2;65;74;197m▀[0m[38;2;1;1;1m[48;2;1;1;1m▀[0m[38;2;1;1;1m▀[0m[38;2;1;1;1m▀[0m[38;2;1;1;1m▀[0m[38;2;1;1;1m▀[0m[38;2;1;1;1m▀[0m[38;2;1;1;1m[48;2;1;1;1m▀[0m[38;2;98;123;246m[48;2;98;123;246m▀[0m[38;2;98;123;246m[48;2;98;123;246m▀[0m[38;2;98;123;246m[48;2;98;123;246m▀[0m[38;2;98;123;246m[48;2;98;123;246m▀[0m[38;2;98;123;246m[48;2;98;123;246m▀[0m[38;2;98;123;246m[48;2;98;123;246m▀[0m[38;2;1;1;1m[48;2;1;1;1m▀[0m  [38;2;1;1;1m[48;2;1;1;1m▀[0m[38;2;65;74;197m[48;2;65;74;197m▀[0m[38;2;65;74;197m[48;2;65;74;197m▀[0m[38;2;65;74;197m[48;2;65;74;197m▀[0m[38;2;65;74;197m[48;2;65;74;197m▀[0m[38;2;65;74;197m[48;2;65;74;197m▀[0m[38;2;65;74;197m[48;2;65;74;197m▀[0m[38;2;1;1;1m[48;2;65;74;197m▀[0m[38;2;98;123;246m[48;2;1;1;1m▀[0m[38;2;98;123;246m[48;2;65;74;197m▀[0m[38;2;98;123;246m[48;2;65;74;197m▀[0m[38;2;98;123;246m[48;2;65;74;197m▀[0m[38;2;65;74;197m[48;2;65;74;197m▀[0m[38;2;65;74;197m[48;2;65;74;197m▀[0m[38;2;65;74;197m[48;2;65;74;197m▀[0m[38;2;65;74;197m[48;2;65;74;197m▀[0m[38;2;1;1;1m[48;2;41;41;164m▀[0m[38;2;1;1;1m▄[0m                  
        [38;2;41;41;164m[48;2;41;41;164m▀[0m[38;2;65;74;197m[48;2;65;74;197m▀[0m[38;2;98;123;246m[48;2;65;74;197m▀[0m[38;2;65;74;197m[48;2;65;74;197m▀[0m[38;2;65;74;197m[48;2;65;74;197m▀[0m[38;2;65;74;197m[48;2;65;74;197m▀[0m[38;2;1;1;1m[48;2;1;1;1m▀[0m       [38;2;41;41;164m▀[0m[38;2;98;123;246m[48;2;41;41;164m▀[0m[38;2;98;123;246m[48;2;98;123;246m▀[0m[38;2;98;123;246m[48;2;98;123;246m▀[0m[38;2;98;123;246m[48;2;98;123;246m▀[0m[38;2;98;123;246m[48;2;98;123;246m▀[0m[38;2;1;1;1m[48;2;65;74;197m▀[0m   [38;2;1;1;1m[48;2;1;1;1m▀[0m[38;2;65;74;197m[48;2;65;74;197m▀[0m[38;2;65;74;197m[48;2;65;74;197m▀[0m[38;2;65;74;197m[48;2;65;74;197m▀[0m[38;2;65;74;197m[48;2;65;74;197m▀[0m[38;2;65;74;197m[48;2;65;74;197m▀[0m[38;2;65;74;197m[48;2;65;74;197m▀[0m[38;2;1;1;1m[48;2;1;1;1m▀[0m[38;2;1;1;1m▀[0m[38;2;65;74;197m[48;2;1;1;1m▀[0m[38;2;65;74;197m[48;2;1;1;1m▀[0m[38;2;65;74;197m[48;2;65;74;197m▀[0m[38;2;65;74;197m[48;2;65;74;197m▀[0m[38;2;65;74;197m[48;2;65;74;197m▀[0m[38;2;65;74;197m[48;2;65;74;197m▀[0m[38;2;65;74;197m[48;2;65;74;197m▀[0m[38;2;65;74;197m[48;2;65;74;197m▀[0m[38;2;1;1;1m[48;2;65;74;197m▀[0m[38;2;1;1;1m▄[0m                
      [38;2;123;123;139m[48;2;123;123;139m▀[0m[38;2;123;123;139m[48;2;252;252;252m▀[0m[38;2;65;74;197m[48;2;65;74;197m▀[0m[38;2;65;74;197m[48;2;123;123;139m▀[0m[38;2;65;74;197m[48;2;41;41;164m▀[0m[38;2;65;74;197m[48;2;41;41;164m▀[0m[38;2;65;74;197m[48;2;123;123;139m▀[0m[38;2;1;1;1m[48;2;1;1;1m▀[0m         [38;2;1;1;1m▀[0m[38;2;98;123;246m[48;2;41;41;164m▀[0m[38;2;98;123;246m[48;2;98;123;246m▀[0m[38;2;98;123;246m[48;2;98;123;246m▀[0m[38;2;98;123;246m[48;2;98;123;246m▀[0m[38;2;98;123;246m[48;2;98;123;246m▀[0m[38;2;1;1;1m[48;2;1;1;1m▀[0m[38;2;123;123;139m▄[0m  [38;2;1;1;1m▀[0m[38;2;65;74;197m[48;2;1;1;1m▀[0m[38;2;65;74;197m[48;2;65;74;197m▀[0m[38;2;65;74;197m[48;2;65;74;197m▀[0m[38;2;65;74;197m[48;2;65;74;197m▀[0m[38;2;65;74;197m[48;2;65;74;197m▀[0m[38;2;65;74;197m[48;2;65;74;197m▀[0m[38;2;1;1;1m[48;2;1;1;1m▀[0m  [38;2;1;1;1m▀[0m[38;2;41;41;164m[48;2;1;1;1m▀[0m[38;2;65;74;197m[48;2;65;74;197m▀[0m[38;2;65;74;197m[48;2;65;74;197m▀[0m[38;2;65;74;197m[48;2;65;74;197m▀[0m[38;2;65;74;197m[48;2;65;74;197m▀[0m[38;2;65;74;197m[48;2;65;74;197m▀[0m[38;2;65;74;197m[48;2;65;74;197m▀[0m[38;2;1;1;1m[48;2;1;1;1m▀[0m               
      [38;2;123;123;139m[48;2;1;1;1m▀[0m[38;2;252;252;252m[48;2;213;213;222m▀[0m[38;2;65;74;197m[48;2;65;74;197m▀[0m[38;2;252;252;252m[48;2;213;213;222m▀[0m[38;2;164;164;180m[48;2;213;213;222m▀[0m[38;2;164;164;180m[48;2;213;213;222m▀[0m[38;2;213;213;222m[48;2;164;164;180m▀[0m[38;2;1;1;1m[48;2;1;1;1m▀[0m          [38;2;1;1;1m[48;2;1;1;1m▀[0m[38;2;98;123;246m[48;2;98;123;246m▀[0m[38;2;98;123;246m[48;2;98;123;246m▀[0m[38;2;98;123;246m[48;2;98;123;246m▀[0m[38;2;98;123;246m[48;2;65;74;197m▀[0m[38;2;65;74;197m[48;2;123;123;139m▀[0m[38;2;164;164;180m[48;2;213;213;222m▀[0m[38;2;123;123;139m[48;2;123;123;139m▀[0m   [38;2;1;1;1m[48;2;1;1;1m▀[0m[38;2;65;74;197m[48;2;65;74;197m▀[0m[38;2;65;74;197m[48;2;65;74;197m▀[0m[38;2;65;74;197m[48;2;65;74;197m▀[0m[38;2;65;74;197m[48;2;65;74;197m▀[0m[38;2;1;1;1m[48;2;1;1;1m▀[0m    [38;2;1;1;1m[48;2;1;1;1m▀[0m[38;2;65;74;197m[48;2;65;74;197m▀[0m[38;2;65;74;197m[48;2;65;74;197m▀[0m[38;2;65;74;197m[48;2;65;74;197m▀[0m[38;2;65;74;197m[48;2;65;74;197m▀[0m[38;2;65;74;197m[48;2;65;74;197m▀[0m[38;2;1;1;1m[48;2;1;1;1m▀[0m               
      [38;2;1;1;1m[48;2;41;41;164m▀[0m[38;2;123;123;139m[48;2;65;74;197m▀[0m[38;2;65;74;197m[48;2;65;74;197m▀[0m[38;2;123;123;139m[48;2;65;74;197m▀[0m[38;2;1;1;1m[48;2;65;74;197m▀[0m[38;2;1;1;1m[48;2;1;1;1m▀[0m[38;2;1;1;1m▀[0m          [38;2;123;123;139m[48;2;123;123;139m▀[0m[38;2;252;252;252m[48;2;252;252;252m▀[0m[38;2;123;123;139m[48;2;123;123;139m▀[0m[38;2;98;123;246m[48;2;65;74;197m▀[0m[38;2;123;123;139m[48;2;252;252;252m▀[0m[38;2;164;164;180m[48;2;252;252;252m▀[0m[38;2;252;252;252m[48;2;213;213;222m▀[0m[38;2;213;213;222m[48;2;213;213;222m▀[0m[38;2;123;123;139m[48;2;1;1;1m▀[0m  [38;2;1;1;1m▄[0m[38;2;1;1;1m[48;2;65;74;197m▀[0m[38;2;65;74;197m[48;2;65;74;197m▀[0m[38;2;65;74;197m[48;2;65;74;197m▀[0m[38;2;65;74;197m[48;2;65;74;197m▀[0m[38;2;41;41;164m[48;2;1;1;1m▀[0m      [38;2;1;1;1m[48;2;1;1;1m▀[0m[38;2;65;74;197m[48;2;65;74;197m▀[0m[38;2;65;74;197m[48;2;65;74;197m▀[0m[38;2;65;74;197m[48;2;65;74;197m▀[0m[38;2;65;74;197m[48;2;41;41;164m▀[0m[38;2;1;1;1m▀[0m               
    [38;2;123;123;139m[48;2;123;123;139m▀[0m[38;2;123;123;139m[48;2;252;252;252m▀[0m[38;2;41;41;164m[48;2;65;74;197m▀[0m[38;2;65;74;197m[48;2;123;123;139m▀[0m[38;2;65;74;197m[48;2;41;41;164m▀[0m[38;2;65;74;197m[48;2;41;41;164m▀[0m[38;2;1;1;1m[48;2;164;164;180m▀[0m[38;2;1;1;1m[48;2;1;1;1m▀[0m           [38;2;1;1;1m▀[0m[38;2;213;213;222m[48;2;1;1;1m▀[0m[38;2;123;123;139m[48;2;1;1;1m▀[0m[38;2;65;74;197m[48;2;65;74;197m▀[0m[38;2;213;213;222m[48;2;123;123;139m▀[0m[38;2;213;213;222m[48;2;1;1;1m▀[0m[38;2;164;164;180m[48;2;1;1;1m▀[0m[38;2;1;1;1m[48;2;1;1;1m▀[0m[38;2;123;123;139m▄[0m [38;2;1;1;1m▄[0m[38;2;1;1;1m[48;2;65;74;197m▀[0m[38;2;65;74;197m[48;2;65;74;197m▀[0m[38;2;65;74;197m[48;2;65;74;197m▀[0m[38;2;65;74;197m[48;2;65;74;197m▀[0m[38;2;1;1;1m[48;2;1;1;1m▀[0m       [38;2;1;1;1m[48;2;1;1;1m▀[0m[38;2;65;74;197m[48;2;65;74;197m▀[0m[38;2;65;74;197m[48;2;65;74;197m▀[0m[38;2;65;74;197m[48;2;65;74;197m▀[0m[38;2;1;1;1m[48;2;1;1;1m▀[0m                
    [38;2;1;1;1m[48;2;41;41;164m▀[0m[38;2;213;213;222m[48;2;123;123;139m▀[0m[38;2;65;74;197m[48;2;65;74;197m▀[0m[38;2;252;252;252m[48;2;213;213;222m▀[0m[38;2;164;164;180m[48;2;213;213;222m▀[0m[38;2;164;164;180m[48;2;213;213;222m▀[0m[38;2;213;213;222m[48;2;164;164;180m▀[0m[38;2;1;1;1m[48;2;1;1;1m▀[0m            [38;2;123;123;139m▄[0m[38;2;1;1;1m[48;2;252;252;252m▀[0m[38;2;65;74;197m[48;2;123;123;139m▀[0m[38;2;65;74;197m[48;2;65;74;197m▀[0m[38;2;65;74;197m[48;2;123;123;139m▀[0m[38;2;41;41;164m[48;2;252;252;252m▀[0m[38;2;123;123;139m[48;2;213;213;222m▀[0m[38;2;213;213;222m[48;2;213;213;222m▀[0m[38;2;123;123;139m[48;2;123;123;139m▀[0m[38;2;1;1;1m[48;2;65;74;197m▀[0m[38;2;65;74;197m[48;2;65;74;197m▀[0m[38;2;65;74;197m[48;2;65;74;197m▀[0m[38;2;65;74;197m[48;2;65;74;197m▀[0m[38;2;1;1;1m[48;2;1;1;1m▀[0m        [38;2;1;1;1m[48;2;1;1;1m▀[0m[38;2;65;74;197m[48;2;65;74;197m▀[0m[38;2;65;74;197m[48;2;65;74;197m▀[0m[38;2;65;74;197m[48;2;65;74;197m▀[0m[38;2;1;1;1m[48;2;1;1;1m▀[0m                
 [38;2;41;41;164m▄[0m[38;2;41;41;164m[48;2;201;33;38m▀[0m[38;2;41;41;164m[48;2;41;41;164m▀[0m[38;2;65;74;197m[48;2;41;41;164m▀[0m[38;2;65;74;197m[48;2;65;74;197m▀[0m[38;2;65;74;197m[48;2;65;74;197m▀[0m[38;2;123;123;139m[48;2;65;74;197m▀[0m[38;2;123;123;139m[48;2;65;74;197m▀[0m[38;2;1;1;1m[48;2;1;1;1m▀[0m[38;2;1;1;1m▀[0m             [38;2;123;123;139m[48;2;1;1;1m▀[0m[38;2;252;252;252m[48;2;213;213;222m▀[0m[38;2;123;123;139m[48;2;123;123;139m▀[0m[38;2;65;74;197m[48;2;65;74;197m▀[0m[38;2;252;252;252m[48;2;213;213;222m▀[0m[38;2;252;252;252m[48;2;213;213;222m▀[0m[38;2;213;213;222m[48;2;164;164;180m▀[0m[38;2;164;164;180m[48;2;123;123;139m▀[0m[38;2;123;123;139m[48;2;1;1;1m▀[0m[38;2;65;74;197m[48;2;65;74;197m▀[0m[38;2;65;74;197m[48;2;65;74;197m▀[0m[38;2;65;74;197m[48;2;65;74;197m▀[0m[38;2;1;1;1m[48;2;1;1;1m▀[0m      [38;2;41;41;164m▄[0m[38;2;41;41;164m▄[0m[38;2;41;41;164m[48;2;65;74;197m▀[0m[38;2;41;41;164m[48;2;65;74;197m▀[0m[38;2;65;74;197m[48;2;65;74;197m▀[0m[38;2;65;74;197m[48;2;65;74;197m▀[0m[38;2;65;74;197m[48;2;65;74;197m▀[0m[38;2;1;1;1m[48;2;1;1;1m▀[0m                
[38;2;41;41;164m[48;2;1;1;1m▀[0m[38;2;201;33;38m[48;2;41;41;164m▀[0m[38;2;41;41;164m[48;2;201;33;38m▀[0m[38;2;201;33;38m[48;2;201;33;38m▀[0m[38;2;41;41;164m[48;2;41;41;164m▀[0m[38;2;41;41;164m[48;2;201;33;38m▀[0m[38;2;65;74;197m[48;2;41;41;164m▀[0m[38;2;65;74;197m[48;2;65;74;197m▀[0m[38;2;65;74;197m[48;2;65;74;197m▀[0m[38;2;1;1;1m[48;2;1;1;1m▀[0m              [38;2;41;41;164m▄[0m[38;2;1;1;1m[48;2;65;74;197m▀[0m[38;2;123;123;139m[48;2;65;74;197m▀[0m[38;2;65;74;197m[48;2;65;74;197m▀[0m[38;2;123;123;139m[48;2;65;74;197m▀[0m[38;2;123;123;139m[48;2;65;74;197m▀[0m[38;2;1;1;1m[48;2;65;74;197m▀[0m[38;2;1;1;1m[48;2;1;1;1m▀[0m[38;2;201;33;38m[48;2;1;1;1m▀[0m[38;2;65;74;197m[48;2;1;1;1m▀[0m[38;2;1;1;1m▀[0m[38;2;1;1;1m▀[0m     [38;2;41;41;164m▄[0m[38;2;41;41;164m[48;2;201;33;38m▀[0m[38;2;201;33;38m[48;2;41;41;164m▀[0m[38;2;41;41;164m[48;2;201;33;38m▀[0m[38;2;41;41;164m[48;2;41;41;164m▀[0m[38;2;65;74;197m[48;2;41;41;164m▀[0m[38;2;41;41;164m[48;2;201;33;38m▀[0m[38;2;41;41;164m[48;2;41;41;164m▀[0m[38;2;65;74;197m[48;2;65;74;197m▀[0m[38;2;1;1;1m[48;2;1;1;1m▀[0m                
 [38;2;1;1;1m▀[0m[38;2;1;1;1m▀[0m[38;2;41;41;164m[48;2;1;1;1m▀[0m[38;2;201;33;38m[48;2;1;1;1m▀[0m[38;2;201;33;38m[48;2;1;1;1m▀[0m[38;2;41;41;164m[48;2;1;1;1m▀[0m[38;2;1;1;1m▀[0m[38;2;1;1;1m▀[0m             [38;2;41;41;164m▄[0m[38;2;41;41;164m[48;2;41;41;164m▀[0m[38;2;65;74;197m[48;2;65;74;197m▀[0m[38;2;65;74;197m[48;2;41;41;164m▀[0m[38;2;65;74;197m[48;2;65;74;197m▀[0m[38;2;65;74;197m[48;2;65;74;197m▀[0m[38;2;65;74;197m[48;2;41;41;164m▀[0m[38;2;65;74;197m[48;2;65;74;197m▀[0m[38;2;65;74;197m[48;2;65;74;197m▀[0m[38;2;1;1;1m[48;2;1;1;1m▀[0m         [38;2;1;1;1m▀[0m[38;2;41;41;164m[48;2;1;1;1m▀[0m[38;2;201;33;38m[48;2;1;1;1m▀[0m[38;2;201;33;38m[48;2;1;1;1m▀[0m[38;2;41;41;164m[48;2;1;1;1m▀[0m[38;2;201;33;38m[48;2;1;1;1m▀[0m[38;2;201;33;38m[48;2;1;1;1m▀[0m[38;2;41;41;164m[48;2;1;1;1m▀[0m[38;2;65;74;197m[48;2;1;1;1m▀[0m[38;2;1;1;1m▀[0m                
                     [38;2;41;41;164m[48;2;1;1;1m▀[0m[38;2;201;33;38m[48;2;1;1;1m▀[0m[38;2;41;41;164m[48;2;41;41;164m▀[0m[38;2;41;41;164m[48;2;201;33;38m▀[0m[38;2;201;33;38m[48;2;201;33;38m▀[0m[38;2;41;41;164m[48;2;41;41;164m▀[0m[38;2;41;41;164m[48;2;201;33;38m▀[0m[38;2;201;33;38m[48;2;201;33;38m▀[0m[38;2;41;41;164m[48;2;41;41;164m▀[0m[38;2;65;74;197m[48;2;1;1;1m▀[0m[38;2;1;1;1m▀[0m                                   
                       [38;2;1;1;1m▀[0m[38;2;1;1;1m▀[0m[38;2;1;1;1m▀[0m[38;2;1;1;1m▀[0m[38;2;1;1;1m▀[0m[38;2;1;1;1m▀[0m[38;2;1;1;1m▀[0m                                     
[0m