             [38;2;71;81;91m[48;2;70;78;90m▀[0m[38;2;108;115;127m[48;2;171;173;178m▀[0m[38;2;57;68;85m[48;2;92;98;110m▀[0m[38;2;45;55;73m▄[0m                       
             [38;2;68;76;93m[48;2;64;68;80m▀[0m[38;2;165;167;173m[48;2;125;129;137m▀[0m[38;2;116;119;128m[48;2;108;111;120m▀[0m[38;2;59;68;84m[48;2;90;95;107m▀[0m[38;2;0;0;0m[48;2;42;54;75m▀[0m                      
             [38;2;36;36;36m[48;2;30;30;30m▀[0m[38;2;109;112;118m[48;2;109;112;118m▀[0m[38;2;107;110;119m[48;2;106;110;119m▀[0m[38;2;102;105;116m[48;2;104;107;117m▀[0m[38;2;55;58;65m[48;2;58;59;64m▀[0m[38;2;0;0;0m[48;2;0;0;0m▀[0m                     
            [38;2;105;108;118m▄[0m[38;2;59;59;67m[48;2;128;131;139m▀[0m[38;2;113;116;123m[48;2;141;144;152m▀[0m[38;2;104;108;117m[48;2;123;126;134m▀[0m[38;2;102;105;115m[48;2;85;88;95m▀[0m[38;2;96;98;108m[48;2;78;80;87m▀[0m[38;2;46;47;51m[48;2;62;63;69m▀[0m[38;2;0;0;0m[48;2;5;5;5m▀[0m                    
         [38;2;0;127;0m▄[0m[38;2;106;109;117m▄[0m[38;2;83;85;94m[48;2;108;111;120m▀[0m[38;2;157;158;163m[48;2;153;155;162m▀[0m[38;2;205;206;207m[48;2;148;150;156m▀[0m[38;2;119;122;129m[48;2;115;118;125m▀[0m[38;2;91;93;98m[48;2;145;148;155m▀[0m[38;2;123;126;133m[48;2;125;128;137m▀[0m[38;2;120;123;131m[48;2;132;135;143m▀[0m[38;2;115;118;126m[48;2;148;151;158m▀[0m[38;2;72;74;79m[48;2;123;126;136m▀[0m[38;2;41;41;45m[48;2;75;78;84m▀[0m[38;2;31;38;38m▄[0m                  
       [38;2;50;56;64m▄[0m[38;2;90;92;96m▄[0m[38;2;51;76;76m[48;2;55;57;61m▀[0m[38;2;118;121;130m[48;2;123;126;135m▀[0m[38;2;123;126;134m[48;2;113;116;125m▀[0m[38;2;129;132;140m[48;2;129;132;139m▀[0m[38;2;133;136;143m[48;2;203;204;204m▀[0m[38;2;181;182;186m[48;2;163;163;168m▀[0m[38;2;125;128;136m[48;2;171;172;176m▀[0m[38;2;138;141;149m[48;2;146;150;157m▀[0m[38;2;150;153;159m[48;2;134;138;144m▀[0m[38;2;142;145;153m[48;2;58;60;64m▀[0m[38;2;109;112;121m[48;2;57;59;63m▀[0m[38;2;98;101;110m[48;2;69;72;79m▀[0m[38;2;51;55;59m[48;2;73;74;76m▀[0m[38;2;7;7;3m[48;2;113;114;117m▀[0m[38;2;18;21;21m[48;2;65;73;86m▀[0m                
       [38;2;49;66;83m▀[0m[38;2;118;123;133m[48;2;55;65;82m▀[0m[38;2;100;101;105m[48;2;70;73;81m▀[0m[38;2;117;120;128m[48;2;130;133;140m▀[0m[38;2;128;131;139m[48;2;128;131;139m▀[0m[38;2;174;176;180m[48;2;149;152;159m▀[0m[38;2;201;200;201m[48;2;150;153;158m▀[0m[38;2;154;156;161m[48;2;137;140;148m▀[0m[38;2;166;168;174m[48;2;120;126;133m▀[0m[38;2;137;137;145m[48;2;91;63;77m▀[0m[38;2;73;71;84m[48;2;139;58;97m▀[0m[38;2;74;76;82m[48;2;156;166;167m▀[0m[38;2;40;40;41m[48;2;123;126;134m▀[0m[38;2;134;134;134m[48;2;142;146;155m▀[0m[38;2;158;160;165m[48;2;85;92;106m▀[0m[38;2;92;99;113m[48;2;61;66;71m▀[0m[38;2;0;0;0m[48;2;72;14;38m▀[0m[38;2;162;23;81m[48;2;215;51;120m▀[0m[38;2;185;38;103m[48;2;234;63;135m▀[0m[38;2;153;0;102m[48;2;156;22;85m▀[0m             
        [38;2;62;65;73m[48;2;75;83;100m▀[0m[38;2;83;84;89m[48;2;179;181;186m▀[0m[38;2;97;99;105m[48;2;76;78;83m▀[0m[38;2;113;116;125m[48;2;58;60;65m▀[0m[38;2;145;148;155m[48;2;118;122;130m▀[0m[38;2;109;112;120m[48;2;74;76;82m▀[0m[38;2;125;127;136m[48;2;74;80;86m▀[0m[38;2;54;63;66m[48;2;71;37;50m▀[0m[38;2;72;23;44m[48;2;194;56;115m▀[0m[38;2;142;47;84m[48;2;71;35;56m▀[0m[38;2;127;138;139m[48;2;123;129;133m▀[0m[38;2;110;114;122m[48;2;124;127;132m▀[0m[38;2;50;57;67m[48;2;98;101;108m▀[0m[38;2;85;88;97m[48;2;61;63;68m▀[0m[38;2;53;60;63m[48;2;52;56;60m▀[0m[38;2;88;2;42m[48;2;143;25;75m▀[0m[38;2;238;80;149m[48;2;243;99;164m▀[0m[38;2;240;72;143m[48;2;255;91;163m▀[0m[38;2;175;32;95m[48;2;194;44;109m▀[0m             
         [38;2;65;75;90m[48;2;0;0;0m▀[0m[38;2;76;77;84m[48;2;89;91;98m▀[0m[38;2;56;57;61m[48;2;112;115;120m▀[0m[38;2;75;77;85m[48;2;65;67;72m▀[0m[38;2;77;80;87m[48;2;52;53;58m▀[0m[38;2;46;48;52m[48;2;70;72;75m▀[0m[38;2;27;21;31m[48;2;118;124;135m▀[0m[38;2;73;59;69m[48;2;98;103;110m▀[0m[38;2;67;76;83m[48;2;95;97;103m▀[0m[38;2;111;115;126m[48;2;80;83;91m▀[0m[38;2;99;106;117m[48;2;93;98;111m▀[0m[38;2;81;89;104m[48;2;98;102;111m▀[0m[38;2;73;77;85m[48;2;60;62;67m▀[0m[38;2;77;79;81m[48;2;91;97;104m▀[0m[38;2;109;100;111m[48;2;121;133;139m▀[0m[38;2;152;73;107m[48;2;113;128;130m▀[0m[38;2;213;75;134m[48;2;104;88;99m▀[0m[38;2;224;59;130m[48;2;123;37;73m▀[0m[38;2;183;32;98m[48;2;159;30;88m▀[0m[38;2;255;63;127m▄[0m           
         [38;2;36;36;36m▀[0m[38;2;53;54;59m[48;2;0;0;0m▀[0m[38;2;108;110;117m[48;2;59;35;48m▀[0m[38;2;70;73;76m[48;2;209;66;129m▀[0m[38;2;43;41;45m[48;2;151;68;104m▀[0m[38;2;63;65;69m[48;2;58;67;71m▀[0m[38;2;65;66;69m[48;2;0;4;0m▀[0m[38;2;78;79;83m[48;2;27;42;52m▀[0m[38;2;122;125;131m[48;2;34;40;49m▀[0m[38;2;144;147;155m[48;2;36;36;37m▀[0m[38;2;98;100;105m[48;2;9;9;9m▀[0m[38;2;57;59;63m[48;2;43;46;49m▀[0m[38;2;87;92;100m[48;2;94;102;111m▀[0m[38;2;121;87;111m[48;2;130;76;108m▀[0m[38;2;139;65;104m[48;2;234;58;131m▀[0m[38;2;98;83;97m[48;2;213;61;127m▀[0m[38;2;135;90;116m[48;2;206;61;125m▀[0m[38;2;188;52;108m[48;2;216;69;128m▀[0m[38;2;97;25;57m[48;2;127;43;78m▀[0m[38;2;225;37;120m[48;2;201;43;112m▀[0m           
       [38;2;34;34;39m▄[0m[38;2;0;0;0m[48;2;96;100;108m▀[0m[38;2;42;85;85m[48;2;42;53;72m▀[0m [38;2;61;49;61m[48;2;0;0;0m▀[0m[38;2;139;38;85m[48;2;47;48;52m▀[0m[38;2;62;43;55m[48;2;50;57;60m▀[0m[38;2;32;23;28m[48;2;135;49;90m▀[0m[38;2;139;35;77m[48;2;255;102;170m▀[0m[38;2;141;57;101m[48;2;252;72;145m▀[0m[38;2;103;108;116m[48;2;209;106;150m▀[0m[38;2;45;48;48m[48;2;172;168;171m▀[0m[38;2;8;8;8m[48;2;54;56;61m▀[0m[38;2;58;58;61m▄[0m[38;2;77;82;87m[48;2;0;2;2m▀[0m[38;2;100;107;115m[48;2;66;66;73m▀[0m[38;2;89;49;69m[48;2;83;54;69m▀[0m[38;2;146;77;108m[48;2;165;178;173m▀[0m[38;2;247;77;146m[48;2;148;105;125m▀[0m[38;2;143;52;89m[48;2;142;56;93m▀[0m[38;2;211;75;131m[48;2;255;110;175m▀[0m[38;2;230;61;131m[48;2;252;74;147m▀[0m[38;2;158;24;86m[48;2;187;39;105m▀[0m[38;2;0;0;0m▄[0m         
     [38;2;19;24;28m▄[0m[38;2;24;24;29m[48;2;139;140;141m▀[0m[38;2;141;141;143m[48;2;225;225;225m▀[0m[38;2;140;145;154m[48;2;69;76;90m▀[0m[38;2;24;35;49m[48;2;67;69;75m▀[0m[38;2;70;73;73m[48;2;135;137;143m▀[0m[38;2;117;118;122m[48;2;135;136;137m▀[0m[38;2;171;172;172m[48;2;79;78;78m▀[0m[38;2;88;93;97m[48;2;8;12;15m▀[0m[38;2;89;67;82m[48;2;47;57;66m▀[0m[38;2;216;74;138m[48;2;194;98;140m▀[0m[38;2;255;117;179m[48;2;220;70;133m▀[0m[38;2;218;68;131m[48;2;159;131;146m▀[0m[38;2;83;72;85m[48;2;44;54;64m▀[0m[38;2;41;47;52m[48;2;2;2;0m▀[0m[38;2;152;153;154m[48;2;2;2;2m▀[0m[38;2;140;141;141m[48;2;71;72;74m▀[0m[38;2;66;63;64m[48;2;165;168;166m▀[0m[38;2;137;37;78m[48;2;147;124;132m▀[0m[38;2;117;106;115m[48;2;82;55;79m▀[0m[38;2;199;210;207m[48;2;205;209;210m▀[0m[38;2;150;105;125m[48;2;203;210;207m▀[0m[38;2;236;71;138m[48;2;139;103;120m▀[0m[38;2;255;122;185m[48;2;193;48;112m▀[0m[38;2;216;56;123m[48;2;245;70;143m▀[0m[38;2;156;26;85m[48;2;185;38;103m▀[0m[38;2;255;0;0m▄[0m        
   [38;2;30;34;34m▄[0m[38;2;28;33;33m[48;2;141;142;144m▀[0m[38;2;139;140;141m[48;2;223;223;222m▀[0m[38;2;220;220;220m[48;2;211;211;212m▀[0m[38;2;219;219;218m[48;2;188;189;191m▀[0m[38;2;107;112;123m[48;2;146;150;157m▀[0m[38;2;57;62;73m[48;2;62;70;83m▀[0m[38;2;43;43;44m[48;2;0;0;0m▀[0m[38;2;0;0;0m▀[0m[38;2;0;0;0m[48;2;0;0;0m▀[0m[38;2;0;0;0m[48;2;60;70;86m▀[0m[38;2;26;32;40m[48;2;29;35;42m▀[0m[38;2;101;104;114m[48;2;29;34;39m▀[0m[38;2;149;141;152m[48;2;29;40;53m▀[0m[38;2;54;66;77m[48;2;26;30;36m▀[0m[38;2;15;18;23m[48;2;81;83;88m▀[0m[38;2;0;0;0m[48;2;61;70;81m▀[0m[38;2;43;43;52m[48;2;81;84;91m▀[0m[38;2;0;0;0m[48;2;37;37;41m▀[0m[38;2;32;32;32m▀[0m[38;2;98;102;105m[48;2;14;18;25m▀[0m[38;2;58;69;81m[48;2;75;81;94m▀[0m[38;2;193;194;196m[48;2;148;151;158m▀[0m[38;2;220;219;218m[48;2;200;200;201m▀[0m[38;2;207;211;210m[48;2;221;220;220m▀[0m[38;2;109;105;109m[48;2;208;212;210m▀[0m[38;2;169;31;93m[48;2;125;97;112m▀[0m[38;2;234;61;134m[48;2;203;51;116m▀[0m[38;2;153;20;81m[48;2;199;44;111m▀[0m        
 [38;2;33;33;37m▄[0m[38;2;27;27;32m[48;2;147;149;150m▀[0m[38;2;142;143;145m[48;2;222;222;222m▀[0m[38;2;225;225;225m[48;2;175;177;181m▀[0m[38;2;205;205;206m[48;2;152;155;162m▀[0m[38;2;158;161;167m[48;2;120;122;129m▀[0m[38;2;137;141;149m[48;2;62;63;67m▀[0m[38;2;112;115;122m[48;2;23;23;25m▀[0m[38;2;42;47;54m[48;2;0;0;0m▀[0m[38;2;0;0;0m[48;2;34;34;51m▀[0m[38;2;0;0;0m[48;2;109;111;114m▀[0m[38;2;108;109;112m[48;2;213;213;213m▀[0m[38;2;154;154;156m[48;2;79;79;80m▀[0m[38;2;59;61;66m[48;2;104;105;109m▀[0m[38;2;66;67;70m[48;2;142;142;144m▀[0m[38;2;21;28;38m[48;2;75;77;82m▀[0m[38;2;27;27;28m[48;2;136;137;138m▀[0m[38;2;66;68;73m[48;2;142;144;147m▀[0m[38;2;77;85;98m[48;2;53;55;59m▀[0m[38;2;184;186;190m[48;2;124;125;126m▀[0m[38;2;101;103;109m[48;2;205;205;207m▀[0m[38;2;101;101;103m[48;2;157;158;163m▀[0m[38;2;0;0;0m[48;2;107;107;110m▀[0m[38;2;48;49;54m[48;2;0;0;0m▀[0m[38;2;86;88;95m[48;2;15;15;15m▀[0m[38;2;151;154;161m[48;2;47;47;51m▀[0m[38;2;187;188;192m[48;2;100;102;109m▀[0m[38;2;214;214;214m[48;2;148;151;157m▀[0m[38;2;207;214;212m[48;2;190;191;195m▀[0m[38;2;142;108;124m[48;2;212;218;215m▀[0m[38;2;199;49;114m[48;2;132;95;110m▀[0m[38;2;198;33;108m[48;2;140;12;70m▀[0m[38;2;255;36;145m▄[0m      
[38;2;57;61;68m[48;2;90;91;94m▀[0m[38;2;158;159;162m[48;2;145;145;145m▀[0m[38;2;175;176;177m[48;2;72;78;90m▀[0m[38;2;150;152;158m[48;2;35;38;42m▀[0m[38;2;119;122;130m[48;2;21;21;21m▀[0m[38;2;62;63;67m[48;2;0;0;0m▀[0m[38;2;22;20;22m▀[0m[38;2;0;0;0m▀[0m[38;2;0;0;0m▄[0m[38;2;0;0;0m[48;2;105;106;109m▀[0m[38;2;134;136;143m[48;2;215;215;215m▀[0m[38;2;221;221;222m[48;2;216;217;217m▀[0m[38;2;153;153;153m[48;2;92;95;100m▀[0m[38;2;119;120;123m[48;2;86;88;92m▀[0m[38;2;224;224;224m[48;2;166;168;171m▀[0m[38;2;221;221;220m[48;2;196;197;199m▀[0m[38;2;222;222;221m[48;2;191;192;195m▀[0m[38;2;222;222;222m[48;2;192;193;196m▀[0m[38;2;207;208;209m[48;2;159;161;168m▀[0m[38;2;156;159;165m[48;2;125;127;134m▀[0m[38;2;98;99;103m[48;2;72;74;78m▀[0m[38;2;196;195;195m[48;2;130;133;138m▀[0m[38;2;197;197;199m[48;2;224;224;223m▀[0m[38;2;174;175;179m[48;2;202;203;204m▀[0m[38;2;105;106;109m[48;2;180;181;185m▀[0m[38;2;0;0;0m[48;2;108;109;112m▀[0m[38;2;0;0;0m[48;2;0;0;0m▀[0m[38;2;2;2;0m▀[0m[38;2;44;45;49m[48;2;0;0;0m▀[0m[38;2;116;118;123m[48;2;24;24;24m▀[0m[38;2;150;151;155m[48;2;37;43;52m▀[0m[38;2;178;185;184m[48;2;80;84;92m▀[0m[38;2;123;96;108m[48;2;136;142;139m▀[0m[38;2;79;39;56m[48;2;98;60;80m▀[0m      
[38;2;0;0;0m▀[0m[38;2;0;0;0m▀[0m[38;2;15;16;20m▀[0m[38;2;15;15;19m▀[0m   [38;2;40;53;53m[48;2;47;49;51m▀[0m[38;2;109;110;113m[48;2;198;198;199m▀[0m[38;2;211;211;212m[48;2;220;219;219m▀[0m[38;2;214;214;215m[48;2;108;115;125m▀[0m[38;2;112;117;128m[48;2;87;91;103m▀[0m[38;2;90;94;106m[48;2;104;107;116m▀[0m[38;2;69;70;76m[48;2;95;97;107m▀[0m[38;2;38;39;41m[48;2;71;73;79m▀[0m[38;2;82;84;89m[48;2;58;60;65m▀[0m[38;2;123;126;132m[48;2;33;33;36m▀[0m[38;2;121;123;129m[48;2;33;33;36m▀[0m[38;2;73;74;79m[48;2;59;60;65m▀[0m[38;2;36;37;39m[48;2;84;87;96m▀[0m[38;2;83;84;92m[48;2;82;88;100m▀[0m[38;2;81;87;100m[48;2;95;98;109m▀[0m[38;2;151;155;162m[48;2;96;102;114m▀[0m[38;2;226;225;224m[48;2;204;204;205m▀[0m[38;2;160;161;167m[48;2;211;211;211m▀[0m[38;2;167;168;173m[48;2;160;161;166m▀[0m[38;2;114;114;117m[48;2;195;196;198m▀[0m[38;2;0;0;0m[48;2;94;96;97m▀[0m[38;2;0;0;0m▄[0m [38;2;13;19;21m▀[0m[38;2;33;11;25m▀[0m[38;2;155;35;86m[48;2;186;34;103m▀[0m[38;2;190;41;106m[48;2;245;70;143m▀[0m[38;2;143;13;78m[48;2;218;58;126m▀[0m[38;2;156;19;85m[48;2;222;58;128m▀[0m[38;2;0;0;0m[48;2;189;40;105m▀[0m[38;2;172;30;95m▄[0m[38;2;174;40;93m▄[0m 
     [38;2;0;0;0m▄[0m[38;2;65;65;68m[48;2;68;70;77m▀[0m[38;2;133;135;138m[48;2;168;169;173m▀[0m[38;2;212;212;212m[48;2;214;213;213m▀[0m[38;2;177;180;183m[48;2;103;110;121m▀[0m[38;2;75;82;95m[48;2;94;98;109m▀[0m[38;2;103;106;116m[48;2;90;94;106m▀[0m[38;2;91;93;102m[48;2;90;96;106m▀[0m[38;2;77;79;86m[48;2;137;140;148m▀[0m[38;2;133;136;144m[48;2;120;123;131m▀[0m[38;2;78;80;86m[48;2;58;59;64m▀[0m[38;2;73;74;81m[48;2;94;97;106m▀[0m[38;2;97;100;110m[48;2;103;106;117m▀[0m[38;2;52;53;57m[48;2;64;65;71m▀[0m[38;2;130;133;142m[48;2;107;110;115m▀[0m[38;2;85;91;105m[48;2;129;133;143m▀[0m[38;2;87;92;104m[48;2;68;76;90m▀[0m[38;2;91;95;105m[48;2;101;103;113m▀[0m[38;2;104;111;123m[48;2;84;90;103m▀[0m[38;2;223;223;223m[48;2;165;168;173m▀[0m[38;2;210;210;210m[48;2;219;219;218m▀[0m[38;2;168;169;173m[48;2;198;199;200m▀[0m[38;2;130;132;136m[48;2;129;127;138m▀[0m[38;2;16;16;19m[48;2;93;97;100m▀[0m[38;2;0;0;0m▄[0m  [38;2;159;31;95m▀[0m[38;2;205;51;117m[48;2;180;37;98m▀[0m[38;2;255;85;157m[48;2;245;71;143m▀[0m[38;2;255;96;163m[48;2;253;95;161m▀[0m[38;2;253;87;156m[48;2;254;91;158m▀[0m[38;2;253;77;151m[48;2;255;83;155m▀[0m[38;2;186;41;105m[48;2;194;44;110m▀[0m[38;2;170;28;85m▄[0m
    [38;2;0;0;0m[48;2;28;46;63m▀[0m[38;2;51;59;77m[48;2;75;82;96m▀[0m[38;2;120;124;133m[48;2;144;147;153m▀[0m[38;2;223;222;221m[48;2;150;153;160m▀[0m[38;2;155;158;165m[48;2;84;91;104m▀[0m[38;2;76;83;96m[48;2;97;100;111m▀[0m[38;2;86;89;96m[48;2;63;65;70m▀[0m[38;2;87;92;102m[48;2;119;121;127m▀[0m[38;2;147;150;157m[48;2;153;156;164m▀[0m[38;2;147;151;158m[48;2;116;118;124m▀[0m[38;2;58;60;64m[48;2;58;60;66m▀[0m[38;2;89;91;100m[48;2;102;105;115m▀[0m[38;2;102;105;115m[48;2;100;103;113m▀[0m[38;2;101;104;114m[48;2;99;102;112m▀[0m[38;2;75;77;84m[48;2;73;75;82m▀[0m[38;2;60;62;66m[48;2;58;59;65m▀[0m[38;2;146;149;156m[48;2;105;107;114m▀[0m[38;2;98;105;117m[48;2;151;154;161m▀[0m[38;2;86;91;103m[48;2;87;95;108m▀[0m[38;2;102;104;114m[48;2;93;97;109m▀[0m[38;2;73;81;95m[48;2;85;89;99m▀[0m[38;2;207;207;208m[48;2;108;109;110m▀[0m[38;2;216;223;220m[48;2;210;212;212m▀[0m[38;2;214;133;168m[48;2;186;169;180m▀[0m[38;2;154;91;124m[48;2;228;74;139m▀[0m[38;2;46;62;58m[48;2;96;34;62m▀[0m[38;2;0;0;0m[48;2;11;5;11m▀[0m  [38;2;144;17;76m▀[0m[38;2;214;52;121m[48;2;174;30;96m▀[0m[38;2;255;98;165m[48;2;244;83;152m▀[0m[38;2;253;92;160m[48;2;254;86;155m▀[0m[38;2;255;82;152m[48;2;251;111;173m▀[0m[38;2;239;69;140m[48;2;243;84;152m▀[0m[38;2;160;24;88m[48;2;181;33;99m▀[0m
   [38;2;0;0;127m[48;2;32;46;64m▀[0m[38;2;48;59;75m[48;2;80;86;100m▀[0m[38;2;119;121;132m[48;2;143;146;153m▀[0m[38;2;153;156;162m[48;2;144;147;154m▀[0m[38;2;91;100;112m[48;2;86;94;107m▀[0m[38;2;86;91;104m[48;2;96;99;111m▀[0m[38;2;91;94;102m[48;2;59;60;63m▀[0m[38;2;61;63;67m[48;2;194;194;193m▀[0m[38;2;144;147;156m[48;2;132;134;141m▀[0m[38;2;150;154;160m[48;2;106;111;119m▀[0m[38;2;74;76;80m[48;2;65;68;74m▀[0m[38;2;86;89;97m[48;2;103;106;116m▀[0m[38;2;102;105;115m[48;2;100;103;113m▀[0m[38;2;100;103;113m[48;2;100;103;113m▀[0m[38;2;99;102;112m[48;2;100;103;113m▀[0m[38;2;71;73;80m[48;2;73;75;82m▀[0m[38;2;92;94;104m[48;2;96;99;109m▀[0m[38;2;65;67;70m[48;2;67;69;73m▀[0m[38;2;158;161;168m[48;2;104;106;113m▀[0m[38;2;111;116;126m[48;2;164;165;170m▀[0m[38;2;67;70;77m[48;2;156;156;155m▀[0m[38;2;98;101;111m[48;2;64;66;73m▀[0m[38;2;63;65;70m[48;2;101;104;115m▀[0m[38;2;122;125;131m[48;2;55;57;60m▀[0m[38;2;143;152;157m[48;2;148;151;158m▀[0m[38;2;203;116;155m[48;2;132;145;148m▀[0m[38;2;228;63;131m[48;2;217;93;146m▀[0m[38;2;31;16;22m[48;2;135;35;77m▀[0m[38;2;0;0;0m[48;2;0;4;0m▀[0m  [38;2;85;0;28m[48;2;0;0;0m▀[0m[38;2;204;48;114m[48;2;173;30;95m▀[0m[38;2;255;83;153m[48;2;248;73;145m▀[0m[38;2;255;81;151m[48;2;255;83;153m▀[0m[38;2;255;83;153m[48;2;255;82;152m▀[0m[38;2;209;52;119m[48;2;205;51;117m▀[0m
   [38;2;30;39;54m[48;2;37;37;40m▀[0m[38;2;107;112;124m[48;2;132;135;144m▀[0m[38;2;150;153;159m[48;2;151;153;159m▀[0m[38;2;121;126;136m[48;2;77;85;100m▀[0m[38;2;75;82;95m[48;2;99;102;112m▀[0m[38;2;92;96;107m[48;2;80;85;97m▀[0m[38;2;74;79;89m[48;2;126;131;140m▀[0m[38;2;146;147;152m[48;2;123;124;127m▀[0m[38;2;105;107;112m[48;2;136;139;146m▀[0m[38;2;64;67;73m[48;2;82;84;86m▀[0m[38;2;86;89;99m[48;2;82;84;92m▀[0m[38;2;102;105;115m[48;2;102;105;115m▀[0m[38;2;100;103;113m[48;2;100;103;113m▀[0m[38;2;101;104;115m[48;2;102;105;116m▀[0m[38;2;82;85;92m[48;2;75;78;85m▀[0m[38;2;54;56;59m[48;2;32;34;37m▀[0m[38;2;92;95;104m[48;2;86;88;97m▀[0m[38;2;67;69;75m[48;2;66;68;74m▀[0m[38;2;76;78;81m[48;2;113;115;120m▀[0m[38;2;119;121;127m[48;2;121;124;130m▀[0m[38;2;121;122;125m[48;2;152;153;155m▀[0m[38;2;67;69;74m[48;2;96;96;96m▀[0m[38;2;103;106;117m[48;2;87;90;99m▀[0m[38;2;77;79;87m[48;2;106;109;119m▀[0m[38;2;93;95;99m[48;2;53;55;60m▀[0m[38;2;145;151;157m[48;2;123;126;132m▀[0m[38;2;159;122;144m[48;2;143;148;155m▀[0m[38;2;220;65;129m[48;2;214;94;147m▀[0m[38;2;55;18;35m[48;2;87;33;53m▀[0m   [38;2;166;22;88m▀[0m[38;2;207;50;117m[48;2;186;40;104m▀[0m[38;2;255;83;155m[48;2;255;84;156m▀[0m[38;2;254;93;161m[48;2;251;112;174m▀[0m[38;2;205;51;117m[48;2;206;50;116m▀[0m
  [38;2;9;9;9m▄[0m[38;2;38;38;40m[48;2;86;87;93m▀[0m[38;2;141;144;151m[48;2;149;152;159m▀[0m[38;2;115;120;132m[48;2;81;88;102m▀[0m[38;2;80;86;99m[48;2;98;102;113m▀[0m[38;2;100;103;114m[48;2;78;80;89m▀[0m[38;2;80;87;102m[48;2;87;94;106m▀[0m[38;2;197;198;200m[48;2;223;223;222m▀[0m[38;2;197;198;201m[48;2;186;187;190m▀[0m[38;2;150;153;161m[48;2;136;140;149m▀[0m[38;2;82;84;87m[48;2;58;64;73m▀[0m[38;2;83;85;95m[48;2;72;73;80m▀[0m[38;2;102;105;115m[48;2;103;106;116m▀[0m[38;2;100;103;113m[48;2;101;104;114m▀[0m[38;2;100;103;114m[48;2;95;98;108m▀[0m[38;2;71;73;80m[48;2;44;46;51m▀[0m[38;2;63;65;71m[48;2;223;223;239m▀[0m[38;2;89;92;99m[48;2;73;75;80m▀[0m[38;2;95;98;107m[48;2;100;103;113m▀[0m[38;2;62;64;67m[48;2;54;55;59m▀[0m[38;2;146;149;155m[48;2;141;144;151m▀[0m[38;2;201;202;204m[48;2;162;164;169m▀[0m[38;2;184;184;183m[48;2;215;215;214m▀[0m[38;2;59;60;65m[48;2;86;87;90m▀[0m[38;2;104;107;118m[48;2;85;87;96m▀[0m[38;2;90;93;102m[48;2;103;106;117m▀[0m[38;2;67;68;71m[48;2;69;71;76m▀[0m[38;2;144;157;160m[48;2;109;115;119m▀[0m[38;2;187;121;153m[48;2;154;135;150m▀[0m[38;2;212;64;122m[48;2;204;76;129m▀[0m[38;2;7;14;9m[48;2;30;16;21m▀[0m[38;2;0;0;0m▄[0m  [38;2;168;25;90m[48;2;144;8;76m▀[0m[38;2;223;61;129m[48;2;213;55;122m▀[0m[38;2;255;82;154m[48;2;254;84;155m▀[0m[38;2;207;52;118m[48;2;203;50;116m▀[0m
  [38;2;9;9;9m[48;2;9;9;9m▀[0m[38;2;105;107;115m[48;2;106;107;115m▀[0m[38;2;119;125;135m[48;2;87;95;109m▀[0m[38;2;81;86;100m[48;2;96;100;110m▀[0m[38;2;87;90;97m[48;2;62;64;68m▀[0m[38;2;37;43;52m[48;2;37;48;68m▀[0m[38;2;117;124;135m[48;2;185;192;194m▀[0m[38;2;216;216;216m[48;2;213;213;213m▀[0m[38;2;153;156;162m[48;2;148;156;161m▀[0m[38;2;126;128;135m[48;2;127;129;135m▀[0m[38;2;4;4;6m[48;2;10;8;8m▀[0m[38;2;66;69;75m[48;2;56;59;65m▀[0m[38;2;104;107;117m[48;2;90;93;102m▀[0m[38;2;101;104;114m[48;2;105;108;119m▀[0m[38;2;96;99;109m[48;2;71;75;81m▀[0m[38;2;50;52;56m[48;2;47;47;56m▀[0m [38;2;49;49;54m[48;2;0;0;0m▀[0m[38;2;88;91;99m[48;2;67;69;74m▀[0m[38;2;55;56;60m[48;2;62;64;68m▀[0m[38;2;142;146;153m[48;2;131;133;139m▀[0m[38;2;161;165;169m[48;2;172;154;167m▀[0m[38;2;225;226;225m[48;2;219;216;218m▀[0m[38;2;135;138;137m[48;2;153;135;143m▀[0m[38;2;48;48;54m[48;2;11;15;15m▀[0m[38;2;106;109;119m[48;2;61;63;68m▀[0m[38;2;104;107;117m[48;2;94;97;106m▀[0m[38;2;51;52;57m[48;2;84;86;95m▀[0m[38;2;130;143;145m[48;2;77;86;87m▀[0m[38;2;236;101;158m[48;2;248;108;167m▀[0m[38;2;136;44;81m[48;2;146;48;87m▀[0m[38;2;0;0;0m[48;2;0;0;0m▀[0m  [38;2;255;0;0m▀[0m[38;2;180;35;100m[48;2;170;34;93m▀[0m[38;2;246;67;142m[48;2;196;43;110m▀[0m[38;2;174;33;94m[48;2;165;25;89m▀[0m
  [38;2;15;13;13m[48;2;17;17;17m▀[0m[38;2;89;93;103m[48;2;58;62;70m▀[0m[38;2;84;91;106m[48;2;51;56;66m▀[0m[38;2;68;70;77m[48;2;47;47;31m▀[0m[38;2;26;26;26m[48;2;8;26;43m▀[0m[38;2;44;50;72m[48;2;93;96;110m▀[0m[38;2;208;151;177m[48;2;232;124;168m▀[0m[38;2;219;211;213m[48;2;223;209;214m▀[0m[38;2;187;132;160m[48;2;218;113;159m▀[0m[38;2;124;131;135m[48;2;122;133;135m▀[0m[38;2;12;10;10m[48;2;11;11;11m▀[0m[38;2;42;42;42m▀[0m[38;2;72;74;81m[48;2;39;39;49m▀[0m[38;2;94;96;105m[48;2;56;59;61m▀[0m[38;2;57;59;65m▀[0m   [38;2;46;46;53m▀[0m[38;2;55;57;61m[48;2;5;5;5m▀[0m[38;2;83;79;84m[48;2;83;80;85m▀[0m[38;2;216;110;157m[48;2;217;110;157m▀[0m[38;2;191;177;186m[48;2;186;184;188m▀[0m[38;2;238;134;178m[48;2;247;155;192m▀[0m[38;2;61;73;68m[48;2;72;59;64m▀[0m[38;2;0;0;0m▀[0m[38;2;26;26;27m▀[0m[38;2;82;85;92m[48;2;23;25;25m▀[0m[38;2;63;69;73m[48;2;20;21;21m▀[0m[38;2;199;76;126m[48;2;83;23;49m▀[0m[38;2;93;35;58m[48;2;6;12;9m▀[0m[38;2;0;0;0m▀[0m      
   [38;2;19;19;19m▀[0m[38;2;46;46;46m▀[0m [38;2;13;27;48m[48;2;13;27;48m▀[0m[38;2;97;100;114m[48;2;98;101;116m▀[0m[38;2;238;132;174m[48;2;218;120;161m▀[0m[38;2;193;180;188m[48;2;182;170;180m▀[0m[38;2;213;113;157m[48;2;183;89;134m▀[0m[38;2;120;129;133m[48;2;93;102;108m▀[0m[38;2;11;11;11m[48;2;11;11;11m▀[0m        [38;2;0;0;0m[48;2;0;0;0m▀[0m[38;2;78;83;85m[48;2;78;86;87m▀[0m[38;2;190;125;157m[48;2;182;135;162m▀[0m[38;2;217;177;194m[48;2;236;170;196m▀[0m[38;2;236;171;197m[48;2;237;173;199m▀[0m[38;2;138;84;110m[48;2;162;113;138m▀[0m[38;2;2;16;11m[48;2;3;17;11m▀[0m  [38;2;11;0;0m▀[0m[38;2;0;11;3m▀[0m        
      [38;2;28;37;66m▀[0m[38;2;69;71;85m[48;2;0;0;0m▀[0m[38;2;120;57;88m[48;2;0;10;5m▀[0m[38;2;97;90;100m[48;2;2;2;2m▀[0m[38;2;103;41;76m[48;2;0;8;0m▀[0m[38;2;32;41;45m▀[0m[38;2;12;12;12m▀[0m        [38;2;0;0;0m▀[0m[38;2;48;56;59m[48;2;0;0;0m▀[0m[38;2;131;83;109m[48;2;38;9;22m▀[0m[38;2;212;150;178m[48;2;57;38;51m▀[0m[38;2;213;152;179m[48;2;57;38;50m▀[0m[38;2;118;69;94m[48;2;29;13;19m▀[0m[38;2;1;15;9m[48;2;5;15;10m▀[0m            
[0m