          [38;2;0;0;0m▄[0m            [38;2;180;98;16m▄[0m[38;2;0;0;0m[48;2;255;213;106m▀[0m[38;2;0;0;0m▄[0m                 
         [38;2;230;180;65m▄[0m[38;2;230;180;65m[48;2;255;213;106m▀[0m[38;2;0;0;0m[48;2;0;0;0m▀[0m           [38;2;180;98;16m[48;2;180;98;16m▀[0m[38;2;255;213;106m[48;2;255;213;106m▀[0m[38;2;0;0;0m[48;2;0;0;0m▀[0m                 
         [38;2;230;180;65m[48;2;180;98;16m▀[0m[38;2;255;213;106m[48;2;255;213;106m▀[0m[38;2;255;213;106m[48;2;255;213;106m▀[0m[38;2;0;0;0m[48;2;0;0;0m▀[0m         [38;2;180;98;16m[48;2;180;98;16m▀[0m[38;2;255;213;106m[48;2;255;213;106m▀[0m[38;2;255;213;106m[48;2;255;213;106m▀[0m[38;2;255;213;106m[48;2;255;213;106m▀[0m[38;2;0;0;0m[48;2;0;0;0m▀[0m                
         [38;2;180;98;16m▀[0m[38;2;255;213;106m[48;2;180;98;16m▀[0m[38;2;255;213;106m[48;2;255;213;106m▀[0m[38;2;255;213;106m[48;2;255;213;106m▀[0m[38;2;0;0;0m[48;2;0;0;0m▀[0m [38;2;123;123;32m▄[0m[38;2;0;0;0m▄[0m  [38;2;123;123;32m[48;2;123;123;32m▀[0m[38;2;123;123;32m[48;2;222;255;8m▀[0m[38;2;123;123;32m▄[0m[38;2;180;98;16m[48;2;180;98;16m▀[0m[38;2;255;213;106m[48;2;255;213;106m▀[0m[38;2;255;213;106m[48;2;255;213;106m▀[0m[38;2;255;213;106m[48;2;0;0;0m▀[0m[38;2;0;0;0m▀[0m                
          [38;2;180;98;16m▀[0m[38;2;255;213;106m[48;2;180;98;16m▀[0m[38;2;255;213;106m[48;2;255;213;106m▀[0m[38;2;255;213;106m[48;2;255;213;106m▀[0m[38;2;0;0;0m[48;2;0;0;0m▀[0m[38;2;222;255;8m[48;2;222;255;8m▀[0m[38;2;0;0;0m[48;2;222;255;8m▀[0m[38;2;0;0;0m▄[0m [38;2;123;123;32m[48;2;123;123;32m▀[0m[38;2;222;255;8m[48;2;222;255;8m▀[0m[38;2;180;98;16m[48;2;180;98;16m▀[0m[38;2;255;213;106m[48;2;255;213;106m▀[0m[38;2;255;213;106m[48;2;255;213;106m▀[0m[38;2;255;213;106m[48;2;0;0;0m▀[0m[38;2;0;0;0m[48;2;222;255;8m▀[0m[38;2;123;123;32m▄[0m                
            [38;2;0;0;0m[48;2;123;123;32m▀[0m[38;2;0;0;0m[48;2;180;98;16m▀[0m[38;2;230;180;65m[48;2;255;213;106m▀[0m[38;2;0;0;0m[48;2;0;0;0m▀[0m[38;2;222;255;8m[48;2;222;255;8m▀[0m[38;2;0;0;0m[48;2;222;255;8m▀[0m[38;2;0;0;0m▄[0m [38;2;123;123;32m[48;2;123;123;32m▀[0m[38;2;0;0;0m[48;2;180;98;16m▀[0m[38;2;0;0;0m[48;2;255;213;106m▀[0m[38;2;0;0;0m[48;2;0;0;0m▀[0m[38;2;222;255;8m[48;2;222;255;8m▀[0m[38;2;222;255;8m[48;2;222;255;8m▀[0m[38;2;222;255;8m[48;2;222;255;8m▀[0m[38;2;123;123;32m[48;2;222;255;8m▀[0m[38;2;0;0;0m▄[0m              
            [38;2;123;123;32m[48;2;123;123;32m▀[0m[38;2;180;98;16m[48;2;222;255;8m▀[0m[38;2;255;213;106m[48;2;180;98;16m▀[0m[38;2;0;0;0m[48;2;255;213;106m▀[0m[38;2;222;255;8m[48;2;0;0;0m▀[0m[38;2;222;255;8m[48;2;222;255;8m▀[0m[38;2;0;0;0m[48;2;0;0;0m▀[0m [38;2;180;98;16m[48;2;180;98;16m▀[0m[38;2;230;180;65m[48;2;255;213;106m▀[0m[38;2;0;0;0m[48;2;0;0;0m▀[0m[38;2;222;255;8m[48;2;222;255;8m▀[0m[38;2;222;255;8m[48;2;222;255;8m▀[0m[38;2;222;255;8m[48;2;222;255;8m▀[0m[38;2;222;255;8m[48;2;222;255;8m▀[0m[38;2;222;255;8m[48;2;222;255;8m▀[0m[38;2;0;0;0m[48;2;222;255;8m▀[0m[38;2;0;0;0m▄[0m             
           [38;2;123;123;32m[48;2;123;123;32m▀[0m[38;2;222;255;8m[48;2;222;255;8m▀[0m[38;2;222;255;8m[48;2;222;255;8m▀[0m[38;2;180;98;16m[48;2;222;255;8m▀[0m[38;2;255;213;106m[48;2;180;98;16m▀[0m[38;2;0;0;0m[48;2;0;0;0m▀[0m[38;2;222;255;8m[48;2;222;255;8m▀[0m[38;2;0;0;0m[48;2;0;0;0m▀[0m [38;2;180;98;16m[48;2;180;98;16m▀[0m[38;2;255;213;106m[48;2;0;0;0m▀[0m[38;2;0;0;0m[48;2;222;255;8m▀[0m[38;2;222;255;8m[48;2;222;255;8m▀[0m[38;2;222;255;8m[48;2;222;255;8m▀[0m[38;2;222;255;8m[48;2;222;255;8m▀[0m[38;2;222;255;8m[48;2;222;255;8m▀[0m[38;2;222;255;8m[48;2;123;123;32m▀[0m[38;2;222;255;8m[48;2;123;123;32m▀[0m[38;2;0;0;0m[48;2;222;255;8m▀[0m[38;2;0;0;0m▄[0m            
           [38;2;123;123;32m[48;2;123;123;32m▀[0m[38;2;222;255;8m[48;2;222;255;8m▀[0m[38;2;222;255;8m[48;2;222;255;8m▀[0m[38;2;222;255;8m[48;2;222;255;8m▀[0m[38;2;180;98;16m[48;2;222;255;8m▀[0m[38;2;255;213;106m[48;2;180;98;16m▀[0m[38;2;0;0;0m[48;2;0;0;0m▀[0m[38;2;222;255;8m[48;2;0;0;0m▀[0m[38;2;180;98;16m[48;2;180;98;16m▀[0m[38;2;230;180;65m[48;2;255;213;106m▀[0m[38;2;0;0;0m[48;2;0;0;0m▀[0m[38;2;222;255;8m[48;2;180;98;16m▀[0m[38;2;222;255;8m[48;2;180;98;16m▀[0m[38;2;222;255;8m[48;2;222;255;8m▀[0m[38;2;222;255;8m[48;2;222;255;8m▀[0m[38;2;123;123;32m[48;2;123;123;32m▀[0m[38;2;222;255;8m[48;2;222;255;8m▀[0m[38;2;222;255;8m[48;2;222;255;8m▀[0m[38;2;123;123;32m[48;2;222;255;8m▀[0m[38;2;0;0;0m[48;2;0;0;0m▀[0m            
        [38;2;180;189;16m▄[0m[38;2;180;189;16m[48;2;222;255;8m▀[0m[38;2;180;189;16m[48;2;222;255;8m▀[0m[38;2;222;255;8m[48;2;222;255;8m▀[0m[38;2;222;255;8m[48;2;222;255;8m▀[0m[38;2;222;255;8m[48;2;222;255;8m▀[0m[38;2;222;255;8m[48;2;222;255;8m▀[0m[38;2;222;255;8m[48;2;0;0;0m▀[0m[38;2;180;98;16m[48;2;255;246;180m▀[0m[38;2;0;0;0m[48;2;180;98;16m▀[0m[38;2;255;246;180m[48;2;255;246;180m▀[0m[38;2;180;98;16m[48;2;180;98;16m▀[0m[38;2;0;0;0m[48;2;0;0;0m▀[0m[38;2;255;213;106m[48;2;255;246;180m▀[0m[38;2;255;213;106m[48;2;255;213;106m▀[0m[38;2;255;213;106m[48;2;255;213;106m▀[0m[38;2;180;98;16m[48;2;255;213;106m▀[0m[38;2;123;123;32m[48;2;123;123;32m▀[0m[38;2;222;255;8m[48;2;222;255;8m▀[0m[38;2;222;255;8m[48;2;222;255;8m▀[0m[38;2;222;255;8m[48;2;222;255;8m▀[0m[38;2;222;255;8m[48;2;222;255;8m▀[0m[38;2;222;255;8m[48;2;222;255;8m▀[0m[38;2;0;0;0m[48;2;0;0;0m▀[0m           
       [38;2;123;123;32m[48;2;123;123;32m▀[0m[38;2;222;255;8m[48;2;222;255;8m▀[0m[38;2;222;255;8m[48;2;222;255;8m▀[0m[38;2;222;255;8m[48;2;222;255;8m▀[0m[38;2;222;255;8m[48;2;222;255;8m▀[0m[38;2;222;255;8m[48;2;222;255;8m▀[0m[38;2;222;255;8m[48;2;222;255;8m▀[0m[38;2;0;0;0m[48;2;0;0;0m▀[0m[38;2;255;246;180m[48;2;255;246;180m▀[0m[38;2;255;246;180m[48;2;255;246;180m▀[0m[38;2;255;246;180m[48;2;255;246;180m▀[0m[38;2;255;246;180m[48;2;255;246;180m▀[0m[38;2;255;246;180m[48;2;255;246;180m▀[0m[38;2;255;246;180m[48;2;255;246;180m▀[0m[38;2;255;246;180m[48;2;255;213;106m▀[0m[38;2;255;213;106m[48;2;255;213;106m▀[0m[38;2;255;213;106m[48;2;255;213;106m▀[0m[38;2;255;213;106m[48;2;255;213;106m▀[0m[38;2;0;0;0m[48;2;0;0;0m▀[0m[38;2;222;255;8m[48;2;222;255;8m▀[0m[38;2;222;255;8m[48;2;222;255;8m▀[0m[38;2;222;255;8m[48;2;222;255;8m▀[0m[38;2;222;255;8m[48;2;222;255;8m▀[0m[38;2;222;255;8m[48;2;222;255;8m▀[0m[38;2;0;0;0m[48;2;0;0;0m▀[0m           
       [38;2;0;0;0m[48;2;0;0;0m▀[0m[38;2;222;255;8m[48;2;222;255;8m▀[0m[38;2;222;255;8m[48;2;222;255;8m▀[0m[38;2;222;255;8m[48;2;222;255;8m▀[0m[38;2;222;255;8m[48;2;222;255;8m▀[0m[38;2;222;255;8m[48;2;222;255;8m▀[0m[38;2;0;0;0m[48;2;131;24;98m▀[0m[38;2;255;213;106m[48;2;255;213;106m▀[0m[38;2;255;213;106m[48;2;255;213;106m▀[0m[38;2;255;246;180m[48;2;255;213;106m▀[0m[38;2;255;246;180m[48;2;255;213;106m▀[0m[38;2;255;246;180m[48;2;255;213;106m▀[0m[38;2;255;246;180m[48;2;255;213;106m▀[0m[38;2;255;213;106m[48;2;255;213;106m▀[0m[38;2;255;213;106m[48;2;255;213;106m▀[0m[38;2;255;213;106m[48;2;255;213;106m▀[0m[38;2;255;213;106m[48;2;255;213;106m▀[0m[38;2;255;213;106m[48;2;255;213;106m▀[0m[38;2;0;0;0m[48;2;255;213;106m▀[0m[38;2;222;255;8m[48;2;123;123;32m▀[0m[38;2;222;255;8m[48;2;222;255;8m▀[0m[38;2;222;255;8m[48;2;222;255;8m▀[0m[38;2;222;255;8m[48;2;222;255;8m▀[0m[38;2;222;255;8m[48;2;180;189;16m▀[0m[38;2;0;0;0m[48;2;0;0;0m▀[0m           
        [38;2;0;0;0m[48;2;0;0;0m▀[0m[38;2;222;255;8m[48;2;222;255;8m▀[0m[38;2;222;255;8m[48;2;222;255;8m▀[0m[38;2;222;255;8m[48;2;222;255;8m▀[0m[38;2;131;24;98m[48;2;131;24;98m▀[0m[38;2;255;255;255m[48;2;255;32;213m▀[0m[38;2;255;213;106m[48;2;255;213;106m▀[0m[38;2;255;213;106m[48;2;255;213;106m▀[0m[38;2;255;213;106m[48;2;255;213;106m▀[0m[38;2;255;213;106m[48;2;255;213;106m▀[0m[38;2;255;213;106m[48;2;255;213;106m▀[0m[38;2;255;213;106m[48;2;255;213;106m▀[0m[38;2;255;213;106m[48;2;255;213;106m▀[0m[38;2;255;213;106m[48;2;255;213;106m▀[0m[38;2;255;213;106m[48;2;131;24;98m▀[0m[38;2;131;24;98m[48;2;255;255;255m▀[0m[38;2;255;213;106m[48;2;131;24;98m▀[0m[38;2;255;213;106m[48;2;255;213;106m▀[0m[38;2;0;0;0m[48;2;0;0;0m▀[0m[38;2;222;255;8m[48;2;180;189;16m▀[0m[38;2;222;255;8m[48;2;180;189;16m▀[0m[38;2;180;189;16m[48;2;180;189;16m▀[0m[38;2;0;0;0m[48;2;0;0;0m▀[0m            
         [38;2;0;0;0m▀[0m[38;2;0;0;0m▀[0m[38;2;180;189;16m[48;2;123;123;32m▀[0m[38;2;180;189;16m[48;2;180;189;16m▀[0m[38;2;0;0;0m[48;2;180;189;16m▀[0m[38;2;255;213;106m[48;2;0;0;0m▀[0m[38;2;255;213;106m[48;2;180;98;16m▀[0m[38;2;255;213;106m[48;2;0;0;0m▀[0m[38;2;255;213;106m[48;2;255;213;106m▀[0m[38;2;255;213;106m[48;2;255;213;106m▀[0m[38;2;255;213;106m[48;2;255;213;106m▀[0m[38;2;255;213;106m[48;2;0;0;0m▀[0m[38;2;255;213;106m[48;2;0;0;0m▀[0m[38;2;131;24;98m[48;2;180;98;16m▀[0m[38;2;255;32;213m[48;2;0;0;0m▀[0m[38;2;0;0;0m[48;2;180;189;16m▀[0m[38;2;0;0;0m[48;2;180;189;16m▀[0m[38;2;180;189;16m[48;2;180;189;16m▀[0m[38;2;180;189;16m[48;2;180;189;16m▀[0m[38;2;180;189;16m[48;2;0;0;0m▀[0m[38;2;0;0;0m▀[0m             
           [38;2;123;123;32m▀[0m[38;2;180;189;16m[48;2;123;123;32m▀[0m[38;2;180;189;16m[48;2;123;123;32m▀[0m[38;2;180;189;16m[48;2;180;189;16m▀[0m[38;2;0;0;0m[48;2;180;189;16m▀[0m[38;2;230;180;65m[48;2;0;0;0m▀[0m[38;2;180;98;16m[48;2;0;0;0m▀[0m[38;2;0;0;0m[48;2;230;180;65m▀[0m[38;2;180;98;16m[48;2;230;180;65m▀[0m[38;2;230;180;65m[48;2;230;180;65m▀[0m[38;2;230;180;65m[48;2;230;180;65m▀[0m[38;2;123;123;32m[48;2;123;123;32m▀[0m[38;2;180;189;16m[48;2;180;189;16m▀[0m[38;2;180;189;16m[48;2;180;189;16m▀[0m[38;2;180;189;16m[48;2;0;0;0m▀[0m[38;2;180;189;16m[48;2;0;0;0m▀[0m[38;2;0;0;0m▀[0m               
              [38;2;123;123;32m▀[0m[38;2;123;123;32m▀[0m[38;2;123;123;32m▀[0m[38;2;123;123;32m[48;2;0;0;0m▀[0m[38;2;0;0;0m[48;2;0;0;0m▀[0m[38;2;0;0;0m[48;2;41;74;41m▀[0m[38;2;230;180;65m[48;2;230;180;65m▀[0m[38;2;230;180;65m[48;2;0;0;0m▀[0m[38;2;0;0;0m▀[0m[38;2;0;0;0m▀[0m[38;2;0;0;0m▀[0m                  
            [38;2;0;0;0m▄[0m[38;2;0;0;0m▄[0m[38;2;0;0;0m[48;2;255;213;106m▀[0m[38;2;0;0;0m[48;2;230;180;65m▀[0m[38;2;0;0;0m[48;2;230;180;65m▀[0m[38;2;230;180;65m[48;2;180;189;16m▀[0m[38;2;180;189;16m[48;2;41;74;41m▀[0m[38;2;41;74;41m[48;2;123;205;24m▀[0m[38;2;230;180;65m[48;2;123;205;24m▀[0m[38;2;180;98;16m[48;2;0;0;0m▀[0m[38;2;0;0;0m[48;2;180;189;16m▀[0m[38;2;0;0;0m[48;2;230;180;65m▀[0m[38;2;0;0;0m▄[0m[38;2;0;0;0m▄[0m                 
        [38;2;123;123;32m▄[0m[38;2;123;123;32m▄[0m[38;2;0;0;0m[48;2;255;213;106m▀[0m[38;2;0;0;0m[48;2;255;213;106m▀[0m[38;2;255;213;106m[48;2;230;180;65m▀[0m[38;2;255;213;106m[48;2;222;255;8m▀[0m[38;2;230;180;65m[48;2;180;189;16m▀[0m[38;2;180;189;16m[48;2;180;189;16m▀[0m[38;2;180;189;16m[48;2;180;189;16m▀[0m[38;2;180;189;16m[48;2;41;74;41m▀[0m[38;2;41;74;41m[48;2;123;205;24m▀[0m[38;2;123;205;24m[48;2;123;205;24m▀[0m[38;2;123;205;24m[48;2;123;205;24m▀[0m[38;2;0;0;0m[48;2;0;0;0m▀[0m[38;2;180;189;16m[48;2;180;189;16m▀[0m[38;2;180;189;16m[48;2;180;189;16m▀[0m[38;2;230;180;65m[48;2;180;189;16m▀[0m[38;2;230;180;65m[48;2;230;180;65m▀[0m[38;2;0;0;0m[48;2;255;213;106m▀[0m[38;2;0;0;0m▄[0m               
     [38;2;123;123;32m▄[0m[38;2;123;123;32m[48;2;222;255;8m▀[0m[38;2;123;123;32m[48;2;222;255;8m▀[0m[38;2;222;255;8m[48;2;222;255;8m▀[0m[38;2;222;255;8m[48;2;0;0;0m▀[0m[38;2;0;0;0m▀[0m[38;2;222;255;8m[48;2;0;0;0m▀[0m[38;2;222;255;8m[48;2;0;0;0m▀[0m[38;2;222;255;8m[48;2;222;255;8m▀[0m[38;2;222;255;8m[48;2;222;255;8m▀[0m[38;2;180;189;16m[48;2;222;255;8m▀[0m[38;2;180;189;16m[48;2;0;0;0m▀[0m[38;2;41;74;41m[48;2;41;74;41m▀[0m[38;2;123;205;24m[48;2;74;139;41m▀[0m[38;2;123;205;24m[48;2;123;205;24m▀[0m[38;2;123;205;24m[48;2;74;139;41m▀[0m[38;2;74;139;41m[48;2;0;0;0m▀[0m[38;2;0;0;0m[48;2;0;0;0m▀[0m[38;2;222;255;8m[48;2;222;255;8m▀[0m[38;2;222;255;8m[48;2;222;255;8m▀[0m[38;2;180;189;16m[48;2;222;255;8m▀[0m[38;2;230;180;65m[48;2;222;255;8m▀[0m[38;2;255;213;106m[48;2;230;180;65m▀[0m[38;2;0;0;0m[48;2;255;213;106m▀[0m[38;2;0;0;0m▄[0m             
   [38;2;123;123;32m▄[0m[38;2;123;123;32m[48;2;222;255;8m▀[0m[38;2;222;255;8m[48;2;222;255;8m▀[0m[38;2;222;255;8m[48;2;222;255;8m▀[0m[38;2;222;255;8m[48;2;222;255;8m▀[0m[38;2;222;255;8m[48;2;0;0;0m▀[0m[38;2;0;0;0m▀[0m   [38;2;0;0;0m▀[0m[38;2;0;0;0m▀[0m[38;2;0;0;0m▀[0m [38;2;41;74;41m▀[0m[38;2;74;139;41m[48;2;0;0;0m▀[0m[38;2;74;139;41m[48;2;74;139;41m▀[0m[38;2;74;139;41m[48;2;74;139;41m▀[0m[38;2;0;0;0m[48;2;0;0;0m▀[0m [38;2;0;0;0m▀[0m[38;2;222;255;8m[48;2;0;0;0m▀[0m[38;2;222;255;8m[48;2;222;255;8m▀[0m[38;2;222;255;8m[48;2;222;255;8m▀[0m[38;2;222;255;8m[48;2;222;255;8m▀[0m[38;2;180;189;16m[48;2;222;255;8m▀[0m[38;2;255;213;106m[48;2;0;0;0m▀[0m[38;2;0;0;0m[48;2;0;0;0m▀[0m            
  [38;2;123;123;32m[48;2;123;123;32m▀[0m[38;2;222;255;8m[48;2;222;255;8m▀[0m[38;2;222;255;8m[48;2;222;255;8m▀[0m[38;2;222;255;8m[48;2;0;0;0m▀[0m[38;2;0;0;0m▀[0m[38;2;0;0;0m▀[0m          [38;2;0;0;0m[48;2;0;0;0m▀[0m[38;2;74;139;41m[48;2;255;213;106m▀[0m[38;2;74;139;41m[48;2;0;0;0m▀[0m[38;2;0;0;0m[48;2;222;255;8m▀[0m[38;2;123;123;32m▄[0m[38;2;123;123;32m▄[0m [38;2;0;0;0m▀[0m[38;2;0;0;0m▀[0m[38;2;0;0;0m▀[0m[38;2;0;0;0m▀[0m [38;2;0;0;0m[48;2;0;0;0m▀[0m[38;2;123;123;32m[48;2;222;255;8m▀[0m[38;2;123;123;32m[48;2;222;255;8m▀[0m[38;2;123;123;32m[48;2;222;255;8m▀[0m[38;2;123;123;32m▄[0m[38;2;123;123;32m▄[0m       
 [38;2;123;123;32m[48;2;123;123;32m▀[0m[38;2;222;255;8m[48;2;222;255;8m▀[0m[38;2;222;255;8m[48;2;222;255;8m▀[0m[38;2;0;0;0m[48;2;0;0;0m▀[0m          [38;2;123;123;32m▄[0m[38;2;123;123;32m[48;2;180;189;16m▀[0m[38;2;0;0;0m[48;2;0;0;0m▀[0m[38;2;255;213;106m[48;2;255;213;106m▀[0m[38;2;255;213;106m[48;2;255;213;106m▀[0m[38;2;0;0;0m[48;2;0;0;0m▀[0m[38;2;222;255;8m[48;2;180;189;16m▀[0m[38;2;222;255;8m[48;2;222;255;8m▀[0m[38;2;222;255;8m[48;2;222;255;8m▀[0m[38;2;123;123;32m[48;2;222;255;8m▀[0m[38;2;123;123;32m▄[0m[38;2;123;123;32m▄[0m    [38;2;0;0;0m▀[0m[38;2;222;255;8m[48;2;0;0;0m▀[0m[38;2;222;255;8m[48;2;222;255;8m▀[0m[38;2;222;255;8m[48;2;222;255;8m▀[0m[38;2;222;255;8m[48;2;222;255;8m▀[0m[38;2;123;123;32m[48;2;222;255;8m▀[0m[38;2;123;123;32m[48;2;222;255;8m▀[0m[38;2;123;123;32m▄[0m    
[38;2;123;123;32m▄[0m[38;2;123;123;32m[48;2;222;255;8m▀[0m[38;2;222;255;8m[48;2;222;255;8m▀[0m[38;2;222;255;8m[48;2;222;255;8m▀[0m[38;2;222;255;8m[48;2;222;255;8m▀[0m[38;2;0;0;0m[48;2;0;0;0m▀[0m        [38;2;0;0;0m▄[0m[38;2;123;123;32m[48;2;180;189;16m▀[0m[38;2;180;189;16m[48;2;180;189;16m▀[0m[38;2;0;0;0m[48;2;0;0;0m▀[0m[38;2;255;213;106m[48;2;180;98;16m▀[0m[38;2;255;213;106m[48;2;180;98;16m▀[0m[38;2;0;0;0m[48;2;255;213;106m▀[0m[38;2;180;189;16m[48;2;0;0;0m▀[0m[38;2;222;255;8m[48;2;180;189;16m▀[0m[38;2;222;255;8m[48;2;222;255;8m▀[0m[38;2;222;255;8m[48;2;222;255;8m▀[0m[38;2;222;255;8m[48;2;222;255;8m▀[0m[38;2;222;255;8m[48;2;222;255;8m▀[0m[38;2;123;123;32m[48;2;222;255;8m▀[0m[38;2;123;123;32m▄[0m    [38;2;0;0;0m▀[0m[38;2;0;0;0m▀[0m[38;2;0;0;0m▀[0m[38;2;222;255;8m[48;2;0;0;0m▀[0m[38;2;222;255;8m[48;2;222;255;8m▀[0m[38;2;222;255;8m[48;2;222;255;8m▀[0m[38;2;0;0;0m[48;2;180;189;16m▀[0m[38;2;0;0;0m▄[0m  
[38;2;123;123;32m[48;2;123;123;32m▀[0m[38;2;222;255;8m[48;2;222;255;8m▀[0m[38;2;222;255;8m[48;2;222;255;8m▀[0m[38;2;222;255;8m[48;2;0;0;0m▀[0m[38;2;0;0;0m▀[0m         [38;2;0;0;0m[48;2;0;0;0m▀[0m[38;2;180;189;16m[48;2;180;189;16m▀[0m[38;2;180;189;16m[48;2;180;189;16m▀[0m[38;2;0;0;0m[48;2;0;0;0m▀[0m[38;2;255;213;106m[48;2;255;213;106m▀[0m[38;2;255;213;106m[48;2;255;213;106m▀[0m[38;2;255;213;106m[48;2;255;213;106m▀[0m[38;2;0;0;0m[48;2;0;0;0m▀[0m[38;2;180;189;16m[48;2;180;189;16m▀[0m[38;2;222;255;8m[48;2;180;189;16m▀[0m[38;2;222;255;8m[48;2;222;255;8m▀[0m[38;2;222;255;8m[48;2;222;255;8m▀[0m[38;2;222;255;8m[48;2;222;255;8m▀[0m[38;2;222;255;8m[48;2;222;255;8m▀[0m[38;2;222;255;8m[48;2;222;255;8m▀[0m[38;2;0;0;0m[48;2;123;123;32m▀[0m[38;2;0;0;0m[48;2;222;255;8m▀[0m[38;2;0;0;0m▄[0m     [38;2;0;0;0m[48;2;123;123;32m▀[0m[38;2;180;189;16m[48;2;180;189;16m▀[0m[38;2;180;189;16m[48;2;180;189;16m▀[0m[38;2;180;189;16m[48;2;180;189;16m▀[0m[38;2;0;0;0m[48;2;0;0;0m▀[0m 
[38;2;123;123;32m[48;2;123;123;32m▀[0m[38;2;222;255;8m[48;2;222;255;8m▀[0m[38;2;222;255;8m[48;2;0;0;0m▀[0m[38;2;0;0;0m▀[0m          [38;2;0;0;0m▀[0m[38;2;180;189;16m[48;2;0;0;0m▀[0m[38;2;180;189;16m[48;2;180;189;16m▀[0m[38;2;41;74;41m[48;2;41;74;41m▀[0m[38;2;0;0;0m[48;2;0;0;0m▀[0m[38;2;255;213;106m[48;2;230;180;65m▀[0m[38;2;230;180;65m[48;2;230;180;65m▀[0m[38;2;230;180;65m[48;2;41;74;41m▀[0m[38;2;0;0;0m[48;2;123;205;24m▀[0m[38;2;180;189;16m[48;2;0;0;0m▀[0m[38;2;180;189;16m[48;2;0;0;0m▀[0m[38;2;222;255;8m[48;2;180;189;16m▀[0m[38;2;222;255;8m[48;2;180;189;16m▀[0m[38;2;222;255;8m[48;2;222;255;8m▀[0m[38;2;222;255;8m[48;2;123;123;32m▀[0m[38;2;123;123;32m[48;2;222;255;8m▀[0m[38;2;222;255;8m[48;2;222;255;8m▀[0m[38;2;222;255;8m[48;2;222;255;8m▀[0m[38;2;0;0;0m[48;2;222;255;8m▀[0m[38;2;0;0;0m▄[0m   [38;2;123;123;32m▀[0m[38;2;180;189;16m[48;2;123;123;32m▀[0m[38;2;180;189;16m[48;2;180;189;16m▀[0m[38;2;180;189;16m[48;2;180;189;16m▀[0m[38;2;180;189;16m[48;2;180;189;16m▀[0m[38;2;0;0;0m[48;2;0;0;0m▀[0m
 [38;2;0;0;0m▀[0m              [38;2;41;74;41m[48;2;41;74;41m▀[0m[38;2;74;139;41m[48;2;74;139;41m▀[0m[38;2;74;139;41m[48;2;74;139;41m▀[0m[38;2;0;0;0m[48;2;74;139;41m▀[0m[38;2;230;180;65m[48;2;0;0;0m▀[0m[38;2;41;74;41m[48;2;41;74;41m▀[0m[38;2;123;205;24m[48;2;123;205;24m▀[0m[38;2;123;205;24m[48;2;123;205;24m▀[0m[38;2;123;205;24m[48;2;123;205;24m▀[0m[38;2;0;0;0m[48;2;123;205;24m▀[0m[38;2;0;0;0m[48;2;123;205;24m▀[0m[38;2;0;0;0m[48;2;123;205;24m▀[0m[38;2;123;123;32m[48;2;0;0;0m▀[0m[38;2;222;255;8m[48;2;180;189;16m▀[0m[38;2;222;255;8m[48;2;180;189;16m▀[0m[38;2;222;255;8m[48;2;222;255;8m▀[0m[38;2;222;255;8m[48;2;222;255;8m▀[0m[38;2;222;255;8m[48;2;222;255;8m▀[0m[38;2;0;0;0m[48;2;222;255;8m▀[0m[38;2;0;0;0m▄[0m   [38;2;123;123;32m▀[0m[38;2;180;189;16m[48;2;123;123;32m▀[0m[38;2;180;189;16m[48;2;180;189;16m▀[0m[38;2;0;0;0m[48;2;0;0;0m▀[0m
                [38;2;41;74;41m[48;2;0;0;0m▀[0m[38;2;74;139;41m[48;2;74;139;41m▀[0m[38;2;74;139;41m[48;2;74;139;41m▀[0m[38;2;74;139;41m[48;2;74;139;41m▀[0m[38;2;41;74;41m[48;2;41;74;41m▀[0m[38;2;123;205;24m[48;2;123;205;24m▀[0m[38;2;123;205;24m[48;2;123;205;24m▀[0m[38;2;123;205;24m[48;2;123;205;24m▀[0m[38;2;123;205;24m[48;2;123;205;24m▀[0m[38;2;123;205;24m[48;2;123;205;24m▀[0m[38;2;123;205;24m[48;2;123;205;24m▀[0m[38;2;123;205;24m[48;2;123;205;24m▀[0m[38;2;0;0;0m[48;2;123;205;24m▀[0m[38;2;180;189;16m[48;2;0;0;0m▀[0m[38;2;180;189;16m[48;2;180;189;16m▀[0m[38;2;180;189;16m[48;2;180;189;16m▀[0m[38;2;180;189;16m[48;2;180;189;16m▀[0m[38;2;180;189;16m[48;2;180;189;16m▀[0m[38;2;180;189;16m[48;2;180;189;16m▀[0m[38;2;180;189;16m[48;2;180;189;16m▀[0m[38;2;0;0;0m[48;2;180;189;16m▀[0m[38;2;0;0;0m▄[0m   [38;2;123;123;32m▀[0m[38;2;0;0;0m▀[0m
                [38;2;0;0;0m▀[0m[38;2;74;139;41m[48;2;0;0;0m▀[0m[38;2;74;139;41m[48;2;0;0;0m▀[0m[38;2;74;139;41m[48;2;0;0;0m▀[0m[38;2;0;0;0m[48;2;0;0;0m▀[0m[38;2;123;205;24m[48;2;123;205;24m▀[0m[38;2;123;205;24m[48;2;123;205;24m▀[0m[38;2;123;205;24m[48;2;123;205;24m▀[0m[38;2;123;205;24m[48;2;123;205;24m▀[0m[38;2;123;205;24m[48;2;123;205;24m▀[0m[38;2;123;205;24m[48;2;41;74;41m▀[0m[38;2;123;205;24m[48;2;0;0;0m▀[0m[38;2;0;0;0m[48;2;0;0;0m▀[0m[38;2;230;180;65m[48;2;230;180;65m▀[0m[38;2;0;0;0m[48;2;230;180;65m▀[0m[38;2;180;189;16m[48;2;0;0;0m▀[0m[38;2;180;189;16m[48;2;0;0;0m▀[0m[38;2;180;189;16m[48;2;180;189;16m▀[0m[38;2;180;189;16m[48;2;180;189;16m▀[0m[38;2;180;189;16m[48;2;180;189;16m▀[0m[38;2;180;189;16m[48;2;123;123;32m▀[0m[38;2;123;123;32m[48;2;180;189;16m▀[0m[38;2;0;0;0m[48;2;0;0;0m▀[0m    
                 [38;2;41;74;41m[48;2;41;74;41m▀[0m[38;2;74;139;41m[48;2;74;139;41m▀[0m[38;2;74;139;41m[48;2;74;139;41m▀[0m[38;2;74;139;41m[48;2;74;139;41m▀[0m[38;2;0;0;0m[48;2;41;74;41m▀[0m[38;2;0;0;0m[48;2;123;205;24m▀[0m[38;2;41;74;41m[48;2;123;205;24m▀[0m[38;2;41;74;41m[48;2;123;205;24m▀[0m[38;2;41;74;41m[48;2;123;205;24m▀[0m[38;2;123;205;24m[48;2;123;205;24m▀[0m[38;2;123;205;24m[48;2;123;205;24m▀[0m[38;2;41;74;41m[48;2;41;74;41m▀[0m[38;2;0;0;0m[48;2;180;189;16m▀[0m[38;2;230;180;65m[48;2;0;0;0m▀[0m[38;2;230;180;65m[48;2;0;0;0m▀[0m[38;2;230;180;65m[48;2;0;0;0m▀[0m[38;2;0;0;0m[48;2;230;180;65m▀[0m[38;2;0;0;0m[48;2;230;180;65m▀[0m[38;2;0;0;0m[48;2;230;180;65m▀[0m[38;2;0;0;0m[48;2;230;180;65m▀[0m[38;2;180;189;16m[48;2;0;0;0m▀[0m[38;2;180;189;16m[48;2;180;189;16m▀[0m[38;2;0;0;0m[48;2;0;0;0m▀[0m   
                 [38;2;41;74;41m▀[0m[38;2;74;139;41m[48;2;41;74;41m▀[0m[38;2;74;139;41m[48;2;74;139;41m▀[0m[38;2;74;139;41m[48;2;74;139;41m▀[0m[38;2;41;74;41m[48;2;0;0;0m▀[0m[38;2;123;205;24m[48;2;74;139;41m▀[0m[38;2;123;205;24m[48;2;74;139;41m▀[0m[38;2;123;205;24m[48;2;74;139;41m▀[0m[38;2;74;139;41m[48;2;74;139;41m▀[0m[38;2;74;139;41m[48;2;74;139;41m▀[0m[38;2;74;139;41m[48;2;74;139;41m▀[0m[38;2;0;0;0m[48;2;0;0;0m▀[0m[38;2;180;189;16m[48;2;180;189;16m▀[0m[38;2;180;189;16m[48;2;123;123;32m▀[0m[38;2;180;189;16m[48;2;123;123;32m▀[0m[38;2;180;189;16m[48;2;180;189;16m▀[0m[38;2;0;0;0m[48;2;180;189;16m▀[0m[38;2;0;0;0m[48;2;180;189;16m▀[0m[38;2;0;0;0m[48;2;180;189;16m▀[0m[38;2;0;0;0m[48;2;180;189;16m▀[0m[38;2;0;0;0m[48;2;180;189;16m▀[0m[38;2;180;189;16m[48;2;0;0;0m▀[0m[38;2;180;189;16m[48;2;180;189;16m▀[0m[38;2;0;0;0m[48;2;0;0;0m▀[0m  
                  [38;2;0;0;0m▀[0m[38;2;0;0;0m[48;2;41;74;41m▀[0m[38;2;41;74;41m[48;2;74;139;41m▀[0m[38;2;0;0;0m[48;2;74;139;41m▀[0m[38;2;74;139;41m[48;2;0;0;0m▀[0m[38;2;74;139;41m[48;2;41;74;41m▀[0m[38;2;74;139;41m[48;2;41;74;41m▀[0m[38;2;74;139;41m[48;2;41;74;41m▀[0m[38;2;41;74;41m[48;2;74;139;41m▀[0m[38;2;0;0;0m[48;2;0;0;0m▀[0m[38;2;123;123;32m▀[0m[38;2;123;123;32m▀[0m  [38;2;123;123;32m▀[0m[38;2;180;189;16m[48;2;123;123;32m▀[0m[38;2;180;189;16m[48;2;123;123;32m▀[0m[38;2;180;189;16m[48;2;180;189;16m▀[0m[38;2;180;189;16m[48;2;180;189;16m▀[0m[38;2;180;189;16m[48;2;180;189;16m▀[0m[38;2;180;189;16m[48;2;180;189;16m▀[0m[38;2;0;0;0m[48;2;180;189;16m▀[0m[38;2;180;189;16m[48;2;0;0;0m▀[0m[38;2;0;0;0m[48;2;0;0;0m▀[0m 
                   [38;2;41;74;41m▀[0m[38;2;74;139;41m[48;2;0;0;0m▀[0m[38;2;74;139;41m[48;2;0;0;0m▀[0m[38;2;41;74;41m[48;2;0;0;0m▀[0m[38;2;74;139;41m[48;2;74;139;41m▀[0m[38;2;74;139;41m[48;2;74;139;41m▀[0m[38;2;74;139;41m[48;2;74;139;41m▀[0m[38;2;74;139;41m[48;2;0;0;0m▀[0m[38;2;0;0;0m▀[0m       [38;2;123;123;32m▀[0m[38;2;123;123;32m▀[0m[38;2;123;123;32m▀[0m[38;2;123;123;32m▀[0m[38;2;180;189;16m[48;2;123;123;32m▀[0m[38;2;180;189;16m[48;2;123;123;32m▀[0m[38;2;0;0;0m[48;2;0;0;0m▀[0m 
                    [38;2;180;98;16m[48;2;180;98;16m▀[0m[38;2;230;180;65m[48;2;230;180;65m▀[0m[38;2;0;0;0m[48;2;230;180;65m▀[0m[38;2;0;0;0m[48;2;180;98;16m▀[0m[38;2;0;0;0m[48;2;230;180;65m▀[0m[38;2;0;0;0m[48;2;230;180;65m▀[0m[38;2;0;0;0m[48;2;0;0;0m▀[0m                
                     [38;2;180;98;16m[48;2;180;98;16m▀[0m[38;2;230;180;65m[48;2;230;180;65m▀[0m[38;2;180;98;16m[48;2;180;98;16m▀[0m[38;2;230;180;65m[48;2;255;213;106m▀[0m[38;2;230;180;65m[48;2;0;0;0m▀[0m[38;2;0;0;0m▀[0m                
                     [38;2;180;98;16m▀[0m[38;2;230;180;65m[48;2;180;98;16m▀[0m[38;2;180;98;16m[48;2;255;213;106m▀[0m[38;2;255;213;106m[48;2;255;213;106m▀[0m[38;2;0;0;0m[48;2;0;0;0m▀[0m                 
                      [38;2;180;98;16m[48;2;180;98;16m▀[0m[38;2;255;213;106m[48;2;255;213;106m▀[0m[38;2;255;213;106m[48;2;0;0;0m▀[0m[38;2;0;0;0m▀[0m                 
                      [38;2;180;98;16m[48;2;180;98;16m▀[0m[38;2;255;213;106m[48;2;255;213;106m▀[0m[38;2;0;0;0m[48;2;0;0;0m▀[0m                  
                       [38;2;0;0;0m▀[0m                   
[0m