                      [38;2;112;109;119m▄[0m[38;2;118;115;123m[48;2;190;179;201m▀[0m[38;2;120;118;128m[48;2;104;99;111m▀[0m[38;2;0;0;0m▄[0m              
                     [38;2;115;112;121m▄[0m[38;2;105;103;111m[48;2;180;171;190m▀[0m[38;2;206;196;219m[48;2;115;109;122m▀[0m[38;2;112;106;119m[48;2;51;49;54m▀[0m[38;2;0;0;0m[48;2;0;0;0m▀[0m              
                   [38;2;85;85;170m▄[0m[38;2;118;114;125m▄[0m[38;2;109;108;115m[48;2;154;147;163m▀[0m[38;2;208;197;220m[48;2;220;207;233m▀[0m[38;2;74;70;78m[48;2;83;79;87m▀[0m[38;2;0;0;0m[48;2;0;0;0m▀[0m               
                   [38;2;119;123;143m▄[0m[38;2;120;117;126m[48;2;138;135;150m▀[0m[38;2;206;194;219m[48;2;210;200;228m▀[0m[38;2;165;156;175m[48;2;45;44;48m▀[0m[38;2;66;62;67m[48;2;0;0;0m▀[0m[38;2;0;0;0m▀[0m               
               [38;2;153;102;0m▄[0m[38;2;156;78;19m▄[0m[38;2;127;63;0m[48;2;159;91;19m▀[0m[38;2;136;96;61m[48;2;174;101;20m▀[0m[38;2;135;123;125m[48;2;162;92;15m▀[0m[38;2;200;180;194m[48;2;159;90;12m▀[0m[38;2;208;186;201m[48;2;167;94;12m▀[0m[38;2;52;49;53m[48;2;52;35;17m▀[0m[38;2;0;0;0m[48;2;5;8;17m▀[0m[38;2;0;0;0m▄[0m               
              [38;2;144;76;20m▄[0m[38;2;153;85;18m[48;2;184;109;14m▀[0m[38;2;163;88;19m[48;2;206;135;8m▀[0m[38;2;176;111;20m[48;2;202;133;9m▀[0m[38;2;255;215;30m[48;2;208;140;10m▀[0m[38;2;255;208;29m[48;2;208;140;10m▀[0m[38;2;255;208;29m[48;2;208;140;10m▀[0m[38;2;255;215;30m[48;2;205;136;9m▀[0m[38;2;184;116;20m[48;2;245;195;26m▀[0m[38;2;55;34;17m[48;2;227;164;16m▀[0m[38;2;0;4;16m[48;2;89;61;13m▀[0m[38;2;0;0;16m▄[0m              
           [38;2;138;66;16m▄[0m[38;2;146;76;16m[48;2;216;158;24m▀[0m[38;2;146;71;17m[48;2;239;187;15m▀[0m[38;2;205;146;19m[48;2;210;175;66m▀[0m[38;2;253;205;20m[48;2;180;168;110m▀[0m[38;2;255;201;18m[48;2;181;166;107m▀[0m[38;2;252;200;20m[48;2;200;177;87m▀[0m[38;2;246;195;26m[48;2;255;216;18m▀[0m[38;2;246;195;25m[48;2;255;210;30m▀[0m[38;2;246;195;25m[48;2;255;210;30m▀[0m[38;2;246;198;26m[48;2;255;212;30m▀[0m[38;2;222;160;13m[48;2;245;197;25m▀[0m[38;2;177;106;15m[48;2;205;139;14m▀[0m[38;2;181;114;13m[48;2;187;110;13m▀[0m[38;2;116;81;11m[48;2;98;61;18m▀[0m[38;2;0;1;15m[48;2;0;1;16m▀[0m             
         [38;2;159;149;128m▄[0m[38;2;151;75;1m[48;2;165;125;82m▀[0m[38;2;210;151;24m[48;2;255;212;26m▀[0m[38;2;255;212;18m[48;2;215;187;57m▀[0m[38;2;215;189;60m[48;2;197;188;161m▀[0m[38;2;202;195;164m[48;2;231;233;239m▀[0m[38;2;214;215;221m[48;2;255;255;255m▀[0m[38;2;213;214;218m[48;2;255;255;255m▀[0m[38;2;207;203;190m[48;2;244;244;248m▀[0m[38;2;197;173;76m[48;2;199;196;186m▀[0m[38;2;255;212;19m[48;2;204;177;75m▀[0m[38;2;255;212;21m[48;2;204;177;79m▀[0m[38;2;255;208;28m[48;2;255;208;28m▀[0m[38;2;255;213;30m[48;2;255;212;20m▀[0m[38;2;246;197;24m[48;2;255;217;29m▀[0m[38;2;213;148;15m[48;2;231;173;19m▀[0m[38;2;149;88;16m[48;2;208;128;4m▀[0m[38;2;71;40;15m[48;2;155;101;25m▀[0m[38;2;0;0;4m[48;2;44;48;52m▀[0m[38;2;11;11;11m▄[0m           
       [38;2;89;89;76m[48;2;104;98;88m▀[0m[38;2;136;134;125m[48;2;157;152;141m▀[0m[38;2;212;207;194m[48;2;255;255;255m▀[0m[38;2;162;161;148m[48;2;190;185;172m▀[0m[38;2;212;181;68m[48;2;177;174;172m▀[0m[38;2;193;185;158m[48;2;243;245;248m▀[0m[38;2;234;236;241m[48;2;255;255;255m▀[0m[38;2;255;255;255m[48;2;249;249;249m▀[0m[38;2;249;249;249m[48;2;249;249;249m▀[0m[38;2;249;249;249m[48;2;249;249;249m▀[0m[38;2;252;252;252m[48;2;249;249;249m▀[0m[38;2;248;249;250m[48;2;250;250;250m▀[0m[38;2;189;188;189m[48;2;255;255;255m▀[0m[38;2;190;190;192m[48;2;255;255;255m▀[0m[38;2;214;185;79m[48;2;189;187;186m▀[0m[38;2;213;183;66m[48;2;176;176;184m▀[0m[38;2;247;208;38m[48;2;216;192;95m▀[0m[38;2;234;170;7m[48;2;216;165;35m▀[0m[38;2;192;127;14m[48;2;147;117;65m▀[0m[38;2;173;145;85m[48;2;139;145;149m▀[0m[38;2;126;127;126m[48;2;188;189;183m▀[0m[38;2;0;0;0m[48;2;55;55;55m▀[0m[38;2;11;11;11m▄[0m[38;2;0;0;0m▄[0m   [38;2;108;102;108m▄[0m[38;2;114;114;121m▄[0m    
[38;2;120;120;134m▄[0m[38;2;111;104;117m[48;2;126;122;133m▀[0m[38;2;170;170;170m[48;2;102;102;112m▀[0m[38;2;0;0;0m▄[0m  [38;2;156;156;117m[48;2;151;145;124m▀[0m[38;2;177;168;150m[48;2;201;195;179m▀[0m[38;2;197;192;178m[48;2;255;255;255m▀[0m[38;2;251;251;251m[48;2;252;252;252m▀[0m[38;2;254;255;255m[48;2;249;249;249m▀[0m[38;2;255;255;255m[48;2;247;244;239m▀[0m[38;2;236;227;219m[48;2;174;112;41m▀[0m[38;2;238;234;231m[48;2;178;150;113m▀[0m[38;2;247;248;249m[48;2;226;227;226m▀[0m[38;2;250;250;250m[48;2;250;251;252m▀[0m[38;2;249;249;249m[48;2;249;249;249m▀[0m[38;2;249;249;249m[48;2;249;249;249m▀[0m[38;2;249;249;249m[48;2;249;249;249m▀[0m[38;2;249;249;249m[48;2;249;249;249m▀[0m[38;2;249;249;249m[48;2;249;249;249m▀[0m[38;2;254;254;255m[48;2;249;249;249m▀[0m[38;2;255;255;255m[48;2;249;249;249m▀[0m[38;2;199;196;194m[48;2;252;252;252m▀[0m[38;2;173;171;164m[48;2;255;255;255m▀[0m[38;2;153;150;142m[48;2;232;233;231m▀[0m[38;2;150;148;140m[48;2;201;203;196m▀[0m[38;2;214;216;210m[48;2;205;206;200m▀[0m[38;2;194;194;189m[48;2;185;185;180m▀[0m[38;2;8;8;9m[48;2;25;25;24m▀[0m[38;2;0;0;0m[48;2;20;20;20m▀[0m[38;2;0;0;0m▄[0m [38;2;109;109;118m[48;2;111;108;116m▀[0m[38;2;135;130;141m[48;2;192;183;204m▀[0m[38;2;121;117;128m[48;2;131;124;138m▀[0m[38;2;0;0;0m[48;2;0;0;0m▀[0m   
[38;2;118;115;125m[48;2;18;18;17m▀[0m[38;2;206;194;218m[48;2;197;185;208m▀[0m[38;2;57;55;60m[48;2;55;52;57m▀[0m[38;2;0;0;0m[48;2;0;0;0m▀[0m [38;2;255;255;0m[48;2;154;150;128m▀[0m[38;2;155;149;127m[48;2;205;200;185m▀[0m[38;2;195;190;174m[48;2;252;252;251m▀[0m[38;2;255;255;255m[48;2;252;252;252m▀[0m[38;2;252;252;252m[48;2;252;252;252m▀[0m[38;2;251;253;254m[48;2;254;255;255m▀[0m[38;2;159;96;40m[48;2;157;93;42m▀[0m[38;2;241;189;22m[48;2;240;187;22m▀[0m[38;2;188;121;8m[48;2;186;118;8m▀[0m[38;2;173;141;114m[48;2;172;142;118m▀[0m[38;2;226;231;232m[48;2;227;234;236m▀[0m[38;2;252;252;253m[48;2;252;252;253m▀[0m[38;2;249;249;249m[48;2;249;249;249m▀[0m[38;2;249;249;249m[48;2;249;249;249m▀[0m[38;2;249;249;249m[48;2;249;249;249m▀[0m[38;2;249;249;249m[48;2;249;249;249m▀[0m[38;2;249;249;249m[48;2;249;249;249m▀[0m[38;2;249;249;249m[48;2;249;249;249m▀[0m[38;2;249;249;249m[48;2;249;249;249m▀[0m[38;2;252;252;253m[48;2;249;249;249m▀[0m[38;2;228;229;226m[48;2;251;251;251m▀[0m[38;2;199;200;193m[48;2;232;232;231m▀[0m[38;2;202;203;197m[48;2;199;200;193m▀[0m[38;2;204;205;199m[48;2;204;205;199m▀[0m[38;2;198;199;193m[48;2;198;199;193m▀[0m[38;2;22;22;22m[48;2;22;22;22m▀[0m[38;2;0;0;0m[48;2;0;0;0m▀[0m[38;2;127;127;127m[48;2;113;115;128m▀[0m[38;2;112;109;118m[48;2;194;186;211m▀[0m[38;2;186;177;197m[48;2;109;104;117m▀[0m[38;2;127;120;134m[48;2;10;10;10m▀[0m[38;2;0;0;0m[48;2;0;0;0m▀[0m   
[38;2;0;0;0m▀[0m[38;2;124;124;139m[48;2;145;90;39m▀[0m[38;2;186;180;207m[48;2;176;113;67m▀[0m[38;2;78;74;84m[48;2;58;44;35m▀[0m[38;2;0;0;0m[48;2;0;0;0m▀[0m[38;2;122;117;104m[48;2;111;115;111m▀[0m[38;2;175;171;163m[48;2;168;164;157m▀[0m[38;2;255;255;255m[48;2;255;255;255m▀[0m[38;2;253;253;254m[48;2;255;255;255m▀[0m[38;2;247;245;243m[48;2;249;247;245m▀[0m[38;2;168;110;54m[48;2;153;85;18m▀[0m[38;2;233;181;28m[48;2;246;197;26m▀[0m[38;2;253;208;28m[48;2;255;212;29m▀[0m[38;2;246;204;27m[48;2;255;220;32m▀[0m[38;2;190;131;21m[48;2;192;123;0m▀[0m[38;2;196;162;134m[48;2;170;127;90m▀[0m[38;2;255;255;255m[48;2;218;224;223m▀[0m[38;2;252;252;252m[48;2;209;210;205m▀[0m[38;2;252;252;252m[48;2;209;210;205m▀[0m[38;2;252;252;252m[48;2;209;210;205m▀[0m[38;2;252;252;252m[48;2;209;210;205m▀[0m[38;2;252;252;252m[48;2;209;210;205m▀[0m[38;2;252;252;252m[48;2;207;207;202m▀[0m[38;2;250;250;250m[48;2;239;239;238m▀[0m[38;2;249;249;249m[48;2;255;255;255m▀[0m[38;2;252;252;252m[48;2;255;255;255m▀[0m[38;2;234;234;234m[48;2;239;239;240m▀[0m[38;2;199;200;193m[48;2;204;206;200m▀[0m[38;2;205;206;200m[48;2;200;201;195m▀[0m[38;2;202;203;197m[48;2;125;122;113m▀[0m[38;2;13;15;16m[48;2;86;84;80m▀[0m[38;2;131;69;14m[48;2;221;172;32m▀[0m[38;2;147;83;29m[48;2;235;193;24m▀[0m[38;2;176;107;44m[48;2;109;79;15m▀[0m[38;2;85;56;30m[48;2;29;17;10m▀[0m[38;2;0;3;11m[48;2;0;7;15m▀[0m    
 [38;2;153;81;12m[48;2;152;77;11m▀[0m[38;2;219;156;17m[48;2;248;192;14m▀[0m[38;2;141;91;18m[48;2;233;183;18m▀[0m[38;2;126;58;3m[48;2;172;121;42m▀[0m[38;2;128;89;47m[48;2;143;123;102m▀[0m[38;2;158;158;156m[48;2;180;183;179m▀[0m[38;2;254;254;254m[48;2;227;227;225m▀[0m[38;2;215;216;212m[48;2;220;221;218m▀[0m[38;2;219;218;213m[48;2;178;174;158m▀[0m[38;2;152;85;24m[48;2;181;114;17m▀[0m[38;2;244;194;26m[48;2;247;197;26m▀[0m[38;2;255;211;29m[48;2;255;214;31m▀[0m[38;2;255;213;20m[48;2;233;169;0m▀[0m[38;2;237;204;110m[48;2;245;221;156m▀[0m[38;2;193;180;171m[48;2;211;215;219m▀[0m[38;2;190;190;180m[48;2;184;179;164m▀[0m[38;2;235;235;233m[48;2;255;255;255m▀[0m[38;2;231;231;229m[48;2;252;252;252m▀[0m[38;2;231;231;229m[48;2;252;252;252m▀[0m[38;2;231;231;229m[48;2;252;252;252m▀[0m[38;2;231;231;229m[48;2;252;252;252m▀[0m[38;2;232;232;230m[48;2;253;253;254m▀[0m[38;2;220;221;216m[48;2;233;234;231m▀[0m[38;2;215;216;212m[48;2;228;228;226m▀[0m[38;2;206;205;197m[48;2;200;197;186m▀[0m[38;2;190;186;172m[48;2;146;139;119m▀[0m[38;2;170;166;152m[48;2;136;131;119m▀[0m[38;2;142;139;132m[48;2;194;192;189m▀[0m[38;2;202;200;197m[48;2;255;255;255m▀[0m[38;2;177;177;173m[48;2;207;209;208m▀[0m[38;2;251;209;44m[48;2;249;208;47m▀[0m[38;2;255;229;27m[48;2;255;222;26m▀[0m[38;2;90;77;21m[48;2;93;78;21m▀[0m[38;2;0;0;12m[48;2;0;0;13m▀[0m     
 [38;2;133;91;49m[48;2;107;108;101m▀[0m[38;2;233;202;116m[48;2;224;229;249m▀[0m[38;2;255;231;47m[48;2;255;241;152m▀[0m[38;2;172;151;57m[48;2;168;150;82m▀[0m[38;2;155;159;168m[48;2;168;168;170m▀[0m[38;2;230;231;227m[48;2;255;255;255m▀[0m[38;2;227;227;225m[48;2;254;254;255m▀[0m[38;2;244;244;244m[48;2;240;240;238m▀[0m[38;2;161;153;131m[48;2;165;157;137m▀[0m[38;2;205;133;0m[48;2;217;170;84m▀[0m[38;2;250;200;25m[48;2;253;208;36m▀[0m[38;2;255;215;25m[48;2;241;184;1m▀[0m[38;2;230;184;75m[48;2;247;233;188m▀[0m[38;2;240;222;193m[48;2;255;255;255m▀[0m[38;2;207;207;202m[48;2;222;219;213m▀[0m[38;2;183;179;165m[48;2;195;192;180m▀[0m[38;2;255;255;255m[48;2;231;230;225m▀[0m[38;2;249;249;249m[48;2;251;251;251m▀[0m[38;2;249;249;249m[48;2;249;249;249m▀[0m[38;2;249;249;249m[48;2;249;249;249m▀[0m[38;2;249;249;249m[48;2;249;249;249m▀[0m[38;2;249;249;249m[48;2;249;249;249m▀[0m[38;2;251;251;251m[48;2;249;249;249m▀[0m[38;2;255;255;255m[48;2;255;255;255m▀[0m[38;2;204;201;195m[48;2;181;179;176m▀[0m[38;2;142;137;125m[48;2;147;144;137m▀[0m[38;2;188;186;184m[48;2;255;255;255m▀[0m[38;2;255;255;255m[48;2;249;249;249m▀[0m[38;2;248;248;248m[48;2;248;248;248m▀[0m[38;2;202;204;202m[48;2;202;204;202m▀[0m[38;2;249;207;46m[48;2;252;207;37m▀[0m[38;2;255;222;18m[48;2;250;223;72m▀[0m[38;2;94;78;18m[48;2;89;79;41m▀[0m[38;2;0;0;13m[48;2;0;0;8m▀[0m     
 [38;2;110;105;96m[48;2;110;105;95m▀[0m[38;2;228;227;224m[48;2;216;214;212m▀[0m[38;2;255;255;255m[48;2;251;251;251m▀[0m[38;2;164;163;163m[48;2;175;173;168m▀[0m[38;2;166;163;157m[48;2;168;166;160m▀[0m[38;2;255;255;255m[48;2;244;244;243m▀[0m[38;2;251;251;252m[48;2;251;251;252m▀[0m[38;2;239;239;237m[48;2;238;238;236m▀[0m[38;2;167;161;143m[48;2;161;155;138m▀[0m[38;2;249;255;255m[48;2;247;249;251m▀[0m[38;2;245;202;45m[48;2;211;151;43m▀[0m[38;2;215;154;36m[48;2;241;231;211m▀[0m[38;2;235;218;188m[48;2;252;255;255m▀[0m[38;2;250;254;254m[48;2;249;249;249m▀[0m[38;2;255;255;255m[48;2;254;254;255m▀[0m[38;2;222;220;214m[48;2;218;216;210m▀[0m[38;2;171;166;149m[48;2;172;167;152m▀[0m[38;2;254;254;255m[48;2;254;254;255m▀[0m[38;2;249;249;249m[48;2;249;249;249m▀[0m[38;2;249;249;249m[48;2;249;249;249m▀[0m[38;2;249;249;249m[48;2;249;249;249m▀[0m[38;2;249;249;249m[48;2;249;249;249m▀[0m[38;2;250;250;250m[48;2;255;255;255m▀[0m[38;2;244;243;241m[48;2;193;189;177m▀[0m[38;2;186;184;179m[48;2;197;193;181m▀[0m[38;2;170;168;162m[48;2;255;255;255m▀[0m[38;2;254;254;254m[48;2;249;249;249m▀[0m[38;2;249;249;249m[48;2;248;248;248m▀[0m[38;2;249;249;249m[48;2;243;243;243m▀[0m[38;2;202;204;201m[48;2;203;204;198m▀[0m[38;2;243;207;68m[48;2;204;208;210m▀[0m[38;2;211;204;176m[48;2;130;127;121m▀[0m[38;2;76;78;87m[48;2;99;92;85m▀[0m[38;2;0;0;0m▀[0m     
  [38;2;100;95;87m[48;2;2;2;2m▀[0m[38;2;210;209;206m[48;2;178;178;178m▀[0m[38;2;255;255;255m[48;2;255;255;255m▀[0m[38;2;184;182;178m[48;2;184;182;178m▀[0m[38;2;148;145;137m[48;2;150;147;140m▀[0m[38;2;255;255;255m[48;2;255;255;255m▀[0m[38;2;234;233;232m[48;2;235;235;234m▀[0m[38;2;118;114;105m[48;2;114;110;101m▀[0m[38;2;244;244;244m[48;2;201;202;196m▀[0m[38;2;251;252;255m[48;2;245;246;245m▀[0m[38;2;249;250;250m[48;2;250;250;250m▀[0m[38;2;249;249;249m[48;2;249;249;249m▀[0m[38;2;249;249;249m[48;2;252;252;253m▀[0m[38;2;255;255;254m[48;2;235;236;234m▀[0m[38;2;201;200;197m[48;2;168;167;159m▀[0m[38;2;134;131;123m[48;2;137;133;126m▀[0m[38;2;255;255;255m[48;2;252;252;253m▀[0m[38;2;248;248;248m[48;2;201;203;201m▀[0m[38;2;248;248;248m[48;2;201;203;201m▀[0m[38;2;249;249;249m[48;2;245;246;249m▀[0m[38;2;249;249;249m[48;2;251;251;252m▀[0m[38;2;255;255;255m[48;2;255;255;255m▀[0m[38;2;196;192;181m[48;2;196;192;181m▀[0m[38;2;196;192;181m[48;2;195;191;179m▀[0m[38;2;255;255;255m[48;2;255;255;255m▀[0m[38;2;250;250;250m[48;2;250;250;250m▀[0m[38;2;244;244;244m[48;2;245;245;245m▀[0m[38;2;200;201;195m[48;2;201;202;196m▀[0m[38;2;202;203;197m[48;2;202;203;197m▀[0m[38;2;212;213;207m[48;2;216;217;211m▀[0m[38;2;53;53;52m[48;2;56;56;55m▀[0m[38;2;0;0;0m[48;2;0;0;0m▀[0m      
  [38;2;0;0;0m[48;2;0;0;0m▀[0m[38;2;147;148;144m[48;2;123;119;111m▀[0m[38;2;253;253;252m[48;2;188;186;179m▀[0m[38;2;185;183;179m[48;2;228;228;225m▀[0m[38;2;149;145;138m[48;2;201;200;202m▀[0m[38;2;255;255;255m[48;2;165;154;114m▀[0m[38;2;206;209;213m[48;2;245;212;75m▀[0m[38;2;236;235;234m[48;2;204;209;219m▀[0m[38;2;132;128;119m[48;2;22;21;20m▀[0m[38;2;238;237;236m[48;2;202;202;197m▀[0m[38;2;254;254;255m[48;2;220;221;217m▀[0m[38;2;254;254;255m[48;2;214;215;211m▀[0m[38;2;232;232;230m[48;2;217;218;213m▀[0m[38;2;162;161;153m[48;2;159;157;149m▀[0m[38;2;157;154;147m[48;2;133;133;135m▀[0m[38;2;238;240;245m[48;2;226;221;199m▀[0m[38;2;207;206;192m[48;2;252;209;48m▀[0m[38;2;249;207;42m[48;2;255;208;24m▀[0m[38;2;249;209;45m[48;2;255;208;25m▀[0m[38;2;212;148;24m[48;2;254;196;19m▀[0m[38;2;210;199;181m[48;2;251;209;37m▀[0m[38;2;146;147;147m[48;2;147;131;73m▀[0m[38;2;188;186;181m[48;2;186;187;191m▀[0m[38;2;249;249;248m[48;2;255;255;255m▀[0m[38;2;252;252;252m[48;2;239;239;239m▀[0m[38;2;242;243;242m[48;2;206;207;201m▀[0m[38;2;203;205;199m[48;2;200;202;195m▀[0m[38;2;202;203;197m[48;2;202;203;197m▀[0m[38;2;206;207;201m[48;2;219;220;214m▀[0m[38;2;54;55;53m[48;2;35;36;35m▀[0m[38;2;20;20;17m[48;2;0;0;0m▀[0m[38;2;0;0;0m▀[0m      
   [38;2;27;26;23m[48;2;0;0;0m▀[0m[38;2;141;142;137m[48;2;61;62;61m▀[0m[38;2;240;241;235m[48;2;158;159;153m▀[0m[38;2;152;153;157m[48;2;189;190;190m▀[0m[38;2;63;51;9m[48;2;122;124;88m▀[0m[38;2;255;221;28m[48;2;187;184;5m▀[0m[38;2;234;203;81m[48;2;255;212;23m▀[0m[38;2;152;149;151m[48;2;176;192;103m▀[0m[38;2;58;59;60m[48;2;119;125;126m▀[0m[38;2;157;155;141m[48;2;64;65;73m▀[0m[38;2;188;184;168m[48;2;101;99;99m▀[0m[38;2;152;149;136m[48;2;143;145;153m▀[0m[38;2;147;148;154m[48;2;194;185;146m▀[0m[38;2;199;189;155m[48;2;250;215;73m▀[0m[38;2;226;200;58m[48;2;231;198;15m▀[0m[38;2;176;179;17m[48;2;124;159;21m▀[0m[38;2;255;212;29m[48;2;181;179;14m▀[0m[38;2;255;207;14m[48;2;212;219;149m▀[0m[38;2;175;175;2m[48;2;159;199;146m▀[0m[38;2;199;220;144m[48;2;180;234;255m▀[0m[38;2;140;143;125m[48;2;133;146;156m▀[0m[38;2;169;166;162m[48;2;161;156;146m▀[0m[38;2;222;223;219m[48;2;205;206;200m▀[0m[38;2;211;212;207m[48;2;204;205;199m▀[0m[38;2;199;200;194m[48;2;219;220;213m▀[0m[38;2;205;206;200m[48;2;204;204;198m▀[0m[38;2;212;213;207m[48;2;90;90;87m▀[0m[38;2;79;80;78m[48;2;0;0;0m▀[0m[38;2;28;28;28m▀[0m[38;2;0;0;0m▀[0m       
    [38;2;0;0;0m▀[0m[38;2;58;58;57m[48;2;0;0;0m▀[0m[38;2;164;162;160m[48;2;51;49;48m▀[0m[38;2;215;227;211m[48;2;163;170;172m▀[0m[38;2;148;189;110m[48;2;199;233;242m▀[0m[38;2;194;182;11m[48;2;146;190;105m▀[0m[38;2;124;156;0m[48;2;147;185;101m▀[0m[38;2;240;220;124m[48;2;205;187;14m▀[0m[38;2;139;118;37m[48;2;255;218;23m▀[0m[38;2;149;126;42m[48;2;255;222;28m▀[0m[38;2;210;190;111m[48;2;255;214;19m▀[0m[38;2;247;214;82m[48;2;255;211;22m▀[0m[38;2;255;210;14m[48;2;255;212;27m▀[0m[38;2;229;197;24m[48;2;237;203;39m▀[0m[38;2;124;159;21m[48;2;147;189;121m▀[0m[38;2;148;192;131m[48;2;188;236;255m▀[0m[38;2;176;228;253m[48;2;182;232;255m▀[0m[38;2;189;238;255m[48;2;164;213;187m▀[0m[38;2;165;213;172m[48;2;164;167;27m▀[0m[38;2;121;132;105m[48;2;133;126;67m▀[0m[38;2;169;165;160m[48;2;129;128;130m▀[0m[38;2;225;226;219m[48;2;148;149;145m▀[0m[38;2;183;184;178m[48;2;102;103;99m▀[0m[38;2;113;114;111m[48;2;0;0;0m▀[0m[38;2;105;105;102m[48;2;0;0;0m▀[0m[38;2;0;0;0m▀[0m          
      [38;2;0;0;0m▀[0m[38;2;38;37;35m[48;2;0;0;0m▀[0m[38;2;168;170;167m[48;2;1;1;1m▀[0m[38;2;149;187;210m[48;2;10;8;6m▀[0m[38;2;190;238;255m[48;2;156;195;208m▀[0m[38;2;141;186;103m[48;2;166;209;237m▀[0m[38;2;205;194;35m[48;2;138;169;64m▀[0m[38;2;238;193;19m[48;2;181;149;27m▀[0m[38;2;245;189;17m[48;2;205;147;42m▀[0m[38;2;245;189;17m[48;2;204;146;42m▀[0m[38;2;238;191;11m[48;2;179;148;27m▀[0m[38;2;216;207;78m[48;2;144;173;65m▀[0m[38;2;181;235;255m[48;2;185;215;201m▀[0m[38;2;169;213;192m[48;2;141;155;4m▀[0m[38;2;193;211;193m[48;2;182;117;0m▀[0m[38;2;154;164;24m[48;2;196;125;7m▀[0m[38;2;169;117;0m[48;2;44;33;15m▀[0m[38;2;126;101;68m[48;2;0;4;12m▀[0m[38;2;41;44;46m[48;2;8;8;8m▀[0m[38;2;0;0;0m▀[0m[38;2;0;0;0m▀[0m             
          [38;2;10;8;8m[48;2;0;0;0m▀[0m[38;2;0;2;8m[48;2;0;0;0m▀[0m[38;2;163;100;0m[48;2;17;16;15m▀[0m[38;2;188;196;167m[48;2;7;12;17m▀[0m[38;2;176;227;251m[48;2;95;57;18m▀[0m[38;2;180;229;251m[48;2;173;97;19m▀[0m[38;2;186;194;167m[48;2;112;66;18m▀[0m[38;2;200;123;0m[48;2;6;11;16m▀[0m[38;2;199;129;1m[48;2;17;16;15m▀[0m[38;2;194;127;9m[48;2;16;16;15m▀[0m[38;2;13;14;15m[48;2;0;0;0m▀[0m[38;2;7;11;16m▀[0m[38;2;6;6;12m▀[0m                 
          [38;2;108;103;93m▄[0m[38;2;101;96;85m▄[0m[38;2;103;100;93m[48;2;212;211;208m▀[0m[38;2;105;101;94m[48;2;220;220;216m▀[0m[38;2;139;135;122m[48;2;181;186;178m▀[0m[38;2;162;125;84m[48;2;155;124;91m▀[0m[38;2;170;95;2m[48;2;173;95;1m▀[0m[38;2;176;125;26m[48;2;196;139;28m▀[0m[38;2;110;110;107m[48;2;127;126;121m▀[0m[38;2;153;148;132m[48;2;179;172;153m▀[0m[38;2;115;111;102m[48;2;192;192;185m▀[0m[38;2;118;113;103m[48;2;236;236;235m▀[0m[38;2;111;104;91m[48;2;138;134;125m▀[0m[38;2;102;97;86m▄[0m[38;2;115;112;101m▄[0m[38;2;112;108;99m▄[0m              
        [38;2;114;114;102m[48;2;51;51;51m▀[0m[38;2;134;130;120m[48;2;64;62;58m▀[0m[38;2;231;230;227m[48;2;110;111;111m▀[0m[38;2;237;236;233m[48;2;114;114;115m▀[0m[38;2;245;245;240m[48;2;97;97;95m▀[0m[38;2;114;119;120m[48;2;22;26;34m▀[0m[38;2;108;80;52m[48;2;101;36;0m▀[0m[38;2;177;114;32m[48;2;200;129;17m▀[0m[38;2;203;128;5m[48;2;243;195;23m▀[0m[38;2;168;112;14m[48;2;214;160;16m▀[0m[38;2;20;27;40m[48;2;117;78;14m▀[0m[38;2;49;48;44m[48;2;99;96;88m▀[0m[38;2;184;179;163m[48;2;55;52;45m▀[0m[38;2;229;229;223m[48;2;80;80;76m▀[0m[38;2;236;235;232m[48;2;107;107;107m▀[0m[38;2;235;234;231m[48;2;113;113;114m▀[0m[38;2;242;241;238m[48;2;115;115;116m▀[0m[38;2;148;147;146m[48;2;83;85;85m▀[0m[38;2;0;0;0m[48;2;0;0;0m▀[0m             
        [38;2;0;0;18m▀[0m[38;2;1;3;3m▀[0m[38;2;0;0;0m▀[0m[38;2;0;0;0m[48;2;121;117;102m▀[0m[38;2;0;0;0m[48;2;125;125;132m▀[0m[38;2;58;63;98m[48;2;160;141;75m▀[0m[38;2;192;144;48m[48;2;223;195;86m▀[0m[38;2;238;183;13m[48;2;233;212;96m▀[0m[38;2;255;219;24m[48;2;241;205;68m▀[0m[38;2;255;206;25m[48;2;255;211;13m▀[0m[38;2;235;178;32m[48;2;250;207;34m▀[0m[38;2;172;167;151m[48;2;164;159;145m▀[0m[38;2;128;128;129m[48;2;255;255;255m▀[0m[38;2;4;4;4m[48;2;125;125;125m▀[0m[38;2;0;0;0m[48;2;119;117;110m▀[0m[38;2;0;0;0m[48;2;119;116;103m▀[0m[38;2;0;0;0m[48;2;129;125;109m▀[0m[38;2;0;0;0m[48;2;117;111;98m▀[0m              
        [38;2;127;127;127m▄[0m[38;2;122;116;111m▄[0m[38;2;96;92;81m[48;2;141;138;130m▀[0m[38;2;155;152;146m[48;2;233;233;232m▀[0m[38;2;125;123;123m[48;2;156;153;146m▀[0m[38;2;211;181;66m[48;2;178;179;181m▀[0m[38;2;235;219;152m[48;2;236;238;241m▀[0m[38;2;207;215;242m[48;2;255;255;255m▀[0m[38;2;220;212;176m[48;2;237;238;241m▀[0m[38;2;239;206;60m[48;2;203;207;214m▀[0m[38;2;232;201;80m[48;2;207;210;216m▀[0m[38;2;174;170;159m[48;2;213;214;210m▀[0m[38;2;246;246;246m[48;2;249;249;249m▀[0m[38;2;255;255;255m[48;2;234;233;232m▀[0m[38;2;150;146;138m[48;2;148;145;138m▀[0m[38;2;143;140;131m[48;2;216;216;214m▀[0m[38;2;170;166;158m[48;2;255;255;255m▀[0m[38;2;144;142;135m[48;2;216;214;211m▀[0m[38;2;81;75;63m[48;2;126;123;114m▀[0m[38;2;108;100;92m▄[0m            
        [38;2;109;109;100m[48;2;103;103;94m▀[0m[38;2;131;127;117m[48;2;124;120;111m▀[0m[38;2;254;254;255m[48;2;248;248;248m▀[0m[38;2;121;117;109m[48;2;125;121;113m▀[0m[38;2;223;222;220m[48;2;219;218;216m▀[0m[38;2;255;255;255m[48;2;254;254;255m▀[0m[38;2;250;250;250m[48;2;249;249;249m▀[0m[38;2;249;249;249m[48;2;249;249;249m▀[0m[38;2;250;250;250m[48;2;249;249;249m▀[0m[38;2;251;251;251m[48;2;249;249;249m▀[0m[38;2;251;251;251m[48;2;249;249;249m▀[0m[38;2;251;251;251m[48;2;249;249;249m▀[0m[38;2;252;252;252m[48;2;252;252;252m▀[0m[38;2;119;115;105m[48;2;125;121;112m▀[0m[38;2;223;222;220m[48;2;219;218;216m▀[0m[38;2;255;255;255m[48;2;254;254;255m▀[0m[38;2;249;249;249m[48;2;249;249;249m▀[0m[38;2;255;255;255m[48;2;255;255;255m▀[0m[38;2;218;218;215m[48;2;212;211;208m▀[0m[38;2;107;102;93m[48;2;105;100;91m▀[0m            
        [38;2;9;9;0m[48;2;0;0;0m▀[0m[38;2;28;28;27m[48;2;23;23;23m▀[0m[38;2;248;248;248m[48;2;255;255;255m▀[0m[38;2;35;34;34m[48;2;21;21;22m▀[0m[38;2;199;198;199m[48;2;167;168;163m▀[0m[38;2;255;255;255m[48;2;250;250;248m▀[0m[38;2;249;249;249m[48;2;254;254;254m▀[0m[38;2;249;249;249m[48;2;252;252;252m▀[0m[38;2;249;249;249m[48;2;252;252;252m▀[0m[38;2;249;249;249m[48;2;253;253;253m▀[0m[38;2;249;249;249m[48;2;247;248;248m▀[0m[38;2;251;251;251m[48;2;209;210;204m▀[0m[38;2;254;254;255m[48;2;177;172;157m▀[0m[38;2;167;162;146m[48;2;164;158;139m▀[0m[38;2;229;228;224m[48;2;233;231;227m▀[0m[38;2;252;253;253m[48;2;252;253;253m▀[0m[38;2;249;249;249m[48;2;253;253;254m▀[0m[38;2;255;255;255m[48;2;243;243;240m▀[0m[38;2;179;179;179m[48;2;141;142;137m▀[0m[38;2;3;3;3m[48;2;20;20;19m▀[0m[38;2;117;112;103m▄[0m  [38;2;112;107;98m▄[0m[38;2;127;124;113m▄[0m[38;2;116;116;105m▄[0m   [38;2;146;77;15m▄[0m[38;2;158;85;18m▄[0m[38;2;165;91;18m▄[0m
        [38;2;0;0;0m▀[0m[38;2;31;31;31m▀[0m[38;2;154;150;142m[48;2;41;40;37m▀[0m[38;2;169;170;165m[48;2;186;182;168m▀[0m[38;2;58;58;58m[48;2;131;126;113m▀[0m[38;2;166;166;163m[48;2;70;69;66m▀[0m[38;2;232;233;228m[48;2;103;102;99m▀[0m[38;2;217;218;214m[48;2;166;163;152m▀[0m[38;2;215;217;213m[48;2;190;186;170m▀[0m[38;2;217;218;214m[48;2;187;183;167m▀[0m[38;2;211;211;207m[48;2;185;181;165m▀[0m[38;2;171;166;151m[48;2;174;167;147m▀[0m[38;2;164;158;139m[48;2;177;171;151m▀[0m[38;2;126;120;108m[48;2;123;119;108m▀[0m[38;2;226;226;224m[48;2;200;200;195m▀[0m[38;2;255;255;255m[48;2;226;228;226m▀[0m[38;2;232;232;231m[48;2;209;207;196m▀[0m[38;2;224;225;220m[48;2;135;132;123m▀[0m[38;2;141;141;138m[48;2;84;83;78m▀[0m[38;2;30;31;31m[48;2;140;135;121m▀[0m[38;2;187;188;181m[48;2;184;182;168m▀[0m[38;2;107;103;94m[48;2;181;181;174m▀[0m[38;2;107;103;93m[48;2;182;182;175m▀[0m[38;2;185;184;178m[48;2;152;150;144m▀[0m[38;2;147;144;134m[48;2;123;120;111m▀[0m[38;2;107;100;93m[48;2;109;109;104m▀[0m[38;2;127;85;53m▄[0m[38;2;144;73;20m[48;2;190;126;19m▀[0m[38;2;155;76;18m[48;2;239;192;28m▀[0m[38;2;178;109;20m[48;2;220;167;27m▀[0m[38;2;238;186;28m[48;2;83;73;19m▀[0m[38;2;48;32;18m[48;2;0;2;14m▀[0m
         [38;2;0;0;0m▀[0m[38;2;0;0;2m▀[0m[38;2;69;67;60m[48;2;0;0;0m▀[0m[38;2;172;165;147m[48;2;79;77;70m▀[0m[38;2;117;113;99m[48;2;164;157;140m▀[0m[38;2;114;109;98m[48;2;190;184;162m▀[0m[38;2;118;112;101m[48;2;97;93;83m▀[0m[38;2;78;75;67m[48;2;0;0;0m▀[0m[38;2;83;80;71m[48;2;0;0;1m▀[0m[38;2;84;81;72m[48;2;0;0;1m▀[0m[38;2;86;83;75m[48;2;0;0;1m▀[0m[38;2;86;83;75m[48;2;0;0;1m▀[0m[38;2;59;57;53m[48;2;0;0;2m▀[0m[38;2;155;153;142m[48;2;131;126;111m▀[0m[38;2;191;188;175m[48;2;186;178;157m▀[0m[38;2;130;127;116m[48;2;78;76;68m▀[0m[38;2;38;35;32m[48;2;0;0;0m▀[0m[38;2;25;25;23m[48;2;5;5;6m▀[0m[38;2;116;112;99m[48;2;28;28;26m▀[0m[38;2;180;173;153m[48;2;108;104;94m▀[0m[38;2;197;194;181m[48;2;103;99;87m▀[0m[38;2;188;186;174m[48;2;168;162;142m▀[0m[38;2;143;138;124m[48;2;176;170;150m▀[0m[38;2;141;136;122m[48;2;176;170;150m▀[0m[38;2;144;145;137m[48;2;180;176;160m▀[0m[38;2;178;131;64m[48;2;151;126;73m▀[0m[38;2;233;155;8m[48;2;132;86;3m▀[0m[38;2;211;171;21m[48;2;92;59;12m▀[0m[38;2;103;88;22m[48;2;0;0;15m▀[0m[38;2;0;0;12m▀[0m 
            [38;2;0;0;0m▀[0m[38;2;87;84;75m[48;2;0;0;0m▀[0m[38;2;162;156;138m[48;2;108;104;94m▀[0m[38;2;104;100;90m[48;2;114;110;99m▀[0m[38;2;0;0;3m[48;2;0;0;2m▀[0m    [38;2;6;7;9m[48;2;6;7;8m▀[0m[38;2;138;133;119m[48;2;150;143;128m▀[0m[38;2;148;143;127m[48;2;64;62;57m▀[0m[38;2;68;67;60m[48;2;0;0;0m▀[0m[38;2;0;0;0m▀[0m [38;2;0;0;0m▀[0m[38;2;0;0;1m▀[0m[38;2;4;5;7m▀[0m[38;2;117;113;101m[48;2;3;3;5m▀[0m[38;2;121;117;105m[48;2;2;3;4m▀[0m[38;2;121;116;104m[48;2;3;3;4m▀[0m[38;2;130;125;110m[48;2;3;3;4m▀[0m[38;2;60;61;61m[48;2;0;3;3m▀[0m[38;2;0;0;8m▀[0m[38;2;0;2;17m▀[0m   
             [38;2;0;0;3m▀[0m[38;2;104;99;90m[48;2;12;12;12m▀[0m[38;2;104;99;90m[48;2;12;12;12m▀[0m[38;2;0;0;3m▀[0m    [38;2;6;7;8m▀[0m[38;2;134;128;114m[48;2;12;12;12m▀[0m[38;2;67;65;60m[48;2;14;14;14m▀[0m[38;2;0;0;0m▀[0m               
[0m