                    [38;2;241;174;120m[48;2;237;165;115m▀[0m[38;2;234;160;113m[48;2;251;187;133m▀[0m[38;2;238;160;105m▄[0m                 
                   [38;2;233;162;113m[48;2;238;163;111m▀[0m[38;2;247;182;129m[48;2;254;173;132m▀[0m[38;2;255;197;143m[48;2;252;196;144m▀[0m[38;2;239;168;119m[48;2;239;171;122m▀[0m[38;2;255;127;0m[48;2;255;102;51m▀[0m                
                  [38;2;255;153;102m[48;2;170;0;0m▀[0m[38;2;244;183;125m[48;2;244;183;128m▀[0m[38;2;214;60;87m[48;2;205;57;87m▀[0m[38;2;212;118;108m[48;2;178;57;78m▀[0m[38;2;243;176;124m[48;2;245;181;126m▀[0m[38;2;255;102;51m[48;2;255;102;51m▀[0m                
                  [38;2;242;175;118m[48;2;241;175;120m▀[0m[38;2;240;151;121m[48;2;240;133;118m▀[0m[38;2;216;22;75m[48;2;225;0;67m▀[0m[38;2;183;68;83m[48;2;198;72;88m▀[0m[38;2;245;181;126m[48;2;244;181;125m▀[0m[38;2;255;102;51m[48;2;255;85;0m▀[0m                
                 [38;2;237;156;110m[48;2;236;163;112m▀[0m[38;2;252;190;135m[48;2;249;184;134m▀[0m[38;2;232;122;114m[48;2;203;20;73m▀[0m[38;2;231;0;70m[48;2;254;10;81m▀[0m[38;2;227;76;97m[48;2;243;48;91m▀[0m[38;2;243;186;128m[48;2;250;179;136m▀[0m[38;2;240;135;90m[48;2;237;168;117m▀[0m                
              [38;2;236;161;112m▄[0m[38;2;237;161;114m[48;2;248;191;134m▀[0m[38;2;251;183;127m[48;2;241;141;121m▀[0m[38;2;246;183;133m[48;2;222;66;90m▀[0m[38;2;228;154;121m[48;2;224;6;71m▀[0m[38;2;190;15;67m[48;2;254;16;82m▀[0m[38;2;255;17;83m[48;2;255;17;83m▀[0m[38;2;231;0;72m[48;2;246;6;75m▀[0m[38;2;218;117;109m[48;2;200;7;65m▀[0m[38;2;253;196;137m[48;2;217;138;115m▀[0m[38;2;237;158;111m[48;2;251;191;137m▀[0m[38;2;236;162;110m▄[0m              
             [38;2;231;162;115m[48;2;242;175;125m▀[0m[38;2;247;186;133m[48;2;254;195;142m▀[0m[38;2;243;131;119m[48;2;206;96;127m▀[0m[38;2;232;100;141m[48;2;248;137;173m▀[0m[38;2;247;180;203m[48;2;255;154;184m▀[0m[38;2;255;44;103m[48;2;255;27;90m▀[0m[38;2;255;13;79m[48;2;255;8;77m▀[0m[38;2;246;9;76m[48;2;224;86;124m▀[0m[38;2;249;56;107m[48;2;193;240;241m▀[0m[38;2;253;22;88m[48;2;184;139;169m▀[0m[38;2;176;13;59m[48;2;255;9;79m▀[0m[38;2;172;136;101m[48;2;143;23;55m▀[0m[38;2;249;184;131m[48;2;249;190;138m▀[0m[38;2;242;159;108m[48;2;238;169;119m▀[0m             
             [38;2;252;172;119m[48;2;249;170;115m▀[0m[38;2;122;173;175m[48;2;141;200;204m▀[0m[38;2;82;186;213m[48;2;38;167;204m▀[0m[38;2;211;65;106m[48;2;203;70;108m▀[0m[38;2;255;11;79m[48;2;255;7;76m▀[0m[38;2;255;15;82m[48;2;255;9;78m▀[0m[38;2;218;0;60m[48;2;225;71;111m▀[0m[38;2;155;148;172m[48;2;40;160;192m▀[0m[38;2;23;169;213m[48;2;0;151;204m▀[0m[38;2;183;214;232m[48;2;89;109;129m▀[0m[38;2;255;26;89m[48;2;232;10;73m▀[0m[38;2;232;7;73m[48;2;197;2;63m▀[0m[38;2;177;98;91m[48;2;114;92;69m▀[0m[38;2;246;179;126m[48;2;252;180;127m▀[0m             
            [38;2;226;141;85m▄[0m[38;2;242;171;118m[48;2;244;174;121m▀[0m[38;2;224;179;170m[48;2;229;153;117m▀[0m[38;2;170;208;234m[48;2;180;51;89m▀[0m[38;2;249;63;113m[48;2;199;0;61m▀[0m[38;2;255;10;79m[48;2;229;15;75m▀[0m[38;2;255;9;78m[48;2;212;18;71m▀[0m[38;2;255;69;122m[48;2;146;4;46m▀[0m[38;2;149;200;226m[48;2;198;50;95m▀[0m[38;2;99;159;184m[48;2;171;35;79m▀[0m[38;2;156;30;70m[48;2;195;0;61m▀[0m[38;2;199;0;61m[48;2;203;0;66m▀[0m[38;2;168;0;54m[48;2;153;11;56m▀[0m[38;2;113;89;68m[48;2;212;158;115m▀[0m[38;2;252;180;128m[48;2;246;170;119m▀[0m             
    [38;2;243;162;115m▄[0m[38;2;241;166;116m▄[0m[38;2;246;173;121m▄[0m[38;2;242;180;135m▄[0m[38;2;234;150;98m[48;2;246;198;159m▀[0m[38;2;250;167;112m[48;2;255;205;162m▀[0m[38;2;236;158;107m[48;2;255;215;175m▀[0m[38;2;238;160;112m[48;2;255;212;169m▀[0m[38;2;240;172;123m[48;2;255;194;141m▀[0m[38;2;248;183;132m[48;2;239;172;124m▀[0m[38;2;254;200;145m[48;2;242;170;121m▀[0m[38;2;127;77;67m[48;2;238;177;125m▀[0m[38;2;159;0;52m[48;2;140;91;75m▀[0m[38;2;151;0;51m[48;2;168;20;62m▀[0m[38;2;100;9;39m[48;2;176;0;56m▀[0m[38;2;184;1;62m[48;2;196;0;65m▀[0m[38;2;194;0;59m[48;2;199;0;66m▀[0m[38;2;198;0;62m[48;2;185;0;60m▀[0m[38;2;203;0;66m[48;2;152;21;57m▀[0m[38;2;161;0;52m[48;2;134;90;75m▀[0m[38;2;130;84;72m[48;2;238;176;124m▀[0m[38;2;255;198;143m[48;2;241;170;121m▀[0m[38;2;249;174;122m[48;2;253;186;134m▀[0m[38;2;237;156;111m[48;2;245;180;130m▀[0m[38;2;247;175;123m▄[0m[38;2;236;161;108m▄[0m[38;2;249;160;106m▄[0m[38;2;236;163;109m▄[0m        
    [38;2;240;161;112m▀[0m[38;2;245;171;120m[48;2;236;163;115m▀[0m[38;2;255;202;147m[48;2;241;169;119m▀[0m[38;2;255;213;171m[48;2;242;178;128m▀[0m[38;2;255;253;245m[48;2;254;198;151m▀[0m[38;2;254;241;228m[48;2;252;186;136m▀[0m[38;2;254;211;176m[48;2;240;161;106m▀[0m[38;2;242;177;128m[48;2;238;136;102m▀[0m[38;2;240;163;112m▀[0m[38;2;231;139;92m▀[0m [38;2;255;170;122m▀[0m[38;2;255;186;126m[48;2;235;163;114m▀[0m[38;2;229;154;118m[48;2;255;202;145m▀[0m[38;2;154;99;84m[48;2;193;87;92m▀[0m[38;2;172;7;60m[48;2;186;0;60m▀[0m[38;2;199;0;64m[48;2;200;0;65m▀[0m[38;2;152;36;63m[48;2;161;9;55m▀[0m[38;2;215;177;126m[48;2;209;146;115m▀[0m[38;2;252;188;132m[48;2;253;190;136m▀[0m[38;2;255;160;113m[48;2;237;156;111m▀[0m [38;2;238;165;117m▀[0m[38;2;252;183;131m[48;2;233;153;102m▀[0m[38;2;255;198;146m[48;2;240;171;123m▀[0m[38;2;255;216;183m[48;2;255;204;156m▀[0m[38;2;254;193;147m[48;2;254;230;210m▀[0m[38;2;240;169;119m[48;2;255;238;218m▀[0m[38;2;249;166;111m[48;2;255;214;174m▀[0m[38;2;237;156;102m[48;2;249;194;152m▀[0m[38;2;240;170;121m▄[0m[38;2;234;158;108m▄[0m    
      [38;2;228;149;105m▄[0m[38;2;233;156;105m[48;2;249;167;115m▀[0m[38;2;243;170;120m[48;2;244;177;124m▀[0m[38;2;255;191;137m[48;2;250;211;175m▀[0m[38;2;246;175;123m[48;2;255;225;194m▀[0m[38;2;238;162;113m[48;2;255;192;141m▀[0m[38;2;244;168;118m▄[0m[38;2;233;155;108m▄[0m  [38;2;236;161;112m▀[0m[38;2;246;185;132m[48;2;238;160;111m▀[0m[38;2;220;139;116m[48;2;249;177;124m▀[0m[38;2;176;11;62m[48;2;242;178;134m▀[0m[38;2;198;5;65m[48;2;241;175;133m▀[0m[38;2;156;43;66m[48;2;250;181;134m▀[0m[38;2;224;180;129m[48;2;245;170;120m▀[0m[38;2;247;181;128m[48;2;208;115;92m▀[0m[38;2;236;160;113m▀[0m   [38;2;226;141;85m▀[0m[38;2;239;159;106m[48;2;231;150;104m▀[0m[38;2;242;177;127m[48;2;244;165;114m▀[0m[38;2;253;213;177m[48;2;248;181;127m▀[0m[38;2;254;247;240m[48;2;247;193;145m▀[0m[38;2;255;222;189m[48;2;249;188;137m▀[0m[38;2;255;199;145m[48;2;249;176;124m▀[0m[38;2;253;178;126m[48;2;242;168;119m▀[0m[38;2;237;163;113m[48;2;242;170;109m▀[0m   
   [38;2;236;156;105m▄[0m[38;2;0;0;0m[48;2;243;169;117m▀[0m[38;2;240;163;113m[48;2;255;200;151m▀[0m[38;2;247;180;129m[48;2;254;200;152m▀[0m[38;2;255;199;151m[48;2;254;248;241m▀[0m[38;2;254;226;199m[48;2;255;254;251m▀[0m[38;2;255;255;255m[48;2;253;232;214m▀[0m[38;2;255;255;255m[48;2;255;233;212m▀[0m[38;2;253;235;217m[48;2;255;216;178m▀[0m[38;2;255;201;153m[48;2;252;189;138m▀[0m[38;2;248;182;131m[48;2;255;192;138m▀[0m[38;2;238;166;116m[48;2;239;171;123m▀[0m[38;2;255;170;85m[48;2;238;153;102m▀[0m  [38;2;239;165;115m[48;2;236;145;91m▀[0m[38;2;255;195;142m[48;2;240;173;123m▀[0m[38;2;254;197;144m[48;2;249;188;137m▀[0m[38;2;246;175;124m[48;2;237;163;112m▀[0m[38;2;223;143;95m▀[0m   [38;2;239;166;118m▄[0m[38;2;229;140;102m[48;2;245;176;125m▀[0m[38;2;237;164;113m[48;2;251;194;145m▀[0m[38;2;245;176;124m[48;2;255;230;205m▀[0m[38;2;255;198;150m[48;2;255;253;250m▀[0m[38;2;252;227;202m[48;2;255;255;255m▀[0m[38;2;252;196;149m[48;2;250;216;186m▀[0m[38;2;238;165;115m[48;2;246;179;125m▀[0m[38;2;235;161;113m▄[0m     
[38;2;238;162;113m▄[0m[38;2;229;153;102m[48;2;246;176;126m▀[0m[38;2;241;165;116m[48;2;255;192;138m▀[0m[38;2;251;187;138m[48;2;255;211;168m▀[0m[38;2;255;221;189m[48;2;252;211;180m▀[0m[38;2;254;239;224m[48;2;249;185;137m▀[0m[38;2;249;212;179m[48;2;252;185;133m▀[0m[38;2;255;203;160m[48;2;239;165;114m▀[0m[38;2;255;207;162m[48;2;243;162;111m▀[0m[38;2;248;184;131m[48;2;238;162;113m▀[0m[38;2;239;166;114m▀[0m[38;2;248;175;122m▀[0m[38;2;239;167;119m▀[0m[38;2;246;167;112m▀[0m[38;2;229;153;102m▀[0m   [38;2;223;127;63m▀[0m[38;2;240;171;123m[48;2;239;159;111m▀[0m[38;2;239;170;121m[48;2;239;159;111m▀[0m[38;2;255;0;0m▀[0m    [38;2;237;163;116m▀[0m[38;2;249;183;132m[48;2;233;157;110m▀[0m[38;2;255;198;147m[48;2;248;173;121m▀[0m[38;2;251;218;187m[48;2;249;180;128m▀[0m[38;2;254;244;234m[48;2;249;181;128m▀[0m[38;2;255;252;251m[48;2;255;212;174m▀[0m[38;2;255;255;255m[48;2;253;230;208m▀[0m[38;2;253;221;193m[48;2;253;232;212m▀[0m[38;2;250;185;132m[48;2;251;205;165m▀[0m[38;2;236;159;108m[48;2;251;200;159m▀[0m[38;2;236;157;100m▄[0m   
[38;2;238;164;114m▀[0m[38;2;242;170;120m▀[0m[38;2;241;171;122m▀[0m[38;2;238;167;116m▀[0m[38;2;232;141;85m▀[0m[38;2;237;154;106m▀[0m[38;2;243;166;112m▀[0m                      [38;2;243;160;112m▀[0m[38;2;237;160;111m▀[0m[38;2;244;170;119m▀[0m[38;2;247;182;130m[48;2;236;161;112m▀[0m[38;2;251;188;136m[48;2;240;164;113m▀[0m[38;2;252;229;209m[48;2;246;175;122m▀[0m[38;2;255;250;244m[48;2;251;204;167m▀[0m[38;2;252;202;163m[48;2;255;227;196m▀[0m[38;2;236;159;106m[48;2;252;195;147m▀[0m[38;2;240;164;114m▄[0m 
                                 [38;2;229;153;102m▀[0m[38;2;245;160;113m▀[0m[38;2;237;160;107m▀[0m[38;2;248;177;125m[48;2;226;141;99m▀[0m[38;2;255;196;144m[48;2;249;170;118m▀[0m[38;2;249;186;135m[48;2;240;173;124m▀[0m[38;2;237;167;119m[48;2;249;175;123m▀[0m
[0m