                        [38;2;6;6;6m[48;2;0;0;0m▀[0m[38;2;66;66;66m[48;2;200;200;200m▀[0m[38;2;18;18;18m[48;2;25;25;25m▀[0m             
                      [38;2;0;0;0m▄[0m[38;2;0;0;0m[48;2;55;55;55m▀[0m[38;2;135;135;135m[48;2;151;151;151m▀[0m[38;2;99;99;99m[48;2;63;63;63m▀[0m[38;2;28;28;28m▀[0m             
                    [38;2;0;0;11m▄[0m[38;2;31;21;10m▄[0m[38;2;0;0;0m[48;2;142;120;20m▀[0m[38;2;97;98;101m[48;2;142;124;35m▀[0m[38;2;131;131;132m[48;2;127;113;54m▀[0m[38;2;0;0;0m[48;2;0;0;0m▀[0m              
                   [38;2;25;21;17m[48;2;22;21;16m▀[0m[38;2;73;64;20m[48;2;182;155;28m▀[0m[38;2;97;84;19m[48;2;183;156;27m▀[0m[38;2;235;202;35m[48;2;243;209;36m▀[0m[38;2;211;181;30m[48;2;194;167;30m▀[0m[38;2;111;93;12m[48;2;213;188;32m▀[0m[38;2;255;255;0m[48;2;70;62;19m▀[0m              
                  [38;2;0;4;14m[48;2;0;0;12m▀[0m[38;2;138;119;25m[48;2;149;129;27m▀[0m[38;2;170;145;26m[48;2;185;159;28m▀[0m[38;2;197;168;30m[48;2;174;149;26m▀[0m[38;2;221;190;33m[48;2;217;186;32m▀[0m[38;2;248;214;38m[48;2;255;234;40m▀[0m[38;2;244;216;38m[48;2;126;109;27m▀[0m[38;2;59;53;21m[48;2;0;0;11m▀[0m              
                 [38;2;0;0;14m[48;2;0;0;0m▀[0m[38;2;83;72;21m[48;2;85;73;15m▀[0m[38;2;187;160;29m[48;2;168;144;24m▀[0m[38;2;193;166;30m[48;2;213;183;30m▀[0m[38;2;198;170;30m[48;2;255;226;38m▀[0m[38;2;246;218;37m[48;2;255;227;39m▀[0m[38;2;214;190;36m[48;2;162;140;30m▀[0m[38;2;65;55;20m[48;2;0;0;11m▀[0m[38;2;0;0;17m▀[0m              
               [38;2;21;21;21m▄[0m[38;2;20;20;20m[48;2;92;92;101m▀[0m[38;2;41;41;45m[48;2;123;123;136m▀[0m[38;2;68;68;77m[48;2;149;149;166m▀[0m[38;2;72;73;82m[48;2;145;145;161m▀[0m[38;2;122;107;31m[48;2;100;102;125m▀[0m[38;2;214;188;36m[48;2;100;95;77m▀[0m[38;2;233;200;33m[48;2;98;89;49m▀[0m[38;2;8;10;11m[48;2;59;59;64m▀[0m[38;2;6;6;3m▄[0m               
             [38;2;25;25;25m▄[0m[38;2;22;22;22m[48;2;95;95;104m▀[0m[38;2;95;95;105m[48;2;126;126;140m▀[0m[38;2;136;136;149m[48;2;54;51;54m▀[0m[38;2;120;120;133m[48;2;32;31;32m▀[0m[38;2;116;116;128m[48;2;31;32;33m▀[0m[38;2;123;123;135m[48;2;41;38;39m▀[0m[38;2;147;147;162m[48;2;101;101;112m▀[0m[38;2;133;134;153m[48;2;144;144;159m▀[0m[38;2;100;101;118m[48;2;136;136;151m▀[0m[38;2;95;95;106m[48;2;92;92;102m▀[0m[38;2;57;57;63m[48;2;96;96;106m▀[0m[38;2;9;9;9m[48;2;57;57;62m▀[0m[38;2;15;15;15m▄[0m             
            [38;2;17;17;17m[48;2;42;42;43m▀[0m[38;2;91;91;101m[48;2;121;121;133m▀[0m[38;2;131;131;146m[48;2;129;129;143m▀[0m[38;2;42;39;41m[48;2;42;39;40m▀[0m[38;2;54;112;131m[48;2;51;109;129m▀[0m[38;2;36;44;48m[48;2;63;71;79m▀[0m[38;2;31;27;28m[48;2;62;58;62m▀[0m[38;2;56;114;135m[48;2;60;119;140m▀[0m[38;2;35;41;45m[48;2;34;40;43m▀[0m[38;2;101;100;110m[48;2;101;100;110m▀[0m[38;2;143;143;159m[48;2;144;144;159m▀[0m[38;2;116;116;129m[48;2;130;130;144m▀[0m[38;2;91;91;100m[48;2;95;95;106m▀[0m[38;2;90;90;99m[48;2;93;93;104m▀[0m[38;2;18;18;18m[48;2;73;73;81m▀[0m[38;2;26;26;26m▄[0m[38;2;0;0;0m▄[0m           
          [38;2;25;25;25m▄[0m[38;2;44;44;46m[48;2;58;58;63m▀[0m[38;2;114;114;125m[48;2;144;144;160m▀[0m[38;2;142;142;157m[48;2;138;138;153m▀[0m[38;2;141;141;157m[48;2;139;139;154m▀[0m[38;2;119;120;132m[48;2;144;144;159m▀[0m[38;2;89;86;95m[48;2;73;73;79m▀[0m[38;2;143;143;158m[48;2;39;39;43m▀[0m[38;2;149;149;166m[48;2;39;39;41m▀[0m[38;2;101;98;108m[48;2;113;113;125m▀[0m[38;2;101;100;111m[48;2;148;148;165m▀[0m[38;2;142;142;158m[48;2;138;138;153m▀[0m[38;2;138;138;153m[48;2;138;138;153m▀[0m[38;2;142;142;157m[48;2;141;141;156m▀[0m[38;2;113;113;126m[48;2;114;114;127m▀[0m[38;2;90;90;99m[48;2;91;91;100m▀[0m[38;2;98;98;109m[48;2;93;93;103m▀[0m[38;2;47;47;51m[48;2;84;84;93m▀[0m[38;2;0;0;0m[48;2;23;23;26m▀[0m           
         [38;2;20;20;20m▄[0m[38;2;27;27;29m[48;2;80;80;87m▀[0m[38;2;126;126;140m[48;2;137;137;151m▀[0m[38;2;140;140;155m[48;2;139;139;154m▀[0m[38;2;139;139;154m[48;2;141;141;155m▀[0m[38;2;140;140;156m[48;2;65;65;72m▀[0m[38;2;65;65;71m[48;2;26;26;27m▀[0m[38;2;26;26;26m[48;2;37;37;39m▀[0m[38;2;33;33;34m[48;2;36;36;38m▀[0m[38;2;32;32;33m[48;2;36;36;38m▀[0m[38;2;27;27;28m[48;2;31;31;32m▀[0m[38;2;108;108;119m[48;2;44;44;48m▀[0m[38;2;140;140;155m[48;2;145;145;161m▀[0m[38;2;138;138;153m[48;2;138;138;153m▀[0m[38;2;138;138;153m[48;2;138;138;153m▀[0m[38;2;139;139;155m[48;2;139;139;155m▀[0m[38;2;100;100;111m[48;2;99;99;110m▀[0m[38;2;91;91;101m[48;2;91;91;101m▀[0m[38;2;95;95;105m[48;2;93;93;103m▀[0m[38;2;45;45;49m[48;2;86;86;96m▀[0m[38;2;15;15;15m[48;2;12;12;12m▀[0m          
    [38;2;31;31;31m▄[0m[38;2;7;7;0m[48;2;75;75;82m▀[0m[38;2;30;30;31m[48;2;141;141;156m▀[0m[38;2;30;30;32m[48;2;142;142;157m▀[0m[38;2;0;0;0m[48;2;62;62;68m▀[0m[38;2;32;32;35m[48;2;71;71;77m▀[0m[38;2;111;111;122m[48;2;143;143;159m▀[0m[38;2;143;143;158m[48;2;138;138;153m▀[0m[38;2;138;138;154m[48;2;147;147;163m▀[0m[38;2;130;130;143m[48;2;57;57;63m▀[0m[38;2;26;26;27m[48;2;29;29;30m▀[0m[38;2;36;36;38m[48;2;36;36;38m▀[0m[38;2;36;36;38m[48;2;36;36;38m▀[0m[38;2;36;36;38m[48;2;36;36;38m▀[0m[38;2;36;36;38m[48;2;36;36;39m▀[0m[38;2;37;37;39m[48;2;37;37;38m▀[0m[38;2;27;27;28m[48;2;0;0;0m▀[0m[38;2;93;93;102m[48;2;63;63;68m▀[0m[38;2;145;145;160m[48;2;134;134;148m▀[0m[38;2;138;138;153m[48;2;139;139;154m▀[0m[38;2;139;139;154m[48;2;139;139;154m▀[0m[38;2;128;128;142m[48;2;137;137;152m▀[0m[38;2;90;90;100m[48;2;103;103;114m▀[0m[38;2;92;92;102m[48;2;91;91;101m▀[0m[38;2;94;94;104m[48;2;95;95;105m▀[0m[38;2;57;57;62m[48;2;77;77;85m▀[0m[38;2;0;0;0m[48;2;19;19;19m▀[0m[38;2;17;17;17m▄[0m[38;2;0;0;0m[48;2;51;51;56m▀[0m[38;2;0;0;0m[48;2;40;40;44m▀[0m[38;2;12;12;12m▄[0m     
   [38;2;27;9;4m▄[0m[38;2;29;29;31m[48;2;53;103;120m▀[0m[38;2;127;127;141m[48;2;75;93;103m▀[0m[38;2;141;141;156m[48;2;138;136;150m▀[0m[38;2;139;139;154m[48;2;138;138;153m▀[0m[38;2;129;129;142m[48;2;137;137;151m▀[0m[38;2;81;81;87m[48;2;132;132;146m▀[0m[38;2;142;142;159m[48;2;138;138;154m▀[0m[38;2;142;142;157m[48;2;144;144;160m▀[0m[38;2;110;110;121m[48;2;86;86;95m▀[0m[38;2;36;36;37m[48;2;22;22;22m▀[0m[38;2;34;34;36m[48;2;37;37;39m▀[0m[38;2;36;36;38m[48;2;36;36;38m▀[0m[38;2;36;36;38m[48;2;36;36;38m▀[0m[38;2;36;36;38m[48;2;36;36;38m▀[0m[38;2;37;37;40m[48;2;36;36;38m▀[0m[38;2;35;35;35m[48;2;36;36;37m▀[0m[38;2;36;36;39m▄[0m[38;2;0;0;0m[48;2;21;21;22m▀[0m[38;2;111;111;123m[48;2;112;112;124m▀[0m[38;2;142;142;157m[48;2;142;142;157m▀[0m[38;2;138;138;153m[48;2;138;138;153m▀[0m[38;2;140;140;155m[48;2;138;138;153m▀[0m[38;2;124;124;137m[48;2;138;138;153m▀[0m[38;2;89;89;99m[48;2;112;112;124m▀[0m[38;2;91;91;101m[48;2;95;95;105m▀[0m[38;2;93;93;102m[48;2;110;110;122m▀[0m[38;2;92;92;101m[48;2;141;141;157m▀[0m[38;2;100;100;110m[48;2;144;144;159m▀[0m[38;2;139;139;154m[48;2;138;138;153m▀[0m[38;2;106;106;117m[48;2;107;107;119m▀[0m[38;2;57;57;61m[48;2;82;82;91m▀[0m[38;2;9;9;9m[48;2;21;21;21m▀[0m[38;2;0;0;0m▄[0m   
[38;2;37;37;43m▄[0m[38;2;37;37;39m▄[0m[38;2;20;20;23m[48;2;92;92;103m▀[0m[38;2;21;21;21m[48;2;105;105;115m▀[0m[38;2;66;66;70m[48;2;125;125;138m▀[0m[38;2;97;97;105m[48;2;144;144;160m▀[0m[38;2;138;138;153m[48;2;138;138;153m▀[0m[38;2;138;138;153m[48;2;138;138;153m▀[0m[38;2;138;138;153m[48;2;140;140;155m▀[0m[38;2;139;139;154m[48;2;139;139;154m▀[0m[38;2;138;138;153m[48;2;138;138;153m▀[0m[38;2;143;143;159m[48;2;140;140;155m▀[0m[38;2;95;95;105m[48;2;127;127;141m▀[0m[38;2;29;29;30m[48;2;56;56;60m▀[0m[38;2;36;36;38m[48;2;34;34;36m▀[0m[38;2;34;34;36m[48;2;60;60;66m▀[0m[38;2;33;33;35m[48;2;73;73;80m▀[0m[38;2;33;33;35m[48;2;72;72;79m▀[0m[38;2;33;33;35m[48;2;72;72;80m▀[0m[38;2;35;35;37m[48;2;56;56;60m▀[0m[38;2;37;37;39m[48;2;31;31;33m▀[0m[38;2;30;30;31m[48;2;69;69;76m▀[0m[38;2;115;115;128m[48;2;134;134;149m▀[0m[38;2;141;141;156m[48;2;139;139;154m▀[0m[38;2;138;138;153m[48;2;138;138;153m▀[0m[38;2;138;138;153m[48;2;138;138;153m▀[0m[38;2;138;138;153m[48;2;138;138;153m▀[0m[38;2;139;139;154m[48;2;138;138;153m▀[0m[38;2;139;139;154m[48;2;138;138;153m▀[0m[38;2;139;139;154m[48;2;138;138;153m▀[0m[38;2;138;138;153m[48;2;139;139;154m▀[0m[38;2;141;141;157m[48;2;131;131;145m▀[0m[38;2;122;122;135m[48;2;78;79;86m▀[0m[38;2;91;91;100m[48;2;71;73;79m▀[0m[38;2;97;97;107m[48;2;94;94;104m▀[0m[38;2;60;60;66m[48;2;60;60;65m▀[0m[38;2;0;0;0m[48;2;0;0;0m▀[0m   
[38;2;57;57;62m[48;2;7;7;7m▀[0m[38;2;113;113;124m[48;2;12;12;10m▀[0m[38;2;122;122;135m[48;2;18;18;18m▀[0m[38;2;149;149;165m[48;2;85;85;93m▀[0m[38;2;146;146;162m[48;2;86;86;95m▀[0m[38;2;144;144;160m[48;2;85;85;93m▀[0m[38;2;141;141;157m[48;2;110;110;121m▀[0m[38;2;141;141;156m[48;2;121;121;133m▀[0m[38;2;127;123;135m[48;2;65;102;117m▀[0m[38;2;130;130;143m[48;2;85;85;92m▀[0m[38;2;139;139;154m[48;2;142;142;158m▀[0m[38;2;138;138;153m[48;2;138;138;153m▀[0m[38;2;141;141;156m[48;2;138;138;153m▀[0m[38;2;134;134;148m[48;2;139;139;154m▀[0m[38;2;122;122;135m[48;2;140;140;155m▀[0m[38;2;99;99;109m[48;2;140;140;155m▀[0m[38;2;102;102;114m[48;2;140;140;155m▀[0m[38;2;102;102;113m[48;2;140;140;155m▀[0m[38;2;102;102;114m[48;2;140;140;155m▀[0m[38;2;100;100;111m[48;2;140;140;155m▀[0m[38;2;126;126;140m[48;2;139;139;155m▀[0m[38;2;136;136;151m[48;2;139;139;154m▀[0m[38;2;140;140;155m[48;2;138;138;153m▀[0m[38;2;138;138;153m[48;2;138;138;153m▀[0m[38;2;138;138;153m[48;2;138;138;153m▀[0m[38;2;138;138;153m[48;2;138;138;153m▀[0m[38;2;138;138;153m[48;2;138;138;153m▀[0m[38;2;138;138;153m[48;2;138;138;153m▀[0m[38;2;138;138;153m[48;2;138;138;153m▀[0m[38;2;138;138;153m[48;2;138;138;153m▀[0m[38;2;140;140;155m[48;2;140;140;155m▀[0m[38;2;129;125;138m[48;2;140;140;155m▀[0m[38;2;70;101;115m[48;2;102;101;111m▀[0m[38;2;68;151;177m[48;2;71;70;75m▀[0m[38;2;69;75;82m[48;2;80;80;87m▀[0m[38;2;92;91;101m[48;2;97;97;107m▀[0m[38;2;47;47;51m[48;2;99;99;110m▀[0m[38;2;25;25;26m[48;2;88;88;98m▀[0m[38;2;0;0;0m[48;2;53;53;57m▀[0m[38;2;0;0;0m[48;2;32;32;34m▀[0m
   [38;2;0;0;0m▀[0m[38;2;0;0;0m▀[0m[38;2;0;0;0m[48;2;0;0;0m▀[0m[38;2;71;71;78m[48;2;63;63;69m▀[0m[38;2;96;96;104m[48;2;135;135;149m▀[0m[38;2;66;94;105m[48;2;140;137;152m▀[0m[38;2;124;125;138m[48;2;147;147;163m▀[0m[38;2;139;139;154m[48;2;145;145;161m▀[0m[38;2;141;141;157m[48;2;117;117;129m▀[0m[38;2;142;142;157m[48;2;113;113;125m▀[0m[38;2;142;142;157m[48;2;114;114;125m▀[0m[38;2;137;137;152m[48;2;34;34;36m▀[0m[38;2;137;137;152m[48;2;23;23;25m▀[0m[38;2;137;137;152m[48;2;25;25;26m▀[0m[38;2;138;138;153m[48;2;42;42;46m▀[0m[38;2;138;138;152m[48;2;40;40;42m▀[0m[38;2;140;140;155m[48;2;99;99;109m▀[0m[38;2;141;141;157m[48;2;121;121;133m▀[0m[38;2;139;139;155m[48;2;132;132;146m▀[0m[38;2;138;138;153m[48;2;145;145;161m▀[0m[38;2;138;138;153m[48;2;142;142;157m▀[0m[38;2;138;138;153m[48;2;138;138;153m▀[0m[38;2;138;138;153m[48;2;138;138;153m▀[0m[38;2;138;138;153m[48;2;138;138;153m▀[0m[38;2;138;138;153m[48;2;140;140;155m▀[0m[38;2;138;138;153m[48;2;144;144;160m▀[0m[38;2;140;140;156m[48;2;121;121;135m▀[0m[38;2;119;119;132m[48;2;83;83;92m▀[0m[38;2;103;103;115m[48;2;66;66;73m▀[0m[38;2;90;90;100m[48;2;20;20;21m▀[0m[38;2;93;93;104m[48;2;22;22;22m▀[0m[38;2;44;44;48m[48;2;0;0;0m▀[0m[38;2;37;37;40m[48;2;0;0;0m▀[0m[38;2;38;38;41m[48;2;0;0;0m▀[0m[38;2;39;39;42m[48;2;0;0;0m▀[0m[38;2;44;44;47m[48;2;0;0;0m▀[0m[38;2;23;23;24m[48;2;0;0;0m▀[0m
      [38;2;6;6;6m▀[0m[38;2;74;74;80m[48;2;7;7;7m▀[0m[38;2;94;94;103m[48;2;11;11;11m▀[0m[38;2;80;80;88m[48;2;0;0;0m▀[0m[38;2;81;81;89m[48;2;0;0;0m▀[0m[38;2;22;22;22m▀[0m[38;2;5;5;3m▀[0m[38;2;7;7;5m▀[0m[38;2;0;0;0m▀[0m    [38;2;28;28;28m▀[0m[38;2;24;24;24m▀[0m[38;2;68;68;74m[48;2;9;9;9m▀[0m[38;2;93;93;101m[48;2;11;11;7m▀[0m[38;2;105;105;116m[48;2;34;34;38m▀[0m[38;2;145;145;160m[48;2;50;50;54m▀[0m[38;2;142;142;158m[48;2;48;48;52m▀[0m[38;2;143;143;159m[48;2;48;48;53m▀[0m[38;2;130;130;144m[48;2;39;39;43m▀[0m[38;2;82;82;89m[48;2;5;5;2m▀[0m[38;2;56;56;62m[48;2;0;0;0m▀[0m[38;2;33;33;36m[48;2;0;0;0m▀[0m[38;2;6;6;4m▀[0m        
[0m