         [38;2;123;16;41m▄[0m[38;2;123;16;41m▄[0m       [38;2;65;0;0m▄[0m[38;2;123;16;41m[48;2;123;16;41m▀[0m[38;2;123;16;41m[48;2;172;65;90m▀[0m[38;2;123;16;41m[48;2;172;65;90m▀[0m[38;2;16;16;16m▄[0m         
        [38;2;123;16;41m[48;2;123;16;41m▀[0m[38;2;172;65;90m[48;2;172;65;90m▀[0m[38;2;172;65;90m[48;2;172;65;90m▀[0m[38;2;123;16;41m[48;2;172;65;90m▀[0m[38;2;16;16;16m[48;2;123;16;41m▀[0m[38;2;16;16;16m▄[0m    [38;2;65;0;0m[48;2;65;0;0m▀[0m[38;2;172;65;90m[48;2;123;16;41m▀[0m[38;2;123;16;41m[48;2;123;16;41m▀[0m[38;2;123;16;41m[48;2;123;16;41m▀[0m[38;2;16;16;16m[48;2;123;16;41m▀[0m[38;2;16;16;16m▄[0m        
        [38;2;16;16;16m[48;2;16;16;16m▀[0m[38;2;172;65;90m[48;2;123;16;41m▀[0m[38;2;123;16;41m[48;2;65;0;0m▀[0m[38;2;123;16;41m[48;2;65;0;0m▀[0m[38;2;123;16;41m[48;2;65;0;0m▀[0m[38;2;123;16;41m[48;2;123;16;41m▀[0m[38;2;16;16;16m[48;2;16;16;16m▀[0m   [38;2;16;16;16m[48;2;16;16;16m▀[0m[38;2;65;0;0m[48;2;205;98;90m▀[0m[38;2;205;98;90m[48;2;205;98;90m▀[0m[38;2;65;0;0m[48;2;205;98;90m▀[0m[38;2;123;16;41m[48;2;65;0;0m▀[0m[38;2;16;16;16m[48;2;16;16;16m▀[0m        
         [38;2;16;16;16m[48;2;16;16;16m▀[0m[38;2;205;98;90m[48;2;123;16;41m▀[0m[38;2;205;98;90m[48;2;230;115;90m▀[0m[38;2;65;0;0m[48;2;230;115;90m▀[0m[38;2;123;16;41m[48;2;205;98;90m▀[0m[38;2;123;16;41m[48;2;123;16;41m▀[0m[38;2;16;16;16m[48;2;16;16;16m▀[0m  [38;2;16;16;16m[48;2;16;16;16m▀[0m[38;2;205;98;90m[48;2;230;115;90m▀[0m[38;2;230;115;90m[48;2;230;115;90m▀[0m[38;2;205;98;90m[48;2;230;115;90m▀[0m[38;2;123;16;41m[48;2;123;16;41m▀[0m[38;2;16;16;16m[48;2;16;16;16m▀[0m        
          [38;2;16;16;16m▀[0m[38;2;230;115;90m[48;2;16;16;16m▀[0m[38;2;230;115;90m[48;2;230;115;90m▀[0m[38;2;230;115;90m[48;2;230;115;90m▀[0m[38;2;123;16;41m[48;2;205;98;90m▀[0m[38;2;16;16;16m[48;2;16;16;16m▀[0m  [38;2;16;16;16m[48;2;16;16;16m▀[0m[38;2;230;115;90m[48;2;205;98;90m▀[0m[38;2;230;115;90m[48;2;230;115;90m▀[0m[38;2;230;115;90m[48;2;230;115;90m▀[0m[38;2;123;16;41m[48;2;123;16;41m▀[0m[38;2;16;16;16m[48;2;16;16;16m▀[0m        
            [38;2;16;16;16m▀[0m[38;2;16;16;16m▀[0m[38;2;230;115;90m[48;2;16;16;16m▀[0m[38;2;123;16;41m[48;2;205;98;90m▀[0m[38;2;16;16;16m[48;2;16;16;16m▀[0m  [38;2;16;16;16m[48;2;16;16;16m▀[0m[38;2;230;115;90m[48;2;230;115;90m▀[0m[38;2;230;115;90m[48;2;205;98;90m▀[0m[38;2;16;16;16m[48;2;16;16;16m▀[0m         
              [38;2;197;156;106m▄[0m[38;2;16;16;16m[48;2;197;156;106m▀[0m[38;2;123;16;41m[48;2;246;238;172m▀[0m[38;2;123;16;41m[48;2;246;238;172m▀[0m[38;2;123;16;41m[48;2;255;213;131m▀[0m[38;2;16;16;16m[48;2;197;156;106m▀[0m[38;2;230;115;90m[48;2;123;16;41m▀[0m[38;2;16;16;16m[48;2;16;16;16m▀[0m          
           [38;2;123;16;41m▄[0m[38;2;197;156;106m[48;2;246;238;172m▀[0m[38;2;197;156;106m[48;2;246;238;172m▀[0m[38;2;246;238;172m[48;2;246;238;172m▀[0m[38;2;246;238;172m[48;2;246;238;172m▀[0m[38;2;246;238;172m[48;2;246;238;172m▀[0m[38;2;246;238;172m[48;2;246;238;172m▀[0m[38;2;246;238;172m[48;2;255;213;131m▀[0m[38;2;255;213;131m[48;2;255;213;131m▀[0m[38;2;255;213;131m[48;2;255;213;131m▀[0m[38;2;255;213;131m[48;2;255;213;131m▀[0m[38;2;172;65;90m[48;2;255;213;131m▀[0m[38;2;123;16;41m▄[0m        
          [38;2;123;16;41m[48;2;123;16;41m▀[0m[38;2;255;213;131m[48;2;255;213;131m▀[0m[38;2;246;238;172m[48;2;255;213;131m▀[0m[38;2;16;16;16m[48;2;16;16;16m▀[0m[38;2;246;238;172m[48;2;255;213;131m▀[0m[38;2;246;238;172m[48;2;255;213;131m▀[0m[38;2;255;213;131m[48;2;255;213;131m▀[0m[38;2;255;213;131m[48;2;255;213;131m▀[0m[38;2;16;16;16m[48;2;16;16;16m▀[0m[38;2;255;213;131m[48;2;255;213;131m▀[0m[38;2;255;213;131m[48;2;255;213;131m▀[0m[38;2;255;213;131m[48;2;255;213;131m▀[0m[38;2;255;213;131m[48;2;255;213;131m▀[0m[38;2;255;213;131m[48;2;255;213;131m▀[0m[38;2;16;16;16m[48;2;16;16;16m▀[0m       
    [38;2;172;65;90m▄[0m[38;2;172;65;90m[48;2;197;156;106m▀[0m[38;2;172;65;90m[48;2;246;238;172m▀[0m[38;2;123;16;41m▄[0m[38;2;123;16;41m▄[0m[38;2;123;16;41m[48;2;197;156;106m▀[0m[38;2;255;213;131m[48;2;255;213;131m▀[0m[38;2;255;213;131m[48;2;255;213;131m▀[0m[38;2;255;213;131m[48;2;255;213;131m▀[0m[38;2;255;213;131m[48;2;172;65;90m▀[0m[38;2;123;16;41m[48;2;205;98;90m▀[0m[38;2;65;0;0m[48;2;205;98;90m▀[0m[38;2;255;213;131m[48;2;172;65;90m▀[0m[38;2;255;213;131m[48;2;255;213;131m▀[0m[38;2;255;213;131m[48;2;255;213;131m▀[0m[38;2;255;213;131m[48;2;255;213;131m▀[0m[38;2;255;213;131m[48;2;255;213;131m▀[0m[38;2;255;213;131m[48;2;255;213;131m▀[0m[38;2;255;213;131m[48;2;255;213;131m▀[0m[38;2;255;213;131m[48;2;255;213;131m▀[0m[38;2;255;213;131m[48;2;255;213;131m▀[0m[38;2;16;16;16m[48;2;123;16;41m▀[0m[38;2;123;16;41m▄[0m[38;2;123;16;41m▄[0m[38;2;172;65;90m[48;2;246;238;172m▀[0m[38;2;123;16;41m[48;2;246;238;172m▀[0m[38;2;123;16;41m▄[0m 
   [38;2;172;65;90m[48;2;172;65;90m▀[0m[38;2;255;213;131m[48;2;123;16;41m▀[0m[38;2;172;65;90m[48;2;123;16;41m▀[0m[38;2;197;156;106m[48;2;255;213;131m▀[0m[38;2;255;213;131m[48;2;255;213;131m▀[0m[38;2;197;156;106m[48;2;197;156;106m▀[0m[38;2;255;213;131m[48;2;255;213;131m▀[0m[38;2;255;213;131m[48;2;255;213;131m▀[0m[38;2;255;213;131m[48;2;255;213;131m▀[0m[38;2;255;213;131m[48;2;255;213;131m▀[0m[38;2;255;213;131m[48;2;255;213;131m▀[0m[38;2;205;98;90m[48;2;255;213;131m▀[0m[38;2;205;98;90m[48;2;255;213;131m▀[0m[38;2;255;213;131m[48;2;255;213;131m▀[0m[38;2;255;213;131m[48;2;255;213;131m▀[0m[38;2;255;213;131m[48;2;255;213;131m▀[0m[38;2;255;213;131m[48;2;255;213;131m▀[0m[38;2;255;213;131m[48;2;255;213;131m▀[0m[38;2;255;213;131m[48;2;255;213;131m▀[0m[38;2;255;213;131m[48;2;255;213;131m▀[0m[38;2;123;16;41m[48;2;255;213;131m▀[0m[38;2;123;16;41m[48;2;255;213;131m▀[0m[38;2;255;213;131m[48;2;255;213;131m▀[0m[38;2;255;213;131m[48;2;255;213;131m▀[0m[38;2;16;16;16m[48;2;255;213;131m▀[0m[38;2;255;213;131m[48;2;16;16;16m▀[0m[38;2;246;238;172m[48;2;16;16;16m▀[0m[38;2;246;238;172m[48;2;255;213;131m▀[0m[38;2;123;16;41m[48;2;123;16;41m▀[0m
   [38;2;16;16;16m[48;2;16;16;16m▀[0m[38;2;255;213;131m[48;2;222;189;131m▀[0m[38;2;255;213;131m[48;2;255;213;131m▀[0m[38;2;255;213;131m[48;2;255;213;131m▀[0m[38;2;197;156;106m[48;2;197;156;106m▀[0m[38;2;255;213;131m[48;2;255;213;131m▀[0m[38;2;255;213;131m[48;2;255;213;131m▀[0m[38;2;255;213;131m[48;2;255;213;131m▀[0m[38;2;255;213;131m[48;2;255;255;255m▀[0m[38;2;246;238;172m[48;2;255;255;255m▀[0m[38;2;255;255;255m[48;2;255;255;255m▀[0m[38;2;255;255;255m[48;2;255;255;255m▀[0m[38;2;255;255;255m[48;2;255;255;255m▀[0m[38;2;246;238;172m[48;2;255;255;255m▀[0m[38;2;255;213;131m[48;2;255;255;255m▀[0m[38;2;255;213;131m[48;2;246;238;172m▀[0m[38;2;255;213;131m[48;2;255;213;131m▀[0m[38;2;255;213;131m[48;2;255;213;131m▀[0m[38;2;255;213;131m[48;2;255;213;131m▀[0m[38;2;255;213;131m[48;2;255;213;131m▀[0m[38;2;255;213;131m[48;2;255;213;131m▀[0m[38;2;255;213;131m[48;2;255;213;131m▀[0m[38;2;255;213;131m[48;2;255;213;131m▀[0m[38;2;255;213;131m[48;2;255;213;131m▀[0m[38;2;255;213;131m[48;2;255;213;131m▀[0m[38;2;255;213;131m[48;2;255;213;131m▀[0m[38;2;255;213;131m[48;2;255;213;131m▀[0m[38;2;255;213;131m[48;2;255;213;131m▀[0m[38;2;123;16;41m[48;2;123;16;41m▀[0m
    [38;2;123;16;41m[48;2;16;16;16m▀[0m[38;2;255;213;131m[48;2;197;156;106m▀[0m[38;2;255;213;131m[48;2;197;156;106m▀[0m[38;2;172;65;90m[48;2;172;65;90m▀[0m[38;2;255;213;131m[48;2;255;213;131m▀[0m[38;2;255;213;131m[48;2;246;238;172m▀[0m[38;2;255;255;255m[48;2;255;255;255m▀[0m[38;2;255;255;255m[48;2;255;255;255m▀[0m[38;2;255;255;255m[48;2;255;255;255m▀[0m[38;2;255;255;255m[48;2;255;213;131m▀[0m[38;2;255;255;255m[48;2;255;213;131m▀[0m[38;2;255;255;255m[48;2;255;213;131m▀[0m[38;2;255;255;255m[48;2;246;238;172m▀[0m[38;2;255;255;255m[48;2;255;255;255m▀[0m[38;2;255;255;255m[48;2;255;255;255m▀[0m[38;2;246;238;172m[48;2;255;255;255m▀[0m[38;2;255;213;131m[48;2;246;238;172m▀[0m[38;2;255;213;131m[48;2;255;213;131m▀[0m[38;2;255;213;131m[48;2;255;213;131m▀[0m[38;2;255;213;131m[48;2;255;213;131m▀[0m[38;2;255;213;131m[48;2;255;213;131m▀[0m[38;2;255;213;131m[48;2;255;213;131m▀[0m[38;2;255;213;131m[48;2;255;213;131m▀[0m[38;2;255;213;131m[48;2;255;213;131m▀[0m[38;2;255;213;131m[48;2;255;213;131m▀[0m[38;2;255;213;131m[48;2;255;213;131m▀[0m[38;2;197;156;106m[48;2;16;16;16m▀[0m[38;2;16;16;16m▀[0m
     [38;2;123;16;41m[48;2;16;16;16m▀[0m[38;2;197;156;106m[48;2;197;156;106m▀[0m[38;2;16;16;16m[48;2;16;16;16m▀[0m[38;2;255;213;131m[48;2;255;213;131m▀[0m[38;2;255;255;255m[48;2;255;255;255m▀[0m[38;2;255;255;255m[48;2;255;255;255m▀[0m[38;2;255;255;255m[48;2;255;255;255m▀[0m[38;2;246;238;172m[48;2;255;213;131m▀[0m[38;2;255;213;131m[48;2;255;213;131m▀[0m[38;2;255;213;131m[48;2;255;213;131m▀[0m[38;2;255;213;131m[48;2;255;213;131m▀[0m[38;2;255;213;131m[48;2;255;213;131m▀[0m[38;2;246;238;172m[48;2;255;213;131m▀[0m[38;2;255;255;255m[48;2;255;255;255m▀[0m[38;2;255;255;255m[48;2;255;255;255m▀[0m[38;2;255;255;255m[48;2;255;255;255m▀[0m[38;2;255;213;131m[48;2;246;238;172m▀[0m[38;2;255;213;131m[48;2;255;213;131m▀[0m[38;2;255;213;131m[48;2;255;213;131m▀[0m[38;2;255;213;131m[48;2;255;213;131m▀[0m[38;2;255;213;131m[48;2;255;213;131m▀[0m[38;2;255;213;131m[48;2;255;213;131m▀[0m[38;2;255;213;131m[48;2;255;213;131m▀[0m[38;2;255;213;131m[48;2;197;156;106m▀[0m[38;2;197;156;106m[48;2;16;16;16m▀[0m[38;2;16;16;16m▀[0m 
      [38;2;90;0;8m▀[0m[38;2;16;16;16m▀[0m[38;2;197;156;106m[48;2;90;0;8m▀[0m[38;2;255;255;255m[48;2;246;238;172m▀[0m[38;2;255;255;255m[48;2;255;255;255m▀[0m[38;2;255;255;255m[48;2;255;255;255m▀[0m[38;2;255;213;131m[48;2;246;238;172m▀[0m[38;2;255;213;131m[48;2;255;213;131m▀[0m[38;2;255;213;131m[48;2;255;213;131m▀[0m[38;2;255;213;131m[48;2;255;213;131m▀[0m[38;2;255;213;131m[48;2;255;213;131m▀[0m[38;2;255;213;131m[48;2;255;213;131m▀[0m[38;2;255;213;131m[48;2;255;213;131m▀[0m[38;2;255;255;255m[48;2;255;255;255m▀[0m[38;2;255;255;255m[48;2;255;255;255m▀[0m[38;2;255;255;255m[48;2;255;255;255m▀[0m[38;2;255;213;131m[48;2;255;213;131m▀[0m[38;2;255;213;131m[48;2;255;213;131m▀[0m[38;2;255;213;131m[48;2;255;213;131m▀[0m[38;2;255;213;131m[48;2;197;156;106m▀[0m[38;2;255;213;131m[48;2;197;156;106m▀[0m[38;2;197;156;106m[48;2;16;16;16m▀[0m[38;2;16;16;16m▀[0m   
        [38;2;90;0;8m▀[0m[38;2;255;213;131m[48;2;90;0;8m▀[0m[38;2;255;255;255m[48;2;222;189;131m▀[0m[38;2;255;255;255m[48;2;230;213;172m▀[0m[38;2;255;255;255m[48;2;255;255;255m▀[0m[38;2;255;213;131m[48;2;255;255;255m▀[0m[38;2;255;213;131m[48;2;246;238;172m▀[0m[38;2;255;213;131m[48;2;255;213;131m▀[0m[38;2;255;213;131m[48;2;255;213;131m▀[0m[38;2;255;213;131m[48;2;246;238;172m▀[0m[38;2;246;238;172m[48;2;255;255;255m▀[0m[38;2;255;255;255m[48;2;255;255;255m▀[0m[38;2;255;255;255m[48;2;230;213;172m▀[0m[38;2;255;255;255m[48;2;222;189;131m▀[0m[38;2;197;156;106m[48;2;197;156;106m▀[0m[38;2;197;156;106m[48;2;197;156;106m▀[0m[38;2;197;156;106m[48;2;197;156;106m▀[0m[38;2;197;156;106m[48;2;197;156;106m▀[0m[38;2;16;16;16m[48;2;16;16;16m▀[0m     
         [38;2;90;0;8m▀[0m[38;2;197;156;106m[48;2;90;0;8m▀[0m[38;2;222;189;131m[48;2;197;156;106m▀[0m[38;2;230;213;172m[48;2;222;189;131m▀[0m[38;2;230;213;172m[48;2;230;213;172m▀[0m[38;2;230;213;172m[48;2;230;213;172m▀[0m[38;2;230;213;172m[48;2;230;213;172m▀[0m[38;2;230;213;172m[48;2;230;213;172m▀[0m[38;2;230;213;172m[48;2;230;213;172m▀[0m[38;2;230;213;172m[48;2;230;213;172m▀[0m[38;2;230;213;172m[48;2;230;213;172m▀[0m[38;2;230;213;172m[48;2;222;189;131m▀[0m[38;2;197;156;106m[48;2;197;156;106m▀[0m[38;2;197;156;106m[48;2;197;156;106m▀[0m[38;2;197;156;106m[48;2;197;156;106m▀[0m[38;2;197;156;106m[48;2;16;16;16m▀[0m[38;2;16;16;16m▀[0m      
           [38;2;90;0;8m▀[0m[38;2;90;0;8m[48;2;16;16;16m▀[0m[38;2;197;156;106m[48;2;65;0;0m▀[0m[38;2;222;189;131m[48;2;90;0;8m▀[0m[38;2;230;213;172m[48;2;197;156;106m▀[0m[38;2;230;213;172m[48;2;197;156;106m▀[0m[38;2;230;213;172m[48;2;197;156;106m▀[0m[38;2;222;189;131m[48;2;197;156;106m▀[0m[38;2;197;156;106m[48;2;197;156;106m▀[0m[38;2;197;156;106m[48;2;90;0;8m▀[0m[38;2;197;156;106m[48;2;90;0;8m▀[0m[38;2;197;156;106m[48;2;90;0;8m▀[0m[38;2;16;16;16m[48;2;172;65;90m▀[0m[38;2;16;16;16m▄[0m       
           [38;2;16;16;16m▄[0m[38;2;16;16;16m[48;2;172;65;90m▀[0m[38;2;197;156;106m[48;2;197;156;106m▀[0m[38;2;16;16;16m[48;2;197;156;106m▀[0m[38;2;90;0;8m[48;2;172;65;90m▀[0m[38;2;90;0;8m[48;2;16;16;16m▀[0m[38;2;90;0;8m▀[0m[38;2;90;0;8m[48;2;16;16;16m▀[0m[38;2;16;16;16m[48;2;123;16;41m▀[0m[38;2;16;16;16m[48;2;16;16;16m▀[0m[38;2;172;65;90m[48;2;172;65;90m▀[0m[38;2;197;156;106m[48;2;197;156;106m▀[0m[38;2;172;65;90m[48;2;197;156;106m▀[0m[38;2;16;16;16m[48;2;172;65;90m▀[0m[38;2;16;16;16m▄[0m      
           [38;2;16;16;16m[48;2;16;16;16m▀[0m[38;2;197;156;106m[48;2;172;65;90m▀[0m[38;2;172;65;90m[48;2;123;16;41m▀[0m[38;2;197;156;106m[48;2;197;156;106m▀[0m[38;2;16;16;16m[48;2;16;16;16m▀[0m  [38;2;16;16;16m[48;2;16;16;16m▀[0m[38;2;123;16;41m[48;2;123;16;41m▀[0m[38;2;123;16;41m[48;2;123;16;41m▀[0m[38;2;16;16;16m[48;2;16;16;16m▀[0m[38;2;197;156;106m[48;2;197;156;106m▀[0m[38;2;172;65;90m[48;2;123;16;41m▀[0m[38;2;172;65;90m[48;2;172;65;90m▀[0m[38;2;16;16;16m[48;2;16;16;16m▀[0m      
            [38;2;16;16;16m▀[0m[38;2;16;16;16m▀[0m[38;2;16;16;16m▀[0m [38;2;16;16;16m▄[0m[38;2;16;16;16m[48;2;123;16;41m▀[0m[38;2;123;16;41m[48;2;172;65;90m▀[0m[38;2;172;65;90m[48;2;172;65;90m▀[0m[38;2;172;65;90m[48;2;172;65;90m▀[0m[38;2;16;16;16m[48;2;123;16;41m▀[0m[38;2;16;16;16m[48;2;16;16;16m▀[0m[38;2;16;16;16m▀[0m[38;2;16;16;16m▀[0m       
               [38;2;123;16;41m▄[0m[38;2;16;16;16m[48;2;172;65;90m▀[0m[38;2;123;16;41m[48;2;255;213;131m▀[0m[38;2;172;65;90m[48;2;255;213;131m▀[0m[38;2;172;65;90m[48;2;222;189;131m▀[0m[38;2;172;65;90m[48;2;172;65;90m▀[0m[38;2;123;16;41m[48;2;172;65;90m▀[0m[38;2;16;16;16m[48;2;16;16;16m▀[0m         
              [38;2;123;16;41m▄[0m[38;2;123;16;41m[48;2;246;238;172m▀[0m[38;2;255;213;131m[48;2;246;238;172m▀[0m[38;2;246;238;172m[48;2;246;238;172m▀[0m[38;2;246;238;172m[48;2;246;238;172m▀[0m[38;2;255;213;131m[48;2;246;238;172m▀[0m[38;2;222;189;131m[48;2;255;213;131m▀[0m[38;2;222;189;131m[48;2;222;189;131m▀[0m[38;2;16;16;16m[48;2;172;65;90m▀[0m[38;2;16;16;16m▄[0m        
         [38;2;90;0;8m▄[0m[38;2;90;0;8m▄[0m[38;2;90;0;8m▄[0m[38;2;123;16;41m[48;2;172;65;90m▀[0m[38;2;123;16;41m[48;2;172;65;90m▀[0m[38;2;172;65;90m[48;2;172;65;90m▀[0m[38;2;172;65;90m[48;2;172;65;90m▀[0m[38;2;172;65;90m[48;2;172;65;90m▀[0m[38;2;172;65;90m[48;2;172;65;90m▀[0m[38;2;222;189;131m[48;2;172;65;90m▀[0m[38;2;246;238;172m[48;2;172;65;90m▀[0m[38;2;255;213;131m[48;2;197;156;106m▀[0m[38;2;222;189;131m[48;2;222;189;131m▀[0m[38;2;222;189;131m[48;2;222;189;131m▀[0m[38;2;16;16;16m[48;2;16;16;16m▀[0m        
    [38;2;90;0;8m▄[0m[38;2;90;0;8m▄[0m[38;2;90;0;8m[48;2;172;65;90m▀[0m[38;2;90;0;8m[48;2;172;65;90m▀[0m[38;2;90;0;8m[48;2;172;65;90m▀[0m[38;2;222;189;131m[48;2;172;65;90m▀[0m[38;2;246;238;172m[48;2;172;65;90m▀[0m[38;2;246;238;172m[48;2;172;65;90m▀[0m[38;2;246;238;172m[48;2;246;238;172m▀[0m[38;2;246;238;172m[48;2;246;238;172m▀[0m[38;2;222;189;131m[48;2;246;238;172m▀[0m[38;2;172;65;90m[48;2;246;238;172m▀[0m[38;2;172;65;90m[48;2;222;189;131m▀[0m[38;2;172;65;90m[48;2;123;16;41m▀[0m[38;2;172;65;90m[48;2;123;16;41m▀[0m[38;2;123;16;41m[48;2;123;16;41m▀[0m[38;2;123;16;41m[48;2;123;16;41m▀[0m[38;2;172;65;90m[48;2;123;16;41m▀[0m[38;2;222;189;131m[48;2;172;65;90m▀[0m[38;2;16;16;16m[48;2;16;16;16m▀[0m        
  [38;2;90;0;8m▄[0m[38;2;90;0;8m[48;2;172;65;90m▀[0m[38;2;172;65;90m[48;2;172;65;90m▀[0m[38;2;172;65;90m[48;2;172;65;90m▀[0m[38;2;172;65;90m[48;2;172;65;90m▀[0m[38;2;172;65;90m[48;2;172;65;90m▀[0m[38;2;172;65;90m[48;2;172;65;90m▀[0m[38;2;172;65;90m[48;2;172;65;90m▀[0m[38;2;172;65;90m[48;2;172;65;90m▀[0m[38;2;172;65;90m[48;2;172;65;90m▀[0m[38;2;172;65;90m[48;2;172;65;90m▀[0m[38;2;172;65;90m[48;2;123;16;41m▀[0m[38;2;246;238;172m[48;2;123;16;41m▀[0m[38;2;246;238;172m[48;2;255;213;131m▀[0m[38;2;255;213;131m[48;2;222;189;131m▀[0m[38;2;222;189;131m[48;2;222;189;131m▀[0m[38;2;123;16;41m[48;2;172;65;90m▀[0m[38;2;123;16;41m[48;2;123;16;41m▀[0m[38;2;123;16;41m[48;2;123;16;41m▀[0m[38;2;123;16;41m[48;2;123;16;41m▀[0m[38;2;123;16;41m[48;2;123;16;41m▀[0m[38;2;16;16;16m[48;2;16;16;16m▀[0m        
 [38;2;90;0;8m[48;2;90;0;8m▀[0m[38;2;123;16;41m[48;2;123;16;41m▀[0m[38;2;123;16;41m[48;2;255;213;131m▀[0m[38;2;197;156;106m[48;2;246;238;172m▀[0m[38;2;246;238;172m[48;2;246;238;172m▀[0m[38;2;246;238;172m[48;2;246;238;172m▀[0m[38;2;246;238;172m[48;2;246;238;172m▀[0m[38;2;255;213;131m[48;2;246;238;172m▀[0m[38;2;197;156;106m[48;2;255;213;131m▀[0m[38;2;172;65;90m[48;2;255;213;131m▀[0m[38;2;123;16;41m[48;2;123;16;41m▀[0m[38;2;123;16;41m[48;2;123;16;41m▀[0m[38;2;123;16;41m[48;2;123;16;41m▀[0m[38;2;123;16;41m[48;2;123;16;41m▀[0m[38;2;123;16;41m[48;2;123;16;41m▀[0m[38;2;222;189;131m[48;2;222;189;131m▀[0m[38;2;222;189;131m[48;2;222;189;131m▀[0m[38;2;222;189;131m[48;2;222;189;131m▀[0m[38;2;123;16;41m[48;2;172;65;90m▀[0m[38;2;123;16;41m[48;2;123;16;41m▀[0m[38;2;123;16;41m[48;2;123;16;41m▀[0m[38;2;16;16;16m[48;2;16;16;16m▀[0m         
[38;2;16;16;16m[48;2;16;16;16m▀[0m[38;2;123;16;41m[48;2;123;16;41m▀[0m[38;2;197;156;106m[48;2;255;213;131m▀[0m[38;2;255;213;131m[48;2;255;213;131m▀[0m[38;2;246;238;172m[48;2;255;213;131m▀[0m[38;2;246;238;172m[48;2;246;238;172m▀[0m[38;2;246;238;172m[48;2;246;238;172m▀[0m[38;2;246;238;172m[48;2;246;238;172m▀[0m[38;2;246;238;172m[48;2;255;213;131m▀[0m[38;2;255;213;131m[48;2;255;213;131m▀[0m[38;2;255;213;131m[48;2;255;213;131m▀[0m[38;2;197;156;106m[48;2;255;213;131m▀[0m[38;2;123;16;41m[48;2;123;16;41m▀[0m[38;2;123;16;41m[48;2;123;16;41m▀[0m[38;2;123;16;41m[48;2;123;16;41m▀[0m[38;2;123;16;41m[48;2;123;16;41m▀[0m[38;2;123;16;41m[48;2;123;16;41m▀[0m[38;2;222;189;131m[48;2;197;156;106m▀[0m[38;2;197;156;106m[48;2;197;156;106m▀[0m[38;2;197;156;106m[48;2;197;156;106m▀[0m[38;2;123;16;41m[48;2;123;16;41m▀[0m[38;2;123;16;41m[48;2;16;16;16m▀[0m[38;2;16;16;16m▀[0m         
[38;2;16;16;16m[48;2;16;16;16m▀[0m[38;2;123;16;41m[48;2;123;16;41m▀[0m[38;2;255;213;131m[48;2;255;213;131m▀[0m[38;2;255;213;131m[48;2;255;213;131m▀[0m[38;2;255;213;131m[48;2;255;213;131m▀[0m[38;2;255;213;131m[48;2;255;213;131m▀[0m[38;2;255;213;131m[48;2;255;213;131m▀[0m[38;2;255;213;131m[48;2;255;213;131m▀[0m[38;2;255;213;131m[48;2;255;213;131m▀[0m[38;2;255;213;131m[48;2;255;213;131m▀[0m[38;2;255;213;131m[48;2;255;213;131m▀[0m[38;2;255;213;131m[48;2;255;213;131m▀[0m[38;2;123;16;41m[48;2;123;16;41m▀[0m[38;2;123;16;41m[48;2;123;16;41m▀[0m[38;2;123;16;41m[48;2;123;16;41m▀[0m[38;2;123;16;41m[48;2;123;16;41m▀[0m[38;2;123;16;41m[48;2;123;16;41m▀[0m[38;2;197;156;106m[48;2;197;156;106m▀[0m[38;2;197;156;106m[48;2;197;156;106m▀[0m[38;2;172;65;90m[48;2;123;16;41m▀[0m[38;2;123;16;41m[48;2;16;16;16m▀[0m[38;2;16;16;16m▀[0m          
 [38;2;16;16;16m[48;2;16;16;16m▀[0m[38;2;197;156;106m[48;2;123;16;41m▀[0m[38;2;255;213;131m[48;2;255;213;131m▀[0m[38;2;255;213;131m[48;2;255;213;131m▀[0m[38;2;255;213;131m[48;2;255;213;131m▀[0m[38;2;255;213;131m[48;2;255;213;131m▀[0m[38;2;255;213;131m[48;2;255;213;131m▀[0m[38;2;255;213;131m[48;2;255;213;131m▀[0m[38;2;255;213;131m[48;2;255;213;131m▀[0m[38;2;255;213;131m[48;2;255;213;131m▀[0m[38;2;197;156;106m[48;2;123;16;41m▀[0m[38;2;123;16;41m[48;2;123;16;41m▀[0m[38;2;123;16;41m[48;2;123;16;41m▀[0m[38;2;123;16;41m[48;2;123;16;41m▀[0m[38;2;123;16;41m[48;2;123;16;41m▀[0m[38;2;123;16;41m[48;2;172;65;90m▀[0m[38;2;197;156;106m[48;2;197;156;106m▀[0m[38;2;172;65;90m[48;2;16;16;16m▀[0m[38;2;16;16;16m▀[0m            
  [38;2;16;16;16m▀[0m[38;2;123;16;41m[48;2;16;16;16m▀[0m[38;2;197;156;106m[48;2;16;16;16m▀[0m[38;2;255;213;131m[48;2;123;16;41m▀[0m[38;2;255;213;131m[48;2;123;16;41m▀[0m[38;2;255;213;131m[48;2;123;16;41m▀[0m[38;2;255;213;131m[48;2;123;16;41m▀[0m[38;2;197;156;106m[48;2;123;16;41m▀[0m[38;2;123;16;41m[48;2;123;16;41m▀[0m[38;2;123;16;41m[48;2;123;16;41m▀[0m[38;2;123;16;41m[48;2;123;16;41m▀[0m[38;2;123;16;41m[48;2;123;16;41m▀[0m[38;2;123;16;41m[48;2;16;16;16m▀[0m[38;2;123;16;41m[48;2;16;16;16m▀[0m[38;2;172;65;90m[48;2;16;16;16m▀[0m[38;2;16;16;16m▀[0m              
     [38;2;16;16;16m▀[0m[38;2;16;16;16m▀[0m[38;2;16;16;16m▀[0m[38;2;16;16;16m▀[0m[38;2;16;16;16m▀[0m[38;2;16;16;16m▀[0m[38;2;16;16;16m▀[0m[38;2;16;16;16m▀[0m[38;2;16;16;16m▀[0m                  
[0m