                  [38;2;32;49;74m▄[0m[38;2;32;49;74m[48;2;41;156;172m▀[0m[38;2;32;49;74m[48;2;32;49;74m▀[0m                         
                 [38;2;32;49;74m[48;2;32;49;74m▀[0m[38;2;255;148;0m[48;2;255;148;0m▀[0m[38;2;32;49;74m[48;2;32;49;74m▀[0m                          
        [38;2;32;49;74m▄[0m[38;2;32;49;74m▄[0m[38;2;32;49;74m[48;2;41;156;172m▀[0m[38;2;32;49;74m[48;2;41;156;172m▀[0m[38;2;32;49;74m[48;2;41;156;172m▀[0m[38;2;32;49;74m[48;2;41;156;172m▀[0m[38;2;32;49;74m[48;2;41;156;172m▀[0m[38;2;32;49;74m[48;2;41;156;172m▀[0m[38;2;139;106;57m[48;2;32;49;74m▀[0m[38;2;255;148;0m[48;2;32;49;74m▀[0m[38;2;255;148;0m[48;2;255;148;0m▀[0m[38;2;32;49;74m[48;2;41;156;172m▀[0m[38;2;32;49;74m▄[0m                         
      [38;2;32;90;164m▄[0m[38;2;32;49;74m[48;2;41;156;172m▀[0m[38;2;41;156;172m[48;2;41;156;172m▀[0m[38;2;41;156;172m[48;2;41;156;172m▀[0m[38;2;41;156;172m[48;2;41;156;172m▀[0m[38;2;41;156;172m[48;2;41;156;172m▀[0m[38;2;41;156;172m[48;2;41;156;172m▀[0m[38;2;41;156;172m[48;2;41;156;172m▀[0m[38;2;41;156;172m[48;2;41;156;172m▀[0m[38;2;41;156;172m[48;2;41;156;172m▀[0m[38;2;41;156;172m[48;2;41;156;172m▀[0m[38;2;41;156;172m[48;2;41;156;172m▀[0m[38;2;32;49;74m[48;2;41;156;172m▀[0m[38;2;41;156;172m[48;2;41;156;172m▀[0m[38;2;32;49;74m[48;2;32;49;74m▀[0m                         
     [38;2;32;90;164m▄[0m[38;2;32;90;164m[48;2;246;255;222m▀[0m[38;2;41;156;172m[48;2;32;90;164m▀[0m[38;2;41;156;172m[48;2;41;156;172m▀[0m[38;2;41;156;172m[48;2;41;156;172m▀[0m[38;2;41;156;172m[48;2;41;156;172m▀[0m[38;2;41;156;172m[48;2;0;0;0m▀[0m[38;2;41;156;172m[48;2;0;0;0m▀[0m[38;2;0;0;0m[48;2;255;255;255m▀[0m[38;2;0;0;0m[48;2;205;205;164m▀[0m[38;2;32;49;74m[48;2;246;255;222m▀[0m[38;2;32;90;164m[48;2;246;255;222m▀[0m[38;2;41;156;172m[48;2;32;49;74m▀[0m[38;2;41;156;172m[48;2;41;156;172m▀[0m[38;2;41;156;172m[48;2;41;156;172m▀[0m[38;2;32;49;74m[48;2;41;156;172m▀[0m[38;2;32;49;74m▄[0m                        
    [38;2;32;90;164m▄[0m[38;2;32;90;164m[48;2;246;255;222m▀[0m[38;2;246;255;222m[48;2;32;49;74m▀[0m[38;2;32;90;164m[48;2;41;156;172m▀[0m[38;2;41;156;172m[48;2;41;156;172m▀[0m[38;2;41;156;172m[48;2;0;0;0m▀[0m[38;2;0;0;0m[48;2;148;0;16m▀[0m[38;2;148;0;16m[48;2;255;0;0m▀[0m[38;2;255;0;0m[48;2;255;0;0m▀[0m[38;2;255;255;255m[48;2;255;255;255m▀[0m[38;2;205;205;164m[48;2;205;205;164m▀[0m[38;2;246;255;222m[48;2;246;255;222m▀[0m[38;2;246;255;222m[48;2;246;255;222m▀[0m[38;2;246;255;222m[48;2;246;255;222m▀[0m[38;2;32;49;74m[48;2;32;49;74m▀[0m[38;2;41;156;172m[48;2;41;156;172m▀[0m[38;2;41;156;172m[48;2;41;156;172m▀[0m[38;2;32;49;74m[48;2;32;49;74m▀[0m                        
  [38;2;139;106;57m▄[0m[38;2;139;106;57m[48;2;246;255;222m▀[0m[38;2;205;205;164m[48;2;246;255;222m▀[0m[38;2;246;255;222m[48;2;246;255;222m▀[0m[38;2;32;49;74m[48;2;246;255;222m▀[0m[38;2;41;156;172m[48;2;32;49;74m▀[0m[38;2;32;90;164m[48;2;32;90;164m▀[0m[38;2;255;255;255m[48;2;255;0;0m▀[0m[38;2;0;0;0m[48;2;148;0;16m▀[0m[38;2;255;0;0m[48;2;148;0;16m▀[0m[38;2;148;0;16m[48;2;246;255;222m▀[0m[38;2;205;205;164m[48;2;246;255;222m▀[0m[38;2;246;255;222m[48;2;246;255;222m▀[0m[38;2;246;255;222m[48;2;246;255;222m▀[0m[38;2;246;255;222m[48;2;246;255;222m▀[0m[38;2;246;255;222m[48;2;246;255;222m▀[0m[38;2;32;49;74m[48;2;32;49;74m▀[0m[38;2;41;156;172m[48;2;32;90;164m▀[0m[38;2;32;90;164m[48;2;32;90;164m▀[0m[38;2;32;49;74m[48;2;32;49;74m▀[0m                        
[38;2;0;0;0m▄[0m[38;2;139;106;57m[48;2;246;255;222m▀[0m[38;2;246;255;222m[48;2;246;255;222m▀[0m[38;2;246;255;222m[48;2;205;205;164m▀[0m[38;2;246;255;222m[48;2;246;255;222m▀[0m[38;2;246;255;222m[48;2;246;255;222m▀[0m[38;2;246;255;222m[48;2;246;255;222m▀[0m[38;2;246;255;222m[48;2;246;255;222m▀[0m[38;2;32;49;74m[48;2;246;255;222m▀[0m[38;2;246;255;222m[48;2;246;255;222m▀[0m[38;2;246;255;222m[48;2;246;255;222m▀[0m[38;2;246;255;222m[48;2;246;255;222m▀[0m[38;2;246;255;222m[48;2;246;255;222m▀[0m[38;2;246;255;222m[48;2;246;255;222m▀[0m[38;2;246;255;222m[48;2;246;255;222m▀[0m[38;2;246;255;222m[48;2;205;205;164m▀[0m[38;2;205;205;164m[48;2;205;205;164m▀[0m[38;2;32;49;74m[48;2;32;49;74m▀[0m[38;2;32;90;164m[48;2;32;90;164m▀[0m[38;2;32;90;164m[48;2;32;90;164m▀[0m[38;2;32;90;164m[48;2;0;0;0m▀[0m[38;2;32;49;74m▀[0m                        
 [38;2;0;0;0m▀[0m[38;2;139;106;57m▀[0m[38;2;246;255;222m[48;2;0;0;0m▀[0m[38;2;246;255;222m[48;2;0;0;0m▀[0m[38;2;246;255;222m[48;2;0;0;0m▀[0m[38;2;246;255;222m[48;2;139;106;57m▀[0m[38;2;246;255;222m[48;2;205;205;164m▀[0m[38;2;246;255;222m[48;2;139;106;57m▀[0m[38;2;205;205;164m[48;2;139;106;57m▀[0m[38;2;139;106;57m[48;2;205;205;164m▀[0m[38;2;246;255;222m[48;2;205;205;164m▀[0m[38;2;246;255;222m[48;2;205;205;164m▀[0m[38;2;205;205;164m[48;2;205;205;164m▀[0m[38;2;205;205;164m[48;2;205;205;164m▀[0m[38;2;205;205;164m[48;2;205;205;164m▀[0m[38;2;32;49;74m[48;2;32;49;74m▀[0m[38;2;32;90;164m[48;2;32;90;164m▀[0m[38;2;32;90;164m[48;2;32;90;164m▀[0m[38;2;32;90;164m[48;2;0;0;0m▀[0m[38;2;0;0;0m▀[0m                         
       [38;2;0;0;0m▀[0m[38;2;0;0;0m▀[0m[38;2;0;0;0m▀[0m[38;2;0;0;0m▀[0m[38;2;205;205;164m[48;2;0;0;0m▀[0m[38;2;205;205;164m[48;2;205;205;164m▀[0m[38;2;205;205;164m[48;2;205;205;164m▀[0m[38;2;205;205;164m[48;2;205;205;164m▀[0m[38;2;32;49;74m[48;2;32;49;74m▀[0m[38;2;32;90;164m[48;2;32;90;164m▀[0m[38;2;32;90;164m[48;2;32;90;164m▀[0m[38;2;0;0;0m[48;2;0;0;0m▀[0m                           
          [38;2;139;106;57m▄[0m[38;2;0;0;0m[48;2;205;205;164m▀[0m[38;2;205;205;164m[48;2;205;205;164m▀[0m[38;2;205;205;164m[48;2;205;205;164m▀[0m[38;2;205;205;164m[48;2;32;49;74m▀[0m[38;2;32;49;74m[48;2;32;90;164m▀[0m[38;2;32;90;164m[48;2;32;90;164m▀[0m[38;2;0;0;0m[48;2;0;0;0m▀[0m                            
        [38;2;139;106;57m▄[0m[38;2;139;106;57m▄[0m[38;2;139;106;57m[48;2;205;205;164m▀[0m[38;2;205;205;164m[48;2;246;255;222m▀[0m[38;2;205;205;164m[48;2;246;255;222m▀[0m[38;2;246;255;222m[48;2;246;255;222m▀[0m[38;2;32;49;74m[48;2;139;106;57m▀[0m[38;2;32;90;164m[48;2;139;106;57m▀[0m[38;2;139;106;57m[48;2;255;148;0m▀[0m[38;2;139;106;57m[48;2;255;148;0m▀[0m[38;2;139;106;57m[48;2;255;148;0m▀[0m[38;2;139;106;57m[48;2;255;148;0m▀[0m[38;2;139;106;57m[48;2;255;148;0m▀[0m[38;2;139;106;57m▄[0m                        
      [38;2;139;106;57m▄[0m[38;2;139;106;57m[48;2;255;148;0m▀[0m[38;2;255;148;0m[48;2;139;106;57m▀[0m[38;2;139;106;57m[48;2;246;255;222m▀[0m[38;2;246;255;222m[48;2;246;255;222m▀[0m[38;2;246;255;222m[48;2;139;106;57m▀[0m[38;2;139;106;57m[48;2;255;148;0m▀[0m[38;2;139;106;57m[48;2;255;148;0m▀[0m[38;2;255;148;0m[48;2;255;148;0m▀[0m[38;2;255;148;0m[48;2;255;148;0m▀[0m[38;2;255;148;0m[48;2;0;0;0m▀[0m[38;2;255;148;0m[48;2;0;0;0m▀[0m[38;2;0;0;0m▀[0m[38;2;0;0;0m▀[0m[38;2;0;0;0m▀[0m[38;2;255;148;0m[48;2;0;0;0m▀[0m[38;2;139;106;57m[48;2;139;106;57m▀[0m                       
     [38;2;139;106;57m▄[0m[38;2;139;106;57m[48;2;255;148;0m▀[0m[38;2;255;148;0m[48;2;139;106;57m▀[0m[38;2;139;106;57m[48;2;246;255;222m▀[0m[38;2;246;255;222m[48;2;139;106;57m▀[0m[38;2;139;106;57m[48;2;255;148;0m▀[0m[38;2;255;148;0m[48;2;255;148;0m▀[0m[38;2;255;148;0m[48;2;255;148;0m▀[0m[38;2;255;148;0m[48;2;255;148;0m▀[0m[38;2;255;148;0m[48;2;0;0;0m▀[0m[38;2;0;0;0m[48;2;32;90;164m▀[0m[38;2;32;49;74m[48;2;32;49;74m▀[0m     [38;2;0;0;0m▀[0m                       
     [38;2;139;106;57m[48;2;139;106;57m▀[0m[38;2;255;148;0m[48;2;255;148;0m▀[0m[38;2;139;106;57m[48;2;139;106;57m▀[0m[38;2;139;106;57m[48;2;255;148;0m▀[0m[38;2;255;148;0m[48;2;255;148;0m▀[0m[38;2;255;148;0m[48;2;255;148;0m▀[0m[38;2;255;148;0m[48;2;255;148;0m▀[0m[38;2;255;148;0m[48;2;139;106;57m▀[0m[38;2;0;0;0m[48;2;32;90;164m▀[0m[38;2;32;90;164m[48;2;41;156;172m▀[0m[38;2;32;90;164m[48;2;32;49;74m▀[0m[38;2;32;49;74m▀[0m                             
    [38;2;139;106;57m[48;2;139;106;57m▀[0m[38;2;255;148;0m[48;2;255;148;0m▀[0m[38;2;139;106;57m[48;2;139;106;57m▀[0m[38;2;139;106;57m[48;2;255;148;0m▀[0m[38;2;255;148;0m[48;2;255;148;0m▀[0m[38;2;255;148;0m[48;2;139;106;57m▀[0m[38;2;139;106;57m[48;2;246;255;222m▀[0m[38;2;139;106;57m[48;2;246;255;222m▀[0m[38;2;246;255;222m[48;2;32;90;164m▀[0m[38;2;32;90;164m[48;2;41;156;172m▀[0m[38;2;41;156;172m[48;2;41;156;172m▀[0m[38;2;32;49;74m[48;2;32;49;74m▀[0m                              
  [38;2;32;49;74m▄[0m[38;2;32;49;74m▄[0m[38;2;139;106;57m[48;2;139;106;57m▀[0m[38;2;255;148;0m[48;2;255;148;0m▀[0m[38;2;255;148;0m[48;2;255;148;0m▀[0m[38;2;255;148;0m[48;2;139;106;57m▀[0m[38;2;139;106;57m[48;2;246;255;222m▀[0m[38;2;246;255;222m[48;2;246;255;222m▀[0m[38;2;246;255;222m[48;2;32;49;74m▀[0m[38;2;246;255;222m[48;2;32;49;74m▀[0m[38;2;32;90;164m[48;2;32;90;164m▀[0m[38;2;41;156;172m[48;2;41;156;172m▀[0m[38;2;41;156;172m[48;2;41;156;172m▀[0m[38;2;32;49;74m[48;2;32;49;74m▀[0m     [38;2;32;49;74m▄[0m[38;2;32;49;74m▄[0m                       
 [38;2;32;49;74m▀[0m[38;2;32;90;164m[48;2;32;49;74m▀[0m[38;2;32;90;164m[48;2;32;90;164m▀[0m[38;2;139;106;57m[48;2;205;205;164m▀[0m[38;2;255;148;0m[48;2;139;106;57m▀[0m[38;2;139;106;57m[48;2;246;255;222m▀[0m[38;2;246;255;222m[48;2;246;255;222m▀[0m[38;2;246;255;222m[48;2;32;49;74m▀[0m[38;2;32;49;74m[48;2;41;156;172m▀[0m[38;2;41;156;172m[48;2;32;49;74m▀[0m[38;2;41;156;172m[48;2;41;156;172m▀[0m[38;2;41;156;172m[48;2;32;49;74m▀[0m[38;2;32;49;74m[48;2;41;156;172m▀[0m[38;2;41;156;172m[48;2;41;156;172m▀[0m[38;2;32;49;74m[48;2;32;49;74m▀[0m[38;2;32;90;164m▄[0m[38;2;32;49;74m[48;2;41;156;172m▀[0m[38;2;32;49;74m▄[0m[38;2;32;49;74m[48;2;41;156;172m▀[0m[38;2;32;49;74m[48;2;41;156;172m▀[0m[38;2;41;156;172m[48;2;41;156;172m▀[0m[38;2;32;49;74m[48;2;32;49;74m▀[0m                       
 [38;2;32;49;74m[48;2;32;49;74m▀[0m[38;2;32;90;164m[48;2;32;90;164m▀[0m[38;2;139;106;57m[48;2;8;16;16m▀[0m[38;2;205;205;164m[48;2;246;255;222m▀[0m[38;2;246;255;222m[48;2;246;255;222m▀[0m[38;2;246;255;222m[48;2;246;255;222m▀[0m[38;2;246;255;222m[48;2;246;255;222m▀[0m[38;2;246;255;222m[48;2;32;49;74m▀[0m[38;2;32;49;74m[48;2;41;156;172m▀[0m[38;2;41;156;172m[48;2;32;90;164m▀[0m[38;2;41;156;172m[48;2;32;90;164m▀[0m[38;2;32;49;74m[48;2;246;255;222m▀[0m[38;2;41;156;172m[48;2;32;90;164m▀[0m[38;2;41;156;172m[48;2;41;156;172m▀[0m[38;2;41;156;172m[48;2;41;156;172m▀[0m[38;2;32;49;74m[48;2;32;49;74m▀[0m[38;2;41;156;172m[48;2;41;156;172m▀[0m[38;2;41;156;172m[48;2;41;156;172m▀[0m[38;2;41;156;172m[48;2;41;156;172m▀[0m[38;2;41;156;172m[48;2;41;156;172m▀[0m[38;2;32;49;74m[48;2;32;49;74m▀[0m   [38;2;32;49;74m▄[0m[38;2;32;49;74m[48;2;41;156;172m▀[0m[38;2;32;49;74m[48;2;32;49;74m▀[0m                  
 [38;2;32;90;164m▀[0m [38;2;8;16;16m[48;2;8;16;16m▀[0m[38;2;246;255;222m[48;2;246;255;222m▀[0m[38;2;246;255;222m[48;2;246;255;222m▀[0m[38;2;246;255;222m[48;2;246;255;222m▀[0m[38;2;246;255;222m[48;2;246;255;222m▀[0m[38;2;32;49;74m[48;2;32;90;164m▀[0m[38;2;32;90;164m[48;2;246;255;222m▀[0m[38;2;246;255;222m[48;2;246;255;222m▀[0m[38;2;32;49;74m[48;2;246;255;222m▀[0m[38;2;246;255;222m[48;2;246;255;222m▀[0m[38;2;32;90;164m[48;2;246;255;222m▀[0m[38;2;41;156;172m[48;2;32;90;164m▀[0m[38;2;41;156;172m[48;2;41;156;172m▀[0m[38;2;41;156;172m[48;2;41;156;172m▀[0m[38;2;32;49;74m[48;2;32;49;74m▀[0m[38;2;41;156;172m[48;2;41;156;172m▀[0m[38;2;41;156;172m[48;2;41;156;172m▀[0m[38;2;32;49;74m[48;2;41;156;172m▀[0m[38;2;32;49;74m▄[0m[38;2;32;49;74m▄[0m[38;2;32;49;74m[48;2;41;156;172m▀[0m[38;2;32;49;74m▄[0m[38;2;32;49;74m[48;2;41;156;172m▀[0m[38;2;41;156;172m[48;2;41;156;172m▀[0m[38;2;32;49;74m[48;2;32;49;74m▀[0m[38;2;32;49;74m▄[0m[38;2;32;49;74m▄[0m   [38;2;32;49;74m▄[0m[38;2;32;49;74m▄[0m[38;2;32;49;74m[48;2;32;90;164m▀[0m[38;2;32;49;74m[48;2;32;49;74m▀[0m  [38;2;32;49;74m▄[0m[38;2;32;49;74m▄[0m[38;2;32;49;74m▄[0m[38;2;32;49;74m▄[0m[38;2;32;49;74m▄[0m[38;2;32;49;74m▄[0m[38;2;32;49;74m▄[0m
   [38;2;8;16;16m[48;2;8;16;16m▀[0m[38;2;246;255;222m[48;2;205;205;164m▀[0m[38;2;246;255;222m[48;2;246;255;222m▀[0m[38;2;246;255;222m[48;2;246;255;222m▀[0m[38;2;246;255;222m[48;2;246;255;222m▀[0m[38;2;246;255;222m[48;2;246;255;222m▀[0m[38;2;246;255;222m[48;2;246;255;222m▀[0m[38;2;246;255;222m[48;2;246;255;222m▀[0m[38;2;246;255;222m[48;2;246;255;222m▀[0m[38;2;246;255;222m[48;2;246;255;222m▀[0m[38;2;246;255;222m[48;2;246;255;222m▀[0m[38;2;32;90;164m[48;2;246;255;222m▀[0m[38;2;41;156;172m[48;2;32;90;164m▀[0m[38;2;41;156;172m[48;2;41;156;172m▀[0m[38;2;41;156;172m[48;2;41;156;172m▀[0m[38;2;32;49;74m[48;2;41;156;172m▀[0m[38;2;32;49;74m[48;2;32;49;74m▀[0m[38;2;32;49;74m▀[0m [38;2;32;49;74m[48;2;32;49;74m▀[0m[38;2;41;156;172m[48;2;41;156;172m▀[0m[38;2;41;156;172m[48;2;41;156;172m▀[0m[38;2;41;156;172m[48;2;32;90;164m▀[0m[38;2;32;90;164m[48;2;32;90;164m▀[0m[38;2;32;49;74m[48;2;32;90;164m▀[0m[38;2;32;90;164m[48;2;32;90;164m▀[0m[38;2;32;49;74m[48;2;32;49;74m▀[0m [38;2;32;49;74m▄[0m[38;2;32;49;74m[48;2;32;90;164m▀[0m[38;2;32;90;164m[48;2;32;90;164m▀[0m[38;2;32;90;164m[48;2;32;90;164m▀[0m[38;2;32;90;164m[48;2;32;49;74m▀[0m[38;2;32;49;74m[48;2;32;90;164m▀[0m[38;2;32;49;74m[48;2;41;156;172m▀[0m[38;2;32;49;74m[48;2;41;156;172m▀[0m[38;2;41;156;172m[48;2;41;156;172m▀[0m[38;2;41;156;172m[48;2;41;156;172m▀[0m[38;2;41;156;172m[48;2;41;156;172m▀[0m[38;2;41;156;172m[48;2;41;156;172m▀[0m[38;2;41;156;172m[48;2;41;156;172m▀[0m[38;2;41;156;172m[48;2;32;49;74m▀[0m[38;2;32;49;74m▀[0m
    [38;2;8;16;16m[48;2;8;16;16m▀[0m[38;2;246;255;222m[48;2;205;205;164m▀[0m[38;2;246;255;222m[48;2;139;106;57m▀[0m[38;2;139;106;57m[48;2;246;255;222m▀[0m[38;2;246;255;222m[48;2;139;106;57m▀[0m[38;2;246;255;222m[48;2;246;255;222m▀[0m[38;2;246;255;222m[48;2;246;255;222m▀[0m[38;2;246;255;222m[48;2;246;255;222m▀[0m[38;2;246;255;222m[48;2;246;255;222m▀[0m[38;2;246;255;222m[48;2;246;255;222m▀[0m[38;2;246;255;222m[48;2;246;255;222m▀[0m[38;2;205;205;164m[48;2;246;255;222m▀[0m[38;2;32;90;164m[48;2;139;106;57m▀[0m[38;2;41;156;172m[48;2;32;90;164m▀[0m[38;2;41;156;172m[48;2;32;90;164m▀[0m[38;2;41;156;172m[48;2;41;156;172m▀[0m[38;2;32;49;74m[48;2;41;156;172m▀[0m[38;2;32;49;74m[48;2;41;156;172m▀[0m[38;2;32;49;74m▄[0m[38;2;32;49;74m[48;2;32;49;74m▀[0m[38;2;32;90;164m[48;2;32;49;74m▀[0m[38;2;32;90;164m[48;2;32;90;164m▀[0m[38;2;32;90;164m[48;2;32;90;164m▀[0m[38;2;32;90;164m[48;2;32;49;74m▀[0m[38;2;32;49;74m[48;2;32;49;74m▀[0m[38;2;32;49;74m▄[0m[38;2;32;49;74m▄[0m[38;2;32;49;74m[48;2;32;90;164m▀[0m[38;2;32;49;74m[48;2;32;90;164m▀[0m[38;2;32;90;164m[48;2;32;90;164m▀[0m[38;2;32;90;164m[48;2;41;156;172m▀[0m[38;2;32;90;164m[48;2;41;156;172m▀[0m[38;2;41;156;172m[48;2;41;156;172m▀[0m[38;2;41;156;172m[48;2;41;156;172m▀[0m[38;2;41;156;172m[48;2;41;156;172m▀[0m[38;2;41;156;172m[48;2;41;156;172m▀[0m[38;2;41;156;172m[48;2;41;156;172m▀[0m[38;2;41;156;172m[48;2;32;49;74m▀[0m[38;2;41;156;172m[48;2;32;49;74m▀[0m[38;2;32;49;74m▀[0m  
     [38;2;8;16;16m▀[0m[38;2;139;106;57m[48;2;8;16;16m▀[0m[38;2;246;255;222m[48;2;205;205;164m▀[0m[38;2;246;255;222m[48;2;246;255;222m▀[0m[38;2;139;106;57m[48;2;246;255;222m▀[0m[38;2;139;106;57m[48;2;246;255;222m▀[0m[38;2;246;255;222m[48;2;139;106;57m▀[0m[38;2;246;255;222m[48;2;139;106;57m▀[0m[38;2;246;255;222m[48;2;139;106;57m▀[0m[38;2;139;106;57m[48;2;246;255;222m▀[0m[38;2;139;106;57m[48;2;246;255;222m▀[0m[38;2;246;255;222m[48;2;246;255;222m▀[0m[38;2;246;255;222m[48;2;246;255;222m▀[0m[38;2;246;255;222m[48;2;246;255;222m▀[0m[38;2;32;90;164m[48;2;246;255;222m▀[0m[38;2;32;90;164m[48;2;246;255;222m▀[0m[38;2;32;90;164m[48;2;246;255;222m▀[0m[38;2;41;156;172m[48;2;32;90;164m▀[0m[38;2;41;156;172m[48;2;32;90;164m▀[0m[38;2;41;156;172m[48;2;32;90;164m▀[0m[38;2;41;156;172m[48;2;32;90;164m▀[0m[38;2;32;90;164m[48;2;32;90;164m▀[0m[38;2;32;90;164m[48;2;32;90;164m▀[0m[38;2;32;90;164m[48;2;205;205;164m▀[0m[38;2;32;90;164m[48;2;205;205;164m▀[0m[38;2;32;90;164m[48;2;205;205;164m▀[0m[38;2;32;90;164m[48;2;205;205;164m▀[0m[38;2;32;49;74m[48;2;8;16;16m▀[0m[38;2;41;156;172m[48;2;32;90;164m▀[0m[38;2;41;156;172m[48;2;41;156;172m▀[0m[38;2;41;156;172m[48;2;41;156;172m▀[0m[38;2;41;156;172m[48;2;41;156;172m▀[0m[38;2;41;156;172m[48;2;41;156;172m▀[0m[38;2;41;156;172m[48;2;41;156;172m▀[0m[38;2;32;49;74m[48;2;41;156;172m▀[0m[38;2;32;49;74m[48;2;41;156;172m▀[0m[38;2;32;49;74m[48;2;41;156;172m▀[0m[38;2;32;49;74m▄[0m[38;2;32;49;74m▄[0m  
       [38;2;8;16;16m▀[0m[38;2;205;205;164m[48;2;8;16;16m▀[0m[38;2;205;205;164m[48;2;205;205;164m▀[0m[38;2;246;255;222m[48;2;205;205;164m▀[0m[38;2;246;255;222m[48;2;205;205;164m▀[0m[38;2;246;255;222m[48;2;246;255;222m▀[0m[38;2;246;255;222m[48;2;246;255;222m▀[0m[38;2;246;255;222m[48;2;246;255;222m▀[0m[38;2;246;255;222m[48;2;246;255;222m▀[0m[38;2;246;255;222m[48;2;205;205;164m▀[0m[38;2;246;255;222m[48;2;205;205;164m▀[0m[38;2;246;255;222m[48;2;205;205;164m▀[0m[38;2;246;255;222m[48;2;205;205;164m▀[0m[38;2;205;205;164m[48;2;205;205;164m▀[0m[38;2;205;205;164m[48;2;205;205;164m▀[0m[38;2;205;205;164m[48;2;205;205;164m▀[0m[38;2;205;205;164m[48;2;205;205;164m▀[0m[38;2;205;205;164m[48;2;205;205;164m▀[0m[38;2;205;205;164m[48;2;205;205;164m▀[0m[38;2;205;205;164m[48;2;205;205;164m▀[0m[38;2;205;205;164m[48;2;205;205;164m▀[0m[38;2;205;205;164m[48;2;8;16;16m▀[0m[38;2;205;205;164m[48;2;8;16;16m▀[0m[38;2;8;16;16m▀[0m[38;2;8;16;16m▀[0m [38;2;32;49;74m▀[0m[38;2;41;156;172m[48;2;32;49;74m▀[0m[38;2;41;156;172m[48;2;32;49;74m▀[0m[38;2;41;156;172m[48;2;41;156;172m▀[0m[38;2;41;156;172m[48;2;41;156;172m▀[0m[38;2;41;156;172m[48;2;41;156;172m▀[0m[38;2;41;156;172m[48;2;41;156;172m▀[0m[38;2;41;156;172m[48;2;41;156;172m▀[0m[38;2;41;156;172m[48;2;32;49;74m▀[0m[38;2;41;156;172m[48;2;32;49;74m▀[0m[38;2;41;156;172m[48;2;32;49;74m▀[0m[38;2;32;49;74m▀[0m 
         [38;2;8;16;16m▀[0m[38;2;8;16;16m▀[0m[38;2;205;205;164m[48;2;8;16;16m▀[0m[38;2;205;205;164m[48;2;8;16;16m▀[0m[38;2;205;205;164m[48;2;8;16;16m▀[0m[38;2;205;205;164m[48;2;205;205;164m▀[0m[38;2;205;205;164m[48;2;205;205;164m▀[0m[38;2;205;205;164m[48;2;205;205;164m▀[0m[38;2;139;106;57m[48;2;8;16;16m▀[0m[38;2;205;205;164m[48;2;246;255;222m▀[0m[38;2;205;205;164m[48;2;205;205;164m▀[0m[38;2;205;205;164m[48;2;139;106;57m▀[0m[38;2;205;205;164m[48;2;205;205;164m▀[0m[38;2;205;205;164m[48;2;205;205;164m▀[0m[38;2;205;205;164m[48;2;139;106;57m▀[0m[38;2;205;205;164m[48;2;8;16;16m▀[0m[38;2;205;205;164m[48;2;8;16;16m▀[0m[38;2;8;16;16m▀[0m[38;2;8;16;16m▀[0m        [38;2;32;49;74m▀[0m[38;2;32;49;74m▀[0m[38;2;32;49;74m▀[0m[38;2;32;49;74m▀[0m[38;2;32;49;74m▀[0m     
            [38;2;139;106;57m[48;2;8;16;16m▀[0m[38;2;205;205;164m[48;2;205;205;164m▀[0m[38;2;8;16;16m[48;2;205;205;164m▀[0m[38;2;8;16;16m[48;2;139;106;57m▀[0m[38;2;8;16;16m▀[0m[38;2;8;16;16m[48;2;8;16;16m▀[0m[38;2;246;255;222m[48;2;246;255;222m▀[0m[38;2;246;255;222m[48;2;246;255;222m▀[0m[38;2;139;106;57m[48;2;246;255;222m▀[0m[38;2;8;16;16m[48;2;139;106;57m▀[0m[38;2;8;16;16m▀[0m                       
            [38;2;8;16;16m[48;2;8;16;16m▀[0m[38;2;205;205;164m[48;2;205;205;164m▀[0m[38;2;205;205;164m[48;2;205;205;164m▀[0m[38;2;139;106;57m[48;2;139;106;57m▀[0m  [38;2;8;16;16m[48;2;8;16;16m▀[0m[38;2;246;255;222m[48;2;246;255;222m▀[0m[38;2;246;255;222m[48;2;246;255;222m▀[0m[38;2;205;205;164m[48;2;246;255;222m▀[0m[38;2;139;106;57m[48;2;139;106;57m▀[0m                       
           [38;2;8;16;16m▄[0m[38;2;8;16;16m[48;2;246;255;222m▀[0m[38;2;246;255;222m[48;2;246;255;222m▀[0m[38;2;205;205;164m[48;2;8;16;16m▀[0m[38;2;8;16;16m▀[0m  [38;2;8;16;16m[48;2;8;16;16m▀[0m[38;2;246;255;222m[48;2;246;255;222m▀[0m[38;2;246;255;222m[48;2;246;255;222m▀[0m[38;2;139;106;57m[48;2;8;16;16m▀[0m[38;2;8;16;16m▀[0m                       
           [38;2;139;106;57m▀[0m[38;2;8;16;16m▀[0m[38;2;8;16;16m▀[0m   [38;2;8;16;16m[48;2;8;16;16m▀[0m[38;2;246;255;222m[48;2;8;16;16m▀[0m[38;2;246;255;222m[48;2;8;16;16m▀[0m[38;2;8;16;16m▀[0m                         
[0m