          [38;2;91;78;22m▄[0m[38;2;105;90;32m[48;2;133;120;52m▀[0m[38;2;113;97;33m[48;2;164;155;84m▀[0m[38;2;105;90;31m[48;2;159;150;79m▀[0m[38;2;105;90;31m[48;2;159;150;79m▀[0m[38;2;105;90;31m[48;2;160;151;80m▀[0m[38;2;106;91;32m[48;2;152;142;73m▀[0m[38;2;105;90;31m[48;2;103;89;30m▀[0m[38;2;104;89;30m▄[0m                     
         [38;2;93;79;22m[48;2;95;78;22m▀[0m[38;2;162;149;75m[48;2;161;148;74m▀[0m[38;2;167;156;84m[48;2;207;198;118m▀[0m[38;2;100;84;27m[48;2;191;181;105m▀[0m[38;2;106;91;32m[48;2;192;182;106m▀[0m[38;2;106;91;32m[48;2;193;183;107m▀[0m[38;2;106;92;32m[48;2;185;175;100m▀[0m[38;2;107;92;32m[48;2;150;141;72m▀[0m[38;2;108;93;34m[48;2;154;145;75m▀[0m[38;2;156;146;76m[48;2;159;150;79m▀[0m[38;2;105;89;31m[48;2;105;90;31m▀[0m[38;2;85;85;0m[48;2;85;85;0m▀[0m                   
         [38;2;94;79;22m[48;2;94;79;22m▀[0m[38;2;159;146;73m[48;2;159;146;73m▀[0m[38;2;212;203;123m[48;2;211;202;122m▀[0m[38;2;206;197;118m[48;2;204;195;116m▀[0m[38;2;206;197;117m[48;2;204;195;116m▀[0m[38;2;207;198;118m[48;2;205;196;117m▀[0m[38;2;198;189;111m[48;2;196;187;110m▀[0m[38;2;158;149;79m[48;2;157;148;78m▀[0m[38;2;161;152;81m[48;2;161;152;81m▀[0m[38;2;158;149;78m[48;2;154;145;77m▀[0m[38;2;112;96;33m[48;2;24;21;10m▀[0m[38;2;85;85;0m[48;2;0;0;0m▀[0m                   
         [38;2;94;79;22m[48;2;94;79;22m▀[0m[38;2;159;146;73m[48;2;159;146;73m▀[0m[38;2;211;202;122m[48;2;211;202;122m▀[0m[38;2;204;195;116m[48;2;204;195;116m▀[0m[38;2;204;195;116m[48;2;204;195;116m▀[0m[38;2;205;196;117m[48;2;205;196;117m▀[0m[38;2;196;187;110m[48;2;196;187;110m▀[0m[38;2;157;148;78m[48;2;157;148;78m▀[0m[38;2;161;152;81m[48;2;161;152;81m▀[0m[38;2;153;144;77m[48;2;153;144;77m▀[0m[38;2;0;0;3m[48;2;3;3;4m▀[0m[38;2;0;0;0m[48;2;0;0;0m▀[0m                   
         [38;2;90;73;18m[48;2;128;117;52m▀[0m[38;2;157;143;71m[48;2;179;168;91m▀[0m[38;2;211;202;122m[48;2;211;202;122m▀[0m[38;2;204;195;116m[48;2;204;195;116m▀[0m[38;2;204;195;116m[48;2;204;195;116m▀[0m[38;2;205;196;117m[48;2;205;196;117m▀[0m[38;2;196;187;110m[48;2;196;187;110m▀[0m[38;2;157;148;78m[48;2;157;148;78m▀[0m[38;2;161;152;81m[48;2;161;152;81m▀[0m[38;2;153;144;77m[48;2;156;148;80m▀[0m[38;2;3;3;4m[48;2;0;0;2m▀[0m[38;2;0;0;0m[48;2;0;0;0m▀[0m                   
        [38;2;93;77;22m▄[0m[38;2;160;152;80m[48;2;165;155;81m▀[0m[38;2;178;169;91m[48;2;192;182;105m▀[0m[38;2;191;182;106m[48;2;180;171;96m▀[0m[38;2;209;200;120m[48;2;181;172;97m▀[0m[38;2;207;198;118m[48;2;181;172;97m▀[0m[38;2;208;199;119m[48;2;182;174;98m▀[0m[38;2;199;190;112m[48;2;172;162;90m▀[0m[38;2;161;153;81m[48;2;126;114;50m▀[0m[38;2;161;152;81m[48;2;129;117;53m▀[0m[38;2;124;111;50m[48;2;132;119;55m▀[0m[38;2;52;44;16m[48;2;140;127;58m▀[0m[38;2;108;93;32m▄[0m[38;2;127;85;42m▄[0m                  
        [38;2;93;79;21m[48;2;95;79;21m▀[0m[38;2;145;131;63m[48;2;129;114;51m▀[0m[38;2;181;170;95m[48;2;161;148;76m▀[0m[38;2;185;176;100m[48;2;183;174;99m▀[0m[38;2;176;167;93m[48;2;191;182;106m▀[0m[38;2;177;168;94m[48;2;190;181;105m▀[0m[38;2;178;169;94m[48;2;190;182;105m▀[0m[38;2;171;162;89m[48;2;187;177;102m▀[0m[38;2;145;132;66m[48;2;172;161;89m▀[0m[38;2;147;134;66m[48;2;171;159;87m▀[0m[38;2;139;128;61m[48;2;122;109;46m▀[0m[38;2;138;127;61m[48;2;122;109;47m▀[0m[38;2;108;93;32m[48;2;107;92;33m▀[0m[38;2;109;72;36m[48;2;127;63;0m▀[0m                  
        [38;2;95;79;21m▀[0m[38;2;154;142;72m[48;2;93;76;18m▀[0m[38;2;199;189;110m[48;2;110;97;39m▀[0m[38;2;189;180;103m[48;2;154;146;83m▀[0m[38;2;171;162;88m[48;2;187;179;107m▀[0m[38;2;176;167;92m[48;2;163;155;92m▀[0m[38;2;174;166;92m[48;2;182;171;96m▀[0m[38;2;166;156;85m[48;2;183;172;98m▀[0m[38;2;126;113;50m[48;2;182;172;97m▀[0m[38;2;119;105;43m[48;2;145;135;66m▀[0m[38;2;148;137;69m[48;2;116;102;40m▀[0m[38;2;148;138;68m[48;2;97;79;36m▀[0m[38;2;108;93;33m▀[0m[38;2;113;85;28m▀[0m                  
       [38;2;110;88;22m▄[0m[38;2;66;47;66m[48;2;56;40;44m▀[0m[38;2;127;109;50m[48;2;131;118;76m▀[0m[38;2;53;46;17m[48;2;103;98;53m▀[0m[38;2;64;61;35m[48;2;92;89;55m▀[0m[38;2;114;108;59m[48;2;132;126;76m▀[0m[38;2;10;8;2m[48;2;77;73;46m▀[0m[38;2;127;112;46m[48;2;228;218;131m▀[0m[38;2;117;102;41m[48;2;202;193;116m▀[0m[38;2;111;97;35m[48;2;148;139;77m▀[0m[38;2;119;106;43m[48;2;131;124;69m▀[0m[38;2;146;135;81m[48;2;54;38;46m▀[0m[38;2;55;41;47m[48;2;24;24;13m▀[0m[38;2;100;85;30m[48;2;121;105;41m▀[0m[38;2;100;85;31m▄[0m[38;2;103;89;27m▄[0m[38;2;0;0;0m▄[0m                
    [38;2;109;91;18m▄[0m[38;2;93;80;26m[48;2;112;98;38m▀[0m[38;2;88;78;19m[48;2;115;99;35m▀[0m[38;2;125;110;42m[48;2;175;164;91m▀[0m[38;2;58;51;21m[48;2;194;184;102m▀[0m[38;2;74;71;38m[48;2;80;76;41m▀[0m[38;2;187;177;100m[48;2;4;4;2m▀[0m[38;2;105;100;62m[48;2;12;11;8m▀[0m[38;2;47;46;29m[48;2;15;14;10m▀[0m[38;2;205;195;116m[48;2;7;7;6m▀[0m[38;2;185;177;105m[48;2;9;9;7m▀[0m[38;2;162;152;96m[48;2;5;5;5m▀[0m[38;2;49;34;42m[48;2;34;33;20m▀[0m[38;2;10;10;7m[48;2;170;160;84m▀[0m[38;2;24;25;13m[48;2;163;153;80m▀[0m[38;2;170;161;85m[48;2;160;151;80m▀[0m[38;2;164;156;84m[48;2;156;147;77m▀[0m[38;2;119;105;40m[48;2;162;154;82m▀[0m[38;2;123;107;40m[48;2;161;152;81m▀[0m[38;2;111;98;35m[48;2;126;111;44m▀[0m[38;2;85;85;0m[48;2;106;89;34m▀[0m[38;2;85;85;0m▄[0m              
    [38;2;97;82;25m▀[0m[38;2;183;173;97m[48;2;106;91;32m▀[0m[38;2;214;205;124m[48;2;106;90;30m▀[0m[38;2;139;126;61m[48;2;145;135;67m▀[0m[38;2;92;76;21m[48;2;124;111;48m▀[0m[38;2;163;151;80m[48;2;161;150;79m▀[0m[38;2;191;182;104m[48;2;159;147;77m▀[0m[38;2;180;171;95m[48;2;144;131;65m▀[0m[38;2;194;185;107m[48;2;173;162;89m▀[0m[38;2;174;164;90m[48;2;130;117;53m▀[0m[38;2;200;191;111m[48;2;186;176;100m▀[0m[38;2;169;160;87m[48;2;119;104;43m▀[0m[38;2;198;188;109m[48;2;197;187;110m▀[0m[38;2;99;84;27m[48;2;100;92;32m▀[0m[38;2;107;95;34m[48;2;93;157;73m▀[0m[38;2;158;149;78m[48;2;107;91;32m▀[0m[38;2;106;92;32m[48;2;160;151;80m▀[0m[38;2;157;148;77m[48;2;107;92;33m▀[0m[38;2;108;94;34m[48;2;158;148;78m▀[0m[38;2;155;145;76m[48;2;110;96;36m▀[0m[38;2;128;112;46m[48;2;153;143;74m▀[0m[38;2;102;83;26m[48;2;128;113;47m▀[0m[38;2;127;127;0m[48;2;99;82;24m▀[0m             
    [38;2;102;85;28m▄[0m[38;2;100;85;26m[48;2;147;137;67m▀[0m[38;2;151;140;70m[48;2;169;159;86m▀[0m[38;2;120;108;45m[48;2;122;109;48m▀[0m[38;2;168;157;85m[48;2;103;80;26m▀[0m[38;2;159;146;76m[48;2;107;144;66m▀[0m[38;2;94;77;22m[48;2;183;214;104m▀[0m[38;2;150;138;71m[48;2;196;159;70m▀[0m[38;2;174;163;90m[48;2;103;122;53m▀[0m[38;2;130;116;52m[48;2;109;165;80m▀[0m[38;2;187;177;101m[48;2;143;117;45m▀[0m[38;2;117;102;42m[48;2;228;198;92m▀[0m[38;2;199;189;111m[48;2;115;103;44m▀[0m[38;2;98;90;31m[48;2;196;186;109m▀[0m[38;2;93;161;76m[48;2;102;95;33m▀[0m[38;2;93;156;72m[48;2;93;159;75m▀[0m[38;2;106;91;32m[48;2;93;155;73m▀[0m[38;2;159;150;79m[48;2;107;93;33m▀[0m[38;2;108;94;34m[48;2;157;147;77m▀[0m[38;2;156;146;76m[48;2;111;97;37m▀[0m[38;2;113;99;38m[48;2;152;142;73m▀[0m[38;2;150;140;71m[48;2;112;98;38m▀[0m[38;2;130;115;48m[48;2;185;174;96m▀[0m[38;2;98;82;24m[48;2;99;88;60m▀[0m[38;2;5;0;8m▄[0m           
   [38;2;100;84;26m▄[0m[38;2;96;80;23m[48;2;191;179;100m▀[0m[38;2;163;148;75m[48;2;64;57;36m▀[0m[38;2;85;117;51m[48;2;27;66;22m▀[0m[38;2;180;172;76m[48;2;193;184;82m▀[0m[38;2;171;200;96m[48;2;174;211;105m▀[0m[38;2;127;182;104m[48;2;183;207;101m▀[0m[38;2;213;205;111m[48;2;227;204;110m▀[0m[38;2;198;207;97m[48;2;145;190;108m▀[0m[38;2;152;196;96m[48;2;166;206;100m▀[0m[38;2;225;207;105m[48;2;222;214;103m▀[0m[38;2;151;182;107m[48;2;122;191;104m▀[0m[38;2;119;178;84m[48;2;174;191;111m▀[0m[38;2;113;94;37m[48;2;210;180;81m▀[0m[38;2;211;201;119m[48;2;35;34;23m▀[0m[38;2;97;85;26m[48;2;192;182;105m▀[0m[38;2;92;162;76m[48;2;103;100;37m▀[0m[38;2;93;159;74m[48;2;93;157;73m▀[0m[38;2;93;153;71m[48;2;96;164;77m▀[0m[38;2;112;103;39m[48;2;10;10;4m▀[0m[38;2;150;140;71m[48;2;185;177;107m▀[0m[38;2;114;100;39m[48;2;115;100;38m▀[0m[38;2;180;170;95m[48;2;191;181;104m▀[0m[38;2;135;123;57m[48;2;127;113;50m▀[0m[38;2;172;161;88m[48;2;179;168;90m▀[0m[38;2;109;99;66m[48;2;109;99;68m▀[0m[38;2;14;7;14m[48;2;0;0;6m▀[0m          
  [38;2;99;85;26m▄[0m[38;2;92;75;19m[48;2;184;171;94m▀[0m[38;2;215;203;116m[48;2;78;75;45m▀[0m[38;2;51;45;32m[48;2;34;27;20m▀[0m[38;2;19;59;18m[48;2;44;88;28m▀[0m[38;2;200;185;82m[48;2;113;171;80m▀[0m[38;2;179;210;104m[48;2;205;216;104m▀[0m[38;2;119;197;98m[48;2;197;201;108m▀[0m[38;2;136;198;100m[48;2;134;190;106m▀[0m[38;2;116;193;101m[48;2;109;196;98m▀[0m[38;2;169;205;101m[48;2;173;206;101m▀[0m[38;2;215;213;102m[48;2;223;214;102m▀[0m[38;2;139;199;99m[48;2;109;194;98m▀[0m[38;2;245;215;109m[48;2;149;205;101m▀[0m[38;2;157;166;99m[48;2;108;164;88m▀[0m[38;2;10;9;8m[48;2;10;1;4m▀[0m[38;2;208;198;118m[48;2;220;210;124m▀[0m[38;2;105;90;31m[48;2;98;83;26m▀[0m[38;2;93;157;73m[48;2;92;162;76m▀[0m[38;2;94;159;74m[48;2;93;158;74m▀[0m[38;2;74;132;63m[48;2;99;169;79m▀[0m[38;2;120;113;47m[48;2;16;18;6m▀[0m[38;2;183;170;95m[48;2;190;180;109m▀[0m[38;2;135;121;57m[48;2;122;107;43m▀[0m[38;2;168;156;85m[48;2;184;173;98m▀[0m[38;2;179;171;96m[48;2;143;131;65m▀[0m[38;2;183;174;101m[48;2;181;170;91m▀[0m[38;2;110;100;67m[48;2;123;113;76m▀[0m[38;2;16;4;16m[48;2;3;0;9m▀[0m         
  [38;2;107;90;29m[48;2;32;28;8m▀[0m[38;2;210;199;115m[48;2;195;186;109m▀[0m[38;2;36;34;23m[48;2;36;34;22m▀[0m[38;2;0;12;2m[48;2;91;96;54m▀[0m[38;2;43;82;26m[48;2;70;102;40m▀[0m[38;2;94;166;78m[48;2;94;160;74m▀[0m[38;2;147;205;103m[48;2;113;199;102m▀[0m[38;2;144;197;102m[48;2;171;206;99m▀[0m[38;2;119;193;101m[48;2;190;202;106m▀[0m[38;2;116;197;98m[48;2;125;188;105m▀[0m[38;2;128;198;99m[48;2;119;192;102m▀[0m[38;2;176;207;100m[48;2;156;193;107m▀[0m[38;2;212;208;105m[48;2;163;203;101m▀[0m[38;2;143;189;110m[48;2;132;192;104m▀[0m[38;2;113;191;95m[48;2;121;200;100m▀[0m[38;2;84;133;68m[48;2;113;186;93m▀[0m[38;2;65;60;37m[48;2;3;0;2m▀[0m[38;2;177;167;93m[48;2;209;200;120m▀[0m[38;2;104;110;44m[48;2;109;89;31m▀[0m[38;2;93;156;73m[48;2;93;155;72m▀[0m[38;2;94;160;75m[48;2;93;158;74m▀[0m[38;2;67;121;57m[48;2;101;173;81m▀[0m[38;2;75;75;50m[48;2;11;20;13m▀[0m[38;2;160;148;86m[48;2;167;159;99m▀[0m[38;2;146;133;65m[48;2;131;117;52m▀[0m[38;2;162;150;80m[48;2;177;167;93m▀[0m[38;2;151;138;69m[48;2;139;126;61m▀[0m[38;2;154;142;78m[48;2;168;156;80m▀[0m[38;2;99;93;60m[48;2;114;107;68m▀[0m[38;2;0;2;0m[48;2;9;34;14m▀[0m[38;2;15;33;11m[48;2;95;140;67m▀[0m[38;2;11;33;11m[48;2;118;126;68m▀[0m[38;2;9;31;9m[48;2;90;103;54m▀[0m[38;2;0;22;4m▄[0m[38;2;8;27;8m▄[0m   
 [38;2;20;39;15m▄[0m[38;2;0;0;0m[48;2;87;92;49m▀[0m[38;2;202;193;115m[48;2;84;80;49m▀[0m[38;2;32;27;20m[48;2;95;92;55m▀[0m[38;2;70;91;42m[48;2;53;87;31m▀[0m[38;2;99;154;71m[48;2;102;173;82m▀[0m[38;2;112;185;91m[48;2;126;203;104m▀[0m[38;2;117;197;100m[48;2;120;196;99m▀[0m[38;2;146;201;99m[48;2;112;195;99m▀[0m[38;2;205;206;105m[48;2;144;201;99m▀[0m[38;2;221;210;106m[48;2;186;209;100m▀[0m[38;2;196;202;107m[48;2;170;201;103m▀[0m[38;2;153;185;112m[48;2;132;191;104m▀[0m[38;2;111;196;98m[48;2;119;196;99m▀[0m[38;2;118;196;98m[48;2;120;196;99m▀[0m[38;2;121;198;100m[48;2;120;197;99m▀[0m[38;2;108;178;89m[48;2;116;189;96m▀[0m[38;2;4;0;1m[48;2;69;107;56m▀[0m[38;2;219;210;124m[48;2;86;77;48m▀[0m[38;2;109;87;30m[48;2;99;127;55m▀[0m[38;2;93;155;72m[48;2;93;157;73m▀[0m[38;2;93;158;74m[48;2;93;158;74m▀[0m[38;2;98;168;78m[48;2;95;162;76m▀[0m[38;2;0;7;4m[48;2;57;101;47m▀[0m[38;2;172;163;99m[48;2;95;95;61m▀[0m[38;2;134;120;52m[48;2;151;139;78m▀[0m[38;2;149;137;69m[48;2;135;122;56m▀[0m[38;2;178;168;94m[48;2;186;176;99m▀[0m[38;2;159;146;73m[48;2;114;107;60m▀[0m[38;2;144;132;70m[48;2;133;124;67m▀[0m[38;2;84;94;55m[48;2;144;135;83m▀[0m[38;2;80;102;53m[48;2;13;10;7m▀[0m[38;2;177;181;101m[48;2;110;123;64m▀[0m[38;2;146;154;84m[48;2;171;175;98m▀[0m[38;2;103;115;61m[48;2;162;173;95m▀[0m[38;2;99;110;57m[48;2;122;161;81m▀[0m[38;2;41;93;26m[48;2;105;130;62m▀[0m[38;2;20;39;15m▄[0m 
 [38;2;20;39;15m[48;2;20;39;15m▀[0m[38;2;155;164;89m[48;2;149;154;86m▀[0m[38;2;84;84;49m[48;2;126;144;72m▀[0m[38;2;103;121;59m[48;2;82;137;60m▀[0m[38;2;95;148;68m[48;2;106;179;87m▀[0m[38;2;99;167;80m[48;2;106;177;87m▀[0m[38;2;115;189;95m[48;2;113;187;93m▀[0m[38;2;121;197;100m[48;2;121;197;100m▀[0m[38;2;121;196;99m[48;2;120;196;99m▀[0m[38;2;116;195;99m[48;2;120;196;99m▀[0m[38;2;112;194;99m[48;2;120;196;99m▀[0m[38;2;114;195;98m[48;2;120;197;99m▀[0m[38;2;119;197;99m[48;2;116;191;95m▀[0m[38;2;122;198;100m[48;2;110;182;90m▀[0m[38;2;120;196;99m[48;2;121;198;100m▀[0m[38;2;120;196;99m[48;2;121;198;100m▀[0m[38;2;121;198;100m[48;2;120;196;99m▀[0m[38;2;124;203;103m[48;2;120;197;99m▀[0m[38;2;50;88;45m[48;2;129;210;107m▀[0m[38;2;92;162;76m[48;2;93;159;74m▀[0m[38;2;93;158;74m[48;2;93;158;74m▀[0m[38;2;93;158;74m[48;2;93;158;74m▀[0m[38;2;93;157;74m[48;2;93;158;74m▀[0m[38;2;104;177;82m[48;2;99;169;79m▀[0m[38;2;17;29;18m[48;2;4;17;8m▀[0m[38;2;157;148;94m[48;2;161;151;92m▀[0m[38;2;145;131;60m[48;2;117;105;55m▀[0m[38;2;182;169;89m[48;2;90;79;42m▀[0m[38;2;98;93;60m[48;2;69;76;41m▀[0m[38;2;42;38;25m[48;2;9;23;6m▀[0m[38;2;75;74;44m[48;2;1;9;2m▀[0m[38;2;9;18;6m[48;2;32;58;23m▀[0m[38;2;32;47;20m[48;2;58;100;46m▀[0m[38;2;87;94;49m[48;2;62;111;53m▀[0m[38;2;86;110;55m[48;2;62;111;54m▀[0m[38;2;120;193;95m[48;2;75;112;59m▀[0m[38;2;150;153;85m[48;2;152;158;87m▀[0m[38;2;12;32;10m[48;2;78;91;46m▀[0m[38;2;22;42;15m▄[0m
 [38;2;20;39;15m▀[0m[38;2;113;133;66m[48;2;42;89;26m▀[0m[38;2;78;132;57m[48;2;116;191;96m▀[0m[38;2;119;197;99m[48;2;118;195;98m▀[0m[38;2;82;145;65m[48;2;91;130;59m▀[0m[38;2;108;180;88m[48;2;92;147;68m▀[0m[38;2;126;205;105m[48;2;94;162;76m▀[0m[38;2;121;198;100m[48;2;111;185;92m▀[0m[38;2;120;196;99m[48;2;124;201;102m▀[0m[38;2;120;196;99m[48;2;122;198;100m▀[0m[38;2;121;197;99m[48;2;117;191;96m▀[0m[38;2;123;200;101m[48;2;109;182;89m▀[0m[38;2;111;184;91m[48;2;107;178;87m▀[0m[38;2;94;160;76m[48;2;107;178;88m▀[0m[38;2;121;197;100m[48;2;116;189;95m▀[0m[38;2;112;185;92m[48;2;79;138;60m▀[0m[38;2;122;199;101m[48;2;113;186;92m▀[0m[38;2;121;197;100m[48;2;110;182;90m▀[0m[38;2;110;181;89m[48;2;91;155;72m▀[0m[38;2;93;159;74m[48;2;93;158;74m▀[0m[38;2;93;158;74m[48;2;93;158;74m▀[0m[38;2;93;158;74m[48;2;93;158;74m▀[0m[38;2;93;158;74m[48;2;93;158;74m▀[0m[38;2;97;164;77m[48;2;93;157;74m▀[0m[38;2;45;82;39m[48;2;103;176;82m▀[0m[38;2;104;101;61m[48;2;38;71;34m▀[0m[38;2;66;78;44m[48;2;76;131;63m▀[0m[38;2;31;60;29m[48;2;128;210;105m▀[0m[38;2;63;111;50m[48;2;134;216;112m▀[0m[38;2;79;134;61m[48;2;110;185;89m▀[0m[38;2;62;103;51m[48;2;87;157;66m▀[0m[38;2;83;136;67m[48;2;88;159;67m▀[0m[38;2;113;189;90m[48;2;83;139;63m▀[0m[38;2;93;160;73m[48;2;63;81;48m▀[0m[38;2;68;107;57m[48;2;65;62;34m▀[0m[38;2;65;60;36m[48;2;170;177;98m▀[0m[38;2;160;167;91m[48;2;154;161;88m▀[0m[38;2;156;162;90m[48;2;153;160;88m▀[0m[38;2;24;45;17m[48;2;23;44;17m▀[0m
[38;2;58;102;35m▄[0m[38;2;49;91;30m[48;2;64;115;44m▀[0m[38;2;71;124;51m[48;2;122;199;101m▀[0m[38;2;117;192;96m[48;2;126;204;104m▀[0m[38;2;84;149;68m[48;2;58;110;41m▀[0m[38;2;146;161;87m[48;2;130;143;75m▀[0m[38;2;105;127;60m[48;2;162;166;93m▀[0m[38;2;73;106;42m[48;2;169;169;97m▀[0m[38;2;91;144;66m[48;2;100;127;59m▀[0m[38;2;108;181;89m[48;2;73;134;57m▀[0m[38;2;113;186;92m[48;2;100;167;80m▀[0m[38;2;106;177;86m[48;2;112;185;91m▀[0m[38;2;98;165;78m[48;2;116;189;96m▀[0m[38;2;110;183;89m[48;2;92;152;77m▀[0m[38;2;124;201;102m[48;2;78;133;62m▀[0m[38;2;95;158;74m[48;2;45;90;24m▀[0m[38;2;68;119;48m[48;2;78;141;59m▀[0m[38;2;95;160;76m[48;2;74;134;55m▀[0m[38;2;93;158;74m[48;2;74;135;55m▀[0m[38;2;95;161;76m[48;2;74;135;55m▀[0m[38;2;95;161;76m[48;2;74;135;55m▀[0m[38;2;95;161;76m[48;2;74;135;55m▀[0m[38;2;95;161;76m[48;2;74;135;55m▀[0m[38;2;95;161;76m[48;2;74;135;55m▀[0m[38;2;95;161;76m[48;2;74;135;55m▀[0m[38;2;96;162;77m[48;2;74;137;55m▀[0m[38;2;80;145;60m[48;2;72;110;55m▀[0m[38;2;85;152;64m[48;2;70;97;53m▀[0m[38;2;90;159;70m[48;2;70;97;53m▀[0m[38;2;90;160;69m[48;2;59;88;41m▀[0m[38;2;85;133;66m[48;2;152;163;138m▀[0m[38;2;80;101;63m[48;2;255;246;246m▀[0m[38;2;76;102;59m[48;2;245;236;234m▀[0m[38;2;105;120;93m[48;2;245;238;235m▀[0m[38;2;171;164;152m[48;2;217;212;208m▀[0m[38;2;156;163;97m[48;2;136;134;121m▀[0m[38;2;157;164;90m[48;2;129;140;72m▀[0m[38;2;150;157;86m[48;2;145;151;83m▀[0m[38;2;107;113;62m[48;2;0;0;0m▀[0m[38;2;22;41;16m▀[0m
[38;2;62;111;40m[48;2;57;102;36m▀[0m[38;2;95;162;75m[48;2;80;137;64m▀[0m[38;2;107;177;86m[48;2;58;106;39m▀[0m[38;2;123;200;102m[48;2;104;173;84m▀[0m[38;2;74;133;57m[48;2;121;198;99m▀[0m[38;2;119;142;71m[48;2;53;104;41m▀[0m[38;2;153;161;88m[48;2;115;132;66m▀[0m[38;2;145;151;82m[48;2;87;122;53m▀[0m[38;2;112;157;78m[48;2;93;163;76m▀[0m[38;2;113;190;93m[48;2;121;198;102m▀[0m[38;2;114;185;95m[48;2;63;95;50m▀[0m[38;2;102;169;85m[48;2;16;12;7m▀[0m[38;2;71;111;58m[48;2;68;69;40m▀[0m[38;2;20;16;9m[48;2;169;177;93m▀[0m[38;2;33;37;21m[48;2;180;184;124m▀[0m[38;2;68;102;50m[48;2;248;239;242m▀[0m[38;2;62;93;45m[48;2;242;235;232m▀[0m[38;2;63;93;45m[48;2;242;235;232m▀[0m[38;2;63;93;45m[48;2;242;235;232m▀[0m[38;2;63;93;45m[48;2;242;235;232m▀[0m[38;2;63;93;45m[48;2;242;235;232m▀[0m[38;2;63;93;45m[48;2;242;235;232m▀[0m[38;2;63;93;45m[48;2;242;235;232m▀[0m[38;2;63;93;45m[48;2;242;235;232m▀[0m[38;2;63;93;45m[48;2;242;235;232m▀[0m[38;2;50;83;33m[48;2;243;235;233m▀[0m[38;2;191;194;179m[48;2;234;228;223m▀[0m[38;2;252;242;241m[48;2;230;226;219m▀[0m[38;2;243;235;233m[48;2;232;227;221m▀[0m[38;2;245;236;234m[48;2;228;223;217m▀[0m[38;2;238;231;227m[48;2;226;220;214m▀[0m[38;2;230;225;219m[48;2;228;222;216m▀[0m[38;2;231;227;221m[48;2;225;220;214m▀[0m[38;2;231;225;220m[48;2;205;200;193m▀[0m[38;2;223;216;208m[48;2;187;178;167m▀[0m[38;2;161;158;145m[48;2;164;162;147m▀[0m[38;2;20;40;11m[48;2;11;29;5m▀[0m[38;2;123;129;71m[48;2;0;0;0m▀[0m[38;2;0;0;2m▀[0m 
 [38;2;0;0;0m▀[0m[38;2;81;138;66m[48;2;1;0;2m▀[0m[38;2;58;104;38m[48;2;29;66;12m▀[0m[38;2;51;95;31m[48;2;3;5;0m▀[0m[38;2;18;28;15m[48;2;91;147;76m▀[0m[38;2;40;75;27m[48;2;124;203;102m▀[0m[38;2;101;170;81m[48;2;100;169;81m▀[0m[38;2;131;214;109m[48;2;111;184;91m▀[0m[38;2;49;84;43m[48;2;91;154;69m▀[0m[38;2;64;63;36m[48;2;36;70;23m▀[0m[38;2;158;167;91m[48;2;11;30;9m▀[0m[38;2;150;158;86m[48;2;62;78;35m▀[0m[38;2;152;160;86m[48;2;168;171;116m▀[0m[38;2;174;176;124m[48;2;194;185;179m▀[0m[38;2;232;225;224m[48;2;188;181;170m▀[0m[38;2;227;222;215m[48;2;188;181;169m▀[0m[38;2;228;222;216m[48;2;182;177;163m▀[0m[38;2;228;222;216m[48;2;183;177;163m▀[0m[38;2;228;222;216m[48;2;183;177;163m▀[0m[38;2;228;222;216m[48;2;183;177;163m▀[0m[38;2;227;222;215m[48;2;189;181;170m▀[0m[38;2;227;222;215m[48;2;188;181;170m▀[0m[38;2;227;222;215m[48;2;188;180;170m▀[0m[38;2;227;222;215m[48;2;188;180;170m▀[0m[38;2;227;222;215m[48;2;188;180;169m▀[0m[38;2;227;222;216m[48;2;194;186;175m▀[0m[38;2;223;218;212m[48;2;156;151;144m▀[0m[38;2;223;219;213m[48;2;135;132;127m▀[0m[38;2;203;197;189m[48;2;138;133;129m▀[0m[38;2;180;173;160m[48;2;84;103;70m▀[0m[38;2;176;173;156m[48;2;21;66;7m▀[0m[38;2;163;160;147m[48;2;100;126;85m▀[0m[38;2;136;133;128m[48;2;240;234;230m▀[0m[38;2;158;153;146m[48;2;228;222;215m▀[0m[38;2;167;164;150m[48;2;162;159;143m▀[0m[38;2;12;30;6m[48;2;14;33;7m▀[0m[38;2;4;3;4m[48;2;4;3;4m▀[0m  
  [38;2;23;42;17m[48;2;23;41;17m▀[0m[38;2;31;69;14m[48;2;31;69;14m▀[0m[38;2;34;78;13m[48;2;30;70;11m▀[0m[38;2;6;12;4m[48;2;47;89;27m▀[0m[38;2;36;66;23m[48;2;111;185;89m▀[0m[38;2;101;169;80m[48;2;39;61;33m▀[0m[38;2;109;181;89m[48;2;72;116;60m▀[0m[38;2;74;129;54m[48;2;95;160;73m▀[0m[38;2;43;85;23m[48;2;41;82;22m▀[0m[38;2;31;72;11m[48;2;30;70;11m▀[0m[38;2;23;58;9m[48;2;23;65;4m▀[0m[38;2;53;65;48m[48;2;88;115;71m▀[0m[38;2;144;139;135m[48;2;250;240;240m▀[0m[38;2;137;133;128m[48;2;191;195;178m▀[0m[38;2;119;122;109m[48;2;46;82;27m▀[0m[38;2;29;70;10m[48;2;238;231;228m▀[0m[38;2;34;73;15m[48;2;230;225;219m▀[0m[38;2;34;73;15m[48;2;230;225;219m▀[0m[38;2;32;72;14m[48;2;231;226;220m▀[0m[38;2;127;127;118m[48;2;35;74;16m▀[0m[38;2;137;133;128m[48;2;212;211;200m▀[0m[38;2;136;133;127m[48;2;233;227;222m▀[0m[38;2;136;133;127m[48;2;230;225;219m▀[0m[38;2;132;129;124m[48;2;230;225;219m▀[0m[38;2;175;168;158m[48;2;230;225;219m▀[0m[38;2;222;216;208m[48;2;245;236;234m▀[0m[38;2;245;237;235m[48;2;99;123;82m▀[0m[38;2;112;134;96m[48;2;132;150;116m▀[0m[38;2;114;136;99m[48;2;205;195;196m▀[0m[38;2;254;244;244m[48;2;76;93;63m▀[0m[38;2;154;167;141m[48;2;102;127;85m▀[0m[38;2;62;93;43m[48;2;186;189;173m▀[0m[38;2;204;192;185m[48;2;33;82;14m▀[0m[38;2;168;173;148m[48;2;92;156;72m▀[0m[38;2;49;99;27m[48;2;55;99;34m▀[0m   
  [38;2;36;36;0m▀[0m[38;2;22;42;17m[48;2;22;41;17m▀[0m[38;2;33;72;15m[48;2;31;68;14m▀[0m[38;2;12;22;8m[48;2;30;69;13m▀[0m[38;2;5;4;7m[48;2;30;67;12m▀[0m[38;2;25;54;12m[48;2;31;71;13m▀[0m[38;2;18;37;10m[48;2;31;69;13m▀[0m[38;2;4;3;6m[48;2;30;67;12m▀[0m[38;2;18;37;9m[48;2;31;70;13m▀[0m[38;2;24;69;3m[48;2;20;63;0m▀[0m[38;2;98;123;82m[48;2;97;123;81m▀[0m[38;2;243;236;233m[48;2;253;243;243m▀[0m[38;2;210;206;200m[48;2;181;187;168m▀[0m[38;2;131;127;122m[48;2;62;94;45m▀[0m[38;2;145;142;136m[48;2;210;209;199m▀[0m[38;2;223;221;212m[48;2;50;87;32m▀[0m[38;2;27;68;8m[48;2;223;219;211m▀[0m[38;2;37;75;18m[48;2;216;214;204m▀[0m[38;2;231;227;220m[48;2;145;140;136m▀[0m[38;2;134;133;125m[48;2;227;220;216m▀[0m[38;2;135;131;126m[48;2;45;81;27m▀[0m[38;2;219;214;208m[48;2;203;204;191m▀[0m[38;2;232;227;221m[48;2;234;228;223m▀[0m[38;2;230;225;219m[48;2;230;225;219m▀[0m[38;2;237;232;226m[48;2;245;236;234m▀[0m[38;2;172;167;163m[48;2;91;117;74m▀[0m[38;2;121;120;113m[48;2;151;163;138m▀[0m[38;2;192;187;181m[48;2;129;146;113m▀[0m[38;2;189;184;179m[48;2;117;137;101m▀[0m[38;2;172;167;163m[48;2;249;240;240m▀[0m[38;2;163;177;152m[48;2;159;173;148m▀[0m[38;2;43;66;7m[48;2;37;63;0m▀[0m[38;2;113;118;49m[48;2;117;121;50m▀[0m[38;2;111;188;92m[48;2;101;173;89m▀[0m[38;2;54;99;34m[48;2;0;0;0m▀[0m[38;2;5;5;5m▄[0m  
   [38;2;22;41;17m[48;2;22;41;17m▀[0m[38;2;31;68;14m[48;2;32;70;14m▀[0m[38;2;32;73;13m[48;2;32;73;13m▀[0m[38;2;32;73;13m[48;2;32;72;13m▀[0m[38;2;32;72;13m[48;2;32;72;13m▀[0m[38;2;32;72;13m[48;2;32;72;13m▀[0m[38;2;32;73;13m[48;2;32;72;13m▀[0m[38;2;27;69;7m[48;2;21;64;2m▀[0m[38;2;62;87;46m[48;2;107;128;91m▀[0m[38;2;164;161;154m[48;2;238;229;227m▀[0m[38;2;245;238;234m[48;2;247;239;236m▀[0m[38;2;179;186;166m[48;2;189;194;176m▀[0m[38;2;57;92;39m[48;2;57;91;39m▀[0m[38;2;215;214;203m[48;2;214;213;202m▀[0m[38;2;37;77;18m[48;2;39;78;20m▀[0m[38;2;239;231;228m[48;2;237;230;226m▀[0m[38;2;229;224;218m[48;2;227;223;216m▀[0m[38;2;42;77;24m[48;2;30;71;11m▀[0m[38;2;228;224;217m[48;2;227;223;216m▀[0m[38;2;40;78;21m[48;2;41;79;22m▀[0m[38;2;202;203;190m[48;2;202;203;190m▀[0m[38;2;234;228;223m[48;2;234;228;223m▀[0m[38;2;230;225;219m[48;2;230;225;219m▀[0m[38;2;245;236;234m[48;2;245;236;234m▀[0m[38;2;85;114;68m[48;2;86;114;69m▀[0m[38;2;153;166;139m[48;2;153;166;140m▀[0m[38;2;123;143;107m[48;2;120;141;104m▀[0m[38;2;111;134;95m[48;2;107;131;91m▀[0m[38;2;255;247;246m[48;2;255;252;252m▀[0m[38;2;146;146;142m[48;2;150;146;150m▀[0m[38;2;35;36;11m[48;2;25;23;7m▀[0m[38;2;152;143;70m[48;2;170;160;84m▀[0m[38;2;111;104;42m[48;2;158;147;75m▀[0m[38;2;128;122;65m[48;2;151;143;76m▀[0m[38;2;1;1;1m[48;2;0;0;1m▀[0m  
   [38;2;24;42;18m▀[0m[38;2;25;48;17m[48;2;7;8;7m▀[0m[38;2;32;69;14m[48;2;28;61;11m▀[0m[38;2;32;73;13m[48;2;33;74;13m▀[0m[38;2;32;72;13m[48;2;32;72;13m▀[0m[38;2;32;72;13m[48;2;32;72;13m▀[0m[38;2;32;72;13m[48;2;27;69;8m▀[0m[38;2;16;61;0m[48;2;58;84;42m▀[0m[38;2;113;137;97m[48;2;161;161;150m▀[0m[38;2;222;212;212m[48;2;234;228;223m▀[0m[38;2;115;123;104m[48;2;210;206;199m▀[0m[38;2;38;78;20m[48;2;147;161;133m▀[0m[38;2;70;101;53m[48;2;60;94;43m▀[0m[38;2;212;211;200m[48;2;249;240;239m▀[0m[38;2;26;68;7m[48;2;176;183;164m▀[0m[38;2;244;237;233m[48;2;162;158;152m▀[0m[38;2;227;223;216m[48;2;242;235;232m▀[0m[38;2;32;72;13m[48;2;18;61;0m▀[0m[38;2;227;223;216m[48;2;233;229;222m▀[0m[38;2;41;79;22m[48;2;35;76;15m▀[0m[38;2;202;203;190m[48;2;201;202;189m▀[0m[38;2;234;228;223m[48;2;234;228;223m▀[0m[38;2;230;225;219m[48;2;230;225;219m▀[0m[38;2;245;236;234m[48;2;246;236;235m▀[0m[38;2;86;114;69m[48;2;81;111;63m▀[0m[38;2;148;162;133m[48;2;136;154;121m▀[0m[38;2;169;168;158m[48;2;249;236;240m▀[0m[38;2;174;172;164m[48;2;162;173;147m▀[0m[38;2;180;190;168m[48;2;28;55;28m▀[0m[38;2;78;101;43m[48;2;47;50;20m▀[0m[38;2;143;133;71m[48;2;175;165;88m▀[0m[38;2;166;157;83m[48;2;164;155;82m▀[0m[38;2;140;132;71m[48;2;132;124;67m▀[0m[38;2;30;27;14m[48;2;0;0;0m▀[0m[38;2;0;0;0m▀[0m  
    [38;2;2;0;3m[48;2;3;3;3m▀[0m[38;2;22;41;15m[48;2;9;12;8m▀[0m[38;2;32;70;14m[48;2;22;42;14m▀[0m[38;2;32;73;13m[48;2;31;69;14m▀[0m[38;2;32;72;13m[48;2;33;76;14m▀[0m[38;2;21;64;2m[48;2;11;57;0m▀[0m[38;2;112;131;97m[48;2;127;146;112m▀[0m[38;2;232;223;222m[48;2;255;254;255m▀[0m[38;2;211;205;201m[48;2;228;220;218m▀[0m[38;2;134;140;123m[48;2;177;178;166m▀[0m[38;2;61;95;42m[48;2;154;167;140m▀[0m[38;2;21;64;2m[48;2;148;159;135m▀[0m[38;2;110;134;94m[48;2;78;94;64m▀[0m[38;2;249;238;240m[48;2;98;123;81m▀[0m[38;2;118;117;109m[48;2;214;205;204m▀[0m[38;2;76;106;58m[48;2;166;176;153m▀[0m[38;2;177;186;164m[48;2;171;166;162m▀[0m[38;2;174;167;165m[48;2;50;78;34m▀[0m[38;2;98;107;86m[48;2;187;184;176m▀[0m[38;2;212;209;201m[48;2;229;223;218m▀[0m[38;2;233;227;222m[48;2;233;228;222m▀[0m[38;2;230;225;219m[48;2;233;228;222m▀[0m[38;2;240;233;229m[48;2;237;232;227m▀[0m[38;2;135;141;124m[48;2;198;190;183m▀[0m[38;2;185;185;175m[48;2;171;164;160m▀[0m[38;2;170;184;155m[48;2;133;137;124m▀[0m[38;2;33;54;29m[48;2;50;71;42m▀[0m[38;2;46;47;22m[48;2;17;33;1m▀[0m[38;2;146;136;73m[48;2;100;92;48m▀[0m[38;2;162;153;81m[48;2;183;172;91m▀[0m[38;2;167;158;83m[48;2;145;135;73m▀[0m[38;2;143;134;72m[48;2;51;49;25m▀[0m[38;2;0;0;0m[48;2;0;0;0m▀[0m   
     [38;2;1;0;3m[48;2;2;0;2m▀[0m[38;2;19;32;15m[48;2;11;16;8m▀[0m[38;2;27;53;17m[48;2;22;38;16m▀[0m[38;2;20;50;9m[48;2;12;33;7m▀[0m[38;2;82;101;67m[48;2;125;125;111m▀[0m[38;2;122;138;104m[48;2;170;169;149m▀[0m[38;2;91;119;81m[48;2;100;119;85m▀[0m[38;2;151;166;138m[48;2;108;128;90m▀[0m[38;2;255;250;251m[48;2;117;138;101m▀[0m[38;2;255;245;246m[48;2;122;141;106m▀[0m[38;2;248;237;238m[48;2;113;135;97m▀[0m[38;2;202;195;192m[48;2;121;143;106m▀[0m[38;2;147;161;133m[48;2;133;149;119m▀[0m[38;2;104;130;88m[48;2;106;123;87m▀[0m[38;2;113;135;97m[48;2;108;124;88m▀[0m[38;2;200;193;190m[48;2;118;141;102m▀[0m[38;2;158;170;144m[48;2;121;142;106m▀[0m[38;2;231;228;220m[48;2;212;206;197m▀[0m[38;2;236;231;226m[48;2;223;213;208m▀[0m[38;2;213;206;197m[48;2;205;194;186m▀[0m[38;2;207;201;192m[48;2;201;190;181m▀[0m[38;2;208;202;192m[48;2;209;195;190m▀[0m[38;2;210;200;191m[48;2;134;144;115m▀[0m[38;2;195;183;178m[48;2;107;125;87m▀[0m[38;2;119;127;106m[48;2;48;84;28m▀[0m[38;2;99;120;81m[48;2;98;119;79m▀[0m[38;2;109;117;100m[48;2;209;196;191m▀[0m[38;2;61;57;51m[48;2;141;135;131m▀[0m[38;2;68;73;30m[48;2;49;55;48m▀[0m[38;2;67;87;32m[48;2;7;27;3m▀[0m[38;2;0;0;0m[48;2;2;0;5m▀[0m    
      [38;2;0;0;2m▀[0m[38;2;11;17;9m[48;2;0;0;0m▀[0m[38;2;9;28;4m[48;2;3;10;1m▀[0m[38;2;121;125;106m[48;2;68;77;59m▀[0m[38;2;215;202;194m[48;2;167;165;150m▀[0m[38;2;209;196;189m[48;2;204;195;184m▀[0m[38;2;170;169;151m[48;2;202;191;183m▀[0m[38;2;62;93;42m[48;2;162;162;145m▀[0m[38;2;26;68;6m[48;2;93;110;78m▀[0m[38;2;104;122;84m[48;2;216;202;197m▀[0m[38;2;84;108;65m[48;2;179;175;160m▀[0m[38;2;31;70;12m[48;2;32;73;13m▀[0m[38;2;210;197;191m[48;2;198;189;179m▀[0m[38;2;202;191;183m[48;2;193;185;174m▀[0m[38;2;98;118;79m[48;2;204;193;185m▀[0m[38;2;96;116;76m[48;2;208;196;189m▀[0m[38;2;103;121;83m[48;2;99;118;80m▀[0m[38;2;103;121;84m[48;2;88;111;69m▀[0m[38;2;105;123;86m[48;2;91;114;71m▀[0m[38;2;108;126;89m[48;2;71;95;56m▀[0m[38;2;117;133;98m[48;2;14;58;0m▀[0m[38;2;89;107;74m[48;2;116;126;101m▀[0m[38;2;26;64;9m[48;2;127;135;111m▀[0m[38;2;54;88;35m[48;2;157;162;138m▀[0m[38;2;154;157;135m[48;2;222;209;201m▀[0m[38;2;212;201;191m[48;2;172;165;156m▀[0m[38;2;168;162;153m[48;2;78;76;71m▀[0m[38;2;60;58;56m[48;2;0;0;0m▀[0m[38;2;0;0;0m▀[0m     
        [38;2;2;0;2m▀[0m[38;2;0;4;0m[48;2;6;3;6m▀[0m[38;2;59;65;51m[48;2;0;0;0m▀[0m[38;2;164;156;149m[48;2;56;54;51m▀[0m[38;2;207;197;187m[48;2;164;157;140m▀[0m[38;2;184;177;171m[48;2;194;185;151m▀[0m[38;2;170;162;160m[48;2;191;182;149m▀[0m[38;2;199;190;181m[48;2;185;176;151m▀[0m[38;2;175;172;156m[48;2;191;183;176m▀[0m[38;2;72;95;57m[48;2;163;156;154m▀[0m[38;2;197;188;178m[48;2;195;188;179m▀[0m[38;2;193;185;174m[48;2;194;186;178m▀[0m[38;2;193;185;174m[48;2;194;186;178m▀[0m[38;2;193;185;174m[48;2;194;186;178m▀[0m[38;2;204;193;185m[48;2;194;186;178m▀[0m[38;2;205;193;186m[48;2;194;186;178m▀[0m[38;2;207;196;188m[48;2;194;186;177m▀[0m[38;2;178;168;165m[48;2;198;190;182m▀[0m[38;2;104;120;89m[48;2;196;185;164m▀[0m[38;2;158;162;141m[48;2;195;184;152m▀[0m[38;2;219;207;200m[48;2;166;160;141m▀[0m[38;2;167;158;151m[48;2;66;63;59m▀[0m[38;2;129;124;116m[48;2;0;0;0m▀[0m[38;2;78;75;71m[48;2;0;0;0m▀[0m[38;2;0;0;0m▀[0m       
           [38;2;0;0;0m▀[0m[38;2;39;37;14m[48;2;0;0;0m▀[0m[38;2;125;119;58m[48;2;0;0;0m▀[0m[38;2;127;120;56m[48;2;28;27;16m▀[0m[38;2;170;161;91m[48;2;135;128;67m▀[0m[38;2;191;182;157m[48;2;129;120;59m▀[0m[38;2;188;180;153m[48;2;163;154;76m▀[0m[38;2;184;176;150m[48;2;161;152;75m▀[0m[38;2;184;176;150m[48;2;161;152;75m▀[0m[38;2;184;176;150m[48;2;161;152;75m▀[0m[38;2;184;176;150m[48;2;161;152;75m▀[0m[38;2;184;176;150m[48;2;161;152;75m▀[0m[38;2;184;176;150m[48;2;164;154;76m▀[0m[38;2;189;180;152m[48;2;130;121;59m▀[0m[38;2;191;183;158m[48;2;122;113;55m▀[0m[38;2;173;164;99m[48;2;135;127;67m▀[0m[38;2;141;133;62m[48;2;45;42;24m▀[0m[38;2;46;44;18m[48;2;0;0;0m▀[0m[38;2;0;0;0m▀[0m          
              [38;2;0;0;0m▀[0m[38;2;0;0;0m[48;2;91;173;54m▀[0m[38;2;22;29;14m[48;2;55;100;36m▀[0m[38;2;140;131;71m[48;2;1;5;3m▀[0m[38;2;134;125;67m[48;2;7;15;9m▀[0m[38;2;134;125;67m[48;2;7;15;9m▀[0m[38;2;134;126;67m[48;2;3;9;5m▀[0m[38;2;135;128;68m[48;2;0;0;0m▀[0m[38;2;135;128;68m[48;2;0;0;0m▀[0m[38;2;142;134;71m[48;2;0;2;0m▀[0m[38;2;31;39;21m[48;2;81;140;66m▀[0m[38;2;6;18;10m[48;2;103;175;83m▀[0m[38;2;4;13;6m[48;2;79;137;56m▀[0m[38;2;0;6;3m[48;2;59;109;38m▀[0m[38;2;42;106;42m▄[0m           
                [38;2;51;89;25m▀[0m[38;2;65;118;44m[48;2;58;98;39m▀[0m[38;2;96;164;76m[48;2;57;105;36m▀[0m[38;2;94;160;75m[48;2;55;101;35m▀[0m[38;2;60;110;39m▀[0m  [38;2;58;105;36m▀[0m[38;2;85;147;65m[48;2;52;96;33m▀[0m[38;2;93;159;74m[48;2;85;146;64m▀[0m[38;2;97;164;79m[48;2;96;162;76m▀[0m[38;2;77;135;55m[48;2;74;129;52m▀[0m[38;2;51;95;32m[48;2;51;95;30m▀[0m           
                         [38;2;57;102;36m▀[0m[38;2;63;113;41m▀[0m[38;2;56;103;38m▀[0m            
[0m