                    [38;2;39;31;31m▄[0m[38;2;42;34;34m[48;2;78;54;52m▀[0m[38;2;25;21;21m[48;2;32;26;25m▀[0m[38;2;28;21;28m▄[0m[38;2;39;31;31m[48;2;76;52;50m▀[0m[38;2;59;41;41m[48;2;94;66;60m▀[0m[38;2;65;47;45m[48;2;81;58;51m▀[0m[38;2;42;32;32m[48;2;2;9;9m▀[0m            
                   [38;2;0;0;0m[48;2;0;0;28m▀[0m[38;2;51;36;39m[48;2;69;49;46m▀[0m[38;2;93;66;60m[48;2;109;77;67m▀[0m[38;2;39;31;29m[48;2;83;59;54m▀[0m[38;2;69;48;46m[48;2;106;74;65m▀[0m[38;2;108;75;67m[48;2;108;76;67m▀[0m[38;2;107;75;66m[48;2;77;55;49m▀[0m[38;2;31;26;24m[48;2;5;10;10m▀[0m[38;2;0;13;13m▀[0m            
                   [38;2;0;0;36m[48;2;62;44;44m▀[0m[38;2;69;49;46m[48;2;105;73;65m▀[0m[38;2;108;76;66m[48;2;107;75;66m▀[0m[38;2;108;75;66m[48;2;106;74;65m▀[0m[38;2;106;74;65m[48;2;106;74;65m▀[0m[38;2;108;75;66m[48;2;109;76;66m▀[0m[38;2;31;24;23m[48;2;106;74;65m▀[0m[38;2;61;43;43m[48;2;74;53;49m▀[0m[38;2;57;41;41m[48;2;14;16;16m▀[0m            
                   [38;2;41;31;31m[48;2;10;13;12m▀[0m[38;2;83;59;54m[48;2;49;38;37m▀[0m[38;2;97;68;61m[48;2;61;44;43m▀[0m[38;2;109;76;66m[48;2;94;67;59m▀[0m[38;2;112;78;69m[48;2;46;35;32m▀[0m[38;2;87;62;55m[48;2;30;25;23m▀[0m[38;2;64;47;43m[48;2;0;0;3m▀[0m[38;2;56;40;40m▀[0m             
                [38;2;139;63;85m▄[0m[38;2;0;0;0m[48;2;165;70;100m▀[0m[38;2;133;60;80m[48;2;206;82;127m▀[0m[38;2;51;29;35m[48;2;201;81;124m▀[0m[38;2;77;47;52m[48;2;211;84;130m▀[0m[38;2;49;32;35m[48;2;130;55;83m▀[0m[38;2;19;18;18m[48;2;0;4;0m▀[0m[38;2;0;0;0m▀[0m                
              [38;2;4;9;7m▄[0m[38;2;136;61;86m[48;2;114;44;70m▀[0m[38;2;180;68;104m[48;2;230;81;136m▀[0m[38;2;231;89;142m[48;2;238;90;147m▀[0m[38;2;244;92;152m[48;2;239;91;149m▀[0m[38;2;236;88;145m[48;2;222;80;132m▀[0m[38;2;219;79;130m[48;2;249;92;153m▀[0m[38;2;225;86;141m[48;2;209;78;128m▀[0m[38;2;192;75;122m[48;2;181;73;113m▀[0m[38;2;46;26;35m[48;2;155;66;100m▀[0m[38;2;0;0;0m[48;2;65;31;43m▀[0m[38;2;0;0;0m▄[0m              
           [38;2;127;90;75m▄[0m[38;2;93;60;67m▄[0m[38;2;20;13;15m▄[0m[38;2;46;50;49m[48;2;217;123;162m▀[0m[38;2;163;131;136m[48;2;169;165;153m▀[0m[38;2;151;73;90m[48;2;153;141;131m▀[0m[38;2;239;91;149m[48;2;207;91;139m▀[0m[38;2;245;91;152m[48;2;236;87;147m▀[0m[38;2;156;68;100m[48;2;131;82;90m▀[0m[38;2;118;51;74m[48;2;160;162;152m▀[0m[38;2;152;121;131m[48;2;161;155;143m▀[0m[38;2;70;72;64m[48;2;138;109;117m▀[0m[38;2;134;69;83m[48;2;221;83;134m▀[0m[38;2;126;52;82m[48;2;230;88;144m▀[0m[38;2;0;0;0m[48;2;53;27;38m▀[0m[38;2;87;60;60m▄[0m[38;2;159;95;95m▄[0m            
           [38;2;79;57;49m[48;2;36;29;23m▀[0m[38;2;142;99;74m[48;2;170;119;75m▀[0m[38;2;52;37;31m[48;2;109;77;59m▀[0m[38;2;214;96;147m[48;2;211;75;130m▀[0m[38;2;239;185;166m[48;2;246;113;167m▀[0m[38;2;114;85;61m[48;2;78;55;68m▀[0m[38;2;80;62;40m[48;2;78;59;39m▀[0m[38;2;161;91;92m[48;2;75;61;42m▀[0m[38;2;149;71;100m[48;2;187;70;116m▀[0m[38;2;185;165;148m[48;2;200;90;135m▀[0m[38;2;199;174;141m[48;2;209;106;150m▀[0m[38;2;201;95;137m[48;2;203;74;125m▀[0m[38;2;247;89;151m[48;2;135;54;87m▀[0m[38;2;248;92;155m[48;2;187;82;117m▀[0m[38;2;93;53;60m[48;2;151;104;76m▀[0m[38;2;137;98;72m[48;2;138;99;63m▀[0m[38;2;88;63;49m[48;2;36;30;24m▀[0m[38;2;0;0;0m[48;2;0;0;0m▀[0m           
        [38;2;53;39;39m▄[0m[38;2;56;41;41m▄[0m[38;2;25;21;23m▄[0m[38;2;11;11;11m[48;2;100;72;48m▀[0m[38;2;102;74;50m[48;2;173;122;78m▀[0m[38;2;167;118;75m[48;2;167;117;75m▀[0m[38;2;96;53;57m[48;2;150;107;67m▀[0m[38;2;152;67;96m[48;2;102;75;52m▀[0m[38;2;107;75;60m[48;2;157;111;72m▀[0m[38;2;132;89;66m[48;2;113;70;62m▀[0m[38;2;105;66;58m[48;2;159;88;93m▀[0m[38;2;153;67;99m[48;2;132;97;66m▀[0m[38;2;118;74;66m[48;2;170;120;76m▀[0m[38;2;129;53;78m[48;2;103;75;53m▀[0m[38;2;105;57;62m[48;2;137;98;65m▀[0m[38;2;115;84;53m[48;2;170;119;76m▀[0m[38;2;86;62;51m[48;2;168;118;75m▀[0m[38;2;160;113;74m[48;2;169;118;75m▀[0m[38;2;168;118;75m[48;2;140;100;65m▀[0m[38;2;104;75;51m[48;2;89;66;45m▀[0m[38;2;29;23;17m[48;2;33;27;21m▀[0m           
 [38;2;94;65;58m▄[0m[38;2;98;70;61m▄[0m[38;2;0;0;0m[48;2;55;41;32m▀[0m[38;2;0;0;14m[48;2;55;41;40m▀[0m[38;2;60;43;43m[48;2;102;71;64m▀[0m[38;2;62;44;44m[48;2;108;76;67m▀[0m[38;2;60;43;41m[48;2;107;75;66m▀[0m[38;2;92;64;58m[48;2;107;75;66m▀[0m[38;2;104;73;65m[48;2;108;75;66m▀[0m[38;2;50;38;35m[48;2;108;75;66m▀[0m[38;2;47;37;28m[48;2;83;59;53m▀[0m[38;2;88;62;44m[48;2;40;30;25m▀[0m[38;2;163;112;74m[48;2;131;85;62m▀[0m[38;2;165;115;74m[48;2;144;94;67m▀[0m[38;2;171;120;76m[48;2;157;108;71m▀[0m[38;2;167;117;75m[48;2;156;107;71m▀[0m[38;2;165;116;75m[48;2;165;116;74m▀[0m[38;2;155;111;71m[48;2;167;117;75m▀[0m[38;2;169;118;75m[48;2;158;109;72m▀[0m[38;2;166;116;74m[48;2;156;107;71m▀[0m[38;2;161;113;75m[48;2;158;108;71m▀[0m[38;2;161;112;74m[48;2;148;97;69m▀[0m[38;2;165;115;73m[48;2;143;92;66m▀[0m[38;2;136;96;70m[48;2;126;84;65m▀[0m[38;2;147;97;71m[48;2;103;68;53m▀[0m[38;2;99;67;48m[48;2;74;51;39m▀[0m[38;2;43;33;33m[48;2;80;58;52m▀[0m[38;2;71;51;48m[48;2;110;77;67m▀[0m[38;2;63;45;45m[48;2;109;76;67m▀[0m[38;2;57;42;42m[48;2;85;60;55m▀[0m[38;2;28;14;28m[48;2;70;50;47m▀[0m[38;2;28;28;28m[48;2;75;53;50m▀[0m[38;2;45;33;31m▄[0m[38;2;0;3;6m▄[0m[38;2;0;0;6m▄[0m    
[38;2;85;63;63m[48;2;121;85;67m▀[0m[38;2;128;90;69m[48;2;174;122;79m▀[0m[38;2;152;107;75m[48;2;173;121;77m▀[0m[38;2;166;117;76m[48;2;145;102;68m▀[0m[38;2;136;92;69m[48;2;156;108;71m▀[0m[38;2;108;75;65m[48;2;162;113;74m▀[0m[38;2;104;73;65m[48;2;134;90;67m▀[0m[38;2;105;74;65m[48;2;109;76;65m▀[0m[38;2;106;74;65m[48;2;105;73;65m▀[0m[38;2;106;74;65m[48;2;111;77;68m▀[0m[38;2;108;75;66m[48;2;104;73;64m▀[0m[38;2;105;74;64m[48;2;97;69;60m▀[0m[38;2;38;30;29m[48;2;77;55;49m▀[0m[38;2;94;63;46m[48;2;36;29;25m▀[0m[38;2;145;94;67m[48;2;66;47;38m▀[0m[38;2;139;90;65m[48;2;84;57;44m▀[0m[38;2;139;89;65m[48;2;99;67;50m▀[0m[38;2;149;100;68m[48;2;142;92;66m▀[0m[38;2;151;101;69m[48;2;80;54;42m▀[0m[38;2;141;92;65m[48;2;43;33;29m▀[0m[38;2;140;90;66m[48;2;119;78;57m▀[0m[38;2;142;91;66m[48;2;79;54;41m▀[0m[38;2;79;54;41m[48;2;76;55;50m▀[0m[38;2;101;67;53m[48;2;92;65;59m▀[0m[38;2;146;94;67m[48;2;57;41;36m▀[0m[38;2;34;27;24m[48;2;38;30;27m▀[0m[38;2;76;55;50m[48;2;103;72;63m▀[0m[38;2;111;77;67m[48;2;102;72;63m▀[0m[38;2;106;74;65m[48;2;111;77;68m▀[0m[38;2;106;74;65m[48;2;106;74;65m▀[0m[38;2;108;75;66m[48;2;105;74;65m▀[0m[38;2;108;76;66m[48;2;104;72;65m▀[0m[38;2;109;76;67m[48;2;111;77;65m▀[0m[38;2;81;58;52m[48;2;116;81;68m▀[0m[38;2;75;54;47m[48;2;147;98;71m▀[0m[38;2;63;44;34m[48;2;161;113;72m▀[0m[38;2;3;8;11m[48;2;142;101;66m▀[0m[38;2;0;0;0m[48;2;122;84;69m▀[0m[38;2;110;77;66m▄[0m 
[38;2;104;74;59m[48;2;0;0;0m▀[0m[38;2;107;77;52m[48;2;0;0;6m▀[0m[38;2;105;76;51m[48;2;5;8;11m▀[0m[38;2;102;71;55m[48;2;69;51;36m▀[0m[38;2;144;101;68m[48;2;65;49;35m▀[0m[38;2;133;94;65m[48;2;37;29;27m▀[0m[38;2;132;93;64m[48;2;141;99;67m▀[0m[38;2;165;112;74m[48;2;106;75;49m▀[0m[38;2;131;91;68m[48;2;54;42;32m▀[0m[38;2;65;46;40m[48;2;80;80;90m▀[0m[38;2;47;34;32m[48;2;53;51;53m▀[0m[38;2;58;43;39m[48;2;58;40;37m▀[0m[38;2;115;80;70m[48;2;41;30;28m▀[0m[38;2;76;52;46m[48;2;117;116;112m▀[0m[38;2;53;37;33m[48;2;144;144;140m▀[0m[38;2;78;56;50m[48;2;76;55;49m▀[0m[38;2;92;64;58m[48;2;61;43;38m▀[0m[38;2;90;61;50m[48;2;31;27;27m▀[0m[38;2;77;56;50m[48;2;81;59;53m▀[0m[38;2;107;74;66m[48;2;101;69;60m▀[0m[38;2;53;40;36m[48;2;53;42;38m▀[0m[38;2;80;58;51m[48;2;78;56;49m▀[0m[38;2;110;77;68m[48;2;109;75;66m▀[0m[38;2;107;74;65m[48;2;108;75;66m▀[0m[38;2;105;74;65m[48;2;107;74;65m▀[0m[38;2;111;77;68m[48;2;103;72;64m▀[0m[38;2;81;58;52m[48;2;70;50;48m▀[0m[38;2;49;38;35m[48;2;29;23;24m▀[0m[38;2;71;50;43m[48;2;83;82;87m▀[0m[38;2;107;75;67m[48;2;83;61;49m▀[0m[38;2;112;77;65m[48;2;153;105;68m▀[0m[38;2;132;91;68m[48;2;156;109;71m▀[0m[38;2;160;109;72m[48;2;123;86;62m▀[0m[38;2;167;117;75m[48;2;168;118;75m▀[0m[38;2;153;108;70m[48;2;164;115;75m▀[0m[38;2;140;98;67m[48;2;98;71;50m▀[0m[38;2;177;124;79m[48;2;61;46;34m▀[0m[38;2;170;119;76m[48;2;157;110;72m▀[0m[38;2;153;107;74m[48;2;170;118;76m▀[0m[38;2;118;83;69m[48;2;80;59;45m▀[0m
   [38;2;0;0;0m▀[0m[38;2;0;0;0m▀[0m[38;2;7;7;7m▀[0m[38;2;35;29;24m▀[0m[38;2;25;25;29m[48;2;72;72;90m▀[0m[38;2;93;93;110m[48;2;164;156;166m▀[0m[38;2;164;157;166m[48;2;149;143;152m▀[0m[38;2;66;64;70m[48;2;120;117;129m▀[0m[38;2;54;51;53m[48;2;103;100;112m▀[0m[38;2;110;107;114m[48;2;114;115;116m▀[0m[38;2;116;118;128m[48;2;248;248;239m▀[0m[38;2;157;153;160m[48;2;125;126;130m▀[0m[38;2;114;112;109m[48;2;103;101;106m▀[0m[38;2;40;38;41m[48;2;212;208;207m▀[0m[38;2;189;188;186m[48;2;192;188;190m▀[0m[38;2;95;95;94m[48;2;88;89;95m▀[0m[38;2;55;53;50m[48;2;157;155;157m▀[0m[38;2;190;190;188m[48;2;189;186;187m▀[0m[38;2;121;121;119m[48;2;155;156;160m▀[0m[38;2;74;54;47m[48;2;100;97;101m▀[0m[38;2;99;69;61m[48;2;27;20;20m▀[0m[38;2;77;55;51m[48;2;44;32;32m▀[0m[38;2;58;41;42m[48;2;59;42;42m▀[0m[38;2;56;41;41m[48;2;49;35;35m▀[0m[38;2;57;40;40m[48;2;30;22;21m▀[0m[38;2;47;44;45m[48;2;18;17;17m▀[0m[38;2;92;88;91m[48;2;120;114;120m▀[0m[38;2;59;53;52m[48;2;142;137;150m▀[0m[38;2;119;83;54m[48;2;107;105;104m▀[0m[38;2;86;63;42m[48;2;47;31;28m▀[0m[38;2;22;20;19m▀[0m[38;2;132;94;62m[48;2;4;8;12m▀[0m[38;2;87;64;43m[48;2;3;7;10m▀[0m[38;2;0;0;0m▀[0m[38;2;29;23;20m▀[0m[38;2;30;26;22m▀[0m[38;2;15;15;15m▀[0m
       [38;2;68;68;83m[48;2;11;11;11m▀[0m[38;2;77;75;80m[48;2;187;188;182m▀[0m[38;2;160;152;161m[48;2;121;121;130m▀[0m[38;2;99;95;99m[48;2;172;171;171m▀[0m[38;2;53;53;57m[48;2;193;189;189m▀[0m[38;2;214;214;210m[48;2;234;234;225m▀[0m[38;2;233;233;224m[48;2;230;230;222m▀[0m[38;2;229;229;221m[48;2;232;231;224m▀[0m[38;2;218;218;213m[48;2;193;192;188m▀[0m[38;2;238;239;229m[48;2;216;217;209m▀[0m[38;2;242;243;233m[48;2;234;233;226m▀[0m[38;2;166;166;169m[48;2;187;186;182m▀[0m[38;2;177;176;177m[48;2;203;201;197m▀[0m[38;2;249;250;240m[48;2;232;232;224m▀[0m[38;2;128;129;126m[48;2;231;231;223m▀[0m[38;2;115;109;117m[48;2;115;116;113m▀[0m[38;2;131;125;133m[48;2;118;116;125m▀[0m[38;2;82;78;80m[48;2;106;101;107m▀[0m[38;2;26;22;22m[48;2;153;146;153m▀[0m[38;2;64;60;62m[48;2;171;163;170m▀[0m[38;2;134;129;135m[48;2;150;143;154m▀[0m[38;2;124;118;124m[48;2;91;90;92m▀[0m[38;2;136;130;141m[48;2;158;158;161m▀[0m[38;2;155;156;159m[48;2;236;236;227m▀[0m[38;2;241;241;232m[48;2;243;243;234m▀[0m[38;2;174;156;147m[48;2;149;149;144m▀[0m[38;2;79;43;35m[48;2;2;2;2m▀[0m      
       [38;2;9;9;8m[48;2;11;11;11m▀[0m[38;2;135;135;139m[48;2;42;42;44m▀[0m[38;2;246;246;236m[48;2;228;226;220m▀[0m[38;2;187;182;184m[48;2;224;223;216m▀[0m[38;2;222;221;215m[48;2;183;178;181m▀[0m[38;2;233;233;225m[48;2;195;192;192m▀[0m[38;2;234;234;225m[48;2;244;245;235m▀[0m[38;2;204;204;198m[48;2;193;194;188m▀[0m[38;2;45;38;41m[48;2;48;37;33m▀[0m[38;2;87;85;82m[48;2;83;54;47m▀[0m[38;2;203;201;196m[48;2;120;90;81m▀[0m[38;2;59;47;50m[48;2;95;63;55m▀[0m[38;2;63;58;61m[48;2;55;48;46m▀[0m[38;2;226;225;218m[48;2;221;222;215m▀[0m[38;2;231;231;223m[48;2;231;231;223m▀[0m[38;2;241;241;233m[48;2;230;230;222m▀[0m[38;2;208;208;200m[48;2;233;233;225m▀[0m[38;2;130;130;124m[48;2;242;242;234m▀[0m[38;2;114;111;120m[48;2;209;209;204m▀[0m[38;2;106;102;116m[48;2;199;200;196m▀[0m[38;2;138;136;144m[48;2;224;224;217m▀[0m[38;2;231;231;223m[48;2;233;233;224m▀[0m[38;2;236;236;227m[48;2;231;231;223m▀[0m[38;2;230;230;222m[48;2;237;237;228m▀[0m[38;2;243;243;234m[48;2;201;200;194m▀[0m[38;2;147;147;143m[48;2;39;39;38m▀[0m[38;2;0;0;0m[48;2;0;0;0m▀[0m      
        [38;2;33;33;35m[48;2;40;53;80m▀[0m[38;2;141;134;145m[48;2;106;103;116m▀[0m[38;2;196;190;192m[48;2;169;160;169m▀[0m[38;2;184;181;182m[48;2;75;69;71m▀[0m[38;2;77;79;83m[48;2;67;45;38m▀[0m[38;2;193;192;189m[48;2;79;61;62m▀[0m[38;2;245;245;237m[48;2;133;124;121m▀[0m[38;2;173;174;168m[48;2;241;242;233m▀[0m[38;2;110;94;92m[48;2;222;221;217m▀[0m[38;2;62;41;35m[48;2;155;157;152m▀[0m[38;2;72;54;54m[48;2;183;183;179m▀[0m[38;2;201;197;193m[48;2;231;230;224m▀[0m[38;2;235;235;227m[48;2;233;234;225m▀[0m[38;2;230;230;222m[48;2;232;233;225m▀[0m[38;2;233;233;225m[48;2;188;184;185m▀[0m[38;2;238;239;231m[48;2;115;104;101m▀[0m[38;2;238;239;231m[48;2;112;101;98m▀[0m[38;2;237;237;228m[48;2;176;170;171m▀[0m[38;2;234;234;225m[48;2;234;235;227m▀[0m[38;2;233;234;225m[48;2;206;202;200m▀[0m[38;2;234;235;226m[48;2;185;179;182m▀[0m[38;2;223;222;216m[48;2;177;170;175m▀[0m[38;2;207;203;202m[48;2;164;155;165m▀[0m[38;2;152;145;151m[48;2;73;71;73m▀[0m[38;2;4;4;4m[48;2;10;10;10m▀[0m       
        [38;2;0;0;127m▀[0m[38;2;89;86;104m▀[0m[38;2;47;47;53m[48;2;10;10;10m▀[0m[38;2;88;61;52m[48;2;82;58;53m▀[0m[38;2;111;78;69m[48;2;109;76;67m▀[0m[38;2;102;70;61m[48;2;109;76;67m▀[0m[38;2;90;60;52m[48;2;107;74;66m▀[0m[38;2;103;91;92m[48;2;55;38;35m▀[0m[38;2;205;203;201m[48;2;72;68;72m▀[0m[38;2;231;229;223m[48;2;161;153;161m▀[0m[38;2;223;222;217m[48;2;163;154;163m▀[0m[38;2;220;219;213m[48;2;168;160;168m▀[0m[38;2;203;200;198m[48;2;122;118;125m▀[0m[38;2;91;85;86m[48;2;54;37;31m▀[0m[38;2;43;35;33m[48;2;113;78;68m▀[0m[38;2;94;62;54m[48;2;107;75;65m▀[0m[38;2;95;63;55m[48;2;107;75;65m▀[0m[38;2;75;53;51m[48;2;111;77;67m▀[0m[38;2;98;85;84m[48;2;79;54;47m▀[0m[38;2;159;153;161m[48;2;62;58;61m▀[0m[38;2;163;155;164m[48;2;162;154;162m▀[0m[38;2;167;158;167m[48;2;149;142;149m▀[0m[38;2;151;144;151m[48;2;47;44;47m▀[0m[38;2;26;28;26m[48;2;0;0;0m▀[0m        
          [38;2;12;12;12m▀[0m[38;2;29;25;25m[48;2;20;19;19m▀[0m[38;2;72;51;49m[48;2;45;34;34m▀[0m[38;2;70;50;47m[48;2;53;39;39m▀[0m[38;2;66;47;45m[48;2;58;41;42m▀[0m[38;2;58;42;42m[48;2;57;41;41m▀[0m[38;2;26;21;21m[48;2;52;36;36m▀[0m[38;2;149;143;149m[48;2;49;47;49m▀[0m[38;2;164;156;164m[48;2;127;123;136m▀[0m[38;2;152;145;154m[48;2;94;93;105m▀[0m[38;2;54;49;51m[48;2;21;17;17m▀[0m[38;2;56;40;39m[48;2;59;43;43m▀[0m[38;2;98;68;61m[48;2;57;41;41m▀[0m[38;2;104;73;65m[48;2;58;42;42m▀[0m[38;2;104;73;65m[48;2;58;42;42m▀[0m[38;2;76;54;50m[48;2;56;40;40m▀[0m[38;2;68;49;47m[48;2;56;40;40m▀[0m[38;2;28;21;21m[48;2;59;43;42m▀[0m[38;2;124;118;124m[48;2;24;22;22m▀[0m[38;2;47;46;47m[48;2;0;0;0m▀[0m[38;2;0;0;0m▀[0m         
           [38;2;0;0;0m▀[0m[38;2;6;11;11m▀[0m[38;2;26;23;23m[48;2;78;34;49m▀[0m[38;2;39;30;30m[48;2;42;23;29m▀[0m[38;2;55;41;40m[48;2;127;55;76m▀[0m[38;2;57;41;41m[48;2;51;39;38m▀[0m[38;2;33;26;28m[48;2;24;19;19m▀[0m[38;2;103;99;107m[48;2;37;34;34m▀[0m[38;2;179;171;178m[48;2;46;45;46m▀[0m[38;2;88;82;86m[48;2;41;40;41m▀[0m[38;2;44;31;31m[48;2;16;16;16m▀[0m[38;2;59;42;42m[48;2;25;21;21m▀[0m[38;2;58;41;41m[48;2;49;38;37m▀[0m[38;2;56;41;40m[48;2;61;40;42m▀[0m[38;2;56;41;41m[48;2;59;42;42m▀[0m[38;2;59;42;42m[48;2;44;34;34m▀[0m[38;2;45;34;34m[48;2;15;15;15m▀[0m[38;2;16;16;16m▀[0m           
         [38;2;44;32;36m▄[0m[38;2;46;37;41m[48;2;94;64;51m▀[0m[38;2;46;35;35m[48;2;65;40;43m▀[0m[38;2;73;44;46m[48;2;177;74;112m▀[0m[38;2;161;68;94m[48;2;157;76;95m▀[0m[38;2;109;41;64m[48;2;218;81;129m▀[0m[38;2;190;68;108m[48;2;197;67;110m▀[0m[38;2;50;28;35m[48;2;146;53;84m▀[0m[38;2;0;0;0m[48;2;27;18;22m▀[0m    [38;2;0;0;0m[48;2;255;72;145m▀[0m[38;2;21;20;20m[48;2;116;54;74m▀[0m[38;2;144;55;84m[48;2;140;53;81m▀[0m[38;2;108;52;67m[48;2;172;62;99m▀[0m[38;2;6;13;10m[48;2;57;30;39m▀[0m[38;2;162;69;100m▄[0m            
         [38;2;22;19;19m▀[0m[38;2;27;23;21m[48;2;12;12;15m▀[0m[38;2;104;68;52m[48;2;6;11;11m▀[0m[38;2;106;63;57m[48;2;41;32;26m▀[0m[38;2;162;74;98m[48;2;87;59;44m▀[0m[38;2;212;84;135m[48;2;15;18;13m▀[0m[38;2;127;51;81m[48;2;0;10;6m▀[0m[38;2;32;19;23m▀[0m[38;2;26;20;20m▀[0m   [38;2;10;10;10m[48;2;7;11;13m▀[0m[38;2;55;35;34m[48;2;118;78;57m▀[0m[38;2;210;88;128m[48;2;68;48;38m▀[0m[38;2;179;70;104m[48;2;94;65;49m▀[0m[38;2;181;69;99m[48;2;137;90;64m▀[0m[38;2;209;85;129m[48;2;47;36;31m▀[0m[38;2;119;58;72m[48;2;126;83;59m▀[0m[38;2;41;30;26m[48;2;75;51;47m▀[0m           
            [38;2;7;10;10m▀[0m[38;2;0;0;3m▀[0m       [38;2;13;13;15m▀[0m[38;2;40;31;26m▀[0m[38;2;0;3;7m▀[0m[38;2;42;32;26m▀[0m[38;2;49;35;28m▀[0m[38;2;0;3;7m▀[0m[38;2;40;30;26m▀[0m[38;2;32;26;23m▀[0m           
[0m