                 [38;2;0;0;0m▄[0m[38;2;0;0;0m[48;2;10;10;8m▀[0m[38;2;19;19;19m[48;2;65;75;90m▀[0m[38;2;19;20;20m[48;2;62;71;85m▀[0m[38;2;15;15;15m[48;2;4;2;0m▀[0m                  
                [38;2;0;0;0m▄[0m[38;2;2;0;0m[48;2;16;16;18m▀[0m[38;2;55;63;74m[48;2;61;70;83m▀[0m[38;2;110;130;157m[48;2;108;127;154m▀[0m[38;2;57;65;77m[48;2;58;67;80m▀[0m[38;2;4;2;0m[48;2;5;2;0m▀[0m                  
                [38;2;4;2;0m[48;2;6;3;0m▀[0m[38;2;56;64;75m[48;2;47;54;62m▀[0m[38;2;107;126;154m[48;2;82;98;123m▀[0m[38;2;81;97;121m[48;2;52;61;77m▀[0m[38;2;60;73;93m[48;2;21;23;23m▀[0m[38;2;0;0;0m▄[0m                  
                [38;2;0;0;0m[48;2;2;0;0m▀[0m[38;2;24;28;28m[48;2;60;72;83m▀[0m[38;2;56;68;82m[48;2;118;145;173m▀[0m[38;2;102;122;150m[48;2;104;126;153m▀[0m[38;2;61;71;83m[48;2;54;62;75m▀[0m[38;2;4;2;0m[48;2;6;4;0m▀[0m                  
                [38;2;4;2;0m[48;2;8;4;4m▀[0m[38;2;53;63;74m[48;2;30;36;43m▀[0m[38;2;106;128;155m[48;2;79;93;116m▀[0m[38;2;79;93;114m[48;2;60;69;81m▀[0m[38;2;35;40;49m[48;2;0;0;0m▀[0m[38;2;9;6;3m▀[0m                  
                 [38;2;0;0;0m[48;2;4;2;0m▀[0m[38;2;57;65;77m[48;2;59;68;81m▀[0m[38;2;65;75;89m[48;2;65;75;89m▀[0m[38;2;6;2;0m[48;2;6;2;0m▀[0m                   
                 [38;2;4;2;0m[48;2;0;0;0m▀[0m[38;2;59;68;81m[48;2;55;62;73m▀[0m[38;2;63;72;85m[48;2;84;99;121m▀[0m[38;2;2;0;0m[48;2;44;53;68m▀[0m                   
               [38;2;73;58;68m▄[0m[38;2;51;39;45m▄[0m[38;2;49;59;75m[48;2;42;51;64m▀[0m[38;2;78;93;113m[48;2;90;108;135m▀[0m[38;2;95;112;140m[48;2;101;118;144m▀[0m[38;2;50;60;76m[48;2;53;61;73m▀[0m[38;2;10;6;3m[48;2;6;4;0m▀[0m  [38;2;68;51;63m▄[0m[38;2;73;55;67m▄[0m[38;2;89;63;80m▄[0m[38;2;88;62;83m▄[0m            
              [38;2;64;52;60m[48;2;63;51;60m▀[0m[38;2;132;75;111m[48;2;145;78;119m▀[0m[38;2;111;53;86m[48;2;158;87;141m▀[0m[38;2;35;47;53m[48;2;66;89;106m▀[0m[38;2;100;118;144m[48;2;102;119;143m▀[0m[38;2;104;122;148m[48;2;103;121;147m▀[0m[38;2;58;66;78m[48;2;55;62;74m▀[0m[38;2;4;2;0m[48;2;0;0;0m▀[0m[38;2;88;64;80m▄[0m[38;2;60;50;57m[48;2;110;67;98m▀[0m[38;2;144;76;119m[48;2;140;77;121m▀[0m[38;2;186;90;149m[48;2;204;94;163m▀[0m[38;2;80;48;68m[48;2;78;42;63m▀[0m[38;2;23;20;23m[48;2;0;6;0m▀[0m            
             [38;2;0;0;0m▄[0m[38;2;96;62;86m[48;2;34;36;45m▀[0m[38;2;72;43;58m[48;2;83;98;123m▀[0m[38;2;62;56;71m[48;2;96;121;143m▀[0m[38;2;100;119;145m[48;2;106;131;156m▀[0m[38;2;98;115;139m[48;2;101;122;146m▀[0m[38;2;101;118;142m[48;2;97;114;138m▀[0m[38;2;83;99;122m[48;2;99;117;141m▀[0m[38;2;29;37;47m[48;2;82;98;123m▀[0m[38;2;56;37;47m[48;2;34;38;48m▀[0m[38;2;92;62;82m[48;2;61;42;52m▀[0m[38;2;122;72;108m[48;2;52;37;47m▀[0m[38;2;126;75;109m[48;2;19;18;19m▀[0m[38;2;82;52;72m[48;2;12;15;13m▀[0m[38;2;0;0;0m[48;2;0;4;0m▀[0m            
      [38;2;141;75;132m▄[0m[38;2;126;74;112m▄[0m[38;2;77;54;69m[48;2;96;61;83m▀[0m[38;2;82;59;76m[48;2;197;91;156m▀[0m[38;2;74;54;69m[48;2;198;91;157m▀[0m[38;2;96;62;87m[48;2;148;69;117m▀[0m[38;2;101;55;86m[48;2;33;42;46m▀[0m[38;2;30;37;40m[48;2;91;109;133m▀[0m[38;2;100;120;144m[48;2;86;106;132m▀[0m[38;2;106;131;156m[48;2;108;134;159m▀[0m[38;2;107;133;158m[48;2;106;131;156m▀[0m[38;2;106;131;156m[48;2;106;131;156m▀[0m[38;2;106;131;156m[48;2;108;133;158m▀[0m[38;2;102;122;147m[48;2;91;112;137m▀[0m[38;2;98;115;139m[48;2;85;102;127m▀[0m[38;2;98;115;140m[48;2;99;117;140m▀[0m[38;2;96;114;138m[48;2;101;118;143m▀[0m[38;2;40;48;54m[48;2;84;101;126m▀[0m[38;2;81;46;69m[48;2;35;40;49m▀[0m[38;2;124;71;110m[48;2;60;42;54m▀[0m[38;2;123;69;108m[48;2;122;72;108m▀[0m[38;2;95;62;86m[48;2;128;74;114m▀[0m[38;2;25;23;24m[48;2;170;82;138m▀[0m[38;2;7;13;8m[48;2;197;89;156m▀[0m[38;2;6;13;6m[48;2;48;29;41m▀[0m[38;2;9;12;10m▄[0m[38;2;7;7;7m▄[0m       
   [38;2;121;72;109m▄[0m[38;2;133;85;109m[48;2;142;78;123m▀[0m[38;2;129;75;113m[48;2;199;91;157m▀[0m[38;2;94;60;83m[48;2;196;89;155m▀[0m[38;2;201;92;159m[48;2;185;88;145m▀[0m[38;2;197;91;156m[48;2;100;63;74m▀[0m[38;2;164;76;130m[48;2;52;35;40m▀[0m[38;2;14;15;14m[48;2;148;87;100m▀[0m[38;2;19;14;17m[48;2;21;31;36m▀[0m[38;2;41;47;54m[48;2;153;165;183m▀[0m[38;2;76;89;107m[48;2;211;215;221m▀[0m[38;2;39;44;51m[48;2;86;104;130m▀[0m[38;2;107;128;154m[48;2;98;115;139m▀[0m[38;2;107;133;158m[48;2;98;115;139m▀[0m[38;2;103;124;149m[48;2;98;115;139m▀[0m[38;2;102;121;146m[48;2;89;107;133m▀[0m[38;2;55;63;75m[48;2;178;185;196m▀[0m[38;2;54;63;74m[48;2;185;197;208m▀[0m[38;2;103;121;146m[48;2;95;117;143m▀[0m[38;2;98;115;139m[48;2;98;114;138m▀[0m[38;2;104;122;148m[48;2;100;117;141m▀[0m[38;2;40;48;56m[48;2;86;103;130m▀[0m[38;2;55;39;48m[48;2;23;33;40m▀[0m[38;2;86;60;78m[48;2;126;74;86m▀[0m[38;2;77;56;70m[48;2;190;112;130m▀[0m[38;2;169;83;136m[48;2;102;68;83m▀[0m[38;2;203;92;160m[48;2;167;81;135m▀[0m[38;2;191;88;151m[48;2;200;91;158m▀[0m[38;2;199;91;157m[48;2;198;90;157m▀[0m[38;2;42;26;36m[48;2;194;89;154m▀[0m[38;2;13;15;13m[48;2;202;92;160m▀[0m[38;2;19;19;19m[48;2;39;26;34m▀[0m[38;2;0;9;0m▄[0m    
  [38;2;115;92;139m[48;2;90;65;90m▀[0m[38;2;139;77;121m[48;2;144;78;124m▀[0m[38;2;199;91;157m[48;2;200;91;158m▀[0m[38;2;199;91;158m[48;2;182;87;143m▀[0m[38;2;169;79;134m[48;2;129;79;92m▀[0m[38;2;38;30;29m[48;2;199;118;134m▀[0m[38;2;190;112;130m[48;2;242;151;158m▀[0m[38;2;201;120;134m[48;2;240;149;157m▀[0m[38;2;184;113;119m[48;2;187;116;122m▀[0m[38;2;66;73;72m[48;2;21;26;32m▀[0m[38;2;200;200;200m[48;2;125;138;157m▀[0m[38;2;32;37;44m[48;2;183;182;179m▀[0m[38;2;100;117;142m[48;2;30;38;47m▀[0m[38;2;98;115;139m[48;2;103;122;147m▀[0m[38;2;98;115;139m[48;2;98;115;139m▀[0m[38;2;98;115;139m[48;2;98;115;140m▀[0m[38;2;102;120;145m[48;2;89;108;134m▀[0m[38;2;50;59;71m[48;2;181;189;201m▀[0m[38;2;147;146;143m[48;2;180;192;204m▀[0m[38;2;180;190;204m[48;2;84;105;129m▀[0m[38;2;90;108;133m[48;2;91;108;130m▀[0m[38;2;100;117;141m[48;2;79;96;121m▀[0m[38;2;84;101;127m[48;2;29;36;44m▀[0m[38;2;27;34;41m[48;2;128;75;86m▀[0m[38;2;132;78;89m[48;2;234;144;155m▀[0m[38;2;186;110;127m[48;2;202;122;136m▀[0m[38;2;187;109;126m[48;2;185;108;125m▀[0m[38;2;97;66;80m[48;2;107;70;85m▀[0m[38;2;168;81;136m[48;2;116;69;104m▀[0m[38;2;200;91;158m[48;2;179;86;144m▀[0m[38;2;197;90;156m[48;2;197;90;156m▀[0m[38;2;197;90;156m[48;2;197;90;156m▀[0m[38;2;205;93;162m[48;2;197;90;156m▀[0m[38;2;40;26;35m[48;2;206;94;163m▀[0m[38;2;0;9;0m[48;2;42;27;36m▀[0m[38;2;0;8;0m▄[0m  
[38;2;18;12;18m▄[0m[38;2;7;21;14m[48;2;52;32;44m▀[0m[38;2;104;65;90m[48;2;209;94;165m▀[0m[38;2;202;91;159m[48;2;195;91;154m▀[0m[38;2;183;87;143m[48;2;124;77;89m▀[0m[38;2;130;79;92m[48;2;192;114;130m▀[0m[38;2;198;118;133m[48;2;246;154;160m▀[0m[38;2;242;151;158m[48;2;228;141;150m▀[0m[38;2;222;136;146m[48;2;173;101;119m▀[0m[38;2;174;101;119m[48;2;201;122;136m▀[0m[38;2;204;122;137m[48;2;230;142;151m▀[0m[38;2;191;119;126m[48;2;185;107;127m▀[0m[38;2;8;5;4m[48;2;142;88;96m▀[0m[38;2;41;45;55m[48;2;57;29;48m▀[0m[38;2;124;133;165m[48;2;221;93;169m▀[0m[38;2;103;112;139m[48;2;170;98;153m▀[0m[38;2;98;117;141m[48;2;91;111;133m▀[0m[38;2;94;111;134m[48;2;60;66;78m▀[0m[38;2;85;101;122m[48;2;33;18;16m▀[0m[38;2;91;110;135m[48;2;65;60;71m▀[0m[38;2;51;62;76m[48;2;92;100;126m▀[0m[38;2;19;15;16m[48;2;155;111;130m▀[0m[38;2;31;22;23m[48;2;191;110;127m▀[0m[38;2;24;20;19m[48;2;228;139;151m▀[0m[38;2;127;76;88m[48;2;211;127;140m▀[0m[38;2;229;140;152m[48;2;212;130;141m▀[0m[38;2;242;151;157m[48;2;238;148;155m▀[0m[38;2;243;152;159m[48;2;238;148;156m▀[0m[38;2;200;121;134m[48;2;244;153;159m▀[0m[38;2;186;110;125m[48;2;200;119;134m▀[0m[38;2;139;80;115m[48;2;110;71;87m▀[0m[38;2;78;55;73m[48;2;73;54;68m▀[0m[38;2;178;85;143m[48;2;183;86;147m▀[0m[38;2;200;91;158m[48;2;189;89;151m▀[0m[38;2;197;90;156m[48;2;201;91;159m▀[0m[38;2;189;88;151m[48;2;141;77;121m▀[0m[38;2;208;94;164m[48;2;184;87;148m▀[0m[38;2;45;28;38m[48;2;207;94;164m▀[0m[38;2;0;7;0m[48;2;48;30;42m▀[0m[38;2;18;12;18m▄[0m
[38;2;20;18;20m[48;2;15;15;15m▀[0m[38;2;175;81;139m[48;2;1;10;5m▀[0m[38;2;164;77;131m[48;2;1;10;5m▀[0m[38;2;159;75;126m[48;2;7;12;8m▀[0m[38;2;105;65;76m[48;2;46;32;36m▀[0m[38;2;190;112;129m[48;2;171;101;118m▀[0m[38;2;232;144;152m[48;2;184;109;126m▀[0m[38;2;230;143;151m[48;2;242;151;158m▀[0m[38;2;197;118;133m[48;2;242;151;159m▀[0m[38;2;242;151;158m[48;2;227;139;149m▀[0m[38;2;216;132;143m[48;2;206;124;138m▀[0m[38;2;196;118;132m[48;2;174;113;115m▀[0m[38;2;153;97;103m[48;2;39;19;38m▀[0m[38;2;86;42;72m[48;2;228;104;180m▀[0m[38;2;200;91;158m[48;2;119;60;98m▀[0m[38;2;145;70;118m[48;2;0;6;0m▀[0m[38;2;68;39;59m[48;2;108;67;76m▀[0m[38;2;100;61;68m[48;2;231;140;154m▀[0m[38;2;238;145;157m[48;2;246;153;160m▀[0m[38;2;218;132;144m[48;2;217;133;144m▀[0m[38;2;206;122;135m[48;2;177;105;122m▀[0m[38;2;246;152;159m[48;2;209;127;139m▀[0m[38;2;210;128;140m[48;2;248;155;162m▀[0m[38;2;209;127;139m[48;2;197;118;133m▀[0m[38;2;243;151;159m[48;2;215;131;143m▀[0m[38;2;193;116;131m[48;2;208;126;139m▀[0m[38;2;216;132;143m[48;2;223;136;147m▀[0m[38;2;240;150;157m[48;2;240;150;157m▀[0m[38;2;242;151;158m[48;2;242;151;158m▀[0m[38;2;193;116;130m[48;2;193;116;130m▀[0m[38;2;188;110;127m[48;2;178;105;122m▀[0m[38;2;111;73;88m[48;2;196;114;132m▀[0m[38;2;154;74;123m[48;2;22;22;18m▀[0m[38;2;142;76;122m[48;2;179;81;141m▀[0m[38;2;171;83;138m[48;2;86;58;77m▀[0m[38;2;202;91;159m[48;2;189;88;151m▀[0m[38;2;122;71;108m[48;2;86;58;76m▀[0m[38;2;197;91;157m[48;2;151;72;120m▀[0m[38;2;208;94;165m[48;2;203;93;161m▀[0m[38;2;20;18;20m[48;2;20;18;20m▀[0m
   [38;2;26;21;22m[48;2;255;255;255m▀[0m[38;2;134;80;98m[48;2;138;83;100m▀[0m[38;2;139;83;99m[48;2;188;110;127m▀[0m[38;2;190;113;129m[48;2;184;109;125m▀[0m[38;2;243;152;159m[48;2;225;139;149m▀[0m[38;2;238;148;156m[48;2;245;153;160m▀[0m[38;2;239;149;157m[48;2;236;146;155m▀[0m[38;2;248;155;162m[48;2;222;137;147m▀[0m[38;2;193;122;128m[48;2;248;154;162m▀[0m[38;2;91;53;70m[48;2;220;138;148m▀[0m[38;2;144;72;122m[48;2;94;66;73m▀[0m[38;2;65;41;60m[48;2;118;74;79m▀[0m[38;2;108;68;75m[48;2;231;140;154m▀[0m[38;2;232;140;154m[48;2;243;152;158m▀[0m[38;2;243;152;158m[48;2;238;148;156m▀[0m[38;2;237;148;156m[48;2;238;148;156m▀[0m[38;2;244;153;159m[48;2;241;150;157m▀[0m[38;2;205;125;137m[48;2;215;132;143m▀[0m[38;2;207;125;138m[48;2;217;133;144m▀[0m[38;2;244;152;160m[48;2;240;149;157m▀[0m[38;2;210;128;140m[48;2;241;150;158m▀[0m[38;2;220;135;146m[48;2;239;149;157m▀[0m[38;2;243;152;159m[48;2;240;149;157m▀[0m[38;2;239;149;157m[48;2;241;150;158m▀[0m[38;2;238;148;156m[48;2;242;151;158m▀[0m[38;2;244;152;159m[48;2;228;141;150m▀[0m[38;2;194;116;130m[48;2;190;114;129m▀[0m[38;2;178;105;122m[48;2;179;106;123m▀[0m[38;2;190;111;129m[48;2;187;109;127m▀[0m[38;2;25;23;21m[48;2;81;53;58m▀[0m[38;2;183;83;145m[48;2;126;60;101m▀[0m[38;2;95;62;84m[48;2;62;43;56m▀[0m[38;2;197;91;156m[48;2;136;66;109m▀[0m[38;2;96;64;86m[48;2;88;59;78m▀[0m[38;2;6;13;8m[48;2;19;17;17m▀[0m[38;2;145;69;116m[48;2;0;8;1m▀[0m[38;2;20;17;18m▀[0m
   [38;2;115;69;92m▀[0m[38;2;131;79;95m▀[0m[38;2;171;101;119m[48;2;129;78;94m▀[0m[38;2;184;108;125m[48;2;163;97;114m▀[0m[38;2;187;110;128m[48;2;102;63;73m▀[0m[38;2;207;128;139m[48;2;86;53;65m▀[0m[38;2;207;125;138m[48;2;188;111;128m▀[0m[38;2;184;110;125m[48;2;218;134;144m▀[0m[38;2;242;151;158m[48;2;246;153;160m▀[0m[38;2;241;150;157m[48;2;239;148;156m▀[0m[38;2;252;156;164m[48;2;240;150;157m▀[0m[38;2;250;156;164m[48;2;239;149;157m▀[0m[38;2;240;149;157m[48;2;240;150;157m▀[0m[38;2;238;148;156m[48;2;238;148;156m▀[0m[38;2;238;148;156m[48;2;238;148;156m▀[0m[38;2;238;148;156m[48;2;238;148;156m▀[0m[38;2;238;148;156m[48;2;242;150;158m▀[0m[38;2;240;150;157m[48;2;242;150;158m▀[0m[38;2;240;149;157m[48;2;239;149;156m▀[0m[38;2;240;149;157m[48;2;227;139;149m▀[0m[38;2;241;150;158m[48;2;214;131;142m▀[0m[38;2;243;151;159m[48;2;216;133;144m▀[0m[38;2;225;138;148m[48;2;191;113;129m▀[0m[38;2;218;133;145m[48;2;156;92;110m▀[0m[38;2;221;135;146m[48;2;168;99;116m▀[0m[38;2;188;111;127m[48;2;182;107;124m▀[0m[38;2;157;93;110m[48;2;150;89;105m▀[0m[38;2;177;105;121m[48;2;151;90;106m▀[0m[38;2;180;106;123m[48;2;176;104;121m▀[0m[38;2;197;115;134m[48;2;184;108;125m▀[0m[38;2;83;55;58m[48;2;174;103;121m▀[0m[38;2;59;40;45m[48;2;145;87;104m▀[0m[38;2;4;11;5m▀[0m    
      [38;2;106;65;80m▀[0m[38;2;0;0;0m[48;2;0;0;0m▀[0m[38;2;41;31;33m[48;2;39;28;30m▀[0m[38;2;208;123;141m[48;2;117;72;83m▀[0m[38;2;213;130;142m[48;2;133;79;96m▀[0m[38;2;203;126;137m[48;2;91;58;67m▀[0m[38;2;235;145;154m[48;2;217;131;144m▀[0m[38;2;215;132;143m[48;2;220;135;146m▀[0m[38;2;230;142;152m[48;2;218;134;145m▀[0m[38;2;219;134;145m[48;2;191;114;130m▀[0m[38;2;240;149;157m[48;2;242;151;158m▀[0m[38;2;238;148;156m[48;2;242;150;158m▀[0m[38;2;241;150;158m[48;2;250;157;163m▀[0m[38;2;209;129;139m[48;2;170;104;117m▀[0m[38;2;211;130;140m[48;2;156;94;109m▀[0m[38;2;252;157;164m[48;2;222;135;147m▀[0m[38;2;187;114;127m[48;2;152;92;107m▀[0m[38;2;161;94;112m[48;2;153;91;108m▀[0m[38;2;177;104;122m[48;2;185;109;126m▀[0m[38;2;183;107;124m[48;2;186;109;126m▀[0m[38;2;133;80;96m[48;2;142;85;102m▀[0m[38;2;161;95;111m[48;2;173;102;119m▀[0m[38;2;182;107;124m[48;2;188;110;128m▀[0m[38;2;188;110;127m[48;2;187;110;127m▀[0m[38;2;128;76;94m[48;2;140;83;101m▀[0m[38;2;172;102;118m[48;2;159;95;113m▀[0m[38;2;168;100;117m[48;2;126;76;91m▀[0m[38;2;137;83;101m[48;2;127;76;94m▀[0m[38;2;98;78;78m[48;2;117;78;98m▀[0m     
        [38;2;0;0;0m▀[0m[38;2;20;18;20m▀[0m[38;2;68;44;53m[48;2;0;0;0m▀[0m[38;2;51;35;39m[48;2;42;29;31m▀[0m[38;2;218;130;146m[48;2;121;76;84m▀[0m[38;2;239;148;156m[48;2;188;112;128m▀[0m[38;2;207;125;138m[48;2;173;105;119m▀[0m[38;2;222;136;147m[48;2;250;156;163m▀[0m[38;2;243;152;159m[48;2;246;153;161m▀[0m[38;2;207;128;138m[48;2;181;112;124m▀[0m[38;2;203;126;136m[48;2;169;104;117m▀[0m[38;2;203;124;136m[48;2;226;138;149m▀[0m[38;2;142;84;101m[48;2;143;85;102m▀[0m[38;2;165;97;114m[48;2;150;89;106m▀[0m[38;2;143;85;102m[48;2;173;102;119m▀[0m[38;2;131;79;95m[48;2;130;78;94m▀[0m[38;2;171;102;118m[48;2;174;103;121m▀[0m[38;2;172;101;119m[48;2;109;67;78m▀[0m[38;2;89;57;66m[48;2;21;18;18m▀[0m[38;2;73;48;54m[48;2;0;0;0m▀[0m[38;2;140;84;99m[48;2;82;51;64m▀[0m[38;2;166;98;117m[48;2;128;77;95m▀[0m[38;2;132;79;95m[48;2;127;63;95m▀[0m[38;2;122;75;91m▀[0m[38;2;63;63;63m▀[0m       
           [38;2;0;0;0m[48;2;0;0;0m▀[0m[38;2;62;43;47m[48;2;36;27;27m▀[0m[38;2;176;102;122m[48;2;103;65;74m▀[0m[38;2;137;82;98m[48;2;183;107;126m▀[0m[38;2;223;137;148m[48;2;186;110;126m▀[0m[38;2;232;143;153m[48;2;194;116;131m▀[0m[38;2;159;96;111m[48;2;147;88;104m▀[0m[38;2;154;92;108m[48;2;144;85;102m▀[0m[38;2;201;120;135m[48;2;161;96;112m▀[0m[38;2;145;86;103m[48;2;149;88;105m▀[0m[38;2;149;88;105m[48;2;173;102;119m▀[0m[38;2;191;112;129m[48;2;195;114;132m▀[0m[38;2;135;83;103m[48;2;98;63;72m▀[0m[38;2;84;56;66m[48;2;8;12;12m▀[0m[38;2;39;28;30m[48;2;0;0;0m▀[0m[38;2;0;0;0m▀[0m             
            [38;2;0;0;0m▀[0m[38;2;26;20;20m[48;2;0;3;0m▀[0m[38;2;106;66;75m[48;2;37;30;34m▀[0m[38;2;192;112;131m[48;2;133;83;101m▀[0m[38;2;179;105;122m[48;2;187;109;126m▀[0m[38;2;173;102;119m[48;2;183;108;125m▀[0m[38;2;175;103;120m[48;2;181;107;124m▀[0m[38;2;146;87;104m[48;2;175;103;120m▀[0m[38;2;147;87;104m[48;2;181;106;123m▀[0m[38;2;193;113;130m[48;2;140;86;104m▀[0m[38;2;150;93;112m[48;2;49;38;46m▀[0m[38;2;75;51;64m[48;2;8;11;11m▀[0m[38;2;0;0;0m▀[0m               
            [38;2;0;8;8m▄[0m[38;2;0;0;0m[48;2;44;31;37m▀[0m[38;2;61;41;47m[48;2;142;84;100m▀[0m[38;2;183;108;126m[48;2;168;99;117m▀[0m[38;2;160;95;111m[48;2;145;86;104m▀[0m[38;2;147;87;104m[48;2;178;105;121m▀[0m[38;2;186;109;126m[48;2;184;108;125m▀[0m[38;2;155;91;108m[48;2;148;88;105m▀[0m[38;2;156;92;109m[48;2;150;88;105m▀[0m[38;2;177;105;122m[48;2;185;109;126m▀[0m[38;2;132;80;95m[48;2;193;113;132m▀[0m[38;2;49;34;41m[48;2;83;54;60m▀[0m[38;2;0;9;6m[48;2;0;2;0m▀[0m               
            [38;2;0;3;0m[48;2;0;0;0m▀[0m[38;2;68;45;51m[48;2;25;19;22m▀[0m[38;2;202;118;137m[48;2;28;23;24m▀[0m[38;2;119;72;83m[48;2;14;14;15m▀[0m[38;2;75;48;55m[48;2;80;52;58m▀[0m[38;2;191;112;131m[48;2;193;113;132m▀[0m[38;2;183;108;125m[48;2;185;109;126m▀[0m[38;2;152;90;107m[48;2;160;95;113m▀[0m[38;2;120;72;89m[48;2;67;44;52m▀[0m[38;2;171;101;119m[48;2;20;19;19m▀[0m[38;2;102;64;73m[48;2;23;21;21m▀[0m[38;2;17;12;12m[48;2;0;0;0m▀[0m[38;2;0;0;0m▀[0m               
             [38;2;0;0;0m▀[0m[38;2;0;0;0m▀[0m[38;2;15;15;15m▀[0m[38;2;19;18;18m▀[0m[38;2;22;19;20m▀[0m[38;2;21;19;19m▀[0m[38;2;22;19;20m▀[0m[38;2;19;17;17m▀[0m[38;2;0;0;0m▀[0m[38;2;0;0;0m▀[0m                 
[0m