                [38;2;0;0;0m▄[0m[38;2;0;127;127m[48;2;33;103;149m▀[0m[38;2;15;90;120m[48;2;35;112;162m▀[0m[38;2;32;101;147m[48;2;47;126;182m▀[0m[38;2;35;109;158m[48;2;60;148;214m▀[0m[38;2;33;103;149m[48;2;58;144;210m▀[0m[38;2;34;108;156m[48;2;62;154;223m▀[0m[38;2;40;110;162m[48;2;65;160;231m▀[0m[38;2;30;90;135m[48;2;40;118;170m▀[0m[38;2;28;96;139m▄[0m[38;2;0;0;255m▄[0m             
               [38;2;31;95;127m[48;2;25;76;110m▀[0m[38;2;30;100;146m[48;2;40;120;174m▀[0m[38;2;48;134;194m[48;2;64;157;227m▀[0m[38;2;66;161;234m[48;2;43;107;160m▀[0m[38;2;43;104;154m[48;2;19;44;72m▀[0m[38;2;21;54;85m▀[0m[38;2;22;54;85m▀[0m[38;2;45;115;170m[48;2;17;44;72m▀[0m[38;2;61;153;222m[48;2;55;136;198m▀[0m[38;2;65;160;232m[48;2;56;145;210m▀[0m[38;2;35;112;161m[48;2;32;103;149m▀[0m[38;2;23;69;115m[48;2;36;72;109m▀[0m             
              [38;2;28;85;113m[48;2;20;91;122m▀[0m[38;2;34;106;153m[48;2;38;117;169m▀[0m[38;2;49;135;195m[48;2;67;163;236m▀[0m[38;2;54;131;193m[48;2;52;129;189m▀[0m[38;2;20;48;75m[48;2;20;48;75m▀[0m  [38;2;21;55;85m[48;2;22;56;86m▀[0m[38;2;36;90;137m[48;2;58;143;209m▀[0m[38;2;60;148;215m[48;2;67;166;241m▀[0m[38;2;33;105;152m[48;2;49;133;192m▀[0m[38;2;28;94;137m▄[0m[38;2;26;93;132m▄[0m[38;2;26;90;132m[48;2;49;135;195m▀[0m[38;2;30;103;148m[48;2;27;80;120m▀[0m           
              [38;2;20;91;122m[48;2;31;95;127m▀[0m[38;2;38;117;169m[48;2;34;104;152m▀[0m[38;2;66;161;233m[48;2;47;129;187m▀[0m[38;2;59;146;213m[48;2;65;159;230m▀[0m[38;2;39;99;148m[48;2;61;152;222m▀[0m[38;2;14;36;61m[48;2;40;98;147m▀[0m[38;2;18;41;63m▄[0m[38;2;22;55;85m▀[0m[38;2;38;97;145m[48;2;19;49;78m▀[0m[38;2;43;108;161m[48;2;17;46;76m▀[0m[38;2;64;156;226m[48;2;36;90;135m▀[0m[38;2;54;145;209m[48;2;42;104;155m▀[0m[38;2;52;142;204m[48;2;41;100;149m▀[0m[38;2;43;106;157m[48;2;19;51;79m▀[0m[38;2;23;55;90m▀[0m           
               [38;2;25;76;119m[48;2;36;72;109m▀[0m[38;2;40;118;172m[48;2;30;99;146m▀[0m[38;2;65;159;231m[48;2;46;130;189m▀[0m[38;2;63;157;227m[48;2;64;158;229m▀[0m[38;2;61;153;223m[48;2;63;156;226m▀[0m[38;2;37;95;140m[48;2;60;148;215m▀[0m[38;2;22;57;90m[48;2;58;146;212m▀[0m[38;2;26;53;80m[48;2;35;89;135m▀[0m[38;2;12;44;63m▄[0m[38;2;19;48;76m▀[0m[38;2;19;51;79m▀[0m[38;2;20;49;78m▀[0m             
                [38;2;0;0;0m▀[0m[38;2;27;95;139m[48;2;21;86;125m▀[0m[38;2;46;130;187m[48;2;43;125;180m▀[0m[38;2;64;158;228m[48;2;63;157;228m▀[0m[38;2;62;155;224m[48;2;62;154;223m▀[0m[38;2;63;157;227m[48;2;63;155;223m▀[0m[38;2;62;155;224m[48;2;63;155;224m▀[0m[38;2;34;86;129m[48;2;63;157;226m▀[0m[38;2;23;46;77m[48;2;32;79;121m▀[0m[38;2;23;46;81m▄[0m              
                 [38;2;0;0;85m▄[0m[38;2;21;85;128m[48;2;29;96;143m▀[0m[38;2;48;131;188m[48;2;72;162;190m▀[0m[38;2;63;157;229m[48;2;83;182;223m▀[0m[38;2;86;183;217m[48;2;84;182;218m▀[0m[38;2;76;172;219m[48;2;103;204;215m▀[0m[38;2;64;160;232m[48;2;68;157;212m▀[0m[38;2;33;82;124m[48;2;30;78;121m▀[0m[38;2;21;42;74m[48;2;26;40;80m▀[0m              
               [38;2;6;77;130m▄[0m[38;2;0;0;51m[48;2;28;96;139m▀[0m[38;2;31;101;145m[48;2;68;163;196m▀[0m[38;2;71;163;195m[48;2;104;207;221m▀[0m[38;2;104;206;221m[48;2;98;198;215m▀[0m[38;2;99;199;214m[48;2;98;198;215m▀[0m[38;2;99;199;215m[48;2;102;206;221m▀[0m[38;2;104;210;226m[48;2;87;180;202m▀[0m[38;2;43;97;130m[48;2;39;90;123m▀[0m[38;2;8;26;61m[48;2;9;39;78m▀[0m               
          [38;2;90;53;78m▄[0m[38;2;88;51;76m▄[0m[38;2;86;49;76m[48;2;178;159;172m▀[0m[38;2;86;50;74m[48;2;189;170;182m▀[0m[38;2;88;71;94m[48;2;194;179;189m▀[0m[38;2;81;156;189m[48;2;225;255;255m▀[0m[38;2;74;161;191m[48;2;146;228;235m▀[0m[38;2;131;216;227m[48;2;131;217;229m▀[0m[38;2;95;196;214m[48;2;102;210;226m▀[0m[38;2;100;202;218m[48;2;85;174;195m▀[0m[38;2;105;211;226m[48;2;64;137;167m▀[0m[38;2;86;177;200m[48;2;42;93;127m▀[0m[38;2;37;86;121m[48;2;0;0;40m▀[0m[38;2;0;0;26m▀[0m                
       [38;2;73;35;59m▄[0m[38;2;92;56;78m[48;2;179;160;173m▀[0m[38;2;89;49;74m[48;2;215;203;211m▀[0m[38;2;176;161;171m[48;2;248;248;248m▀[0m[38;2;202;188;198m[48;2;255;255;255m▀[0m[38;2;254;255;255m[48;2;251;251;251m▀[0m[38;2;255;255;255m[48;2;248;248;247m▀[0m[38;2;255;255;255m[48;2;73;75;76m▀[0m[38;2;113;139;162m[48;2;0;32;82m▀[0m[38;2;80;131;157m[48;2;3;42;88m▀[0m[38;2;51;120;151m[48;2;13;42;81m▀[0m[38;2;60;128;160m[48;2;16;45;85m▀[0m[38;2;43;97;127m[48;2;14;35;77m▀[0m[38;2;10;37;80m▀[0m[38;2;9;36;72m▀[0m                  
 [38;2;31;95;148m▄[0m[38;2;31;104;151m▄[0m[38;2;26;93;138m▄[0m [38;2;85;48;74m▄[0m[38;2;78;39;64m[48;2;176;156;170m▀[0m[38;2;176;156;170m[48;2;251;249;250m▀[0m[38;2;250;248;249m[48;2;252;252;252m▀[0m[38;2;255;255;255m[48;2;250;250;250m▀[0m[38;2;251;251;251m[48;2;250;250;250m▀[0m[38;2;250;250;250m[48;2;250;250;250m▀[0m[38;2;250;250;250m[48;2;250;250;250m▀[0m[38;2;194;194;201m[48;2;181;181;188m▀[0m[38;2;120;120;126m[48;2;242;242;243m▀[0m[38;2;0;0;0m[48;2;221;221;221m▀[0m[38;2;0;0;0m[48;2;173;173;173m▀[0m[38;2;0;0;0m▄[0m                      
[38;2;0;127;127m[48;2;30;98;142m▀[0m[38;2;0;68;127m[48;2;34;102;144m▀[0m[38;2;58;127;166m[48;2;62;126;161m▀[0m[38;2;137;198;212m[48;2;186;242;244m▀[0m[38;2;8;87;136m[48;2;108;144;148m▀[0m[38;2;97;42;63m[48;2;98;95;94m▀[0m[38;2;188;169;182m[48;2;253;253;253m▀[0m[38;2;255;255;255m[48;2;250;250;250m▀[0m[38;2;250;250;250m[48;2;250;250;250m▀[0m[38;2;250;250;250m[48;2;250;250;250m▀[0m[38;2;250;250;250m[48;2;250;250;250m▀[0m[38;2;250;250;250m[48;2;250;250;250m▀[0m[38;2;250;250;250m[48;2;250;250;250m▀[0m[38;2;245;245;246m[48;2;250;250;250m▀[0m[38;2;251;251;251m[48;2;250;250;250m▀[0m[38;2;254;254;254m[48;2;250;250;250m▀[0m[38;2;254;254;254m[48;2;255;255;255m▀[0m[38;2;170;170;170m[48;2;187;187;187m▀[0m[38;2;0;0;0m[48;2;13;13;13m▀[0m[38;2;0;0;0m▄[0m   [38;2;0;76;127m▄[0m[38;2;0;72;127m▄[0m[38;2;0;72;109m▄[0m[38;2;0;0;127m[48;2;37;104;146m▀[0m[38;2;0;127;127m[48;2;29;98;142m▀[0m            
[38;2;39;108;151m[48;2;37;104;146m▀[0m[38;2;179;232;234m[48;2;151;207;217m▀[0m[38;2;174;228;231m[48;2;168;223;228m▀[0m[38;2;183;238;241m[48;2;146;208;221m▀[0m[38;2;112;148;150m[48;2;90;130;139m▀[0m[38;2;99;96;95m[48;2;101;98;96m▀[0m[38;2;255;255;255m[48;2;255;255;255m▀[0m[38;2;250;250;250m[48;2;250;250;250m▀[0m[38;2;250;250;250m[48;2;250;250;250m▀[0m[38;2;250;250;250m[48;2;250;250;250m▀[0m[38;2;250;250;250m[48;2;250;250;250m▀[0m[38;2;250;250;250m[48;2;250;250;250m▀[0m[38;2;250;250;250m[48;2;250;250;250m▀[0m[38;2;250;250;250m[48;2;250;250;250m▀[0m[38;2;250;250;250m[48;2;250;250;250m▀[0m[38;2;250;250;250m[48;2;250;250;250m▀[0m[38;2;250;250;250m[48;2;250;250;250m▀[0m[38;2;255;255;255m[48;2;253;253;254m▀[0m[38;2;166;166;166m[48;2;158;158;160m▀[0m[38;2;0;0;0m[48;2;6;3;3m▀[0m[38;2;0;92;162m[48;2;59;124;160m▀[0m[38;2;8;87;140m[48;2;56;119;160m▀[0m[38;2;0;70;123m[48;2;51;115;155m▀[0m[38;2;44;111;150m[48;2;157;214;223m▀[0m[38;2;48;117;158m[48;2;182;235;235m▀[0m[38;2;46;113;154m[48;2;177;231;233m▀[0m[38;2;165;220;227m[48;2;169;224;228m▀[0m[38;2;27;96;140m[48;2;58;125;162m▀[0m[38;2;0;61;114m[48;2;58;119;152m▀[0m[38;2;22;11;11m[48;2;13;9;8m▀[0m          
[38;2;0;72;127m▄[0m[38;2;41;109;152m[48;2;48;120;163m▀[0m[38;2;157;210;218m[48;2;176;221;223m▀[0m[38;2;45;92;133m[48;2;141;116;124m▀[0m[38;2;19;48;75m[48;2;85;53;70m▀[0m[38;2;110;109;106m[48;2;87;81;86m▀[0m[38;2;255;255;255m[48;2;210;211;210m▀[0m[38;2;250;250;250m[48;2;253;253;253m▀[0m[38;2;250;250;250m[48;2;250;250;250m▀[0m[38;2;250;250;250m[48;2;250;250;250m▀[0m[38;2;250;250;250m[48;2;250;250;250m▀[0m[38;2;250;250;250m[48;2;250;250;250m▀[0m[38;2;250;250;250m[48;2;250;250;250m▀[0m[38;2;250;250;250m[48;2;250;250;250m▀[0m[38;2;250;250;250m[48;2;250;250;250m▀[0m[38;2;250;250;250m[48;2;254;254;254m▀[0m[38;2;255;255;255m[48;2;245;245;245m▀[0m[38;2;227;227;229m[48;2;137;135;137m▀[0m[38;2;108;105;111m[48;2;96;89;94m▀[0m[38;2;70;62;65m[48;2;156;147;154m▀[0m[38;2;134;152;156m[48;2;124;112;117m▀[0m[38;2;173;190;191m[48;2;123;144;144m▀[0m[38;2;144;189;199m[48;2;72;107;135m▀[0m[38;2;126;188;205m[48;2;58;116;152m▀[0m[38;2;165;220;226m[48;2;159;219;227m▀[0m[38;2;173;227;231m[48;2;174;228;232m▀[0m[38;2;173;227;231m[48;2;171;225;228m▀[0m[38;2;185;241;243m[48;2;111;142;146m▀[0m[38;2;121;154;156m[48;2;0;0;0m▀[0m[38;2;6;1;1m[48;2;63;191;255m▀[0m[38;2;0;25;51m[48;2;34;85;129m▀[0m[38;2;25;62;96m[48;2;40;99;149m▀[0m[38;2;26;65;104m[48;2;24;62;95m▀[0m [38;2;20;78;109m▄[0m[38;2;50;137;198m▄[0m[38;2;20;83;119m[48;2;45;127;185m▀[0m[38;2;25;96;136m[48;2;48;139;201m▀[0m[38;2;29;101;144m▄[0m 
[38;2;0;36;72m[48;2;0;0;0m▀[0m[38;2;40;76;99m[48;2;28;22;21m▀[0m[38;2;163;183;187m[48;2;132;119;126m▀[0m[38;2;131;115;125m[48;2;133;120;129m▀[0m[38;2;116;80;103m[48;2;109;74;97m▀[0m[38;2;53;33;46m[48;2;95;67;85m▀[0m[38;2;98;102;102m[48;2;66;58;66m▀[0m[38;2;255;255;255m[48;2;123;120;124m▀[0m[38;2;255;255;255m[48;2;233;230;231m▀[0m[38;2;250;250;250m[48;2;255;255;255m▀[0m[38;2;250;250;250m[48;2;255;255;255m▀[0m[38;2;250;250;250m[48;2;255;255;255m▀[0m[38;2;250;250;250m[48;2;255;255;255m▀[0m[38;2;250;250;250m[48;2;254;254;254m▀[0m[38;2;255;255;255m[48;2;164;159;163m▀[0m[38;2;248;249;249m[48;2;127;125;127m▀[0m[38;2;132;129;132m[48;2;99;92;97m▀[0m[38;2;95;87;93m[48;2;152;143;149m▀[0m[38;2;153;145;151m[48;2;125;120;124m▀[0m[38;2;126;119;124m[48;2;79;69;76m▀[0m[38;2;82;72;78m[48;2;97;69;87m▀[0m[38;2;68;50;61m[48;2;115;80;103m▀[0m[38;2;97;58;76m[48;2;107;71;94m▀[0m[38;2;172;208;214m[48;2;145;152;162m▀[0m[38;2;161;190;194m[48;2;159;185;190m▀[0m[38;2;172;226;230m[48;2;153;170;175m▀[0m[38;2;177;234;237m[48;2;88;111;113m▀[0m[38;2;6;3;2m[48;2;14;5;0m▀[0m [38;2;19;52;76m[48;2;19;52;76m▀[0m[38;2;41;103;153m[48;2;40;100;150m▀[0m[38;2;54;135;197m[48;2;62;155;224m▀[0m[38;2;17;43;70m[48;2;36;91;137m▀[0m[38;2;18;91;127m[48;2;37;101;147m▀[0m[38;2;39;114;165m[48;2;64;166;241m▀[0m[38;2;65;169;245m[48;2;51;114;163m▀[0m[38;2;51;117;166m[48;2;18;26;31m▀[0m[38;2;43;92;129m[48;2;6;0;0m▀[0m[38;2;49;136;197m[48;2;36;74;103m▀[0m[38;2;32;113;164m[48;2;26;63;86m▀[0m
[38;2;0;0;0m▀[0m[38;2;21;18;21m[48;2;0;0;0m▀[0m[38;2;64;60;63m[48;2;37;36;37m▀[0m[38;2;136;125;133m[48;2;156;146;154m▀[0m[38;2;108;82;99m[48;2;98;90;95m▀[0m[38;2;86;59;76m[48;2;51;46;50m▀[0m[38;2;59;51;57m[48;2;130;122;124m▀[0m[38;2;104;97;102m[48;2;152;138;140m▀[0m[38;2;143;134;140m[48;2;131;120;126m▀[0m[38;2;154;147;152m[48;2;125;112;117m▀[0m[38;2;153;146;151m[48;2;128;112;116m▀[0m[38;2;153;146;151m[48;2;124;114;120m▀[0m[38;2;153;146;151m[48;2;123;114;121m▀[0m[38;2;176;171;175m[48;2;135;126;133m▀[0m[38;2;115;106;113m[48;2;142;134;140m▀[0m[38;2;105;98;103m[48;2;143;135;141m▀[0m[38;2;148;140;146m[48;2;141;133;139m▀[0m[38;2;121;116;120m[48;2;132;126;131m▀[0m[38;2;76;65;73m[48;2;111;93;105m▀[0m[38;2;98;69;88m[48;2;111;75;98m▀[0m[38;2;112;79;101m[48;2;109;77;98m▀[0m[38;2;109;76;98m[48;2;108;73;96m▀[0m[38;2;102;79;95m[48;2;123;108;118m▀[0m[38;2;130;115;123m[48;2;138;131;137m▀[0m[38;2;151;164;170m[48;2;148;136;143m▀[0m[38;2;169;200;205m[48;2;65;75;73m▀[0m[38;2;11;5;1m[48;2;49;115;164m▀[0m[38;2;22;59;95m[48;2;54;135;196m▀[0m[38;2;21;56;87m[48;2;49;123;180m▀[0m[38;2;0;0;0m[48;2;21;52;82m▀[0m[38;2;30;76;116m▀[0m[38;2;54;134;196m[48;2;26;69;106m▀[0m[38;2;48;119;176m[48;2;43;107;159m▀[0m[38;2;44;111;164m[48;2;64;160;233m▀[0m[38;2;49;113;160m[48;2;33;67;94m▀[0m[38;2;19;28;37m[48;2;0;0;0m▀[0m[38;2;0;0;0m▀[0m [38;2;9;0;0m▀[0m[38;2;14;2;0m▀[0m
 [38;2;0;0;0m▀[0m[38;2;27;27;27m▀[0m[38;2;48;46;48m[48;2;31;18;21m▀[0m[38;2;87;81;84m[48;2;60;83;91m▀[0m[38;2;135;121;123m[48;2;109;146;156m▀[0m[38;2;113;145;176m[48;2;106;143;180m▀[0m[38;2;68;152;216m[48;2;50;158;237m▀[0m[38;2;123;138;158m[48;2;117;138;163m▀[0m[38;2;98;146;187m[48;2;86;147;197m▀[0m[38;2;73;153;214m[48;2;54;157;233m▀[0m[38;2;133;136;148m[48;2;130;135;149m▀[0m[38;2;142;133;139m[48;2;142;132;137m▀[0m[38;2;143;132;137m[48;2;76;143;160m▀[0m[38;2;143;132;137m[48;2;73;143;160m▀[0m[38;2;142;132;137m[48;2;84;141;157m▀[0m[38;2;140;132;138m[48;2;144;131;137m▀[0m[38;2;143;135;141m[48;2;140;132;138m▀[0m[38;2;128;118;125m[48;2;145;137;143m▀[0m[38;2;104;80;96m[48;2;81;75;79m▀[0m[38;2;112;76;100m[48;2;59;50;56m▀[0m[38;2;103;80;95m[48;2;128;117;125m▀[0m[38;2;130;120;127m[48;2;149;140;146m▀[0m[38;2;151;142;149m[48;2;54;48;48m▀[0m[38;2;54;47;46m[48;2;22;73;107m▀[0m[38;2;47;113;164m[48;2;34;106;155m▀[0m[38;2;63;158;230m[48;2;62;153;222m▀[0m[38;2;63;158;228m[48;2;62;155;224m▀[0m[38;2;63;157;227m[48;2;63;156;226m▀[0m[38;2;49;121;179m[48;2;63;156;225m▀[0m[38;2;19;51;80m[48;2;58;144;210m▀[0m[38;2;36;88;133m[48;2;60;149;217m▀[0m[38;2;62;158;229m[48;2;66;166;240m▀[0m[38;2;40;91;132m[48;2;32;68;99m▀[0m[38;2;61;116;124m[48;2;63;117;122m▀[0m[38;2;49;108;139m[48;2;102;208;228m▀[0m[38;2;5;29;71m[48;2;43;98;132m▀[0m[38;2;13;39;78m▄[0m  
  [38;2;49;24;24m[48;2;52;34;34m▀[0m[38;2;68;89;95m[48;2;63;76;80m▀[0m[38;2;97;205;224m[48;2;88;174;184m▀[0m[38;2;103;155;166m[48;2;101;153;167m▀[0m[38;2;69;87;111m[48;2;122;106;113m▀[0m[38;2;41;133;198m[48;2;141;135;140m▀[0m[38;2;120;141;165m[48;2;140;132;138m▀[0m[38;2;89;149;199m[48;2;140;132;138m▀[0m[38;2;33;111;164m[48;2;143;131;137m▀[0m[38;2;126;127;137m[48;2;72;142;161m▀[0m[38;2;76;146;163m[48;2;105;191;195m▀[0m[38;2;94;195;213m[48;2;107;192;199m▀[0m[38;2;96;197;214m[48;2;94;195;215m▀[0m[38;2;89;188;206m[48;2;92;191;209m▀[0m[38;2;84;139;155m[48;2;81;139;156m▀[0m[38;2;145;131;136m[48;2;145;131;136m▀[0m[38;2;147;139;145m[48;2;140;132;138m▀[0m[38;2;77;73;76m[48;2;149;140;147m▀[0m[38;2;73;69;72m[48;2;74;70;72m▀[0m[38;2;151;142;148m[48;2;10;10;9m▀[0m[38;2;57;51;51m[48;2;26;76;108m▀[0m[38;2;22;73;106m[48;2;31;101;146m▀[0m[38;2;30;100;146m[48;2;30;100;144m▀[0m[38;2;30;98;142m[48;2;29;94;135m▀[0m[38;2;31;100;144m[48;2;17;19;21m▀[0m[38;2;30;94;135m[48;2;15;15;14m▀[0m[38;2;16;18;19m[48;2;72;24;48m▀[0m[38;2;26;48;64m[48;2;41;34;38m▀[0m[38;2;63;158;229m[48;2;34;36;37m▀[0m[38;2;63;157;227m[48;2;19;22;23m▀[0m[38;2;39;87;126m[48;2;93;116;118m▀[0m[38;2;56;101;108m[48;2;146;226;237m▀[0m[38;2;101;205;222m[48;2;96;199;216m▀[0m[38;2;103;206;220m[48;2;39;70;78m▀[0m[38;2;44;100;133m[48;2;6;19;32m▀[0m[38;2;11;41;83m[48;2;0;63;127m▀[0m  
  [38;2;17;28;56m[48;2;15;30;61m▀[0m[38;2;117;90;48m[48;2;111;87;47m▀[0m[38;2;221;153;39m[48;2;167;118;34m▀[0m[38;2;101;96;114m[48;2;83;81;94m▀[0m[38;2;144;136;142m[48;2;146;137;144m▀[0m[38;2;140;132;138m[48;2;140;132;138m▀[0m[38;2;140;132;138m[48;2;140;132;138m▀[0m[38;2;140;132;138m[48;2;142;134;140m▀[0m[38;2;137;126;133m[48;2;100;94;109m▀[0m[38;2;95;147;146m[48;2;235;146;10m▀[0m[38;2;246;182;60m[48;2;254;252;249m▀[0m[38;2;226;128;10m[48;2;255;179;33m▀[0m[38;2;91;152;151m[48;2;250;172;26m▀[0m[38;2;82;183;202m[48;2;93;160;181m▀[0m[38;2;81;141;158m[48;2;86;130;144m▀[0m[38;2;145;131;136m[48;2;145;133;138m▀[0m[38;2;142;134;140m[48;2;136;129;134m▀[0m[38;2;139;131;137m[48;2;79;75;78m▀[0m[38;2;59;52;51m[48;2;35;34;35m▀[0m[38;2;14;51;75m[48;2;44;36;34m▀[0m[38;2;30;99;144m[48;2;28;64;88m▀[0m[38;2;31;102;147m[48;2;21;80;117m▀[0m[38;2;28;91;131m[48;2;17;22;25m▀[0m[38;2;16;21;22m[48;2;0;0;0m▀[0m[38;2;113;81;100m▄[0m[38;2;110;72;94m[48;2;153;128;145m▀[0m[38;2;131;102;122m[48;2;255;255;255m▀[0m[38;2;158;134;148m[48;2;255;255;255m▀[0m[38;2;245;255;255m[48;2;254;251;251m▀[0m[38;2;177;231;236m[48;2;229;243;245m▀[0m[38;2;178;230;234m[48;2;206;236;238m▀[0m[38;2;189;240;244m[48;2;216;239;241m▀[0m[38;2;89;112;111m[48;2;182;237;241m▀[0m[38;2;41;70;92m[48;2;162;215;217m▀[0m[38;2;34;74;108m[48;2;52;63;62m▀[0m[38;2;22;55;83m[48;2;0;0;0m▀[0m  
 [38;2;46;46;46m▄[0m[38;2;72;66;70m▄[0m[38;2;56;56;63m[48;2;95;89;93m▀[0m[38;2;93;89;101m[48;2;92;86;90m▀[0m[38;2;132;122;128m[48;2;119;112;117m▀[0m[38;2;142;134;140m[48;2;143;134;141m▀[0m[38;2;140;132;138m[48;2;140;132;138m▀[0m[38;2;140;132;138m[48;2;140;132;138m▀[0m[38;2;141;133;139m[48;2;140;132;138m▀[0m[38;2;114;107;118m[48;2;139;131;136m▀[0m[38;2;218;153;85m[48;2;199;203;214m▀[0m[38;2;242;202;156m[48;2;238;174;103m▀[0m[38;2;255;172;21m[48;2;255;213;127m▀[0m[38;2;255;207;113m[48;2;251;255;255m▀[0m[38;2;246;241;244m[48;2;180;175;178m▀[0m[38;2;114;100;107m[48;2;139;131;137m▀[0m[38;2;144;137;143m[48;2;141;133;139m▀[0m[38;2;112;105;110m[48;2;146;138;144m▀[0m[38;2;104;98;103m[48;2;143;135;141m▀[0m[38;2;153;143;150m[48;2;144;135;142m▀[0m[38;2;153;145;152m[48;2;151;143;150m▀[0m[38;2;86;78;79m[48;2;111;101;105m▀[0m[38;2;58;51;50m[48;2;101;94;98m▀[0m[38;2;24;23;23m[48;2;35;35;35m▀[0m[38;2;0;0;0m[48;2;12;12;12m▀[0m[38;2;111;78;100m[48;2;138;119;135m▀[0m[38;2;255;255;255m[48;2;254;254;254m▀[0m[38;2;250;250;250m[48;2;250;250;250m▀[0m[38;2;250;250;250m[48;2;250;250;250m▀[0m[38;2;250;250;250m[48;2;250;250;250m▀[0m[38;2;255;251;251m[48;2;250;250;250m▀[0m[38;2;226;242;244m[48;2;255;252;251m▀[0m[38;2;207;237;239m[48;2;222;241;242m▀[0m[38;2;224;255;255m[48;2;244;255;255m▀[0m[38;2;60;70;71m[48;2;146;142;144m▀[0m[38;2;0;0;0m[48;2;38;38;40m▀[0m[38;2;0;0;0m▄[0m  
 [38;2;15;15;15m[48;2;0;0;0m▀[0m[38;2;65;61;63m[48;2;24;24;26m▀[0m[38;2;139;131;137m[48;2;87;81;85m▀[0m[38;2;69;66;69m[48;2;144;133;141m▀[0m[38;2;112;105;110m[48;2;151;143;149m▀[0m[38;2;143;135;141m[48;2;142;134;140m▀[0m[38;2;140;132;138m[48;2;141;133;139m▀[0m[38;2;140;132;138m[48;2;140;132;138m▀[0m[38;2;140;132;138m[48;2;140;132;138m▀[0m[38;2;140;132;138m[48;2;140;132;138m▀[0m[38;2;132;123;129m[48;2;140;132;138m▀[0m[38;2;193;195;206m[48;2;134;125;132m▀[0m[38;2;197;198;211m[48;2;133;125;131m▀[0m[38;2;188;183;187m[48;2;134;126;132m▀[0m[38;2;113;103;110m[48;2;142;135;141m▀[0m[38;2;143;135;141m[48;2;146;138;144m▀[0m[38;2;123;116;121m[48;2;136;128;134m▀[0m[38;2;110;104;109m[48;2;81;76;79m▀[0m[38;2;157;148;155m[48;2;62;56;59m▀[0m[38;2;109;100;104m[48;2;52;76;82m▀[0m[38;2;74;62;63m[48;2;34;80;92m▀[0m[38;2;47;74;82m[48;2;63;141;160m▀[0m[38;2;12;23;25m[48;2;28;49;53m▀[0m[38;2;37;31;33m▄[0m[38;2;11;11;11m[48;2;33;31;32m▀[0m[38;2;185;187;195m[48;2;100;98;103m▀[0m[38;2;219;219;222m[48;2;185;185;194m▀[0m[38;2;255;255;255m[48;2;208;208;213m▀[0m[38;2;254;254;253m[48;2;218;218;221m▀[0m[38;2;250;250;250m[48;2;255;255;255m▀[0m[38;2;250;250;250m[48;2;255;255;255m▀[0m[38;2;252;252;252m[48;2;235;235;237m▀[0m[38;2;255;255;255m[48;2;208;208;212m▀[0m[38;2;236;234;235m[48;2;187;187;194m▀[0m[38;2;207;207;215m[48;2;195;195;204m▀[0m[38;2;59;59;61m[48;2;61;61;63m▀[0m[38;2;0;0;0m[48;2;0;0;0m▀[0m  
  [38;2;0;0;0m▀[0m[38;2;17;15;17m[48;2;0;0;0m▀[0m[38;2;47;44;47m[48;2;0;0;0m▀[0m[38;2;84;78;82m[48;2;7;9;7m▀[0m[38;2;123;111;120m[48;2;20;18;19m▀[0m[38;2;133;124;131m[48;2;76;69;74m▀[0m[38;2;143;136;141m[48;2;124;112;121m▀[0m[38;2;144;136;142m[48;2;86;80;85m▀[0m[38;2;147;139;145m[48;2;46;43;45m▀[0m[38;2;148;139;146m[48;2;38;37;38m▀[0m[38;2;143;135;141m[48;2;107;97;104m▀[0m[38;2;142;134;140m[48;2;117;106;114m▀[0m[38;2;143;135;141m[48;2;118;107;114m▀[0m[38;2;141;133;139m[48;2;102;89;96m▀[0m[38;2;100;90;96m[48;2;34;50;54m▀[0m[38;2;79;70;72m[48;2;67;124;134m▀[0m[38;2;146;138;144m[48;2;39;27;28m▀[0m[38;2;49;38;39m[48;2;61;90;97m▀[0m[38;2;32;73;83m[48;2;89;182;198m▀[0m[38;2;72;159;182m[48;2;75;160;178m▀[0m[38;2;70;155;175m[48;2;70;155;177m▀[0m[38;2;22;39;43m[48;2;16;35;39m▀[0m[38;2;99;91;95m[48;2;122;113;118m▀[0m[38;2;117;109;114m[48;2;146;138;144m▀[0m[38;2;105;98;103m[48;2;143;135;141m▀[0m[38;2;96;95;99m[48;2;111;104;109m▀[0m[38;2;183;184;192m[48;2;96;93;98m▀[0m[38;2;180;180;188m[48;2;183;183;191m▀[0m[38;2;203;203;209m[48;2;176;176;184m▀[0m[38;2;203;203;208m[48;2;176;176;184m▀[0m[38;2;190;190;197m[48;2;177;177;185m▀[0m[38;2;173;173;182m[48;2;179;179;187m▀[0m[38;2;185;185;194m[48;2;196;196;205m▀[0m[38;2;108;108;113m[48;2;67;67;70m▀[0m[38;2;37;37;39m[48;2;0;0;0m▀[0m[38;2;0;0;0m▀[0m  
    [38;2;96;54;83m[48;2;88;48;75m▀[0m[38;2;164;143;157m[48;2;177;155;169m▀[0m[38;2;214;215;214m[48;2;255;255;255m▀[0m[38;2;104;102;103m[48;2;239;239;239m▀[0m[38;2;9;7;9m[48;2;230;231;231m▀[0m[38;2;76;68;74m[48;2;79;79;79m▀[0m[38;2;92;83;90m[48;2;18;17;18m▀[0m[38;2;88;78;85m[48;2;25;24;25m▀[0m[38;2;103;92;100m[48;2;25;24;25m▀[0m[38;2;24;22;23m[48;2;223;223;223m▀[0m[38;2;20;17;18m[48;2;227;228;227m▀[0m[38;2;42;45;47m[48;2;231;232;232m▀[0m[38;2;140;202;210m[48;2;248;252;253m▀[0m[38;2;88;192;210m[48;2;219;240;243m▀[0m[38;2;78;162;177m[48;2;137;216;226m▀[0m[38;2;90;183;199m[48;2;94;198;216m▀[0m[38;2;101;204;222m[48;2;98;198;215m▀[0m[38;2;100;203;222m[48;2;104;211;230m▀[0m[38;2;38;76;83m[48;2;31;60;65m▀[0m[38;2;96;90;94m[48;2;112;101;105m▀[0m[38;2;139;131;137m[48;2;143;135;141m▀[0m[38;2;140;132;138m[48;2;140;132;138m▀[0m[38;2;141;133;139m[48;2;140;132;138m▀[0m[38;2;134;126;132m[48;2;141;133;139m▀[0m[38;2;64;61;64m[48;2;116;109;114m▀[0m[38;2;189;189;197m[48;2;55;55;57m▀[0m[38;2;179;179;187m[48;2;188;188;196m▀[0m[38;2;179;179;187m[48;2;187;187;195m▀[0m[38;2;181;181;189m[48;2;115;115;119m▀[0m[38;2;194;194;203m[48;2;22;22;23m▀[0m[38;2;102;102;106m[48;2;24;24;24m▀[0m[38;2;25;25;25m[48;2;0;0;0m▀[0m[38;2;0;0;0m▀[0m   
    [38;2;88;49;75m▀[0m[38;2;171;151;164m[48;2;76;41;63m▀[0m[38;2;253;252;252m[48;2;182;165;176m▀[0m[38;2;251;251;251m[48;2;255;255;255m▀[0m[38;2;252;252;252m[48;2;250;250;250m▀[0m[38;2;244;244;244m[48;2;250;250;250m▀[0m[38;2;241;241;241m[48;2;251;251;251m▀[0m[38;2;241;242;242m[48;2;251;251;251m▀[0m[38;2;242;242;242m[48;2;251;251;251m▀[0m[38;2;252;252;252m[48;2;250;250;250m▀[0m[38;2;252;252;252m[48;2;251;251;251m▀[0m[38;2;254;253;253m[48;2;252;252;252m▀[0m[38;2;238;247;247m[48;2;252;252;251m▀[0m[38;2;153;218;226m[48;2;224;222;224m▀[0m[38;2;95;195;213m[48;2;179;193;200m▀[0m[38;2;135;213;223m[48;2;142;219;229m▀[0m[38;2;139;225;236m[48;2;92;198;216m▀[0m[38;2;36;79;86m[48;2;42;75;80m▀[0m[38;2;96;88;91m[48;2;104;95;98m▀[0m[38;2;145;136;143m[48;2;138;130;136m▀[0m[38;2;140;132;138m[48;2;139;131;137m▀[0m[38;2;140;132;138m[48;2;140;132;138m▀[0m[38;2;140;132;138m[48;2;140;132;138m▀[0m[38;2;142;134;140m[48;2;142;134;140m▀[0m[38;2;124;117;122m[48;2;124;117;123m▀[0m[38;2;9;10;9m[48;2;11;11;11m▀[0m[38;2;21;21;21m▀[0m[38;2;22;22;22m▀[0m[38;2;19;19;19m▀[0m[38;2;0;0;0m▀[0m[38;2;0;0;0m▀[0m     
     [38;2;0;0;0m▀[0m[38;2;115;115;115m[48;2;0;0;0m▀[0m[38;2;232;232;234m[48;2;79;79;83m▀[0m[38;2;255;255;255m[48;2;176;176;179m▀[0m[38;2;254;254;254m[48;2;229;229;231m▀[0m[38;2;252;252;252m[48;2;241;241;244m▀[0m[38;2;252;252;252m[48;2;239;239;242m▀[0m[38;2;252;252;252m[48;2;239;239;242m▀[0m[38;2;252;252;251m[48;2;237;237;239m▀[0m[38;2;238;238;239m[48;2;183;183;191m▀[0m[38;2;239;239;241m[48;2;184;184;193m▀[0m[38;2;225;225;228m[48;2;170;170;178m▀[0m[38;2;181;181;190m[48;2;129;129;135m▀[0m[38;2;175;169;176m[48;2;94;93;98m▀[0m[38;2;117;160;171m[48;2;32;27;28m▀[0m[38;2;46;87;94m[48;2;83;76;79m▀[0m[38;2;105;93;96m[48;2;112;107;111m▀[0m[38;2;156;147;154m[48;2;119;112;117m▀[0m[38;2;60;57;60m[48;2;38;37;38m▀[0m[38;2;127;119;125m[48;2;92;87;91m▀[0m[38;2;143;134;140m[48;2;134;126;132m▀[0m[38;2;136;128;134m[48;2;167;161;165m▀[0m[38;2;137;129;135m[48;2;170;165;169m▀[0m[38;2;133;125;130m[48;2;143;135;141m▀[0m[38;2;64;59;64m[48;2;120;114;119m▀[0m[38;2;7;7;7m[48;2;5;6;5m▀[0m         
       [38;2;0;0;0m▀[0m[38;2;0;0;0m▀[0m[38;2;92;92;96m[48;2;19;19;19m▀[0m[38;2;119;120;125m[48;2;38;33;36m▀[0m[38;2;110;110;116m[48;2;76;76;79m▀[0m[38;2;110;110;115m[48;2;81;82;85m▀[0m[38;2;117;117;123m[48;2;25;23;24m▀[0m[38;2;124;124;130m[48;2;0;0;0m▀[0m[38;2;122;122;128m[48;2;15;15;14m▀[0m[38;2;104;104;108m[48;2;150;151;150m▀[0m[38;2;77;77;76m[48;2;255;255;255m▀[0m[38;2;112;109;112m[48;2;189;183;187m▀[0m[38;2;165;154;162m[48;2;114;106;112m▀[0m[38;2;73;69;72m[48;2;49;47;48m▀[0m[38;2;15;14;14m[48;2;77;71;75m▀[0m[38;2;59;54;57m[48;2;110;100;107m▀[0m[38;2;76;70;75m[48;2;108;97;105m▀[0m[38;2;8;9;8m[48;2;61;54;59m▀[0m[38;2;171;167;171m[48;2;147;147;147m▀[0m[38;2;255;255;255m[48;2;204;201;204m▀[0m[38;2;214;212;213m[48;2;136;129;134m▀[0m[38;2;141;133;139m[48;2;143;134;141m▀[0m[38;2;117;113;117m[48;2;105;89;100m▀[0m[38;2;5;6;5m[48;2;6;8;6m▀[0m         
         [38;2;56;52;56m[48;2;24;24;24m▀[0m[38;2;99;90;97m[48;2;93;74;87m▀[0m[38;2;145;140;148m[48;2;104;79;96m▀[0m[38;2;150;144;153m[48;2;98;87;95m▀[0m[38;2;40;38;39m[48;2;15;15;15m▀[0m[38;2;42;42;42m[48;2;36;36;36m▀[0m[38;2;64;62;63m[48;2;71;67;70m▀[0m[38;2;209;205;208m[48;2;135;125;132m▀[0m[38;2;176;172;175m[48;2;118;93;110m▀[0m[38;2;144;136;142m[48;2;103;87;98m▀[0m[38;2;82;78;81m[48;2;44;44;44m▀[0m[38;2;24;25;25m[48;2;23;26;26m▀[0m[38;2;97;79;91m[48;2;48;37;44m▀[0m[38;2;111;86;103m[48;2;94;65;84m▀[0m[38;2;104;92;101m[48;2;113;85;104m▀[0m[38;2;92;83;90m[48;2;41;36;39m▀[0m[38;2;0;0;0m[48;2;0;0;0m▀[0m[38;2;89;82;86m[48;2;28;25;26m▀[0m[38;2;124;103;117m[48;2;107;74;96m▀[0m[38;2;123;100;116m[48;2;109;75;98m▀[0m[38;2;89;61;80m[48;2;91;66;83m▀[0m[38;2;8;10;9m[48;2;7;11;9m▀[0m         
         [38;2;5;9;8m[48;2;7;10;9m▀[0m[38;2;91;65;83m[48;2;94;68;86m▀[0m[38;2;111;77;100m[48;2;118;82;105m▀[0m[38;2;112;84;103m[48;2;42;32;38m▀[0m[38;2;18;18;18m[48;2;14;14;14m▀[0m[38;2;48;48;48m[48;2;11;11;11m▀[0m[38;2;68;61;66m[48;2;38;32;35m▀[0m[38;2;119;90;109m[48;2;115;79;103m▀[0m[38;2;114;78;101m[48;2;89;64;81m▀[0m[38;2;76;54;68m[48;2;25;22;24m▀[0m[38;2;0;1;0m[48;2;0;9;9m▀[0m [38;2;0;4;0m[48;2;7;7;7m▀[0m[38;2;85;62;78m[48;2;32;26;30m▀[0m[38;2;123;85;110m[48;2;38;31;36m▀[0m[38;2;31;26;29m[48;2;24;21;24m▀[0m[38;2;0;0;0m[48;2;0;0;0m▀[0m[38;2;16;15;15m[48;2;19;18;19m▀[0m[38;2;109;77;98m[48;2;114;80;102m▀[0m[38;2;113;79;101m[48;2;104;73;94m▀[0m[38;2;108;76;97m[48;2;30;25;27m▀[0m[38;2;9;9;9m▀[0m         
         [38;2;10;10;10m▀[0m[38;2;27;23;26m[48;2;0;0;0m▀[0m[38;2;30;25;28m[48;2;0;0;0m▀[0m[38;2;10;10;10m▀[0m [38;2;0;0;0m[48;2;0;0;0m▀[0m[38;2;31;26;29m[48;2;19;19;19m▀[0m[38;2;119;83;107m[48;2;24;21;23m▀[0m[38;2;82;60;75m[48;2;22;19;20m▀[0m[38;2;3;8;3m[48;2;0;0;0m▀[0m   [38;2;0;0;0m▀[0m[38;2;0;0;0m▀[0m  [38;2;13;13;13m▀[0m[38;2;28;24;27m[48;2;0;0;0m▀[0m[38;2;26;23;25m[48;2;0;0;0m▀[0m[38;2;0;0;0m▀[0m          
[0m