                                   [38;2;134;139;145m▄[0m[38;2;134;139;145m[48;2;180;180;180m▀[0m[38;2;134;139;145m[48;2;180;180;180m▀[0m[38;2;134;139;145m[48;2;180;180;180m▀[0m[38;2;134;139;145m▄[0m                                            
                                  [38;2;16;16;16m▄[0m[38;2;134;139;145m[48;2;180;180;180m▀[0m[38;2;180;180;180m[48;2;180;180;180m▀[0m[38;2;180;180;180m[48;2;180;180;180m▀[0m[38;2;180;180;180m[48;2;180;180;180m▀[0m[38;2;222;222;222m[48;2;180;180;180m▀[0m[38;2;16;16;16m[48;2;16;16;16m▀[0m                                           
                                  [38;2;16;16;16m[48;2;16;16;16m▀[0m[38;2;180;180;180m[48;2;180;180;180m▀[0m[38;2;180;180;180m[48;2;180;180;180m▀[0m[38;2;180;180;180m[48;2;180;180;180m▀[0m[38;2;180;180;180m[48;2;180;180;180m▀[0m[38;2;180;180;180m[48;2;180;180;180m▀[0m[38;2;16;16;16m[48;2;16;16;16m▀[0m                                           
                                   [38;2;16;16;16m[48;2;16;16;16m▀[0m[38;2;134;139;145m[48;2;134;139;145m▀[0m[38;2;180;180;180m[48;2;134;139;145m▀[0m[38;2;180;180;180m[48;2;134;139;145m▀[0m[38;2;134;139;145m[48;2;16;16;16m▀[0m                                            
          [38;2;16;16;16m▄[0m[38;2;134;139;145m[48;2;134;139;145m▀[0m[38;2;134;139;145m[48;2;180;180;180m▀[0m[38;2;134;139;145m[48;2;180;180;180m▀[0m[38;2;134;139;145m[48;2;222;222;222m▀[0m[38;2;134;139;145m▄[0m                    [38;2;16;16;16m[48;2;16;16;16m▀[0m[38;2;134;139;145m[48;2;134;139;145m▀[0m[38;2;16;16;16m[48;2;16;16;16m▀[0m                                             
          [38;2;16;16;16m[48;2;16;16;16m▀[0m[38;2;180;180;180m[48;2;180;180;180m▀[0m[38;2;180;180;180m[48;2;180;180;180m▀[0m[38;2;180;180;180m[48;2;180;180;180m▀[0m[38;2;180;180;180m[48;2;180;180;180m▀[0m[38;2;222;222;222m[48;2;180;180;180m▀[0m[38;2;134;139;145m[48;2;134;139;145m▀[0m                   [38;2;16;16;16m[48;2;16;16;16m▀[0m[38;2;180;180;180m[48;2;180;180;180m▀[0m[38;2;16;16;16m[48;2;16;16;16m▀[0m                      [38;2;134;139;145m▄[0m[38;2;134;139;145m[48;2;222;222;222m▀[0m[38;2;134;139;145m[48;2;222;222;222m▀[0m[38;2;134;139;145m[48;2;180;180;180m▀[0m[38;2;16;16;16m▄[0m                  
           [38;2;134;139;145m[48;2;16;16;16m▀[0m[38;2;180;180;180m[48;2;134;139;145m▀[0m[38;2;134;139;145m[48;2;134;139;145m▀[0m[38;2;134;139;145m[48;2;134;139;145m▀[0m[38;2;134;139;145m[48;2;134;139;145m▀[0m[38;2;180;180;180m[48;2;134;139;145m▀[0m[38;2;134;139;145m[48;2;134;139;145m▀[0m                  [38;2;16;16;16m[48;2;16;16;16m▀[0m[38;2;180;180;180m[48;2;180;180;180m▀[0m[38;2;16;16;16m[48;2;16;16;16m▀[0m                     [38;2;134;139;145m[48;2;134;139;145m▀[0m[38;2;180;180;180m[48;2;180;180;180m▀[0m[38;2;180;180;180m[48;2;180;180;180m▀[0m[38;2;180;180;180m[48;2;180;180;180m▀[0m[38;2;180;180;180m[48;2;180;180;180m▀[0m[38;2;16;16;16m[48;2;16;16;16m▀[0m                  
            [38;2;16;16;16m▀[0m[38;2;16;16;16m▀[0m[38;2;134;139;145m[48;2;16;16;16m▀[0m[38;2;134;139;145m[48;2;16;16;16m▀[0m[38;2;134;139;145m[48;2;134;139;145m▀[0m[38;2;134;139;145m[48;2;134;139;145m▀[0m[38;2;134;139;145m▄[0m                [38;2;16;16;16m▄[0m[38;2;134;139;145m[48;2;134;139;145m▀[0m[38;2;180;180;180m[48;2;180;180;180m▀[0m[38;2;16;16;16m[48;2;16;16;16m▀[0m                    [38;2;134;139;145m[48;2;134;139;145m▀[0m[38;2;180;180;180m[48;2;134;139;145m▀[0m[38;2;180;180;180m[48;2;180;180;180m▀[0m[38;2;180;180;180m[48;2;180;180;180m▀[0m[38;2;180;180;180m[48;2;134;139;145m▀[0m[38;2;134;139;145m[48;2;16;16;16m▀[0m[38;2;16;16;16m▀[0m                  
                [38;2;16;16;16m▀[0m[38;2;134;139;145m[48;2;16;16;16m▀[0m[38;2;180;180;180m[48;2;180;180;180m▀[0m[38;2;134;139;145m[48;2;180;180;180m▀[0m[38;2;134;139;145m▄[0m              [38;2;16;16;16m[48;2;16;16;16m▀[0m[38;2;180;180;180m[48;2;180;180;180m▀[0m[38;2;180;180;180m[48;2;180;180;180m▀[0m[38;2;16;16;16m[48;2;16;16;16m▀[0m                   [38;2;134;139;145m▄[0m[38;2;134;139;145m[48;2;134;139;145m▀[0m[38;2;134;139;145m[48;2;16;16;16m▀[0m[38;2;134;139;145m[48;2;16;16;16m▀[0m[38;2;16;16;16m▀[0m[38;2;16;16;16m▀[0m                    
                  [38;2;16;16;16m▀[0m[38;2;180;180;180m[48;2;16;16;16m▀[0m[38;2;180;180;180m[48;2;180;180;180m▀[0m[38;2;134;139;145m[48;2;180;180;180m▀[0m[38;2;134;139;145m▄[0m            [38;2;16;16;16m[48;2;16;16;16m▀[0m[38;2;180;180;180m[48;2;16;16;16m▀[0m[38;2;180;180;180m[48;2;16;16;16m▀[0m[38;2;16;16;16m▀[0m                 [38;2;134;139;145m▄[0m[38;2;134;139;145m[48;2;180;180;180m▀[0m[38;2;134;139;145m[48;2;16;16;16m▀[0m[38;2;16;16;16m▀[0m                        
                    [38;2;16;16;16m[48;2;16;16;16m▀[0m[38;2;180;180;180m[48;2;134;139;145m▀[0m[38;2;180;180;180m[48;2;180;180;180m▀[0m[38;2;134;139;145m[48;2;180;180;180m▀[0m[38;2;134;139;145m▄[0m                             [38;2;134;139;145m▄[0m[38;2;134;139;145m[48;2;180;180;180m▀[0m[38;2;180;180;180m[48;2;180;180;180m▀[0m[38;2;134;139;145m[48;2;16;16;16m▀[0m[38;2;16;16;16m▀[0m                         
[38;2;134;139;145m▄[0m[38;2;134;139;145m[48;2;180;180;180m▀[0m[38;2;134;139;145m[48;2;180;180;180m▀[0m[38;2;134;139;145m[48;2;222;222;222m▀[0m[38;2;134;139;145m▄[0m                [38;2;16;16;16m▀[0m[38;2;134;139;145m[48;2;16;16;16m▀[0m[38;2;134;139;145m[48;2;16;16;16m▀[0m[38;2;16;16;16m▀[0m                           [38;2;16;16;16m▄[0m[38;2;134;139;145m[48;2;180;180;180m▀[0m[38;2;180;180;180m[48;2;180;180;180m▀[0m[38;2;180;180;180m[48;2;16;16;16m▀[0m[38;2;16;16;16m▀[0m                           
[38;2;134;139;145m[48;2;16;16;16m▀[0m[38;2;180;180;180m[48;2;180;180;180m▀[0m[38;2;180;180;180m[48;2;180;180;180m▀[0m[38;2;180;180;180m[48;2;180;180;180m▀[0m[38;2;222;222;222m[48;2;134;139;145m▀[0m[38;2;134;139;145m[48;2;134;139;145m▀[0m                                              [38;2;16;16;16m▀[0m[38;2;180;180;180m[48;2;16;16;16m▀[0m[38;2;134;139;145m[48;2;16;16;16m▀[0m[38;2;16;16;16m▀[0m                     [38;2;134;139;145m▄[0m[38;2;134;139;145m[48;2;180;180;180m▀[0m[38;2;134;139;145m[48;2;180;180;180m▀[0m[38;2;134;139;145m[48;2;180;180;180m▀[0m[38;2;134;139;145m[48;2;222;222;222m▀[0m[38;2;134;139;145m▄[0m 
 [38;2;16;16;16m▀[0m[38;2;134;139;145m[48;2;16;16;16m▀[0m[38;2;134;139;145m[48;2;16;16;16m▀[0m[38;2;134;139;145m[48;2;134;139;145m▀[0m[38;2;134;139;145m[48;2;134;139;145m▀[0m[38;2;134;139;145m▄[0m                      [38;2;129;71;36m▄[0m[38;2;129;71;36m[48;2;220;165;61m▀[0m[38;2;129;71;36m[48;2;253;216;66m▀[0m[38;2;129;71;36m[48;2;253;216;66m▀[0m[38;2;129;71;36m▄[0m[38;2;129;71;36m▄[0m                                     [38;2;16;16;16m▄[0m[38;2;16;16;16m▄[0m[38;2;16;16;16m▄[0m[38;2;134;139;145m▄[0m[38;2;134;139;145m[48;2;134;139;145m▀[0m[38;2;134;139;145m[48;2;134;139;145m▀[0m[38;2;134;139;145m[48;2;134;139;145m▀[0m[38;2;134;139;145m[48;2;134;139;145m▀[0m[38;2;180;180;180m[48;2;134;139;145m▀[0m[38;2;180;180;180m[48;2;180;180;180m▀[0m[38;2;222;222;222m[48;2;180;180;180m▀[0m[38;2;16;16;16m[48;2;16;16;16m▀[0m
    [38;2;16;16;16m▀[0m[38;2;16;16;16m▀[0m[38;2;134;139;145m[48;2;16;16;16m▀[0m[38;2;134;139;145m[48;2;134;139;145m▀[0m[38;2;134;139;145m[48;2;180;180;180m▀[0m[38;2;134;139;145m▄[0m[38;2;134;139;145m▄[0m                  [38;2;129;71;36m[48;2;177;123;48m▀[0m[38;2;253;216;66m[48;2;253;216;66m▀[0m[38;2;253;216;66m[48;2;253;216;66m▀[0m[38;2;253;216;66m[48;2;253;216;66m▀[0m[38;2;253;216;66m[48;2;253;216;66m▀[0m[38;2;220;165;61m[48;2;253;216;66m▀[0m[38;2;129;71;36m[48;2;253;216;66m▀[0m[38;2;129;71;36m▄[0m                             [38;2;16;16;16m▄[0m[38;2;16;16;16m[48;2;180;180;180m▀[0m[38;2;16;16;16m[48;2;180;180;180m▀[0m[38;2;16;16;16m[48;2;180;180;180m▀[0m[38;2;16;16;16m[48;2;180;180;180m▀[0m[38;2;134;139;145m[48;2;180;180;180m▀[0m[38;2;180;180;180m[48;2;180;180;180m▀[0m[38;2;180;180;180m[48;2;16;16;16m▀[0m[38;2;180;180;180m[48;2;16;16;16m▀[0m[38;2;180;180;180m[48;2;16;16;16m▀[0m[38;2;16;16;16m▀[0m[38;2;16;16;16m▀[0m[38;2;134;139;145m[48;2;16;16;16m▀[0m[38;2;134;139;145m[48;2;16;16;16m▀[0m[38;2;134;139;145m[48;2;16;16;16m▀[0m[38;2;134;139;145m[48;2;16;16;16m▀[0m[38;2;16;16;16m▀[0m 
       [38;2;16;16;16m▀[0m[38;2;180;180;180m[48;2;16;16;16m▀[0m[38;2;180;180;180m[48;2;180;180;180m▀[0m[38;2;180;180;180m[48;2;180;180;180m▀[0m[38;2;16;16;16m[48;2;16;16;16m▀[0m                [38;2;129;71;36m[48;2;129;71;36m▀[0m[38;2;220;165;61m[48;2;253;216;66m▀[0m[38;2;253;216;66m[48;2;253;216;66m▀[0m[38;2;253;216;66m[48;2;253;216;66m▀[0m[38;2;253;216;66m[48;2;253;216;66m▀[0m[38;2;253;216;66m[48;2;253;216;66m▀[0m[38;2;253;216;66m[48;2;253;216;66m▀[0m[38;2;253;216;66m[48;2;253;216;66m▀[0m[38;2;253;216;66m[48;2;253;216;66m▀[0m[38;2;129;71;36m[48;2;253;216;66m▀[0m[38;2;129;71;36m▄[0m                           [38;2;16;16;16m▀[0m[38;2;180;180;180m[48;2;16;16;16m▀[0m[38;2;180;180;180m[48;2;16;16;16m▀[0m[38;2;180;180;180m[48;2;16;16;16m▀[0m[38;2;16;16;16m▀[0m[38;2;16;16;16m▀[0m[38;2;16;16;16m▀[0m           
         [38;2;16;16;16m▀[0m[38;2;16;16;16m▀[0m                 [38;2;129;71;36m[48;2;129;71;36m▀[0m[38;2;253;216;66m[48;2;253;216;66m▀[0m[38;2;253;216;66m[48;2;253;216;66m▀[0m[38;2;253;216;66m[48;2;253;216;66m▀[0m[38;2;253;216;66m[48;2;253;216;66m▀[0m[38;2;253;216;66m[48;2;253;216;66m▀[0m[38;2;253;216;66m[48;2;253;216;66m▀[0m[38;2;253;216;66m[48;2;253;216;66m▀[0m[38;2;253;216;66m[48;2;253;216;66m▀[0m[38;2;253;216;66m[48;2;253;216;66m▀[0m[38;2;253;216;66m[48;2;253;216;66m▀[0m[38;2;129;71;36m[48;2;253;216;66m▀[0m[38;2;129;71;36m▄[0m       [38;2;129;71;36m▄[0m[38;2;129;71;36m▄[0m[38;2;129;71;36m▄[0m[38;2;129;71;36m▄[0m                                
                            [38;2;129;71;36m[48;2;129;71;36m▀[0m[38;2;253;216;66m[48;2;253;216;66m▀[0m[38;2;253;216;66m[48;2;253;216;66m▀[0m[38;2;253;216;66m[48;2;253;216;66m▀[0m[38;2;253;216;66m[48;2;253;216;66m▀[0m[38;2;253;216;66m[48;2;253;216;66m▀[0m[38;2;253;216;66m[48;2;253;216;66m▀[0m[38;2;253;216;66m[48;2;253;216;66m▀[0m[38;2;253;216;66m[48;2;253;216;66m▀[0m[38;2;253;216;66m[48;2;253;216;66m▀[0m[38;2;253;216;66m[48;2;253;216;66m▀[0m[38;2;253;216;66m[48;2;253;216;66m▀[0m[38;2;253;216;66m[48;2;253;216;66m▀[0m[38;2;129;71;36m[48;2;253;216;66m▀[0m[38;2;129;71;36m▄[0m[38;2;129;71;36m▄[0m[38;2;129;71;36m▄[0m[38;2;129;71;36m[48;2;220;165;61m▀[0m[38;2;129;71;36m[48;2;253;216;66m▀[0m[38;2;129;71;36m[48;2;253;216;66m▀[0m[38;2;220;165;61m[48;2;253;216;66m▀[0m[38;2;253;216;66m[48;2;253;216;66m▀[0m[38;2;253;216;66m[48;2;253;216;66m▀[0m[38;2;253;216;66m[48;2;253;216;66m▀[0m[38;2;16;16;16m[48;2;16;16;16m▀[0m                               
                            [38;2;129;71;36m[48;2;129;71;36m▀[0m[38;2;253;216;66m[48;2;253;216;66m▀[0m[38;2;253;216;66m[48;2;220;165;61m▀[0m[38;2;253;216;66m[48;2;220;165;61m▀[0m[38;2;253;216;66m[48;2;220;165;61m▀[0m[38;2;253;216;66m[48;2;220;165;61m▀[0m[38;2;253;216;66m[48;2;220;165;61m▀[0m[38;2;253;216;66m[48;2;253;216;66m▀[0m[38;2;253;216;66m[48;2;253;216;66m▀[0m[38;2;253;216;66m[48;2;253;216;66m▀[0m[38;2;253;216;66m[48;2;253;216;66m▀[0m[38;2;253;216;66m[48;2;253;216;66m▀[0m[38;2;253;216;66m[48;2;253;216;66m▀[0m[38;2;177;123;48m[48;2;253;216;66m▀[0m[38;2;177;123;48m[48;2;253;216;66m▀[0m[38;2;253;216;66m[48;2;253;216;66m▀[0m[38;2;253;216;66m[48;2;253;216;66m▀[0m[38;2;253;216;66m[48;2;253;216;66m▀[0m[38;2;253;216;66m[48;2;253;216;66m▀[0m[38;2;253;216;66m[48;2;253;216;66m▀[0m[38;2;253;216;66m[48;2;253;216;66m▀[0m[38;2;253;216;66m[48;2;253;216;66m▀[0m[38;2;253;216;66m[48;2;253;216;66m▀[0m[38;2;220;165;61m[48;2;16;16;16m▀[0m[38;2;16;16;16m▀[0m                               
                        [38;2;16;16;16m▄[0m[38;2;129;71;36m[48;2;220;165;61m▀[0m[38;2;129;71;36m[48;2;220;165;61m▀[0m[38;2;129;71;36m[48;2;220;165;61m▀[0m[38;2;177;123;48m[48;2;177;123;48m▀[0m[38;2;220;165;61m[48;2;220;165;61m▀[0m[38;2;220;165;61m[48;2;220;165;61m▀[0m[38;2;220;165;61m[48;2;220;165;61m▀[0m[38;2;220;165;61m[48;2;220;165;61m▀[0m[38;2;220;165;61m[48;2;220;165;61m▀[0m[38;2;220;165;61m[48;2;220;165;61m▀[0m[38;2;220;165;61m[48;2;220;165;61m▀[0m[38;2;220;165;61m[48;2;220;165;61m▀[0m[38;2;220;165;61m[48;2;220;165;61m▀[0m[38;2;253;216;66m[48;2;220;165;61m▀[0m[38;2;253;216;66m[48;2;220;165;61m▀[0m[38;2;253;216;66m[48;2;253;216;66m▀[0m[38;2;253;216;66m[48;2;253;216;66m▀[0m[38;2;253;216;66m[48;2;253;216;66m▀[0m[38;2;253;216;66m[48;2;253;216;66m▀[0m[38;2;253;216;66m[48;2;253;216;66m▀[0m[38;2;253;216;66m[48;2;253;216;66m▀[0m[38;2;253;216;66m[48;2;253;216;66m▀[0m[38;2;253;216;66m[48;2;253;216;66m▀[0m[38;2;253;216;66m[48;2;253;216;66m▀[0m[38;2;253;216;66m[48;2;253;216;66m▀[0m[38;2;253;216;66m[48;2;16;16;16m▀[0m[38;2;16;16;16m▀[0m                                
                        [38;2;16;16;16m▀[0m[38;2;220;165;61m[48;2;16;16;16m▀[0m[38;2;220;165;61m[48;2;220;165;61m▀[0m[38;2;220;165;61m[48;2;220;165;61m▀[0m[38;2;177;123;48m[48;2;177;123;48m▀[0m[38;2;220;165;61m[48;2;220;165;61m▀[0m[38;2;220;165;61m[48;2;220;165;61m▀[0m[38;2;220;165;61m[48;2;220;165;61m▀[0m[38;2;220;165;61m[48;2;220;165;61m▀[0m[38;2;220;165;61m[48;2;220;165;61m▀[0m[38;2;220;165;61m[48;2;220;165;61m▀[0m[38;2;220;165;61m[48;2;220;165;61m▀[0m[38;2;220;165;61m[48;2;220;165;61m▀[0m[38;2;220;165;61m[48;2;220;165;61m▀[0m[38;2;220;165;61m[48;2;220;165;61m▀[0m[38;2;220;165;61m[48;2;220;165;61m▀[0m[38;2;220;165;61m[48;2;220;165;61m▀[0m[38;2;253;216;66m[48;2;220;165;61m▀[0m[38;2;253;216;66m[48;2;220;165;61m▀[0m[38;2;253;216;66m[48;2;253;216;66m▀[0m[38;2;253;216;66m[48;2;253;216;66m▀[0m[38;2;253;216;66m[48;2;253;216;66m▀[0m[38;2;253;216;66m[48;2;220;165;61m▀[0m[38;2;253;216;66m[48;2;220;165;61m▀[0m[38;2;220;165;61m[48;2;220;165;61m▀[0m[38;2;220;165;61m[48;2;16;16;16m▀[0m[38;2;16;16;16m▀[0m                                 
                          [38;2;16;16;16m▀[0m[38;2;220;165;61m[48;2;16;16;16m▀[0m[38;2;220;165;61m[48;2;220;165;61m▀[0m[38;2;220;165;61m[48;2;220;165;61m▀[0m[38;2;220;165;61m[48;2;220;165;61m▀[0m[38;2;220;165;61m[48;2;220;165;61m▀[0m[38;2;220;165;61m[48;2;220;165;61m▀[0m[38;2;220;165;61m[48;2;129;71;36m▀[0m[38;2;129;71;36m[48;2;177;123;48m▀[0m[38;2;129;71;36m[48;2;177;123;48m▀[0m[38;2;220;165;61m[48;2;177;123;48m▀[0m[38;2;220;165;61m[48;2;220;165;61m▀[0m[38;2;220;165;61m[48;2;220;165;61m▀[0m[38;2;220;165;61m[48;2;220;165;61m▀[0m[38;2;220;165;61m[48;2;220;165;61m▀[0m[38;2;220;165;61m[48;2;220;165;61m▀[0m[38;2;220;165;61m[48;2;220;165;61m▀[0m[38;2;220;165;61m[48;2;220;165;61m▀[0m[38;2;220;165;61m[48;2;220;165;61m▀[0m[38;2;220;165;61m[48;2;220;165;61m▀[0m[38;2;220;165;61m[48;2;220;165;61m▀[0m[38;2;220;165;61m[48;2;220;165;61m▀[0m[38;2;220;165;61m[48;2;16;16;16m▀[0m[38;2;16;16;16m▀[0m[38;2;104;56;97m▄[0m[38;2;104;56;97m▄[0m[38;2;104;56;97m▄[0m[38;2;104;56;97m▄[0m[38;2;104;56;97m[48;2;208;131;189m▀[0m[38;2;104;56;97m[48;2;208;131;189m▀[0m[38;2;104;56;97m[48;2;208;131;189m▀[0m[38;2;104;56;97m[48;2;208;131;189m▀[0m[38;2;104;56;97m[48;2;208;131;189m▀[0m[38;2;104;56;97m[48;2;208;131;189m▀[0m[38;2;16;16;16m▄[0m           [38;2;129;71;36m▄[0m[38;2;129;71;36m▄[0m          
                            [38;2;16;16;16m▀[0m[38;2;220;165;61m[48;2;16;16;16m▀[0m[38;2;220;165;61m[48;2;104;56;97m▀[0m[38;2;220;165;61m[48;2;104;56;97m▀[0m[38;2;104;56;97m[48;2;208;131;189m▀[0m[38;2;104;56;97m[48;2;208;131;189m▀[0m[38;2;104;56;97m[48;2;208;131;189m▀[0m[38;2;104;56;97m[48;2;208;131;189m▀[0m[38;2;104;56;97m[48;2;208;131;189m▀[0m[38;2;104;56;97m[48;2;177;94;169m▀[0m[38;2;104;56;97m[48;2;177;94;169m▀[0m[38;2;220;165;61m[48;2;104;56;97m▀[0m[38;2;220;165;61m[48;2;16;16;16m▀[0m[38;2;220;165;61m[48;2;16;16;16m▀[0m[38;2;220;165;61m[48;2;220;165;61m▀[0m[38;2;220;165;61m[48;2;220;165;61m▀[0m[38;2;220;165;61m[48;2;16;16;16m▀[0m[38;2;220;165;61m[48;2;16;16;16m▀[0m[38;2;220;165;61m[48;2;104;56;97m▀[0m[38;2;104;56;97m[48;2;208;131;189m▀[0m[38;2;104;56;97m[48;2;208;131;189m▀[0m[38;2;104;56;97m[48;2;208;131;189m▀[0m[38;2;208;131;189m[48;2;208;131;189m▀[0m[38;2;208;131;189m[48;2;208;131;189m▀[0m[38;2;208;131;189m[48;2;208;131;189m▀[0m[38;2;208;131;189m[48;2;177;94;169m▀[0m[38;2;208;131;189m[48;2;177;94;169m▀[0m[38;2;177;94;169m[48;2;177;94;169m▀[0m[38;2;177;94;169m[48;2;177;94;169m▀[0m[38;2;177;94;169m[48;2;177;94;169m▀[0m[38;2;177;94;169m[48;2;177;94;169m▀[0m[38;2;177;94;169m[48;2;16;16;16m▀[0m[38;2;16;16;16m▀[0m           [38;2;129;71;36m[48;2;129;71;36m▀[0m[38;2;253;216;66m[48;2;253;216;66m▀[0m[38;2;129;71;36m[48;2;129;71;36m▀[0m  [38;2;129;71;36m▄[0m[38;2;129;71;36m[48;2;253;216;66m▀[0m[38;2;16;16;16m▄[0m    
                [38;2;177;94;169m▄[0m[38;2;177;94;169m▄[0m[38;2;177;94;169m▄[0m[38;2;177;94;169m▄[0m[38;2;177;94;169m▄[0m[38;2;177;94;169m▄[0m[38;2;177;94;169m▄[0m[38;2;104;56;97m▄[0m[38;2;104;56;97m▄[0m[38;2;104;56;97m▄[0m[38;2;104;56;97m▄[0m[38;2;104;56;97m▄[0m[38;2;104;56;97m[48;2;177;94;169m▀[0m[38;2;104;56;97m[48;2;208;131;189m▀[0m[38;2;208;131;189m[48;2;208;131;189m▀[0m[38;2;208;131;189m[48;2;208;131;189m▀[0m[38;2;208;131;189m[48;2;208;131;189m▀[0m[38;2;208;131;189m[48;2;208;131;189m▀[0m[38;2;208;131;189m[48;2;208;131;189m▀[0m[38;2;208;131;189m[48;2;208;131;189m▀[0m[38;2;208;131;189m[48;2;208;131;189m▀[0m[38;2;208;131;189m[48;2;208;131;189m▀[0m[38;2;177;94;169m[48;2;177;94;169m▀[0m[38;2;177;94;169m[48;2;177;94;169m▀[0m[38;2;177;94;169m[48;2;177;94;169m▀[0m[38;2;177;94;169m[48;2;177;94;169m▀[0m[38;2;16;16;16m[48;2;104;56;97m▀[0m[38;2;16;16;16m[48;2;208;131;189m▀[0m[38;2;208;131;189m[48;2;208;131;189m▀[0m[38;2;208;131;189m[48;2;208;131;189m▀[0m[38;2;208;131;189m[48;2;208;131;189m▀[0m[38;2;208;131;189m[48;2;208;131;189m▀[0m[38;2;208;131;189m[48;2;208;131;189m▀[0m[38;2;208;131;189m[48;2;177;94;169m▀[0m[38;2;208;131;189m[48;2;177;94;169m▀[0m[38;2;177;94;169m[48;2;177;94;169m▀[0m[38;2;177;94;169m[48;2;177;94;169m▀[0m[38;2;177;94;169m[48;2;177;94;169m▀[0m[38;2;177;94;169m[48;2;177;94;169m▀[0m[38;2;177;94;169m[48;2;177;94;169m▀[0m[38;2;177;94;169m[48;2;177;94;169m▀[0m[38;2;177;94;169m[48;2;177;94;169m▀[0m[38;2;177;94;169m[48;2;16;16;16m▀[0m[38;2;16;16;16m▀[0m             [38;2;129;71;36m[48;2;129;71;36m▀[0m[38;2;253;216;66m[48;2;253;216;66m▀[0m[38;2;129;71;36m[48;2;220;165;61m▀[0m[38;2;129;71;36m▄[0m[38;2;129;71;36m[48;2;129;71;36m▀[0m[38;2;253;216;66m[48;2;253;216;66m▀[0m[38;2;16;16;16m[48;2;16;16;16m▀[0m    
               [38;2;16;16;16m[48;2;16;16;16m▀[0m[38;2;208;131;189m[48;2;177;94;169m▀[0m[38;2;208;131;189m[48;2;208;131;189m▀[0m[38;2;208;131;189m[48;2;208;131;189m▀[0m[38;2;208;131;189m[48;2;208;131;189m▀[0m[38;2;208;131;189m[48;2;208;131;189m▀[0m[38;2;208;131;189m[48;2;208;131;189m▀[0m[38;2;208;131;189m[48;2;208;131;189m▀[0m[38;2;208;131;189m[48;2;208;131;189m▀[0m[38;2;208;131;189m[48;2;208;131;189m▀[0m[38;2;208;131;189m[48;2;104;56;97m▀[0m[38;2;104;56;97m[48;2;177;94;169m▀[0m[38;2;177;94;169m[48;2;177;94;169m▀[0m[38;2;208;131;189m[48;2;208;131;189m▀[0m[38;2;208;131;189m[48;2;208;131;189m▀[0m[38;2;208;131;189m[48;2;208;131;189m▀[0m[38;2;208;131;189m[48;2;208;131;189m▀[0m[38;2;208;131;189m[48;2;208;131;189m▀[0m[38;2;208;131;189m[48;2;208;131;189m▀[0m[38;2;208;131;189m[48;2;208;131;189m▀[0m[38;2;208;131;189m[48;2;208;131;189m▀[0m[38;2;208;131;189m[48;2;208;131;189m▀[0m[38;2;208;131;189m[48;2;177;94;169m▀[0m[38;2;177;94;169m[48;2;177;94;169m▀[0m[38;2;177;94;169m[48;2;177;94;169m▀[0m[38;2;177;94;169m[48;2;177;94;169m▀[0m[38;2;104;56;97m[48;2;16;16;16m▀[0m[38;2;177;94;169m[48;2;177;94;169m▀[0m[38;2;208;131;189m[48;2;177;94;169m▀[0m[38;2;208;131;189m[48;2;177;94;169m▀[0m[38;2;208;131;189m[48;2;177;94;169m▀[0m[38;2;208;131;189m[48;2;177;94;169m▀[0m[38;2;177;94;169m[48;2;177;94;169m▀[0m[38;2;177;94;169m[48;2;177;94;169m▀[0m[38;2;177;94;169m[48;2;177;94;169m▀[0m[38;2;177;94;169m[48;2;177;94;169m▀[0m[38;2;177;94;169m[48;2;177;94;169m▀[0m[38;2;177;94;169m[48;2;177;94;169m▀[0m[38;2;177;94;169m[48;2;177;94;169m▀[0m[38;2;177;94;169m[48;2;177;94;169m▀[0m[38;2;177;94;169m[48;2;177;94;169m▀[0m[38;2;177;94;169m[48;2;177;94;169m▀[0m[38;2;177;94;169m[48;2;16;16;16m▀[0m[38;2;16;16;16m▀[0m              [38;2;129;71;36m[48;2;129;71;36m▀[0m[38;2;253;216;66m[48;2;253;216;66m▀[0m[38;2;129;71;36m[48;2;129;71;36m▀[0m[38;2;129;71;36m[48;2;253;216;66m▀[0m[38;2;220;165;61m[48;2;16;16;16m▀[0m[38;2;253;216;66m[48;2;253;216;66m▀[0m[38;2;16;16;16m[48;2;16;16;16m▀[0m    
               [38;2;16;16;16m▀[0m[38;2;177;94;169m[48;2;16;16;16m▀[0m[38;2;177;94;169m[48;2;177;94;169m▀[0m[38;2;177;94;169m[48;2;177;94;169m▀[0m[38;2;208;131;189m[48;2;177;94;169m▀[0m[38;2;208;131;189m[48;2;177;94;169m▀[0m[38;2;208;131;189m[48;2;177;94;169m▀[0m[38;2;208;131;189m[48;2;208;131;189m▀[0m[38;2;208;131;189m[48;2;208;131;189m▀[0m[38;2;208;131;189m[48;2;104;56;97m▀[0m[38;2;104;56;97m[48;2;177;94;169m▀[0m[38;2;177;94;169m[48;2;177;94;169m▀[0m[38;2;177;94;169m[48;2;177;94;169m▀[0m[38;2;177;94;169m[48;2;177;94;169m▀[0m[38;2;208;131;189m[48;2;177;94;169m▀[0m[38;2;208;131;189m[48;2;177;94;169m▀[0m[38;2;208;131;189m[48;2;177;94;169m▀[0m[38;2;208;131;189m[48;2;177;94;169m▀[0m[38;2;208;131;189m[48;2;177;94;169m▀[0m[38;2;208;131;189m[48;2;177;94;169m▀[0m[38;2;177;94;169m[48;2;177;94;169m▀[0m[38;2;177;94;169m[48;2;177;94;169m▀[0m[38;2;177;94;169m[48;2;177;94;169m▀[0m[38;2;177;94;169m[48;2;177;94;169m▀[0m[38;2;177;94;169m[48;2;177;94;169m▀[0m[38;2;177;94;169m[48;2;177;94;169m▀[0m[38;2;16;16;16m[48;2;16;16;16m▀[0m[38;2;177;94;169m[48;2;177;94;169m▀[0m[38;2;177;94;169m[48;2;177;94;169m▀[0m[38;2;177;94;169m[48;2;177;94;169m▀[0m[38;2;177;94;169m[48;2;177;94;169m▀[0m[38;2;177;94;169m[48;2;177;94;169m▀[0m[38;2;177;94;169m[48;2;177;94;169m▀[0m[38;2;177;94;169m[48;2;177;94;169m▀[0m[38;2;177;94;169m[48;2;177;94;169m▀[0m[38;2;177;94;169m[48;2;177;94;169m▀[0m[38;2;177;94;169m[48;2;177;94;169m▀[0m[38;2;177;94;169m[48;2;177;94;169m▀[0m[38;2;177;94;169m[48;2;177;94;169m▀[0m[38;2;177;94;169m[48;2;177;94;169m▀[0m[38;2;177;94;169m[48;2;177;94;169m▀[0m[38;2;16;16;16m[48;2;16;16;16m▀[0m               [38;2;129;71;36m▄[0m[38;2;129;71;36m[48;2;253;216;66m▀[0m[38;2;177;123;48m[48;2;253;216;66m▀[0m[38;2;129;71;36m[48;2;177;123;48m▀[0m[38;2;253;216;66m[48;2;253;216;66m▀[0m[38;2;129;71;36m[48;2;220;165;61m▀[0m[38;2;220;165;61m[48;2;16;16;16m▀[0m[38;2;16;16;16m▀[0m    
                [38;2;16;16;16m▀[0m[38;2;177;94;169m[48;2;16;16;16m▀[0m[38;2;177;94;169m[48;2;177;94;169m▀[0m[38;2;177;94;169m[48;2;177;94;169m▀[0m[38;2;177;94;169m[48;2;177;94;169m▀[0m[38;2;177;94;169m[48;2;177;94;169m▀[0m[38;2;177;94;169m[48;2;177;94;169m▀[0m[38;2;177;94;169m[48;2;104;56;97m▀[0m[38;2;104;56;97m[48;2;177;94;169m▀[0m[38;2;177;94;169m[48;2;177;94;169m▀[0m[38;2;177;94;169m[48;2;177;94;169m▀[0m[38;2;177;94;169m[48;2;177;94;169m▀[0m[38;2;177;94;169m[48;2;177;94;169m▀[0m[38;2;177;94;169m[48;2;177;94;169m▀[0m[38;2;177;94;169m[48;2;177;94;169m▀[0m[38;2;177;94;169m[48;2;177;94;169m▀[0m[38;2;177;94;169m[48;2;177;94;169m▀[0m[38;2;177;94;169m[48;2;177;94;169m▀[0m[38;2;177;94;169m[48;2;177;94;169m▀[0m[38;2;177;94;169m[48;2;177;94;169m▀[0m[38;2;177;94;169m[48;2;177;94;169m▀[0m[38;2;177;94;169m[48;2;177;94;169m▀[0m[38;2;177;94;169m[48;2;177;94;169m▀[0m[38;2;177;94;169m[48;2;177;94;169m▀[0m[38;2;177;94;169m[48;2;177;94;169m▀[0m[38;2;16;16;16m[48;2;177;94;169m▀[0m[38;2;177;94;169m[48;2;104;56;97m▀[0m[38;2;177;94;169m[48;2;177;94;169m▀[0m[38;2;177;94;169m[48;2;177;94;169m▀[0m[38;2;177;94;169m[48;2;177;94;169m▀[0m[38;2;177;94;169m[48;2;177;94;169m▀[0m[38;2;177;94;169m[48;2;177;94;169m▀[0m[38;2;177;94;169m[48;2;177;94;169m▀[0m[38;2;177;94;169m[48;2;177;94;169m▀[0m[38;2;177;94;169m[48;2;104;56;97m▀[0m[38;2;177;94;169m[48;2;16;16;16m▀[0m[38;2;177;94;169m[48;2;177;94;169m▀[0m[38;2;177;94;169m[48;2;177;94;169m▀[0m[38;2;177;94;169m[48;2;16;16;16m▀[0m[38;2;16;16;16m[48;2;251;251;251m▀[0m[38;2;251;251;251m[48;2;251;251;251m▀[0m[38;2;134;139;145m[48;2;251;251;251m▀[0m[38;2;134;139;145m▄[0m         [38;2;177;94;169m▄[0m[38;2;177;94;169m▄[0m[38;2;104;56;97m[48;2;208;131;189m▀[0m[38;2;104;56;97m[48;2;208;131;189m▀[0m[38;2;104;56;97m[48;2;208;131;189m▀[0m[38;2;253;216;66m[48;2;16;16;16m▀[0m[38;2;253;216;66m[48;2;220;165;61m▀[0m[38;2;220;165;61m[48;2;220;165;61m▀[0m[38;2;177;123;48m[48;2;220;165;61m▀[0m[38;2;220;165;61m[48;2;16;16;16m▀[0m[38;2;16;16;16m▀[0m     
                 [38;2;16;16;16m▀[0m[38;2;177;94;169m[48;2;16;16;16m▀[0m[38;2;177;94;169m[48;2;177;94;169m▀[0m[38;2;177;94;169m[48;2;177;94;169m▀[0m[38;2;177;94;169m[48;2;177;94;169m▀[0m[38;2;177;94;169m[48;2;177;94;169m▀[0m[38;2;16;16;16m[48;2;16;16;16m▀[0m[38;2;177;94;169m[48;2;177;94;169m▀[0m[38;2;177;94;169m[48;2;177;94;169m▀[0m[38;2;177;94;169m[48;2;177;94;169m▀[0m[38;2;177;94;169m[48;2;177;94;169m▀[0m[38;2;177;94;169m[48;2;177;94;169m▀[0m[38;2;177;94;169m[48;2;177;94;169m▀[0m[38;2;177;94;169m[48;2;177;94;169m▀[0m[38;2;177;94;169m[48;2;177;94;169m▀[0m[38;2;177;94;169m[48;2;177;94;169m▀[0m[38;2;177;94;169m[48;2;177;94;169m▀[0m[38;2;177;94;169m[48;2;177;94;169m▀[0m[38;2;177;94;169m[48;2;177;94;169m▀[0m[38;2;177;94;169m[48;2;177;94;169m▀[0m[38;2;177;94;169m[48;2;177;94;169m▀[0m[38;2;177;94;169m[48;2;177;94;169m▀[0m[38;2;177;94;169m[48;2;177;94;169m▀[0m[38;2;177;94;169m[48;2;177;94;169m▀[0m[38;2;177;94;169m[48;2;177;94;169m▀[0m[38;2;16;16;16m[48;2;177;94;169m▀[0m[38;2;177;94;169m[48;2;16;16;16m▀[0m[38;2;177;94;169m[48;2;177;94;169m▀[0m[38;2;177;94;169m[48;2;177;94;169m▀[0m[38;2;177;94;169m[48;2;177;94;169m▀[0m[38;2;177;94;169m[48;2;177;94;169m▀[0m[38;2;177;94;169m[48;2;177;94;169m▀[0m[38;2;104;56;97m[48;2;104;56;97m▀[0m[38;2;220;165;61m[48;2;220;165;61m▀[0m[38;2;220;165;61m[48;2;220;165;61m▀[0m[38;2;16;16;16m[48;2;220;165;61m▀[0m[38;2;104;56;97m[48;2;16;16;16m▀[0m[38;2;251;251;251m[48;2;180;180;180m▀[0m[38;2;251;251;251m[48;2;251;251;251m▀[0m[38;2;251;251;251m[48;2;251;251;251m▀[0m[38;2;251;251;251m[48;2;251;251;251m▀[0m[38;2;251;251;251m[48;2;251;251;251m▀[0m[38;2;134;139;145m[48;2;134;139;145m▀[0m      [38;2;177;94;169m▄[0m[38;2;177;94;169m[48;2;208;131;189m▀[0m[38;2;208;131;189m[48;2;208;131;189m▀[0m[38;2;208;131;189m[48;2;208;131;189m▀[0m[38;2;208;131;189m[48;2;208;131;189m▀[0m[38;2;208;131;189m[48;2;208;131;189m▀[0m[38;2;208;131;189m[48;2;208;131;189m▀[0m[38;2;208;131;189m[48;2;208;131;189m▀[0m[38;2;16;16;16m[48;2;16;16;16m▀[0m[38;2;220;165;61m[48;2;16;16;16m▀[0m[38;2;16;16;16m▀[0m       
                   [38;2;16;16;16m▀[0m[38;2;177;94;169m[48;2;16;16;16m▀[0m[38;2;177;94;169m[48;2;177;94;169m▀[0m[38;2;177;94;169m[48;2;177;94;169m▀[0m[38;2;16;16;16m[48;2;16;16;16m▀[0m[38;2;177;94;169m[48;2;177;94;169m▀[0m[38;2;177;94;169m[48;2;177;94;169m▀[0m[38;2;177;94;169m[48;2;177;94;169m▀[0m[38;2;177;94;169m[48;2;177;94;169m▀[0m[38;2;177;94;169m[48;2;177;94;169m▀[0m[38;2;177;94;169m[48;2;177;94;169m▀[0m[38;2;177;94;169m[48;2;177;94;169m▀[0m[38;2;177;94;169m[48;2;177;94;169m▀[0m[38;2;177;94;169m[48;2;177;94;169m▀[0m[38;2;177;94;169m[48;2;177;94;169m▀[0m[38;2;177;94;169m[48;2;177;94;169m▀[0m[38;2;177;94;169m[48;2;177;94;169m▀[0m[38;2;177;94;169m[48;2;177;94;169m▀[0m[38;2;177;94;169m[48;2;177;94;169m▀[0m[38;2;177;94;169m[48;2;177;94;169m▀[0m[38;2;177;94;169m[48;2;177;94;169m▀[0m[38;2;177;94;169m[48;2;177;94;169m▀[0m[38;2;177;94;169m[48;2;177;94;169m▀[0m[38;2;177;94;169m[48;2;177;94;169m▀[0m[38;2;16;16;16m[48;2;177;94;169m▀[0m[38;2;177;94;169m[48;2;16;16;16m▀[0m[38;2;177;94;169m[48;2;177;94;169m▀[0m[38;2;177;94;169m[48;2;177;94;169m▀[0m[38;2;177;94;169m[48;2;177;94;169m▀[0m[38;2;177;94;169m[48;2;16;16;16m▀[0m[38;2;16;16;16m[48;2;16;16;16m▀[0m[38;2;220;165;61m[48;2;16;16;16m▀[0m[38;2;220;165;61m[48;2;220;165;61m▀[0m[38;2;220;165;61m[48;2;253;216;66m▀[0m[38;2;177;123;48m[48;2;253;216;66m▀[0m[38;2;180;180;180m[48;2;177;123;48m▀[0m[38;2;251;251;251m[48;2;180;180;180m▀[0m[38;2;251;251;251m[48;2;251;251;251m▀[0m[38;2;251;251;251m[48;2;251;251;251m▀[0m[38;2;251;251;251m[48;2;251;251;251m▀[0m[38;2;251;251;251m[48;2;251;251;251m▀[0m[38;2;134;139;145m[48;2;134;139;145m▀[0m  [38;2;104;56;97m▄[0m[38;2;177;94;169m▄[0m[38;2;177;94;169m[48;2;208;131;189m▀[0m[38;2;208;131;189m[48;2;208;131;189m▀[0m[38;2;208;131;189m[48;2;208;131;189m▀[0m[38;2;208;131;189m[48;2;208;131;189m▀[0m[38;2;208;131;189m[48;2;208;131;189m▀[0m[38;2;208;131;189m[48;2;208;131;189m▀[0m[38;2;208;131;189m[48;2;208;131;189m▀[0m[38;2;208;131;189m[48;2;208;131;189m▀[0m[38;2;208;131;189m[48;2;208;131;189m▀[0m[38;2;16;16;16m[48;2;16;16;16m▀[0m         
                    [38;2;16;16;16m[48;2;16;16;16m▀[0m[38;2;16;16;16m[48;2;220;165;61m▀[0m[38;2;177;94;169m[48;2;16;16;16m▀[0m[38;2;16;16;16m[48;2;16;16;16m▀[0m[38;2;177;94;169m[48;2;177;94;169m▀[0m[38;2;177;94;169m[48;2;177;94;169m▀[0m[38;2;177;94;169m[48;2;177;94;169m▀[0m[38;2;177;94;169m[48;2;177;94;169m▀[0m[38;2;177;94;169m[48;2;177;94;169m▀[0m[38;2;177;94;169m[48;2;177;94;169m▀[0m[38;2;177;94;169m[48;2;177;94;169m▀[0m[38;2;177;94;169m[48;2;177;94;169m▀[0m[38;2;177;94;169m[48;2;177;94;169m▀[0m[38;2;177;94;169m[48;2;177;94;169m▀[0m[38;2;177;94;169m[48;2;177;94;169m▀[0m[38;2;177;94;169m[48;2;177;94;169m▀[0m[38;2;177;94;169m[48;2;177;94;169m▀[0m[38;2;177;94;169m[48;2;177;94;169m▀[0m[38;2;177;94;169m[48;2;177;94;169m▀[0m[38;2;177;94;169m[48;2;177;94;169m▀[0m[38;2;177;94;169m[48;2;177;94;169m▀[0m[38;2;177;94;169m[48;2;177;94;169m▀[0m[38;2;177;94;169m[48;2;177;94;169m▀[0m[38;2;177;94;169m[48;2;177;94;169m▀[0m[38;2;177;94;169m[48;2;177;94;169m▀[0m[38;2;16;16;16m[48;2;177;94;169m▀[0m[38;2;16;16;16m[48;2;16;16;16m▀[0m[38;2;16;16;16m[48;2;180;180;180m▀[0m[38;2;180;180;180m[48;2;180;180;180m▀[0m[38;2;180;180;180m[48;2;180;180;180m▀[0m[38;2;180;180;180m[48;2;180;180;180m▀[0m[38;2;16;16;16m[48;2;180;180;180m▀[0m[38;2;253;216;66m[48;2;16;16;16m▀[0m[38;2;253;216;66m[48;2;253;216;66m▀[0m[38;2;253;216;66m[48;2;253;216;66m▀[0m[38;2;177;123;48m[48;2;253;216;66m▀[0m[38;2;180;180;180m[48;2;177;123;48m▀[0m[38;2;251;251;251m[48;2;104;56;97m▀[0m[38;2;251;251;251m[48;2;104;56;97m▀[0m[38;2;251;251;251m[48;2;104;56;97m▀[0m[38;2;104;56;97m[48;2;208;131;189m▀[0m[38;2;104;56;97m[48;2;208;131;189m▀[0m[38;2;104;56;97m[48;2;208;131;189m▀[0m[38;2;208;131;189m[48;2;208;131;189m▀[0m[38;2;208;131;189m[48;2;208;131;189m▀[0m[38;2;208;131;189m[48;2;208;131;189m▀[0m[38;2;208;131;189m[48;2;208;131;189m▀[0m[38;2;208;131;189m[48;2;208;131;189m▀[0m[38;2;208;131;189m[48;2;208;131;189m▀[0m[38;2;208;131;189m[48;2;208;131;189m▀[0m[38;2;208;131;189m[48;2;208;131;189m▀[0m[38;2;208;131;189m[48;2;208;131;189m▀[0m[38;2;208;131;189m[48;2;208;131;189m▀[0m[38;2;208;131;189m[48;2;177;94;169m▀[0m[38;2;16;16;16m[48;2;16;16;16m▀[0m         
                   [38;2;104;56;97m▄[0m[38;2;16;16;16m[48;2;129;71;36m▀[0m[38;2;220;165;61m[48;2;220;165;61m▀[0m[38;2;220;165;61m[48;2;220;165;61m▀[0m[38;2;129;71;36m[48;2;129;71;36m▀[0m[38;2;16;16;16m[48;2;16;16;16m▀[0m[38;2;177;94;169m[48;2;177;94;169m▀[0m[38;2;177;94;169m[48;2;177;94;169m▀[0m[38;2;177;94;169m[48;2;177;94;169m▀[0m[38;2;177;94;169m[48;2;177;94;169m▀[0m[38;2;177;94;169m[48;2;177;94;169m▀[0m[38;2;177;94;169m[48;2;104;56;97m▀[0m[38;2;177;94;169m[48;2;104;56;97m▀[0m[38;2;177;94;169m[48;2;104;56;97m▀[0m[38;2;177;94;169m[48;2;104;56;97m▀[0m[38;2;177;94;169m[48;2;104;56;97m▀[0m[38;2;177;94;169m[48;2;104;56;97m▀[0m[38;2;177;94;169m[48;2;177;94;169m▀[0m[38;2;177;94;169m[48;2;177;94;169m▀[0m[38;2;177;94;169m[48;2;177;94;169m▀[0m[38;2;177;94;169m[48;2;177;94;169m▀[0m[38;2;177;94;169m[48;2;177;94;169m▀[0m[38;2;177;94;169m[48;2;177;94;169m▀[0m[38;2;177;94;169m[48;2;177;94;169m▀[0m[38;2;177;94;169m[48;2;177;94;169m▀[0m[38;2;177;94;169m[48;2;16;16;16m▀[0m[38;2;16;16;16m[48;2;180;180;180m▀[0m[38;2;180;180;180m[48;2;180;180;180m▀[0m[38;2;180;180;180m[48;2;180;180;180m▀[0m[38;2;134;139;145m[48;2;180;180;180m▀[0m[38;2;180;180;180m[48;2;16;16;16m▀[0m[38;2;180;180;180m[48;2;180;180;180m▀[0m[38;2;180;180;180m[48;2;180;180;180m▀[0m[38;2;180;180;180m[48;2;180;180;180m▀[0m[38;2;16;16;16m[48;2;180;180;180m▀[0m[38;2;253;216;66m[48;2;16;16;16m▀[0m[38;2;253;216;66m[48;2;253;216;66m▀[0m[38;2;253;216;66m[48;2;253;216;66m▀[0m[38;2;177;123;48m[48;2;253;216;66m▀[0m[38;2;208;131;189m[48;2;177;123;48m▀[0m[38;2;208;131;189m[48;2;208;131;189m▀[0m[38;2;208;131;189m[48;2;208;131;189m▀[0m[38;2;208;131;189m[48;2;208;131;189m▀[0m[38;2;208;131;189m[48;2;208;131;189m▀[0m[38;2;208;131;189m[48;2;208;131;189m▀[0m[38;2;208;131;189m[48;2;208;131;189m▀[0m[38;2;208;131;189m[48;2;208;131;189m▀[0m[38;2;208;131;189m[48;2;208;131;189m▀[0m[38;2;208;131;189m[48;2;208;131;189m▀[0m[38;2;208;131;189m[48;2;208;131;189m▀[0m[38;2;208;131;189m[48;2;177;94;169m▀[0m[38;2;208;131;189m[48;2;177;94;169m▀[0m[38;2;177;94;169m[48;2;177;94;169m▀[0m[38;2;177;94;169m[48;2;177;94;169m▀[0m[38;2;177;94;169m[48;2;177;94;169m▀[0m[38;2;16;16;16m[48;2;16;16;16m▀[0m         
                  [38;2;104;56;97m▄[0m[38;2;104;56;97m[48;2;208;131;189m▀[0m[38;2;129;71;36m[48;2;104;56;97m▀[0m[38;2;220;165;61m[48;2;220;165;61m▀[0m[38;2;220;165;61m[48;2;220;165;61m▀[0m[38;2;129;71;36m[48;2;129;71;36m▀[0m[38;2;208;131;189m[48;2;208;131;189m▀[0m[38;2;16;16;16m[48;2;208;131;189m▀[0m[38;2;177;94;169m[48;2;16;16;16m▀[0m[38;2;177;94;169m[48;2;104;56;97m▀[0m[38;2;104;56;97m[48;2;220;165;61m▀[0m[38;2;104;56;97m[48;2;220;165;61m▀[0m[38;2;220;165;61m[48;2;220;165;61m▀[0m[38;2;220;165;61m[48;2;220;165;61m▀[0m[38;2;220;165;61m[48;2;220;165;61m▀[0m[38;2;220;165;61m[48;2;220;165;61m▀[0m[38;2;220;165;61m[48;2;220;165;61m▀[0m[38;2;220;165;61m[48;2;220;165;61m▀[0m[38;2;104;56;97m[48;2;220;165;61m▀[0m[38;2;104;56;97m[48;2;220;165;61m▀[0m[38;2;177;94;169m[48;2;104;56;97m▀[0m[38;2;177;94;169m[48;2;177;94;169m▀[0m[38;2;177;94;169m[48;2;177;94;169m▀[0m[38;2;177;94;169m[48;2;16;16;16m▀[0m[38;2;177;94;169m[48;2;16;16;16m▀[0m[38;2;16;16;16m[48;2;180;180;180m▀[0m[38;2;180;180;180m[48;2;134;139;145m▀[0m[38;2;180;180;180m[48;2;180;180;180m▀[0m[38;2;180;180;180m[48;2;180;180;180m▀[0m[38;2;134;139;145m[48;2;134;139;145m▀[0m[38;2;180;180;180m[48;2;180;180;180m▀[0m[38;2;16;16;16m[48;2;16;16;16m▀[0m[38;2;16;16;16m▀[0m[38;2;180;180;180m[48;2;16;16;16m▀[0m[38;2;180;180;180m[48;2;180;180;180m▀[0m[38;2;180;180;180m[48;2;180;180;180m▀[0m[38;2;180;180;180m[48;2;180;180;180m▀[0m[38;2;16;16;16m[48;2;180;180;180m▀[0m[38;2;253;216;66m[48;2;16;16;16m▀[0m[38;2;253;216;66m[48;2;177;123;48m▀[0m[38;2;177;123;48m[48;2;177;94;169m▀[0m[38;2;177;94;169m[48;2;177;94;169m▀[0m[38;2;208;131;189m[48;2;177;94;169m▀[0m[38;2;208;131;189m[48;2;177;94;169m▀[0m[38;2;208;131;189m[48;2;177;94;169m▀[0m[38;2;208;131;189m[48;2;177;94;169m▀[0m[38;2;208;131;189m[48;2;177;94;169m▀[0m[38;2;208;131;189m[48;2;177;94;169m▀[0m[38;2;177;94;169m[48;2;177;94;169m▀[0m[38;2;177;94;169m[48;2;177;94;169m▀[0m[38;2;177;94;169m[48;2;177;94;169m▀[0m[38;2;177;94;169m[48;2;177;94;169m▀[0m[38;2;177;94;169m[48;2;177;94;169m▀[0m[38;2;177;94;169m[48;2;177;94;169m▀[0m[38;2;177;94;169m[48;2;177;94;169m▀[0m[38;2;16;16;16m[48;2;16;16;16m▀[0m          
                  [38;2;104;56;97m[48;2;16;16;16m▀[0m[38;2;177;94;169m[48;2;177;94;169m▀[0m[38;2;177;94;169m[48;2;177;94;169m▀[0m[38;2;104;56;97m[48;2;177;94;169m▀[0m[38;2;129;71;36m[48;2;177;94;169m▀[0m[38;2;177;94;169m[48;2;177;94;169m▀[0m[38;2;177;94;169m[48;2;177;94;169m▀[0m[38;2;177;94;169m[48;2;177;94;169m▀[0m[38;2;208;131;189m[48;2;177;94;169m▀[0m[38;2;16;16;16m[48;2;208;131;189m▀[0m[38;2;220;165;61m[48;2;16;16;16m▀[0m[38;2;177;123;48m[48;2;220;165;61m▀[0m[38;2;177;123;48m[48;2;220;165;61m▀[0m[38;2;220;165;61m[48;2;220;165;61m▀[0m[38;2;220;165;61m[48;2;220;165;61m▀[0m[38;2;177;123;48m[48;2;220;165;61m▀[0m[38;2;177;123;48m[48;2;220;165;61m▀[0m[38;2;177;123;48m[48;2;220;165;61m▀[0m[38;2;220;165;61m[48;2;177;123;48m▀[0m[38;2;220;165;61m[48;2;177;123;48m▀[0m[38;2;220;165;61m[48;2;16;16;16m▀[0m[38;2;16;16;16m[48;2;180;180;180m▀[0m[38;2;16;16;16m[48;2;180;180;180m▀[0m[38;2;180;180;180m[48;2;180;180;180m▀[0m[38;2;180;180;180m[48;2;180;180;180m▀[0m[38;2;180;180;180m[48;2;134;139;145m▀[0m[38;2;134;139;145m[48;2;180;180;180m▀[0m[38;2;180;180;180m[48;2;180;180;180m▀[0m[38;2;180;180;180m[48;2;134;139;145m▀[0m[38;2;134;139;145m[48;2;180;180;180m▀[0m[38;2;180;180;180m[48;2;16;16;16m▀[0m[38;2;16;16;16m▀[0m  [38;2;16;16;16m[48;2;16;16;16m▀[0m[38;2;180;180;180m[48;2;180;180;180m▀[0m[38;2;180;180;180m[48;2;180;180;180m▀[0m[38;2;180;180;180m[48;2;180;180;180m▀[0m[38;2;16;16;16m[48;2;180;180;180m▀[0m[38;2;177;94;169m[48;2;16;16;16m▀[0m[38;2;177;94;169m[48;2;16;16;16m▀[0m[38;2;177;94;169m[48;2;177;94;169m▀[0m[38;2;177;94;169m[48;2;177;94;169m▀[0m[38;2;177;94;169m[48;2;177;94;169m▀[0m[38;2;177;94;169m[48;2;177;94;169m▀[0m[38;2;177;94;169m[48;2;177;94;169m▀[0m[38;2;177;94;169m[48;2;177;94;169m▀[0m[38;2;177;94;169m[48;2;177;94;169m▀[0m[38;2;177;94;169m[48;2;177;94;169m▀[0m[38;2;177;94;169m[48;2;177;94;169m▀[0m[38;2;177;94;169m[48;2;177;94;169m▀[0m[38;2;177;94;169m[48;2;177;94;169m▀[0m[38;2;177;94;169m[48;2;177;94;169m▀[0m[38;2;177;94;169m[48;2;177;94;169m▀[0m[38;2;16;16;16m[48;2;16;16;16m▀[0m           
                  [38;2;16;16;16m▀[0m[38;2;177;94;169m[48;2;16;16;16m▀[0m[38;2;177;94;169m[48;2;177;94;169m▀[0m[38;2;177;94;169m[48;2;177;94;169m▀[0m[38;2;177;94;169m[48;2;177;94;169m▀[0m[38;2;177;94;169m[48;2;177;94;169m▀[0m[38;2;177;94;169m[48;2;177;94;169m▀[0m[38;2;177;94;169m[48;2;177;94;169m▀[0m[38;2;177;94;169m[48;2;177;94;169m▀[0m[38;2;177;94;169m[48;2;177;94;169m▀[0m[38;2;104;56;97m[48;2;104;56;97m▀[0m[38;2;16;16;16m[48;2;180;180;180m▀[0m[38;2;220;165;61m[48;2;16;16;16m▀[0m[38;2;220;165;61m[48;2;220;165;61m▀[0m[38;2;220;165;61m[48;2;220;165;61m▀[0m[38;2;220;165;61m[48;2;220;165;61m▀[0m[38;2;220;165;61m[48;2;220;165;61m▀[0m[38;2;220;165;61m[48;2;16;16;16m▀[0m[38;2;16;16;16m[48;2;180;180;180m▀[0m[38;2;16;16;16m[48;2;180;180;180m▀[0m[38;2;180;180;180m[48;2;180;180;180m▀[0m[38;2;180;180;180m[48;2;180;180;180m▀[0m[38;2;180;180;180m[48;2;180;180;180m▀[0m[38;2;180;180;180m[48;2;180;180;180m▀[0m[38;2;180;180;180m[48;2;134;139;145m▀[0m[38;2;134;139;145m[48;2;180;180;180m▀[0m[38;2;180;180;180m[48;2;180;180;180m▀[0m[38;2;180;180;180m[48;2;180;180;180m▀[0m[38;2;180;180;180m[48;2;180;180;180m▀[0m[38;2;180;180;180m[48;2;16;16;16m▀[0m[38;2;16;16;16m▀[0m    [38;2;16;16;16m[48;2;16;16;16m▀[0m[38;2;180;180;180m[48;2;180;180;180m▀[0m[38;2;180;180;180m[48;2;180;180;180m▀[0m[38;2;180;180;180m[48;2;180;180;180m▀[0m[38;2;180;180;180m[48;2;180;180;180m▀[0m[38;2;180;180;180m[48;2;180;180;180m▀[0m[38;2;16;16;16m[48;2;180;180;180m▀[0m[38;2;16;16;16m[48;2;180;180;180m▀[0m[38;2;177;94;169m[48;2;16;16;16m▀[0m[38;2;177;94;169m[48;2;16;16;16m▀[0m[38;2;177;94;169m[48;2;177;94;169m▀[0m[38;2;177;94;169m[48;2;177;94;169m▀[0m[38;2;177;94;169m[48;2;177;94;169m▀[0m[38;2;177;94;169m[48;2;177;94;169m▀[0m[38;2;177;94;169m[48;2;177;94;169m▀[0m[38;2;177;94;169m[48;2;177;94;169m▀[0m[38;2;177;94;169m[48;2;177;94;169m▀[0m[38;2;177;94;169m[48;2;177;94;169m▀[0m[38;2;16;16;16m[48;2;16;16;16m▀[0m[38;2;180;180;180m▄[0m    [38;2;180;180;180m▄[0m[38;2;180;180;180m▄[0m     
                    [38;2;16;16;16m[48;2;134;139;145m▀[0m[38;2;177;94;169m[48;2;16;16;16m▀[0m[38;2;177;94;169m[48;2;177;94;169m▀[0m[38;2;177;94;169m[48;2;177;94;169m▀[0m[38;2;177;94;169m[48;2;177;94;169m▀[0m[38;2;177;94;169m[48;2;177;94;169m▀[0m[38;2;177;94;169m[48;2;177;94;169m▀[0m[38;2;177;94;169m[48;2;16;16;16m▀[0m[38;2;104;56;97m[48;2;180;180;180m▀[0m[38;2;180;180;180m[48;2;180;180;180m▀[0m[38;2;134;139;145m[48;2;134;139;145m▀[0m[38;2;129;71;36m[48;2;16;16;16m▀[0m[38;2;220;165;61m[48;2;220;165;61m▀[0m[38;2;220;165;61m[48;2;253;216;66m▀[0m[38;2;129;71;36m[48;2;129;71;36m▀[0m[38;2;180;180;180m[48;2;180;180;180m▀[0m[38;2;180;180;180m[48;2;180;180;180m▀[0m[38;2;180;180;180m[48;2;180;180;180m▀[0m[38;2;180;180;180m[48;2;180;180;180m▀[0m[38;2;180;180;180m[48;2;180;180;180m▀[0m[38;2;180;180;180m[48;2;180;180;180m▀[0m[38;2;180;180;180m[48;2;180;180;180m▀[0m[38;2;180;180;180m[48;2;180;180;180m▀[0m[38;2;180;180;180m[48;2;180;180;180m▀[0m[38;2;180;180;180m[48;2;180;180;180m▀[0m[38;2;180;180;180m[48;2;180;180;180m▀[0m[38;2;134;139;145m[48;2;16;16;16m▀[0m[38;2;16;16;16m▀[0m    [38;2;16;16;16m▄[0m[38;2;16;16;16m[48;2;180;180;180m▀[0m[38;2;134;139;145m[48;2;134;139;145m▀[0m[38;2;180;180;180m[48;2;180;180;180m▀[0m[38;2;180;180;180m[48;2;180;180;180m▀[0m[38;2;180;180;180m[48;2;180;180;180m▀[0m[38;2;180;180;180m[48;2;180;180;180m▀[0m[38;2;180;180;180m[48;2;180;180;180m▀[0m[38;2;180;180;180m[48;2;180;180;180m▀[0m[38;2;180;180;180m[48;2;180;180;180m▀[0m[38;2;251;251;251m[48;2;180;180;180m▀[0m[38;2;16;16;16m[48;2;251;251;251m▀[0m[38;2;16;16;16m[48;2;251;251;251m▀[0m[38;2;177;94;169m[48;2;16;16;16m▀[0m[38;2;177;94;169m[48;2;16;16;16m▀[0m[38;2;177;94;169m[48;2;16;16;16m▀[0m[38;2;177;94;169m[48;2;177;94;169m▀[0m[38;2;177;94;169m[48;2;177;94;169m▀[0m[38;2;177;94;169m[48;2;177;94;169m▀[0m[38;2;16;16;16m[48;2;16;16;16m▀[0m[38;2;251;251;251m[48;2;251;251;251m▀[0m[38;2;180;180;180m[48;2;251;251;251m▀[0m[38;2;180;180;180m[48;2;251;251;251m▀[0m[38;2;180;180;180m[48;2;251;251;251m▀[0m[38;2;180;180;180m[48;2;251;251;251m▀[0m[38;2;251;251;251m[48;2;251;251;251m▀[0m[38;2;134;139;145m[48;2;134;139;145m▀[0m     
                  [38;2;134;139;145m[48;2;16;16;16m▀[0m[38;2;134;139;145m[48;2;180;180;180m▀[0m[38;2;180;180;180m[48;2;180;180;180m▀[0m[38;2;16;16;16m[48;2;180;180;180m▀[0m[38;2;177;94;169m[48;2;16;16;16m▀[0m[38;2;177;94;169m[48;2;177;94;169m▀[0m[38;2;177;94;169m[48;2;177;94;169m▀[0m[38;2;177;94;169m[48;2;177;94;169m▀[0m[38;2;177;94;169m[48;2;16;16;16m▀[0m[38;2;16;16;16m[48;2;180;180;180m▀[0m[38;2;180;180;180m[48;2;180;180;180m▀[0m[38;2;134;139;145m[48;2;16;16;16m▀[0m [38;2;16;16;16m[48;2;16;16;16m▀[0m[38;2;220;165;61m[48;2;220;165;61m▀[0m[38;2;253;216;66m[48;2;253;216;66m▀[0m[38;2;129;71;36m[48;2;129;71;36m▀[0m[38;2;180;180;180m[48;2;16;16;16m▀[0m[38;2;180;180;180m[48;2;180;180;180m▀[0m[38;2;180;180;180m[48;2;180;180;180m▀[0m[38;2;180;180;180m[48;2;180;180;180m▀[0m[38;2;180;180;180m[48;2;180;180;180m▀[0m[38;2;180;180;180m[48;2;180;180;180m▀[0m[38;2;180;180;180m[48;2;180;180;180m▀[0m[38;2;180;180;180m[48;2;180;180;180m▀[0m[38;2;180;180;180m[48;2;180;180;180m▀[0m[38;2;180;180;180m[48;2;16;16;16m▀[0m[38;2;16;16;16m▀[0m      [38;2;16;16;16m[48;2;16;16;16m▀[0m[38;2;180;180;180m[48;2;180;180;180m▀[0m[38;2;180;180;180m[48;2;180;180;180m▀[0m[38;2;180;180;180m[48;2;180;180;180m▀[0m[38;2;180;180;180m[48;2;180;180;180m▀[0m[38;2;180;180;180m[48;2;180;180;180m▀[0m[38;2;180;180;180m[48;2;180;180;180m▀[0m[38;2;180;180;180m[48;2;180;180;180m▀[0m[38;2;180;180;180m[48;2;180;180;180m▀[0m[38;2;180;180;180m[48;2;180;180;180m▀[0m[38;2;180;180;180m[48;2;180;180;180m▀[0m[38;2;180;180;180m[48;2;180;180;180m▀[0m[38;2;180;180;180m[48;2;251;251;251m▀[0m[38;2;251;251;251m[48;2;251;251;251m▀[0m[38;2;251;251;251m[48;2;251;251;251m▀[0m[38;2;251;251;251m[48;2;251;251;251m▀[0m[38;2;16;16;16m[48;2;251;251;251m▀[0m[38;2;16;16;16m[48;2;251;251;251m▀[0m[38;2;16;16;16m[48;2;251;251;251m▀[0m[38;2;251;251;251m[48;2;251;251;251m▀[0m[38;2;251;251;251m[48;2;251;251;251m▀[0m[38;2;251;251;251m[48;2;251;251;251m▀[0m[38;2;251;251;251m[48;2;251;251;251m▀[0m[38;2;251;251;251m[48;2;251;251;251m▀[0m[38;2;251;251;251m[48;2;134;139;145m▀[0m[38;2;134;139;145m▀[0m      
                  [38;2;16;16;16m▄[0m[38;2;16;16;16m[48;2;180;180;180m▀[0m[38;2;134;139;145m[48;2;180;180;180m▀[0m[38;2;180;180;180m[48;2;180;180;180m▀[0m[38;2;180;180;180m[48;2;180;180;180m▀[0m[38;2;16;16;16m[48;2;180;180;180m▀[0m[38;2;16;16;16m[48;2;180;180;180m▀[0m[38;2;16;16;16m[48;2;180;180;180m▀[0m[38;2;180;180;180m[48;2;180;180;180m▀[0m[38;2;180;180;180m[48;2;180;180;180m▀[0m[38;2;180;180;180m[48;2;16;16;16m▀[0m[38;2;16;16;16m▀[0m[38;2;16;16;16m▄[0m[38;2;16;16;16m[48;2;177;123;48m▀[0m[38;2;220;165;61m[48;2;220;165;61m▀[0m[38;2;253;216;66m[48;2;177;123;48m▀[0m[38;2;129;71;36m[48;2;177;123;48m▀[0m[38;2;129;71;36m▄[0m[38;2;16;16;16m▀[0m[38;2;180;180;180m[48;2;16;16;16m▀[0m[38;2;180;180;180m[48;2;180;180;180m▀[0m[38;2;180;180;180m[48;2;180;180;180m▀[0m[38;2;180;180;180m[48;2;180;180;180m▀[0m[38;2;180;180;180m[48;2;180;180;180m▀[0m[38;2;180;180;180m[48;2;16;16;16m▀[0m[38;2;16;16;16m▀[0m[38;2;129;71;36m▄[0m[38;2;129;71;36m▄[0m       [38;2;16;16;16m▀[0m[38;2;180;180;180m[48;2;16;16;16m▀[0m[38;2;180;180;180m[48;2;16;16;16m▀[0m[38;2;180;180;180m[48;2;180;180;180m▀[0m[38;2;180;180;180m[48;2;180;180;180m▀[0m[38;2;180;180;180m[48;2;180;180;180m▀[0m[38;2;180;180;180m[48;2;180;180;180m▀[0m[38;2;180;180;180m[48;2;180;180;180m▀[0m[38;2;180;180;180m[48;2;180;180;180m▀[0m[38;2;180;180;180m[48;2;180;180;180m▀[0m[38;2;180;180;180m[48;2;180;180;180m▀[0m[38;2;180;180;180m[48;2;180;180;180m▀[0m[38;2;251;251;251m[48;2;180;180;180m▀[0m[38;2;251;251;251m[48;2;180;180;180m▀[0m[38;2;251;251;251m[48;2;251;251;251m▀[0m[38;2;180;180;180m[48;2;251;251;251m▀[0m[38;2;180;180;180m[48;2;251;251;251m▀[0m[38;2;180;180;180m[48;2;251;251;251m▀[0m[38;2;251;251;251m[48;2;251;251;251m▀[0m[38;2;251;251;251m[48;2;251;251;251m▀[0m[38;2;251;251;251m[48;2;251;251;251m▀[0m[38;2;134;139;145m[48;2;251;251;251m▀[0m[38;2;134;139;145m[48;2;251;251;251m▀[0m[38;2;134;139;145m[48;2;251;251;251m▀[0m[38;2;134;139;145m[48;2;251;251;251m▀[0m[38;2;134;139;145m[48;2;134;139;145m▀[0m[38;2;134;139;145m▀[0m    
                 [38;2;134;139;145m[48;2;134;139;145m▀[0m[38;2;134;139;145m[48;2;180;180;180m▀[0m[38;2;16;16;16m[48;2;180;180;180m▀[0m[38;2;180;180;180m[48;2;134;139;145m▀[0m[38;2;180;180;180m[48;2;134;139;145m▀[0m[38;2;180;180;180m[48;2;180;180;180m▀[0m[38;2;180;180;180m[48;2;180;180;180m▀[0m[38;2;180;180;180m[48;2;180;180;180m▀[0m[38;2;180;180;180m[48;2;180;180;180m▀[0m[38;2;180;180;180m[48;2;16;16;16m▀[0m[38;2;180;180;180m[48;2;16;16;16m▀[0m[38;2;16;16;16m[48;2;208;131;189m▀[0m[38;2;104;56;97m[48;2;208;131;189m▀[0m[38;2;129;71;36m[48;2;104;56;97m▀[0m[38;2;220;165;61m[48;2;104;56;97m▀[0m[38;2;220;165;61m[48;2;104;56;97m▀[0m[38;2;220;165;61m[48;2;104;56;97m▀[0m[38;2;220;165;61m[48;2;104;56;97m▀[0m[38;2;129;71;36m[48;2;177;94;169m▀[0m[38;2;104;56;97m[48;2;208;131;189m▀[0m[38;2;104;56;97m[48;2;208;131;189m▀[0m[38;2;104;56;97m[48;2;208;131;189m▀[0m[38;2;104;56;97m[48;2;177;94;169m▀[0m[38;2;104;56;97m[48;2;177;94;169m▀[0m[38;2;180;180;180m[48;2;104;56;97m▀[0m[38;2;129;71;36m[48;2;253;216;66m▀[0m[38;2;129;71;36m[48;2;253;216;66m▀[0m[38;2;253;216;66m[48;2;220;165;61m▀[0m[38;2;253;216;66m[48;2;253;216;66m▀[0m[38;2;129;71;36m[48;2;129;71;36m▀[0m[38;2;129;71;36m▄[0m        [38;2;16;16;16m▀[0m[38;2;16;16;16m▀[0m[38;2;16;16;16m▀[0m[38;2;16;16;16m▀[0m[38;2;180;180;180m[48;2;16;16;16m▀[0m[38;2;180;180;180m[48;2;16;16;16m▀[0m[38;2;180;180;180m[48;2;134;139;145m▀[0m[38;2;180;180;180m[48;2;134;139;145m▀[0m[38;2;180;180;180m[48;2;180;180;180m▀[0m[38;2;180;180;180m[48;2;180;180;180m▀[0m[38;2;180;180;180m[48;2;180;180;180m▀[0m[38;2;180;180;180m[48;2;180;180;180m▀[0m[38;2;180;180;180m[48;2;180;180;180m▀[0m[38;2;180;180;180m[48;2;180;180;180m▀[0m[38;2;180;180;180m[48;2;180;180;180m▀[0m[38;2;180;180;180m[48;2;251;251;251m▀[0m[38;2;180;180;180m[48;2;251;251;251m▀[0m[38;2;251;251;251m[48;2;251;251;251m▀[0m[38;2;251;251;251m[48;2;251;251;251m▀[0m[38;2;134;139;145m[48;2;251;251;251m▀[0m[38;2;134;139;145m[48;2;251;251;251m▀[0m[38;2;134;139;145m[48;2;134;139;145m▀[0m[38;2;134;139;145m▄[0m     
                  [38;2;134;139;145m▀[0m[38;2;180;180;180m[48;2;134;139;145m▀[0m[38;2;180;180;180m[48;2;134;139;145m▀[0m[38;2;180;180;180m[48;2;180;180;180m▀[0m[38;2;180;180;180m[48;2;180;180;180m▀[0m[38;2;180;180;180m[48;2;180;180;180m▀[0m[38;2;180;180;180m[48;2;129;71;36m▀[0m[38;2;16;16;16m[48;2;16;16;16m▀[0m[38;2;177;94;169m[48;2;177;94;169m▀[0m[38;2;177;94;169m[48;2;177;94;169m▀[0m[38;2;177;94;169m[48;2;177;94;169m▀[0m[38;2;208;131;189m[48;2;177;94;169m▀[0m[38;2;208;131;189m[48;2;177;94;169m▀[0m[38;2;208;131;189m[48;2;177;94;169m▀[0m[38;2;208;131;189m[48;2;177;94;169m▀[0m[38;2;208;131;189m[48;2;177;94;169m▀[0m[38;2;208;131;189m[48;2;177;94;169m▀[0m[38;2;208;131;189m[48;2;177;94;169m▀[0m[38;2;208;131;189m[48;2;177;94;169m▀[0m[38;2;177;94;169m[48;2;177;94;169m▀[0m[38;2;177;94;169m[48;2;177;94;169m▀[0m[38;2;177;94;169m[48;2;177;94;169m▀[0m[38;2;177;94;169m[48;2;177;94;169m▀[0m[38;2;104;56;97m[48;2;104;56;97m▀[0m[38;2;129;71;36m[48;2;253;216;66m▀[0m[38;2;129;71;36m[48;2;253;216;66m▀[0m[38;2;129;71;36m[48;2;253;216;66m▀[0m[38;2;220;165;61m[48;2;129;71;36m▀[0m[38;2;129;71;36m[48;2;129;71;36m▀[0m[38;2;253;216;66m[48;2;129;71;36m▀[0m[38;2;129;71;36m[48;2;129;71;36m▀[0m      [38;2;129;71;36m▄[0m[38;2;129;71;36m▄[0m[38;2;104;56;97m[48;2;177;94;169m▀[0m[38;2;104;56;97m[48;2;177;94;169m▀[0m[38;2;104;56;97m[48;2;208;131;189m▀[0m[38;2;104;56;97m▄[0m [38;2;16;16;16m▀[0m[38;2;180;180;180m[48;2;16;16;16m▀[0m[38;2;180;180;180m[48;2;180;180;180m▀[0m[38;2;180;180;180m[48;2;180;180;180m▀[0m[38;2;180;180;180m[48;2;180;180;180m▀[0m[38;2;180;180;180m[48;2;180;180;180m▀[0m[38;2;180;180;180m[48;2;180;180;180m▀[0m[38;2;180;180;180m[48;2;180;180;180m▀[0m[38;2;180;180;180m[48;2;180;180;180m▀[0m[38;2;180;180;180m[48;2;180;180;180m▀[0m[38;2;180;180;180m[48;2;180;180;180m▀[0m[38;2;180;180;180m[48;2;180;180;180m▀[0m[38;2;180;180;180m[48;2;180;180;180m▀[0m[38;2;251;251;251m[48;2;180;180;180m▀[0m[38;2;251;251;251m[48;2;180;180;180m▀[0m[38;2;251;251;251m[48;2;180;180;180m▀[0m[38;2;251;251;251m[48;2;251;251;251m▀[0m[38;2;134;139;145m[48;2;251;251;251m▀[0m[38;2;134;139;145m▄[0m   
                     [38;2;134;139;145m[48;2;129;71;36m▀[0m[38;2;129;71;36m[48;2;253;216;66m▀[0m[38;2;129;71;36m[48;2;253;216;66m▀[0m[38;2;253;216;66m[48;2;253;216;66m▀[0m[38;2;253;216;66m[48;2;253;216;66m▀[0m[38;2;16;16;16m[48;2;129;71;36m▀[0m[38;2;177;94;169m[48;2;16;16;16m▀[0m[38;2;177;94;169m[48;2;177;94;169m▀[0m[38;2;177;94;169m[48;2;177;94;169m▀[0m[38;2;177;94;169m[48;2;177;94;169m▀[0m[38;2;177;94;169m[48;2;177;94;169m▀[0m[38;2;177;94;169m[48;2;177;94;169m▀[0m[38;2;177;94;169m[48;2;177;94;169m▀[0m[38;2;177;94;169m[48;2;177;94;169m▀[0m[38;2;177;94;169m[48;2;177;94;169m▀[0m[38;2;177;94;169m[48;2;177;94;169m▀[0m[38;2;177;94;169m[48;2;16;16;16m▀[0m[38;2;177;94;169m[48;2;16;16;16m▀[0m[38;2;177;94;169m[48;2;16;16;16m▀[0m[38;2;177;94;169m[48;2;104;56;97m▀[0m[38;2;104;56;97m[48;2;129;71;36m▀[0m[38;2;253;216;66m[48;2;220;165;61m▀[0m[38;2;253;216;66m[48;2;220;165;61m▀[0m[38;2;253;216;66m[48;2;253;216;66m▀[0m[38;2;253;216;66m[48;2;253;216;66m▀[0m[38;2;253;216;66m[48;2;253;216;66m▀[0m[38;2;253;216;66m[48;2;253;216;66m▀[0m[38;2;177;123;48m[48;2;253;216;66m▀[0m[38;2;129;71;36m[48;2;253;216;66m▀[0m[38;2;129;71;36m[48;2;253;216;66m▀[0m[38;2;129;71;36m[48;2;253;216;66m▀[0m[38;2;129;71;36m[48;2;253;216;66m▀[0m[38;2;129;71;36m[48;2;253;216;66m▀[0m[38;2;177;123;48m[48;2;253;216;66m▀[0m[38;2;253;216;66m[48;2;253;216;66m▀[0m[38;2;253;216;66m[48;2;253;216;66m▀[0m[38;2;253;216;66m[48;2;253;216;66m▀[0m[38;2;253;216;66m[48;2;253;216;66m▀[0m[38;2;177;94;169m[48;2;253;216;66m▀[0m[38;2;208;131;189m[48;2;177;94;169m▀[0m[38;2;104;56;97m[48;2;208;131;189m▀[0m[38;2;104;56;97m▄[0m [38;2;16;16;16m▀[0m[38;2;180;180;180m[48;2;16;16;16m▀[0m[38;2;180;180;180m[48;2;16;16;16m▀[0m[38;2;180;180;180m[48;2;180;180;180m▀[0m[38;2;180;180;180m[48;2;180;180;180m▀[0m[38;2;180;180;180m[48;2;180;180;180m▀[0m[38;2;180;180;180m[48;2;180;180;180m▀[0m[38;2;180;180;180m[48;2;180;180;180m▀[0m[38;2;180;180;180m[48;2;134;139;145m▀[0m[38;2;180;180;180m[48;2;16;16;16m▀[0m[38;2;180;180;180m[48;2;16;16;16m▀[0m[38;2;134;139;145m▀[0m[38;2;16;16;16m▀[0m[38;2;16;16;16m▀[0m[38;2;134;139;145m▀[0m[38;2;251;251;251m[48;2;134;139;145m▀[0m[38;2;134;139;145m[48;2;134;139;145m▀[0m   
                     [38;2;129;71;36m[48;2;16;16;16m▀[0m[38;2;253;216;66m[48;2;220;165;61m▀[0m[38;2;253;216;66m[48;2;220;165;61m▀[0m[38;2;220;165;61m[48;2;220;165;61m▀[0m[38;2;220;165;61m[48;2;220;165;61m▀[0m[38;2;129;71;36m[48;2;177;123;48m▀[0m[38;2;16;16;16m[48;2;220;165;61m▀[0m[38;2;177;94;169m[48;2;16;16;16m▀[0m[38;2;177;94;169m[48;2;177;94;169m▀[0m[38;2;177;94;169m[48;2;177;94;169m▀[0m[38;2;177;94;169m[48;2;177;94;169m▀[0m[38;2;177;94;169m[48;2;177;94;169m▀[0m[38;2;177;94;169m[48;2;177;94;169m▀[0m[38;2;177;94;169m[48;2;177;94;169m▀[0m[38;2;177;94;169m[48;2;16;16;16m▀[0m[38;2;16;16;16m[48;2;129;71;36m▀[0m[38;2;129;71;36m[48;2;220;165;61m▀[0m[38;2;220;165;61m[48;2;220;165;61m▀[0m[38;2;220;165;61m[48;2;220;165;61m▀[0m[38;2;220;165;61m[48;2;220;165;61m▀[0m[38;2;220;165;61m[48;2;220;165;61m▀[0m[38;2;129;71;36m[48;2;129;71;36m▀[0m[38;2;220;165;61m[48;2;220;165;61m▀[0m[38;2;220;165;61m[48;2;220;165;61m▀[0m[38;2;220;165;61m[48;2;220;165;61m▀[0m[38;2;220;165;61m[48;2;220;165;61m▀[0m[38;2;253;216;66m[48;2;220;165;61m▀[0m[38;2;253;216;66m[48;2;220;165;61m▀[0m[38;2;253;216;66m[48;2;220;165;61m▀[0m[38;2;253;216;66m[48;2;220;165;61m▀[0m[38;2;253;216;66m[48;2;220;165;61m▀[0m[38;2;253;216;66m[48;2;220;165;61m▀[0m[38;2;220;165;61m[48;2;220;165;61m▀[0m[38;2;220;165;61m[48;2;220;165;61m▀[0m[38;2;220;165;61m[48;2;220;165;61m▀[0m[38;2;220;165;61m[48;2;220;165;61m▀[0m[38;2;220;165;61m[48;2;220;165;61m▀[0m[38;2;253;216;66m[48;2;220;165;61m▀[0m[38;2;253;216;66m[48;2;220;165;61m▀[0m[38;2;177;94;169m[48;2;177;94;169m▀[0m[38;2;208;131;189m[48;2;208;131;189m▀[0m[38;2;104;56;97m[48;2;208;131;189m▀[0m[38;2;104;56;97m▄[0m   [38;2;16;16;16m▀[0m[38;2;16;16;16m▀[0m[38;2;16;16;16m▀[0m[38;2;16;16;16m▀[0m[38;2;16;16;16m▀[0m            
                      [38;2;16;16;16m[48;2;16;16;16m▀[0m[38;2;220;165;61m[48;2;220;165;61m▀[0m[38;2;220;165;61m[48;2;220;165;61m▀[0m[38;2;220;165;61m[48;2;220;165;61m▀[0m[38;2;220;165;61m[48;2;220;165;61m▀[0m[38;2;177;123;48m[48;2;220;165;61m▀[0m[38;2;16;16;16m[48;2;129;71;36m▀[0m[38;2;177;94;169m[48;2;16;16;16m▀[0m[38;2;177;94;169m[48;2;177;94;169m▀[0m[38;2;177;94;169m[48;2;177;94;169m▀[0m[38;2;177;94;169m[48;2;177;94;169m▀[0m[38;2;177;94;169m[48;2;177;94;169m▀[0m[38;2;177;94;169m[48;2;177;94;169m▀[0m[38;2;16;16;16m[48;2;177;94;169m▀[0m[38;2;220;165;61m[48;2;16;16;16m▀[0m[38;2;220;165;61m[48;2;16;16;16m▀[0m[38;2;220;165;61m[48;2;16;16;16m▀[0m[38;2;220;165;61m[48;2;129;71;36m▀[0m[38;2;129;71;36m[48;2;220;165;61m▀[0m[38;2;129;71;36m[48;2;220;165;61m▀[0m[38;2;220;165;61m[48;2;220;165;61m▀[0m[38;2;220;165;61m[48;2;220;165;61m▀[0m[38;2;220;165;61m[48;2;220;165;61m▀[0m[38;2;220;165;61m[48;2;220;165;61m▀[0m[38;2;220;165;61m[48;2;220;165;61m▀[0m[38;2;220;165;61m[48;2;220;165;61m▀[0m[38;2;220;165;61m[48;2;220;165;61m▀[0m[38;2;220;165;61m[48;2;220;165;61m▀[0m[38;2;220;165;61m[48;2;220;165;61m▀[0m[38;2;220;165;61m[48;2;220;165;61m▀[0m[38;2;220;165;61m[48;2;220;165;61m▀[0m[38;2;220;165;61m[48;2;220;165;61m▀[0m[38;2;220;165;61m[48;2;220;165;61m▀[0m[38;2;220;165;61m[48;2;220;165;61m▀[0m[38;2;220;165;61m[48;2;220;165;61m▀[0m[38;2;220;165;61m[48;2;220;165;61m▀[0m[38;2;220;165;61m[48;2;220;165;61m▀[0m[38;2;129;71;36m[48;2;129;71;36m▀[0m[38;2;177;94;169m[48;2;177;94;169m▀[0m[38;2;177;94;169m[48;2;177;94;169m▀[0m[38;2;208;131;189m[48;2;177;94;169m▀[0m[38;2;16;16;16m[48;2;16;16;16m▀[0m                    
                       [38;2;16;16;16m▀[0m[38;2;220;165;61m[48;2;16;16;16m▀[0m[38;2;220;165;61m[48;2;220;165;61m▀[0m[38;2;220;165;61m[48;2;220;165;61m▀[0m[38;2;220;165;61m[48;2;220;165;61m▀[0m[38;2;220;165;61m[48;2;16;16;16m▀[0m[38;2;16;16;16m[48;2;16;16;16m▀[0m[38;2;177;94;169m[48;2;16;16;16m▀[0m[38;2;177;94;169m[48;2;177;94;169m▀[0m[38;2;177;94;169m[48;2;177;94;169m▀[0m[38;2;177;94;169m[48;2;177;94;169m▀[0m[38;2;177;94;169m[48;2;177;94;169m▀[0m[38;2;177;94;169m[48;2;104;56;97m▀[0m[38;2;104;56;97m▀[0m  [38;2;16;16;16m▀[0m[38;2;220;165;61m[48;2;16;16;16m▀[0m[38;2;220;165;61m[48;2;16;16;16m▀[0m[38;2;220;165;61m[48;2;16;16;16m▀[0m[38;2;220;165;61m[48;2;16;16;16m▀[0m[38;2;220;165;61m[48;2;16;16;16m▀[0m[38;2;220;165;61m[48;2;16;16;16m▀[0m[38;2;220;165;61m[48;2;16;16;16m▀[0m[38;2;220;165;61m[48;2;16;16;16m▀[0m[38;2;220;165;61m[48;2;16;16;16m▀[0m[38;2;220;165;61m[48;2;16;16;16m▀[0m[38;2;220;165;61m[48;2;129;71;36m▀[0m[38;2;220;165;61m[48;2;220;165;61m▀[0m[38;2;220;165;61m[48;2;220;165;61m▀[0m[38;2;220;165;61m[48;2;220;165;61m▀[0m[38;2;220;165;61m[48;2;220;165;61m▀[0m[38;2;220;165;61m[48;2;220;165;61m▀[0m[38;2;220;165;61m[48;2;220;165;61m▀[0m[38;2;220;165;61m[48;2;129;71;36m▀[0m[38;2;129;71;36m[48;2;177;94;169m▀[0m[38;2;177;94;169m[48;2;177;94;169m▀[0m[38;2;177;94;169m[48;2;177;94;169m▀[0m[38;2;177;94;169m[48;2;177;94;169m▀[0m[38;2;16;16;16m[48;2;16;16;16m▀[0m                     
                         [38;2;16;16;16m▀[0m[38;2;16;16;16m▀[0m[38;2;16;16;16m▀[0m   [38;2;104;56;97m▀[0m[38;2;104;56;97m▀[0m[38;2;104;56;97m▀[0m[38;2;104;56;97m▀[0m                [38;2;16;16;16m▀[0m[38;2;16;16;16m▀[0m[38;2;220;165;61m[48;2;16;16;16m▀[0m[38;2;220;165;61m[48;2;16;16;16m▀[0m[38;2;220;165;61m[48;2;129;71;36m▀[0m[38;2;129;71;36m[48;2;177;94;169m▀[0m[38;2;177;94;169m[48;2;177;94;169m▀[0m[38;2;177;94;169m[48;2;177;94;169m▀[0m[38;2;177;94;169m[48;2;16;16;16m▀[0m[38;2;177;94;169m[48;2;16;16;16m▀[0m[38;2;16;16;16m▀[0m                      
                                                       [38;2;16;16;16m▀[0m[38;2;16;16;16m▀[0m[38;2;16;16;16m▀[0m[38;2;16;16;16m▀[0m                         
[0m