                                      [38;2;49;82;115m▄[0m[38;2;49;82;115m[48;2;255;255;255m▀[0m[38;2;49;82;115m▄[0m  
                                      [38;2;49;82;115m[48;2;49;82;115m▀[0m[38;2;255;255;255m[48;2;255;255;255m▀[0m[38;2;49;82;115m[48;2;49;82;115m▀[0m  
                             [38;2;49;82;115m▄[0m       [38;2;49;82;115m▄[0m[38;2;49;82;115m[48;2;255;255;255m▀[0m[38;2;255;255;255m[48;2;255;255;255m▀[0m[38;2;49;82;115m[48;2;49;82;115m▀[0m  
                            [38;2;49;82;115m[48;2;49;82;115m▀[0m[38;2;255;255;255m[48;2;255;255;255m▀[0m[38;2;49;82;115m[48;2;49;82;115m▀[0m      [38;2;49;82;115m[48;2;49;82;115m▀[0m[38;2;255;255;255m[48;2;255;255;255m▀[0m[38;2;255;255;255m[48;2;255;255;255m▀[0m[38;2;255;255;255m[48;2;255;255;255m▀[0m[38;2;49;82;115m[48;2;49;82;115m▀[0m 
                           [38;2;49;82;115m[48;2;49;82;115m▀[0m[38;2;205;205;205m[48;2;205;205;205m▀[0m[38;2;255;255;255m[48;2;205;205;205m▀[0m[38;2;255;255;255m[48;2;255;255;255m▀[0m[38;2;49;82;115m[48;2;49;82;115m▀[0m  [38;2;49;82;115m▄[0m[38;2;49;82;115m▄[0m [38;2;49;82;115m[48;2;49;82;115m▀[0m[38;2;255;255;255m[48;2;255;255;255m▀[0m[38;2;255;255;255m[48;2;255;255;255m▀[0m[38;2;255;255;255m[48;2;255;255;255m▀[0m[38;2;49;82;115m[48;2;49;82;115m▀[0m 
                      [38;2;49;82;115m▄[0m  [38;2;24;32;32m▄[0m[38;2;24;32;32m[48;2;49;82;115m▀[0m[38;2;205;205;205m[48;2;205;205;205m▀[0m[38;2;205;205;205m[48;2;205;205;205m▀[0m[38;2;205;205;205m[48;2;205;205;205m▀[0m[38;2;255;255;255m[48;2;205;205;205m▀[0m[38;2;255;255;255m[48;2;255;255;255m▀[0m[38;2;49;82;115m[48;2;24;32;32m▀[0m[38;2;24;32;32m▄[0m[38;2;49;82;115m[48;2;49;82;115m▀[0m[38;2;255;255;255m[48;2;255;255;255m▀[0m[38;2;49;82;115m[48;2;255;255;255m▀[0m[38;2;49;82;115m[48;2;49;82;115m▀[0m[38;2;205;205;205m[48;2;205;205;205m▀[0m[38;2;255;255;255m[48;2;255;255;255m▀[0m[38;2;255;255;255m[48;2;255;255;255m▀[0m[38;2;49;82;115m[48;2;49;82;115m▀[0m 
                     [38;2;49;82;115m[48;2;49;82;115m▀[0m[38;2;205;205;205m[48;2;205;205;205m▀[0m[38;2;49;82;115m[48;2;205;205;205m▀[0m[38;2;49;82;115m▄[0m[38;2;24;32;32m[48;2;49;82;115m▀[0m[38;2;205;205;205m[48;2;205;205;205m▀[0m[38;2;205;205;205m[48;2;205;205;205m▀[0m[38;2;205;205;205m[48;2;205;205;205m▀[0m[38;2;205;205;205m[48;2;205;205;205m▀[0m[38;2;205;205;205m[48;2;205;205;205m▀[0m[38;2;205;205;205m[48;2;24;32;32m▀[0m[38;2;24;32;32m[48;2;24;32;32m▀[0m[38;2;24;32;32m[48;2;24;32;32m▀[0m[38;2;24;32;32m[48;2;24;32;32m▀[0m[38;2;205;205;205m[48;2;205;205;205m▀[0m[38;2;255;255;255m[48;2;205;205;205m▀[0m[38;2;255;255;255m[48;2;205;205;205m▀[0m[38;2;205;205;205m[48;2;205;205;205m▀[0m[38;2;255;255;255m[48;2;205;205;205m▀[0m[38;2;255;255;255m[48;2;255;255;255m▀[0m[38;2;49;82;115m[48;2;255;255;255m▀[0m[38;2;49;82;115m▄[0m
                     [38;2;49;82;115m[48;2;49;82;115m▀[0m[38;2;205;205;205m[48;2;205;205;205m▀[0m[38;2;205;205;205m[48;2;205;205;205m▀[0m[38;2;205;205;205m[48;2;205;205;205m▀[0m[38;2;49;82;115m[48;2;205;205;205m▀[0m[38;2;205;205;205m[48;2;205;205;205m▀[0m[38;2;205;205;205m[48;2;205;205;205m▀[0m[38;2;205;205;205m[48;2;32;49;82m▀[0m[38;2;205;205;205m[48;2;32;49;82m▀[0m[38;2;205;205;205m[48;2;24;32;32m▀[0m[38;2;24;32;32m[48;2;24;32;32m▀[0m[38;2;24;32;32m[48;2;24;32;32m▀[0m[38;2;24;32;32m[48;2;24;32;32m▀[0m[38;2;24;32;32m[48;2;24;32;32m▀[0m[38;2;205;205;205m[48;2;205;205;205m▀[0m[38;2;205;205;205m[48;2;205;205;205m▀[0m[38;2;205;205;205m[48;2;205;205;205m▀[0m[38;2;205;205;205m[48;2;49;82;115m▀[0m[38;2;205;205;205m[48;2;205;205;205m▀[0m[38;2;255;255;255m[48;2;205;205;205m▀[0m[38;2;255;255;255m[48;2;255;255;255m▀[0m[38;2;49;82;115m[48;2;49;82;115m▀[0m
                   [38;2;49;82;115m[48;2;49;82;115m▀[0m[38;2;49;82;115m[48;2;205;205;205m▀[0m[38;2;49;82;115m[48;2;49;82;115m▀[0m[38;2;205;205;205m[48;2;205;205;205m▀[0m[38;2;205;205;205m[48;2;205;205;205m▀[0m[38;2;205;205;205m[48;2;205;205;205m▀[0m[38;2;205;205;205m[48;2;24;32;57m▀[0m[38;2;24;32;57m[48;2;32;49;82m▀[0m[38;2;24;32;57m[48;2;32;49;82m▀[0m[38;2;49;82;115m[48;2;32;49;82m▀[0m[38;2;49;82;115m[48;2;32;49;82m▀[0m[38;2;24;32;32m[48;2;24;32;32m▀[0m[38;2;24;32;32m[48;2;24;32;32m▀[0m[38;2;24;32;32m[48;2;24;32;32m▀[0m[38;2;24;32;57m[48;2;49;82;115m▀[0m[38;2;205;205;205m[48;2;24;32;57m▀[0m[38;2;205;205;205m[48;2;205;205;205m▀[0m[38;2;205;205;205m[48;2;205;205;205m▀[0m[38;2;205;205;205m[48;2;205;205;205m▀[0m[38;2;49;82;115m[48;2;49;82;115m▀[0m[38;2;49;82;115m▀[0m[38;2;205;205;205m[48;2;49;82;115m▀[0m[38;2;255;255;255m[48;2;255;255;255m▀[0m[38;2;49;82;115m[48;2;49;82;115m▀[0m
                   [38;2;49;82;115m▀[0m[38;2;205;205;205m[48;2;49;82;115m▀[0m[38;2;205;205;205m[48;2;205;205;205m▀[0m[38;2;205;205;205m[48;2;205;205;205m▀[0m[38;2;205;205;205m[48;2;205;205;205m▀[0m[38;2;205;205;205m[48;2;24;32;57m▀[0m[38;2;24;32;57m[48;2;32;49;82m▀[0m[38;2;32;49;82m[48;2;32;49;82m▀[0m[38;2;32;49;82m[48;2;32;49;82m▀[0m[38;2;32;49;82m[48;2;32;49;82m▀[0m[38;2;32;49;82m[48;2;32;49;82m▀[0m[38;2;32;49;82m[48;2;32;49;82m▀[0m[38;2;49;82;115m[48;2;32;49;82m▀[0m[38;2;49;82;115m[48;2;32;49;82m▀[0m[38;2;49;82;115m[48;2;49;82;115m▀[0m[38;2;49;82;115m[48;2;49;82;115m▀[0m[38;2;16;16;16m[48;2;49;82;115m▀[0m[38;2;205;205;205m[48;2;24;32;57m▀[0m[38;2;49;82;115m[48;2;49;82;115m▀[0m   [38;2;49;82;115m▀[0m 
                    [38;2;49;82;115m[48;2;49;82;115m▀[0m[38;2;205;205;205m[48;2;205;205;205m▀[0m[38;2;205;205;205m[48;2;205;205;205m▀[0m[38;2;205;205;205m[48;2;24;32;57m▀[0m[38;2;24;32;57m[48;2;32;49;82m▀[0m[38;2;32;49;82m[48;2;32;49;82m▀[0m[38;2;32;49;82m[48;2;32;49;82m▀[0m[38;2;32;49;82m[48;2;32;49;82m▀[0m[38;2;32;49;82m[48;2;32;49;82m▀[0m[38;2;32;49;82m[48;2;32;49;82m▀[0m[38;2;32;49;82m[48;2;32;49;82m▀[0m[38;2;32;49;82m[48;2;32;49;82m▀[0m[38;2;49;82;115m[48;2;255;222;123m▀[0m[38;2;255;222;123m[48;2;24;238;106m▀[0m[38;2;139;115;32m[48;2;24;238;106m▀[0m[38;2;49;82;115m[48;2;49;82;115m▀[0m[38;2;24;32;57m[48;2;49;82;115m▀[0m[38;2;49;82;115m[48;2;24;32;57m▀[0m     
                     [38;2;16;16;16m[48;2;16;16;16m▀[0m[38;2;205;205;205m[48;2;205;205;205m▀[0m[38;2;24;32;57m[48;2;24;32;57m▀[0m[38;2;32;49;82m[48;2;32;49;82m▀[0m[38;2;32;49;82m[48;2;32;49;82m▀[0m[38;2;32;49;82m[48;2;32;49;82m▀[0m[38;2;32;49;82m[48;2;32;49;82m▀[0m[38;2;32;49;82m[48;2;32;49;82m▀[0m[38;2;32;49;82m[48;2;32;49;82m▀[0m[38;2;32;49;82m[48;2;32;49;82m▀[0m[38;2;32;49;82m[48;2;32;49;82m▀[0m[38;2;255;222;123m[48;2;255;222;123m▀[0m[38;2;24;238;106m[48;2;24;238;106m▀[0m[38;2;24;32;32m[48;2;24;32;32m▀[0m[38;2;49;82;115m[48;2;49;82;115m▀[0m[38;2;49;82;115m[48;2;49;82;115m▀[0m[38;2;24;32;57m[48;2;49;82;115m▀[0m[38;2;16;16;16m▄[0m    
                    [38;2;16;16;16m▄[0m[38;2;16;16;16m[48;2;32;49;82m▀[0m[38;2;24;32;57m[48;2;32;49;82m▀[0m[38;2;32;49;82m[48;2;32;49;82m▀[0m[38;2;32;49;82m[48;2;32;49;82m▀[0m[38;2;32;49;82m[48;2;32;49;82m▀[0m[38;2;32;49;82m[48;2;32;49;82m▀[0m[38;2;32;49;82m[48;2;32;49;82m▀[0m[38;2;32;49;82m[48;2;32;49;82m▀[0m[38;2;32;49;82m[48;2;32;49;82m▀[0m[38;2;32;49;82m[48;2;32;49;82m▀[0m[38;2;32;49;82m[48;2;32;49;82m▀[0m[38;2;32;49;82m[48;2;32;49;82m▀[0m[38;2;255;222;123m[48;2;32;49;82m▀[0m[38;2;74;180;49m[48;2;32;49;82m▀[0m[38;2;32;49;82m[48;2;32;49;82m▀[0m[38;2;49;82;115m[48;2;32;49;82m▀[0m[38;2;49;82;115m[48;2;49;82;115m▀[0m[38;2;24;32;32m[48;2;24;32;32m▀[0m[38;2;16;16;16m[48;2;24;32;32m▀[0m[38;2;16;16;16m▄[0m  
 [38;2;16;16;16m▄[0m[38;2;16;16;16m▄[0m                 [38;2;16;16;16m[48;2;16;16;16m▀[0m[38;2;205;205;205m[48;2;205;205;205m▀[0m[38;2;123;123;123m[48;2;205;205;205m▀[0m[38;2;32;49;82m[48;2;205;205;205m▀[0m[38;2;32;49;82m[48;2;205;205;205m▀[0m[38;2;32;49;82m[48;2;123;123;123m▀[0m[38;2;32;49;82m[48;2;32;49;82m▀[0m[38;2;32;49;82m[48;2;32;49;82m▀[0m[38;2;32;49;82m[48;2;32;49;82m▀[0m[38;2;32;49;82m[48;2;32;49;82m▀[0m[38;2;32;49;82m[48;2;32;49;82m▀[0m[38;2;32;49;82m[48;2;32;49;82m▀[0m[38;2;32;49;82m[48;2;32;49;82m▀[0m[38;2;32;49;82m[48;2;32;49;82m▀[0m[38;2;32;49;82m[48;2;32;49;82m▀[0m[38;2;32;49;82m[48;2;32;49;82m▀[0m[38;2;32;49;82m[48;2;32;49;82m▀[0m[38;2;32;49;82m[48;2;24;32;32m▀[0m[38;2;24;32;32m[48;2;24;32;32m▀[0m[38;2;24;32;32m[48;2;24;32;32m▀[0m[38;2;16;16;16m[48;2;16;16;16m▀[0m  
 [38;2;16;16;16m[48;2;16;16;16m▀[0m[38;2;255;255;255m[48;2;205;205;205m▀[0m[38;2;16;16;16m[48;2;255;255;255m▀[0m[38;2;16;16;16m▄[0m   [38;2;16;16;16m▄[0m[38;2;16;16;16m▄[0m[38;2;16;16;16m▄[0m[38;2;16;16;16m▄[0m[38;2;16;16;16m▄[0m[38;2;16;16;16m▄[0m     [38;2;16;16;16m[48;2;16;16;16m▀[0m[38;2;205;205;205m[48;2;205;205;205m▀[0m[38;2;205;205;205m[48;2;205;205;205m▀[0m[38;2;205;205;205m[48;2;205;205;205m▀[0m[38;2;205;205;205m[48;2;205;205;205m▀[0m[38;2;205;205;205m[48;2;205;205;205m▀[0m[38;2;205;205;205m[48;2;205;205;205m▀[0m[38;2;205;205;205m[48;2;205;205;205m▀[0m[38;2;123;123;123m[48;2;205;205;205m▀[0m[38;2;32;49;82m[48;2;205;205;205m▀[0m[38;2;32;49;82m[48;2;32;49;82m▀[0m[38;2;32;49;82m[48;2;32;49;82m▀[0m[38;2;32;49;82m[48;2;16;16;16m▀[0m[38;2;32;49;82m[48;2;16;16;16m▀[0m[38;2;16;16;16m[48;2;16;16;16m▀[0m[38;2;32;49;82m[48;2;32;49;82m▀[0m[38;2;32;49;82m[48;2;32;49;82m▀[0m[38;2;32;49;82m[48;2;24;32;32m▀[0m[38;2;24;32;32m[48;2;24;32;32m▀[0m[38;2;24;32;32m[48;2;16;16;16m▀[0m[38;2;24;32;32m[48;2;16;16;16m▀[0m[38;2;16;16;16m▀[0m  
 [38;2;16;16;16m▄[0m[38;2;16;16;16m[48;2;16;16;16m▀[0m[38;2;205;205;205m[48;2;205;205;205m▀[0m[38;2;255;255;255m[48;2;205;205;205m▀[0m[38;2;16;16;16m[48;2;255;255;255m▀[0m[38;2;16;16;16m[48;2;16;16;16m▀[0m[38;2;16;16;16m[48;2;32;49;82m▀[0m[38;2;32;49;82m[48;2;32;49;82m▀[0m[38;2;205;205;205m[48;2;32;49;82m▀[0m[38;2;255;255;255m[48;2;32;49;82m▀[0m[38;2;255;255;255m[48;2;123;123;123m▀[0m[38;2;255;255;255m[48;2;205;205;205m▀[0m[38;2;49;82;115m[48;2;255;255;255m▀[0m[38;2;16;16;16m[48;2;255;255;255m▀[0m[38;2;16;16;16m[48;2;123;123;123m▀[0m[38;2;16;16;16m[48;2;49;82;115m▀[0m[38;2;16;16;16m[48;2;49;82;115m▀[0m[38;2;16;16;16m[48;2;49;82;115m▀[0m[38;2;123;123;123m[48;2;49;82;115m▀[0m[38;2;123;123;123m[48;2;49;82;115m▀[0m[38;2;123;123;123m[48;2;49;82;115m▀[0m[38;2;205;205;205m[48;2;49;82;115m▀[0m[38;2;205;205;205m[48;2;32;49;82m▀[0m[38;2;205;205;205m[48;2;205;205;205m▀[0m[38;2;205;205;205m[48;2;205;205;205m▀[0m[38;2;205;205;205m[48;2;205;205;205m▀[0m[38;2;49;82;115m[48;2;205;205;205m▀[0m[38;2;205;205;205m[48;2;32;49;82m▀[0m[38;2;205;205;205m[48;2;32;49;82m▀[0m[38;2;32;49;82m[48;2;32;49;82m▀[0m[38;2;16;16;16m[48;2;16;16;16m▀[0m  [38;2;16;16;16m▀[0m[38;2;16;16;16m▀[0m[38;2;16;16;16m▀[0m[38;2;16;16;16m▀[0m     
 [38;2;16;16;16m▀[0m[38;2;205;205;205m[48;2;16;16;16m▀[0m[38;2;205;205;205m[48;2;205;205;205m▀[0m[38;2;205;205;205m[48;2;205;205;205m▀[0m[38;2;205;205;205m[48;2;205;205;205m▀[0m[38;2;205;205;205m[48;2;16;16;16m▀[0m[38;2;16;16;16m[48;2;32;49;82m▀[0m[38;2;32;49;82m[48;2;32;49;82m▀[0m[38;2;32;49;82m[48;2;32;49;82m▀[0m[38;2;32;49;82m[48;2;32;49;82m▀[0m[38;2;32;49;82m[48;2;32;49;82m▀[0m[38;2;123;123;123m[48;2;32;49;82m▀[0m[38;2;205;205;205m[48;2;123;123;123m▀[0m[38;2;255;255;255m[48;2;205;205;205m▀[0m[38;2;255;255;255m[48;2;205;205;205m▀[0m[38;2;255;255;255m[48;2;205;205;205m▀[0m[38;2;123;123;123m[48;2;205;205;205m▀[0m[38;2;49;82;115m[48;2;32;49;82m▀[0m[38;2;49;82;115m[48;2;32;49;82m▀[0m[38;2;32;49;82m[48;2;32;49;82m▀[0m[38;2;32;49;82m[48;2;32;49;82m▀[0m[38;2;32;49;82m[48;2;32;49;82m▀[0m[38;2;32;49;82m[48;2;32;49;82m▀[0m[38;2;32;49;82m[48;2;32;49;82m▀[0m[38;2;32;49;82m[48;2;32;49;82m▀[0m[38;2;205;205;205m[48;2;32;49;82m▀[0m[38;2;205;205;205m[48;2;32;49;82m▀[0m[38;2;205;205;205m[48;2;205;205;205m▀[0m[38;2;32;49;82m[48;2;205;205;205m▀[0m[38;2;32;49;82m[48;2;16;16;16m▀[0m[38;2;16;16;16m▀[0m           
 [38;2;16;16;16m[48;2;16;16;16m▀[0m[38;2;16;16;16m[48;2;24;32;57m▀[0m[38;2;205;205;205m[48;2;16;16;16m▀[0m[38;2;205;205;205m[48;2;205;205;205m▀[0m[38;2;205;205;205m[48;2;16;16;16m▀[0m[38;2;16;16;16m[48;2;32;49;82m▀[0m[38;2;32;49;82m[48;2;32;49;82m▀[0m[38;2;32;49;82m[48;2;32;49;82m▀[0m[38;2;32;49;82m[48;2;32;49;82m▀[0m[38;2;32;49;82m[48;2;32;49;82m▀[0m[38;2;32;49;82m[48;2;32;49;82m▀[0m[38;2;32;49;82m[48;2;32;49;82m▀[0m[38;2;32;49;82m[48;2;32;49;82m▀[0m[38;2;205;205;205m[48;2;123;123;123m▀[0m[38;2;205;205;205m[48;2;205;205;205m▀[0m[38;2;205;205;205m[48;2;205;205;205m▀[0m[38;2;205;205;205m[48;2;205;205;205m▀[0m[38;2;205;205;205m[48;2;205;205;205m▀[0m[38;2;32;49;82m[48;2;123;123;123m▀[0m[38;2;32;49;82m[48;2;32;49;82m▀[0m[38;2;32;49;82m[48;2;32;49;82m▀[0m[38;2;32;49;82m[48;2;32;49;82m▀[0m[38;2;32;49;82m[48;2;32;49;82m▀[0m[38;2;32;49;82m[48;2;32;49;82m▀[0m[38;2;32;49;82m[48;2;32;49;82m▀[0m[38;2;32;49;82m[48;2;32;49;82m▀[0m[38;2;32;49;82m[48;2;32;49;82m▀[0m[38;2;32;49;82m[48;2;32;49;82m▀[0m[38;2;32;49;82m[48;2;49;82;115m▀[0m[38;2;16;16;16m[48;2;16;16;16m▀[0m            
 [38;2;16;16;16m[48;2;16;16;16m▀[0m[38;2;24;32;57m[48;2;24;32;57m▀[0m[38;2;24;32;57m[48;2;24;32;57m▀[0m[38;2;16;16;16m[48;2;24;32;57m▀[0m[38;2;16;16;16m[48;2;16;16;16m▀[0m[38;2;32;49;82m[48;2;32;49;82m▀[0m[38;2;32;49;82m[48;2;32;49;82m▀[0m[38;2;32;49;82m[48;2;32;49;82m▀[0m[38;2;32;49;82m[48;2;32;49;82m▀[0m[38;2;32;49;82m[48;2;32;49;82m▀[0m[38;2;32;49;82m[48;2;32;49;82m▀[0m[38;2;32;49;82m[48;2;32;49;82m▀[0m[38;2;32;49;82m[48;2;32;49;82m▀[0m[38;2;32;49;82m[48;2;32;49;82m▀[0m[38;2;205;205;205m[48;2;123;123;123m▀[0m[38;2;205;205;205m[48;2;205;205;205m▀[0m[38;2;123;123;123m[48;2;32;49;82m▀[0m[38;2;205;205;205m[48;2;123;123;123m▀[0m[38;2;205;205;205m[48;2;205;205;205m▀[0m[38;2;32;49;82m[48;2;32;49;82m▀[0m[38;2;32;49;82m[48;2;32;49;82m▀[0m[38;2;32;49;82m[48;2;32;49;82m▀[0m[38;2;32;49;82m[48;2;32;49;82m▀[0m[38;2;32;49;82m[48;2;32;49;82m▀[0m[38;2;32;49;82m[48;2;205;205;205m▀[0m[38;2;32;49;82m[48;2;205;205;205m▀[0m[38;2;32;49;82m[48;2;123;123;123m▀[0m[38;2;32;49;82m[48;2;32;49;82m▀[0m[38;2;49;82;115m[48;2;49;82;115m▀[0m[38;2;32;49;82m[48;2;32;49;82m▀[0m            
 [38;2;16;16;16m[48;2;16;16;16m▀[0m[38;2;24;32;57m[48;2;49;82;115m▀[0m[38;2;24;32;57m[48;2;49;82;115m▀[0m[38;2;24;32;57m[48;2;24;32;57m▀[0m[38;2;16;16;16m[48;2;16;16;16m▀[0m[38;2;32;49;82m[48;2;32;49;82m▀[0m[38;2;32;49;82m[48;2;32;49;82m▀[0m[38;2;32;49;82m[48;2;123;123;123m▀[0m[38;2;32;49;82m[48;2;32;49;82m▀[0m[38;2;32;49;82m[48;2;32;49;82m▀[0m[38;2;32;49;82m[48;2;32;49;82m▀[0m[38;2;32;49;82m[48;2;32;49;82m▀[0m[38;2;32;49;82m[48;2;32;49;82m▀[0m[38;2;32;49;82m[48;2;32;49;82m▀[0m[38;2;32;49;82m[48;2;32;49;82m▀[0m[38;2;205;205;205m[48;2;32;49;82m▀[0m[38;2;32;49;82m[48;2;32;49;82m▀[0m[38;2;32;49;82m[48;2;32;49;82m▀[0m[38;2;205;205;205m[48;2;32;49;82m▀[0m[38;2;32;49;82m[48;2;32;49;82m▀[0m[38;2;32;49;82m[48;2;32;49;82m▀[0m[38;2;205;205;205m[48;2;32;49;82m▀[0m[38;2;205;205;205m[48;2;123;123;123m▀[0m[38;2;32;49;82m[48;2;205;205;205m▀[0m[38;2;123;123;123m[48;2;205;205;205m▀[0m[38;2;205;205;205m[48;2;205;205;205m▀[0m[38;2;205;205;205m[48;2;205;205;205m▀[0m[38;2;205;205;205m[48;2;255;255;255m▀[0m[38;2;123;123;123m[48;2;255;255;255m▀[0m[38;2;49;82;115m[48;2;255;255;255m▀[0m[38;2;32;49;82m[48;2;32;49;82m▀[0m           
 [38;2;16;16;16m▀[0m[38;2;123;123;123m[48;2;16;16;16m▀[0m[38;2;24;32;57m[48;2;24;32;57m▀[0m[38;2;24;32;57m[48;2;24;32;57m▀[0m[38;2;24;32;57m[48;2;24;32;57m▀[0m[38;2;16;16;16m[48;2;16;16;16m▀[0m[38;2;32;49;82m[48;2;32;49;82m▀[0m[38;2;205;205;205m[48;2;32;49;82m▀[0m[38;2;205;205;205m[48;2;205;205;205m▀[0m[38;2;32;49;82m[48;2;205;205;205m▀[0m[38;2;32;49;82m[48;2;123;123;123m▀[0m[38;2;32;49;82m[48;2;32;49;82m▀[0m[38;2;32;49;82m[48;2;32;49;82m▀[0m[38;2;32;49;82m[48;2;32;49;82m▀[0m[38;2;32;49;82m[48;2;24;32;57m▀[0m[38;2;32;49;82m[48;2;32;49;82m▀[0m[38;2;32;49;82m[48;2;32;49;82m▀[0m[38;2;32;49;82m[48;2;32;49;82m▀[0m[38;2;32;49;82m[48;2;32;49;82m▀[0m[38;2;32;49;82m[48;2;32;49;82m▀[0m[38;2;32;49;82m[48;2;32;49;82m▀[0m[38;2;32;49;82m[48;2;32;49;82m▀[0m[38;2;32;49;82m[48;2;32;49;82m▀[0m[38;2;32;49;82m[48;2;32;49;82m▀[0m[38;2;123;123;123m[48;2;32;49;82m▀[0m[38;2;205;205;205m[48;2;32;49;82m▀[0m[38;2;205;205;205m[48;2;164;164;164m▀[0m[38;2;255;255;255m[48;2;205;205;205m▀[0m[38;2;255;255;255m[48;2;255;255;255m▀[0m[38;2;255;255;255m[48;2;255;255;255m▀[0m[38;2;32;49;82m[48;2;16;16;16m▀[0m           
  [38;2;16;16;16m[48;2;16;16;16m▀[0m[38;2;24;32;57m[48;2;24;32;57m▀[0m[38;2;24;32;57m[48;2;24;32;57m▀[0m[38;2;24;32;57m[48;2;24;32;57m▀[0m[38;2;16;16;16m[48;2;24;32;57m▀[0m[38;2;32;49;82m[48;2;16;16;16m▀[0m[38;2;205;205;205m[48;2;32;49;82m▀[0m[38;2;205;205;205m[48;2;205;205;205m▀[0m[38;2;205;205;205m[48;2;205;205;205m▀[0m[38;2;205;205;205m[48;2;205;205;205m▀[0m[38;2;205;205;205m[48;2;205;205;205m▀[0m[38;2;123;123;123m[48;2;205;205;205m▀[0m[38;2;32;49;82m[48;2;205;205;205m▀[0m[38;2;16;16;16m[48;2;16;16;16m▀[0m[38;2;24;32;57m[48;2;16;16;16m▀[0m[38;2;32;49;82m[48;2;16;16;16m▀[0m[38;2;32;49;82m[48;2;16;16;16m▀[0m[38;2;32;49;82m[48;2;16;16;16m▀[0m[38;2;32;49;82m[48;2;16;16;16m▀[0m[38;2;32;49;82m[48;2;16;16;16m▀[0m[38;2;16;16;16m[48;2;24;32;57m▀[0m[38;2;16;16;16m[48;2;16;16;16m▀[0m[38;2;32;49;82m[48;2;32;49;82m▀[0m[38;2;32;49;82m[48;2;32;49;82m▀[0m[38;2;32;49;82m[48;2;32;49;82m▀[0m[38;2;32;49;82m[48;2;32;49;82m▀[0m[38;2;32;49;82m[48;2;32;49;82m▀[0m[38;2;164;164;164m[48;2;32;49;82m▀[0m[38;2;205;205;205m[48;2;32;49;82m▀[0m[38;2;16;16;16m[48;2;16;16;16m▀[0m           
  [38;2;16;16;16m[48;2;16;16;16m▀[0m[38;2;24;32;57m[48;2;123;123;123m▀[0m[38;2;24;32;57m[48;2;49;82;115m▀[0m[38;2;24;32;57m[48;2;24;32;57m▀[0m[38;2;24;32;57m[48;2;24;32;57m▀[0m[38;2;16;16;16m[48;2;16;16;16m▀[0m[38;2;32;49;82m[48;2;32;49;82m▀[0m[38;2;32;49;82m[48;2;32;49;82m▀[0m[38;2;205;205;205m[48;2;32;49;82m▀[0m[38;2;205;205;205m[48;2;123;123;123m▀[0m[38;2;205;205;205m[48;2;205;205;205m▀[0m[38;2;205;205;205m[48;2;16;16;16m▀[0m[38;2;16;16;16m▀[0m     [38;2;16;16;16m[48;2;16;16;16m▀[0m[38;2;24;32;57m[48;2;24;32;57m▀[0m[38;2;24;32;57m[48;2;24;32;57m▀[0m[38;2;16;16;16m[48;2;24;32;57m▀[0m[38;2;32;49;82m[48;2;16;16;16m▀[0m[38;2;32;49;82m[48;2;32;49;82m▀[0m[38;2;32;49;82m[48;2;32;49;82m▀[0m[38;2;32;49;82m[48;2;32;49;82m▀[0m[38;2;32;49;82m[48;2;32;49;82m▀[0m[38;2;32;49;82m[48;2;32;49;82m▀[0m[38;2;16;16;16m[48;2;16;16;16m▀[0m            
 [38;2;16;16;16m[48;2;16;16;16m▀[0m[38;2;123;123;123m[48;2;123;123;123m▀[0m[38;2;123;123;123m[48;2;123;123;123m▀[0m[38;2;123;123;123m[48;2;123;123;123m▀[0m[38;2;123;123;123m[48;2;123;123;123m▀[0m[38;2;16;16;16m[48;2;16;16;16m▀[0m[38;2;32;49;82m[48;2;205;205;205m▀[0m[38;2;32;49;82m[48;2;205;205;205m▀[0m[38;2;32;49;82m[48;2;123;123;123m▀[0m[38;2;32;49;82m[48;2;32;49;82m▀[0m[38;2;32;49;82m[48;2;16;16;16m▀[0m[38;2;16;16;16m[48;2;16;16;16m▀[0m      [38;2;16;16;16m[48;2;16;16;16m▀[0m[38;2;24;32;57m[48;2;24;32;57m▀[0m[38;2;24;32;57m[48;2;24;32;57m▀[0m[38;2;24;32;57m[48;2;24;32;57m▀[0m[38;2;24;32;57m[48;2;16;16;16m▀[0m[38;2;16;16;16m▀[0m[38;2;32;49;82m[48;2;16;16;16m▀[0m[38;2;32;49;82m[48;2;32;49;82m▀[0m[38;2;32;49;82m[48;2;32;49;82m▀[0m[38;2;32;49;82m[48;2;32;49;82m▀[0m[38;2;32;49;82m[48;2;16;16;16m▀[0m[38;2;16;16;16m▀[0m            
[38;2;16;16;16m[48;2;16;16;16m▀[0m[38;2;123;123;123m[48;2;123;123;123m▀[0m[38;2;123;123;123m[48;2;123;123;123m▀[0m[38;2;123;123;123m[48;2;123;123;123m▀[0m[38;2;123;123;123m[48;2;123;123;123m▀[0m[38;2;16;16;16m[48;2;16;16;16m▀[0m[38;2;205;205;205m[48;2;205;205;205m▀[0m[38;2;205;205;205m[48;2;205;205;205m▀[0m[38;2;205;205;205m[48;2;205;205;205m▀[0m[38;2;205;205;205m[48;2;205;205;205m▀[0m[38;2;205;205;205m[48;2;205;205;205m▀[0m[38;2;16;16;16m[48;2;16;16;16m▀[0m       [38;2;16;16;16m[48;2;16;16;16m▀[0m[38;2;24;32;57m[48;2;24;32;57m▀[0m[38;2;24;32;57m[48;2;24;32;57m▀[0m[38;2;24;32;57m[48;2;24;32;57m▀[0m[38;2;16;16;16m[48;2;16;16;16m▀[0m [38;2;16;16;16m[48;2;16;16;16m▀[0m[38;2;32;49;82m[48;2;32;49;82m▀[0m[38;2;32;49;82m[48;2;32;49;82m▀[0m[38;2;32;49;82m[48;2;32;49;82m▀[0m[38;2;16;16;16m[48;2;16;16;16m▀[0m             
[38;2;16;16;16m[48;2;16;16;16m▀[0m[38;2;123;123;123m[48;2;123;123;123m▀[0m[38;2;123;123;123m[48;2;123;123;123m▀[0m[38;2;123;123;123m[48;2;123;123;123m▀[0m[38;2;49;82;115m[48;2;49;82;115m▀[0m[38;2;16;16;16m[48;2;16;16;16m▀[0m[38;2;205;205;205m[48;2;205;205;205m▀[0m[38;2;205;205;205m[48;2;205;205;205m▀[0m[38;2;205;205;205m[48;2;205;205;205m▀[0m[38;2;205;205;205m[48;2;205;205;205m▀[0m[38;2;49;82;115m[48;2;49;82;115m▀[0m        [38;2;16;16;16m[48;2;16;16;16m▀[0m[38;2;123;123;123m[48;2;123;123;123m▀[0m[38;2;49;82;115m[48;2;123;123;123m▀[0m[38;2;24;32;57m[48;2;123;123;123m▀[0m[38;2;16;16;16m[48;2;16;16;16m▀[0m [38;2;16;16;16m[48;2;16;16;16m▀[0m[38;2;32;49;82m[48;2;32;49;82m▀[0m[38;2;32;49;82m[48;2;32;49;82m▀[0m[38;2;32;49;82m[48;2;32;49;82m▀[0m[38;2;16;16;16m[48;2;16;16;16m▀[0m             
[38;2;16;16;16m▀[0m[38;2;123;123;123m[48;2;16;16;16m▀[0m[38;2;123;123;123m[48;2;123;123;123m▀[0m[38;2;123;123;123m[48;2;123;123;123m▀[0m[38;2;49;82;115m[48;2;49;82;115m▀[0m [38;2;16;16;16m[48;2;16;16;16m▀[0m[38;2;205;205;205m[48;2;205;205;205m▀[0m[38;2;205;205;205m[48;2;205;205;205m▀[0m[38;2;205;205;205m[48;2;205;205;205m▀[0m[38;2;49;82;115m[48;2;49;82;115m▀[0m        [38;2;16;16;16m▀[0m[38;2;123;123;123m[48;2;16;16;16m▀[0m[38;2;123;123;123m[48;2;123;123;123m▀[0m[38;2;123;123;123m[48;2;123;123;123m▀[0m[38;2;16;16;16m[48;2;16;16;16m▀[0m [38;2;16;16;16m[48;2;16;16;16m▀[0m[38;2;205;205;205m[48;2;205;205;205m▀[0m[38;2;123;123;123m[48;2;205;205;205m▀[0m[38;2;32;49;82m[48;2;205;205;205m▀[0m[38;2;16;16;16m[48;2;49;82;115m▀[0m             
 [38;2;16;16;16m[48;2;16;16;16m▀[0m[38;2;123;123;123m[48;2;123;123;123m▀[0m[38;2;123;123;123m[48;2;123;123;123m▀[0m[38;2;49;82;115m[48;2;49;82;115m▀[0m [38;2;16;16;16m[48;2;16;16;16m▀[0m[38;2;205;205;205m[48;2;205;205;205m▀[0m[38;2;205;205;205m[48;2;205;205;205m▀[0m[38;2;205;205;205m[48;2;205;205;205m▀[0m[38;2;49;82;115m[48;2;49;82;115m▀[0m         [38;2;16;16;16m[48;2;16;16;16m▀[0m[38;2;123;123;123m[48;2;123;123;123m▀[0m[38;2;123;123;123m[48;2;123;123;123m▀[0m[38;2;16;16;16m[48;2;16;16;16m▀[0m [38;2;16;16;16m▀[0m[38;2;205;205;205m[48;2;16;16;16m▀[0m[38;2;205;205;205m[48;2;205;205;205m▀[0m[38;2;205;205;205m[48;2;205;205;205m▀[0m[38;2;49;82;115m[48;2;49;82;115m▀[0m             
 [38;2;16;16;16m[48;2;16;16;16m▀[0m[38;2;123;123;123m[48;2;123;123;123m▀[0m[38;2;123;123;123m[48;2;16;16;16m▀[0m[38;2;49;82;115m[48;2;16;16;16m▀[0m  [38;2;16;16;16m[48;2;16;16;16m▀[0m[38;2;205;205;205m[48;2;205;205;205m▀[0m[38;2;205;205;205m[48;2;205;205;205m▀[0m[38;2;49;82;115m[48;2;49;82;115m▀[0m         [38;2;16;16;16m▀[0m[38;2;123;123;123m[48;2;16;16;16m▀[0m[38;2;16;16;16m[48;2;16;16;16m▀[0m[38;2;16;16;16m[48;2;16;16;16m▀[0m  [38;2;16;16;16m[48;2;16;16;16m▀[0m[38;2;205;205;205m[48;2;205;205;205m▀[0m[38;2;205;205;205m[48;2;205;205;205m▀[0m[38;2;49;82;115m[48;2;16;16;16m▀[0m             
  [38;2;16;16;16m▀[0m[38;2;16;16;16m▀[0m[38;2;16;16;16m▀[0m  [38;2;16;16;16m[48;2;16;16;16m▀[0m[38;2;205;205;205m[48;2;205;205;205m▀[0m[38;2;205;205;205m[48;2;16;16;16m▀[0m[38;2;16;16;16m[48;2;16;16;16m▀[0m               [38;2;24;32;32m▀[0m[38;2;205;205;205m[48;2;16;16;16m▀[0m[38;2;24;32;32m[48;2;16;16;16m▀[0m[38;2;16;16;16m[48;2;16;16;16m▀[0m             
        [38;2;16;16;16m▀[0m[38;2;16;16;16m▀[0m[38;2;16;16;16m▀[0m                                
[0m