                  [38;2;41;57;82m▄[0m[38;2;41;57;82m[48;2;65;98;156m▀[0m[38;2;41;57;82m▄[0m                  
                 [38;2;41;57;82m▄[0m[38;2;0;0;0m[48;2;65;98;156m▀[0m[38;2;65;98;156m[48;2;65;98;156m▀[0m[38;2;41;57;82m[48;2;65;98;156m▀[0m[38;2;41;57;82m▄[0m                 
              [38;2;41;57;82m▄[0m[38;2;41;57;82m▄[0m[38;2;41;57;82m[48;2;65;98;156m▀[0m[38;2;65;98;156m[48;2;65;98;156m▀[0m[38;2;65;98;156m[48;2;49;74;123m▀[0m[38;2;65;98;156m[48;2;49;74;123m▀[0m[38;2;65;98;156m[48;2;65;98;156m▀[0m[38;2;41;57;82m[48;2;41;57;82m▀[0m                 
            [38;2;41;57;82m▄[0m[38;2;41;57;82m[48;2;65;98;156m▀[0m[38;2;65;98;156m[48;2;49;74;123m▀[0m[38;2;65;98;156m[48;2;49;74;123m▀[0m[38;2;65;98;156m[48;2;49;74;123m▀[0m[38;2;49;74;123m[48;2;49;74;123m▀[0m[38;2;49;74;123m[48;2;49;74;123m▀[0m[38;2;49;74;123m[48;2;0;0;0m▀[0m[38;2;49;74;123m[48;2;49;74;123m▀[0m[38;2;49;74;123m[48;2;49;74;123m▀[0m[38;2;41;57;82m[48;2;0;0;0m▀[0m                
           [38;2;0;0;0m▄[0m[38;2;0;0;0m[48;2;65;98;156m▀[0m[38;2;65;98;156m[48;2;49;74;123m▀[0m[38;2;49;74;123m[48;2;49;74;123m▀[0m[38;2;49;74;123m[48;2;49;74;123m▀[0m[38;2;49;74;123m[48;2;49;74;123m▀[0m[38;2;49;74;123m[48;2;49;74;123m▀[0m[38;2;49;74;123m[48;2;49;74;123m▀[0m[38;2;0;0;0m[48;2;0;0;0m▀[0m[38;2;41;57;82m[48;2;0;0;0m▀[0m[38;2;49;74;123m[48;2;49;74;123m▀[0m[38;2;49;74;123m[48;2;49;74;123m▀[0m[38;2;0;0;0m[48;2;0;0;0m▀[0m               
           [38;2;0;0;0m[48;2;0;0;0m▀[0m[38;2;65;98;156m[48;2;49;74;123m▀[0m[38;2;49;74;123m[48;2;49;74;123m▀[0m[38;2;49;74;123m[48;2;49;74;123m▀[0m[38;2;49;74;123m[48;2;49;74;123m▀[0m[38;2;49;74;123m[48;2;0;0;0m▀[0m[38;2;41;57;82m[48;2;0;0;0m▀[0m[38;2;0;0;0m▀[0m  [38;2;0;0;0m[48;2;0;0;0m▀[0m[38;2;49;74;123m[48;2;41;57;82m▀[0m[38;2;49;74;123m[48;2;49;74;123m▀[0m[38;2;0;0;0m[48;2;41;57;82m▀[0m[38;2;0;0;0m▄[0m[38;2;41;57;82m[48;2;49;74;123m▀[0m[38;2;41;57;82m[48;2;49;74;123m▀[0m[38;2;41;57;82m[48;2;49;74;123m▀[0m[38;2;41;57;82m[48;2;49;74;123m▀[0m[38;2;41;57;82m[48;2;49;74;123m▀[0m[38;2;41;57;82m[48;2;49;74;123m▀[0m[38;2;41;57;82m▄[0m[38;2;41;57;82m▄[0m     
           [38;2;0;0;0m[48;2;0;0;0m▀[0m[38;2;49;74;123m[48;2;49;74;123m▀[0m[38;2;49;74;123m[48;2;49;74;123m▀[0m[38;2;41;57;82m[48;2;0;0;0m▀[0m[38;2;0;0;0m▀[0m      [38;2;0;0;0m[48;2;0;0;0m▀[0m[38;2;41;57;82m[48;2;41;57;82m▀[0m[38;2;41;57;82m[48;2;41;57;82m▀[0m[38;2;49;74;123m[48;2;41;57;82m▀[0m[38;2;41;57;82m[48;2;41;57;82m▀[0m[38;2;41;57;82m[48;2;41;57;82m▀[0m[38;2;41;57;82m[48;2;41;57;82m▀[0m[38;2;41;57;82m[48;2;41;57;82m▀[0m[38;2;49;74;123m[48;2;41;57;82m▀[0m[38;2;49;74;123m[48;2;41;57;82m▀[0m[38;2;49;74;123m[48;2;49;74;123m▀[0m[38;2;49;74;123m[48;2;49;74;123m▀[0m[38;2;41;57;82m[48;2;49;74;123m▀[0m[38;2;41;57;82m▄[0m   
            [38;2;0;0;0m[48;2;0;0;0m▀[0m[38;2;49;74;123m[48;2;49;74;123m▀[0m[38;2;0;0;0m[48;2;0;0;0m▀[0m [38;2;49;74;123m▄[0m[38;2;0;0;0m▄[0m [38;2;0;0;0m▄[0m[38;2;0;0;0m[48;2;189;189;222m▀[0m[38;2;0;0;0m[48;2;189;189;222m▀[0m[38;2;41;57;82m[48;2;0;0;0m▀[0m[38;2;41;57;82m[48;2;41;57;82m▀[0m[38;2;41;57;82m[48;2;41;57;82m▀[0m[38;2;41;57;82m[48;2;41;57;82m▀[0m[38;2;41;57;82m[48;2;41;57;82m▀[0m[38;2;41;57;82m[48;2;41;57;82m▀[0m[38;2;41;57;82m[48;2;41;57;82m▀[0m[38;2;41;57;82m[48;2;41;57;82m▀[0m[38;2;41;57;82m[48;2;41;57;82m▀[0m[38;2;41;57;82m[48;2;41;57;82m▀[0m[38;2;41;57;82m[48;2;41;57;82m▀[0m[38;2;49;74;123m[48;2;41;57;82m▀[0m[38;2;49;74;123m[48;2;49;74;123m▀[0m[38;2;41;57;82m[48;2;49;74;123m▀[0m[38;2;41;57;82m▄[0m  
             [38;2;0;0;0m▀[0m [38;2;0;0;0m[48;2;0;0;0m▀[0m[38;2;189;189;222m[48;2;189;189;222m▀[0m[38;2;189;189;222m[48;2;189;189;222m▀[0m[38;2;0;0;0m[48;2;189;189;222m▀[0m[38;2;0;0;0m[48;2;0;0;0m▀[0m[38;2;189;189;222m[48;2;189;189;222m▀[0m[38;2;189;189;222m[48;2;189;189;222m▀[0m[38;2;0;0;0m[48;2;189;189;222m▀[0m[38;2;41;57;82m[48;2;0;0;0m▀[0m[38;2;41;57;82m[48;2;41;57;82m▀[0m[38;2;41;57;82m[48;2;0;0;0m▀[0m[38;2;41;57;82m[48;2;0;0;0m▀[0m[38;2;41;57;82m[48;2;41;57;82m▀[0m[38;2;41;57;82m[48;2;41;57;82m▀[0m[38;2;41;57;82m[48;2;41;57;82m▀[0m[38;2;41;57;82m[48;2;41;57;82m▀[0m[38;2;41;57;82m[48;2;41;57;82m▀[0m[38;2;41;57;82m[48;2;189;189;222m▀[0m[38;2;255;255;255m[48;2;0;0;0m▀[0m[38;2;189;189;222m[48;2;255;255;255m▀[0m[38;2;49;74;123m[48;2;41;57;82m▀[0m[38;2;41;57;82m[48;2;0;0;0m▀[0m[38;2;41;57;82m▄[0m 
               [38;2;41;57;82m▄[0m[38;2;0;0;0m[48;2;189;189;222m▀[0m[38;2;189;189;222m[48;2;0;0;0m▀[0m[38;2;189;189;222m[48;2;189;189;222m▀[0m[38;2;189;189;222m[48;2;189;189;222m▀[0m[38;2;0;0;0m[48;2;65;98;156m▀[0m[38;2;189;189;222m[48;2;189;189;222m▀[0m[38;2;189;189;222m[48;2;189;189;222m▀[0m[38;2;49;74;123m[48;2;189;189;222m▀[0m[38;2;0;0;0m[48;2;0;0;0m▀[0m[38;2;189;189;222m[48;2;189;189;222m▀[0m[38;2;189;189;222m[48;2;189;189;222m▀[0m[38;2;0;0;0m[48;2;0;0;0m▀[0m[38;2;41;57;82m[48;2;41;57;82m▀[0m[38;2;41;57;82m[48;2;0;0;0m▀[0m[38;2;41;57;82m[48;2;0;0;0m▀[0m[38;2;41;57;82m[48;2;41;57;82m▀[0m[38;2;189;189;222m[48;2;189;189;222m▀[0m[38;2;0;0;0m[48;2;0;0;0m▀[0m[38;2;0;0;0m[48;2;0;0;0m▀[0m[38;2;0;0;0m[48;2;0;0;0m▀[0m[38;2;238;222;65m[48;2;164;139;32m▀[0m[38;2;41;57;82m[48;2;238;222;65m▀[0m[38;2;41;57;82m▄[0m
               [38;2;41;57;82m▀[0m[38;2;189;189;222m[48;2;41;57;82m▀[0m[38;2;189;189;222m[48;2;189;189;222m▀[0m[38;2;49;74;123m[48;2;189;189;222m▀[0m[38;2;189;189;222m[48;2;189;189;222m▀[0m[38;2;189;189;222m[48;2;189;189;222m▀[0m[38;2;65;98;156m[48;2;189;189;222m▀[0m[38;2;189;189;222m[48;2;189;189;222m▀[0m[38;2;189;189;222m[48;2;189;189;222m▀[0m[38;2;49;74;123m[48;2;189;189;222m▀[0m[38;2;189;189;222m[48;2;189;189;222m▀[0m[38;2;189;189;222m[48;2;189;189;222m▀[0m[38;2;0;0;0m[48;2;49;74;123m▀[0m[38;2;0;0;0m[48;2;189;189;222m▀[0m[38;2;189;189;222m[48;2;189;189;222m▀[0m[38;2;189;189;222m[48;2;189;189;222m▀[0m[38;2;0;0;0m[48;2;0;0;0m▀[0m[38;2;41;57;82m[48;2;0;0;0m▀[0m[38;2;189;189;222m[48;2;0;0;0m▀[0m[38;2;189;189;222m[48;2;41;57;82m▀[0m[38;2;0;0;0m[48;2;164;139;32m▀[0m[38;2;164;139;32m[48;2;164;139;32m▀[0m[38;2;164;139;32m[48;2;164;139;32m▀[0m[38;2;41;57;82m[48;2;0;0;0m▀[0m
[38;2;0;0;0m▄[0m[38;2;41;57;82m▄[0m              [38;2;41;57;82m▄[0m[38;2;41;57;82m[48;2;197;24;82m▀[0m[38;2;41;57;82m[48;2;131;16;57m▀[0m[38;2;65;98;156m[48;2;131;16;57m▀[0m[38;2;131;16;57m[48;2;197;24;82m▀[0m[38;2;131;16;57m[48;2;197;24;82m▀[0m[38;2;131;16;57m[48;2;197;24;82m▀[0m[38;2;131;16;57m[48;2;197;24;82m▀[0m[38;2;189;189;222m[48;2;131;16;57m▀[0m[38;2;189;189;222m[48;2;131;16;57m▀[0m[38;2;189;189;222m[48;2;189;189;222m▀[0m[38;2;189;189;222m[48;2;189;189;222m▀[0m[38;2;189;189;222m[48;2;189;189;222m▀[0m[38;2;189;189;222m[48;2;189;189;222m▀[0m[38;2;189;189;222m[48;2;49;74;123m▀[0m[38;2;41;57;82m[48;2;189;189;222m▀[0m[38;2;189;189;222m[48;2;189;189;222m▀[0m[38;2;189;189;222m[48;2;189;189;222m▀[0m[38;2;0;0;0m[48;2;0;0;0m▀[0m[38;2;164;139;32m[48;2;164;139;32m▀[0m[38;2;0;0;0m[48;2;164;139;32m▀[0m[38;2;164;139;32m[48;2;0;0;0m▀[0m[38;2;0;0;0m▀[0m
[38;2;0;0;0m▀[0m[38;2;49;74;123m[48;2;0;0;0m▀[0m[38;2;41;57;82m[48;2;49;74;123m▀[0m[38;2;41;57;82m[48;2;41;57;82m▀[0m[38;2;41;57;82m▄[0m[38;2;41;57;82m▄[0m[38;2;41;57;82m▄[0m       [38;2;41;57;82m▄[0m[38;2;41;57;82m[48;2;197;24;82m▀[0m[38;2;197;24;82m[48;2;131;16;57m▀[0m[38;2;131;16;57m[48;2;197;24;82m▀[0m[38;2;197;24;82m[48;2;197;24;82m▀[0m[38;2;197;24;82m[48;2;197;24;82m▀[0m[38;2;197;24;82m[48;2;197;24;82m▀[0m[38;2;197;24;82m[48;2;197;24;82m▀[0m[38;2;197;24;82m[48;2;197;24;82m▀[0m[38;2;197;24;82m[48;2;197;24;82m▀[0m[38;2;197;24;82m[48;2;197;24;82m▀[0m[38;2;197;24;82m[48;2;0;0;0m▀[0m[38;2;131;16;57m[48;2;0;0;0m▀[0m[38;2;189;189;222m[48;2;0;0;0m▀[0m[38;2;189;189;222m[48;2;131;16;57m▀[0m[38;2;189;189;222m[48;2;131;16;57m▀[0m[38;2;189;189;222m[48;2;189;189;222m▀[0m[38;2;189;189;222m[48;2;189;189;222m▀[0m[38;2;189;189;222m[48;2;65;98;156m▀[0m[38;2;49;74;123m[48;2;189;189;222m▀[0m[38;2;0;0;0m[48;2;189;189;222m▀[0m[38;2;0;0;0m[48;2;255;255;255m▀[0m[38;2;0;0;0m[48;2;49;74;123m▀[0m  
 [38;2;0;0;0m▀[0m[38;2;0;0;0m[48;2;0;0;0m▀[0m[38;2;49;74;123m[48;2;49;74;123m▀[0m[38;2;49;74;123m[48;2;49;74;123m▀[0m[38;2;65;98;156m[48;2;49;74;123m▀[0m[38;2;49;74;123m[48;2;49;74;123m▀[0m[38;2;0;0;0m[48;2;0;0;0m▀[0m     [38;2;41;57;82m[48;2;41;57;82m▀[0m[38;2;197;24;82m[48;2;41;57;82m▀[0m[38;2;131;16;57m[48;2;197;24;82m▀[0m[38;2;197;24;82m[48;2;197;24;82m▀[0m[38;2;197;24;82m[48;2;197;24;82m▀[0m[38;2;197;24;82m[48;2;197;24;82m▀[0m[38;2;197;24;82m[48;2;197;24;82m▀[0m[38;2;197;24;82m[48;2;197;24;82m▀[0m[38;2;197;24;82m[48;2;131;16;57m▀[0m[38;2;197;24;82m[48;2;131;16;57m▀[0m[38;2;131;16;57m[48;2;197;24;82m▀[0m[38;2;131;16;57m[48;2;230;123;156m▀[0m[38;2;230;123;156m[48;2;230;123;156m▀[0m[38;2;230;123;156m[48;2;230;123;156m▀[0m[38;2;230;123;156m[48;2;230;123;156m▀[0m[38;2;230;123;156m[48;2;230;123;156m▀[0m[38;2;230;123;156m[48;2;230;123;156m▀[0m[38;2;131;16;57m[48;2;230;123;156m▀[0m[38;2;189;189;222m[48;2;131;16;57m▀[0m[38;2;189;189;222m[48;2;189;189;222m▀[0m[38;2;189;189;222m[48;2;189;189;222m▀[0m[38;2;189;189;222m[48;2;65;98;156m▀[0m[38;2;189;189;222m[48;2;189;189;222m▀[0m[38;2;255;255;255m[48;2;189;189;222m▀[0m[38;2;49;74;123m[48;2;49;74;123m▀[0m 
  [38;2;0;0;0m[48;2;0;0;0m▀[0m[38;2;49;74;123m[48;2;0;0;0m▀[0m[38;2;49;74;123m[48;2;49;74;123m▀[0m[38;2;49;74;123m[48;2;49;74;123m▀[0m[38;2;49;74;123m[48;2;49;74;123m▀[0m[38;2;0;0;0m[48;2;49;74;123m▀[0m[38;2;0;0;0m▄[0m[38;2;41;57;82m▄[0m[38;2;0;0;0m[48;2;131;16;57m▀[0m[38;2;0;0;0m[48;2;197;24;82m▀[0m[38;2;41;57;82m[48;2;197;24;82m▀[0m[38;2;197;24;82m[48;2;41;57;82m▀[0m[38;2;41;57;82m[48;2;197;24;82m▀[0m[38;2;197;24;82m[48;2;197;24;82m▀[0m[38;2;197;24;82m[48;2;197;24;82m▀[0m[38;2;197;24;82m[48;2;197;24;82m▀[0m[38;2;197;24;82m[48;2;197;24;82m▀[0m[38;2;197;24;82m[48;2;131;16;57m▀[0m[38;2;131;16;57m[48;2;197;24;82m▀[0m[38;2;197;24;82m[48;2;197;24;82m▀[0m[38;2;197;24;82m[48;2;197;24;82m▀[0m[38;2;197;24;82m[48;2;197;24;82m▀[0m[38;2;197;24;82m[48;2;197;24;82m▀[0m[38;2;197;24;82m[48;2;197;24;82m▀[0m[38;2;197;24;82m[48;2;197;24;82m▀[0m[38;2;230;123;156m[48;2;197;24;82m▀[0m[38;2;230;123;156m[48;2;197;24;82m▀[0m[38;2;230;123;156m[48;2;230;123;156m▀[0m[38;2;230;123;156m[48;2;230;123;156m▀[0m[38;2;0;0;0m[48;2;0;0;0m▀[0m[38;2;189;189;222m[48;2;0;0;0m▀[0m[38;2;189;189;222m[48;2;189;189;222m▀[0m[38;2;189;189;222m[48;2;189;189;222m▀[0m[38;2;49;74;123m[48;2;49;74;123m▀[0m[38;2;49;74;123m▀[0m  
   [38;2;0;0;0m▀[0m[38;2;0;0;0m▀[0m[38;2;0;0;0m▀[0m[38;2;0;0;0m▀[0m[38;2;49;74;123m[48;2;0;0;0m▀[0m[38;2;49;74;123m[48;2;49;74;123m▀[0m[38;2;41;57;82m[48;2;49;74;123m▀[0m[38;2;0;0;0m[48;2;49;74;123m▀[0m[38;2;131;16;57m[48;2;0;0;0m▀[0m[38;2;197;24;82m[48;2;41;57;82m▀[0m[38;2;41;57;82m[48;2;197;24;82m▀[0m[38;2;197;24;82m[48;2;131;16;57m▀[0m[38;2;0;0;0m[48;2;0;0;0m▀[0m[38;2;0;0;0m[48;2;197;24;82m▀[0m[38;2;131;16;57m[48;2;197;24;82m▀[0m[38;2;131;16;57m[48;2;197;24;82m▀[0m[38;2;197;24;82m[48;2;197;24;82m▀[0m[38;2;197;24;82m[48;2;197;24;82m▀[0m[38;2;197;24;82m[48;2;197;24;82m▀[0m[38;2;197;24;82m[48;2;197;24;82m▀[0m[38;2;197;24;82m[48;2;197;24;82m▀[0m[38;2;197;24;82m[48;2;197;24;82m▀[0m[38;2;197;24;82m[48;2;197;24;82m▀[0m[38;2;197;24;82m[48;2;197;24;82m▀[0m[38;2;197;24;82m[48;2;197;24;82m▀[0m[38;2;197;24;82m[48;2;197;24;82m▀[0m[38;2;197;24;82m[48;2;197;24;82m▀[0m[38;2;230;123;156m[48;2;197;24;82m▀[0m[38;2;0;0;0m[48;2;0;0;0m▀[0m [38;2;0;0;0m▀[0m[38;2;0;0;0m▀[0m    
        [38;2;0;0;0m▀[0m[38;2;49;74;123m[48;2;0;0;0m▀[0m[38;2;49;74;123m[48;2;41;57;82m▀[0m[38;2;49;74;123m[48;2;49;74;123m▀[0m[38;2;0;0;0m[48;2;49;74;123m▀[0m[38;2;131;16;57m[48;2;0;0;0m▀[0m[38;2;49;65;180m[48;2;0;0;0m▀[0m[38;2;131;16;57m[48;2;0;0;0m▀[0m[38;2;0;0;0m[48;2;131;16;57m▀[0m[38;2;131;16;57m[48;2;197;24;82m▀[0m[38;2;197;24;82m[48;2;197;24;82m▀[0m[38;2;197;24;82m[48;2;197;24;82m▀[0m[38;2;197;24;82m[48;2;197;24;82m▀[0m[38;2;197;24;82m[48;2;197;24;82m▀[0m[38;2;197;24;82m[48;2;197;24;82m▀[0m[38;2;197;24;82m[48;2;197;24;82m▀[0m[38;2;197;24;82m[48;2;197;24;82m▀[0m[38;2;197;24;82m[48;2;197;24;82m▀[0m[38;2;197;24;82m[48;2;197;24;82m▀[0m[38;2;197;24;82m[48;2;197;24;82m▀[0m[38;2;197;24;82m[48;2;197;24;82m▀[0m[38;2;197;24;82m[48;2;0;0;0m▀[0m[38;2;0;0;0m▀[0m        
          [38;2;41;57;82m▀[0m[38;2;0;0;0m▀[0m[38;2;49;74;123m[48;2;0;0;0m▀[0m[38;2;0;0;0m[48;2;49;74;123m▀[0m[38;2;197;24;82m[48;2;0;0;0m▀[0m[38;2;197;24;82m[48;2;0;0;0m▀[0m[38;2;197;24;82m[48;2;197;24;82m▀[0m[38;2;197;24;82m[48;2;0;0;0m▀[0m[38;2;197;24;82m[48;2;0;0;0m▀[0m[38;2;197;24;82m[48;2;197;24;82m▀[0m[38;2;197;24;82m[48;2;197;24;82m▀[0m[38;2;197;24;82m[48;2;197;24;82m▀[0m[38;2;197;24;82m[48;2;197;24;82m▀[0m[38;2;197;24;82m[48;2;131;16;57m▀[0m[38;2;197;24;82m[48;2;0;0;0m▀[0m[38;2;197;24;82m[48;2;0;0;0m▀[0m[38;2;197;24;82m[48;2;0;0;0m▀[0m[38;2;0;0;0m▀[0m[38;2;0;0;0m▀[0m          
             [38;2;0;0;0m▀[0m[38;2;49;65;180m[48;2;0;0;0m▀[0m[38;2;49;65;180m[48;2;0;0;0m▀[0m[38;2;0;0;0m[48;2;49;65;180m▀[0m[38;2;131;16;57m[48;2;49;65;180m▀[0m[38;2;197;24;82m[48;2;0;0;0m▀[0m[38;2;197;24;82m[48;2;0;0;0m▀[0m[38;2;0;0;0m[48;2;41;57;82m▀[0m[38;2;0;0;0m[48;2;49;65;180m▀[0m[38;2;0;0;0m[48;2;49;65;180m▀[0m[38;2;49;65;180m[48;2;0;0;0m▀[0m[38;2;49;65;180m[48;2;0;0;0m▀[0m[38;2;0;0;0m[48;2;65;98;156m▀[0m[38;2;164;131;32m[48;2;65;98;156m▀[0m[38;2;0;0;0m[48;2;238;205;65m▀[0m[38;2;0;0;0m[48;2;238;205;65m▀[0m[38;2;0;0;0m▄[0m         
                [38;2;0;0;0m[48;2;0;0;0m▀[0m[38;2;164;131;32m[48;2;164;131;32m▀[0m[38;2;164;131;32m[48;2;0;0;0m▀[0m[38;2;65;98;156m[48;2;0;0;0m▀[0m[38;2;0;0;0m▀[0m[38;2;0;0;0m[48;2;41;57;82m▀[0m[38;2;41;57;82m[48;2;164;131;32m▀[0m[38;2;164;131;32m[48;2;65;98;156m▀[0m[38;2;164;131;32m[48;2;0;0;0m▀[0m[38;2;164;131;32m[48;2;0;0;0m▀[0m[38;2;164;131;32m[48;2;0;0;0m▀[0m[38;2;164;131;32m[48;2;164;131;32m▀[0m[38;2;65;98;156m[48;2;0;0;0m▀[0m[38;2;0;0;0m▀[0m         
                 [38;2;0;0;0m▀[0m[38;2;41;57;82m▀[0m  [38;2;0;0;0m▀[0m[38;2;164;131;32m[48;2;0;0;0m▀[0m[38;2;0;0;0m▀[0m   [38;2;0;0;0m▀[0m[38;2;0;0;0m▀[0m          
[0m