              [38;2;189;0;98m[48;2;189;0;98m▀[0m[38;2;189;0;98m▄[0m                              [38;2;189;0;98m▄[0m      
              [38;2;189;0;98m▀[0m[38;2;238;16;106m[48;2;189;0;98m▀[0m[38;2;189;0;98m[48;2;238;16;106m▀[0m[38;2;189;0;98m▄[0m                          [38;2;189;0;98m▄[0m[38;2;189;0;98m[48;2;189;0;98m▀[0m[38;2;189;0;98m▀[0m      
               [38;2;189;0;98m[48;2;189;0;98m▀[0m[38;2;238;16;106m[48;2;238;16;106m▀[0m[38;2;189;0;98m[48;2;238;16;106m▀[0m[38;2;189;0;98m▄[0m                       [38;2;189;0;98m▄[0m[38;2;189;0;98m[48;2;238;16;106m▀[0m[38;2;238;16;106m[48;2;238;16;106m▀[0m[38;2;189;0;98m[48;2;189;0;98m▀[0m       
              [38;2;189;0;98m▀[0m[38;2;189;0;98m▄[0m[38;2;189;0;98m[48;2;189;0;98m▀[0m[38;2;238;16;106m[48;2;238;16;106m▀[0m[38;2;238;16;106m[48;2;238;16;106m▀[0m[38;2;189;0;98m[48;2;189;0;98m▀[0m[38;2;189;0;98m▄[0m[38;2;189;0;98m[48;2;189;0;98m▀[0m                 [38;2;189;0;98m[48;2;189;0;98m▀[0m[38;2;189;0;98m▄[0m[38;2;189;0;98m[48;2;238;16;106m▀[0m[38;2;238;16;106m[48;2;238;16;106m▀[0m[38;2;238;16;106m[48;2;238;16;106m▀[0m[38;2;189;0;98m[48;2;189;0;98m▀[0m        
               [38;2;189;0;98m▀[0m[38;2;238;16;106m[48;2;189;0;98m▀[0m[38;2;238;16;106m[48;2;238;16;106m▀[0m[38;2;238;16;106m[48;2;238;16;106m▀[0m[38;2;238;16;106m[48;2;238;16;106m▀[0m[38;2;189;0;98m[48;2;238;16;106m▀[0m[38;2;238;16;106m[48;2;238;16;106m▀[0m[38;2;189;0;98m[48;2;106;90;16m▀[0m              [38;2;106;90;16m▄[0m[38;2;189;0;98m[48;2;238;16;106m▀[0m[38;2;238;16;106m[48;2;238;16;106m▀[0m[38;2;238;16;106m[48;2;238;16;106m▀[0m[38;2;238;16;106m[48;2;238;16;106m▀[0m[38;2;238;16;106m[48;2;238;16;106m▀[0m[38;2;238;16;106m[48;2;189;0;98m▀[0m[38;2;189;0;98m▀[0m        
                [38;2;189;0;98m[48;2;189;0;98m▀[0m[38;2;238;16;106m[48;2;238;16;106m▀[0m[38;2;189;148;41m[48;2;255;222;98m▀[0m[38;2;238;16;106m[48;2;189;148;41m▀[0m[38;2;238;16;106m[48;2;238;16;106m▀[0m[38;2;238;16;106m[48;2;238;16;106m▀[0m[38;2;106;90;16m[48;2;189;148;41m▀[0m[38;2;106;90;16m▄[0m            [38;2;106;90;16m▄[0m[38;2;106;90;16m[48;2;255;222;98m▀[0m[38;2;238;16;106m[48;2;238;16;106m▀[0m[38;2;238;16;106m[48;2;238;16;106m▀[0m[38;2;238;16;106m[48;2;238;16;106m▀[0m[38;2;238;16;106m[48;2;238;16;106m▀[0m[38;2;189;0;98m[48;2;238;16;106m▀[0m[38;2;238;16;106m[48;2;189;0;98m▀[0m[38;2;189;0;98m▀[0m        
                 [38;2;106;90;16m[48;2;106;90;16m▀[0m[38;2;255;222;98m[48;2;255;222;98m▀[0m[38;2;255;222;98m[48;2;255;222;98m▀[0m[38;2;238;16;106m[48;2;189;148;41m▀[0m[38;2;238;16;106m[48;2;238;16;106m▀[0m[38;2;255;222;98m[48;2;255;222;98m▀[0m[38;2;106;90;16m[48;2;189;148;41m▀[0m[38;2;106;90;16m▄[0m          [38;2;106;90;16m[48;2;106;90;16m▀[0m[38;2;189;148;41m[48;2;255;222;98m▀[0m[38;2;255;222;98m[48;2;189;148;41m▀[0m[38;2;189;148;41m[48;2;238;16;106m▀[0m[38;2;238;16;106m[48;2;238;16;106m▀[0m[38;2;238;16;106m[48;2;189;148;41m▀[0m[38;2;189;148;41m[48;2;238;16;106m▀[0m[38;2;238;16;106m[48;2;189;0;98m▀[0m[38;2;189;0;98m▀[0m         
                  [38;2;106;90;16m[48;2;106;90;16m▀[0m[38;2;255;222;98m[48;2;255;222;98m▀[0m[38;2;255;222;98m[48;2;255;222;98m▀[0m[38;2;238;16;106m[48;2;255;222;98m▀[0m[38;2;255;222;98m[48;2;255;222;98m▀[0m[38;2;255;222;98m[48;2;255;222;98m▀[0m[38;2;106;90;16m[48;2;106;90;16m▀[0m         [38;2;106;90;16m[48;2;106;90;16m▀[0m[38;2;189;148;41m[48;2;255;222;98m▀[0m[38;2;255;222;98m[48;2;255;222;98m▀[0m[38;2;255;222;98m[48;2;238;16;106m▀[0m[38;2;238;16;106m[48;2;255;222;98m▀[0m[38;2;189;148;41m[48;2;255;222;98m▀[0m[38;2;255;222;98m[48;2;189;148;41m▀[0m[38;2;106;90;16m[48;2;106;90;16m▀[0m           
                   [38;2;106;90;16m▀[0m[38;2;255;222;98m[48;2;106;90;16m▀[0m[38;2;255;222;98m[48;2;32;16;16m▀[0m[38;2;255;222;98m[48;2;32;16;16m▀[0m[38;2;255;222;98m[48;2;32;16;16m▀[0m[38;2;189;148;41m[48;2;32;16;16m▀[0m[38;2;106;90;16m[48;2;32;16;16m▀[0m[38;2;32;16;16m▄[0m[38;2;32;16;16m▄[0m[38;2;32;16;16m▄[0m    [38;2;106;90;16m[48;2;106;90;16m▀[0m[38;2;255;222;98m[48;2;255;222;98m▀[0m[38;2;255;222;98m[48;2;255;222;98m▀[0m[38;2;255;222;98m[48;2;255;222;98m▀[0m[38;2;255;222;98m[48;2;255;222;98m▀[0m[38;2;255;222;98m[48;2;255;222;98m▀[0m[38;2;255;222;98m[48;2;106;90;16m▀[0m[38;2;106;90;16m▀[0m            
                [38;2;32;16;16m▄[0m[38;2;74;24;32m▄[0m[38;2;32;16;16m[48;2;123;49;74m▀[0m[38;2;32;16;16m[48;2;123;49;74m▀[0m[38;2;32;16;16m[48;2;123;49;74m▀[0m[38;2;123;49;74m[48;2;123;49;74m▀[0m[38;2;123;49;74m[48;2;123;49;74m▀[0m[38;2;123;49;74m[48;2;123;49;74m▀[0m[38;2;123;49;74m[48;2;123;49;74m▀[0m[38;2;123;49;74m[48;2;123;49;74m▀[0m[38;2;123;49;74m[48;2;123;49;74m▀[0m[38;2;123;49;74m[48;2;123;49;74m▀[0m[38;2;123;49;74m[48;2;123;49;74m▀[0m[38;2;32;16;16m[48;2;123;49;74m▀[0m[38;2;32;16;16m[48;2;123;49;74m▀[0m[38;2;32;16;16m▄[0m[38;2;106;90;16m[48;2;32;16;16m▀[0m[38;2;189;148;41m[48;2;255;222;98m▀[0m[38;2;255;222;98m[48;2;255;222;98m▀[0m[38;2;255;222;98m[48;2;255;222;98m▀[0m[38;2;255;222;98m[48;2;255;222;98m▀[0m[38;2;255;222;98m[48;2;255;222;98m▀[0m[38;2;255;222;98m[48;2;106;90;16m▀[0m[38;2;106;90;16m▀[0m             
             [38;2;32;16;16m▄[0m[38;2;32;16;16m[48;2;123;49;74m▀[0m[38;2;32;16;16m[48;2;123;49;74m▀[0m[38;2;123;49;74m[48;2;123;49;74m▀[0m[38;2;123;49;74m[48;2;123;49;74m▀[0m[38;2;123;49;74m[48;2;123;49;74m▀[0m[38;2;123;49;74m[48;2;123;49;74m▀[0m[38;2;123;49;74m[48;2;123;49;74m▀[0m[38;2;123;49;74m[48;2;123;49;74m▀[0m[38;2;123;49;74m[48;2;123;49;74m▀[0m[38;2;123;49;74m[48;2;123;49;74m▀[0m[38;2;123;49;74m[48;2;123;49;74m▀[0m[38;2;123;49;74m[48;2;123;49;74m▀[0m[38;2;123;49;74m[48;2;123;49;74m▀[0m[38;2;123;49;74m[48;2;123;49;74m▀[0m[38;2;123;49;74m[48;2;123;49;74m▀[0m[38;2;123;49;74m[48;2;123;49;74m▀[0m[38;2;123;49;74m[48;2;123;49;74m▀[0m[38;2;123;49;74m[48;2;123;49;74m▀[0m[38;2;123;49;74m[48;2;123;49;74m▀[0m[38;2;32;16;16m[48;2;123;49;74m▀[0m[38;2;255;222;98m[48;2;32;16;16m▀[0m[38;2;255;222;98m[48;2;255;222;98m▀[0m[38;2;255;222;98m[48;2;106;90;16m▀[0m[38;2;106;90;16m▀[0m               
           [38;2;32;16;16m▄[0m[38;2;32;16;16m[48;2;213;156;123m▀[0m[38;2;156;106;74m[48;2;213;156;123m▀[0m[38;2;156;106;74m[48;2;213;156;123m▀[0m[38;2;123;49;74m[48;2;213;156;123m▀[0m[38;2;123;49;74m[48;2;156;106;74m▀[0m[38;2;123;49;74m[48;2;123;49;74m▀[0m[38;2;123;49;74m[48;2;123;49;74m▀[0m[38;2;123;49;74m[48;2;156;106;74m▀[0m[38;2;123;49;74m[48;2;213;156;123m▀[0m[38;2;123;49;74m[48;2;213;156;123m▀[0m[38;2;123;49;74m[48;2;213;156;123m▀[0m[38;2;123;49;74m[48;2;156;106;74m▀[0m[38;2;123;49;74m[48;2;123;49;74m▀[0m[38;2;123;49;74m[48;2;123;49;74m▀[0m[38;2;123;49;74m[48;2;123;49;74m▀[0m[38;2;123;49;74m[48;2;123;49;74m▀[0m[38;2;123;49;74m[48;2;123;49;74m▀[0m[38;2;123;49;74m[48;2;123;49;74m▀[0m[38;2;123;49;74m[48;2;123;49;74m▀[0m[38;2;123;49;74m[48;2;123;49;74m▀[0m[38;2;123;49;74m[48;2;123;49;74m▀[0m[38;2;123;49;74m[48;2;123;49;74m▀[0m[38;2;123;49;74m[48;2;123;49;74m▀[0m[38;2;32;16;16m[48;2;123;49;74m▀[0m[38;2;32;16;16m▄[0m                
         [38;2;32;16;16m▄[0m[38;2;32;16;16m[48;2;123;49;74m▀[0m[38;2;156;106;74m[48;2;123;49;74m▀[0m[38;2;123;49;74m[48;2;123;49;74m▀[0m[38;2;156;106;74m[48;2;123;49;74m▀[0m[38;2;213;156;123m[48;2;156;106;74m▀[0m[38;2;213;156;123m[48;2;213;156;123m▀[0m[38;2;213;156;123m[48;2;213;156;123m▀[0m[38;2;213;156;123m[48;2;213;156;123m▀[0m[38;2;213;156;123m[48;2;213;156;123m▀[0m[38;2;213;156;123m[48;2;156;106;74m▀[0m[38;2;213;156;123m[48;2;123;49;74m▀[0m[38;2;213;156;123m[48;2;123;49;74m▀[0m[38;2;213;156;123m[48;2;123;49;74m▀[0m[38;2;213;156;123m[48;2;156;106;74m▀[0m[38;2;213;156;123m[48;2;213;156;123m▀[0m[38;2;123;49;74m[48;2;213;156;123m▀[0m[38;2;123;49;74m[48;2;156;106;74m▀[0m[38;2;123;49;74m[48;2;123;49;74m▀[0m[38;2;123;49;74m[48;2;123;49;74m▀[0m[38;2;123;49;74m[48;2;123;49;74m▀[0m[38;2;123;49;74m[48;2;123;49;74m▀[0m[38;2;123;49;74m[48;2;123;49;74m▀[0m[38;2;123;49;74m[48;2;123;49;74m▀[0m[38;2;123;49;74m[48;2;123;49;74m▀[0m[38;2;123;49;74m[48;2;123;49;74m▀[0m[38;2;123;49;74m[48;2;123;49;74m▀[0m[38;2;123;49;74m[48;2;123;49;74m▀[0m[38;2;32;16;16m[48;2;0;0;0m▀[0m               
        [38;2;32;16;16m▄[0m[38;2;32;16;16m[48;2;156;106;74m▀[0m[38;2;123;49;74m[48;2;213;156;123m▀[0m[38;2;123;49;74m[48;2;213;156;123m▀[0m[38;2;123;49;74m[48;2;156;106;74m▀[0m[38;2;123;49;74m[48;2;123;49;74m▀[0m[38;2;123;49;74m[48;2;123;49;74m▀[0m[38;2;123;49;74m[48;2;123;49;74m▀[0m[38;2;123;49;74m[48;2;123;49;74m▀[0m[38;2;123;49;74m[48;2;123;49;74m▀[0m[38;2;123;49;74m[48;2;123;49;74m▀[0m[38;2;123;49;74m[48;2;123;49;74m▀[0m[38;2;123;49;74m[48;2;123;49;74m▀[0m[38;2;123;49;74m[48;2;123;49;74m▀[0m[38;2;123;49;74m[48;2;123;49;74m▀[0m[38;2;123;49;74m[48;2;123;49;74m▀[0m[38;2;123;49;74m[48;2;123;49;74m▀[0m[38;2;123;49;74m[48;2;123;49;74m▀[0m[38;2;123;49;74m[48;2;123;49;74m▀[0m[38;2;123;49;74m[48;2;123;49;74m▀[0m[38;2;123;49;74m[48;2;123;49;74m▀[0m[38;2;123;49;74m[48;2;123;49;74m▀[0m[38;2;123;49;74m[48;2;123;49;74m▀[0m[38;2;123;49;74m[48;2;123;49;74m▀[0m[38;2;123;49;74m[48;2;123;49;74m▀[0m[38;2;123;49;74m[48;2;123;49;74m▀[0m[38;2;123;49;74m[48;2;123;49;74m▀[0m[38;2;123;49;74m[48;2;123;49;74m▀[0m[38;2;123;49;74m[48;2;123;49;74m▀[0m[38;2;123;49;74m[48;2;123;49;74m▀[0m[38;2;0;0;0m[48;2;0;0;0m▀[0m              
        [38;2;32;16;16m[48;2;32;16;16m▀[0m[38;2;213;156;123m[48;2;123;49;74m▀[0m[38;2;213;156;123m[48;2;123;49;74m▀[0m[38;2;213;156;123m[48;2;156;106;74m▀[0m[38;2;213;156;123m[48;2;213;156;123m▀[0m[38;2;213;156;123m[48;2;213;156;123m▀[0m[38;2;156;106;74m[48;2;213;156;123m▀[0m[38;2;123;49;74m[48;2;213;156;123m▀[0m[38;2;123;49;74m[48;2;213;156;123m▀[0m[38;2;156;106;74m[48;2;213;156;123m▀[0m[38;2;213;156;123m[48;2;213;156;123m▀[0m[38;2;213;156;123m[48;2;213;156;123m▀[0m[38;2;213;156;123m[48;2;213;156;123m▀[0m[38;2;213;156;123m[48;2;213;156;123m▀[0m[38;2;156;106;74m[48;2;213;156;123m▀[0m[38;2;123;49;74m[48;2;213;156;123m▀[0m[38;2;123;49;74m[48;2;123;49;74m▀[0m[38;2;123;49;74m[48;2;123;49;74m▀[0m[38;2;123;49;74m[48;2;123;49;74m▀[0m[38;2;123;49;74m[48;2;123;49;74m▀[0m[38;2;123;49;74m[48;2;123;49;74m▀[0m[38;2;123;49;74m[48;2;123;49;74m▀[0m[38;2;123;49;74m[48;2;123;49;74m▀[0m[38;2;123;49;74m[48;2;123;49;74m▀[0m[38;2;123;49;74m[48;2;123;49;74m▀[0m[38;2;123;49;74m[48;2;123;49;74m▀[0m[38;2;123;49;74m[48;2;123;49;74m▀[0m[38;2;123;49;74m[48;2;123;49;74m▀[0m[38;2;123;49;74m[48;2;123;49;74m▀[0m[38;2;123;49;74m[48;2;74;24;32m▀[0m[38;2;74;24;32m[48;2;74;24;32m▀[0m[38;2;0;0;0m[48;2;0;0;0m▀[0m             
       [38;2;32;16;16m[48;2;32;16;16m▀[0m[38;2;123;49;74m[48;2;123;49;74m▀[0m[38;2;123;49;74m[48;2;123;49;74m▀[0m[38;2;123;49;74m[48;2;123;49;74m▀[0m[38;2;123;49;74m[48;2;123;49;74m▀[0m[38;2;156;106;74m[48;2;123;49;74m▀[0m[38;2;213;156;123m[48;2;123;49;74m▀[0m[38;2;213;156;123m[48;2;123;49;74m▀[0m[38;2;213;156;123m[48;2;123;49;74m▀[0m[38;2;213;156;123m[48;2;123;49;74m▀[0m[38;2;213;156;123m[48;2;123;49;74m▀[0m[38;2;156;106;74m[48;2;123;49;74m▀[0m[38;2;123;49;74m[48;2;123;49;74m▀[0m[38;2;123;49;74m[48;2;123;49;74m▀[0m[38;2;123;49;74m[48;2;123;49;74m▀[0m[38;2;156;106;74m[48;2;123;49;74m▀[0m[38;2;213;156;123m[48;2;123;49;74m▀[0m[38;2;213;156;123m[48;2;123;49;74m▀[0m[38;2;156;106;74m[48;2;123;49;74m▀[0m[38;2;123;49;74m[48;2;123;49;74m▀[0m[38;2;123;49;74m[48;2;123;49;74m▀[0m[38;2;123;49;74m[48;2;123;49;74m▀[0m[38;2;123;49;74m[48;2;123;49;74m▀[0m[38;2;123;49;74m[48;2;123;49;74m▀[0m[38;2;123;49;74m[48;2;123;49;74m▀[0m[38;2;123;49;74m[48;2;123;49;74m▀[0m[38;2;123;49;74m[48;2;123;49;74m▀[0m[38;2;123;49;74m[48;2;123;49;74m▀[0m[38;2;123;49;74m[48;2;123;49;74m▀[0m[38;2;123;49;74m[48;2;74;24;32m▀[0m[38;2;74;24;32m[48;2;74;24;32m▀[0m[38;2;74;24;32m[48;2;74;24;32m▀[0m[38;2;74;24;32m[48;2;74;24;32m▀[0m[38;2;32;16;16m[48;2;32;16;16m▀[0m            
   [38;2;32;16;16m▄[0m[38;2;32;16;16m▄[0m[38;2;32;16;16m[48;2;123;49;74m▀[0m[38;2;32;16;16m[48;2;123;49;74m▀[0m[38;2;123;49;74m[48;2;123;49;74m▀[0m[38;2;123;49;74m[48;2;123;49;74m▀[0m[38;2;123;49;74m[48;2;123;49;74m▀[0m[38;2;123;49;74m[48;2;123;49;74m▀[0m[38;2;123;49;74m[48;2;123;49;74m▀[0m[38;2;123;49;74m[48;2;123;49;74m▀[0m[38;2;123;49;74m[48;2;123;49;74m▀[0m[38;2;123;49;74m[48;2;123;49;74m▀[0m[38;2;123;49;74m[48;2;123;49;74m▀[0m[38;2;123;49;74m[48;2;123;49;74m▀[0m[38;2;123;49;74m[48;2;123;49;74m▀[0m[38;2;123;49;74m[48;2;123;49;74m▀[0m[38;2;123;49;74m[48;2;123;49;74m▀[0m[38;2;123;49;74m[48;2;123;49;74m▀[0m[38;2;123;49;74m[48;2;123;49;74m▀[0m[38;2;123;49;74m[48;2;123;49;74m▀[0m[38;2;123;49;74m[48;2;123;49;74m▀[0m[38;2;123;49;74m[48;2;123;49;74m▀[0m[38;2;123;49;74m[48;2;123;49;74m▀[0m[38;2;123;49;74m[48;2;123;49;74m▀[0m[38;2;123;49;74m[48;2;123;49;74m▀[0m[38;2;123;49;74m[48;2;123;49;74m▀[0m[38;2;123;49;74m[48;2;123;49;74m▀[0m[38;2;123;49;74m[48;2;123;49;74m▀[0m[38;2;123;49;74m[48;2;123;49;74m▀[0m[38;2;123;49;74m[48;2;123;49;74m▀[0m[38;2;123;49;74m[48;2;123;49;74m▀[0m[38;2;123;49;74m[48;2;123;49;74m▀[0m[38;2;123;49;74m[48;2;74;24;32m▀[0m[38;2;74;24;32m[48;2;74;24;32m▀[0m[38;2;32;16;16m[48;2;74;24;32m▀[0m[38;2;74;24;32m[48;2;32;16;16m▀[0m[38;2;74;24;32m[48;2;74;24;32m▀[0m[38;2;32;16;16m[48;2;32;16;16m▀[0m            
 [38;2;0;0;0m▄[0m[38;2;0;0;0m[48;2;74;24;32m▀[0m[38;2;123;49;74m[48;2;123;49;74m▀[0m[38;2;123;49;74m[48;2;123;49;74m▀[0m[38;2;123;49;74m[48;2;123;49;74m▀[0m[38;2;123;49;74m[48;2;123;49;74m▀[0m[38;2;123;49;74m[48;2;123;49;74m▀[0m[38;2;123;49;74m[48;2;123;49;74m▀[0m[38;2;123;49;74m[48;2;123;49;74m▀[0m[38;2;123;49;74m[48;2;123;49;74m▀[0m[38;2;123;49;74m[48;2;123;49;74m▀[0m[38;2;123;49;74m[48;2;123;49;74m▀[0m[38;2;123;49;74m[48;2;123;49;74m▀[0m[38;2;123;49;74m[48;2;123;49;74m▀[0m[38;2;123;49;74m[48;2;123;49;74m▀[0m[38;2;123;49;74m[48;2;123;49;74m▀[0m[38;2;123;49;74m[48;2;123;49;74m▀[0m[38;2;123;49;74m[48;2;123;49;74m▀[0m[38;2;123;49;74m[48;2;123;49;74m▀[0m[38;2;123;49;74m[48;2;123;49;74m▀[0m[38;2;123;49;74m[48;2;123;49;74m▀[0m[38;2;123;49;74m[48;2;123;49;74m▀[0m[38;2;123;49;74m[48;2;123;49;74m▀[0m[38;2;123;49;74m[48;2;123;49;74m▀[0m[38;2;123;49;74m[48;2;123;49;74m▀[0m[38;2;123;49;74m[48;2;123;49;74m▀[0m[38;2;123;49;74m[48;2;123;49;74m▀[0m[38;2;123;49;74m[48;2;123;49;74m▀[0m[38;2;123;49;74m[48;2;123;49;74m▀[0m[38;2;123;49;74m[48;2;123;49;74m▀[0m[38;2;123;49;74m[48;2;123;49;74m▀[0m[38;2;123;49;74m[48;2;74;24;32m▀[0m[38;2;123;49;74m[48;2;74;24;32m▀[0m[38;2;74;24;32m[48;2;74;24;32m▀[0m[38;2;74;24;32m[48;2;74;24;32m▀[0m[38;2;74;24;32m[48;2;74;24;32m▀[0m[38;2;74;24;32m[48;2;74;24;32m▀[0m[38;2;32;16;16m[48;2;74;24;32m▀[0m[38;2;74;24;32m[48;2;0;0;0m▀[0m[38;2;74;24;32m[48;2;74;24;32m▀[0m[38;2;32;16;16m[48;2;32;16;16m▀[0m           
 [38;2;0;0;0m[48;2;0;0;0m▀[0m[38;2;74;24;32m[48;2;74;24;32m▀[0m[38;2;74;24;32m[48;2;74;24;32m▀[0m[38;2;123;49;74m[48;2;74;24;32m▀[0m[38;2;123;49;74m[48;2;74;24;32m▀[0m[38;2;123;49;74m[48;2;123;49;74m▀[0m[38;2;123;49;74m[48;2;123;49;74m▀[0m[38;2;123;49;74m[48;2;123;49;74m▀[0m[38;2;123;49;74m[48;2;123;49;74m▀[0m[38;2;123;49;74m[48;2;123;49;74m▀[0m[38;2;123;49;74m[48;2;123;49;74m▀[0m[38;2;123;49;74m[48;2;123;49;74m▀[0m[38;2;123;49;74m[48;2;123;49;74m▀[0m[38;2;123;49;74m[48;2;123;49;74m▀[0m[38;2;123;49;74m[48;2;123;49;74m▀[0m[38;2;123;49;74m[48;2;123;49;74m▀[0m[38;2;123;49;74m[48;2;123;49;74m▀[0m[38;2;123;49;74m[48;2;123;49;74m▀[0m[38;2;123;49;74m[48;2;123;49;74m▀[0m[38;2;123;49;74m[48;2;123;49;74m▀[0m[38;2;123;49;74m[48;2;123;49;74m▀[0m[38;2;123;49;74m[48;2;123;49;74m▀[0m[38;2;123;49;74m[48;2;123;49;74m▀[0m[38;2;123;49;74m[48;2;123;49;74m▀[0m[38;2;123;49;74m[48;2;123;49;74m▀[0m[38;2;123;49;74m[48;2;123;49;74m▀[0m[38;2;123;49;74m[48;2;123;49;74m▀[0m[38;2;123;49;74m[48;2;123;49;74m▀[0m[38;2;123;49;74m[48;2;74;24;32m▀[0m[38;2;123;49;74m[48;2;74;24;32m▀[0m[38;2;74;24;32m[48;2;74;24;32m▀[0m[38;2;74;24;32m[48;2;74;24;32m▀[0m[38;2;74;24;32m[48;2;74;24;32m▀[0m[38;2;74;24;32m[48;2;74;24;32m▀[0m[38;2;74;24;32m[48;2;74;24;32m▀[0m[38;2;74;24;32m[48;2;74;24;32m▀[0m[38;2;74;24;32m[48;2;74;24;32m▀[0m[38;2;74;24;32m[48;2;74;24;32m▀[0m[38;2;74;24;32m[48;2;74;24;32m▀[0m[38;2;0;0;0m[48;2;0;0;0m▀[0m[38;2;32;16;16m[48;2;32;16;16m▀[0m           
 [38;2;0;0;0m[48;2;0;0;0m▀[0m[38;2;74;24;32m[48;2;74;24;32m▀[0m[38;2;74;24;32m[48;2;74;24;32m▀[0m[38;2;74;24;32m[48;2;74;24;32m▀[0m[38;2;74;24;32m[48;2;74;24;32m▀[0m[38;2;74;24;32m[48;2;74;24;32m▀[0m[38;2;74;24;32m[48;2;74;24;32m▀[0m[38;2;74;24;32m[48;2;74;24;32m▀[0m[38;2;123;49;74m[48;2;74;24;32m▀[0m[38;2;123;49;74m[48;2;74;24;32m▀[0m[38;2;123;49;74m[48;2;74;24;32m▀[0m[38;2;123;49;74m[48;2;74;24;32m▀[0m[38;2;123;49;74m[48;2;74;24;32m▀[0m[38;2;123;49;74m[48;2;123;49;74m▀[0m[38;2;123;49;74m[48;2;123;49;74m▀[0m[38;2;123;49;74m[48;2;123;49;74m▀[0m[38;2;123;49;74m[48;2;123;49;74m▀[0m[38;2;123;49;74m[48;2;123;49;74m▀[0m[38;2;123;49;74m[48;2;123;49;74m▀[0m[38;2;123;49;74m[48;2;123;49;74m▀[0m[38;2;123;49;74m[48;2;74;24;32m▀[0m[38;2;123;49;74m[48;2;74;24;32m▀[0m[38;2;123;49;74m[48;2;74;24;32m▀[0m[38;2;123;49;74m[48;2;74;24;32m▀[0m[38;2;123;49;74m[48;2;74;24;32m▀[0m[38;2;74;24;32m[48;2;74;24;32m▀[0m[38;2;74;24;32m[48;2;74;24;32m▀[0m[38;2;74;24;32m[48;2;74;24;32m▀[0m[38;2;74;24;32m[48;2;74;24;32m▀[0m[38;2;74;24;32m[48;2;74;24;32m▀[0m[38;2;74;24;32m[48;2;74;24;32m▀[0m[38;2;74;24;32m[48;2;74;24;32m▀[0m[38;2;74;24;32m[48;2;74;24;32m▀[0m[38;2;32;16;16m[48;2;0;0;0m▀[0m[38;2;74;24;32m[48;2;74;24;32m▀[0m[38;2;74;24;32m[48;2;74;24;32m▀[0m[38;2;74;24;32m[48;2;74;24;32m▀[0m[38;2;74;24;32m[48;2;74;24;32m▀[0m[38;2;74;24;32m[48;2;74;24;32m▀[0m[38;2;74;24;32m[48;2;74;24;32m▀[0m[38;2;0;0;0m[48;2;0;0;0m▀[0m           
  [38;2;0;0;0m[48;2;0;0;0m▀[0m[38;2;74;24;32m[48;2;74;24;32m▀[0m[38;2;74;24;32m[48;2;74;24;32m▀[0m[38;2;74;24;32m[48;2;74;24;32m▀[0m[38;2;74;24;32m[48;2;74;24;32m▀[0m[38;2;74;24;32m[48;2;74;24;32m▀[0m[38;2;74;24;32m[48;2;74;24;32m▀[0m[38;2;74;24;32m[48;2;74;24;32m▀[0m[38;2;74;24;32m[48;2;74;24;32m▀[0m[38;2;74;24;32m[48;2;74;24;32m▀[0m[38;2;74;24;32m[48;2;74;24;32m▀[0m[38;2;74;24;32m[48;2;74;24;32m▀[0m[38;2;74;24;32m[48;2;74;24;32m▀[0m[38;2;74;24;32m[48;2;74;24;32m▀[0m[38;2;74;24;32m[48;2;74;24;32m▀[0m[38;2;74;24;32m[48;2;74;24;32m▀[0m[38;2;74;24;32m[48;2;74;24;32m▀[0m[38;2;74;24;32m[48;2;74;24;32m▀[0m[38;2;74;24;32m[48;2;74;24;32m▀[0m[38;2;74;24;32m[48;2;74;24;32m▀[0m[38;2;74;24;32m[48;2;74;24;32m▀[0m[38;2;74;24;32m[48;2;74;24;32m▀[0m[38;2;74;24;32m[48;2;74;24;32m▀[0m[38;2;74;24;32m[48;2;74;24;32m▀[0m[38;2;74;24;32m[48;2;74;24;32m▀[0m[38;2;74;24;32m[48;2;74;24;32m▀[0m[38;2;74;24;32m[48;2;74;24;32m▀[0m[38;2;74;24;32m[48;2;74;24;32m▀[0m[38;2;74;24;32m[48;2;74;24;32m▀[0m[38;2;74;24;32m[48;2;74;24;32m▀[0m[38;2;74;24;32m[48;2;74;24;32m▀[0m[38;2;74;24;32m[48;2;32;16;16m▀[0m[38;2;74;24;32m[48;2;74;24;32m▀[0m[38;2;0;0;0m[48;2;0;0;0m▀[0m[38;2;74;24;32m[48;2;74;24;32m▀[0m[38;2;74;24;32m[48;2;74;24;32m▀[0m[38;2;74;24;32m[48;2;74;24;32m▀[0m[38;2;74;24;32m[48;2;74;24;32m▀[0m[38;2;74;24;32m[48;2;123;49;74m▀[0m[38;2;123;49;74m[48;2;123;49;74m▀[0m[38;2;0;0;0m[48;2;0;0;0m▀[0m          
   [38;2;0;0;0m[48;2;0;0;0m▀[0m[38;2;74;24;32m[48;2;74;24;32m▀[0m[38;2;74;24;32m[48;2;74;24;32m▀[0m[38;2;74;24;32m[48;2;74;24;32m▀[0m[38;2;74;24;32m[48;2;74;24;32m▀[0m[38;2;74;24;32m[48;2;74;24;32m▀[0m[38;2;74;24;32m[48;2;74;24;32m▀[0m[38;2;74;24;32m[48;2;74;24;32m▀[0m[38;2;74;24;32m[48;2;74;24;32m▀[0m[38;2;74;24;32m[48;2;74;24;32m▀[0m[38;2;74;24;32m[48;2;74;24;32m▀[0m[38;2;74;24;32m[48;2;74;24;32m▀[0m[38;2;74;24;32m[48;2;74;24;32m▀[0m[38;2;74;24;32m[48;2;74;24;32m▀[0m[38;2;74;24;32m[48;2;74;24;32m▀[0m[38;2;74;24;32m[48;2;74;24;32m▀[0m[38;2;74;24;32m[48;2;74;24;32m▀[0m[38;2;74;24;32m[48;2;74;24;32m▀[0m[38;2;74;24;32m[48;2;74;24;32m▀[0m[38;2;74;24;32m[48;2;74;24;32m▀[0m[38;2;74;24;32m[48;2;74;24;32m▀[0m[38;2;74;24;32m[48;2;74;24;32m▀[0m[38;2;74;24;32m[48;2;74;24;32m▀[0m[38;2;74;24;32m[48;2;74;24;32m▀[0m[38;2;74;24;32m[48;2;74;24;32m▀[0m[38;2;74;24;32m[48;2;74;24;32m▀[0m[38;2;74;24;32m[48;2;74;24;32m▀[0m[38;2;74;24;32m[48;2;74;24;32m▀[0m[38;2;74;24;32m[48;2;74;24;32m▀[0m[38;2;74;24;32m[48;2;74;24;32m▀[0m[38;2;74;24;32m[48;2;74;24;32m▀[0m[38;2;32;16;16m[48;2;74;24;32m▀[0m[38;2;0;0;0m[48;2;74;24;32m▀[0m[38;2;74;24;32m[48;2;0;0;0m▀[0m[38;2;74;24;32m[48;2;74;24;32m▀[0m[38;2;74;24;32m[48;2;74;24;32m▀[0m[38;2;74;24;32m[48;2;74;24;32m▀[0m[38;2;123;49;74m[48;2;74;24;32m▀[0m[38;2;123;49;74m[48;2;123;49;74m▀[0m[38;2;123;49;74m[48;2;123;49;74m▀[0m[38;2;32;16;16m[48;2;123;49;74m▀[0m[38;2;32;16;16m▄[0m        
    [38;2;0;0;0m▀[0m[38;2;74;24;32m[48;2;0;0;0m▀[0m[38;2;74;24;32m[48;2;74;24;32m▀[0m[38;2;74;24;32m[48;2;74;24;32m▀[0m[38;2;74;24;32m[48;2;74;24;32m▀[0m[38;2;74;24;32m[48;2;74;24;32m▀[0m[38;2;74;24;32m[48;2;74;24;32m▀[0m[38;2;74;24;32m[48;2;74;24;32m▀[0m[38;2;74;24;32m[48;2;74;24;32m▀[0m[38;2;74;24;32m[48;2;74;24;32m▀[0m[38;2;74;24;32m[48;2;74;24;32m▀[0m[38;2;74;24;32m[48;2;74;24;32m▀[0m[38;2;74;24;32m[48;2;74;24;32m▀[0m[38;2;74;24;32m[48;2;74;24;32m▀[0m[38;2;74;24;32m[48;2;74;24;32m▀[0m[38;2;74;24;32m[48;2;74;24;32m▀[0m[38;2;74;24;32m[48;2;74;24;32m▀[0m[38;2;74;24;32m[48;2;74;24;32m▀[0m[38;2;74;24;32m[48;2;74;24;32m▀[0m[38;2;74;24;32m[48;2;74;24;32m▀[0m[38;2;74;24;32m[48;2;74;24;32m▀[0m[38;2;74;24;32m[48;2;74;24;32m▀[0m[38;2;74;24;32m[48;2;32;16;16m▀[0m[38;2;74;24;32m[48;2;74;24;32m▀[0m[38;2;74;24;32m[48;2;74;24;32m▀[0m[38;2;74;24;32m[48;2;74;24;32m▀[0m[38;2;74;24;32m[48;2;74;24;32m▀[0m[38;2;74;24;32m[48;2;74;24;32m▀[0m[38;2;74;24;32m[48;2;74;24;32m▀[0m[38;2;74;24;32m[48;2;74;24;32m▀[0m[38;2;74;24;32m[48;2;74;24;32m▀[0m[38;2;74;24;32m[48;2;74;24;32m▀[0m[38;2;0;0;0m[48;2;74;24;32m▀[0m[38;2;74;24;32m[48;2;0;0;0m▀[0m[38;2;74;24;32m[48;2;74;24;32m▀[0m[38;2;74;24;32m[48;2;74;24;32m▀[0m[38;2;74;24;32m[48;2;74;24;32m▀[0m[38;2;123;49;74m[48;2;74;24;32m▀[0m[38;2;123;49;74m[48;2;123;49;74m▀[0m[38;2;123;49;74m[48;2;123;49;74m▀[0m[38;2;123;49;74m[48;2;123;49;74m▀[0m[38;2;32;16;16m[48;2;123;49;74m▀[0m[38;2;32;16;16m▄[0m      
    [38;2;32;16;16m▄[0m[38;2;32;16;16m[48;2;74;24;32m▀[0m[38;2;0;0;0m[48;2;74;24;32m▀[0m[38;2;74;24;32m[48;2;0;0;0m▀[0m[38;2;74;24;32m[48;2;74;24;32m▀[0m[38;2;74;24;32m[48;2;74;24;32m▀[0m[38;2;74;24;32m[48;2;74;24;32m▀[0m[38;2;74;24;32m[48;2;74;24;32m▀[0m[38;2;74;24;32m[48;2;74;24;32m▀[0m[38;2;74;24;32m[48;2;74;24;32m▀[0m[38;2;74;24;32m[48;2;74;24;32m▀[0m[38;2;74;24;32m[48;2;74;24;32m▀[0m[38;2;74;24;32m[48;2;74;24;32m▀[0m[38;2;74;24;32m[48;2;74;24;32m▀[0m[38;2;74;24;32m[48;2;74;24;32m▀[0m[38;2;74;24;32m[48;2;74;24;32m▀[0m[38;2;74;24;32m[48;2;74;24;32m▀[0m[38;2;74;24;32m[48;2;74;24;32m▀[0m[38;2;74;24;32m[48;2;74;24;32m▀[0m[38;2;74;24;32m[48;2;74;24;32m▀[0m[38;2;74;24;32m[48;2;74;24;32m▀[0m[38;2;74;24;32m[48;2;74;24;32m▀[0m[38;2;74;24;32m[48;2;74;24;32m▀[0m[38;2;0;0;0m[48;2;32;16;16m▀[0m[38;2;74;24;32m[48;2;32;16;16m▀[0m[38;2;74;24;32m[48;2;74;24;32m▀[0m[38;2;74;24;32m[48;2;74;24;32m▀[0m[38;2;74;24;32m[48;2;74;24;32m▀[0m[38;2;74;24;32m[48;2;74;24;32m▀[0m[38;2;74;24;32m[48;2;74;24;32m▀[0m[38;2;74;24;32m[48;2;74;24;32m▀[0m[38;2;74;24;32m[48;2;32;16;16m▀[0m[38;2;32;16;16m▀[0m[38;2;0;0;0m▀[0m[38;2;74;24;32m[48;2;0;0;0m▀[0m[38;2;74;24;32m[48;2;74;24;32m▀[0m[38;2;74;24;32m[48;2;74;24;32m▀[0m[38;2;74;24;32m[48;2;74;24;32m▀[0m[38;2;123;49;74m[48;2;74;24;32m▀[0m[38;2;123;49;74m[48;2;123;49;74m▀[0m[38;2;123;49;74m[48;2;123;49;74m▀[0m[38;2;123;49;74m[48;2;123;49;74m▀[0m[38;2;123;49;74m[48;2;123;49;74m▀[0m[38;2;32;16;16m[48;2;123;49;74m▀[0m[38;2;32;16;16m▄[0m    
  [38;2;0;0;0m▄[0m[38;2;32;16;16m▄[0m[38;2;32;16;16m[48;2;74;24;32m▀[0m[38;2;74;24;32m[48;2;74;24;32m▀[0m[38;2;74;24;32m[48;2;74;24;32m▀[0m[38;2;74;24;32m[48;2;74;24;32m▀[0m[38;2;0;0;0m[48;2;74;24;32m▀[0m[38;2;0;0;0m[48;2;74;24;32m▀[0m[38;2;74;24;32m[48;2;0;0;0m▀[0m[38;2;74;24;32m[48;2;0;0;0m▀[0m[38;2;74;24;32m[48;2;74;24;32m▀[0m[38;2;74;24;32m[48;2;74;24;32m▀[0m[38;2;74;24;32m[48;2;74;24;32m▀[0m[38;2;74;24;32m[48;2;74;24;32m▀[0m[38;2;74;24;32m[48;2;74;24;32m▀[0m[38;2;74;24;32m[48;2;74;24;32m▀[0m[38;2;74;24;32m[48;2;74;24;32m▀[0m[38;2;74;24;32m[48;2;74;24;32m▀[0m[38;2;74;24;32m[48;2;32;16;16m▀[0m[38;2;74;24;32m[48;2;74;24;32m▀[0m[38;2;74;24;32m[48;2;74;24;32m▀[0m[38;2;74;24;32m[48;2;74;24;32m▀[0m[38;2;74;24;32m[48;2;74;24;32m▀[0m[38;2;74;24;32m[48;2;74;24;32m▀[0m[38;2;74;24;32m[48;2;74;24;32m▀[0m[38;2;74;24;32m[48;2;74;24;32m▀[0m[38;2;0;0;0m[48;2;0;0;0m▀[0m[38;2;74;24;32m[48;2;74;24;32m▀[0m[38;2;74;24;32m[48;2;74;24;32m▀[0m[38;2;74;24;32m[48;2;32;16;16m▀[0m[38;2;74;24;32m[48;2;32;16;16m▀[0m[38;2;32;16;16m▀[0m[38;2;32;16;16m▀[0m   [38;2;0;0;0m▀[0m[38;2;74;24;32m[48;2;0;0;0m▀[0m[38;2;74;24;32m[48;2;74;24;32m▀[0m[38;2;74;24;32m[48;2;74;24;32m▀[0m[38;2;74;24;32m[48;2;74;24;32m▀[0m[38;2;74;24;32m[48;2;74;24;32m▀[0m[38;2;123;49;74m[48;2;74;24;32m▀[0m[38;2;123;49;74m[48;2;74;24;32m▀[0m[38;2;123;49;74m[48;2;123;49;74m▀[0m[38;2;123;49;74m[48;2;123;49;74m▀[0m[38;2;123;49;74m[48;2;123;49;74m▀[0m[38;2;0;0;0m[48;2;74;24;32m▀[0m[38;2;0;0;0m▄[0m  
[38;2;74;49;32m▄[0m[38;2;74;49;32m[48;2;156;106;74m▀[0m[38;2;0;0;0m[48;2;156;106;74m▀[0m[38;2;74;24;32m[48;2;0;0;0m▀[0m[38;2;74;24;32m[48;2;74;24;32m▀[0m[38;2;74;24;32m[48;2;0;0;0m▀[0m[38;2;74;24;32m[48;2;74;24;32m▀[0m[38;2;74;24;32m[48;2;0;0;0m▀[0m[38;2;32;16;16m[48;2;74;49;32m▀[0m[38;2;32;16;16m▀[0m[38;2;32;16;16m▀[0m [38;2;32;16;16m▀[0m[38;2;32;16;16m[48;2;74;49;32m▀[0m[38;2;32;16;16m[48;2;156;106;74m▀[0m[38;2;32;16;16m[48;2;156;106;74m▀[0m[38;2;74;24;32m[48;2;32;16;16m▀[0m[38;2;74;24;32m[48;2;32;16;16m▀[0m[38;2;74;24;32m[48;2;32;16;16m▀[0m[38;2;74;24;32m[48;2;32;16;16m▀[0m[38;2;74;24;32m[48;2;32;16;16m▀[0m[38;2;0;0;0m[48;2;32;16;16m▀[0m[38;2;74;24;32m[48;2;0;0;0m▀[0m[38;2;74;24;32m[48;2;74;24;32m▀[0m[38;2;74;24;32m[48;2;74;24;32m▀[0m[38;2;74;24;32m[48;2;74;24;32m▀[0m[38;2;74;24;32m[48;2;74;24;32m▀[0m[38;2;74;24;32m[48;2;74;24;32m▀[0m[38;2;74;24;32m[48;2;74;24;32m▀[0m[38;2;0;0;0m[48;2;0;0;0m▀[0m[38;2;32;16;16m▀[0m       [38;2;0;0;0m▄[0m[38;2;0;0;0m[48;2;74;24;32m▀[0m[38;2;74;24;32m[48;2;74;24;32m▀[0m[38;2;74;24;32m[48;2;74;24;32m▀[0m[38;2;74;24;32m[48;2;74;24;32m▀[0m[38;2;74;24;32m[48;2;74;24;32m▀[0m[38;2;74;24;32m[48;2;74;24;32m▀[0m[38;2;74;24;32m[48;2;74;24;32m▀[0m[38;2;74;24;32m[48;2;74;24;32m▀[0m[38;2;74;24;32m[48;2;74;24;32m▀[0m[38;2;123;49;74m[48;2;74;24;32m▀[0m[38;2;123;49;74m[48;2;74;24;32m▀[0m[38;2;0;0;0m[48;2;74;24;32m▀[0m[38;2;0;0;0m▄[0m 
[38;2;0;0;0m▀[0m[38;2;156;106;74m[48;2;0;0;0m▀[0m[38;2;156;106;74m[48;2;156;106;74m▀[0m[38;2;32;16;16m[48;2;156;106;74m▀[0m[38;2;0;0;0m[48;2;156;106;74m▀[0m[38;2;156;106;74m[48;2;156;106;74m▀[0m[38;2;0;0;0m[48;2;156;106;74m▀[0m[38;2;156;106;74m[48;2;156;106;74m▀[0m[38;2;156;106;74m[48;2;156;106;74m▀[0m[38;2;74;49;32m[48;2;74;49;32m▀[0m   [38;2;0;0;0m▀[0m[38;2;0;0;0m▀[0m[38;2;156;106;74m[48;2;0;0;0m▀[0m[38;2;74;49;32m[48;2;0;0;0m▀[0m[38;2;156;106;74m[48;2;0;0;0m▀[0m[38;2;74;49;32m[48;2;74;49;32m▀[0m[38;2;156;106;74m[48;2;74;49;32m▀[0m[38;2;74;49;32m▀[0m[38;2;32;16;16m▄[0m[38;2;0;0;0m[48;2;123;49;74m▀[0m[38;2;123;49;74m[48;2;123;49;74m▀[0m[38;2;123;49;74m[48;2;123;49;74m▀[0m[38;2;74;24;32m[48;2;123;49;74m▀[0m[38;2;74;24;32m[48;2;74;24;32m▀[0m[38;2;74;24;32m[48;2;0;0;0m▀[0m[38;2;74;24;32m[48;2;0;0;0m▀[0m[38;2;0;0;0m▀[0m       [38;2;74;49;32m[48;2;74;49;32m▀[0m[38;2;156;106;74m[48;2;156;106;74m▀[0m[38;2;0;0;0m[48;2;74;49;32m▀[0m[38;2;0;0;0m[48;2;0;0;0m▀[0m[38;2;74;24;32m[48;2;74;24;32m▀[0m[38;2;74;24;32m[48;2;74;24;32m▀[0m[38;2;74;24;32m[48;2;0;0;0m▀[0m[38;2;74;24;32m[48;2;74;24;32m▀[0m[38;2;74;24;32m[48;2;74;24;32m▀[0m[38;2;74;24;32m[48;2;32;16;16m▀[0m[38;2;74;24;32m[48;2;74;24;32m▀[0m[38;2;74;24;32m[48;2;74;24;32m▀[0m[38;2;74;24;32m[48;2;74;24;32m▀[0m[38;2;74;24;32m[48;2;74;24;32m▀[0m[38;2;0;0;0m[48;2;74;24;32m▀[0m[38;2;32;16;16m▄[0m
  [38;2;0;0;0m▀[0m[38;2;0;0;0m▀[0m[38;2;156;106;74m[48;2;0;0;0m▀[0m[38;2;156;106;74m[48;2;0;0;0m▀[0m[38;2;156;106;74m[48;2;0;0;0m▀[0m[38;2;0;0;0m▀[0m[38;2;0;0;0m▀[0m          [38;2;74;49;32m▄[0m[38;2;74;49;32m[48;2;156;106;74m▀[0m[38;2;32;16;16m[48;2;213;156;123m▀[0m[38;2;32;16;16m[48;2;213;156;123m▀[0m[38;2;123;49;74m[48;2;32;16;16m▀[0m[38;2;123;49;74m[48;2;0;0;0m▀[0m[38;2;74;24;32m[48;2;74;24;32m▀[0m[38;2;32;16;16m[48;2;32;16;16m▀[0m           [38;2;0;0;0m[48;2;0;0;0m▀[0m[38;2;156;106;74m[48;2;156;106;74m▀[0m[38;2;0;0;0m[48;2;156;106;74m▀[0m[38;2;74;24;32m[48;2;0;0;0m▀[0m[38;2;32;16;16m[48;2;156;106;74m▀[0m[38;2;74;49;32m[48;2;156;106;74m▀[0m[38;2;0;0;0m[48;2;74;49;32m▀[0m[38;2;74;24;32m[48;2;0;0;0m▀[0m[38;2;0;0;0m[48;2;156;106;74m▀[0m[38;2;32;16;16m[48;2;74;49;32m▀[0m[38;2;74;24;32m[48;2;0;0;0m▀[0m[38;2;0;0;0m[48;2;156;106;74m▀[0m[38;2;0;0;0m[48;2;74;49;32m▀[0m[38;2;74;24;32m[48;2;0;0;0m▀[0m[38;2;0;0;0m▀[0m
                   [38;2;0;0;0m[48;2;0;0;0m▀[0m[38;2;213;156;123m[48;2;156;106;74m▀[0m[38;2;213;156;123m[48;2;213;156;123m▀[0m[38;2;213;156;123m[48;2;213;156;123m▀[0m[38;2;213;156;123m[48;2;156;106;74m▀[0m[38;2;156;106;74m[48;2;156;106;74m▀[0m[38;2;0;0;0m[48;2;74;49;32m▀[0m[38;2;32;16;16m[48;2;74;49;32m▀[0m[38;2;0;0;0m▄[0m           [38;2;0;0;0m▀[0m[38;2;156;106;74m[48;2;0;0;0m▀[0m[38;2;74;49;32m[48;2;0;0;0m▀[0m[38;2;156;106;74m[48;2;156;106;74m▀[0m[38;2;156;106;74m[48;2;156;106;74m▀[0m[38;2;74;49;32m[48;2;0;0;0m▀[0m[38;2;156;106;74m[48;2;156;106;74m▀[0m[38;2;156;106;74m[48;2;156;106;74m▀[0m[38;2;74;49;32m[48;2;156;106;74m▀[0m[38;2;156;106;74m[48;2;74;49;32m▀[0m[38;2;156;106;74m[48;2;156;106;74m▀[0m[38;2;156;106;74m[48;2;0;0;0m▀[0m[38;2;74;49;32m▀[0m 
                    [38;2;74;49;32m▀[0m[38;2;74;49;32m[48;2;0;0;0m▀[0m[38;2;156;106;74m[48;2;0;0;0m▀[0m[38;2;156;106;74m[48;2;156;106;74m▀[0m[38;2;156;106;74m[48;2;156;106;74m▀[0m[38;2;156;106;74m[48;2;156;106;74m▀[0m[38;2;156;106;74m[48;2;156;106;74m▀[0m[38;2;156;106;74m[48;2;74;49;32m▀[0m[38;2;0;0;0m[48;2;0;0;0m▀[0m             [38;2;0;0;0m▀[0m[38;2;0;0;0m▀[0m[38;2;0;0;0m▀[0m[38;2;74;49;32m[48;2;0;0;0m▀[0m[38;2;156;106;74m[48;2;0;0;0m▀[0m[38;2;156;106;74m[48;2;0;0;0m▀[0m[38;2;0;0;0m▀[0m[38;2;0;0;0m▀[0m   
                       [38;2;0;0;0m▀[0m[38;2;0;0;0m▀[0m[38;2;0;0;0m▀[0m[38;2;0;0;0m▀[0m                          
[0m