                                       [38;2;15;15;15m[48;2;17;17;17m▀[0m[38;2;15;15;15m[48;2;15;15;15m▀[0m[38;2;16;16;16m[48;2;15;15;15m▀[0m[38;2;11;11;11m[48;2;10;10;10m▀[0m                                     
                                     [38;2;0;0;0m▄[0m[38;2;15;15;15m▄[0m[38;2;12;12;12m[48;2;16;16;16m▀[0m[38;2;16;16;16m[48;2;15;15;15m▀[0m[38;2;17;17;17m[48;2;17;17;17m▀[0m[38;2;10;10;10m[48;2;19;19;19m▀[0m                                     
                                     [38;2;11;11;11m[48;2;0;0;0m▀[0m[38;2;16;16;16m[48;2;16;16;16m▀[0m[38;2;15;15;15m[48;2;16;16;16m▀[0m[38;2;15;15;15m[48;2;17;17;17m▀[0m[38;2;0;0;0m▀[0m                                      
                                   [38;2;0;0;0m▄[0m[38;2;25;25;25m[48;2;15;15;15m▀[0m[38;2;14;14;14m[48;2;16;16;16m▀[0m[38;2;17;17;17m[48;2;17;17;17m▀[0m[38;2;15;15;15m[48;2;13;13;13m▀[0m[38;2;16;16;16m[48;2;15;15;15m▀[0m                                       
                                   [38;2;0;0;0m[48;2;0;0;0m▀[0m[38;2;16;16;16m[48;2;16;16;16m▀[0m[38;2;16;16;16m[48;2;16;16;16m▀[0m[38;2;13;13;13m[48;2;14;14;14m▀[0m                                         
                                   [38;2;0;0;0m▀[0m[38;2;16;16;16m[48;2;15;15;15m▀[0m[38;2;14;14;14m[48;2;11;11;11m▀[0m[38;2;17;17;17m[48;2;16;16;16m▀[0m[38;2;15;15;15m[48;2;15;15;15m▀[0m[38;2;0;0;0m[48;2;14;14;14m▀[0m                                       
                                      [38;2;17;17;17m[48;2;0;0;0m▀[0m[38;2;15;15;15m[48;2;13;13;13m▀[0m[38;2;15;15;15m[48;2;15;15;15m▀[0m[38;2;15;15;15m[48;2;16;16;16m▀[0m[38;2;13;13;13m▄[0m                                     
                                       [38;2;19;19;19m▀[0m[38;2;14;14;14m▀[0m[38;2;16;16;16m[48;2;16;16;16m▀[0m[38;2;14;14;14m[48;2;15;15;15m▀[0m[38;2;17;17;17m[48;2;16;16;16m▀[0m[38;2;0;0;0m[48;2;0;0;0m▀[0m                                   
                                       [38;2;0;0;0m▄[0m[38;2;0;8;0m▄[0m[38;2;15;15;15m[48;2;10;13;10m▀[0m[38;2;17;17;17m[48;2;13;14;13m▀[0m[38;2;16;16;16m[48;2;12;14;12m▀[0m[38;2;0;0;0m▀[0m                                   
                                  [38;2;183;91;173m▄[0m[38;2;191;102;187m▄[0m[38;2;199;106;195m▄[0m[38;2;191;97;182m▄[0m[38;2;191;97;182m▄[0m[38;2;0;0;0m[48;2;117;65;115m▀[0m[38;2;0;5;0m[48;2;57;35;56m▀[0m[38;2;0;6;0m[48;2;63;39;62m▀[0m[38;2;0;0;0m[48;2;180;94;176m▀[0m[38;2;0;0;0m[48;2;244;127;239m▀[0m[38;2;191;102;187m▄[0m[38;2;183;91;173m▄[0m                                  
                            [38;2;127;0;127m▄[0m[38;2;187;97;180m▄[0m[38;2;202;102;196m▄[0m[38;2;188;91;180m▄[0m[38;2;182;85;177m▄[0m[38;2;185;85;177m▄[0m[38;2;189;101;182m[48;2;201;122;197m▀[0m[38;2;193;103;186m[48;2;225;145;221m▀[0m[38;2;201;109;195m[48;2;232;150;228m▀[0m[38;2;191;102;185m[48;2;224;144;219m▀[0m[38;2;191;102;185m[48;2;224;144;219m▀[0m[38;2;186;100;179m[48;2;223;144;219m▀[0m[38;2;170;92;164m[48;2;223;143;218m▀[0m[38;2;173;93;167m[48;2;223;143;218m▀[0m[38;2;191;102;184m[48;2;223;144;219m▀[0m[38;2;203;110;197m[48;2;232;150;228m▀[0m[38;2;193;103;186m[48;2;225;145;221m▀[0m[38;2;189;101;182m[48;2;203;125;197m▀[0m[38;2;185;94;177m▄[0m[38;2;185;94;177m▄[0m[38;2;188;99;182m▄[0m[38;2;202;105;196m▄[0m[38;2;187;97;180m▄[0m[38;2;127;0;127m▄[0m                            
                         [38;2;190;103;185m▄[0m[38;2;199;106;191m▄[0m[38;2;195;97;189m▄[0m[38;2;186;107;186m[48;2;193;108;187m▀[0m[38;2;193;106;188m[48;2;209;135;206m▀[0m[38;2;207;112;201m[48;2;240;170;236m▀[0m[38;2;193;104;188m[48;2;238;189;235m▀[0m[38;2;189;100;184m[48;2;238;192;235m▀[0m[38;2;190;100;184m[48;2;238;192;234m▀[0m[38;2;213;142;210m[48;2;240;194;238m▀[0m[38;2;237;185;237m[48;2;242;195;243m▀[0m[38;2;238;189;239m[48;2;242;195;243m▀[0m[38;2;236;184;236m[48;2;242;195;242m▀[0m[38;2;236;184;236m[48;2;242;195;242m▀[0m[38;2;236;184;236m[48;2;242;195;242m▀[0m[38;2;236;184;236m[48;2;242;195;242m▀[0m[38;2;236;184;236m[48;2;242;195;242m▀[0m[38;2;236;184;236m[48;2;242;195;242m▀[0m[38;2;238;189;239m[48;2;241;196;242m▀[0m[38;2;237;185;237m[48;2;240;193;241m▀[0m[38;2;213;143;210m[48;2;233;171;231m▀[0m[38;2;191;102;184m[48;2;227;152;223m▀[0m[38;2;190;102;184m[48;2;226;152;223m▀[0m[38;2;194;106;188m[48;2;229;155;226m▀[0m[38;2;207;114;201m[48;2;237;161;234m▀[0m[38;2;193;106;188m[48;2;210;138;207m▀[0m[38;2;186;107;186m[48;2;194;108;187m▀[0m[38;2;195;97;189m▄[0m[38;2;199;106;191m▄[0m[38;2;190;103;185m▄[0m                         
                       [38;2;170;85;170m[48;2;192;102;184m▀[0m[38;2;212;127;212m[48;2;194;107;187m▀[0m[38;2;195;108;189m[48;2;203;120;198m▀[0m[38;2;204;114;198m[48;2;211;133;207m▀[0m[38;2;204;111;198m[48;2;226;153;224m▀[0m[38;2;204;121;199m[48;2;235;171;234m▀[0m[38;2;228;166;227m[48;2;241;189;241m▀[0m[38;2;244;209;245m[48;2;238;195;239m▀[0m[38;2;251;245;251m[48;2;227;191;226m▀[0m[38;2;254;255;254m[48;2;225;189;223m▀[0m[38;2;253;254;253m[48;2;225;190;225m▀[0m[38;2;245;221;245m[48;2;221;175;220m▀[0m[38;2;236;185;236m[48;2;216;157;215m▀[0m[38;2;235;183;235m[48;2;216;156;215m▀[0m[38;2;236;186;236m[48;2;217;158;215m▀[0m[38;2;236;186;236m[48;2;217;158;215m▀[0m[38;2;236;186;236m[48;2;217;158;215m▀[0m[38;2;236;186;236m[48;2;217;158;215m▀[0m[38;2;236;186;236m[48;2;216;156;215m▀[0m[38;2;236;186;236m[48;2;215;156;214m▀[0m[38;2;236;186;236m[48;2;225;171;225m▀[0m[38;2;237;187;237m[48;2;239;190;239m▀[0m[38;2;238;188;238m[48;2;242;194;242m▀[0m[38;2;238;189;238m[48;2;242;194;242m▀[0m[38;2;238;189;238m[48;2;242;195;242m▀[0m[38;2;239;190;239m[48;2;241;194;242m▀[0m[38;2;241;194;242m[48;2;240;194;241m▀[0m[38;2;229;171;228m[48;2;238;185;237m▀[0m[38;2;205;122;199m[48;2;233;168;230m▀[0m[38;2;204;111;198m[48;2;224;151;222m▀[0m[38;2;204;114;198m[48;2;211;133;207m▀[0m[38;2;195;108;189m[48;2;203;120;198m▀[0m[38;2;212;127;212m[48;2;194;107;187m▀[0m[38;2;170;85;170m[48;2;192;102;184m▀[0m                       
                       [38;2;191;103;186m[48;2;193;103;188m▀[0m[38;2;201;111;195m[48;2;196;107;190m▀[0m[38;2;217;135;212m[48;2;229;154;226m▀[0m[38;2;210;150;208m[48;2;232;180;231m▀[0m[38;2;227;174;227m[48;2;221;167;221m▀[0m[38;2;237;188;238m[48;2;213;153;211m▀[0m[38;2;237;188;237m[48;2;213;153;211m▀[0m[38;2;226;170;225m[48;2;210;148;208m▀[0m[38;2;205;140;203m[48;2;204;138;202m▀[0m[38;2;199;131;196m[48;2;202;136;200m▀[0m[38;2;201;134;199m[48;2;202;136;200m▀[0m[38;2;202;136;200m[48;2;203;137;201m▀[0m[38;2;202;138;200m[48;2;203;139;201m▀[0m[38;2;202;138;200m[48;2;203;139;201m▀[0m[38;2;202;137;200m[48;2;203;139;201m▀[0m[38;2;202;137;200m[48;2;203;139;201m▀[0m[38;2;202;137;200m[48;2;203;139;201m▀[0m[38;2;202;137;200m[48;2;203;139;201m▀[0m[38;2;201;136;199m[48;2;203;138;201m▀[0m[38;2;200;136;198m[48;2;202;138;200m▀[0m[38;2;215;155;213m[48;2;207;144;205m▀[0m[38;2;234;181;233m[48;2;212;152;211m▀[0m[38;2;235;185;235m[48;2;213;153;211m▀[0m[38;2;234;182;233m[48;2;212;152;211m▀[0m[38;2;233;182;233m[48;2;211;149;208m▀[0m[38;2;234;183;234m[48;2;216;157;214m▀[0m[38;2;236;186;236m[48;2;233;181;233m▀[0m[38;2;239;190;239m[48;2;242;194;243m▀[0m[38;2;241;194;242m[48;2;241;194;242m▀[0m[38;2;229;178;229m[48;2;238;190;239m▀[0m[38;2;210;150;208m[48;2;230;179;231m▀[0m[38;2;217;134;212m[48;2;225;148;222m▀[0m[38;2;201;111;195m[48;2;194;103;187m▀[0m[38;2;191;101;186m[48;2;183;90;175m▀[0m                       
                     [38;2;119;17;102m[48;2;109;16;101m▀[0m[38;2;119;26;109m[48;2;118;25;108m▀[0m[38;2;178;90;170m[48;2;166;79;158m▀[0m[38;2;195;113;189m[48;2;201;134;199m▀[0m[38;2;227;158;224m[48;2;212;148;210m▀[0m[38;2;232;180;232m[48;2;209;147;208m▀[0m[38;2;214;155;212m[48;2;206;143;204m▀[0m[38;2;200;134;198m[48;2;203;139;201m▀[0m[38;2;201;135;198m[48;2;203;139;201m▀[0m[38;2;202;137;200m[48;2;204;139;202m▀[0m[38;2;204;140;202m[48;2;204;140;202m▀[0m[38;2;204;140;202m[48;2;204;140;202m▀[0m[38;2;204;140;202m[48;2;204;140;202m▀[0m[38;2;204;140;202m[48;2;204;140;202m▀[0m[38;2;204;140;202m[48;2;204;140;202m▀[0m[38;2;204;140;202m[48;2;204;140;202m▀[0m[38;2;204;140;202m[48;2;204;140;202m▀[0m[38;2;204;140;202m[48;2;204;140;202m▀[0m[38;2;204;140;202m[48;2;204;140;202m▀[0m[38;2;204;140;202m[48;2;204;140;202m▀[0m[38;2;204;140;202m[48;2;204;140;202m▀[0m[38;2;204;140;202m[48;2;204;140;202m▀[0m[38;2;203;139;201m[48;2;204;140;202m▀[0m[38;2;202;137;200m[48;2;204;139;201m▀[0m[38;2;202;136;199m[48;2;203;139;201m▀[0m[38;2;202;137;200m[48;2;204;139;201m▀[0m[38;2;200;134;197m[48;2;203;139;201m▀[0m[38;2;205;142;203m[48;2;204;140;202m▀[0m[38;2;223;168;223m[48;2;207;145;206m▀[0m[38;2;231;179;232m[48;2;208;146;207m▀[0m[38;2;229;177;229m[48;2;207;144;205m▀[0m[38;2;235;185;235m[48;2;219;162;219m▀[0m[38;2;240;193;241m[48;2;238;189;238m▀[0m[38;2;233;167;231m[48;2;242;192;241m▀[0m[38;2;201;123;197m[48;2;229;174;229m▀[0m[38;2;202;116;196m[48;2;223;144;218m▀[0m[38;2;192;104;187m[48;2;192;103;186m▀[0m[38;2;187;102;187m[48;2;186;97;182m▀[0m                     
                     [38;2;111;16;101m[48;2;111;17;101m▀[0m[38;2;117;25;107m[48;2;117;24;107m▀[0m[38;2;170;81;163m[48;2;164;78;157m▀[0m[38;2;204;141;202m[48;2;203;139;201m▀[0m[38;2;207;145;206m[48;2;209;146;207m▀[0m[38;2;202;137;199m[48;2;204;140;202m▀[0m[38;2;203;139;201m[48;2;204;140;202m▀[0m[38;2;204;140;202m[48;2;204;140;202m▀[0m[38;2;204;140;202m[48;2;204;140;202m▀[0m[38;2;204;140;202m[48;2;204;140;202m▀[0m[38;2;204;140;202m[48;2;204;140;202m▀[0m[38;2;204;140;202m[48;2;204;140;202m▀[0m[38;2;204;140;202m[48;2;204;140;202m▀[0m[38;2;204;140;202m[48;2;204;140;202m▀[0m[38;2;204;140;202m[48;2;204;140;202m▀[0m[38;2;204;140;202m[48;2;204;140;202m▀[0m[38;2;204;140;202m[48;2;204;140;202m▀[0m[38;2;204;140;202m[48;2;204;140;202m▀[0m[38;2;204;140;202m[48;2;204;140;202m▀[0m[38;2;204;140;202m[48;2;204;140;202m▀[0m[38;2;204;140;202m[48;2;204;140;202m▀[0m[38;2;204;140;202m[48;2;204;140;202m▀[0m[38;2;204;140;202m[48;2;204;140;202m▀[0m[38;2;204;140;202m[48;2;204;140;202m▀[0m[38;2;204;140;202m[48;2;204;140;202m▀[0m[38;2;204;140;202m[48;2;204;140;202m▀[0m[38;2;204;140;202m[48;2;204;140;202m▀[0m[38;2;204;140;202m[48;2;204;140;202m▀[0m[38;2;202;137;200m[48;2;204;140;202m▀[0m[38;2;201;136;198m[48;2;204;140;202m▀[0m[38;2;200;134;198m[48;2;204;140;202m▀[0m[38;2;209;147;207m[48;2;204;139;201m▀[0m[38;2;224;169;223m[48;2;205;140;203m▀[0m[38;2;237;190;237m[48;2;224;170;223m▀[0m[38;2;241;194;242m[48;2;238;189;238m▀[0m[38;2;237;157;233m[48;2;228;151;224m▀[0m[38;2;192;103;184m[48;2;192;103;184m▀[0m[38;2;189;98;183m[48;2;188;97;181m▀[0m                     
                     [38;2;111;17;101m[48;2;111;17;101m▀[0m[38;2;117;25;107m[48;2;117;25;107m▀[0m[38;2;164;78;157m[48;2;164;78;157m▀[0m[38;2;203;139;201m[48;2;203;139;201m▀[0m[38;2;209;146;207m[48;2;209;146;207m▀[0m[38;2;204;140;202m[48;2;204;140;202m▀[0m[38;2;204;140;202m[48;2;204;140;202m▀[0m[38;2;204;140;202m[48;2;204;140;202m▀[0m[38;2;204;140;202m[48;2;204;140;202m▀[0m[38;2;204;140;202m[48;2;204;140;202m▀[0m[38;2;204;140;202m[48;2;204;140;202m▀[0m[38;2;204;140;202m[48;2;204;140;202m▀[0m[38;2;204;140;202m[48;2;204;140;202m▀[0m[38;2;204;140;202m[48;2;204;140;202m▀[0m[38;2;204;140;202m[48;2;204;140;202m▀[0m[38;2;204;140;202m[48;2;204;140;202m▀[0m[38;2;204;140;202m[48;2;204;140;202m▀[0m[38;2;204;140;202m[48;2;204;140;202m▀[0m[38;2;204;140;202m[48;2;204;140;202m▀[0m[38;2;204;140;202m[48;2;204;140;202m▀[0m[38;2;204;140;202m[48;2;204;140;202m▀[0m[38;2;204;140;202m[48;2;204;140;202m▀[0m[38;2;204;140;202m[48;2;204;140;202m▀[0m[38;2;204;140;202m[48;2;204;140;202m▀[0m[38;2;204;140;202m[48;2;204;140;202m▀[0m[38;2;204;140;202m[48;2;204;140;202m▀[0m[38;2;204;140;202m[48;2;204;140;202m▀[0m[38;2;204;140;202m[48;2;204;140;202m▀[0m[38;2;204;140;202m[48;2;204;140;202m▀[0m[38;2;204;140;202m[48;2;204;140;202m▀[0m[38;2;204;140;202m[48;2;204;140;202m▀[0m[38;2;203;138;200m[48;2;204;140;202m▀[0m[38;2;201;136;199m[48;2;204;140;202m▀[0m[38;2;213;154;211m[48;2;205;142;203m▀[0m[38;2;222;165;221m[48;2;204;140;202m▀[0m[38;2;220;140;216m[48;2;212;129;207m▀[0m[38;2;191;104;186m[48;2;192;105;187m▀[0m[38;2;188;101;181m[48;2;192;104;185m▀[0m                     
                     [38;2;111;16;101m[48;2;110;19;102m▀[0m[38;2;118;25;108m[48;2;117;25;108m▀[0m[38;2;172;83;165m[48;2;162;75;154m▀[0m[38;2;209;147;207m[48;2;197;130;194m▀[0m[38;2;212;150;210m[48;2;206;142;204m▀[0m[38;2;204;140;202m[48;2;204;140;202m▀[0m[38;2;204;140;202m[48;2;204;141;202m▀[0m[38;2;204;140;202m[48;2;204;140;202m▀[0m[38;2;204;140;202m[48;2;204;140;202m▀[0m[38;2;204;140;202m[48;2;204;140;202m▀[0m[38;2;204;140;202m[48;2;204;140;202m▀[0m[38;2;204;140;202m[48;2;204;140;202m▀[0m[38;2;204;140;202m[48;2;204;140;202m▀[0m[38;2;204;140;202m[48;2;204;140;202m▀[0m[38;2;204;140;202m[48;2;204;140;202m▀[0m[38;2;204;140;202m[48;2;204;140;202m▀[0m[38;2;204;140;202m[48;2;204;140;202m▀[0m[38;2;204;140;202m[48;2;204;140;202m▀[0m[38;2;204;140;202m[48;2;204;140;202m▀[0m[38;2;204;140;202m[48;2;204;140;202m▀[0m[38;2;204;140;202m[48;2;204;140;202m▀[0m[38;2;204;140;202m[48;2;204;140;202m▀[0m[38;2;204;140;202m[48;2;204;140;202m▀[0m[38;2;204;140;202m[48;2;204;140;202m▀[0m[38;2;204;140;202m[48;2;204;140;202m▀[0m[38;2;204;140;202m[48;2;204;140;202m▀[0m[38;2;204;140;202m[48;2;204;140;202m▀[0m[38;2;204;140;202m[48;2;204;140;202m▀[0m[38;2;204;140;202m[48;2;204;140;202m▀[0m[38;2;204;140;202m[48;2;204;140;202m▀[0m[38;2;204;140;202m[48;2;204;140;202m▀[0m[38;2;204;140;202m[48;2;204;140;202m▀[0m[38;2;204;140;202m[48;2;204;140;202m▀[0m[38;2;204;141;202m[48;2;206;141;203m▀[0m[38;2;203;140;201m[48;2;203;137;201m▀[0m[38;2;221;134;215m[48;2;211;128;206m▀[0m[38;2;192;106;187m[48;2;193;106;187m▀[0m[38;2;192;104;186m[48;2;190;102;186m▀[0m                     
                     [38;2;109;12;97m▀[0m[38;2;115;23;108m▀[0m[38;2;142;46;133m[48;2;77;2;69m▀[0m[38;2;151;61;144m[48;2;94;19;86m▀[0m[38;2;188;109;183m[48;2;161;83;155m▀[0m[38;2;207;144;205m[48;2;210;139;207m▀[0m[38;2;207;144;205m[48;2;211;145;209m▀[0m[38;2;204;140;202m[48;2;206;142;204m▀[0m[38;2;204;140;202m[48;2;204;141;202m▀[0m[38;2;204;140;202m[48;2;204;140;202m▀[0m[38;2;204;140;202m[48;2;204;140;202m▀[0m[38;2;204;140;202m[48;2;204;140;202m▀[0m[38;2;204;140;202m[48;2;204;140;202m▀[0m[38;2;204;140;202m[48;2;204;140;202m▀[0m[38;2;204;140;202m[48;2;204;140;202m▀[0m[38;2;204;140;202m[48;2;204;140;202m▀[0m[38;2;204;140;202m[48;2;204;140;202m▀[0m[38;2;204;140;202m[48;2;204;140;202m▀[0m[38;2;204;140;202m[48;2;204;140;202m▀[0m[38;2;204;140;202m[48;2;204;140;202m▀[0m[38;2;204;140;202m[48;2;204;140;202m▀[0m[38;2;204;140;202m[48;2;204;140;202m▀[0m[38;2;204;140;202m[48;2;204;140;202m▀[0m[38;2;204;140;202m[48;2;204;140;202m▀[0m[38;2;204;140;202m[48;2;204;140;202m▀[0m[38;2;204;140;202m[48;2;204;140;202m▀[0m[38;2;204;140;202m[48;2;204;140;202m▀[0m[38;2;204;140;202m[48;2;204;140;202m▀[0m[38;2;204;140;202m[48;2;204;140;202m▀[0m[38;2;204;140;202m[48;2;204;140;202m▀[0m[38;2;204;140;202m[48;2;204;140;202m▀[0m[38;2;204;141;203m[48;2;204;142;204m▀[0m[38;2;204;141;202m[48;2;206;143;204m▀[0m[38;2;209;134;206m[48;2;215;133;210m▀[0m[38;2;196;116;191m[48;2;194;106;188m▀[0m[38;2;201;116;196m[48;2;185;98;183m▀[0m[38;2;193;104;189m▀[0m[38;2;194;97;182m▀[0m                     
                       [38;2;11;4;11m[48;2;0;3;0m▀[0m[38;2;31;16;29m[48;2;2;13;4m▀[0m[38;2;128;71;123m[48;2;84;51;80m▀[0m[38;2;213;124;207m[48;2;146;82;142m▀[0m[38;2;217;143;214m[48;2;172;99;168m▀[0m[38;2;209;148;208m[48;2;190;115;185m▀[0m[38;2;205;143;203m[48;2;203;137;200m▀[0m[38;2;204;139;202m[48;2;209;147;207m▀[0m[38;2;204;140;202m[48;2;208;145;206m▀[0m[38;2;204;140;202m[48;2;206;143;204m▀[0m[38;2;204;140;202m[48;2;204;140;202m▀[0m[38;2;204;140;202m[48;2;204;140;202m▀[0m[38;2;204;140;202m[48;2;204;140;202m▀[0m[38;2;204;140;202m[48;2;204;140;202m▀[0m[38;2;204;140;202m[48;2;204;140;202m▀[0m[38;2;204;140;202m[48;2;204;140;202m▀[0m[38;2;204;140;202m[48;2;204;140;202m▀[0m[38;2;204;140;202m[48;2;204;140;202m▀[0m[38;2;204;140;202m[48;2;204;140;202m▀[0m[38;2;204;140;202m[48;2;204;140;202m▀[0m[38;2;204;140;202m[48;2;204;140;202m▀[0m[38;2;204;140;202m[48;2;204;140;202m▀[0m[38;2;204;140;202m[48;2;204;140;202m▀[0m[38;2;204;140;202m[48;2;204;140;202m▀[0m[38;2;204;140;202m[48;2;204;140;202m▀[0m[38;2;204;140;202m[48;2;204;141;202m▀[0m[38;2;204;140;202m[48;2;206;143;205m▀[0m[38;2;204;140;202m[48;2;208;145;206m▀[0m[38;2;204;140;202m[48;2;209;146;207m▀[0m[38;2;206;143;205m[48;2;201;133;199m▀[0m[38;2;209;148;207m[48;2;186;111;182m▀[0m[38;2;221;139;217m[48;2;190;108;185m▀[0m[38;2;203;112;197m[48;2;194;107;186m▀[0m[38;2;191;101;186m[48;2;192;101;185m▀[0m                       
                       [38;2;0;0;0m▀[0m[38;2;0;14;0m▀[0m[38;2;17;20;15m[48;2;0;3;0m▀[0m[38;2;35;24;34m[48;2;0;5;0m▀[0m[38;2;93;28;87m[48;2;64;5;57m▀[0m[38;2;149;55;140m[48;2;130;34;119m▀[0m[38;2;193;121;190m[48;2;161;79;155m▀[0m[38;2;213;153;211m[48;2;183;100;177m▀[0m[38;2;209;146;207m[48;2;175;93;169m▀[0m[38;2;206;143;205m[48;2;189;113;185m▀[0m[38;2;204;140;202m[48;2;212;144;210m▀[0m[38;2;204;140;202m[48;2;217;150;215m▀[0m[38;2;204;140;202m[48;2;214;147;212m▀[0m[38;2;204;140;202m[48;2;214;147;212m▀[0m[38;2;204;140;202m[48;2;214;147;212m▀[0m[38;2;204;140;202m[48;2;214;147;212m▀[0m[38;2;204;140;202m[48;2;214;147;212m▀[0m[38;2;204;140;202m[48;2;214;147;212m▀[0m[38;2;204;140;202m[48;2;214;147;212m▀[0m[38;2;204;140;202m[48;2;214;147;212m▀[0m[38;2;204;140;202m[48;2;214;147;212m▀[0m[38;2;204;140;202m[48;2;214;147;212m▀[0m[38;2;204;140;202m[48;2;214;147;212m▀[0m[38;2;204;140;202m[48;2;214;147;212m▀[0m[38;2;204;140;202m[48;2;217;151;215m▀[0m[38;2;204;141;202m[48;2;209;140;207m▀[0m[38;2;207;144;205m[48;2;184;107;179m▀[0m[38;2;210;148;208m[48;2;175;93;170m▀[0m[38;2;212;151;210m[48;2;182;99;176m▀[0m[38;2;187;110;182m[48;2;157;75;151m▀[0m[38;2;141;46;132m[48;2;121;23;111m▀[0m[38;2;123;30;114m[48;2;85;0;73m▀[0m[38;2;198;113;184m▀[0m[38;2;218;109;182m▀[0m                       
                          [38;2;0;0;0m▀[0m[38;2;0;0;0m▀[0m[38;2;120;30;105m[48;2;0;0;0m▀[0m[38;2;121;31;112m[48;2;110;15;101m▀[0m[38;2;129;30;119m[48;2;120;14;108m▀[0m[38;2;119;25;109m[48;2;110;5;102m▀[0m[38;2;150;69;144m[48;2;100;45;100m▀[0m[38;2;200;135;198m[48;2;92;67;93m▀[0m[38;2;209;147;208m[48;2;95;72;97m▀[0m[38;2;204;140;202m[48;2;92;68;93m▀[0m[38;2;204;140;202m[48;2;92;68;93m▀[0m[38;2;204;140;202m[48;2;92;68;93m▀[0m[38;2;204;140;202m[48;2;92;68;93m▀[0m[38;2;204;140;202m[48;2;92;68;93m▀[0m[38;2;204;140;202m[48;2;92;68;93m▀[0m[38;2;204;140;202m[48;2;92;68;93m▀[0m[38;2;204;140;202m[48;2;92;68;93m▀[0m[38;2;204;140;202m[48;2;92;69;93m▀[0m[38;2;204;140;202m[48;2;93;69;94m▀[0m[38;2;204;140;202m[48;2;97;70;97m▀[0m[38;2;204;140;202m[48;2;100;72;99m▀[0m[38;2;210;148;209m[48;2;103;76;103m▀[0m[38;2;193;126;191m[48;2;94;63;93m▀[0m[38;2;141;56;133m[48;2;104;37;97m▀[0m[38;2;119;24;110m[48;2;107;9;97m▀[0m[38;2;128;31;119m[48;2;118;15;107m▀[0m[38;2;121;30;112m[48;2;108;15;101m▀[0m[38;2;117;19;98m▀[0m                          
                              [38;2;47;31;15m▄[0m[38;2;0;63;0m[48;2;88;34;61m▀[0m[38;2;19;16;13m[48;2;89;36;63m▀[0m[38;2;13;12;12m[48;2;73;32;52m▀[0m[38;2;15;14;13m[48;2;73;33;53m▀[0m[38;2;14;13;12m[48;2;72;32;52m▀[0m[38;2;14;13;12m[48;2;72;32;52m▀[0m[38;2;14;13;12m[48;2;72;32;52m▀[0m[38;2;14;13;12m[48;2;72;32;52m▀[0m[38;2;14;13;12m[48;2;72;32;52m▀[0m[38;2;14;13;12m[48;2;72;32;52m▀[0m[38;2;14;13;12m[48;2;72;32;52m▀[0m[38;2;14;13;13m[48;2;73;32;53m▀[0m[38;2;14;13;12m[48;2;71;30;51m▀[0m[38;2;13;12;12m[48;2;62;25;44m▀[0m[38;2;10;11;9m[48;2;38;15;26m▀[0m[38;2;7;10;7m[48;2;0;0;0m▀[0m[38;2;8;10;8m[48;2;0;0;0m▀[0m[38;2;7;9;7m[48;2;0;0;0m▀[0m[38;2;0;10;0m[48;2;0;0;0m▀[0m                              
                            [38;2;102;51;51m[48;2;94;28;56m▀[0m[38;2;90;32;65m[48;2;91;35;66m▀[0m[38;2;97;37;70m[48;2;102;40;74m▀[0m[38;2;94;36;68m[48;2;104;43;75m▀[0m[38;2;113;45;81m[48;2;111;47;81m▀[0m[38;2;114;48;83m[48;2;110;47;80m▀[0m[38;2;115;49;84m[48;2;110;47;81m▀[0m[38;2;114;48;83m[48;2;110;47;80m▀[0m[38;2;114;48;83m[48;2;110;47;80m▀[0m[38;2;114;48;83m[48;2;110;47;80m▀[0m[38;2;114;48;83m[48;2;110;47;80m▀[0m[38;2;114;48;83m[48;2;110;47;80m▀[0m[38;2;114;48;83m[48;2;110;47;80m▀[0m[38;2;114;48;83m[48;2;110;47;80m▀[0m[38;2;115;48;84m[48;2;110;47;81m▀[0m[38;2;113;46;82m[48;2;111;47;81m▀[0m[38;2;102;40;73m[48;2;107;45;78m▀[0m[38;2;105;38;74m[48;2;107;42;76m▀[0m[38;2;150;46;104m[48;2;93;34;67m▀[0m[38;2;94;33;70m▄[0m                                
                            [38;2;91;27;54m[48;2;92;23;57m▀[0m[38;2;91;34;66m[48;2;91;34;65m▀[0m[38;2;110;43;79m[48;2;104;41;75m▀[0m[38;2;109;46;79m[48;2;107;45;78m▀[0m[38;2;109;47;80m[48;2;109;47;80m▀[0m[38;2;108;46;79m[48;2;108;46;79m▀[0m[38;2;108;46;79m[48;2;108;46;79m▀[0m[38;2;108;46;79m[48;2;108;46;79m▀[0m[38;2;108;46;79m[48;2;108;46;79m▀[0m[38;2;108;46;79m[48;2;108;46;79m▀[0m[38;2;108;46;79m[48;2;108;46;79m▀[0m[38;2;108;46;79m[48;2;108;46;79m▀[0m[38;2;108;46;79m[48;2;108;46;79m▀[0m[38;2;108;46;79m[48;2;108;46;79m▀[0m[38;2;108;46;79m[48;2;108;46;79m▀[0m[38;2;109;47;80m[48;2;108;46;79m▀[0m[38;2;109;47;80m[48;2;108;46;79m▀[0m[38;2;112;46;81m[48;2;109;47;80m▀[0m[38;2;101;40;73m[48;2;107;45;78m▀[0m[38;2;98;38;71m[48;2;105;41;75m▀[0m[38;2;90;34;64m[48;2;91;34;66m▀[0m[38;2;85;28;56m[48;2;86;34;63m▀[0m                              
                          [38;2;85;28;56m▄[0m[38;2;90;32;65m[48;2;92;34;65m▀[0m[38;2;100;37;71m[48;2;101;38;72m▀[0m[38;2;98;39;71m[48;2;106;45;78m▀[0m[38;2;106;43;77m[48;2;109;47;80m▀[0m[38;2;107;45;78m[48;2;108;46;79m▀[0m[38;2;109;47;80m[48;2;108;46;79m▀[0m[38;2;108;46;79m[48;2;108;46;79m▀[0m[38;2;108;46;79m[48;2;108;46;79m▀[0m[38;2;108;46;79m[48;2;108;46;79m▀[0m[38;2;108;46;79m[48;2;108;46;79m▀[0m[38;2;108;46;79m[48;2;108;46;79m▀[0m[38;2;108;46;79m[48;2;108;46;79m▀[0m[38;2;108;46;79m[48;2;108;46;79m▀[0m[38;2;108;46;79m[48;2;108;46;79m▀[0m[38;2;108;46;79m[48;2;108;46;79m▀[0m[38;2;108;46;79m[48;2;108;46;79m▀[0m[38;2;108;46;79m[48;2;108;46;79m▀[0m[38;2;108;46;79m[48;2;108;46;79m▀[0m[38;2;109;47;80m[48;2;108;46;79m▀[0m[38;2;109;47;80m[48;2;108;46;79m▀[0m[38;2;113;46;81m[48;2;109;47;80m▀[0m[38;2;98;39;71m[48;2;107;45;78m▀[0m[38;2;97;36;68m[48;2;103;40;74m▀[0m[38;2;85;30;61m[48;2;91;34;65m▀[0m[38;2;0;0;0m[48;2;93;25;59m▀[0m                            
                       [38;2;102;51;51m▄[0m[38;2;85;42;63m▄[0m[38;2;83;27;59m[48;2;98;38;70m▀[0m[38;2;89;32;64m[48;2;103;40;73m▀[0m[38;2;93;35;66m[48;2;99;38;71m▀[0m[38;2;104;40;75m[48;2;96;37;69m▀[0m[38;2;108;46;79m[48;2;105;44;76m▀[0m[38;2;109;47;80m[48;2;109;47;80m▀[0m[38;2;108;46;79m[48;2;108;46;79m▀[0m[38;2;108;46;79m[48;2;108;46;79m▀[0m[38;2;108;46;79m[48;2;108;46;79m▀[0m[38;2;108;46;79m[48;2;108;46;79m▀[0m[38;2;108;46;79m[48;2;108;46;79m▀[0m[38;2;108;46;79m[48;2;108;46;79m▀[0m[38;2;108;46;79m[48;2;108;46;79m▀[0m[38;2;108;46;79m[48;2;108;46;79m▀[0m[38;2;108;46;79m[48;2;108;46;79m▀[0m[38;2;108;46;79m[48;2;108;46;79m▀[0m[38;2;108;46;79m[48;2;108;46;79m▀[0m[38;2;108;46;79m[48;2;108;46;79m▀[0m[38;2;108;46;79m[48;2;108;46;79m▀[0m[38;2;108;46;79m[48;2;108;46;79m▀[0m[38;2;108;46;79m[48;2;108;46;79m▀[0m[38;2;108;46;79m[48;2;108;46;79m▀[0m[38;2;107;46;79m[48;2;105;44;77m▀[0m[38;2;112;48;82m[48;2;114;50;84m▀[0m[38;2;130;60;96m[48;2;144;73;108m▀[0m[38;2;119;54;87m[48;2;144;72;107m▀[0m[38;2;100;38;71m[48;2;112;47;81m▀[0m[38;2;79;24;55m[48;2;90;34;64m▀[0m[38;2;85;42;63m▄[0m[38;2;85;42;42m▄[0m                         
                       [38;2;81;29;59m[48;2;87;33;63m▀[0m[38;2;92;33;66m[48;2;99;38;71m▀[0m[38;2;125;57;91m[48;2;133;62;98m▀[0m[38;2;138;66;102m[48;2;143;72;107m▀[0m[38;2;111;48;80m[48;2;114;51;83m▀[0m[38;2;93;35;66m[48;2;95;37;68m▀[0m[38;2;103;43;75m[48;2;104;43;75m▀[0m[38;2;109;47;80m[48;2;109;47;80m▀[0m[38;2;108;46;79m[48;2;108;46;79m▀[0m[38;2;108;46;79m[48;2;108;46;79m▀[0m[38;2;108;46;79m[48;2;108;46;79m▀[0m[38;2;108;46;79m[48;2;108;46;79m▀[0m[38;2;108;46;79m[48;2;108;46;79m▀[0m[38;2;108;46;79m[48;2;108;46;79m▀[0m[38;2;108;46;79m[48;2;108;46;79m▀[0m[38;2;108;46;79m[48;2;108;46;79m▀[0m[38;2;108;46;79m[48;2;108;46;79m▀[0m[38;2;108;46;79m[48;2;108;46;79m▀[0m[38;2;108;46;79m[48;2;108;46;79m▀[0m[38;2;108;46;79m[48;2;108;46;79m▀[0m[38;2;108;46;79m[48;2;108;46;79m▀[0m[38;2;108;46;79m[48;2;108;46;79m▀[0m[38;2;108;46;79m[48;2;108;46;79m▀[0m[38;2;108;46;79m[48;2;108;46;79m▀[0m[38;2;105;44;77m[48;2;105;44;77m▀[0m[38;2;114;51;84m[48;2;112;49;82m▀[0m[38;2;145;73;108m[48;2;134;65;100m▀[0m[38;2;154;80;116m[48;2;148;76;112m▀[0m[38;2;141;69;105m[48;2;154;81;116m▀[0m[38;2;119;53;87m[48;2;141;69;105m▀[0m[38;2;92;35;66m[48;2;112;46;81m▀[0m[38;2;76;25;54m[48;2;95;38;68m▀[0m[38;2;90;37;67m▄[0m[38;2;85;21;63m▄[0m                       
                     [38;2;78;19;58m▄[0m[38;2;89;31;62m▄[0m[38;2;100;39;74m[48;2;119;52;88m▀[0m[38;2;103;42;75m[48;2;120;55;88m▀[0m[38;2;113;47;82m[48;2;109;45;79m▀[0m[38;2;107;46;78m[48;2;89;33;63m▀[0m[38;2;106;44;76m[48;2;101;41;73m▀[0m[38;2;105;44;77m[48;2;110;48;81m▀[0m[38;2;107;45;78m[48;2;108;46;79m▀[0m[38;2;108;46;79m[48;2;108;46;79m▀[0m[38;2;108;46;79m[48;2;108;46;79m▀[0m[38;2;108;46;79m[48;2;108;46;79m▀[0m[38;2;108;46;79m[48;2;108;46;79m▀[0m[38;2;108;46;79m[48;2;108;46;79m▀[0m[38;2;108;46;79m[48;2;108;46;79m▀[0m[38;2;108;46;79m[48;2;108;46;79m▀[0m[38;2;108;46;79m[48;2;108;46;79m▀[0m[38;2;108;46;79m[48;2;108;46;79m▀[0m[38;2;108;46;79m[48;2;108;46;79m▀[0m[38;2;108;46;79m[48;2;108;46;79m▀[0m[38;2;108;46;79m[48;2;108;46;79m▀[0m[38;2;108;46;79m[48;2;108;46;79m▀[0m[38;2;108;46;79m[48;2;108;46;79m▀[0m[38;2;108;46;79m[48;2;108;46;79m▀[0m[38;2;108;46;79m[48;2;108;46;79m▀[0m[38;2;108;46;79m[48;2;108;46;79m▀[0m[38;2;107;46;79m[48;2;108;46;79m▀[0m[38;2;108;47;80m[48;2;107;46;79m▀[0m[38;2;112;49;83m[48;2;104;43;76m▀[0m[38;2;126;59;93m[48;2;112;49;82m▀[0m[38;2;149;76;112m[48;2;133;65;99m▀[0m[38;2;153;79;115m[48;2;147;76;110m▀[0m[38;2;142;70;105m[48;2;153;80;115m▀[0m[38;2;122;54;89m[48;2;135;63;99m▀[0m[38;2;91;34;66m[48;2;101;39;73m▀[0m[38;2;80;29;58m[48;2;92;34;66m▀[0m[38;2;93;35;67m▄[0m[38;2;85;28;70m▄[0m                     
                   [38;2;90;30;60m▄[0m[38;2;91;35;65m▄[0m[38;2;83;27;60m[48;2;98;36;70m▀[0m[38;2;90;33;63m[48;2;97;37;69m▀[0m[38;2;125;57;92m[48;2;121;53;89m▀[0m[38;2;147;75;110m[48;2;131;63;97m▀[0m[38;2;121;55;88m[48;2;116;51;84m▀[0m[38;2;92;34;65m[48;2;98;39;71m▀[0m[38;2;101;41;73m[48;2;104;43;76m▀[0m[38;2;109;47;80m[48;2;109;47;80m▀[0m[38;2;108;46;79m[48;2;108;46;79m▀[0m[38;2;108;46;79m[48;2;108;46;79m▀[0m[38;2;108;46;79m[48;2;108;46;79m▀[0m[38;2;108;46;79m[48;2;108;46;79m▀[0m[38;2;108;46;79m[48;2;108;46;79m▀[0m[38;2;108;46;79m[48;2;108;46;79m▀[0m[38;2;108;46;79m[48;2;108;46;79m▀[0m[38;2;108;46;79m[48;2;108;46;79m▀[0m[38;2;108;46;79m[48;2;108;46;79m▀[0m[38;2;108;46;79m[48;2;108;46;79m▀[0m[38;2;108;46;79m[48;2;108;46;79m▀[0m[38;2;108;46;79m[48;2;108;46;79m▀[0m[38;2;108;46;79m[48;2;108;46;79m▀[0m[38;2;108;46;79m[48;2;108;46;79m▀[0m[38;2;108;46;79m[48;2;108;46;79m▀[0m[38;2;108;46;79m[48;2;108;46;79m▀[0m[38;2;108;46;79m[48;2;108;46;79m▀[0m[38;2;108;46;79m[48;2;108;46;79m▀[0m[38;2;108;46;79m[48;2;108;46;79m▀[0m[38;2;108;46;79m[48;2;107;46;78m▀[0m[38;2;108;46;79m[48;2;104;43;75m▀[0m[38;2;108;46;79m[48;2;102;41;74m▀[0m[38;2;110;47;80m[48;2;102;42;74m▀[0m[38;2;128;61;94m[48;2;122;57;90m▀[0m[38;2;148;77;112m[48;2;148;77;112m▀[0m[38;2;132;63;98m[48;2;142;71;107m▀[0m[38;2;104;43;76m[48;2;123;57;91m▀[0m[38;2;102;39;73m[48;2;115;47;83m▀[0m[38;2;91;34;66m[48;2;89;32;63m▀[0m[38;2;90;35;66m[48;2;83;29;61m▀[0m                     
                   [38;2;92;34;69m[48;2;80;29;58m▀[0m[38;2;92;35;65m[48;2;86;31;61m▀[0m[38;2;104;41;75m[48;2;115;48;84m▀[0m[38;2;106;45;78m[48;2;132;64;98m▀[0m[38;2;103;42;74m[48;2;117;53;86m▀[0m[38;2;96;37;68m[48;2;90;33;64m▀[0m[38;2;102;42;74m[48;2;98;39;70m▀[0m[38;2;108;46;79m[48;2;109;47;80m▀[0m[38;2;109;46;80m[48;2;110;46;81m▀[0m[38;2;108;46;79m[48;2;108;46;79m▀[0m[38;2;108;46;79m[48;2;108;46;79m▀[0m[38;2;108;46;79m[48;2;108;46;79m▀[0m[38;2;108;46;79m[48;2;108;46;79m▀[0m[38;2;108;46;79m[48;2;108;46;79m▀[0m[38;2;108;46;79m[48;2;108;46;79m▀[0m[38;2;108;46;79m[48;2;108;46;79m▀[0m[38;2;108;46;79m[48;2;108;46;79m▀[0m[38;2;108;46;79m[48;2;108;46;79m▀[0m[38;2;108;46;79m[48;2;108;46;79m▀[0m[38;2;108;46;79m[48;2;108;46;79m▀[0m[38;2;108;46;79m[48;2;108;46;79m▀[0m[38;2;108;46;79m[48;2;108;46;79m▀[0m[38;2;108;46;79m[48;2;108;46;79m▀[0m[38;2;108;46;79m[48;2;108;46;79m▀[0m[38;2;108;46;79m[48;2;108;46;79m▀[0m[38;2;108;46;79m[48;2;108;46;79m▀[0m[38;2;108;46;79m[48;2;108;46;79m▀[0m[38;2;108;46;79m[48;2;108;46;79m▀[0m[38;2;109;47;80m[48;2;109;47;80m▀[0m[38;2;106;45;77m[48;2;106;45;77m▀[0m[38;2;96;38;69m[48;2;94;37;68m▀[0m[38;2;95;37;68m[48;2;94;37;67m▀[0m[38;2;104;43;75m[48;2;106;44;76m▀[0m[38;2;123;57;91m[48;2;116;51;85m▀[0m[38;2;147;76;111m[48;2;127;60;94m▀[0m[38;2;154;80;116m[48;2;142;71;106m▀[0m[38;2;146;74;109m[48;2;150;77;113m▀[0m[38;2;122;54;89m[48;2;140;68;104m▀[0m[38;2;90;32;63m[48;2;118;54;86m▀[0m[38;2;85;29;59m[48;2;108;45;79m▀[0m[38;2;87;32;62m▄[0m[38;2;85;28;56m▄[0m                   
                  [38;2;102;51;51m[48;2;78;25;55m▀[0m[38;2;95;35;65m[48;2;105;41;74m▀[0m[38;2;91;33;65m[48;2;128;61;94m▀[0m[38;2;119;53;87m[48;2;133;64;98m▀[0m[38;2;146;75;110m[48;2;118;54;86m▀[0m[38;2;129;62;96m[48;2;109;47;80m▀[0m[38;2;95;36;67m[48;2;103;42;75m▀[0m[38;2;98;39;71m[48;2;105;44;77m▀[0m[38;2;108;46;79m[48;2;108;46;79m▀[0m[38;2;109;46;80m[48;2;108;46;79m▀[0m[38;2;108;46;79m[48;2;108;46;79m▀[0m[38;2;108;46;79m[48;2;108;46;79m▀[0m[38;2;108;46;79m[48;2;108;46;79m▀[0m[38;2;108;46;79m[48;2;108;46;79m▀[0m[38;2;108;46;79m[48;2;108;46;79m▀[0m[38;2;108;46;79m[48;2;108;46;79m▀[0m[38;2;108;46;79m[48;2;108;46;79m▀[0m[38;2;108;46;79m[48;2;108;46;79m▀[0m[38;2;108;46;79m[48;2;108;46;79m▀[0m[38;2;108;46;79m[48;2;108;46;79m▀[0m[38;2;108;46;79m[48;2;108;46;79m▀[0m[38;2;108;46;79m[48;2;108;46;79m▀[0m[38;2;108;46;79m[48;2;108;46;79m▀[0m[38;2;108;46;79m[48;2;108;46;79m▀[0m[38;2;108;46;79m[48;2;108;46;79m▀[0m[38;2;108;46;79m[48;2;108;46;79m▀[0m[38;2;108;46;79m[48;2;108;46;79m▀[0m[38;2;108;46;79m[48;2;108;46;79m▀[0m[38;2;108;46;79m[48;2;108;46;79m▀[0m[38;2;109;47;80m[48;2;108;46;79m▀[0m[38;2;106;45;77m[48;2;107;46;78m▀[0m[38;2;96;38;69m[48;2;104;44;76m▀[0m[38;2;96;38;69m[48;2;101;41;73m▀[0m[38;2;106;45;77m[48;2;99;40;71m▀[0m[38;2;106;44;77m[48;2;99;39;72m▀[0m[38;2;106;44;77m[48;2;104;44;76m▀[0m[38;2;126;60;94m[48;2;128;61;95m▀[0m[38;2;148;76;111m[48;2;151;78;113m▀[0m[38;2;155;81;117m[48;2;156;82;118m▀[0m[38;2;145;74;109m[48;2;147;75;110m▀[0m[38;2;118;51;87m[48;2;121;53;89m▀[0m[38;2;90;33;63m[48;2;97;37;68m▀[0m[38;2;93;34;63m[48;2;99;38;70m▀[0m[38;2;85;42;42m[48;2;93;35;66m▀[0m[38;2;0;0;0m[48;2;98;39;78m▀[0m                 
               [38;2;127;0;127m▄[0m[38;2;90;30;60m[48;2;87;31;62m▀[0m[38;2;98;36;67m[48;2;103;41;73m▀[0m[38;2;95;38;68m[48;2;131;62;96m▀[0m[38;2;121;52;87m[48;2;142;70;106m▀[0m[38;2;145;72;108m[48;2;126;59;93m▀[0m[38;2;133;65;99m[48;2;110;48;80m▀[0m[38;2;95;37;67m[48;2;93;36;67m▀[0m[38;2;94;36;68m[48;2;97;38;70m▀[0m[38;2;109;47;80m[48;2;108;46;79m▀[0m[38;2;110;47;81m[48;2;109;47;80m▀[0m[38;2;108;46;79m[48;2;108;46;79m▀[0m[38;2;108;46;79m[48;2;108;46;79m▀[0m[38;2;108;46;79m[48;2;108;46;79m▀[0m[38;2;108;46;79m[48;2;108;46;79m▀[0m[38;2;108;46;79m[48;2;108;46;79m▀[0m[38;2;108;46;79m[48;2;108;46;79m▀[0m[38;2;108;46;79m[48;2;108;46;79m▀[0m[38;2;108;46;79m[48;2;108;46;79m▀[0m[38;2;108;46;79m[48;2;108;46;79m▀[0m[38;2;108;46;79m[48;2;108;46;79m▀[0m[38;2;108;46;79m[48;2;108;46;79m▀[0m[38;2;108;46;79m[48;2;108;46;79m▀[0m[38;2;108;46;79m[48;2;108;46;79m▀[0m[38;2;108;46;79m[48;2;108;46;79m▀[0m[38;2;108;46;79m[48;2;108;46;79m▀[0m[38;2;108;46;79m[48;2;108;46;79m▀[0m[38;2;108;46;79m[48;2;108;46;79m▀[0m[38;2;108;46;79m[48;2;108;46;79m▀[0m[38;2;108;46;79m[48;2;108;46;79m▀[0m[38;2;108;46;79m[48;2;108;46;79m▀[0m[38;2;108;46;79m[48;2;108;46;79m▀[0m[38;2;108;46;79m[48;2;108;46;79m▀[0m[38;2;108;46;79m[48;2;108;46;79m▀[0m[38;2;110;48;81m[48;2;109;47;80m▀[0m[38;2;104;43;76m[48;2;104;43;76m▀[0m[38;2;94;37;67m[48;2;95;37;68m▀[0m[38;2;96;37;69m[48;2;97;38;69m▀[0m[38;2;106;45;77m[48;2;107;46;78m▀[0m[38;2;126;59;93m[48;2;112;49;82m▀[0m[38;2;144;73;107m[48;2;119;53;87m▀[0m[38;2;151;78;113m[48;2;137;68;102m▀[0m[38;2;146;75;109m[48;2;149;77;112m▀[0m[38;2;125;58;92m[48;2;146;74;109m▀[0m[38;2;111;47;81m[48;2;132;63;98m▀[0m[38;2;107;42;77m[48;2;108;43;77m▀[0m[38;2;92;34;65m[48;2;84;29;60m▀[0m[38;2;89;38;63m[48;2;51;0;0m▀[0m                 
                [38;2;88;32;62m[48;2;90;34;64m▀[0m[38;2;109;43;78m[48;2;101;39;72m▀[0m[38;2;137;66;102m[48;2;112;48;82m▀[0m[38;2;140;70;105m[48;2;115;51;85m▀[0m[38;2;114;51;83m[48;2;111;48;81m▀[0m[38;2;99;40;72m[48;2;103;43;75m▀[0m[38;2;94;36;67m[48;2;94;35;66m▀[0m[38;2;99;39;71m[48;2;98;39;70m▀[0m[38;2;108;46;79m[48;2;108;46;79m▀[0m[38;2;109;47;80m[48;2;109;47;80m▀[0m[38;2;108;46;79m[48;2;108;46;79m▀[0m[38;2;108;46;79m[48;2;108;46;79m▀[0m[38;2;108;46;79m[48;2;108;46;79m▀[0m[38;2;108;46;79m[48;2;108;46;79m▀[0m[38;2;108;46;79m[48;2;108;46;79m▀[0m[38;2;108;46;79m[48;2;108;46;79m▀[0m[38;2;108;46;79m[48;2;108;46;79m▀[0m[38;2;108;46;79m[48;2;108;46;79m▀[0m[38;2;108;46;79m[48;2;108;46;79m▀[0m[38;2;108;46;79m[48;2;108;46;79m▀[0m[38;2;108;46;79m[48;2;108;46;79m▀[0m[38;2;108;46;79m[48;2;108;46;79m▀[0m[38;2;108;46;79m[48;2;108;46;79m▀[0m[38;2;108;46;79m[48;2;108;46;79m▀[0m[38;2;108;46;79m[48;2;108;46;79m▀[0m[38;2;108;46;79m[48;2;108;46;79m▀[0m[38;2;108;46;79m[48;2;108;46;79m▀[0m[38;2;108;46;79m[48;2;108;46;79m▀[0m[38;2;108;46;79m[48;2;108;46;79m▀[0m[38;2;108;46;79m[48;2;108;46;79m▀[0m[38;2;108;46;79m[48;2;108;46;79m▀[0m[38;2;108;46;79m[48;2;108;46;79m▀[0m[38;2;108;46;79m[48;2;108;46;79m▀[0m[38;2;109;47;80m[48;2;109;47;80m▀[0m[38;2;104;43;76m[48;2;104;43;76m▀[0m[38;2;95;37;68m[48;2;94;36;67m▀[0m[38;2;99;39;70m[48;2;100;39;71m▀[0m[38;2;109;47;80m[48;2;113;48;82m▀[0m[38;2;107;44;78m[48;2;110;46;80m▀[0m[38;2;106;44;77m[48;2;108;46;79m▀[0m[38;2;131;63;97m[48;2;133;65;99m▀[0m[38;2;151;79;114m[48;2;152;79;115m▀[0m[38;2;155;81;116m[48;2;151;78;113m▀[0m[38;2;144;73;109m[48;2;148;76;111m▀[0m[38;2;120;54;87m[48;2;146;75;109m▀[0m[38;2;101;41;73m[48;2;131;62;96m▀[0m[38;2;102;38;70m[48;2;102;40;73m▀[0m[38;2;85;34;59m[48;2;86;30;61m▀[0m                
              [38;2;93;31;68m[48;2;91;33;67m▀[0m[38;2;94;37;68m[48;2;95;36;68m▀[0m[38;2;100;39;71m[48;2;107;43;77m▀[0m[38;2;103;42;74m[48;2;109;47;80m▀[0m[38;2;106;43;77m[48;2;110;47;80m▀[0m[38;2;105;44;77m[48;2;105;44;77m▀[0m[38;2;104;43;75m[48;2;97;37;69m▀[0m[38;2;101;41;73m[48;2;97;38;70m▀[0m[38;2;99;39;71m[48;2;106;45;77m▀[0m[38;2;102;42;74m[48;2;109;47;80m▀[0m[38;2;108;46;79m[48;2;108;46;79m▀[0m[38;2;109;47;80m[48;2;108;46;79m▀[0m[38;2;108;46;79m[48;2;108;46;79m▀[0m[38;2;108;46;79m[48;2;108;46;79m▀[0m[38;2;108;46;79m[48;2;108;46;79m▀[0m[38;2;108;46;79m[48;2;108;46;79m▀[0m[38;2;108;46;79m[48;2;108;46;79m▀[0m[38;2;108;46;79m[48;2;108;46;79m▀[0m[38;2;108;46;79m[48;2;108;46;79m▀[0m[38;2;108;46;79m[48;2;108;46;79m▀[0m[38;2;108;46;79m[48;2;108;46;79m▀[0m[38;2;108;46;79m[48;2;108;46;79m▀[0m[38;2;108;46;79m[48;2;108;46;79m▀[0m[38;2;108;46;79m[48;2;108;46;79m▀[0m[38;2;108;46;79m[48;2;108;46;79m▀[0m[38;2;108;46;79m[48;2;108;46;79m▀[0m[38;2;108;46;79m[48;2;108;46;79m▀[0m[38;2;108;46;79m[48;2;108;46;79m▀[0m[38;2;108;46;79m[48;2;108;46;79m▀[0m[38;2;108;46;79m[48;2;108;46;79m▀[0m[38;2;108;46;79m[48;2;108;46;79m▀[0m[38;2;108;46;79m[48;2;108;46;79m▀[0m[38;2;108;46;79m[48;2;108;46;79m▀[0m[38;2;108;46;79m[48;2;108;46;79m▀[0m[38;2;108;46;79m[48;2;108;46;79m▀[0m[38;2;109;47;80m[48;2;108;46;79m▀[0m[38;2;106;44;78m[48;2;111;47;81m▀[0m[38;2;101;41;73m[48;2;112;47;82m▀[0m[38;2;89;37;65m[48;2;73;34;55m▀[0m[38;2;76;36;57m[48;2;21;17;20m▀[0m[38;2;89;39;65m[48;2;56;29;43m▀[0m[38;2;109;46;79m[48;2;109;46;80m▀[0m[38;2;125;58;92m[48;2;111;46;81m▀[0m[38;2;137;67;102m[48;2;113;50;83m▀[0m[38;2;145;73;108m[48;2;138;67;102m▀[0m[38;2;150;78;113m[48;2;151;79;114m▀[0m[38;2;155;82;117m[48;2;151;79;114m▀[0m[38;2;141;69;105m[48;2;137;68;102m▀[0m[38;2;111;45;80m[48;2;111;48;81m▀[0m[38;2;93;34;67m[48;2;102;40;74m▀[0m[38;2;94;37;68m[48;2;95;36;68m▀[0m[38;2;93;31;68m[48;2;91;33;67m▀[0m              
            [38;2;0;0;0m▄[0m[38;2;63;63;63m▄[0m[38;2;89;31;63m[48;2;91;33;66m▀[0m[38;2;100;39;72m[48;2;95;37;68m▀[0m[38;2;110;45;80m[48;2;107;44;78m▀[0m[38;2;110;48;81m[48;2;109;47;80m▀[0m[38;2;110;47;80m[48;2;110;47;80m▀[0m[38;2;105;44;77m[48;2;105;44;77m▀[0m[38;2;95;36;67m[48;2;96;37;68m▀[0m[38;2;97;38;70m[48;2;97;38;70m▀[0m[38;2;108;46;79m[48;2;107;45;78m▀[0m[38;2;110;48;81m[48;2;109;47;80m▀[0m[38;2;108;46;79m[48;2;108;46;79m▀[0m[38;2;108;46;79m[48;2;108;46;79m▀[0m[38;2;108;46;79m[48;2;108;46;79m▀[0m[38;2;108;46;79m[48;2;108;46;79m▀[0m[38;2;108;46;79m[48;2;108;46;79m▀[0m[38;2;108;46;79m[48;2;108;46;79m▀[0m[38;2;108;46;79m[48;2;108;46;79m▀[0m[38;2;108;46;79m[48;2;108;46;79m▀[0m[38;2;108;46;79m[48;2;108;46;79m▀[0m[38;2;108;46;79m[48;2;108;46;79m▀[0m[38;2;108;46;79m[48;2;108;46;79m▀[0m[38;2;108;46;79m[48;2;108;46;79m▀[0m[38;2;108;46;79m[48;2;108;46;79m▀[0m[38;2;108;46;79m[48;2;108;46;79m▀[0m[38;2;108;46;79m[48;2;108;46;79m▀[0m[38;2;108;46;79m[48;2;108;46;79m▀[0m[38;2;108;46;79m[48;2;108;46;79m▀[0m[38;2;108;46;79m[48;2;108;46;79m▀[0m[38;2;108;46;79m[48;2;108;46;79m▀[0m[38;2;108;46;79m[48;2;108;46;79m▀[0m[38;2;108;46;79m[48;2;108;46;79m▀[0m[38;2;108;46;79m[48;2;108;46;79m▀[0m[38;2;108;46;79m[48;2;108;46;79m▀[0m[38;2;108;46;79m[48;2;108;46;79m▀[0m[38;2;108;46;79m[48;2;108;46;79m▀[0m[38;2;108;46;79m[48;2;108;46;79m▀[0m[38;2;111;47;81m[48;2;111;47;81m▀[0m[38;2;114;49;84m[48;2;113;48;83m▀[0m[38;2;70;34;53m[48;2;72;34;54m▀[0m[38;2;11;14;13m[48;2;17;16;17m▀[0m[38;2;49;27;39m[48;2;53;28;41m▀[0m[38;2;109;46;80m[48;2;109;46;80m▀[0m[38;2;108;44;79m[48;2;110;45;80m▀[0m[38;2;109;47;80m[48;2;111;49;82m▀[0m[38;2;138;68;103m[48;2;137;67;102m▀[0m[38;2;153;80;115m[48;2;150;78;113m▀[0m[38;2;150;78;113m[48;2;149;77;112m▀[0m[38;2;143;72;107m[48;2;150;77;113m▀[0m[38;2;131;63;97m[48;2;151;78;113m▀[0m[38;2;119;52;87m[48;2;132;63;98m▀[0m[38;2;98;37;70m[48;2;97;38;69m▀[0m[38;2;85;29;59m[48;2;87;33;62m▀[0m[38;2;63;0;63m▄[0m[38;2;0;0;0m▄[0m            
            [38;2;91;33;67m[48;2;92;33;67m▀[0m[38;2;92;34;66m[48;2;93;36;67m▀[0m[38;2;102;40;74m[48;2;110;44;79m▀[0m[38;2;103;42;75m[48;2;109;46;80m▀[0m[38;2;108;46;79m[48;2;109;47;80m▀[0m[38;2;108;46;79m[48;2;108;46;79m▀[0m[38;2;110;48;81m[48;2;108;46;79m▀[0m[38;2;106;44;78m[48;2;104;43;76m▀[0m[38;2;95;37;67m[48;2;97;38;69m▀[0m[38;2;96;37;69m[48;2;98;39;71m▀[0m[38;2;107;45;78m[48;2;107;45;78m▀[0m[38;2;109;47;80m[48;2;109;47;80m▀[0m[38;2;108;46;79m[48;2;108;46;79m▀[0m[38;2;108;46;79m[48;2;108;46;79m▀[0m[38;2;108;46;79m[48;2;108;46;79m▀[0m[38;2;108;46;79m[48;2;108;46;79m▀[0m[38;2;108;46;79m[48;2;108;46;79m▀[0m[38;2;108;46;79m[48;2;108;46;79m▀[0m[38;2;108;46;79m[48;2;108;46;79m▀[0m[38;2;108;46;79m[48;2;108;46;79m▀[0m[38;2;108;46;79m[48;2;108;46;79m▀[0m[38;2;108;46;79m[48;2;108;46;79m▀[0m[38;2;108;46;79m[48;2;108;46;79m▀[0m[38;2;108;46;79m[48;2;108;46;79m▀[0m[38;2;108;46;79m[48;2;108;46;79m▀[0m[38;2;108;46;79m[48;2;108;46;79m▀[0m[38;2;108;46;79m[48;2;108;46;79m▀[0m[38;2;108;46;79m[48;2;108;46;79m▀[0m[38;2;108;46;79m[48;2;108;46;79m▀[0m[38;2;108;46;79m[48;2;108;46;79m▀[0m[38;2;108;46;79m[48;2;108;46;79m▀[0m[38;2;108;46;79m[48;2;108;46;79m▀[0m[38;2;108;46;79m[48;2;108;46;79m▀[0m[38;2;108;46;79m[48;2;108;46;79m▀[0m[38;2;108;46;79m[48;2;108;46;79m▀[0m[38;2;108;46;79m[48;2;108;46;79m▀[0m[38;2;108;46;79m[48;2;108;46;79m▀[0m[38;2;108;46;79m[48;2;108;46;79m▀[0m[38;2;111;47;81m[48;2;111;47;81m▀[0m[38;2;113;48;83m[48;2;113;48;83m▀[0m[38;2;69;33;52m[48;2;76;35;57m▀[0m[38;2;10;14;12m[48;2;26;19;23m▀[0m[38;2;53;28;41m[48;2;54;28;41m▀[0m[38;2;116;48;85m[48;2;100;43;74m▀[0m[38;2;115;48;83m[48;2;109;47;79m▀[0m[38;2;109;47;80m[48;2;108;46;79m▀[0m[38;2;117;53;87m[48;2;104;43;76m▀[0m[38;2;130;62;97m[48;2;112;49;83m▀[0m[38;2;147;75;110m[48;2;137;68;102m▀[0m[38;2;154;80;115m[48;2;148;76;111m▀[0m[38;2;151;78;114m[48;2;148;76;111m▀[0m[38;2;144;73;108m[48;2;152;79;114m▀[0m[38;2;128;60;95m[48;2;152;78;114m▀[0m[38;2;112;49;82m[48;2;132;61;97m▀[0m[38;2;86;29;61m[48;2;98;38;70m▀[0m[38;2;74;24;49m[48;2;94;35;66m▀[0m[38;2;89;38;63m▄[0m[38;2;102;51;51m▄[0m          
          [38;2;92;46;69m▄[0m[38;2;94;35;65m▄[0m[38;2;90;32;64m[48;2;97;38;70m▀[0m[38;2;92;34;66m[48;2;96;37;69m▀[0m[38;2;109;44;78m[48;2;107;44;78m▀[0m[38;2;108;46;79m[48;2;108;46;79m▀[0m[38;2;110;47;80m[48;2;110;47;80m▀[0m[38;2;107;45;78m[48;2;107;45;78m▀[0m[38;2;100;40;73m[48;2;96;37;69m▀[0m[38;2;98;39;70m[48;2;95;37;67m▀[0m[38;2;103;42;75m[48;2;106;44;78m▀[0m[38;2;106;45;77m[48;2;110;48;81m▀[0m[38;2;108;46;79m[48;2;108;46;79m▀[0m[38;2;108;46;79m[48;2;108;46;79m▀[0m[38;2;108;46;79m[48;2;108;46;79m▀[0m[38;2;108;46;79m[48;2;108;46;79m▀[0m[38;2;108;46;79m[48;2;108;46;79m▀[0m[38;2;108;46;79m[48;2;108;46;79m▀[0m[38;2;108;46;79m[48;2;108;46;79m▀[0m[38;2;108;46;79m[48;2;108;46;79m▀[0m[38;2;108;46;79m[48;2;108;46;79m▀[0m[38;2;108;46;79m[48;2;108;46;79m▀[0m[38;2;108;46;79m[48;2;108;46;79m▀[0m[38;2;108;46;79m[48;2;108;46;79m▀[0m[38;2;108;46;79m[48;2;108;46;79m▀[0m[38;2;108;46;79m[48;2;108;46;79m▀[0m[38;2;108;46;79m[48;2;108;46;79m▀[0m[38;2;108;46;79m[48;2;108;46;79m▀[0m[38;2;108;46;79m[48;2;108;46;79m▀[0m[38;2;108;46;79m[48;2;108;46;79m▀[0m[38;2;108;46;79m[48;2;108;46;79m▀[0m[38;2;108;46;79m[48;2;108;46;79m▀[0m[38;2;108;46;79m[48;2;108;46;79m▀[0m[38;2;108;46;79m[48;2;108;46;79m▀[0m[38;2;108;46;79m[48;2;108;46;79m▀[0m[38;2;108;46;79m[48;2;108;46;79m▀[0m[38;2;108;46;79m[48;2;108;46;79m▀[0m[38;2;108;46;79m[48;2;108;46;79m▀[0m[38;2;108;46;79m[48;2;108;46;79m▀[0m[38;2;108;46;79m[48;2;108;46;79m▀[0m[38;2;109;46;80m[48;2;108;46;79m▀[0m[38;2;109;47;80m[48;2;108;46;79m▀[0m[38;2;101;43;74m[48;2;115;48;84m▀[0m[38;2;85;39;64m[48;2;118;49;85m▀[0m[38;2;57;29;45m[48;2;58;30;46m▀[0m[38;2;41;24;33m[48;2;8;13;10m▀[0m[38;2;79;36;59m[48;2;63;31;48m▀[0m[38;2;111;47;81m[48;2;114;48;84m▀[0m[38;2;108;45;79m[48;2;112;47;82m▀[0m[38;2;108;46;79m[48;2;106;45;77m▀[0m[38;2;115;51;84m[48;2;102;42;75m▀[0m[38;2;128;61;95m[48;2;117;54;86m▀[0m[38;2;146;74;109m[48;2;146;73;108m▀[0m[38;2;152;79;114m[48;2;152;78;113m▀[0m[38;2;150;77;113m[48;2;148;76;111m▀[0m[38;2;147;74;110m[48;2;154;81;116m▀[0m[38;2;133;64;99m[48;2;150;77;112m▀[0m[38;2;115;49;84m[48;2;126;54;91m▀[0m[38;2;90;33;64m[48;2;89;32;63m▀[0m[38;2;88;29;59m[48;2;82;30;56m▀[0m          
          [38;2;91;35;66m[48;2;86;31;63m▀[0m[38;2;92;35;66m[48;2;92;35;66m▀[0m[38;2;105;41;76m[48;2;111;44;80m▀[0m[38;2;105;44;77m[48;2;109;47;80m▀[0m[38;2;109;46;80m[48;2;109;47;80m▀[0m[38;2;108;46;79m[48;2;108;46;79m▀[0m[38;2;109;47;80m[48;2;109;47;80m▀[0m[38;2;107;45;78m[48;2;107;45;78m▀[0m[38;2;97;38;70m[48;2;97;38;70m▀[0m[38;2;96;37;68m[48;2;96;37;68m▀[0m[38;2;105;44;77m[48;2;105;44;77m▀[0m[38;2;109;47;80m[48;2;109;47;80m▀[0m[38;2;108;46;79m[48;2;108;46;79m▀[0m[38;2;108;46;79m[48;2;108;46;79m▀[0m[38;2;108;46;79m[48;2;108;46;79m▀[0m[38;2;108;46;79m[48;2;108;46;79m▀[0m[38;2;108;46;79m[48;2;108;46;79m▀[0m[38;2;108;46;79m[48;2;108;46;79m▀[0m[38;2;108;46;79m[48;2;108;46;79m▀[0m[38;2;108;46;79m[48;2;108;46;79m▀[0m[38;2;108;46;79m[48;2;108;46;79m▀[0m[38;2;108;46;79m[48;2;108;46;79m▀[0m[38;2;108;46;79m[48;2;108;46;79m▀[0m[38;2;108;46;79m[48;2;108;46;79m▀[0m[38;2;108;46;79m[48;2;108;46;79m▀[0m[38;2;108;46;79m[48;2;108;46;79m▀[0m[38;2;108;46;79m[48;2;108;46;79m▀[0m[38;2;108;46;79m[48;2;108;46;79m▀[0m[38;2;108;46;79m[48;2;108;46;79m▀[0m[38;2;108;46;79m[48;2;108;46;79m▀[0m[38;2;108;46;79m[48;2;108;46;79m▀[0m[38;2;108;46;79m[48;2;108;46;79m▀[0m[38;2;108;46;79m[48;2;108;46;79m▀[0m[38;2;108;46;79m[48;2;108;46;79m▀[0m[38;2;108;46;79m[48;2;108;46;79m▀[0m[38;2;108;46;79m[48;2;108;46;79m▀[0m[38;2;108;46;79m[48;2;108;46;79m▀[0m[38;2;108;46;79m[48;2;108;46;79m▀[0m[38;2;108;46;79m[48;2;108;46;79m▀[0m[38;2;108;46;79m[48;2;108;46;79m▀[0m[38;2;108;46;79m[48;2;108;46;79m▀[0m[38;2;108;46;79m[48;2;108;46;79m▀[0m[38;2;113;47;83m[48;2;111;47;81m▀[0m[38;2;113;48;82m[48;2;110;47;80m▀[0m[38;2;56;29;44m[48;2;76;36;57m▀[0m[38;2;8;14;11m[48;2;44;25;35m▀[0m[38;2;66;32;50m[48;2;60;30;46m▀[0m[38;2;118;49;86m[48;2;83;38;62m▀[0m[38;2;113;48;83m[48;2;101;44;74m▀[0m[38;2;106;45;78m[48;2;109;46;80m▀[0m[38;2;104;43;76m[48;2;107;45;78m▀[0m[38;2;119;55;88m[48;2;115;52;85m▀[0m[38;2;147;75;110m[48;2;133;64;98m▀[0m[38;2;153;79;114m[48;2;143;72;106m▀[0m[38;2;148;76;111m[48;2;148;76;111m▀[0m[38;2;153;79;114m[48;2;151;79;114m▀[0m[38;2;147;75;110m[48;2;147;75;110m▀[0m[38;2;119;51;86m[48;2;130;60;95m▀[0m[38;2;86;30;61m[48;2;108;46;79m▀[0m[38;2;75;21;54m[48;2;104;42;74m▀[0m[38;2;87;33;62m▄[0m[38;2;76;25;51m▄[0m        
        [38;2;0;0;0m▄[0m[38;2;89;33;64m▄[0m[38;2;90;35;65m[48;2;100;38;72m▀[0m[38;2;91;35;65m[48;2;99;39;72m▀[0m[38;2;106;42;76m[48;2;107;44;78m▀[0m[38;2;108;46;79m[48;2;108;46;79m▀[0m[38;2;109;47;80m[48;2;108;46;79m▀[0m[38;2;108;46;79m[48;2;108;46;79m▀[0m[38;2;109;47;80m[48;2;112;48;82m▀[0m[38;2;107;45;78m[48;2;112;47;81m▀[0m[38;2;97;38;70m[48;2;98;38;71m▀[0m[38;2;96;37;68m[48;2;95;36;67m▀[0m[38;2;105;44;77m[48;2;105;44;77m▀[0m[38;2;109;47;80m[48;2;109;47;80m▀[0m[38;2;108;46;79m[48;2;108;46;79m▀[0m[38;2;108;46;79m[48;2;108;46;79m▀[0m[38;2;108;46;79m[48;2;108;46;79m▀[0m[38;2;108;46;79m[48;2;108;46;79m▀[0m[38;2;108;46;79m[48;2;108;46;79m▀[0m[38;2;108;46;79m[48;2;108;46;79m▀[0m[38;2;108;46;79m[48;2;108;46;79m▀[0m[38;2;108;46;79m[48;2;108;46;79m▀[0m[38;2;108;46;79m[48;2;108;46;79m▀[0m[38;2;108;46;79m[48;2;108;46;79m▀[0m[38;2;108;46;79m[48;2;108;46;79m▀[0m[38;2;108;46;79m[48;2;108;46;79m▀[0m[38;2;108;46;79m[48;2;108;46;79m▀[0m[38;2;108;46;79m[48;2;108;46;79m▀[0m[38;2;108;46;79m[48;2;108;46;79m▀[0m[38;2;108;46;79m[48;2;108;46;79m▀[0m[38;2;108;46;79m[48;2;108;46;79m▀[0m[38;2;108;46;79m[48;2;108;46;79m▀[0m[38;2;108;46;79m[48;2;108;46;79m▀[0m[38;2;108;46;79m[48;2;108;46;79m▀[0m[38;2;108;46;79m[48;2;108;46;79m▀[0m[38;2;108;46;79m[48;2;108;46;79m▀[0m[38;2;108;46;79m[48;2;108;46;79m▀[0m[38;2;108;46;79m[48;2;108;46;79m▀[0m[38;2;108;46;79m[48;2;108;46;79m▀[0m[38;2;108;46;79m[48;2;108;46;79m▀[0m[38;2;108;46;79m[48;2;108;46;79m▀[0m[38;2;108;46;79m[48;2;108;46;79m▀[0m[38;2;108;46;79m[48;2;108;46;79m▀[0m[38;2;108;46;79m[48;2;108;46;79m▀[0m[38;2;108;46;79m[48;2;108;46;79m▀[0m[38;2;108;46;79m[48;2;108;46;79m▀[0m[38;2;109;47;81m[48;2;117;49;86m▀[0m[38;2;101;44;74m[48;2;113;48;82m▀[0m[38;2;48;26;38m[48;2;42;24;34m▀[0m[38;2;25;19;22m[48;2;8;14;11m▀[0m[38;2;80;37;60m[48;2;78;36;59m▀[0m[38;2;114;48;83m[48;2;119;50;87m▀[0m[38;2;110;47;80m[48;2;111;48;81m▀[0m[38;2;108;46;79m[48;2;106;44;77m▀[0m[38;2;109;47;79m[48;2;103;43;75m▀[0m[38;2;126;59;93m[48;2;123;57;91m▀[0m[38;2;147;76;111m[48;2;149;78;113m▀[0m[38;2;150;78;113m[48;2;151;79;114m▀[0m[38;2;148;76;111m[48;2;148;76;111m▀[0m[38;2;150;77;112m[48;2;154;81;116m▀[0m[38;2;139;68;103m[48;2;146;74;109m▀[0m[38;2;112;47;82m[48;2;117;49;85m▀[0m[38;2;89;32;62m[48;2;85;29;59m▀[0m[38;2;82;32;57m[48;2;66;22;55m▀[0m        
       [38;2;88;34;63m▄[0m[38;2;90;30;60m[48;2;99;37;70m▀[0m[38;2;91;34;66m[48;2;100;41;73m▀[0m[38;2;104;41;75m[48;2;111;46;81m▀[0m[38;2;107;45;78m[48;2;109;46;80m▀[0m[38;2;109;47;80m[48;2;108;47;79m▀[0m[38;2;108;46;79m[48;2;108;46;79m▀[0m[38;2;108;46;79m[48;2;114;48;84m▀[0m[38;2;108;46;79m[48;2;114;48;83m▀[0m[38;2;109;47;80m[48;2;76;36;57m▀[0m[38;2;107;45;78m[48;2;56;29;44m▀[0m[38;2;97;38;70m[48;2;86;37;64m▀[0m[38;2;96;37;68m[48;2;106;43;77m▀[0m[38;2;105;44;77m[48;2;108;46;79m▀[0m[38;2;109;47;80m[48;2;108;46;79m▀[0m[38;2;108;46;79m[48;2;108;46;79m▀[0m[38;2;108;46;79m[48;2;108;46;79m▀[0m[38;2;108;46;79m[48;2;108;46;79m▀[0m[38;2;108;46;79m[48;2;108;46;79m▀[0m[38;2;108;46;79m[48;2;108;46;79m▀[0m[38;2;108;46;79m[48;2;108;46;79m▀[0m[38;2;108;46;79m[48;2;108;46;79m▀[0m[38;2;108;46;79m[48;2;108;46;79m▀[0m[38;2;108;46;79m[48;2;108;46;79m▀[0m[38;2;108;46;79m[48;2;108;46;79m▀[0m[38;2;108;46;79m[48;2;108;46;79m▀[0m[38;2;108;46;79m[48;2;108;46;79m▀[0m[38;2;108;46;79m[48;2;108;46;79m▀[0m[38;2;108;46;79m[48;2;108;46;79m▀[0m[38;2;108;46;79m[48;2;108;46;79m▀[0m[38;2;108;46;79m[48;2;108;46;79m▀[0m[38;2;108;46;79m[48;2;108;46;79m▀[0m[38;2;108;46;79m[48;2;108;46;79m▀[0m[38;2;108;46;79m[48;2;108;46;79m▀[0m[38;2;108;46;79m[48;2;108;46;79m▀[0m[38;2;108;46;79m[48;2;108;46;79m▀[0m[38;2;108;46;79m[48;2;108;46;79m▀[0m[38;2;108;46;79m[48;2;108;46;79m▀[0m[38;2;108;46;79m[48;2;108;46;79m▀[0m[38;2;108;46;79m[48;2;108;46;79m▀[0m[38;2;108;46;79m[48;2;108;46;79m▀[0m[38;2;108;46;79m[48;2;108;46;79m▀[0m[38;2;108;46;79m[48;2;108;46;79m▀[0m[38;2;108;46;79m[48;2;108;46;79m▀[0m[38;2;108;46;79m[48;2;108;46;79m▀[0m[38;2;108;46;79m[48;2;108;46;79m▀[0m[38;2;108;46;79m[48;2;108;46;79m▀[0m[38;2;113;48;83m[48;2;110;47;81m▀[0m[38;2;107;46;78m[48;2;108;46;79m▀[0m[38;2;47;26;37m[48;2;85;39;63m▀[0m[38;2;19;17;18m[48;2;65;32;49m▀[0m[38;2;78;36;59m[48;2;54;28;42m▀[0m[38;2;114;48;83m[48;2;64;31;49m▀[0m[38;2;110;47;80m[48;2;99;43;73m▀[0m[38;2;107;45;78m[48;2;112;47;81m▀[0m[38;2;106;45;77m[48;2;108;46;78m▀[0m[38;2;124;58;92m[48;2;114;50;83m▀[0m[38;2;147;76;111m[48;2;125;59;93m▀[0m[38;2;150;78;113m[48;2;139;70;104m▀[0m[38;2;148;76;111m[48;2;151;79;114m▀[0m[38;2;152;79;114m[48;2;154;80;115m▀[0m[38;2;142;71;106m[48;2;148;76;111m▀[0m[38;2;113;48;82m[48;2;136;66;101m▀[0m[38;2;88;32;62m[48;2;118;54;87m▀[0m[38;2;85;30;61m[48;2;100;38;71m▀[0m[38;2;80;25;54m▄[0m       
     [38;2;85;28;56m[48;2;90;33;66m▀[0m[38;2;93;42;68m[48;2;96;37;68m▀[0m[38;2;92;35;66m[48;2;103;41;74m▀[0m[38;2;105;41;76m[48;2;110;46;80m▀[0m[38;2;109;46;79m[48;2;109;46;80m▀[0m[38;2;109;47;80m[48;2;108;46;79m▀[0m[38;2;108;46;79m[48;2;108;46;79m▀[0m[38;2;108;46;79m[48;2;113;47;83m▀[0m[38;2;109;46;79m[48;2;117;49;85m▀[0m[38;2;110;47;81m[48;2;84;39;63m▀[0m[38;2;100;44;74m[48;2;44;26;35m▀[0m[38;2;41;24;33m[48;2;16;16;15m▀[0m[38;2;16;16;16m[48;2;19;17;18m▀[0m[38;2;77;36;59m[48;2;80;37;60m▀[0m[38;2;115;48;84m[48;2;115;48;84m▀[0m[38;2;110;47;80m[48;2;110;47;80m▀[0m[38;2;108;46;79m[48;2;108;46;79m▀[0m[38;2;108;46;79m[48;2;108;46;79m▀[0m[38;2;108;46;79m[48;2;108;46;79m▀[0m[38;2;108;46;79m[48;2;108;46;79m▀[0m[38;2;108;46;79m[48;2;108;46;79m▀[0m[38;2;108;46;79m[48;2;108;46;79m▀[0m[38;2;108;46;79m[48;2;108;46;79m▀[0m[38;2;108;46;79m[48;2;108;46;79m▀[0m[38;2;108;46;79m[48;2;108;46;79m▀[0m[38;2;108;46;79m[48;2;108;46;79m▀[0m[38;2;108;46;79m[48;2;108;46;79m▀[0m[38;2;108;46;79m[48;2;108;46;79m▀[0m[38;2;108;46;79m[48;2;108;46;79m▀[0m[38;2;108;46;79m[48;2;108;46;79m▀[0m[38;2;108;46;79m[48;2;108;46;79m▀[0m[38;2;108;46;79m[48;2;108;46;79m▀[0m[38;2;108;46;79m[48;2;108;46;79m▀[0m[38;2;108;46;79m[48;2;108;46;79m▀[0m[38;2;108;46;79m[48;2;108;46;79m▀[0m[38;2;108;46;79m[48;2;108;46;79m▀[0m[38;2;108;46;79m[48;2;108;46;79m▀[0m[38;2;108;46;79m[48;2;108;46;79m▀[0m[38;2;108;46;79m[48;2;108;46;79m▀[0m[38;2;108;46;79m[48;2;108;46;79m▀[0m[38;2;108;46;79m[48;2;108;46;79m▀[0m[38;2;108;46;79m[48;2;108;46;79m▀[0m[38;2;108;46;79m[48;2;108;46;79m▀[0m[38;2;108;46;79m[48;2;108;46;79m▀[0m[38;2;108;46;79m[48;2;108;46;79m▀[0m[38;2;108;46;79m[48;2;108;46;79m▀[0m[38;2;108;46;79m[48;2;108;46;79m▀[0m[38;2;108;46;79m[48;2;108;46;79m▀[0m[38;2;108;46;79m[48;2;108;46;79m▀[0m[38;2;108;46;79m[48;2;108;46;79m▀[0m[38;2;108;46;79m[48;2;108;46;79m▀[0m[38;2;117;49;85m[48;2;117;49;85m▀[0m[38;2;103;44;75m[48;2;103;44;75m▀[0m[38;2;34;21;27m[48;2;29;20;25m▀[0m[38;2;22;18;20m[48;2;19;17;18m▀[0m[38;2;89;40;67m[48;2;94;41;70m▀[0m[38;2;116;48;85m[48;2;121;50;88m▀[0m[38;2;109;46;79m[48;2;110;46;80m▀[0m[38;2;105;44;76m[48;2;106;45;78m▀[0m[38;2;106;45;78m[48;2;107;45;78m▀[0m[38;2;127;60;94m[48;2;114;50;83m▀[0m[38;2;146;75;110m[48;2;120;55;89m▀[0m[38;2;147;75;109m[48;2;118;54;87m▀[0m[38;2;147;75;110m[48;2;124;59;92m▀[0m[38;2;153;80;115m[48;2;147;75;110m▀[0m[38;2;142;71;106m[48;2;154;80;116m▀[0m[38;2;115;47;83m[48;2;145;72;108m▀[0m[38;2;92;35;66m[48;2;123;57;91m▀[0m[38;2;93;42;68m[48;2;98;37;70m▀[0m[38;2;85;28;56m[48;2;84;30;60m▀[0m     
 [38;2;95;31;63m[48;2;88;35;65m▀[0m[38;2;93;33;67m[48;2;93;35;66m▀[0m[38;2;100;35;71m[48;2;99;36;69m▀[0m[38;2;88;35;65m[48;2;93;35;66m▀[0m[38;2;94;35;68m[48;2;99;39;71m▀[0m[38;2;106;42;76m[48;2;108;45;79m▀[0m[38;2;110;46;81m[48;2;110;46;80m▀[0m[38;2;109;47;80m[48;2;108;46;79m▀[0m[38;2;108;46;79m[48;2;108;46;79m▀[0m[38;2;109;46;80m[48;2;112;47;82m▀[0m[38;2;110;47;81m[48;2;118;49;86m▀[0m[38;2;108;46;79m[48;2;89;40;66m▀[0m[38;2;97;43;71m[48;2;39;25;32m▀[0m[38;2;55;29;42m[48;2;21;18;18m▀[0m[38;2;7;13;9m[48;2;5;10;5m▀[0m[38;2;2;10;5m[48;2;3;12;6m▀[0m[38;2;24;19;21m[48;2;24;19;22m▀[0m[38;2;82;37;61m[48;2;82;38;62m▀[0m[38;2;114;48;83m[48;2;114;48;83m▀[0m[38;2;110;47;80m[48;2;110;47;80m▀[0m[38;2;108;46;79m[48;2;108;46;79m▀[0m[38;2;108;46;79m[48;2;108;46;79m▀[0m[38;2;108;46;79m[48;2;108;46;79m▀[0m[38;2;108;46;79m[48;2;108;46;79m▀[0m[38;2;108;46;79m[48;2;108;46;79m▀[0m[38;2;108;46;79m[48;2;108;46;79m▀[0m[38;2;108;46;79m[48;2;108;46;79m▀[0m[38;2;108;46;79m[48;2;108;46;79m▀[0m[38;2;108;46;79m[48;2;108;46;79m▀[0m[38;2;108;46;79m[48;2;108;46;79m▀[0m[38;2;108;46;79m[48;2;108;46;79m▀[0m[38;2;108;46;79m[48;2;108;46;79m▀[0m[38;2;108;46;79m[48;2;108;46;79m▀[0m[38;2;108;46;79m[48;2;108;46;79m▀[0m[38;2;108;46;79m[48;2;108;46;79m▀[0m[38;2;108;46;79m[48;2;108;46;79m▀[0m[38;2;108;46;79m[48;2;108;46;79m▀[0m[38;2;108;46;79m[48;2;108;46;79m▀[0m[38;2;108;46;79m[48;2;108;46;79m▀[0m[38;2;108;46;79m[48;2;108;46;79m▀[0m[38;2;108;46;79m[48;2;108;46;79m▀[0m[38;2;108;46;79m[48;2;108;46;79m▀[0m[38;2;108;46;79m[48;2;108;46;79m▀[0m[38;2;108;46;79m[48;2;108;46;79m▀[0m[38;2;108;46;79m[48;2;108;46;79m▀[0m[38;2;108;46;79m[48;2;108;46;79m▀[0m[38;2;108;46;79m[48;2;108;46;79m▀[0m[38;2;108;46;79m[48;2;108;46;79m▀[0m[38;2;108;46;79m[48;2;108;46;79m▀[0m[38;2;108;46;79m[48;2;108;46;79m▀[0m[38;2;108;46;79m[48;2;108;46;79m▀[0m[38;2;108;46;79m[48;2;108;46;79m▀[0m[38;2;108;46;79m[48;2;108;46;79m▀[0m[38;2;108;46;79m[48;2;108;46;79m▀[0m[38;2;108;46;79m[48;2;108;46;79m▀[0m[38;2;113;48;82m[48;2;110;47;81m▀[0m[38;2;101;43;74m[48;2;106;45;77m▀[0m[38;2;47;25;37m[48;2;91;37;66m▀[0m[38;2;35;21;29m[48;2;68;29;50m▀[0m[38;2;79;36;59m[48;2;36;22;30m▀[0m[38;2;103;44;76m[48;2;54;29;42m▀[0m[38;2;109;46;79m[48;2;108;46;78m▀[0m[38;2;110;47;81m[48;2;117;49;85m▀[0m[38;2;108;46;79m[48;2;108;46;79m▀[0m[38;2;107;45;78m[48;2;107;46;78m▀[0m[38;2;105;44;77m[48;2;107;45;78m▀[0m[38;2;103;42;75m[48;2;107;45;78m▀[0m[38;2;110;48;80m[48;2;108;46;79m▀[0m[38;2;133;64;99m[48;2;113;50;83m▀[0m[38;2;146;74;110m[48;2;116;52;86m▀[0m[38;2;148;76;111m[48;2;117;53;86m▀[0m[38;2;134;64;100m[48;2;115;50;85m▀[0m[38;2;107;43;77m[48;2;108;45;79m▀[0m[38;2;91;34;65m[48;2;104;41;74m▀[0m[38;2;91;36;66m[48;2;93;34;65m▀[0m[38;2;85;34;68m[48;2;88;30;64m▀[0m   
[38;2;92;35;67m[48;2;93;35;65m▀[0m[38;2;95;38;68m[48;2;97;39;70m▀[0m[38;2;98;39;70m[48;2;106;44;77m▀[0m[38;2;110;43;79m[48;2;109;47;80m▀[0m[38;2;105;41;75m[48;2;107;45;78m▀[0m[38;2;107;44;77m[48;2;107;46;79m▀[0m[38;2;109;47;80m[48;2;108;46;79m▀[0m[38;2;111;47;81m[48;2;111;47;81m▀[0m[38;2;112;47;82m[48;2;114;48;83m▀[0m[38;2;113;48;83m[48;2;119;49;87m▀[0m[38;2;107;46;78m[48;2;93;42;69m▀[0m[38;2;91;41;68m[48;2;37;24;31m▀[0m[38;2;58;30;45m[48;2;13;15;15m▀[0m[38;2;10;15;12m[48;2;7;15;15m▀[0m[38;2;0;6;0m[48;2;0;0;0m▀[0m[38;2;0;0;0m▄[0m[38;2;3;13;7m[48;2;5;11;8m▀[0m[38;2;24;19;22m[48;2;24;19;22m▀[0m[38;2;82;38;62m[48;2;82;38;62m▀[0m[38;2;114;48;83m[48;2;114;48;83m▀[0m[38;2;110;47;80m[48;2;110;47;80m▀[0m[38;2;108;46;79m[48;2;108;46;79m▀[0m[38;2;108;46;79m[48;2;108;46;79m▀[0m[38;2;108;46;79m[48;2;108;46;79m▀[0m[38;2;108;46;79m[48;2;108;46;79m▀[0m[38;2;108;46;79m[48;2;108;46;79m▀[0m[38;2;108;46;79m[48;2;108;46;79m▀[0m[38;2;108;46;79m[48;2;108;46;79m▀[0m[38;2;108;46;79m[48;2;108;46;79m▀[0m[38;2;108;46;79m[48;2;108;46;79m▀[0m[38;2;108;46;79m[48;2;108;46;79m▀[0m[38;2;108;46;79m[48;2;108;46;79m▀[0m[38;2;108;46;79m[48;2;108;46;79m▀[0m[38;2;108;46;79m[48;2;108;46;79m▀[0m[38;2;108;46;79m[48;2;108;46;79m▀[0m[38;2;108;46;79m[48;2;108;46;79m▀[0m[38;2;108;46;79m[48;2;108;46;79m▀[0m[38;2;108;46;79m[48;2;108;46;79m▀[0m[38;2;108;46;79m[48;2;108;46;79m▀[0m[38;2;108;46;79m[48;2;108;46;79m▀[0m[38;2;108;46;79m[48;2;108;46;79m▀[0m[38;2;108;46;79m[48;2;108;46;79m▀[0m[38;2;108;46;79m[48;2;108;46;79m▀[0m[38;2;108;46;79m[48;2;108;46;79m▀[0m[38;2;108;46;79m[48;2;108;46;79m▀[0m[38;2;108;46;79m[48;2;108;46;79m▀[0m[38;2;108;46;79m[48;2;108;46;79m▀[0m[38;2;108;46;79m[48;2;108;46;79m▀[0m[38;2;108;46;79m[48;2;108;46;79m▀[0m[38;2;108;46;79m[48;2;108;46;79m▀[0m[38;2;108;46;79m[48;2;108;46;79m▀[0m[38;2;108;46;79m[48;2;108;46;79m▀[0m[38;2;108;46;79m[48;2;108;46;79m▀[0m[38;2;108;46;79m[48;2;108;46;79m▀[0m[38;2;108;46;79m[48;2;108;46;79m▀[0m[38;2;108;46;79m[48;2;108;46;79m▀[0m[38;2;108;46;79m[48;2;108;46;79m▀[0m[38;2;106;44;77m[48;2;105;44;77m▀[0m[38;2;109;42;77m[48;2;105;42;75m▀[0m[38;2;85;32;61m[48;2;93;35;65m▀[0m[38;2;21;16;20m[48;2;83;33;66m▀[0m[38;2;26;19;22m[48;2;10;10;6m▀[0m[38;2;74;35;55m[48;2;18;16;17m▀[0m[38;2;99;44;73m[48;2;62;32;48m▀[0m[38;2;111;47;81m[48;2;111;47;81m▀[0m[38;2;113;48;83m[48;2;117;49;86m▀[0m[38;2;111;47;81m[48;2;112;47;82m▀[0m[38;2;109;46;80m[48;2;110;46;80m▀[0m[38;2;107;46;79m[48;2;108;46;79m▀[0m[38;2;106;44;77m[48;2;108;46;79m▀[0m[38;2;105;44;76m[48;2;108;46;79m▀[0m[38;2;105;44;76m[48;2;108;46;79m▀[0m[38;2;107;45;78m[48;2;108;46;79m▀[0m[38;2;109;47;80m[48;2;108;46;79m▀[0m[38;2;112;46;81m[48;2;109;47;80m▀[0m[38;2;104;41;75m[48;2;107;45;78m▀[0m[38;2;99;38;71m[48;2;104;41;76m▀[0m[38;2;90;35;62m[48;2;93;35;65m▀[0m[38;2;78;19;58m[48;2;91;33;62m▀[0m 
[38;2;104;39;74m[48;2;94;35;67m▀[0m[38;2;108;43;77m[48;2;99;39;71m▀[0m[38;2;113;47;82m[48;2;108;45;79m▀[0m[38;2;114;49;84m[48;2;110;47;81m▀[0m[38;2;114;48;83m[48;2;109;46;80m▀[0m[38;2;116;49;85m[48;2;115;48;84m▀[0m[38;2;111;47;81m[48;2;105;45;77m▀[0m[38;2;86;39;64m[48;2;49;26;39m▀[0m[38;2;70;34;53m[48;2;12;14;13m▀[0m[38;2;75;36;57m[48;2;16;17;16m▀[0m[38;2;58;30;45m[48;2;16;15;16m▀[0m[38;2;18;16;18m[48;2;14;14;14m▀[0m[38;2;0;8;0m[48;2;0;0;0m▀[0m  [38;2;0;0;0m[48;2;0;0;0m▀[0m[38;2;5;11;8m[48;2;5;11;8m▀[0m[38;2;24;19;22m[48;2;24;19;22m▀[0m[38;2;82;38;62m[48;2;82;38;62m▀[0m[38;2;114;48;83m[48;2;114;48;83m▀[0m[38;2;110;47;80m[48;2;110;47;80m▀[0m[38;2;108;46;79m[48;2;108;46;79m▀[0m[38;2;108;46;79m[48;2;108;46;79m▀[0m[38;2;108;46;79m[48;2;108;46;79m▀[0m[38;2;108;46;79m[48;2;108;46;79m▀[0m[38;2;108;46;79m[48;2;108;46;79m▀[0m[38;2;108;46;79m[48;2;108;46;79m▀[0m[38;2;108;46;79m[48;2;108;46;79m▀[0m[38;2;108;46;79m[48;2;108;46;79m▀[0m[38;2;108;46;79m[48;2;108;46;79m▀[0m[38;2;108;46;79m[48;2;108;46;79m▀[0m[38;2;108;46;79m[48;2;108;46;79m▀[0m[38;2;108;46;79m[48;2;108;46;79m▀[0m[38;2;108;46;79m[48;2;108;46;79m▀[0m[38;2;108;46;79m[48;2;108;46;79m▀[0m[38;2;108;46;79m[48;2;108;46;79m▀[0m[38;2;108;46;79m[48;2;108;46;79m▀[0m[38;2;108;46;79m[48;2;108;46;79m▀[0m[38;2;108;46;79m[48;2;108;46;79m▀[0m[38;2;108;46;79m[48;2;108;46;79m▀[0m[38;2;108;46;79m[48;2;108;46;79m▀[0m[38;2;108;46;79m[48;2;108;46;79m▀[0m[38;2;108;46;79m[48;2;108;46;79m▀[0m[38;2;108;46;79m[48;2;108;46;79m▀[0m[38;2;108;46;79m[48;2;108;46;79m▀[0m[38;2;108;46;79m[48;2;108;46;79m▀[0m[38;2;108;46;79m[48;2;108;46;79m▀[0m[38;2;108;46;79m[48;2;108;46;79m▀[0m[38;2;108;46;79m[48;2;108;46;79m▀[0m[38;2;108;46;79m[48;2;108;46;79m▀[0m[38;2;108;46;79m[48;2;108;46;79m▀[0m[38;2;108;46;79m[48;2;108;46;79m▀[0m[38;2;108;46;79m[48;2;108;46;79m▀[0m[38;2;108;46;79m[48;2;108;46;79m▀[0m[38;2;107;45;78m[48;2;106;44;77m▀[0m[38;2;108;46;79m[48;2;109;46;79m▀[0m[38;2;120;55;89m[48;2;136;67;101m▀[0m[38;2;123;57;91m[48;2;146;74;109m▀[0m[38;2;110;46;80m[48;2;118;51;86m▀[0m[38;2;93;35;66m[48;2;89;32;63m▀[0m[38;2;201;67;134m[48;2;90;34;62m▀[0m[38;2;0;0;0m[48;2;0;0;0m▀[0m[38;2;0;11;3m[48;2;0;0;0m▀[0m[38;2;41;24;33m[48;2;19;16;16m▀[0m[38;2;71;35;53m[48;2;17;16;17m▀[0m[38;2;72;35;55m[48;2;12;16;14m▀[0m[38;2;73;35;55m[48;2;21;17;20m▀[0m[38;2;98;43;72m[48;2;77;36;58m▀[0m[38;2;115;48;84m[48;2;114;48;84m▀[0m[38;2;115;48;83m[48;2;112;47;82m▀[0m[38;2;112;47;82m[48;2;109;46;79m▀[0m[38;2;109;46;79m[48;2;108;46;79m▀[0m[38;2;108;46;79m[48;2;108;46;79m▀[0m[38;2;108;46;79m[48;2;108;46;79m▀[0m[38;2;109;47;80m[48;2;108;46;79m▀[0m[38;2;109;47;80m[48;2;108;46;79m▀[0m[38;2;112;47;82m[48;2;109;47;80m▀[0m[38;2;100;40;72m[48;2;107;45;78m▀[0m[38;2;97;37;68m[48;2;97;39;69m▀[0m[38;2;93;34;66m[48;2;93;35;65m▀[0m
[38;2;93;34;65m▀[0m[38;2;75;32;56m[48;2;0;13;4m▀[0m[38;2;58;30;45m[48;2;12;15;13m▀[0m[38;2;60;32;47m[48;2;13;15;14m▀[0m[38;2;59;31;46m[48;2;12;14;13m▀[0m[38;2;63;32;49m[48;2;13;15;14m▀[0m[38;2;57;30;44m[48;2;12;14;13m▀[0m[38;2;32;20;28m[48;2;13;16;16m▀[0m[38;2;0;10;4m▀[0m[38;2;2;10;6m▀[0m[38;2;2;11;5m▀[0m[38;2;0;0;0m▀[0m   [38;2;0;0;0m[48;2;0;0;0m▀[0m[38;2;4;11;7m[48;2;5;12;8m▀[0m[38;2;26;20;23m[48;2;24;18;22m▀[0m[38;2;87;40;66m[48;2;79;36;59m▀[0m[38;2;119;50;87m[48;2;110;47;80m▀[0m[38;2;111;47;81m[48;2;109;47;79m▀[0m[38;2;108;46;79m[48;2;108;46;79m▀[0m[38;2;108;46;79m[48;2;108;46;79m▀[0m[38;2;108;46;79m[48;2;108;46;79m▀[0m[38;2;108;46;79m[48;2;108;46;79m▀[0m[38;2;108;46;79m[48;2;108;46;79m▀[0m[38;2;108;46;79m[48;2;108;46;79m▀[0m[38;2;108;46;79m[48;2;108;46;79m▀[0m[38;2;108;46;79m[48;2;108;46;79m▀[0m[38;2;108;46;79m[48;2;108;46;79m▀[0m[38;2;108;46;79m[48;2;108;46;79m▀[0m[38;2;108;46;79m[48;2;108;46;79m▀[0m[38;2;108;46;79m[48;2;108;46;79m▀[0m[38;2;108;46;79m[48;2;108;46;79m▀[0m[38;2;108;46;79m[48;2;108;46;79m▀[0m[38;2;108;46;79m[48;2;108;46;79m▀[0m[38;2;108;46;79m[48;2;108;46;79m▀[0m[38;2;108;46;79m[48;2;108;46;79m▀[0m[38;2;108;46;79m[48;2;108;46;79m▀[0m[38;2;108;46;79m[48;2;108;46;79m▀[0m[38;2;108;46;79m[48;2;108;46;79m▀[0m[38;2;108;46;79m[48;2;108;46;79m▀[0m[38;2;108;46;79m[48;2;108;46;79m▀[0m[38;2;108;46;79m[48;2;108;46;79m▀[0m[38;2;108;46;79m[48;2;108;46;79m▀[0m[38;2;108;46;79m[48;2;108;46;79m▀[0m[38;2;108;46;79m[48;2;108;46;79m▀[0m[38;2;108;46;79m[48;2;108;46;79m▀[0m[38;2;108;46;79m[48;2;108;46;79m▀[0m[38;2;108;46;79m[48;2;108;46;79m▀[0m[38;2;108;46;79m[48;2;108;46;79m▀[0m[38;2;108;46;79m[48;2;108;46;79m▀[0m[38;2;108;46;79m[48;2;108;46;79m▀[0m[38;2;108;46;79m[48;2;108;46;79m▀[0m[38;2;106;44;77m[48;2;106;44;77m▀[0m[38;2;109;46;79m[48;2;109;46;79m▀[0m[38;2;136;64;99m[48;2;137;70;103m▀[0m[38;2;146;70;106m[48;2;148;79;113m▀[0m[38;2;118;50;85m[48;2;119;53;87m▀[0m[38;2;89;32;63m[48;2;89;32;63m▀[0m[38;2;88;33;60m[48;2;90;34;62m▀[0m  [38;2;0;13;6m▀[0m[38;2;4;13;8m▀[0m[38;2;0;10;4m▀[0m[38;2;10;14;12m[48;2;0;0;0m▀[0m[38;2;45;25;36m[48;2;11;14;13m▀[0m[38;2;62;32;48m[48;2;12;15;13m▀[0m[38;2;57;30;45m[48;2;6;12;9m▀[0m[38;2;72;35;54m[48;2;34;21;28m▀[0m[38;2;107;46;78m[48;2;91;40;68m▀[0m[38;2;118;49;86m[48;2;110;46;81m▀[0m[38;2;114;48;83m[48;2;103;44;76m▀[0m[38;2;114;48;83m[48;2;103;44;76m▀[0m[38;2;114;48;83m[48;2;103;44;76m▀[0m[38;2;115;49;84m[48;2;104;45;77m▀[0m[38;2;114;48;83m[48;2;102;43;75m▀[0m[38;2;108;43;77m[48;2;96;38;69m▀[0m[38;2;105;39;74m[48;2;93;34;66m▀[0m
 [38;2;0;0;0m▀[0m[38;2;3;13;6m▀[0m[38;2;6;12;9m▀[0m[38;2;3;12;9m▀[0m[38;2;6;12;9m▀[0m[38;2;3;12;6m▀[0m[38;2;0;11;11m▀[0m       [38;2;0;0;0m▀[0m[38;2;5;10;10m▀[0m[38;2;23;18;20m[48;2;0;0;0m▀[0m[38;2;37;23;30m[48;2;0;10;5m▀[0m[38;2;60;31;46m[48;2;28;20;25m▀[0m[38;2;98;43;72m[48;2;91;41;67m▀[0m[38;2;113;47;82m[48;2;115;48;84m▀[0m[38;2;109;46;79m[48;2;109;46;79m▀[0m[38;2;108;46;79m[48;2;108;46;79m▀[0m[38;2;108;46;79m[48;2;108;46;79m▀[0m[38;2;108;46;79m[48;2;108;46;79m▀[0m[38;2;108;46;79m[48;2;108;46;79m▀[0m[38;2;108;46;79m[48;2;108;46;79m▀[0m[38;2;108;46;79m[48;2;108;46;79m▀[0m[38;2;108;46;79m[48;2;108;46;79m▀[0m[38;2;108;46;79m[48;2;108;46;79m▀[0m[38;2;108;46;79m[48;2;108;46;79m▀[0m[38;2;108;46;79m[48;2;108;46;79m▀[0m[38;2;108;46;79m[48;2;108;46;79m▀[0m[38;2;108;46;79m[48;2;108;46;79m▀[0m[38;2;108;46;79m[48;2;108;46;79m▀[0m[38;2;108;46;79m[48;2;108;46;79m▀[0m[38;2;108;46;79m[48;2;108;46;79m▀[0m[38;2;108;46;79m[48;2;108;46;79m▀[0m[38;2;108;46;79m[48;2;108;46;79m▀[0m[38;2;108;46;79m[48;2;108;46;79m▀[0m[38;2;108;46;79m[48;2;108;46;79m▀[0m[38;2;108;46;79m[48;2;108;46;79m▀[0m[38;2;108;46;79m[48;2;108;46;79m▀[0m[38;2;108;46;79m[48;2;108;46;79m▀[0m[38;2;108;46;79m[48;2;108;46;79m▀[0m[38;2;108;46;79m[48;2;108;46;79m▀[0m[38;2;108;46;79m[48;2;108;46;79m▀[0m[38;2;108;46;79m[48;2;108;46;79m▀[0m[38;2;108;46;79m[48;2;108;46;79m▀[0m[38;2;108;46;79m[48;2;108;46;79m▀[0m[38;2;108;46;79m[48;2;108;46;79m▀[0m[38;2;108;46;79m[48;2;108;46;79m▀[0m[38;2;108;46;79m[48;2;108;46;79m▀[0m[38;2;102;39;73m[48;2;106;40;75m▀[0m[38;2;106;45;77m[48;2;114;51;84m▀[0m[38;2;150;106;131m[48;2;163;132;152m▀[0m[38;2;170;133;154m[48;2;183;167;180m▀[0m[38;2;125;71;101m[48;2;130;83;109m▀[0m[38;2;87;27;59m[48;2;86;25;58m▀[0m[38;2;85;28;56m[48;2;85;22;56m▀[0m      [38;2;5;10;5m▀[0m[38;2;3;12;6m▀[0m[38;2;0;9;3m▀[0m[38;2;23;19;21m[48;2;6;13;13m▀[0m[38;2;43;24;34m[48;2;9;13;10m▀[0m[38;2;51;29;41m[48;2;9;15;11m▀[0m[38;2;48;27;38m[48;2;9;14;11m▀[0m[38;2;48;27;38m[48;2;9;14;11m▀[0m[38;2;48;27;38m[48;2;9;14;11m▀[0m[38;2;49;28;39m[48;2;10;15;12m▀[0m[38;2;46;26;37m[48;2;9;14;11m▀[0m[38;2;66;30;49m[48;2;0;5;0m▀[0m[38;2;94;36;66m▀[0m
                 [38;2;0;17;0m[48;2;11;11;11m▀[0m[38;2;4;11;8m[48;2;6;12;9m▀[0m[38;2;31;21;27m[48;2;34;23;29m▀[0m[38;2;92;41;68m[48;2;95;42;70m▀[0m[38;2;115;48;84m[48;2;117;49;86m▀[0m[38;2;109;46;79m[48;2;109;46;79m▀[0m[38;2;108;46;79m[48;2;108;46;79m▀[0m[38;2;108;46;79m[48;2;108;46;79m▀[0m[38;2;108;46;79m[48;2;108;46;79m▀[0m[38;2;108;46;79m[48;2;108;46;79m▀[0m[38;2;108;46;79m[48;2;108;46;79m▀[0m[38;2;108;46;79m[48;2;108;46;79m▀[0m[38;2;108;46;79m[48;2;108;46;79m▀[0m[38;2;108;46;79m[48;2;108;46;79m▀[0m[38;2;108;46;79m[48;2;108;46;79m▀[0m[38;2;108;46;79m[48;2;108;46;79m▀[0m[38;2;108;46;79m[48;2;108;46;79m▀[0m[38;2;108;46;79m[48;2;108;46;79m▀[0m[38;2;108;46;79m[48;2;108;46;79m▀[0m[38;2;108;46;79m[48;2;108;46;79m▀[0m[38;2;108;46;79m[48;2;108;46;79m▀[0m[38;2;108;46;79m[48;2;108;46;79m▀[0m[38;2;108;46;79m[48;2;108;46;79m▀[0m[38;2;108;46;79m[48;2;108;46;79m▀[0m[38;2;108;46;79m[48;2;108;46;79m▀[0m[38;2;108;46;79m[48;2;108;46;79m▀[0m[38;2;108;46;79m[48;2;108;46;79m▀[0m[38;2;108;46;79m[48;2;108;46;79m▀[0m[38;2;108;46;79m[48;2;108;46;79m▀[0m[38;2;108;46;79m[48;2;108;46;79m▀[0m[38;2;108;46;79m[48;2;108;46;79m▀[0m[38;2;108;46;79m[48;2;108;46;79m▀[0m[38;2;108;46;79m[48;2;108;46;79m▀[0m[38;2;108;46;79m[48;2;108;46;79m▀[0m[38;2;108;46;79m[48;2;108;46;79m▀[0m[38;2;106;45;78m[48;2;105;44;77m▀[0m[38;2;107;45;78m[48;2;105;43;76m▀[0m[38;2;119;48;84m[48;2;131;68;100m▀[0m[38;2;138;65;100m[48;2;161;103;132m▀[0m[38;2;173;137;158m[48;2;184;154;172m▀[0m[38;2;180;164;176m[48;2;180;162;175m▀[0m[38;2;129;80;108m[48;2;130;80;108m▀[0m[38;2;86;25;58m[48;2;85;25;57m▀[0m[38;2;85;22;56m[48;2;83;22;55m▀[0m         [38;2;0;0;0m▀[0m[38;2;5;11;11m▀[0m[38;2;4;14;9m▀[0m[38;2;4;14;9m▀[0m[38;2;4;14;9m▀[0m[38;2;4;14;9m▀[0m[38;2;4;14;9m▀[0m[38;2;5;10;10m▀[0m[38;2;0;0;0m▀[0m 
                 [38;2;11;11;11m[48;2;19;19;19m▀[0m[38;2;6;11;9m[48;2;6;13;9m▀[0m[38;2;35;23;29m[48;2;30;20;26m▀[0m[38;2;97;43;71m[48;2;64;32;49m▀[0m[38;2;119;49;87m[48;2;88;40;65m▀[0m[38;2;109;46;79m[48;2;106;45;77m▀[0m[38;2;108;46;79m[48;2;110;47;81m▀[0m[38;2;108;46;79m[48;2;108;46;79m▀[0m[38;2;108;46;79m[48;2;108;46;79m▀[0m[38;2;108;46;79m[48;2;108;46;79m▀[0m[38;2;108;46;79m[48;2;108;46;79m▀[0m[38;2;108;46;79m[48;2;108;46;79m▀[0m[38;2;108;46;79m[48;2;108;46;79m▀[0m[38;2;108;46;79m[48;2;108;46;79m▀[0m[38;2;108;46;79m[48;2;108;46;79m▀[0m[38;2;108;46;79m[48;2;108;46;79m▀[0m[38;2;108;46;79m[48;2;108;46;79m▀[0m[38;2;108;46;79m[48;2;108;46;79m▀[0m[38;2;108;46;79m[48;2;108;46;79m▀[0m[38;2;108;46;79m[48;2;108;46;79m▀[0m[38;2;108;46;79m[48;2;108;46;79m▀[0m[38;2;108;46;79m[48;2;108;46;79m▀[0m[38;2;108;46;79m[48;2;108;46;79m▀[0m[38;2;108;46;79m[48;2;108;46;79m▀[0m[38;2;108;46;79m[48;2;108;46;79m▀[0m[38;2;108;46;79m[48;2;108;46;79m▀[0m[38;2;108;46;79m[48;2;108;46;79m▀[0m[38;2;108;46;79m[48;2;108;46;79m▀[0m[38;2;108;46;79m[48;2;108;46;79m▀[0m[38;2;108;46;79m[48;2;108;46;79m▀[0m[38;2;108;46;79m[48;2;108;46;79m▀[0m[38;2;108;46;79m[48;2;108;46;79m▀[0m[38;2;108;46;79m[48;2;108;46;79m▀[0m[38;2;108;46;79m[48;2;108;46;79m▀[0m[38;2;108;46;79m[48;2;107;45;78m▀[0m[38;2;104;41;75m[48;2;110;43;78m▀[0m[38;2;104;41;75m[48;2;119;49;84m▀[0m[38;2;141;97;121m[48;2;153;111;135m▀[0m[38;2;182;159;174m[48;2;186;172;184m▀[0m[38;2;194;181;192m[48;2;192;164;181m▀[0m[38;2;180;161;175m[48;2;172;128;152m▀[0m[38;2;132;79;108m[48;2;131;75;105m▀[0m[38;2;86;25;58m[48;2;86;25;58m▀[0m[38;2;86;21;59m[48;2;81;18;54m▀[0m                   
                 [38;2;0;0;0m▀[0m[38;2;0;0;0m▀[0m[38;2;10;15;15m[48;2;0;7;7m▀[0m[38;2;10;14;12m[48;2;2;11;6m▀[0m[38;2;46;27;36m[48;2;41;26;33m▀[0m[38;2;100;44;74m[48;2;100;45;75m▀[0m[38;2;114;48;83m[48;2;115;48;84m▀[0m[38;2;108;46;79m[48;2;108;46;79m▀[0m[38;2;108;46;79m[48;2;108;46;79m▀[0m[38;2;108;46;79m[48;2;108;46;79m▀[0m[38;2;108;46;79m[48;2;108;46;79m▀[0m[38;2;108;46;79m[48;2;108;46;79m▀[0m[38;2;108;46;79m[48;2;108;46;79m▀[0m[38;2;108;46;79m[48;2;108;46;79m▀[0m[38;2;108;46;79m[48;2;108;46;79m▀[0m[38;2;108;46;79m[48;2;108;46;79m▀[0m[38;2;108;46;79m[48;2;108;46;79m▀[0m[38;2;108;46;79m[48;2;108;46;79m▀[0m[38;2;108;46;79m[48;2;108;46;79m▀[0m[38;2;108;46;79m[48;2;108;46;79m▀[0m[38;2;108;46;79m[48;2;108;46;79m▀[0m[38;2;108;46;79m[48;2;108;46;79m▀[0m[38;2;108;46;79m[48;2;108;46;79m▀[0m[38;2;108;46;79m[48;2;108;46;79m▀[0m[38;2;108;46;79m[48;2;108;46;79m▀[0m[38;2;108;46;79m[48;2;108;46;79m▀[0m[38;2;108;46;79m[48;2;108;46;79m▀[0m[38;2;108;46;79m[48;2;108;46;79m▀[0m[38;2;108;46;79m[48;2;108;46;79m▀[0m[38;2;108;46;79m[48;2;108;46;79m▀[0m[38;2;108;46;79m[48;2;108;46;79m▀[0m[38;2;108;46;79m[48;2;108;46;79m▀[0m[38;2;108;46;79m[48;2;108;47;79m▀[0m[38;2;107;45;78m[48;2;105;42;75m▀[0m[38;2;106;44;77m[48;2;100;35;69m▀[0m[38;2;119;51;86m[48;2;122;62;94m▀[0m[38;2;143;69;105m[48;2;160;113;138m▀[0m[38;2;168;124;148m[48;2;193;165;182m▀[0m[38;2;183;166;179m[48;2;198;185;195m▀[0m[38;2;177;125;152m[48;2;135;106;121m▀[0m[38;2;149;74;110m[48;2;72;31;50m▀[0m[38;2;143;68;101m[48;2;61;24;41m▀[0m[38;2;102;51;51m▀[0m[38;2;0;0;0m▀[0m                   
                   [38;2;5;11;11m[48;2;0;15;15m▀[0m[38;2;8;13;11m[48;2;10;13;10m▀[0m[38;2;44;25;34m[48;2;62;29;48m▀[0m[38;2;100;44;74m[48;2;101;40;72m▀[0m[38;2;114;48;83m[48;2;113;46;82m▀[0m[38;2;108;46;79m[48;2;108;46;79m▀[0m[38;2;108;46;79m[48;2;108;47;79m▀[0m[38;2;108;46;79m[48;2;108;46;79m▀[0m[38;2;108;46;79m[48;2;108;46;79m▀[0m[38;2;108;46;79m[48;2;108;46;79m▀[0m[38;2;108;46;79m[48;2;108;46;79m▀[0m[38;2;108;46;79m[48;2;108;46;79m▀[0m[38;2;108;46;79m[48;2;108;46;79m▀[0m[38;2;108;46;79m[48;2;108;46;79m▀[0m[38;2;108;46;79m[48;2;108;46;79m▀[0m[38;2;108;46;79m[48;2;108;46;79m▀[0m[38;2;108;46;79m[48;2;108;46;79m▀[0m[38;2;108;46;79m[48;2;108;46;79m▀[0m[38;2;108;46;79m[48;2;108;46;79m▀[0m[38;2;108;46;79m[48;2;108;46;79m▀[0m[38;2;108;46;79m[48;2;108;46;79m▀[0m[38;2;108;46;79m[48;2;108;46;79m▀[0m[38;2;108;46;79m[48;2;108;46;79m▀[0m[38;2;108;46;79m[48;2;108;46;79m▀[0m[38;2;108;46;79m[48;2;108;46;79m▀[0m[38;2;108;46;79m[48;2;108;46;79m▀[0m[38;2;108;46;79m[48;2;108;46;79m▀[0m[38;2;108;46;79m[48;2;108;46;79m▀[0m[38;2;108;46;79m[48;2;108;46;79m▀[0m[38;2;108;46;79m[48;2;107;44;78m▀[0m[38;2;108;46;79m[48;2;103;39;73m▀[0m[38;2;107;44;77m[48;2;114;59;89m▀[0m[38;2;105;43;76m[48;2;143;104;128m▀[0m[38;2;136;91;116m[48;2;183;161;175m▀[0m[38;2;182;166;178m[48;2;225;220;225m▀[0m[38;2;219;210;218m[48;2;246;247;248m▀[0m[38;2;217;210;216m[48;2;246;249;248m▀[0m[38;2;100;98;99m[48;2;110;113;111m▀[0m[38;2;1;3;2m[48;2;0;1;0m▀[0m[38;2;0;0;0m[48;2;0;0;0m▀[0m                     
                     [38;2;90;32;65m[48;2;22;18;18m▀[0m[38;2;82;31;59m[48;2;29;18;25m▀[0m[38;2;100;41;73m[48;2;67;33;51m▀[0m[38;2;108;46;79m[48;2;108;47;79m▀[0m[38;2;109;47;80m[48;2;111;47;82m▀[0m[38;2;108;46;79m[48;2;105;44;77m▀[0m[38;2;108;46;79m[48;2;105;44;77m▀[0m[38;2;108;46;79m[48;2;105;44;77m▀[0m[38;2;108;46;79m[48;2;105;44;77m▀[0m[38;2;108;46;79m[48;2;106;44;77m▀[0m[38;2;108;46;79m[48;2;108;46;79m▀[0m[38;2;108;46;79m[48;2;108;46;79m▀[0m[38;2;108;46;79m[48;2;108;46;79m▀[0m[38;2;108;46;79m[48;2;108;46;79m▀[0m[38;2;108;46;79m[48;2;108;46;79m▀[0m[38;2;108;46;79m[48;2;108;46;79m▀[0m[38;2;108;46;79m[48;2;108;46;79m▀[0m[38;2;108;46;79m[48;2;108;46;79m▀[0m[38;2;108;46;79m[48;2;108;46;79m▀[0m[38;2;108;46;79m[48;2;108;46;79m▀[0m[38;2;108;46;79m[48;2;108;46;79m▀[0m[38;2;108;46;79m[48;2;108;46;79m▀[0m[38;2;108;46;79m[48;2;108;46;79m▀[0m[38;2;108;46;79m[48;2;108;46;79m▀[0m[38;2;108;46;79m[48;2;108;46;79m▀[0m[38;2;108;46;79m[48;2;108;46;79m▀[0m[38;2;108;46;79m[48;2;107;45;78m▀[0m[38;2;108;44;78m[48;2;111;47;81m▀[0m[38;2;106;38;74m[48;2;125;48;86m▀[0m[38;2;130;77;105m[48;2;154;94;123m▀[0m[38;2;178;157;172m[48;2;197;179;191m▀[0m[38;2;221;216;221m[48;2;234;235;237m▀[0m[38;2;254;254;254m[48;2;255;255;255m▀[0m[38;2;252;248;250m[48;2;225;197;211m▀[0m[38;2;238;230;234m[48;2;172;116;143m▀[0m[38;2;115;110;112m[48;2;125;80;102m▀[0m[38;2;3;3;3m[48;2;4;4;4m▀[0m[38;2;0;0;0m[48;2;0;0;0m▀[0m                     
                     [38;2;0;10;3m[48;2;0;13;6m▀[0m[38;2;3;11;7m[48;2;6;14;9m▀[0m[38;2;47;26;38m[48;2;42;22;33m▀[0m[38;2;102;42;74m[48;2;91;34;65m▀[0m[38;2;116;50;85m[48;2;124;56;91m▀[0m[38;2;118;53;87m[48;2;145;73;108m▀[0m[38;2;118;53;87m[48;2;145;74;109m▀[0m[38;2;117;53;86m[48;2;144;72;107m▀[0m[38;2;118;53;87m[48;2;146;74;109m▀[0m[38;2;115;51;84m[48;2;134;66;100m▀[0m[38;2;108;46;79m[48;2;110;48;81m▀[0m[38;2;106;45;78m[48;2;103;42;75m▀[0m[38;2;107;45;78m[48;2;106;44;77m▀[0m[38;2;107;46;79m[48;2;107;45;78m▀[0m[38;2;108;46;79m[48;2;108;46;79m▀[0m[38;2;108;46;79m[48;2;108;46;79m▀[0m[38;2;108;46;79m[48;2;108;46;79m▀[0m[38;2;108;46;79m[48;2;108;46;79m▀[0m[38;2;108;46;79m[48;2;108;46;79m▀[0m[38;2;108;46;79m[48;2;108;46;79m▀[0m[38;2;108;46;79m[48;2;108;46;79m▀[0m[38;2;108;46;79m[48;2;108;46;79m▀[0m[38;2;108;46;79m[48;2;108;46;79m▀[0m[38;2;108;46;79m[48;2;108;46;79m▀[0m[38;2;109;47;80m[48;2;110;48;81m▀[0m[38;2;108;46;79m[48;2;108;45;78m▀[0m[38;2;100;38;72m[48;2;90;26;60m▀[0m[38;2;108;46;79m[48;2;100;43;74m▀[0m[38;2;141;76;109m[48;2;154;119;140m▀[0m[38;2;178;131;154m[48;2;202;186;197m▀[0m[38;2;218;205;214m[48;2;240;237;239m▀[0m[38;2;245;247;247m[48;2;253;254;254m▀[0m[38;2;255;255;255m[48;2;255;255;255m▀[0m[38;2;212;172;191m[48;2;216;175;195m▀[0m[38;2;142;62;101m[48;2;153;74;113m▀[0m[38;2;142;43;93m[48;2;145;55;97m▀[0m                       
                     [38;2;34;20;27m[48;2;83;31;59m▀[0m[38;2;40;21;30m[48;2;88;32;62m▀[0m[38;2;72;34;54m[48;2;120;54;88m▀[0m[38;2;110;48;80m[48;2;145;73;108m▀[0m[38;2;136;66;101m[48;2;150;77;113m▀[0m[38;2;152;79;114m[48;2;148;76;111m▀[0m[38;2;152;80;115m[48;2;148;76;111m▀[0m[38;2;152;78;113m[48;2;148;76;111m▀[0m[38;2;153;80;115m[48;2;148;76;111m▀[0m[38;2;144;73;108m[48;2;148;76;111m▀[0m[38;2;126;59;93m[48;2;147;75;110m▀[0m[38;2;121;55;89m[48;2;148;76;111m▀[0m[38;2;122;57;91m[48;2;147;76;111m▀[0m[38;2;114;51;84m[48;2;128;61;95m▀[0m[38;2;106;45;78m[48;2;107;45;78m▀[0m[38;2;107;45;78m[48;2;106;44;77m▀[0m[38;2;108;46;79m[48;2;108;46;79m▀[0m[38;2;108;46;79m[48;2;108;46;79m▀[0m[38;2;108;46;79m[48;2;108;46;79m▀[0m[38;2;108;46;79m[48;2;108;46;79m▀[0m[38;2;108;46;79m[48;2;108;46;79m▀[0m[38;2;108;46;79m[48;2;108;46;79m▀[0m[38;2;110;47;81m[48;2;110;48;81m▀[0m[38;2;112;47;82m[48;2;111;47;81m▀[0m[38;2;104;39;73m[48;2;95;31;65m▀[0m[38;2;100;38;71m[48;2;96;38;69m▀[0m[38;2;110;58;87m[48;2;148;116;135m▀[0m[38;2;133;95;117m[48;2;186;169;182m▀[0m[38;2;168;147;162m[48;2;181;163;177m▀[0m[38;2;207;200;207m[48;2;200;188;198m▀[0m[38;2;247;247;248m[48;2;244;242;244m▀[0m[38;2;255;255;255m[48;2;255;255;255m▀[0m[38;2;255;255;255m[48;2;255;255;255m▀[0m[38;2;194;169;181m[48;2;149;148;148m▀[0m[38;2;99;53;75m[48;2;19;16;17m▀[0m[38;2;84;32;58m[48;2;4;2;4m▀[0m                       
                     [38;2;90;31;66m[48;2;87;31;62m▀[0m[38;2;96;34;67m[48;2;91;33;64m▀[0m[38;2;128;57;93m[48;2;123;55;90m▀[0m[38;2;151;78;113m[48;2;147;75;110m▀[0m[38;2;153;79;115m[48;2;151;78;114m▀[0m[38;2;148;76;111m[48;2;148;76;111m▀[0m[38;2;148;76;111m[48;2;148;76;111m▀[0m[38;2;148;76;111m[48;2;148;76;111m▀[0m[38;2;148;76;111m[48;2;148;76;111m▀[0m[38;2;149;76;111m[48;2;148;76;111m▀[0m[38;2;150;78;113m[48;2;148;76;111m▀[0m[38;2;152;79;114m[48;2;148;76;111m▀[0m[38;2;151;79;114m[48;2;148;76;111m▀[0m[38;2;140;71;105m[48;2;150;78;113m▀[0m[38;2;127;60;94m[48;2;148;77;112m▀[0m[38;2;115;51;84m[48;2;124;58;92m▀[0m[38;2;107;46;78m[48;2;106;45;77m▀[0m[38;2;108;46;79m[48;2;107;45;78m▀[0m[38;2;108;46;79m[48;2;108;46;79m▀[0m[38;2;108;46;79m[48;2;108;46;79m▀[0m[38;2;112;47;82m[48;2;110;47;81m▀[0m[38;2;116;49;85m[48;2;110;46;81m▀[0m[38;2;86;34;61m[48;2;61;27;45m▀[0m[38;2;53;22;38m[48;2;17;18;17m▀[0m[38;2;91;56;75m[48;2;102;97;101m▀[0m[38;2;141;104;126m[48;2;190;174;187m▀[0m[38;2;175;153;168m[48;2;192;175;188m▀[0m[38;2;192;178;190m[48;2;184;166;180m▀[0m[38;2;183;166;179m[48;2;182;164;177m▀[0m[38;2;199;185;196m[48;2;197;182;194m▀[0m[38;2;236;231;235m[48;2;224;214;222m▀[0m[38;2;207;205;206m[48;2;149;144;148m▀[0m[38;2;145;145;145m[48;2;22;21;22m▀[0m[38;2;89;93;91m[48;2;0;0;0m▀[0m[38;2;0;5;1m▀[0m[38;2;0;0;0m▀[0m                       
                   [38;2;127;63;63m▄[0m[38;2;85;36;60m▄[0m[38;2;80;25;55m[48;2;95;36;70m▀[0m[38;2;87;30;61m[48;2;97;37;69m▀[0m[38;2;121;53;88m[48;2;126;57;92m▀[0m[38;2;147;75;110m[48;2;147;75;110m▀[0m[38;2;151;78;114m[48;2;151;78;114m▀[0m[38;2;148;76;111m[48;2;148;76;111m▀[0m[38;2;148;76;111m[48;2;148;76;111m▀[0m[38;2;148;76;111m[48;2;148;76;111m▀[0m[38;2;148;76;111m[48;2;148;76;111m▀[0m[38;2;148;76;111m[48;2;148;76;111m▀[0m[38;2;148;76;111m[48;2;148;76;111m▀[0m[38;2;148;76;111m[48;2;149;76;111m▀[0m[38;2;148;76;111m[48;2;149;77;112m▀[0m[38;2;153;80;115m[48;2;149;77;112m▀[0m[38;2;152;80;115m[48;2;144;73;108m▀[0m[38;2;126;59;93m[48;2;124;57;92m▀[0m[38;2;106;45;77m[48;2;106;45;77m▀[0m[38;2;112;46;81m[48;2;101;43;74m▀[0m[38;2;117;49;85m[48;2;100;44;73m▀[0m[38;2;119;50;87m[48;2;104;45;76m▀[0m[38;2;91;38;66m[48;2;72;31;52m▀[0m[38;2;45;21;34m[48;2;23;15;18m▀[0m[38;2;63;52;59m[48;2;88;82;86m▀[0m[38;2;112;105;111m[48;2;191;173;187m▀[0m[38;2;158;147;157m[48;2;198;180;194m▀[0m[38;2;190;175;188m[48;2;184;167;180m▀[0m[38;2;189;172;185m[48;2;184;167;180m▀[0m[38;2;184;166;180m[48;2;184;167;180m▀[0m[38;2;182;165;178m[48;2;185;168;181m▀[0m[38;2;195;178;191m[48;2;184;167;179m▀[0m[38;2;216;200;213m[48;2;177;160;173m▀[0m[38;2;140;131;138m[48;2;117;106;114m▀[0m[38;2;15;14;15m[48;2;24;23;24m▀[0m[38;2;0;0;0m[48;2;0;0;0m▀[0m                         
                   [38;2;92;30;61m[48;2;88;29;59m▀[0m[38;2;88;32;62m[48;2;88;31;61m▀[0m[38;2;113;48;82m[48;2;122;52;89m▀[0m[38;2;131;63;97m[48;2;148;76;111m▀[0m[38;2;144;73;108m[48;2;154;81;116m▀[0m[38;2;148;76;111m[48;2;148;76;111m▀[0m[38;2;149;77;112m[48;2;148;76;111m▀[0m[38;2;148;76;111m[48;2;148;76;111m▀[0m[38;2;148;76;111m[48;2;150;77;112m▀[0m[38;2;148;76;111m[48;2;151;77;113m▀[0m[38;2;148;76;111m[48;2;151;77;113m▀[0m[38;2;148;76;111m[48;2;152;78;114m▀[0m[38;2;147;76;111m[48;2;153;79;115m▀[0m[38;2;153;78;114m[48;2;140;72;106m▀[0m[38;2;158;81;119m[48;2;118;61;92m▀[0m[38;2;144;70;107m[48;2;98;47;76m▀[0m[38;2;125;56;92m[48;2;84;36;63m▀[0m[38;2;122;52;89m[48;2;91;40;68m▀[0m[38;2;108;46;79m[48;2;83;38;62m▀[0m[38;2;62;32;48m[48;2;34;23;28m▀[0m[38;2;35;23;29m[48;2;0;10;3m▀[0m[38;2;34;22;28m[48;2;0;7;1m▀[0m[38;2;59;31;45m[48;2;57;32;44m▀[0m[38;2;101;51;75m[48;2;146;72;108m▀[0m[38;2;148;107;129m[48;2;183;123;154m▀[0m[38;2;189;171;184m[48;2;188;170;183m▀[0m[38;2;191;176;189m[48;2;187;173;185m▀[0m[38;2;184;167;180m[48;2;184;167;180m▀[0m[38;2;184;167;180m[48;2;184;167;180m▀[0m[38;2;185;169;181m[48;2;186;169;182m▀[0m[38;2;193;175;189m[48;2;197;179;193m▀[0m[38;2;157;143;153m[48;2;142;130;140m▀[0m[38;2;78;72;77m[48;2;23;24;26m▀[0m[38;2;44;40;42m[48;2;0;0;0m▀[0m[38;2;20;20;20m▀[0m[38;2;0;0;0m▀[0m                         
                 [38;2;109;36;72m▄[0m[38;2;96;35;70m▄[0m[38;2;79;31;55m[48;2;113;45;79m▀[0m[38;2;86;30;59m[48;2;113;48;83m▀[0m[38;2;115;49;84m[48;2;133;62;98m▀[0m[38;2;145;73;109m[48;2;151;76;113m▀[0m[38;2;153;80;115m[48;2;156;80;117m▀[0m[38;2;148;76;111m[48;2;153;78;115m▀[0m[38;2;147;76;111m[48;2;157;80;117m▀[0m[38;2;148;76;111m[48;2;151;77;113m▀[0m[38;2;153;78;115m[48;2;117;61;91m▀[0m[38;2;157;80;117m[48;2;94;50;76m▀[0m[38;2;157;80;117m[48;2;96;51;77m▀[0m[38;2;161;82;120m[48;2;98;51;80m▀[0m[38;2;165;84;123m[48;2;99;51;82m▀[0m[38;2;109;56;85m[48;2;95;61;63m▀[0m[38;2;27;16;30m[48;2;86;75;35m▀[0m[38;2;12;10;18m[48;2;64;56;28m▀[0m[38;2;23;16;22m[48;2;37;29;26m▀[0m[38;2;30;21;26m[48;2;15;16;16m▀[0m[38;2;29;20;25m[48;2;0;8;5m▀[0m[38;2;24;19;21m[48;2;0;7;7m▀[0m[38;2;0;6;0m▀[0m[38;2;0;6;0m▀[0m[38;2;109;53;77m[48;2;191;85;134m▀[0m[38;2;146;70;107m[48;2;146;71;106m▀[0m[38;2;185;126;157m[48;2;145;98;123m▀[0m[38;2;195;176;190m[48;2;130;117;126m▀[0m[38;2;191;177;189m[48;2;160;148;161m▀[0m[38;2;184;167;180m[48;2;184;170;186m▀[0m[38;2;184;167;180m[48;2;185;170;187m▀[0m[38;2;186;169;182m[48;2;184;169;186m▀[0m[38;2;197;179;192m[48;2;190;176;196m▀[0m[38;2;142;130;142m[48;2;160;143;150m▀[0m[38;2;24;26;33m[48;2;95;73;53m▀[0m[38;2;0;0;0m[48;2;75;49;24m▀[0m[38;2;104;70;59m▄[0m[38;2;108;71;68m▄[0m[38;2;103;66;59m▄[0m[38;2;103;56;56m▄[0m                       
                 [38;2;102;38;63m[48;2;53;21;42m▀[0m[38;2;90;32;65m[48;2;54;24;41m▀[0m[38;2;113;47;80m[48;2;75;37;57m▀[0m[38;2;142;70;106m[48;2;90;50;69m▀[0m[38;2;155;80;116m[48;2;94;54;73m▀[0m[38;2;153;78;114m[48;2;90;50;69m▀[0m[38;2;153;78;115m[48;2;89;50;69m▀[0m[38;2;153;78;115m[48;2;90;50;69m▀[0m[38;2;162;83;121m[48;2;84;46;69m▀[0m[38;2;147;75;111m[48;2;84;46;64m▀[0m[38;2;64;37;53m[48;2;98;66;47m▀[0m[38;2;8;10;14m[48;2;108;79;34m▀[0m[38;2;12;13;17m[48;2;108;78;35m▀[0m[38;2;10;10;18m[48;2;101;73;34m▀[0m[38;2;3;4;16m[48;2;92;66;31m▀[0m[38;2;100;82;43m[48;2;157;116;51m▀[0m[38;2;236;190;82m[48;2;252;189;83m▀[0m[38;2;202;154;81m[48;2;248;186;89m▀[0m[38;2;109;70;60m[48;2;196;147;80m▀[0m[38;2;85;52;52m[48;2;177;127;79m▀[0m[38;2;0;0;0m[48;2;131;84;69m▀[0m[38;2;0;0;0m[48;2;119;71;71m▀[0m  [38;2;127;63;127m▀[0m[38;2;145;72;109m▀[0m[38;2;22;15;20m[48;2;0;0;0m▀[0m[38;2;24;23;24m[48;2;0;0;0m▀[0m[38;2;110;102;111m[48;2;102;83;71m▀[0m[38;2;188;173;189m[48;2;203;162;134m▀[0m[38;2;189;175;191m[48;2;206;164;135m▀[0m[38;2;183;168;185m[48;2;197;157;131m▀[0m[38;2;182;170;193m[48;2;195;157;134m▀[0m[38;2;189;162;158m[48;2;205;157;117m▀[0m[38;2;205;144;81m[48;2;226;156;80m▀[0m[38;2;175;115;56m[48;2;208;137;67m▀[0m[38;2;122;82;64m[48;2;171;113;70m▀[0m[38;2;119;78;69m[48;2;184;130;78m▀[0m[38;2;117;77;63m[48;2;189;141;80m▀[0m[38;2;116;74;63m[48;2;152;109;69m▀[0m[38;2;99;59;59m▄[0m[38;2;110;66;66m▄[0m[38;2;105;63;60m▄[0m[38;2;63;31;63m▄[0m                   
                 [38;2;12;12;12m[48;2;0;0;0m▀[0m[38;2;15;15;15m[48;2;6;13;10m▀[0m[38;2;16;17;17m[48;2;4;14;9m▀[0m[38;2;15;16;15m[48;2;0;9;4m▀[0m[38;2;15;16;15m[48;2;0;7;2m▀[0m[38;2;15;16;15m[48;2;0;7;4m▀[0m[38;2;15;16;15m[48;2;0;7;4m▀[0m[38;2;15;16;15m[48;2;0;7;4m▀[0m[38;2;3;8;13m[48;2;52;40;32m▀[0m[38;2;25;22;18m[48;2;84;60;45m▀[0m[38;2;145;100;51m[48;2;103;73;45m▀[0m[38;2;225;152;72m[48;2;111;78;41m▀[0m[38;2;218;148;70m[48;2;106;75;40m▀[0m[38;2;213;144;69m[48;2;127;88;49m▀[0m[38;2;214;144;69m[48;2;171;116;70m▀[0m[38;2;211;141;68m[48;2;179;119;75m▀[0m[38;2;211;141;68m[48;2;167;110;70m▀[0m[38;2;240;179;80m[48;2;187;132;78m▀[0m[38;2;254;203;89m[48;2;192;144;80m▀[0m[38;2;188;140;80m[48;2;165;119;73m▀[0m[38;2;115;75;63m[48;2;114;75;62m▀[0m[38;2;108;66;62m[48;2;112;67;67m▀[0m  [38;2;109;72;60m▄[0m[38;2;255;0;0m[48;2;116;76;63m▀[0m[38;2;2;2;9m[48;2;136;91;59m▀[0m[38;2;14;15;15m[48;2;142;98;50m▀[0m[38;2;123;85;45m[48;2;193;130;60m▀[0m[38;2;219;148;70m[48;2;231;153;67m▀[0m[38;2;222;150;70m[48;2;232;154;67m▀[0m[38;2;213;144;68m[48;2;228;152;67m▀[0m[38;2;213;144;68m[48;2;228;152;66m▀[0m[38;2;213;144;68m[48;2;227;151;67m▀[0m[38;2;213;144;69m[48;2;225;150;71m▀[0m[38;2;211;141;68m[48;2;237;167;77m▀[0m[38;2;213;143;68m[48;2;255;192;85m▀[0m[38;2;242;180;80m[48;2;255;212;90m▀[0m[38;2;255;204;89m[48;2;255;219;92m▀[0m[38;2;180;136;76m[48;2;239;189;88m▀[0m[38;2;120;78;65m[48;2;213;164;84m▀[0m[38;2;129;85;70m[48;2;217;173;87m▀[0m[38;2;122;81;64m[48;2;197;150;78m▀[0m[38;2;124;86;65m[48;2;153;108;73m▀[0m[38;2;0;0;0m[48;2;108;67;62m▀[0m[38;2;106;63;63m▄[0m                 
                         [38;2;149;99;77m[48;2;170;108;85m▀[0m[38;2;126;85;67m[48;2;133;88;70m▀[0m[38;2;53;39;34m[48;2;48;33;33m▀[0m[38;2;0;4;8m[48;2;0;0;3m▀[0m[38;2;0;2;7m[48;2;0;0;3m▀[0m[38;2;32;25;25m[48;2;18;18;22m▀[0m[38;2;103;70;58m[48;2;96;66;59m▀[0m[38;2;126;83;68m[48;2;121;81;70m▀[0m[38;2;118;78;64m[48;2;110;73;66m▀[0m[38;2;124;82;68m[48;2;118;77;66m▀[0m[38;2;115;76;62m[48;2;105;67;63m▀[0m[38;2;115;72;60m[48;2;99;55;55m▀[0m    [38;2;114;73;63m[48;2;129;85;68m▀[0m[38;2;118;79;64m[48;2;125;83;66m▀[0m[38;2;169;114;72m[48;2;115;79;58m▀[0m[38;2;205;138;67m[48;2;77;56;33m▀[0m[38;2;205;139;65m[48;2;70;51;29m▀[0m[38;2;196;133;64m[48;2;69;51;30m▀[0m[38;2;196;133;64m[48;2;69;51;30m▀[0m[38;2;196;133;65m[48;2;69;51;30m▀[0m[38;2;196;133;65m[48;2;69;51;30m▀[0m[38;2;196;131;64m[48;2;69;50;30m▀[0m[38;2;194;129;64m[48;2;69;50;30m▀[0m[38;2;211;153;71m[48;2;70;55;31m▀[0m[38;2;235;188;83m[48;2;80;67;35m▀[0m[38;2;240;196;86m[48;2;118;92;53m▀[0m[38;2;244;194;87m[48;2;160;116;72m▀[0m[38;2;248;197;88m[48;2;166;120;74m▀[0m[38;2;250;201;88m[48;2;163;120;72m▀[0m[38;2;250;208;90m[48;2;163;122;73m▀[0m[38;2;231;181;86m[48;2;159;115;73m▀[0m[38;2;159;112;76m[48;2;142;97;72m▀[0m[38;2;110;69;63m[48;2;119;77;63m▀[0m[38;2;104;69;57m[48;2;115;81;57m▀[0m                 
                                         [38;2;139;90;69m▀[0m[38;2;129;85;67m▀[0m[38;2;81;57;48m▀[0m[38;2;1;7;13m▀[0m[38;2;0;1;8m▀[0m[38;2;0;6;12m▀[0m[38;2;0;6;12m▀[0m[38;2;0;6;12m▀[0m[38;2;0;6;12m▀[0m[38;2;0;6;12m▀[0m[38;2;0;6;12m▀[0m[38;2;0;1;9m▀[0m[38;2;0;0;8m▀[0m[38;2;51;34;35m▀[0m[38;2;113;73;64m▀[0m[38;2;119;75;66m▀[0m[38;2;112;72;63m▀[0m[38;2;112;71;63m▀[0m[38;2;116;76;64m▀[0m[38;2;129;86;69m▀[0m[38;2;124;82;64m▀[0m[38;2;121;85;60m▀[0m                 
[0m