                                       [38;2;81;41;83m▄[0m[38;2;90;48;97m[48;2;141;84;168m▀[0m[38;2;90;49;98m[48;2;144;85;172m▀[0m[38;2;80;42;83m▄[0m                                     
                                       [38;2;0;3;0m[48;2;0;7;0m▀[0m[38;2;99;65;121m[48;2;76;48;87m▀[0m[38;2;148;88;177m[48;2;168;101;204m▀[0m[38;2;80;42;83m[48;2;142;84;169m▀[0m[38;2;79;41;85m▄[0m                                    
                                       [38;2;0;7;0m[48;2;0;7;0m▀[0m[38;2;76;48;87m[48;2;78;49;90m▀[0m[38;2;163;98;197m[48;2;145;85;171m▀[0m[38;2;179;111;223m[48;2;154;93;187m▀[0m[38;2;141;83;167m[48;2;179;111;223m▀[0m[38;2;80;42;84m[48;2;142;84;169m▀[0m[38;2;80;42;83m▄[0m                                  
                                       [38;2;85;45;90m▀[0m[38;2;120;68;137m[48;2;0;8;0m▀[0m[38;2;142;84;168m[48;2;76;48;88m▀[0m[38;2;137;81;161m[48;2;147;86;174m▀[0m[38;2;154;93;186m[48;2;137;81;161m▀[0m[38;2;179;111;223m[48;2;153;92;185m▀[0m[38;2;138;82;165m[48;2;174;108;216m▀[0m[38;2;89;47;95m[48;2;169;104;223m▀[0m[38;2;89;48;97m[48;2;194;122;134m▀[0m[38;2;234;151;0m▄[0m[38;2;240;155;8m▄[0m[38;2;229;147;7m▄[0m                             
                                        [38;2;0;8;0m▀[0m[38;2;76;48;88m[48;2;0;8;0m▀[0m[38;2;147;86;174m[48;2;74;47;85m▀[0m[38;2;139;82;164m[48;2;147;86;174m▀[0m[38;2;139;82;164m[48;2;139;82;164m▀[0m[38;2;137;81;161m[48;2;139;82;164m▀[0m[38;2;148;87;192m[48;2;134;79;172m▀[0m[38;2;206;143;154m[48;2;174;107;104m▀[0m[38;2;255;204;37m[48;2;235;150;0m▀[0m[38;2;255;199;51m[48;2;239;165;22m▀[0m[38;2;247;180;35m[48;2;255;201;52m▀[0m[38;2;228;144;5m[48;2;255;197;49m▀[0m[38;2;239;154;8m[48;2;255;199;51m▀[0m[38;2;229;148;8m[48;2;248;183;37m▀[0m[38;2;228;144;5m▄[0m[38;2;237;153;8m▄[0m[38;2;229;148;8m▄[0m                       
                                          [38;2;0;8;0m▀[0m[38;2;72;46;83m[48;2;6;11;4m▀[0m[38;2;147;87;174m[48;2;46;29;49m▀[0m[38;2;139;82;164m[48;2;115;65;131m▀[0m[38;2;134;79;172m[48;2;142;84;169m▀[0m[38;2;174;107;104m[48;2;135;79;172m▀[0m[38;2;237;153;0m[48;2;173;106;107m▀[0m[38;2;230;148;8m[48;2;237;153;0m▀[0m[38;2;230;148;8m[48;2;230;148;8m▀[0m[38;2;229;146;6m[48;2;230;148;8m▀[0m[38;2;238;163;21m[48;2;230;148;8m▀[0m[38;2;255;201;52m[48;2;230;148;8m▀[0m[38;2;255;197;49m[48;2;229;146;7m▀[0m[38;2;255;199;50m[48;2;237;159;16m▀[0m[38;2;249;185;39m[48;2;255;213;73m▀[0m[38;2;235;149;5m[48;2;255;251;139m▀[0m[38;2;230;148;7m[48;2;255;235;113m▀[0m[38;2;255;198;44m▄[0m[38;2;255;196;48m▄[0m                   
                                             [38;2;98;52;108m▀[0m[38;2;67;39;72m▀[0m[38;2;0;7;11m▀[0m[38;2;95;65;13m[48;2;16;16;16m▀[0m[38;2;246;158;7m[48;2;17;17;17m▀[0m[38;2;230;148;8m[48;2;16;16;16m▀[0m[38;2;230;148;8m[48;2;7;11;16m▀[0m[38;2;230;148;8m[48;2;82;57;14m▀[0m[38;2;230;148;8m[48;2;246;158;7m▀[0m[38;2;230;148;8m[48;2;230;148;8m▀[0m[38;2;229;146;7m[48;2;230;148;8m▀[0m[38;2;236;159;16m[48;2;230;148;8m▀[0m[38;2;255;212;71m[48;2;229;147;7m▀[0m[38;2;255;249;135m[48;2;236;158;15m▀[0m[38;2;255;249;152m[48;2;255;211;67m▀[0m[38;2;255;249;188m[48;2;255;252;157m▀[0m[38;2;255;192;35m[48;2;255;249;190m▀[0m[38;2;255;193;36m▄[0m                 
                                                    [38;2;16;16;16m▀[0m[38;2;17;17;17m▀[0m[38;2;16;16;16m▀[0m[38;2;16;16;16m▀[0m[38;2;16;16;16m▀[0m[38;2;10;12;16m▀[0m[38;2;63;44;13m[48;2;17;17;17m▀[0m[38;2;250;166;14m[48;2;12;14;17m▀[0m[38;2;255;210;66m[48;2;57;40;12m▀[0m[38;2;255;252;155m[48;2;249;175;28m▀[0m[38;2;255;249;191m[48;2;255;255;156m▀[0m[38;2;255;192;36m[48;2;255;250;193m▀[0m[38;2;255;193;37m▄[0m               
                                                       [38;2;228;146;7m▄[0m[38;2;247;159;9m▄[0m[38;2;230;148;8m▄[0m[38;2;230;148;8m▄[0m[38;2;230;148;8m▄[0m[38;2;0;0;5m[48;2;235;151;8m▀[0m[38;2;61;59;37m[48;2;186;119;7m▀[0m[38;2;255;255;153m[48;2;43;46;35m▀[0m[38;2;255;255;221m[48;2;255;255;151m▀[0m[38;2;255;250;190m[48;2;255;255;221m▀[0m[38;2;255;192;36m[48;2;255;250;192m▀[0m[38;2;255;193;37m▄[0m             
      [38;2;90;49;97m▄[0m[38;2;90;49;98m▄[0m[38;2;94;51;102m▄[0m[38;2;89;51;102m▄[0m                                        [38;2;231;148;8m▄[0m[38;2;246;155;4m▄[0m[38;2;229;148;6m[48;2;238;178;46m▀[0m[38;2;247;159;9m[48;2;255;253;140m▀[0m[38;2;229;145;4m[48;2;255;246;131m▀[0m[38;2;237;174;41m[48;2;255;246;131m▀[0m[38;2;255;253;140m[48;2;255;246;131m▀[0m[38;2;255;246;131m[48;2;255;246;131m▀[0m[38;2;255;246;131m[48;2;255;246;131m▀[0m[38;2;255;246;131m[48;2;255;246;131m▀[0m[38;2;255;246;131m[48;2;255;246;131m▀[0m[38;2;255;246;131m[48;2;255;246;131m▀[0m[38;2;255;246;131m[48;2;255;246;131m▀[0m[38;2;255;246;130m[48;2;255;246;131m▀[0m[38;2;255;249;146m[48;2;255;246;130m▀[0m[38;2;255;243;191m[48;2;255;249;145m▀[0m[38;2;227;141;0m[48;2;255;244;193m▀[0m[38;2;228;141;0m▄[0m            
   [38;2;88;48;95m▄[0m[38;2;89;48;98m[48;2;169;104;209m▀[0m[38;2;88;47;95m[48;2;172;106;213m▀[0m[38;2;168;103;207m[48;2;172;106;213m▀[0m[38;2;172;106;213m[48;2;172;106;213m▀[0m[38;2;175;108;218m[48;2;172;106;213m▀[0m[38;2;101;56;112m[48;2;176;109;218m▀[0m[38;2;77;44;88m[48;2;102;57;113m▀[0m[38;2;81;40;91m▄[0m                                   [38;2;226;140;2m▄[0m[38;2;230;149;8m[48;2;255;174;20m▀[0m[38;2;246;154;3m[48;2;255;218;81m▀[0m[38;2;238;181;50m[48;2;255;252;141m▀[0m[38;2;255;253;140m[48;2;255;230;104m▀[0m[38;2;255;246;131m[48;2;255;195;45m▀[0m[38;2;255;246;131m[48;2;248;183;37m▀[0m[38;2;255;248;134m[48;2;228;144;5m▀[0m[38;2;255;233;109m[48;2;230;148;8m▀[0m[38;2;255;195;44m[48;2;230;148;8m▀[0m[38;2;249;185;39m[48;2;230;148;8m▀[0m[38;2;228;144;5m[48;2;230;148;8m▀[0m[38;2;230;148;8m[48;2;230;148;8m▀[0m[38;2;230;148;8m[48;2;230;148;8m▀[0m[38;2;230;148;8m[48;2;230;148;8m▀[0m[38;2;230;147;7m[48;2;230;148;8m▀[0m[38;2;234;155;13m[48;2;230;148;8m▀[0m[38;2;255;207;64m[48;2;230;147;7m▀[0m[38;2;255;249;135m[48;2;233;154;12m▀[0m[38;2;255;248;143m[48;2;255;206;60m▀[0m[38;2;255;245;195m[48;2;255;252;145m▀[0m[38;2;228;141;0m[48;2;245;239;214m▀[0m[38;2;132;72;161m▄[0m          
 [38;2;15;15;15m▄[0m[38;2;13;14;13m[48;2;137;81;161m▀[0m[38;2;169;104;209m[48;2;139;82;164m▀[0m[38;2;140;83;166m[48;2;139;82;164m▀[0m[38;2;139;82;164m[48;2;139;82;164m▀[0m[38;2;139;82;164m[48;2;139;82;164m▀[0m[38;2;138;81;162m[48;2;139;82;164m▀[0m[38;2;170;104;210m[48;2;138;81;162m▀[0m[38;2;176;109;219m[48;2;169;104;209m▀[0m[38;2;102;57;113m[48;2;176;109;219m▀[0m[38;2;81;40;91m[48;2;103;57;115m▀[0m[38;2;81;45;91m▄[0m                                [38;2;226;134;0m▄[0m[38;2;225;135;0m[48;2;255;198;58m▀[0m[38;2;255;196;56m[48;2;255;255;144m▀[0m[38;2;255;255;144m[48;2;255;230;103m▀[0m[38;2;255;231;104m[48;2;246;176;29m▀[0m[38;2;247;177;29m[48;2;228;144;5m▀[0m[38;2;228;144;5m[48;2;230;148;8m▀[0m[38;2;230;148;8m[48;2;230;148;8m▀[0m[38;2;230;148;8m[48;2;230;148;8m▀[0m[38;2;230;148;8m[48;2;230;148;8m▀[0m[38;2;230;148;8m[48;2;230;148;8m▀[0m[38;2;230;148;8m[48;2;230;148;8m▀[0m[38;2;230;148;8m[48;2;230;148;8m▀[0m[38;2;230;148;8m[48;2;230;148;8m▀[0m[38;2;230;148;8m[48;2;230;148;8m▀[0m[38;2;230;148;8m[48;2;230;148;8m▀[0m[38;2;230;148;8m[48;2;230;148;8m▀[0m[38;2;230;148;8m[48;2;230;148;8m▀[0m[38;2;230;148;8m[48;2;231;149;8m▀[0m[38;2;230;148;8m[48;2;228;139;7m▀[0m[38;2;230;147;7m[48;2;171;69;2m▀[0m[38;2;236;156;13m[48;2;3;10;17m▀[0m[38;2;228;178;48m[48;2;43;36;19m▀[0m[38;2;27;21;14m[48;2;255;213;60m▀[0m[38;2;241;154;7m[48;2;234;228;125m▀[0m[38;2;4;4;9m▄[0m         
[38;2;90;49;98m▄[0m[38;2;15;15;15m[48;2;139;82;163m▀[0m[38;2;137;81;161m[48;2;139;82;164m▀[0m[38;2;139;82;164m[48;2;139;82;164m▀[0m[38;2;139;82;164m[48;2;139;82;164m▀[0m[38;2;139;82;164m[48;2;139;82;164m▀[0m[38;2;139;82;164m[48;2;139;82;164m▀[0m[38;2;139;82;164m[48;2;139;82;164m▀[0m[38;2;139;82;164m[48;2;139;82;164m▀[0m[38;2;137;81;162m[48;2;137;81;162m▀[0m[38;2;173;107;214m[48;2;173;107;214m▀[0m[38;2;103;57;115m[48;2;103;57;115m▀[0m[38;2;81;45;91m[48;2;81;45;91m▀[0m                              [38;2;187;67;0m▄[0m[38;2;190;60;0m[48;2;235;134;17m▀[0m[38;2;235;156;54m[48;2;255;231;93m▀[0m[38;2;255;255;147m[48;2;245;210;88m▀[0m[38;2;245;208;84m[48;2;228;141;0m▀[0m[38;2;228;141;0m[48;2;230;148;8m▀[0m[38;2;230;148;8m[48;2;230;148;8m▀[0m[38;2;230;148;8m[48;2;230;148;8m▀[0m[38;2;230;148;8m[48;2;230;148;8m▀[0m[38;2;230;148;8m[48;2;230;148;8m▀[0m[38;2;230;148;8m[48;2;230;148;8m▀[0m[38;2;230;148;8m[48;2;230;148;8m▀[0m[38;2;230;148;8m[48;2;230;148;8m▀[0m[38;2;230;148;8m[48;2;230;148;8m▀[0m[38;2;230;148;8m[48;2;230;148;8m▀[0m[38;2;230;148;8m[48;2;230;148;8m▀[0m[38;2;230;148;8m[48;2;230;148;8m▀[0m[38;2;230;148;8m[48;2;230;148;8m▀[0m[38;2;230;148;8m[48;2;230;148;8m▀[0m[38;2;231;149;8m[48;2;231;149;8m▀[0m[38;2;225;136;3m[48;2;225;136;3m▀[0m[38;2;191;92;29m[48;2;195;96;32m▀[0m[38;2;190;205;225m[48;2;154;169;189m▀[0m[38;2;252;253;254m[48;2;36;36;37m▀[0m[38;2;158;166;181m[48;2;255;255;240m▀[0m[38;2;5;6;6m[48;2;231;147;0m▀[0m[38;2;37;29;15m[48;2;255;205;59m▀[0m[38;2;240;154;7m[48;2;254;241;125m▀[0m[38;2;229;144;2m▄[0m        
[38;2;16;16;16m[48;2;16;16;16m▀[0m[38;2;138;81;163m[48;2;138;81;163m▀[0m[38;2;139;82;164m[48;2;139;82;164m▀[0m[38;2;139;82;164m[48;2;139;82;164m▀[0m[38;2;139;82;164m[48;2;139;82;164m▀[0m[38;2;139;82;164m[48;2;139;82;164m▀[0m[38;2;139;82;164m[48;2;139;82;164m▀[0m[38;2;139;82;164m[48;2;139;82;164m▀[0m[38;2;139;82;164m[48;2;139;82;164m▀[0m[38;2;139;82;164m[48;2;145;85;171m▀[0m[38;2;141;84;167m[48;2;18;19;30m▀[0m[38;2;100;55;110m[48;2;178;75;0m▀[0m[38;2;81;45;91m[48;2;199;83;0m▀[0m[38;2;208;87;0m▄[0m[38;2;195;82;0m▄[0m                           [38;2;192;73;0m[48;2;192;73;0m▀[0m[38;2;224;114;1m[48;2;225;117;4m▀[0m[38;2;244;176;28m[48;2;232;153;9m▀[0m[38;2;246;180;35m[48;2;230;148;8m▀[0m[38;2;228;145;5m[48;2;230;148;8m▀[0m[38;2;230;148;8m[48;2;230;148;8m▀[0m[38;2;230;148;8m[48;2;230;148;8m▀[0m[38;2;230;148;8m[48;2;230;148;8m▀[0m[38;2;230;148;8m[48;2;230;148;8m▀[0m[38;2;230;148;8m[48;2;230;148;8m▀[0m[38;2;230;148;8m[48;2;230;148;8m▀[0m[38;2;230;148;8m[48;2;230;148;8m▀[0m[38;2;230;148;8m[48;2;230;148;8m▀[0m[38;2;230;148;8m[48;2;230;148;8m▀[0m[38;2;230;148;8m[48;2;230;148;8m▀[0m[38;2;230;148;8m[48;2;230;148;8m▀[0m[38;2;230;148;8m[48;2;230;148;8m▀[0m[38;2;230;148;8m[48;2;230;148;8m▀[0m[38;2;230;148;8m[48;2;230;148;8m▀[0m[38;2;231;149;8m[48;2;231;149;8m▀[0m[38;2;225;135;3m[48;2;225;135;3m▀[0m[38;2;195;98;35m[48;2;195;98;35m▀[0m[38;2;151;167;187m[48;2;153;168;187m▀[0m[38;2;41;41;40m[48;2;30;31;32m▀[0m[38;2;237;237;237m[48;2;167;175;190m▀[0m[38;2;30;31;32m[48;2;34;35;35m▀[0m[38;2;255;249;241m[48;2;255;249;242m▀[0m[38;2;199;89;0m[48;2;199;83;0m▀[0m[38;2;255;247;127m[48;2;255;207;59m▀[0m[38;2;229;144;2m[48;2;252;237;125m▀[0m[38;2;194;75;0m▄[0m       
[38;2;16;16;16m[48;2;16;16;16m▀[0m[38;2;138;81;163m[48;2;138;81;163m▀[0m[38;2;139;82;164m[48;2;139;82;164m▀[0m[38;2;139;82;164m[48;2;139;82;164m▀[0m[38;2;139;82;164m[48;2;139;82;164m▀[0m[38;2;139;82;164m[48;2;139;82;164m▀[0m[38;2;139;82;164m[48;2;139;82;164m▀[0m[38;2;139;82;164m[48;2;139;82;164m▀[0m[38;2;144;85;170m[48;2;139;82;164m▀[0m[38;2;16;15;28m[48;2;145;85;171m▀[0m[38;2;209;133;6m[48;2;27;22;29m▀[0m[38;2;254;193;45m[48;2;15;15;15m▀[0m[38;2;255;198;49m[48;2;3;6;14m▀[0m[38;2;255;204;52m[48;2;226;175;45m▀[0m[38;2;205;97;7m[48;2;255;199;49m▀[0m[38;2;196;80;0m[48;2;255;197;49m▀[0m[38;2;210;87;0m[48;2;255;204;52m▀[0m[38;2;197;81;0m[48;2;207;102;8m▀[0m[38;2;209;85;0m▄[0m[38;2;198;81;0m▄[0m                     [38;2;192;73;0m[48;2;192;73;0m▀[0m[38;2;225;118;4m[48;2;225;118;4m▀[0m[38;2;232;152;9m[48;2;232;152;9m▀[0m[38;2;230;148;8m[48;2;230;148;8m▀[0m[38;2;230;148;8m[48;2;230;148;8m▀[0m[38;2;230;148;8m[48;2;230;148;8m▀[0m[38;2;230;148;8m[48;2;230;148;8m▀[0m[38;2;230;148;8m[48;2;230;148;8m▀[0m[38;2;230;148;8m[48;2;230;148;8m▀[0m[38;2;230;148;8m[48;2;230;148;8m▀[0m[38;2;230;148;8m[48;2;230;148;8m▀[0m[38;2;230;148;8m[48;2;230;148;8m▀[0m[38;2;230;148;8m[48;2;230;148;8m▀[0m[38;2;230;148;8m[48;2;230;148;8m▀[0m[38;2;230;148;8m[48;2;230;148;8m▀[0m[38;2;230;148;8m[48;2;230;148;8m▀[0m[38;2;230;148;8m[48;2;230;148;8m▀[0m[38;2;230;148;8m[48;2;230;148;8m▀[0m[38;2;230;148;8m[48;2;230;148;8m▀[0m[38;2;230;148;8m[48;2;230;148;8m▀[0m[38;2;231;149;8m[48;2;230;148;8m▀[0m[38;2;225;135;3m[48;2;231;149;8m▀[0m[38;2;195;98;35m[48;2;225;136;3m▀[0m[38;2;155;170;190m[48;2;195;96;32m▀[0m[38;2;6;5;5m[48;2;155;170;190m▀[0m[38;2;14;14;14m[48;2;26;28;31m▀[0m[38;2;34;36;39m[48;2;191;186;193m▀[0m[38;2;190;187;194m[48;2;201;83;0m▀[0m[38;2;201;82;0m[48;2;232;151;8m▀[0m[38;2;233;155;11m[48;2;230;147;7m▀[0m[38;2;255;203;57m[48;2;232;155;16m▀[0m[38;2;252;238;126m[48;2;255;250;136m▀[0m[38;2;194;75;0m[48;2;253;238;124m▀[0m[38;2;194;77;0m▄[0m     
[38;2;16;16;16m▀[0m[38;2;138;81;163m[48;2;15;15;15m▀[0m[38;2;139;82;164m[48;2;137;81;161m▀[0m[38;2;139;82;164m[48;2;139;82;164m▀[0m[38;2;139;82;164m[48;2;139;82;164m▀[0m[38;2;139;82;164m[48;2;139;82;164m▀[0m[38;2;139;82;164m[48;2;139;82;164m▀[0m[38;2;139;82;164m[48;2;139;82;164m▀[0m[38;2;139;82;164m[48;2;141;83;167m▀[0m[38;2;141;84;167m[48;2;98;54;108m▀[0m[38;2;99;54;109m[48;2;88;44;88m▀[0m[38;2;91;51;91m▀[0m [38;2;15;15;15m▀[0m[38;2;2;5;14m▀[0m[38;2;220;171;44m[48;2;16;16;16m▀[0m[38;2;255;200;50m[48;2;1;5;14m▀[0m[38;2;255;197;49m[48;2;214;166;43m▀[0m[38;2;255;205;52m[48;2;255;201;50m▀[0m[38;2;208;105;10m[48;2;255;197;49m▀[0m[38;2;210;85;0m[48;2;255;205;52m▀[0m[38;2;196;80;0m[48;2;224;114;11m▀[0m[38;2;191;68;0m▄[0m                 [38;2;192;72;0m[48;2;192;72;0m▀[0m[38;2;225;119;4m[48;2;225;119;4m▀[0m[38;2;232;152;9m[48;2;232;152;9m▀[0m[38;2;230;148;8m[48;2;230;148;8m▀[0m[38;2;230;148;8m[48;2;230;148;8m▀[0m[38;2;230;148;8m[48;2;230;148;8m▀[0m[38;2;230;148;8m[48;2;230;148;8m▀[0m[38;2;230;148;8m[48;2;230;148;8m▀[0m[38;2;230;148;8m[48;2;230;148;8m▀[0m[38;2;230;148;8m[48;2;230;148;8m▀[0m[38;2;230;148;8m[48;2;230;148;8m▀[0m[38;2;230;148;8m[48;2;230;148;8m▀[0m[38;2;230;148;8m[48;2;230;148;8m▀[0m[38;2;230;148;8m[48;2;230;148;8m▀[0m[38;2;230;148;8m[48;2;230;148;8m▀[0m[38;2;230;148;8m[48;2;230;148;8m▀[0m[38;2;230;148;8m[48;2;230;148;8m▀[0m[38;2;230;148;8m[48;2;230;148;8m▀[0m[38;2;230;148;8m[48;2;230;148;8m▀[0m[38;2;230;148;8m[48;2;230;148;8m▀[0m[38;2;230;148;8m[48;2;230;148;8m▀[0m[38;2;230;148;8m[48;2;230;148;8m▀[0m[38;2;231;149;8m[48;2;230;148;8m▀[0m[38;2;225;136;3m[48;2;231;149;8m▀[0m[38;2;192;93;29m[48;2;225;137;7m▀[0m[38;2;179;196;217m[48;2;200;88;1m▀[0m[38;2;180;190;207m[48;2;227;143;7m▀[0m[38;2;182;176;182m[48;2;199;86;0m▀[0m[38;2;201;83;0m[48;2;232;151;8m▀[0m[38;2;232;151;8m[48;2;230;148;8m▀[0m[38;2;230;148;8m[48;2;230;148;8m▀[0m[38;2;230;148;8m[48;2;230;148;8m▀[0m[38;2;231;151;10m[48;2;230;148;8m▀[0m[38;2;255;202;55m[48;2;230;148;8m▀[0m[38;2;253;241;128m[48;2;231;150;10m▀[0m[38;2;196;78;0m[48;2;255;200;53m▀[0m[38;2;196;81;0m[48;2;254;243;129m▀[0m[38;2;196;80;0m▄[0m[38;2;197;81;0m▄[0m 
 [38;2;15;15;15m▀[0m[38;2;137;81;161m[48;2;14;15;14m▀[0m[38;2;139;82;164m[48;2;136;80;160m▀[0m[38;2;139;82;164m[48;2;139;82;164m▀[0m[38;2;139;82;164m[48;2;139;82;164m▀[0m[38;2;139;82;164m[48;2;143;84;169m▀[0m[38;2;139;82;164m[48;2;23;20;25m▀[0m[38;2;144;85;170m[48;2;16;16;16m▀[0m[38;2;26;22;28m[48;2;12;12;12m▀[0m[38;2;11;11;0m▀[0m      [38;2;0;1;13m▀[0m[38;2;211;164;43m[48;2;0;1;13m▀[0m[38;2;255;201;50m[48;2;208;162;43m▀[0m[38;2;255;197;49m[48;2;255;201;50m▀[0m[38;2;255;205;53m[48;2;255;197;49m▀[0m[38;2;225;115;12m[48;2;255;205;53m▀[0m[38;2;191;67;0m[48;2;226;117;12m▀[0m[38;2;187;67;0m▄[0m              [38;2;193;73;0m▄[0m[38;2;192;72;0m[48;2;226;120;4m▀[0m[38;2;225;119;4m[48;2;232;152;9m▀[0m[38;2;232;152;9m[48;2;230;148;8m▀[0m[38;2;230;148;8m[48;2;230;148;8m▀[0m[38;2;230;148;8m[48;2;230;148;8m▀[0m[38;2;230;148;8m[48;2;230;148;8m▀[0m[38;2;230;148;8m[48;2;230;148;8m▀[0m[38;2;230;148;8m[48;2;230;148;8m▀[0m[38;2;230;148;8m[48;2;230;148;8m▀[0m[38;2;230;148;8m[48;2;230;148;8m▀[0m[38;2;230;148;8m[48;2;230;148;8m▀[0m[38;2;230;148;8m[48;2;230;148;8m▀[0m[38;2;230;148;8m[48;2;230;148;8m▀[0m[38;2;230;148;8m[48;2;230;148;8m▀[0m[38;2;230;148;8m[48;2;230;148;8m▀[0m[38;2;230;148;8m[48;2;230;148;8m▀[0m[38;2;230;148;8m[48;2;230;148;8m▀[0m[38;2;230;148;8m[48;2;230;148;8m▀[0m[38;2;230;148;8m[48;2;230;148;8m▀[0m[38;2;230;148;8m[48;2;230;148;8m▀[0m[38;2;230;148;8m[48;2;230;148;8m▀[0m[38;2;230;148;8m[48;2;230;148;8m▀[0m[38;2;230;148;8m[48;2;230;148;8m▀[0m[38;2;230;148;8m[48;2;230;148;8m▀[0m[38;2;230;148;8m[48;2;230;148;8m▀[0m[38;2;230;148;8m[48;2;230;148;8m▀[0m[38;2;230;148;8m[48;2;230;148;8m▀[0m[38;2;230;148;8m[48;2;232;149;8m▀[0m[38;2;230;148;8m[48;2;209;135;9m▀[0m[38;2;232;149;8m[48;2;6;10;17m▀[0m[38;2;213;138;9m[48;2;16;16;16m▀[0m[38;2;7;10;16m▀[0m[38;2;16;16;16m▀[0m[38;2;15;16;16m▀[0m[38;2;25;21;16m[48;2;25;25;25m▀[0m[38;2;235;151;8m[48;2;16;16;16m▀[0m[38;2;231;149;9m[48;2;16;16;16m▀[0m[38;2;255;199;51m[48;2;16;16;16m▀[0m[38;2;253;244;131m[48;2;16;16;16m▀[0m[38;2;15;15;16m▀[0m
   [38;2;91;49;99m▀[0m[38;2;19;17;19m▀[0m[38;2;16;16;16m▀[0m[38;2;17;17;17m▀[0m[38;2;17;17;17m▀[0m           [38;2;0;0;13m▀[0m[38;2;205;159;42m[48;2;0;0;12m▀[0m[38;2;255;202;50m[48;2;202;157;42m▀[0m[38;2;255;197;49m[48;2;255;202;50m▀[0m[38;2;255;205;53m[48;2;255;197;49m▀[0m[38;2;227;119;13m[48;2;255;205;53m▀[0m[38;2;190;68;0m[48;2;228;120;14m▀[0m[38;2;190;68;0m▄[0m            [38;2;193;73;0m[48;2;193;73;0m▀[0m[38;2;226;120;4m[48;2;226;120;4m▀[0m[38;2;232;152;9m[48;2;232;152;9m▀[0m[38;2;230;148;8m[48;2;230;148;8m▀[0m[38;2;230;148;8m[48;2;230;148;8m▀[0m[38;2;230;148;8m[48;2;230;148;8m▀[0m[38;2;230;148;8m[48;2;230;148;8m▀[0m[38;2;230;148;8m[48;2;230;148;8m▀[0m[38;2;230;148;8m[48;2;230;148;8m▀[0m[38;2;230;148;8m[48;2;230;148;8m▀[0m[38;2;230;148;8m[48;2;230;148;8m▀[0m[38;2;230;148;8m[48;2;239;154;8m▀[0m[38;2;239;153;8m[48;2;161;106;11m▀[0m[38;2;164;107;10m[48;2;0;1;17m▀[0m[38;2;0;6;17m▀[0m[38;2;16;16;16m▀[0m[38;2;9;12;16m▀[0m[38;2;70;49;14m[48;2;15;15;15m▀[0m[38;2;246;158;7m[48;2;11;13;17m▀[0m[38;2;230;148;8m[48;2;64;45;14m▀[0m[38;2;230;148;8m[48;2;245;157;7m▀[0m[38;2;230;148;8m[48;2;230;148;8m▀[0m[38;2;230;148;8m[48;2;230;148;8m▀[0m[38;2;230;148;8m[48;2;230;148;8m▀[0m[38;2;230;148;8m[48;2;230;148;8m▀[0m[38;2;230;148;8m[48;2;233;150;8m▀[0m[38;2;230;148;8m[48;2;201;130;9m▀[0m[38;2;233;150;8m[48;2;4;8;17m▀[0m[38;2;206;134;9m[48;2;15;15;15m▀[0m[38;2;3;7;16m▀[0m           
                    [38;2;0;3;16m▀[0m[38;2;181;115;7m[48;2;0;3;16m▀[0m[38;2;255;189;39m[48;2;180;117;10m▀[0m[38;2;255;198;50m[48;2;235;148;5m▀[0m[38;2;255;205;53m[48;2;248;184;38m▀[0m[38;2;228;120;14m[48;2;255;207;54m▀[0m[38;2;190;68;0m[48;2;229;122;14m▀[0m[38;2;190;67;0m▄[0m          [38;2;193;74;0m▄[0m[38;2;193;73;0m[48;2;226;121;4m▀[0m[38;2;226;120;4m[48;2;232;152;9m▀[0m[38;2;232;152;9m[48;2;230;148;8m▀[0m[38;2;230;148;8m[48;2;230;148;8m▀[0m[38;2;230;148;8m[48;2;230;148;8m▀[0m[38;2;230;148;8m[48;2;230;148;8m▀[0m[38;2;230;148;8m[48;2;230;148;8m▀[0m[38;2;230;148;8m[48;2;230;148;8m▀[0m[38;2;230;148;8m[48;2;230;148;8m▀[0m[38;2;230;148;8m[48;2;230;148;8m▀[0m[38;2;240;154;8m[48;2;236;152;4m▀[0m[38;2;158;104;11m[48;2;187;117;43m▀[0m[38;2;0;1;16m[48;2;75;38;107m▀[0m      [38;2;17;17;17m▀[0m[38;2;17;17;17m[48;2;0;0;19m▀[0m[38;2;11;13;16m[48;2;59;43;16m▀[0m[38;2;55;40;15m[48;2;249;160;7m▀[0m[38;2;248;159;7m[48;2;194;126;10m▀[0m[38;2;196;127;9m[48;2;0;5;16m▀[0m[38;2;3;8;17m▀[0m[38;2;16;16;16m▀[0m              
                     [38;2;0;3;16m▀[0m[38;2;180;117;10m[48;2;0;3;17m▀[0m[38;2;237;152;8m[48;2;177;115;10m▀[0m[38;2;230;148;8m[48;2;237;152;8m▀[0m[38;2;232;153;9m[48;2;230;148;8m▀[0m[38;2;221;107;2m[48;2;232;153;9m▀[0m[38;2;190;74;0m[48;2;222;108;2m▀[0m[38;2;192;74;0m▄[0m         [38;2;193;74;0m[48;2;193;74;0m▀[0m[38;2;226;121;4m[48;2;226;121;4m▀[0m[38;2;232;152;9m[48;2;232;152;9m▀[0m[38;2;230;148;8m[48;2;230;148;8m▀[0m[38;2;230;148;8m[48;2;230;148;8m▀[0m[38;2;230;148;8m[48;2;230;148;8m▀[0m[38;2;230;148;8m[48;2;230;148;8m▀[0m[38;2;230;148;8m[48;2;230;148;8m▀[0m[38;2;230;148;8m[48;2;230;148;8m▀[0m[38;2;230;148;8m[48;2;230;148;8m▀[0m[38;2;240;154;8m[48;2;237;153;4m▀[0m[38;2;146;97;0m[48;2;175;110;33m▀[0m[38;2;72;44;108m[48;2;127;68;168m▀[0m[38;2;159;91;196m[48;2;153;89;190m▀[0m[38;2;0;5;0m[48;2;0;5;0m▀[0m     [38;2;0;0;17m[48;2;0;0;17m▀[0m[38;2;62;45;15m[48;2;67;48;15m▀[0m[38;2;250;160;7m[48;2;203;132;9m▀[0m[38;2;191;124;10m[48;2;0;4;17m▀[0m[38;2;0;4;16m▀[0m                 
                      [38;2;0;3;17m[48;2;0;3;17m▀[0m[38;2;177;115;10m[48;2;177;115;10m▀[0m[38;2;237;152;8m[48;2;237;152;8m▀[0m[38;2;230;148;8m[48;2;234;145;0m▀[0m[38;2;232;153;9m[48;2;200;183;154m▀[0m[38;2;222;108;2m[48;2;135;141;159m▀[0m[38;2;192;74;0m[48;2;96;96;105m▀[0m        [38;2;193;74;0m▄[0m[38;2;193;74;0m[48;2;226;121;4m▀[0m[38;2;226;121;4m[48;2;232;152;8m▀[0m[38;2;232;152;9m[48;2;230;148;8m▀[0m[38;2;230;148;8m[48;2;230;148;8m▀[0m[38;2;230;148;8m[48;2;230;148;8m▀[0m[38;2;230;148;8m[48;2;230;148;8m▀[0m[38;2;230;148;8m[48;2;230;148;8m▀[0m[38;2;230;148;8m[48;2;230;148;8m▀[0m[38;2;230;148;8m[48;2;230;148;8m▀[0m[38;2;240;154;8m[48;2;240;154;8m▀[0m[38;2;144;95;2m[48;2;145;96;4m▀[0m[38;2;59;41;91m[48;2;46;31;72m▀[0m[38;2;152;91;184m[48;2;128;73;148m▀[0m[38;2;117;67;135m[48;2;119;69;138m▀[0m[38;2;131;83;161m[48;2;131;83;161m▀[0m[38;2;0;7;0m[48;2;0;7;0m▀[0m   [38;2;0;0;17m[48;2;0;0;17m▀[0m[38;2;71;50;15m[48;2;71;50;15m▀[0m[38;2;201;130;10m[48;2;201;130;10m▀[0m[38;2;0;4;16m[48;2;0;4;16m▀[0m                   
                       [38;2;0;2;17m[48;2;0;0;0m▀[0m[38;2;177;111;0m[48;2;137;144;155m▀[0m[38;2;201;182;150m[48;2;186;195;212m▀[0m[38;2;178;191;212m[48;2;176;192;220m▀[0m[38;2;179;197;220m[48;2;217;166;69m▀[0m[38;2;206;123;66m[48;2;224;108;0m▀[0m[38;2;198;68;0m[48;2;192;74;0m▀[0m       [38;2;193;74;0m[48;2;193;74;0m▀[0m[38;2;226;121;4m[48;2;226;121;4m▀[0m[38;2;232;152;8m[48;2;232;152;8m▀[0m[38;2;230;148;8m[48;2;230;148;8m▀[0m[38;2;230;148;8m[48;2;230;148;8m▀[0m[38;2;230;148;8m[48;2;230;148;8m▀[0m[38;2;230;148;8m[48;2;230;148;8m▀[0m[38;2;230;148;8m[48;2;230;148;8m▀[0m[38;2;230;148;8m[48;2;230;148;8m▀[0m[38;2;230;148;8m[48;2;241;155;8m▀[0m[38;2;240;154;8m[48;2;142;94;4m▀[0m[38;2;148;98;7m[48;2;48;32;74m▀[0m[38;2;24;17;43m[48;2;128;74;149m▀[0m[38;2;111;62;124m[48;2;108;61;122m▀[0m[38;2;160;96;193m[48;2;104;64;122m▀[0m[38;2;127;81;156m[48;2;2;8;0m▀[0m[38;2;0;7;0m▀[0m  [38;2;0;0;15m[48;2;0;0;15m▀[0m[38;2;74;52;15m[48;2;74;52;15m▀[0m[38;2;198;128;10m[48;2;198;128;10m▀[0m[38;2;0;3;16m[48;2;0;3;16m▀[0m                    
                       [38;2;0;0;0m[48;2;0;2;17m▀[0m[38;2;137;144;155m[48;2;174;114;11m▀[0m[38;2;182;198;226m[48;2;237;153;8m▀[0m[38;2;215;160;66m[48;2;230;148;8m▀[0m[38;2;234;151;1m[48;2;234;145;0m▀[0m[38;2;222;109;3m[48;2;202;182;148m▀[0m[38;2;192;74;0m[48;2;137;144;162m▀[0m[38;2;96;96;104m▄[0m     [38;2;193;74;0m[48;2;193;74;0m▀[0m[38;2;226;122;4m[48;2;226;122;4m▀[0m[38;2;232;152;8m[48;2;232;152;8m▀[0m[38;2;230;148;8m[48;2;230;148;8m▀[0m[38;2;230;148;8m[48;2;230;148;8m▀[0m[38;2;230;148;8m[48;2;230;148;8m▀[0m[38;2;230;148;8m[48;2;230;148;8m▀[0m[38;2;230;148;8m[48;2;230;148;8m▀[0m[38;2;230;148;8m[48;2;230;148;8m▀[0m[38;2;230;148;8m[48;2;230;148;8m▀[0m[38;2;241;155;8m[48;2;241;155;8m▀[0m[38;2;144;96;7m[48;2;139;94;12m▀[0m[38;2;25;17;44m[48;2;76;34;10m▀[0m[38;2;118;66;134m[48;2;147;64;5m▀[0m[38;2;102;63;119m[48;2;0;9;18m▀[0m[38;2;2;8;0m▀[0m    [38;2;0;0;15m▀[0m[38;2;74;52;15m[48;2;15;15;15m▀[0m[38;2;198;128;10m[48;2;16;16;16m▀[0m[38;2;0;3;16m▀[0m                    
                        [38;2;0;2;16m[48;2;0;0;0m▀[0m[38;2;171;112;11m[48;2;135;141;153m▀[0m[38;2;242;150;0m[48;2;186;195;212m▀[0m[38;2;195;176;144m[48;2;180;189;205m▀[0m[38;2;183;197;220m[48;2;180;189;205m▀[0m[38;2;139;142;154m[48;2;179;197;220m▀[0m[38;2;96;96;104m[48;2;205;126;72m▀[0m[38;2;198;67;0m▄[0m  [38;2;193;73;0m▄[0m[38;2;193;73;0m[48;2;227;124;5m▀[0m[38;2;226;123;4m[48;2;232;152;8m▀[0m[38;2;232;152;8m[48;2;230;148;8m▀[0m[38;2;230;148;8m[48;2;230;148;8m▀[0m[38;2;230;148;8m[48;2;230;148;8m▀[0m[38;2;230;148;8m[48;2;230;148;8m▀[0m[38;2;230;148;8m[48;2;230;148;8m▀[0m[38;2;230;148;8m[48;2;230;148;8m▀[0m[38;2;230;148;8m[48;2;230;148;8m▀[0m[38;2;230;148;8m[48;2;230;148;8m▀[0m[38;2;241;155;8m[48;2;241;155;8m▀[0m[38;2;141;94;7m[48;2;141;94;7m▀[0m[38;2;29;19;48m[48;2;29;19;48m▀[0m[38;2;99;53;108m[48;2;99;53;108m▀[0m[38;2;65;38;70m[48;2;65;38;70m▀[0m[38;2;7;12;7m[48;2;7;12;7m▀[0m                             
                        [38;2;0;0;0m▀[0m[38;2;135;141;153m[48;2;0;2;16m▀[0m[38;2;186;195;212m[48;2;168;110;11m▀[0m[38;2;176;192;220m[48;2;238;153;8m▀[0m[38;2;214;161;72m[48;2;230;148;8m▀[0m[38;2;232;146;0m[48;2;230;148;8m▀[0m[38;2;232;153;9m[48;2;230;148;8m▀[0m[38;2;209;106;3m[48;2;230;148;8m▀[0m[38;2;195;79;0m[48;2;230;148;8m▀[0m[38;2;195;77;0m[48;2;230;148;8m▀[0m[38;2;216;121;5m[48;2;230;148;8m▀[0m[38;2;232;152;8m[48;2;230;148;8m▀[0m[38;2;230;148;8m[48;2;230;148;8m▀[0m[38;2;230;148;8m[48;2;230;148;8m▀[0m[38;2;230;148;8m[48;2;230;148;8m▀[0m[38;2;230;148;8m[48;2;230;148;8m▀[0m[38;2;230;148;8m[48;2;230;148;8m▀[0m[38;2;230;148;8m[48;2;230;148;8m▀[0m[38;2;230;148;8m[48;2;230;148;8m▀[0m[38;2;230;148;8m[48;2;230;148;8m▀[0m[38;2;242;155;8m[48;2;242;155;8m▀[0m[38;2;137;92;7m[48;2;142;94;12m▀[0m[38;2;34;22;53m[48;2;0;0;16m▀[0m[38;2;67;39;72m▀[0m[38;2;11;14;11m▀[0m[38;2;15;15;15m▀[0m                              
                         [38;2;0;2;16m▀[0m[38;2;168;110;11m[48;2;0;2;17m▀[0m[38;2;238;153;8m[48;2;165;108;11m▀[0m[38;2;230;148;8m[48;2;239;153;8m▀[0m[38;2;230;148;8m[48;2;230;148;8m▀[0m[38;2;230;148;8m[48;2;230;148;8m▀[0m[38;2;230;148;8m[48;2;230;148;8m▀[0m[38;2;230;148;8m[48;2;230;148;8m▀[0m[38;2;230;148;8m[48;2;230;148;8m▀[0m[38;2;230;148;8m[48;2;230;148;8m▀[0m[38;2;230;148;8m[48;2;230;148;8m▀[0m[38;2;230;148;8m[48;2;230;148;8m▀[0m[38;2;230;148;8m[48;2;230;148;8m▀[0m[38;2;230;148;8m[48;2;230;148;8m▀[0m[38;2;230;148;8m[48;2;230;148;8m▀[0m[38;2;230;148;8m[48;2;230;148;8m▀[0m[38;2;230;148;8m[48;2;230;148;8m▀[0m[38;2;230;148;8m[48;2;242;156;8m▀[0m[38;2;242;155;8m[48;2;136;90;12m▀[0m[38;2;139;92;12m[48;2;0;0;17m▀[0m[38;2;0;0;17m▀[0m                                  
                           [38;2;0;1;17m▀[0m[38;2;161;106;11m[48;2;0;1;16m▀[0m[38;2;239;154;8m[48;2;158;104;11m▀[0m[38;2;230;148;8m[48;2;240;154;8m▀[0m[38;2;230;148;8m[48;2;230;148;8m▀[0m[38;2;230;148;8m[48;2;230;148;8m▀[0m[38;2;230;148;8m[48;2;230;148;8m▀[0m[38;2;230;148;8m[48;2;230;148;8m▀[0m[38;2;230;148;8m[48;2;230;148;8m▀[0m[38;2;230;148;8m[48;2;230;148;8m▀[0m[38;2;230;148;8m[48;2;230;148;8m▀[0m[38;2;230;148;8m[48;2;230;148;8m▀[0m[38;2;230;148;8m[48;2;244;156;7m▀[0m[38;2;230;148;8m[48;2;125;83;12m▀[0m[38;2;243;156;8m[48;2;3;8;17m▀[0m[38;2;132;88;13m[48;2;16;16;16m▀[0m[38;2;0;0;16m▀[0m                                    
                             [38;2;16;16;16m▀[0m[38;2;1;7;17m▀[0m[38;2;151;99;11m[48;2;15;15;15m▀[0m[38;2;240;154;8m[48;2;17;17;17m▀[0m[38;2;230;148;8m[48;2;16;16;16m▀[0m[38;2;230;148;8m[48;2;16;16;16m▀[0m[38;2;230;148;8m[48;2;16;16;16m▀[0m[38;2;244;157;7m[48;2;17;17;17m▀[0m[38;2;115;77;12m[48;2;15;15;15m▀[0m[38;2;3;8;16m▀[0m[38;2;17;17;17m▀[0m[38;2;15;15;15m▀[0m                                       
[0m