                                                  [38;2;139;41;148m▄[0m[38;2;139;41;148m▄[0m[38;2;139;41;148m[48;2;230;131;222m▀[0m[38;2;139;41;148m[48;2;16;16;16m▀[0m                             
                                                [38;2;139;41;148m▄[0m[38;2;139;41;148m[48;2;230;131;222m▀[0m[38;2;230;131;222m[48;2;230;131;222m▀[0m[38;2;230;131;222m[48;2;230;131;222m▀[0m[38;2;230;131;222m[48;2;16;16;16m▀[0m[38;2;16;16;16m▀[0m                             
                                              [38;2;139;41;148m▄[0m[38;2;139;41;148m[48;2;230;131;222m▀[0m[38;2;230;131;222m[48;2;230;131;222m▀[0m[38;2;230;131;222m[48;2;230;131;222m▀[0m[38;2;230;131;222m[48;2;180;82;197m▀[0m[38;2;180;82;197m[48;2;139;41;148m▀[0m[38;2;16;16;16m▀[0m                              
                                            [38;2;139;41;148m▄[0m[38;2;139;41;148m[48;2;230;131;222m▀[0m[38;2;230;131;222m[48;2;230;131;222m▀[0m[38;2;230;131;222m[48;2;230;131;222m▀[0m[38;2;230;131;222m[48;2;230;131;222m▀[0m[38;2;180;82;197m[48;2;180;82;197m▀[0m[38;2;180;82;197m[48;2;139;41;148m▀[0m[38;2;16;16;16m▀[0m                               
                                          [38;2;16;16;16m▄[0m[38;2;139;41;148m[48;2;180;82;197m▀[0m[38;2;230;131;222m[48;2;180;82;197m▀[0m[38;2;230;131;222m[48;2;230;131;222m▀[0m[38;2;230;131;222m[48;2;230;131;222m▀[0m[38;2;230;131;222m[48;2;180;82;197m▀[0m[38;2;180;82;197m[48;2;180;82;197m▀[0m[38;2;180;82;197m[48;2;139;41;148m▀[0m[38;2;16;16;16m▀[0m                                
                                        [38;2;16;16;16m▄[0m[38;2;16;16;16m[48;2;180;82;197m▀[0m[38;2;180;82;197m[48;2;180;82;197m▀[0m[38;2;180;82;197m[48;2;180;82;197m▀[0m[38;2;180;82;197m[48;2;180;82;197m▀[0m[38;2;180;82;197m[48;2;180;82;197m▀[0m[38;2;180;82;197m[48;2;180;82;197m▀[0m[38;2;180;82;197m[48;2;180;82;197m▀[0m[38;2;180;82;197m[48;2;180;82;197m▀[0m[38;2;16;16;16m[48;2;16;16;16m▀[0m                                 
                                      [38;2;16;16;16m▄[0m[38;2;16;16;16m[48;2;180;82;197m▀[0m[38;2;180;82;197m[48;2;180;82;197m▀[0m[38;2;180;82;197m[48;2;180;82;197m▀[0m[38;2;180;82;197m[48;2;180;82;197m▀[0m[38;2;180;82;197m[48;2;180;82;197m▀[0m[38;2;180;82;197m[48;2;180;82;197m▀[0m[38;2;180;82;197m[48;2;180;82;197m▀[0m[38;2;180;82;197m[48;2;180;82;197m▀[0m[38;2;180;82;197m[48;2;180;82;197m▀[0m[38;2;139;41;148m[48;2;16;16;16m▀[0m                                  
                                     [38;2;16;16;16m▄[0m[38;2;16;16;16m[48;2;180;82;197m▀[0m[38;2;180;82;197m[48;2;180;82;197m▀[0m[38;2;180;82;197m[48;2;180;82;197m▀[0m[38;2;180;82;197m[48;2;180;82;197m▀[0m[38;2;180;82;197m[48;2;180;82;197m▀[0m[38;2;180;82;197m[48;2;180;82;197m▀[0m[38;2;180;82;197m[48;2;180;82;197m▀[0m[38;2;180;82;197m[48;2;180;82;197m▀[0m[38;2;180;82;197m[48;2;180;82;197m▀[0m[38;2;180;82;197m[48;2;139;41;148m▀[0m[38;2;16;16;16m▀[0m                                  
                                    [38;2;16;16;16m[48;2;16;16;16m▀[0m[38;2;180;82;197m[48;2;180;82;197m▀[0m[38;2;180;82;197m[48;2;180;82;197m▀[0m[38;2;180;82;197m[48;2;180;82;197m▀[0m[38;2;180;82;197m[48;2;180;82;197m▀[0m[38;2;180;82;197m[48;2;180;82;197m▀[0m[38;2;180;82;197m[48;2;180;82;197m▀[0m[38;2;180;82;197m[48;2;180;82;197m▀[0m[38;2;180;82;197m[48;2;180;82;197m▀[0m[38;2;180;82;197m[48;2;180;82;197m▀[0m[38;2;180;82;197m[48;2;180;82;197m▀[0m[38;2;16;16;16m[48;2;16;16;16m▀[0m                                   
                                  [38;2;16;16;16m▄[0m[38;2;16;16;16m[48;2;180;82;197m▀[0m[38;2;180;82;197m[48;2;180;82;197m▀[0m[38;2;180;82;197m[48;2;180;82;197m▀[0m[38;2;180;82;197m[48;2;180;82;197m▀[0m[38;2;180;82;197m[48;2;180;82;197m▀[0m[38;2;180;82;197m[48;2;180;82;197m▀[0m[38;2;180;82;197m[48;2;180;82;197m▀[0m[38;2;180;82;197m[48;2;180;82;197m▀[0m[38;2;180;82;197m[48;2;180;82;197m▀[0m[38;2;180;82;197m[48;2;180;82;197m▀[0m[38;2;180;82;197m[48;2;180;82;197m▀[0m[38;2;180;82;197m[48;2;139;41;148m▀[0m[38;2;16;16;16m▀[0m                                   
                        [38;2;139;41;148m▄[0m[38;2;139;41;148m[48;2;230;131;222m▀[0m[38;2;16;16;16m[48;2;16;16;16m▀[0m      [38;2;16;16;16m▄[0m[38;2;16;16;16m[48;2;180;82;197m▀[0m[38;2;180;82;197m[48;2;180;82;197m▀[0m[38;2;180;82;197m[48;2;180;82;197m▀[0m[38;2;180;82;197m[48;2;180;82;197m▀[0m[38;2;180;82;197m[48;2;180;82;197m▀[0m[38;2;180;82;197m[48;2;180;82;197m▀[0m[38;2;180;82;197m[48;2;180;82;197m▀[0m[38;2;180;82;197m[48;2;180;82;197m▀[0m[38;2;180;82;197m[48;2;180;82;197m▀[0m[38;2;180;82;197m[48;2;180;82;197m▀[0m[38;2;180;82;197m[48;2;180;82;197m▀[0m[38;2;180;82;197m[48;2;180;82;197m▀[0m[38;2;16;16;16m[48;2;16;16;16m▀[0m     [38;2;139;41;148m▄[0m                              
                      [38;2;139;41;148m▄[0m[38;2;139;41;148m[48;2;230;131;222m▀[0m[38;2;230;131;222m[48;2;180;82;197m▀[0m[38;2;230;131;222m[48;2;139;41;148m▀[0m[38;2;16;16;16m▀[0m     [38;2;16;16;16m▄[0m[38;2;16;16;16m[48;2;180;82;197m▀[0m[38;2;180;82;197m[48;2;180;82;197m▀[0m[38;2;180;82;197m[48;2;180;82;197m▀[0m[38;2;180;82;197m[48;2;180;82;197m▀[0m[38;2;180;82;197m[48;2;180;82;197m▀[0m[38;2;180;82;197m[48;2;180;82;197m▀[0m[38;2;180;82;197m[48;2;180;82;197m▀[0m[38;2;180;82;197m[48;2;180;82;197m▀[0m[38;2;180;82;197m[48;2;180;82;197m▀[0m[38;2;180;82;197m[48;2;180;82;197m▀[0m[38;2;180;82;197m[48;2;180;82;197m▀[0m[38;2;180;82;197m[48;2;180;82;197m▀[0m[38;2;180;82;197m[48;2;139;41;148m▀[0m[38;2;139;41;148m[48;2;230;131;222m▀[0m[38;2;139;41;148m[48;2;230;131;222m▀[0m[38;2;139;41;148m[48;2;16;16;16m▀[0m  [38;2;139;41;148m[48;2;139;41;148m▀[0m[38;2;230;131;222m[48;2;230;131;222m▀[0m[38;2;139;41;148m[48;2;139;41;148m▀[0m                             
                     [38;2;16;16;16m[48;2;16;16;16m▀[0m[38;2;180;82;197m[48;2;180;82;197m▀[0m[38;2;180;82;197m[48;2;180;82;197m▀[0m[38;2;180;82;197m[48;2;16;16;16m▀[0m[38;2;16;16;16m▀[0m     [38;2;16;16;16m▄[0m[38;2;16;16;16m[48;2;180;82;197m▀[0m[38;2;180;82;197m[48;2;180;82;197m▀[0m[38;2;180;82;197m[48;2;180;82;197m▀[0m[38;2;180;82;197m[48;2;180;82;197m▀[0m[38;2;180;82;197m[48;2;180;82;197m▀[0m[38;2;180;82;197m[48;2;180;82;197m▀[0m[38;2;180;82;197m[48;2;180;82;197m▀[0m[38;2;180;82;197m[48;2;180;82;197m▀[0m[38;2;180;82;197m[48;2;180;82;197m▀[0m[38;2;180;82;197m[48;2;180;82;197m▀[0m[38;2;180;82;197m[48;2;180;82;197m▀[0m[38;2;180;82;197m[48;2;180;82;197m▀[0m[38;2;180;82;197m[48;2;180;82;197m▀[0m[38;2;139;41;148m[48;2;16;16;16m▀[0m[38;2;180;82;197m[48;2;16;16;16m▀[0m[38;2;16;16;16m▀[0m   [38;2;139;41;148m[48;2;139;41;148m▀[0m[38;2;180;82;197m[48;2;180;82;197m▀[0m[38;2;230;131;222m[48;2;180;82;197m▀[0m[38;2;16;16;16m[48;2;16;16;16m▀[0m                            
                      [38;2;16;16;16m[48;2;16;16;16m▀[0m[38;2;139;41;148m[48;2;180;82;197m▀[0m[38;2;16;16;16m[48;2;16;16;16m▀[0m     [38;2;16;16;16m▄[0m[38;2;16;16;16m[48;2;180;82;197m▀[0m[38;2;180;82;197m[48;2;180;82;197m▀[0m[38;2;180;82;197m[48;2;180;82;197m▀[0m[38;2;180;82;197m[48;2;180;82;197m▀[0m[38;2;180;82;197m[48;2;180;82;197m▀[0m[38;2;180;82;197m[48;2;180;82;197m▀[0m[38;2;180;82;197m[48;2;180;82;197m▀[0m[38;2;180;82;197m[48;2;180;82;197m▀[0m[38;2;180;82;197m[48;2;180;82;197m▀[0m[38;2;180;82;197m[48;2;180;82;197m▀[0m[38;2;180;82;197m[48;2;180;82;197m▀[0m[38;2;180;82;197m[48;2;180;82;197m▀[0m[38;2;180;82;197m[48;2;180;82;197m▀[0m[38;2;180;82;197m[48;2;139;41;148m▀[0m[38;2;16;16;16m[48;2;139;41;148m▀[0m[38;2;139;41;148m▄[0m[38;2;139;41;148m▄[0m[38;2;139;41;148m▄[0m [38;2;16;16;16m▄[0m[38;2;139;41;148m[48;2;180;82;197m▀[0m[38;2;180;82;197m[48;2;180;82;197m▀[0m[38;2;180;82;197m[48;2;16;16;16m▀[0m[38;2;16;16;16m▀[0m                            
                      [38;2;16;16;16m▀[0m[38;2;180;82;197m[48;2;16;16;16m▀[0m[38;2;16;16;16m[48;2;180;82;197m▀[0m[38;2;16;16;16m▄[0m   [38;2;16;16;16m▄[0m[38;2;16;16;16m[48;2;180;82;197m▀[0m[38;2;180;82;197m[48;2;180;82;197m▀[0m[38;2;180;82;197m[48;2;180;82;197m▀[0m[38;2;180;82;197m[48;2;180;82;197m▀[0m[38;2;180;82;197m[48;2;180;82;197m▀[0m[38;2;180;82;197m[48;2;180;82;197m▀[0m[38;2;180;82;197m[48;2;180;82;197m▀[0m[38;2;180;82;197m[48;2;180;82;197m▀[0m[38;2;180;82;197m[48;2;180;82;197m▀[0m[38;2;180;82;197m[48;2;180;82;197m▀[0m[38;2;180;82;197m[48;2;180;82;197m▀[0m[38;2;180;82;197m[48;2;180;82;197m▀[0m[38;2;180;82;197m[48;2;180;82;197m▀[0m[38;2;180;82;197m[48;2;180;82;197m▀[0m[38;2;139;41;148m[48;2;16;16;16m▀[0m[38;2;230;131;222m[48;2;180;82;197m▀[0m[38;2;230;131;222m[48;2;16;16;16m▀[0m[38;2;230;131;222m[48;2;16;16;16m▀[0m[38;2;16;16;16m▀[0m [38;2;16;16;16m[48;2;16;16;16m▀[0m[38;2;180;82;197m[48;2;180;82;197m▀[0m[38;2;16;16;16m[48;2;16;16;16m▀[0m                              
                       [38;2;16;16;16m▀[0m[38;2;180;82;197m[48;2;16;16;16m▀[0m[38;2;16;16;16m[48;2;180;82;197m▀[0m[38;2;16;16;16m▄[0m[38;2;16;16;16m▄[0m[38;2;16;16;16m[48;2;255;164;255m▀[0m[38;2;230;131;222m[48;2;230;131;222m▀[0m[38;2;230;131;222m[48;2;230;131;222m▀[0m[38;2;180;82;197m[48;2;230;131;222m▀[0m[38;2;180;82;197m[48;2;180;82;197m▀[0m[38;2;180;82;197m[48;2;180;82;197m▀[0m[38;2;180;82;197m[48;2;180;82;197m▀[0m[38;2;180;82;197m[48;2;180;82;197m▀[0m[38;2;180;82;197m[48;2;180;82;197m▀[0m[38;2;180;82;197m[48;2;180;82;197m▀[0m[38;2;180;82;197m[48;2;180;82;197m▀[0m[38;2;180;82;197m[48;2;180;82;197m▀[0m[38;2;180;82;197m[48;2;180;82;197m▀[0m[38;2;180;82;197m[48;2;180;82;197m▀[0m[38;2;180;82;197m[48;2;180;82;197m▀[0m[38;2;180;82;197m[48;2;16;16;16m▀[0m[38;2;16;16;16m▀[0m[38;2;16;16;16m▀[0m   [38;2;16;16;16m[48;2;16;16;16m▀[0m[38;2;180;82;197m[48;2;180;82;197m▀[0m[38;2;16;16;16m[48;2;16;16;16m▀[0m                               
                        [38;2;16;16;16m▀[0m[38;2;180;82;197m[48;2;139;41;148m▀[0m[38;2;16;16;16m[48;2;255;164;255m▀[0m[38;2;255;164;255m[48;2;255;164;255m▀[0m[38;2;255;164;255m[48;2;230;131;222m▀[0m[38;2;230;131;222m[48;2;230;131;222m▀[0m[38;2;230;131;222m[48;2;230;131;222m▀[0m[38;2;230;131;222m[48;2;180;82;197m▀[0m[38;2;180;82;197m[48;2;180;82;197m▀[0m[38;2;180;82;197m[48;2;180;82;197m▀[0m[38;2;180;82;197m[48;2;180;82;197m▀[0m[38;2;180;82;197m[48;2;180;82;197m▀[0m[38;2;180;82;197m[48;2;180;82;197m▀[0m[38;2;180;82;197m[48;2;180;82;197m▀[0m[38;2;180;82;197m[48;2;180;82;197m▀[0m[38;2;180;82;197m[48;2;180;82;197m▀[0m[38;2;180;82;197m[48;2;180;82;197m▀[0m[38;2;180;82;197m[48;2;180;82;197m▀[0m[38;2;180;82;197m[48;2;180;82;197m▀[0m[38;2;16;16;16m[48;2;16;16;16m▀[0m    [38;2;16;16;16m[48;2;16;16;16m▀[0m[38;2;180;82;197m[48;2;180;82;197m▀[0m[38;2;16;16;16m[48;2;16;16;16m▀[0m                                
                       [38;2;139;41;148m▄[0m[38;2;139;41;148m[48;2;230;131;222m▀[0m[38;2;230;131;222m[48;2;230;131;222m▀[0m[38;2;230;131;222m[48;2;230;131;222m▀[0m[38;2;230;131;222m[48;2;230;131;222m▀[0m[38;2;230;131;222m[48;2;230;131;222m▀[0m[38;2;230;131;222m[48;2;230;131;222m▀[0m[38;2;230;131;222m[48;2;180;82;197m▀[0m[38;2;180;82;197m[48;2;180;82;197m▀[0m[38;2;180;82;197m[48;2;180;82;197m▀[0m[38;2;180;82;197m[48;2;180;82;197m▀[0m[38;2;180;82;197m[48;2;180;82;197m▀[0m[38;2;180;82;197m[48;2;180;82;197m▀[0m[38;2;180;82;197m[48;2;180;82;197m▀[0m[38;2;180;82;197m[48;2;180;82;197m▀[0m[38;2;180;82;197m[48;2;180;82;197m▀[0m[38;2;180;82;197m[48;2;180;82;197m▀[0m[38;2;180;82;197m[48;2;180;82;197m▀[0m[38;2;180;82;197m[48;2;180;82;197m▀[0m[38;2;180;82;197m[48;2;180;82;197m▀[0m[38;2;230;131;222m[48;2;180;82;197m▀[0m[38;2;16;16;16m[48;2;230;131;222m▀[0m[38;2;16;16;16m▄[0m [38;2;16;16;16m[48;2;16;16;16m▀[0m[38;2;180;82;197m[48;2;180;82;197m▀[0m[38;2;180;82;197m[48;2;16;16;16m▀[0m[38;2;16;16;16m▀[0m                                
                     [38;2;139;41;148m▄[0m[38;2;139;41;148m[48;2;180;82;197m▀[0m[38;2;230;131;222m[48;2;230;131;222m▀[0m[38;2;230;131;222m[48;2;230;131;222m▀[0m[38;2;230;131;222m[48;2;230;131;222m▀[0m[38;2;230;131;222m[48;2;230;131;222m▀[0m[38;2;230;131;222m[48;2;230;131;222m▀[0m[38;2;230;131;222m[48;2;230;131;222m▀[0m[38;2;230;131;222m[48;2;180;82;197m▀[0m[38;2;180;82;197m[48;2;180;82;197m▀[0m[38;2;180;82;197m[48;2;180;82;197m▀[0m[38;2;180;82;197m[48;2;180;82;197m▀[0m[38;2;180;82;197m[48;2;180;82;197m▀[0m[38;2;180;82;197m[48;2;180;82;197m▀[0m[38;2;180;82;197m[48;2;180;82;197m▀[0m[38;2;180;82;197m[48;2;180;82;197m▀[0m[38;2;180;82;197m[48;2;180;82;197m▀[0m[38;2;180;82;197m[48;2;180;82;197m▀[0m[38;2;180;82;197m[48;2;180;82;197m▀[0m[38;2;180;82;197m[48;2;180;82;197m▀[0m[38;2;180;82;197m[48;2;180;82;197m▀[0m[38;2;180;82;197m[48;2;190;42;41m▀[0m[38;2;190;42;41m[48;2;190;42;41m▀[0m[38;2;190;42;41m[48;2;139;41;148m▀[0m[38;2;16;16;16m[48;2;139;41;148m▀[0m[38;2;16;16;16m[48;2;139;41;148m▀[0m[38;2;180;82;197m[48;2;180;82;197m▀[0m[38;2;180;82;197m[48;2;16;16;16m▀[0m[38;2;16;16;16m▀[0m                                 
                    [38;2;139;41;148m[48;2;139;41;148m▀[0m[38;2;180;82;197m[48;2;180;82;197m▀[0m[38;2;180;82;197m[48;2;180;82;197m▀[0m[38;2;180;82;197m[48;2;180;82;197m▀[0m[38;2;230;131;222m[48;2;230;131;222m▀[0m[38;2;230;131;222m[48;2;230;131;222m▀[0m[38;2;230;131;222m[48;2;180;82;197m▀[0m[38;2;230;131;222m[48;2;180;82;197m▀[0m[38;2;180;82;197m[48;2;180;82;197m▀[0m[38;2;180;82;197m[48;2;180;82;197m▀[0m[38;2;180;82;197m[48;2;180;82;197m▀[0m[38;2;180;82;197m[48;2;180;82;197m▀[0m[38;2;180;82;197m[48;2;180;82;197m▀[0m[38;2;180;82;197m[48;2;180;82;197m▀[0m[38;2;180;82;197m[48;2;180;82;197m▀[0m[38;2;180;82;197m[48;2;180;82;197m▀[0m[38;2;180;82;197m[48;2;180;82;197m▀[0m[38;2;180;82;197m[48;2;180;82;197m▀[0m[38;2;180;82;197m[48;2;180;82;197m▀[0m[38;2;180;82;197m[48;2;180;82;197m▀[0m[38;2;180;82;197m[48;2;190;42;41m▀[0m[38;2;190;42;41m[48;2;16;16;16m▀[0m[38;2;16;16;16m[48;2;180;82;197m▀[0m[38;2;16;16;16m[48;2;180;82;197m▀[0m[38;2;180;82;197m[48;2;180;82;197m▀[0m[38;2;180;82;197m[48;2;180;82;197m▀[0m[38;2;180;82;197m[48;2;230;131;222m▀[0m[38;2;139;41;148m[48;2;230;131;222m▀[0m[38;2;16;16;16m[48;2;139;41;148m▀[0m                                  
                  [38;2;139;41;148m▄[0m[38;2;16;16;16m[48;2;16;16;16m▀[0m[38;2;180;82;197m[48;2;180;82;197m▀[0m[38;2;180;82;197m[48;2;180;82;197m▀[0m[38;2;180;82;197m[48;2;180;82;197m▀[0m[38;2;180;82;197m[48;2;180;82;197m▀[0m[38;2;180;82;197m[48;2;180;82;197m▀[0m[38;2;180;82;197m[48;2;180;82;197m▀[0m[38;2;180;82;197m[48;2;180;82;197m▀[0m[38;2;180;82;197m[48;2;180;82;197m▀[0m[38;2;180;82;197m[48;2;180;82;197m▀[0m[38;2;180;82;197m[48;2;180;82;197m▀[0m[38;2;180;82;197m[48;2;180;82;197m▀[0m[38;2;180;82;197m[48;2;180;82;197m▀[0m[38;2;180;82;197m[48;2;180;82;197m▀[0m[38;2;180;82;197m[48;2;180;82;197m▀[0m[38;2;180;82;197m[48;2;180;82;197m▀[0m[38;2;180;82;197m[48;2;180;82;197m▀[0m[38;2;180;82;197m[48;2;180;82;197m▀[0m[38;2;180;82;197m[48;2;180;82;197m▀[0m[38;2;180;82;197m[48;2;190;42;41m▀[0m[38;2;190;42;41m[48;2;16;16;16m▀[0m[38;2;16;16;16m[48;2;180;82;197m▀[0m[38;2;180;82;197m[48;2;180;82;197m▀[0m[38;2;180;82;197m[48;2;180;82;197m▀[0m[38;2;180;82;197m[48;2;180;82;197m▀[0m[38;2;180;82;197m[48;2;230;131;222m▀[0m[38;2;230;131;222m[48;2;230;131;222m▀[0m[38;2;230;131;222m[48;2;230;131;222m▀[0m[38;2;255;164;255m[48;2;230;131;222m▀[0m[38;2;230;131;222m[48;2;230;131;222m▀[0m[38;2;139;41;148m[48;2;139;41;148m▀[0m                                 
                 [38;2;139;41;148m[48;2;139;41;148m▀[0m[38;2;255;164;255m[48;2;255;164;255m▀[0m[38;2;16;16;16m[48;2;190;42;41m▀[0m[38;2;180;82;197m[48;2;16;16;16m▀[0m[38;2;180;82;197m[48;2;180;82;197m▀[0m[38;2;180;82;197m[48;2;190;42;41m▀[0m[38;2;180;82;197m[48;2;190;42;41m▀[0m[38;2;180;82;197m[48;2;190;42;41m▀[0m[38;2;180;82;197m[48;2;190;42;41m▀[0m[38;2;180;82;197m[48;2;190;42;41m▀[0m[38;2;180;82;197m[48;2;190;42;41m▀[0m[38;2;180;82;197m[48;2;190;42;41m▀[0m[38;2;180;82;197m[48;2;190;42;41m▀[0m[38;2;180;82;197m[48;2;190;42;41m▀[0m[38;2;180;82;197m[48;2;190;42;41m▀[0m[38;2;180;82;197m[48;2;190;42;41m▀[0m[38;2;180;82;197m[48;2;180;82;197m▀[0m[38;2;180;82;197m[48;2;180;82;197m▀[0m[38;2;180;82;197m[48;2;180;82;197m▀[0m[38;2;180;82;197m[48;2;180;82;197m▀[0m[38;2;180;82;197m[48;2;190;42;41m▀[0m[38;2;190;42;41m[48;2;16;16;16m▀[0m[38;2;16;16;16m[48;2;180;82;197m▀[0m[38;2;180;82;197m[48;2;180;82;197m▀[0m[38;2;180;82;197m[48;2;180;82;197m▀[0m[38;2;180;82;197m[48;2;180;82;197m▀[0m[38;2;180;82;197m[48;2;180;82;197m▀[0m[38;2;230;131;222m[48;2;180;82;197m▀[0m[38;2;230;131;222m[48;2;230;131;222m▀[0m[38;2;230;131;222m[48;2;230;131;222m▀[0m[38;2;230;131;222m[48;2;230;131;222m▀[0m[38;2;230;131;222m[48;2;139;41;148m▀[0m[38;2;230;131;222m[48;2;139;41;148m▀[0m[38;2;139;41;148m[48;2;139;41;148m▀[0m                                
       [38;2;139;41;148m▄[0m[38;2;139;41;148m▄[0m[38;2;139;41;148m[48;2;230;131;222m▀[0m[38;2;139;41;148m[48;2;190;42;41m▀[0m[38;2;139;41;148m[48;2;139;41;148m▀[0m[38;2;139;41;148m[48;2;230;131;222m▀[0m[38;2;139;41;148m[48;2;230;131;222m▀[0m[38;2;139;41;148m[48;2;230;131;222m▀[0m[38;2;139;41;148m[48;2;139;41;148m▀[0m[38;2;16;16;16m[48;2;16;16;16m▀[0m[38;2;230;131;222m[48;2;230;131;222m▀[0m[38;2;230;131;222m[48;2;180;82;197m▀[0m[38;2;190;42;41m[48;2;139;106;0m▀[0m[38;2;16;16;16m[48;2;197;164;41m▀[0m[38;2;190;42;41m[48;2;197;164;41m▀[0m[38;2;190;42;41m[48;2;139;106;0m▀[0m[38;2;197;164;41m[48;2;197;164;41m▀[0m[38;2;197;164;41m[48;2;197;164;41m▀[0m[38;2;197;164;41m[48;2;197;164;41m▀[0m[38;2;197;164;41m[48;2;197;164;41m▀[0m[38;2;197;164;41m[48;2;197;164;41m▀[0m[38;2;197;164;41m[48;2;197;164;41m▀[0m[38;2;197;164;41m[48;2;197;164;41m▀[0m[38;2;197;164;41m[48;2;197;164;41m▀[0m[38;2;197;164;41m[48;2;139;106;0m▀[0m[38;2;139;106;0m[48;2;197;164;41m▀[0m[38;2;190;42;41m[48;2;197;164;41m▀[0m[38;2;190;42;41m[48;2;197;164;41m▀[0m[38;2;190;42;41m[48;2;197;164;41m▀[0m[38;2;180;82;197m[48;2;190;42;41m▀[0m[38;2;190;42;41m[48;2;190;42;41m▀[0m[38;2;16;16;16m[48;2;16;16;16m▀[0m[38;2;180;82;197m[48;2;180;82;197m▀[0m[38;2;180;82;197m[48;2;180;82;197m▀[0m[38;2;180;82;197m[48;2;180;82;197m▀[0m[38;2;180;82;197m[48;2;180;82;197m▀[0m[38;2;180;82;197m[48;2;180;82;197m▀[0m[38;2;180;82;197m[48;2;180;82;197m▀[0m[38;2;180;82;197m[48;2;180;82;197m▀[0m[38;2;230;131;222m[48;2;16;16;16m▀[0m[38;2;16;16;16m[48;2;180;82;197m▀[0m[38;2;230;131;222m[48;2;230;131;222m▀[0m[38;2;230;131;222m[48;2;230;131;222m▀[0m[38;2;139;41;148m[48;2;230;131;222m▀[0m[38;2;139;41;148m▄[0m                               
    [38;2;139;41;148m▄[0m[38;2;139;41;148m[48;2;230;131;222m▀[0m[38;2;139;41;148m[48;2;230;131;222m▀[0m[38;2;230;131;222m[48;2;230;131;222m▀[0m[38;2;230;131;222m[48;2;230;131;222m▀[0m[38;2;190;42;41m[48;2;190;42;41m▀[0m[38;2;139;41;148m[48;2;139;41;148m▀[0m[38;2;230;131;222m[48;2;180;82;197m▀[0m[38;2;230;131;222m[48;2;180;82;197m▀[0m[38;2;230;131;222m[48;2;16;16;16m▀[0m[38;2;139;41;148m[48;2;180;82;197m▀[0m[38;2;230;131;222m[48;2;180;82;197m▀[0m[38;2;16;16;16m[48;2;16;16;16m▀[0m[38;2;180;82;197m[48;2;180;82;197m▀[0m[38;2;180;82;197m[48;2;16;16;16m▀[0m[38;2;139;106;0m[48;2;197;164;41m▀[0m[38;2;197;164;41m[48;2;197;164;41m▀[0m[38;2;197;164;41m[48;2;197;164;41m▀[0m[38;2;139;106;0m[48;2;139;106;0m▀[0m[38;2;197;164;41m[48;2;197;164;41m▀[0m[38;2;197;164;41m[48;2;197;164;41m▀[0m[38;2;197;164;41m[48;2;197;164;41m▀[0m[38;2;197;164;41m[48;2;197;164;41m▀[0m[38;2;197;164;41m[48;2;197;164;41m▀[0m[38;2;197;164;41m[48;2;197;164;41m▀[0m[38;2;197;164;41m[48;2;139;106;0m▀[0m[38;2;139;106;0m[48;2;197;164;41m▀[0m[38;2;197;164;41m[48;2;197;164;41m▀[0m[38;2;197;164;41m[48;2;197;164;41m▀[0m[38;2;197;164;41m[48;2;197;164;41m▀[0m[38;2;197;164;41m[48;2;197;164;41m▀[0m[38;2;197;164;41m[48;2;197;164;41m▀[0m[38;2;197;164;41m[48;2;197;164;41m▀[0m[38;2;190;42;41m[48;2;190;42;41m▀[0m[38;2;16;16;16m[48;2;16;16;16m▀[0m[38;2;180;82;197m[48;2;180;82;197m▀[0m[38;2;180;82;197m[48;2;180;82;197m▀[0m[38;2;180;82;197m[48;2;180;82;197m▀[0m[38;2;180;82;197m[48;2;180;82;197m▀[0m[38;2;180;82;197m[48;2;180;82;197m▀[0m[38;2;180;82;197m[48;2;180;82;197m▀[0m[38;2;180;82;197m[48;2;180;82;197m▀[0m[38;2;16;16;16m[48;2;16;16;16m▀[0m[38;2;180;82;197m[48;2;180;82;197m▀[0m[38;2;180;82;197m[48;2;180;82;197m▀[0m[38;2;230;131;222m[48;2;180;82;197m▀[0m[38;2;230;131;222m[48;2;230;131;222m▀[0m[38;2;230;131;222m[48;2;230;131;222m▀[0m[38;2;139;41;148m[48;2;230;131;222m▀[0m[38;2;16;16;16m▄[0m        [38;2;139;41;148m▄[0m[38;2;139;41;148m▄[0m[38;2;139;41;148m▄[0m[38;2;139;41;148m▄[0m[38;2;139;41;148m▄[0m[38;2;139;41;148m▄[0m               
  [38;2;139;41;148m▄[0m[38;2;139;41;148m[48;2;230;131;222m▀[0m[38;2;230;131;222m[48;2;230;131;222m▀[0m[38;2;230;131;222m[48;2;180;82;197m▀[0m[38;2;230;131;222m[48;2;180;82;197m▀[0m[38;2;180;82;197m[48;2;180;82;197m▀[0m[38;2;180;82;197m[48;2;180;82;197m▀[0m[38;2;190;42;41m[48;2;190;42;41m▀[0m[38;2;180;82;197m[48;2;180;82;197m▀[0m[38;2;180;82;197m[48;2;180;82;197m▀[0m[38;2;180;82;197m[48;2;180;82;197m▀[0m[38;2;16;16;16m[48;2;16;16;16m▀[0m[38;2;180;82;197m[48;2;180;82;197m▀[0m[38;2;180;82;197m[48;2;180;82;197m▀[0m[38;2;16;16;16m[48;2;180;82;197m▀[0m[38;2;180;82;197m[48;2;16;16;16m▀[0m[38;2;16;16;16m[48;2;16;16;16m▀[0m[38;2;197;164;41m[48;2;197;164;41m▀[0m[38;2;197;164;41m[48;2;197;164;41m▀[0m[38;2;197;164;41m[48;2;197;164;41m▀[0m[38;2;139;106;0m[48;2;197;164;41m▀[0m[38;2;197;164;41m[48;2;139;106;0m▀[0m[38;2;197;164;41m[48;2;197;164;41m▀[0m[38;2;197;164;41m[48;2;197;164;41m▀[0m[38;2;197;164;41m[48;2;197;164;41m▀[0m[38;2;197;164;41m[48;2;197;164;41m▀[0m[38;2;139;106;0m[48;2;139;106;0m▀[0m[38;2;197;164;41m[48;2;197;164;41m▀[0m[38;2;197;164;41m[48;2;197;164;41m▀[0m[38;2;197;164;41m[48;2;197;164;41m▀[0m[38;2;197;164;41m[48;2;197;164;41m▀[0m[38;2;197;164;41m[48;2;197;164;41m▀[0m[38;2;197;164;41m[48;2;197;164;41m▀[0m[38;2;197;164;41m[48;2;197;164;41m▀[0m[38;2;197;164;41m[48;2;197;164;41m▀[0m[38;2;190;42;41m[48;2;190;42;41m▀[0m[38;2;16;16;16m[48;2;16;16;16m▀[0m[38;2;180;82;197m[48;2;180;82;197m▀[0m[38;2;180;82;197m[48;2;180;82;197m▀[0m[38;2;180;82;197m[48;2;180;82;197m▀[0m[38;2;180;82;197m[48;2;180;82;197m▀[0m[38;2;180;82;197m[48;2;180;82;197m▀[0m[38;2;180;82;197m[48;2;180;82;197m▀[0m[38;2;180;82;197m[48;2;180;82;197m▀[0m[38;2;16;16;16m[48;2;180;82;197m▀[0m[38;2;180;82;197m[48;2;16;16;16m▀[0m[38;2;180;82;197m[48;2;180;82;197m▀[0m[38;2;180;82;197m[48;2;180;82;197m▀[0m[38;2;180;82;197m[48;2;180;82;197m▀[0m[38;2;230;131;222m[48;2;180;82;197m▀[0m[38;2;230;131;222m[48;2;230;131;222m▀[0m[38;2;230;131;222m[48;2;230;131;222m▀[0m[38;2;16;16;16m[48;2;139;41;148m▀[0m[38;2;16;16;16m[48;2;230;131;222m▀[0m[38;2;139;41;148m[48;2;230;131;222m▀[0m[38;2;139;41;148m[48;2;180;82;197m▀[0m[38;2;139;41;148m▄[0m[38;2;139;41;148m▄[0m[38;2;139;41;148m[48;2;230;131;222m▀[0m[38;2;139;41;148m[48;2;230;131;222m▀[0m[38;2;230;131;222m[48;2;230;131;222m▀[0m[38;2;230;131;222m[48;2;230;131;222m▀[0m[38;2;230;131;222m[48;2;230;131;222m▀[0m[38;2;230;131;222m[48;2;230;131;222m▀[0m[38;2;230;131;222m[48;2;230;131;222m▀[0m[38;2;230;131;222m[48;2;230;131;222m▀[0m[38;2;139;41;148m[48;2;230;131;222m▀[0m[38;2;139;41;148m[48;2;230;131;222m▀[0m[38;2;139;41;148m[48;2;230;131;222m▀[0m[38;2;139;41;148m▄[0m[38;2;139;41;148m▄[0m          
 [38;2;16;16;16m▄[0m[38;2;139;41;148m[48;2;230;131;222m▀[0m[38;2;230;131;222m[48;2;180;82;197m▀[0m[38;2;180;82;197m[48;2;180;82;197m▀[0m[38;2;180;82;197m[48;2;180;82;197m▀[0m[38;2;180;82;197m[48;2;180;82;197m▀[0m[38;2;180;82;197m[48;2;139;41;148m▀[0m[38;2;139;41;148m[48;2;180;82;197m▀[0m[38;2;190;42;41m[48;2;190;42;41m▀[0m[38;2;139;41;148m[48;2;139;41;148m▀[0m[38;2;180;82;197m[48;2;180;82;197m▀[0m[38;2;180;82;197m[48;2;180;82;197m▀[0m[38;2;180;82;197m[48;2;180;82;197m▀[0m[38;2;16;16;16m[48;2;180;82;197m▀[0m[38;2;180;82;197m[48;2;16;16;16m▀[0m[38;2;180;82;197m[48;2;16;16;16m▀[0m[38;2;16;16;16m[48;2;16;16;16m▀[0m[38;2;16;16;16m[48;2;16;16;16m▀[0m[38;2;197;164;41m[48;2;197;164;41m▀[0m[38;2;197;164;41m[48;2;197;164;41m▀[0m[38;2;197;164;41m[48;2;197;164;41m▀[0m[38;2;197;164;41m[48;2;197;164;41m▀[0m[38;2;139;106;0m[48;2;139;106;0m▀[0m[38;2;197;164;41m[48;2;197;164;41m▀[0m[38;2;197;164;41m[48;2;197;164;41m▀[0m[38;2;197;164;41m[48;2;139;106;0m▀[0m[38;2;139;106;0m[48;2;197;164;41m▀[0m[38;2;197;164;41m[48;2;197;164;41m▀[0m[38;2;197;164;41m[48;2;197;164;41m▀[0m[38;2;197;164;41m[48;2;197;164;41m▀[0m[38;2;197;164;41m[48;2;197;164;41m▀[0m[38;2;197;164;41m[48;2;197;164;41m▀[0m[38;2;197;164;41m[48;2;197;164;41m▀[0m[38;2;197;164;41m[48;2;197;164;41m▀[0m[38;2;197;164;41m[48;2;197;164;41m▀[0m[38;2;197;164;41m[48;2;197;164;41m▀[0m[38;2;190;42;41m[48;2;197;164;41m▀[0m[38;2;16;16;16m[48;2;190;42;41m▀[0m[38;2;180;82;197m[48;2;16;16;16m▀[0m[38;2;180;82;197m[48;2;180;82;197m▀[0m[38;2;180;82;197m[48;2;180;82;197m▀[0m[38;2;180;82;197m[48;2;180;82;197m▀[0m[38;2;180;82;197m[48;2;180;82;197m▀[0m[38;2;180;82;197m[48;2;180;82;197m▀[0m[38;2;180;82;197m[48;2;180;82;197m▀[0m[38;2;180;82;197m[48;2;180;82;197m▀[0m[38;2;180;82;197m[48;2;180;82;197m▀[0m[38;2;16;16;16m[48;2;180;82;197m▀[0m[38;2;180;82;197m[48;2;16;16;16m▀[0m[38;2;180;82;197m[48;2;16;16;16m▀[0m[38;2;180;82;197m[48;2;180;82;197m▀[0m[38;2;180;82;197m[48;2;180;82;197m▀[0m[38;2;230;131;222m[48;2;180;82;197m▀[0m[38;2;139;41;148m[48;2;180;82;197m▀[0m[38;2;230;131;222m[48;2;230;131;222m▀[0m[38;2;230;131;222m[48;2;180;82;197m▀[0m[38;2;180;82;197m[48;2;139;41;148m▀[0m[38;2;190;42;41m[48;2;190;42;41m▀[0m[38;2;180;82;197m[48;2;180;82;197m▀[0m[38;2;230;131;222m[48;2;230;131;222m▀[0m[38;2;230;131;222m[48;2;180;82;197m▀[0m[38;2;230;131;222m[48;2;180;82;197m▀[0m[38;2;230;131;222m[48;2;180;82;197m▀[0m[38;2;230;131;222m[48;2;180;82;197m▀[0m[38;2;230;131;222m[48;2;180;82;197m▀[0m[38;2;230;131;222m[48;2;180;82;197m▀[0m[38;2;230;131;222m[48;2;230;131;222m▀[0m[38;2;230;131;222m[48;2;230;131;222m▀[0m[38;2;230;131;222m[48;2;230;131;222m▀[0m[38;2;230;131;222m[48;2;230;131;222m▀[0m[38;2;230;131;222m[48;2;230;131;222m▀[0m[38;2;230;131;222m[48;2;230;131;222m▀[0m[38;2;139;41;148m[48;2;230;131;222m▀[0m[38;2;139;41;148m▄[0m        
[38;2;16;16;16m▄[0m[38;2;16;16;16m[48;2;180;82;197m▀[0m[38;2;180;82;197m[48;2;180;82;197m▀[0m[38;2;180;82;197m[48;2;180;82;197m▀[0m[38;2;180;82;197m[48;2;180;82;197m▀[0m[38;2;180;82;197m[48;2;139;41;148m▀[0m[38;2;139;41;148m[48;2;180;82;197m▀[0m[38;2;180;82;197m[48;2;180;82;197m▀[0m[38;2;180;82;197m[48;2;180;82;197m▀[0m[38;2;180;82;197m[48;2;180;82;197m▀[0m[38;2;190;42;41m[48;2;180;82;197m▀[0m[38;2;139;41;148m[48;2;190;42;41m▀[0m[38;2;180;82;197m[48;2;139;41;148m▀[0m[38;2;180;82;197m[48;2;139;41;148m▀[0m[38;2;180;82;197m[48;2;139;41;148m▀[0m[38;2;180;82;197m[48;2;139;41;148m▀[0m[38;2;139;41;148m[48;2;190;42;41m▀[0m[38;2;190;42;41m[48;2;180;82;197m▀[0m[38;2;16;16;16m[48;2;16;16;16m▀[0m[38;2;197;164;41m[48;2;197;164;41m▀[0m[38;2;197;164;41m[48;2;197;164;41m▀[0m[38;2;197;164;41m[48;2;197;164;41m▀[0m[38;2;197;164;41m[48;2;197;164;41m▀[0m[38;2;197;164;41m[48;2;197;164;41m▀[0m[38;2;139;106;0m[48;2;139;106;0m▀[0m[38;2;197;164;41m[48;2;139;106;0m▀[0m[38;2;139;106;0m[48;2;197;164;41m▀[0m[38;2;197;164;41m[48;2;197;164;41m▀[0m[38;2;197;164;41m[48;2;197;164;41m▀[0m[38;2;197;164;41m[48;2;197;164;41m▀[0m[38;2;197;164;41m[48;2;197;164;41m▀[0m[38;2;197;164;41m[48;2;197;164;41m▀[0m[38;2;197;164;41m[48;2;197;164;41m▀[0m[38;2;197;164;41m[48;2;197;164;41m▀[0m[38;2;197;164;41m[48;2;197;164;41m▀[0m[38;2;197;164;41m[48;2;197;164;41m▀[0m[38;2;197;164;41m[48;2;197;164;41m▀[0m[38;2;197;164;41m[48;2;197;164;41m▀[0m[38;2;190;42;41m[48;2;197;164;41m▀[0m[38;2;16;16;16m[48;2;190;42;41m▀[0m[38;2;180;82;197m[48;2;16;16;16m▀[0m[38;2;180;82;197m[48;2;180;82;197m▀[0m[38;2;180;82;197m[48;2;180;82;197m▀[0m[38;2;180;82;197m[48;2;180;82;197m▀[0m[38;2;180;82;197m[48;2;180;82;197m▀[0m[38;2;180;82;197m[48;2;180;82;197m▀[0m[38;2;180;82;197m[48;2;180;82;197m▀[0m[38;2;180;82;197m[48;2;180;82;197m▀[0m[38;2;180;82;197m[48;2;16;16;16m▀[0m[38;2;16;16;16m▀[0m [38;2;16;16;16m[48;2;16;16;16m▀[0m[38;2;139;41;148m[48;2;180;82;197m▀[0m[38;2;180;82;197m[48;2;180;82;197m▀[0m[38;2;180;82;197m[48;2;180;82;197m▀[0m[38;2;180;82;197m[48;2;180;82;197m▀[0m[38;2;180;82;197m[48;2;139;41;148m▀[0m[38;2;139;41;148m[48;2;190;42;41m▀[0m[38;2;190;42;41m[48;2;139;41;148m▀[0m[38;2;180;82;197m[48;2;180;82;197m▀[0m[38;2;180;82;197m[48;2;180;82;197m▀[0m[38;2;180;82;197m[48;2;180;82;197m▀[0m[38;2;180;82;197m[48;2;180;82;197m▀[0m[38;2;180;82;197m[48;2;180;82;197m▀[0m[38;2;180;82;197m[48;2;180;82;197m▀[0m[38;2;180;82;197m[48;2;180;82;197m▀[0m[38;2;180;82;197m[48;2;180;82;197m▀[0m[38;2;180;82;197m[48;2;180;82;197m▀[0m[38;2;180;82;197m[48;2;180;82;197m▀[0m[38;2;180;82;197m[48;2;180;82;197m▀[0m[38;2;180;82;197m[48;2;180;82;197m▀[0m[38;2;230;131;222m[48;2;180;82;197m▀[0m[38;2;230;131;222m[48;2;180;82;197m▀[0m[38;2;230;131;222m[48;2;230;131;222m▀[0m[38;2;230;131;222m[48;2;230;131;222m▀[0m[38;2;139;41;148m[48;2;230;131;222m▀[0m[38;2;139;41;148m▄[0m      
[38;2;16;16;16m[48;2;16;16;16m▀[0m[38;2;180;82;197m[48;2;180;82;197m▀[0m[38;2;180;82;197m[48;2;180;82;197m▀[0m[38;2;180;82;197m[48;2;139;41;148m▀[0m[38;2;139;41;148m[48;2;180;82;197m▀[0m[38;2;180;82;197m[48;2;180;82;197m▀[0m[38;2;180;82;197m[48;2;180;82;197m▀[0m[38;2;180;82;197m[48;2;180;82;197m▀[0m[38;2;180;82;197m[48;2;180;82;197m▀[0m[38;2;180;82;197m[48;2;180;82;197m▀[0m[38;2;180;82;197m[48;2;180;82;197m▀[0m[38;2;180;82;197m[48;2;180;82;197m▀[0m[38;2;190;42;41m[48;2;180;82;197m▀[0m[38;2;190;42;41m[48;2;180;82;197m▀[0m[38;2;190;42;41m[48;2;180;82;197m▀[0m[38;2;190;42;41m[48;2;180;82;197m▀[0m[38;2;180;82;197m[48;2;180;82;197m▀[0m[38;2;180;82;197m[48;2;180;82;197m▀[0m[38;2;16;16;16m[48;2;16;16;16m▀[0m[38;2;197;164;41m[48;2;197;164;41m▀[0m[38;2;197;164;41m[48;2;197;164;41m▀[0m[38;2;197;164;41m[48;2;197;164;41m▀[0m[38;2;197;164;41m[48;2;197;164;41m▀[0m[38;2;197;164;41m[48;2;197;164;41m▀[0m[38;2;139;106;0m[48;2;139;106;0m▀[0m[38;2;139;106;0m[48;2;197;164;41m▀[0m[38;2;197;164;41m[48;2;197;164;41m▀[0m[38;2;197;164;41m[48;2;197;164;41m▀[0m[38;2;197;164;41m[48;2;197;164;41m▀[0m[38;2;197;164;41m[48;2;197;164;41m▀[0m[38;2;197;164;41m[48;2;197;164;41m▀[0m[38;2;197;164;41m[48;2;197;164;41m▀[0m[38;2;197;164;41m[48;2;197;164;41m▀[0m[38;2;197;164;41m[48;2;197;164;41m▀[0m[38;2;197;164;41m[48;2;197;164;41m▀[0m[38;2;197;164;41m[48;2;197;164;41m▀[0m[38;2;197;164;41m[48;2;197;164;41m▀[0m[38;2;197;164;41m[48;2;197;164;41m▀[0m[38;2;197;164;41m[48;2;197;164;41m▀[0m[38;2;197;164;41m[48;2;197;164;41m▀[0m[38;2;190;42;41m[48;2;197;164;41m▀[0m[38;2;16;16;16m[48;2;197;164;41m▀[0m[38;2;139;41;148m[48;2;190;42;41m▀[0m[38;2;180;82;197m[48;2;16;16;16m▀[0m[38;2;180;82;197m[48;2;16;16;16m▀[0m[38;2;180;82;197m[48;2;16;16;16m▀[0m[38;2;180;82;197m[48;2;16;16;16m▀[0m[38;2;16;16;16m▀[0m   [38;2;16;16;16m[48;2;16;16;16m▀[0m[38;2;180;82;197m[48;2;180;82;197m▀[0m[38;2;180;82;197m[48;2;180;82;197m▀[0m[38;2;180;82;197m[48;2;180;82;197m▀[0m[38;2;180;82;197m[48;2;139;41;148m▀[0m[38;2;139;41;148m[48;2;190;42;41m▀[0m[38;2;190;42;41m[48;2;139;41;148m▀[0m[38;2;139;41;148m[48;2;139;41;148m▀[0m[38;2;180;82;197m[48;2;180;82;197m▀[0m[38;2;180;82;197m[48;2;180;82;197m▀[0m[38;2;180;82;197m[48;2;180;82;197m▀[0m[38;2;180;82;197m[48;2;180;82;197m▀[0m[38;2;180;82;197m[48;2;180;82;197m▀[0m[38;2;180;82;197m[48;2;180;82;197m▀[0m[38;2;180;82;197m[48;2;180;82;197m▀[0m[38;2;180;82;197m[48;2;180;82;197m▀[0m[38;2;180;82;197m[48;2;180;82;197m▀[0m[38;2;180;82;197m[48;2;180;82;197m▀[0m[38;2;180;82;197m[48;2;180;82;197m▀[0m[38;2;180;82;197m[48;2;180;82;197m▀[0m[38;2;180;82;197m[48;2;180;82;197m▀[0m[38;2;180;82;197m[48;2;180;82;197m▀[0m[38;2;180;82;197m[48;2;180;82;197m▀[0m[38;2;180;82;197m[48;2;180;82;197m▀[0m[38;2;230;131;222m[48;2;180;82;197m▀[0m[38;2;139;41;148m[48;2;230;131;222m▀[0m[38;2;139;41;148m▄[0m     
[38;2;16;16;16m[48;2;16;16;16m▀[0m[38;2;180;82;197m[48;2;180;82;197m▀[0m[38;2;180;82;197m[48;2;139;41;148m▀[0m[38;2;139;41;148m[48;2;180;82;197m▀[0m[38;2;180;82;197m[48;2;180;82;197m▀[0m[38;2;180;82;197m[48;2;180;82;197m▀[0m[38;2;180;82;197m[48;2;180;82;197m▀[0m[38;2;180;82;197m[48;2;180;82;197m▀[0m[38;2;180;82;197m[48;2;180;82;197m▀[0m[38;2;180;82;197m[48;2;180;82;197m▀[0m[38;2;180;82;197m[48;2;180;82;197m▀[0m[38;2;180;82;197m[48;2;180;82;197m▀[0m[38;2;180;82;197m[48;2;180;82;197m▀[0m[38;2;180;82;197m[48;2;180;82;197m▀[0m[38;2;180;82;197m[48;2;180;82;197m▀[0m[38;2;180;82;197m[48;2;180;82;197m▀[0m[38;2;180;82;197m[48;2;180;82;197m▀[0m[38;2;180;82;197m[48;2;139;41;148m▀[0m[38;2;16;16;16m[48;2;16;16;16m▀[0m[38;2;197;164;41m[48;2;197;164;41m▀[0m[38;2;197;164;41m[48;2;197;164;41m▀[0m[38;2;197;164;41m[48;2;197;164;41m▀[0m[38;2;197;164;41m[48;2;197;164;41m▀[0m[38;2;197;164;41m[48;2;197;164;41m▀[0m[38;2;139;106;0m[48;2;139;106;0m▀[0m[38;2;197;164;41m[48;2;197;164;41m▀[0m[38;2;197;164;41m[48;2;197;164;41m▀[0m[38;2;197;164;41m[48;2;197;164;41m▀[0m[38;2;197;164;41m[48;2;197;164;41m▀[0m[38;2;197;164;41m[48;2;197;164;41m▀[0m[38;2;197;164;41m[48;2;197;164;41m▀[0m[38;2;197;164;41m[48;2;197;164;41m▀[0m[38;2;197;164;41m[48;2;197;164;41m▀[0m[38;2;197;164;41m[48;2;197;164;41m▀[0m[38;2;197;164;41m[48;2;197;164;41m▀[0m[38;2;197;164;41m[48;2;197;164;41m▀[0m[38;2;197;164;41m[48;2;197;164;41m▀[0m[38;2;197;164;41m[48;2;197;164;41m▀[0m[38;2;197;164;41m[48;2;197;164;41m▀[0m[38;2;197;164;41m[48;2;190;42;41m▀[0m[38;2;197;164;41m[48;2;190;42;41m▀[0m[38;2;197;164;41m[48;2;190;42;41m▀[0m[38;2;139;41;148m[48;2;139;41;148m▀[0m[38;2;180;82;197m[48;2;180;82;197m▀[0m[38;2;180;82;197m[48;2;180;82;197m▀[0m[38;2;16;16;16m[48;2;16;16;16m▀[0m      [38;2;16;16;16m▀[0m[38;2;180;82;197m[48;2;16;16;16m▀[0m[38;2;139;41;148m[48;2;190;42;41m▀[0m[38;2;190;42;41m[48;2;139;41;148m▀[0m[38;2;139;41;148m[48;2;180;82;197m▀[0m[38;2;180;82;197m[48;2;180;82;197m▀[0m[38;2;180;82;197m[48;2;180;82;197m▀[0m[38;2;139;41;148m[48;2;180;82;197m▀[0m[38;2;180;82;197m[48;2;139;41;148m▀[0m[38;2;180;82;197m[48;2;180;82;197m▀[0m[38;2;180;82;197m[48;2;180;82;197m▀[0m[38;2;180;82;197m[48;2;180;82;197m▀[0m[38;2;180;82;197m[48;2;180;82;197m▀[0m[38;2;180;82;197m[48;2;180;82;197m▀[0m[38;2;180;82;197m[48;2;180;82;197m▀[0m[38;2;180;82;197m[48;2;180;82;197m▀[0m[38;2;180;82;197m[48;2;180;82;197m▀[0m[38;2;180;82;197m[48;2;180;82;197m▀[0m[38;2;180;82;197m[48;2;180;82;197m▀[0m[38;2;180;82;197m[48;2;180;82;197m▀[0m[38;2;180;82;197m[48;2;180;82;197m▀[0m[38;2;180;82;197m[48;2;180;82;197m▀[0m[38;2;180;82;197m[48;2;180;82;197m▀[0m[38;2;180;82;197m[48;2;180;82;197m▀[0m[38;2;180;82;197m[48;2;180;82;197m▀[0m[38;2;139;41;148m[48;2;139;41;148m▀[0m     
[38;2;16;16;16m▀[0m[38;2;180;82;197m[48;2;16;16;16m▀[0m[38;2;139;41;148m[48;2;180;82;197m▀[0m[38;2;180;82;197m[48;2;180;82;197m▀[0m[38;2;180;82;197m[48;2;180;82;197m▀[0m[38;2;180;82;197m[48;2;180;82;197m▀[0m[38;2;180;82;197m[48;2;180;82;197m▀[0m[38;2;180;82;197m[48;2;180;82;197m▀[0m[38;2;180;82;197m[48;2;180;82;197m▀[0m[38;2;180;82;197m[48;2;180;82;197m▀[0m[38;2;180;82;197m[48;2;180;82;197m▀[0m[38;2;180;82;197m[48;2;180;82;197m▀[0m[38;2;180;82;197m[48;2;180;82;197m▀[0m[38;2;180;82;197m[48;2;180;82;197m▀[0m[38;2;180;82;197m[48;2;180;82;197m▀[0m[38;2;180;82;197m[48;2;139;41;148m▀[0m[38;2;139;41;148m[48;2;230;131;222m▀[0m[38;2;230;131;222m[48;2;180;82;197m▀[0m[38;2;16;16;16m[48;2;16;16;16m▀[0m[38;2;197;164;41m[48;2;197;164;41m▀[0m[38;2;197;164;41m[48;2;197;164;41m▀[0m[38;2;197;164;41m[48;2;197;164;41m▀[0m[38;2;197;164;41m[48;2;197;164;41m▀[0m[38;2;197;164;41m[48;2;197;164;41m▀[0m[38;2;139;106;0m[48;2;139;106;0m▀[0m[38;2;197;164;41m[48;2;197;164;41m▀[0m[38;2;197;164;41m[48;2;197;164;41m▀[0m[38;2;197;164;41m[48;2;197;164;41m▀[0m[38;2;197;164;41m[48;2;197;164;41m▀[0m[38;2;197;164;41m[48;2;197;164;41m▀[0m[38;2;197;164;41m[48;2;197;164;41m▀[0m[38;2;197;164;41m[48;2;197;164;41m▀[0m[38;2;197;164;41m[48;2;197;164;41m▀[0m[38;2;197;164;41m[48;2;197;164;41m▀[0m[38;2;197;164;41m[48;2;197;164;41m▀[0m[38;2;197;164;41m[48;2;197;164;41m▀[0m[38;2;197;164;41m[48;2;197;164;41m▀[0m[38;2;197;164;41m[48;2;190;42;41m▀[0m[38;2;190;42;41m[48;2;190;42;41m▀[0m[38;2;190;42;41m[48;2;16;16;16m▀[0m[38;2;16;16;16m[48;2;230;131;222m▀[0m[38;2;16;16;16m[48;2;230;131;222m▀[0m[38;2;16;16;16m[48;2;230;131;222m▀[0m[38;2;180;82;197m[48;2;16;16;16m▀[0m[38;2;16;16;16m[48;2;16;16;16m▀[0m  [38;2;139;41;148m▄[0m[38;2;16;16;16m[48;2;230;131;222m▀[0m[38;2;16;16;16m[48;2;139;41;148m▀[0m   [38;2;16;16;16m[48;2;16;16;16m▀[0m[38;2;139;41;148m[48;2;180;82;197m▀[0m[38;2;180;82;197m[48;2;180;82;197m▀[0m[38;2;180;82;197m[48;2;180;82;197m▀[0m[38;2;180;82;197m[48;2;180;82;197m▀[0m[38;2;180;82;197m[48;2;180;82;197m▀[0m[38;2;180;82;197m[48;2;180;82;197m▀[0m[38;2;180;82;197m[48;2;180;82;197m▀[0m[38;2;139;41;148m[48;2;180;82;197m▀[0m[38;2;180;82;197m[48;2;139;41;148m▀[0m[38;2;180;82;197m[48;2;180;82;197m▀[0m[38;2;180;82;197m[48;2;180;82;197m▀[0m[38;2;180;82;197m[48;2;180;82;197m▀[0m[38;2;180;82;197m[48;2;180;82;197m▀[0m[38;2;180;82;197m[48;2;180;82;197m▀[0m[38;2;180;82;197m[48;2;180;82;197m▀[0m[38;2;180;82;197m[48;2;180;82;197m▀[0m[38;2;180;82;197m[48;2;180;82;197m▀[0m[38;2;180;82;197m[48;2;180;82;197m▀[0m[38;2;180;82;197m[48;2;180;82;197m▀[0m[38;2;180;82;197m[48;2;180;82;197m▀[0m[38;2;180;82;197m[48;2;180;82;197m▀[0m[38;2;180;82;197m[48;2;180;82;197m▀[0m[38;2;180;82;197m[48;2;180;82;197m▀[0m[38;2;180;82;197m[48;2;180;82;197m▀[0m[38;2;139;41;148m[48;2;139;41;148m▀[0m    
 [38;2;16;16;16m▀[0m[38;2;180;82;197m[48;2;16;16;16m▀[0m[38;2;180;82;197m[48;2;180;82;197m▀[0m[38;2;180;82;197m[48;2;180;82;197m▀[0m[38;2;180;82;197m[48;2;180;82;197m▀[0m[38;2;180;82;197m[48;2;180;82;197m▀[0m[38;2;180;82;197m[48;2;180;82;197m▀[0m[38;2;180;82;197m[48;2;180;82;197m▀[0m[38;2;180;82;197m[48;2;180;82;197m▀[0m[38;2;180;82;197m[48;2;180;82;197m▀[0m[38;2;180;82;197m[48;2;180;82;197m▀[0m[38;2;180;82;197m[48;2;180;82;197m▀[0m[38;2;180;82;197m[48;2;180;82;197m▀[0m[38;2;180;82;197m[48;2;139;41;148m▀[0m[38;2;139;41;148m[48;2;180;82;197m▀[0m[38;2;180;82;197m[48;2;180;82;197m▀[0m[38;2;180;82;197m[48;2;180;82;197m▀[0m[38;2;180;82;197m[48;2;180;82;197m▀[0m[38;2;16;16;16m[48;2;16;16;16m▀[0m[38;2;197;164;41m[48;2;197;164;41m▀[0m[38;2;197;164;41m[48;2;197;164;41m▀[0m[38;2;197;164;41m[48;2;197;164;41m▀[0m[38;2;197;164;41m[48;2;197;164;41m▀[0m[38;2;139;106;0m[48;2;139;106;0m▀[0m[38;2;197;164;41m[48;2;197;164;41m▀[0m[38;2;197;164;41m[48;2;197;164;41m▀[0m[38;2;197;164;41m[48;2;197;164;41m▀[0m[38;2;197;164;41m[48;2;197;164;41m▀[0m[38;2;197;164;41m[48;2;197;164;41m▀[0m[38;2;197;164;41m[48;2;197;164;41m▀[0m[38;2;197;164;41m[48;2;197;164;41m▀[0m[38;2;197;164;41m[48;2;197;164;41m▀[0m[38;2;197;164;41m[48;2;197;164;41m▀[0m[38;2;197;164;41m[48;2;197;164;41m▀[0m[38;2;197;164;41m[48;2;197;164;41m▀[0m[38;2;197;164;41m[48;2;190;42;41m▀[0m[38;2;190;42;41m[48;2;190;42;41m▀[0m[38;2;16;16;16m[48;2;16;16;16m▀[0m[38;2;230;131;222m[48;2;180;82;197m▀[0m[38;2;230;131;222m[48;2;230;131;222m▀[0m[38;2;230;131;222m[48;2;230;131;222m▀[0m[38;2;230;131;222m[48;2;230;131;222m▀[0m[38;2;230;131;222m[48;2;230;131;222m▀[0m[38;2;230;131;222m[48;2;230;131;222m▀[0m[38;2;139;41;148m[48;2;230;131;222m▀[0m[38;2;139;41;148m[48;2;230;131;222m▀[0m[38;2;230;131;222m[48;2;230;131;222m▀[0m[38;2;230;131;222m[48;2;230;131;222m▀[0m[38;2;139;41;148m[48;2;139;41;148m▀[0m   [38;2;16;16;16m▀[0m[38;2;180;82;197m[48;2;16;16;16m▀[0m[38;2;180;82;197m[48;2;180;82;197m▀[0m[38;2;180;82;197m[48;2;180;82;197m▀[0m[38;2;180;82;197m[48;2;180;82;197m▀[0m[38;2;180;82;197m[48;2;180;82;197m▀[0m[38;2;180;82;197m[48;2;180;82;197m▀[0m[38;2;180;82;197m[48;2;180;82;197m▀[0m[38;2;180;82;197m[48;2;180;82;197m▀[0m[38;2;180;82;197m[48;2;180;82;197m▀[0m[38;2;139;41;148m[48;2;180;82;197m▀[0m[38;2;139;41;148m[48;2;180;82;197m▀[0m[38;2;180;82;197m[48;2;139;41;148m▀[0m[38;2;180;82;197m[48;2;139;41;148m▀[0m[38;2;180;82;197m[48;2;180;82;197m▀[0m[38;2;180;82;197m[48;2;180;82;197m▀[0m[38;2;180;82;197m[48;2;180;82;197m▀[0m[38;2;180;82;197m[48;2;180;82;197m▀[0m[38;2;180;82;197m[48;2;180;82;197m▀[0m[38;2;180;82;197m[48;2;180;82;197m▀[0m[38;2;180;82;197m[48;2;180;82;197m▀[0m[38;2;180;82;197m[48;2;180;82;197m▀[0m[38;2;180;82;197m[48;2;180;82;197m▀[0m[38;2;180;82;197m[48;2;180;82;197m▀[0m[38;2;180;82;197m[48;2;180;82;197m▀[0m[38;2;139;41;148m[48;2;16;16;16m▀[0m[38;2;98;98;98m[48;2;248;248;248m▀[0m[38;2;98;98;98m▄[0m  
  [38;2;16;16;16m▀[0m[38;2;180;82;197m[48;2;16;16;16m▀[0m[38;2;180;82;197m[48;2;180;82;197m▀[0m[38;2;180;82;197m[48;2;180;82;197m▀[0m[38;2;180;82;197m[48;2;180;82;197m▀[0m[38;2;180;82;197m[48;2;180;82;197m▀[0m[38;2;180;82;197m[48;2;180;82;197m▀[0m[38;2;180;82;197m[48;2;180;82;197m▀[0m[38;2;180;82;197m[48;2;180;82;197m▀[0m[38;2;180;82;197m[48;2;180;82;197m▀[0m[38;2;180;82;197m[48;2;180;82;197m▀[0m[38;2;180;82;197m[48;2;180;82;197m▀[0m[38;2;16;16;16m[48;2;16;16;16m▀[0m[38;2;180;82;197m[48;2;180;82;197m▀[0m[38;2;180;82;197m[48;2;180;82;197m▀[0m[38;2;180;82;197m[48;2;180;82;197m▀[0m[38;2;180;82;197m[48;2;180;82;197m▀[0m[38;2;16;16;16m[48;2;180;82;197m▀[0m[38;2;197;164;41m[48;2;16;16;16m▀[0m[38;2;197;164;41m[48;2;197;164;41m▀[0m[38;2;197;164;41m[48;2;197;164;41m▀[0m[38;2;197;164;41m[48;2;197;164;41m▀[0m[38;2;197;164;41m[48;2;197;164;41m▀[0m[38;2;139;106;0m[48;2;139;106;0m▀[0m[38;2;197;164;41m[48;2;197;164;41m▀[0m[38;2;197;164;41m[48;2;197;164;41m▀[0m[38;2;197;164;41m[48;2;197;164;41m▀[0m[38;2;197;164;41m[48;2;197;164;41m▀[0m[38;2;197;164;41m[48;2;197;164;41m▀[0m[38;2;197;164;41m[48;2;197;164;41m▀[0m[38;2;197;164;41m[48;2;197;164;41m▀[0m[38;2;197;164;41m[48;2;197;164;41m▀[0m[38;2;197;164;41m[48;2;197;164;41m▀[0m[38;2;197;164;41m[48;2;197;164;41m▀[0m[38;2;190;42;41m[48;2;190;42;41m▀[0m[38;2;16;16;16m[48;2;16;16;16m▀[0m[38;2;180;82;197m[48;2;180;82;197m▀[0m[38;2;180;82;197m[48;2;180;82;197m▀[0m[38;2;180;82;197m[48;2;180;82;197m▀[0m[38;2;230;131;222m[48;2;180;82;197m▀[0m[38;2;230;131;222m[48;2;230;131;222m▀[0m[38;2;230;131;222m[48;2;230;131;222m▀[0m[38;2;230;131;222m[48;2;230;131;222m▀[0m[38;2;230;131;222m[48;2;180;82;197m▀[0m[38;2;230;131;222m[48;2;180;82;197m▀[0m[38;2;180;82;197m[48;2;180;82;197m▀[0m[38;2;139;41;148m[48;2;139;41;148m▀[0m     [38;2;16;16;16m▀[0m[38;2;180;82;197m[48;2;16;16;16m▀[0m[38;2;180;82;197m[48;2;180;82;197m▀[0m[38;2;180;82;197m[48;2;180;82;197m▀[0m[38;2;180;82;197m[48;2;180;82;197m▀[0m[38;2;180;82;197m[48;2;180;82;197m▀[0m[38;2;180;82;197m[48;2;180;82;197m▀[0m[38;2;180;82;197m[48;2;180;82;197m▀[0m[38;2;180;82;197m[48;2;180;82;197m▀[0m[38;2;180;82;197m[48;2;180;82;197m▀[0m[38;2;180;82;197m[48;2;180;82;197m▀[0m[38;2;180;82;197m[48;2;180;82;197m▀[0m[38;2;180;82;197m[48;2;180;82;197m▀[0m[38;2;139;41;148m[48;2;180;82;197m▀[0m[38;2;139;41;148m[48;2;180;82;197m▀[0m[38;2;180;82;197m[48;2;139;41;148m▀[0m[38;2;180;82;197m[48;2;139;41;148m▀[0m[38;2;180;82;197m[48;2;180;82;197m▀[0m[38;2;180;82;197m[48;2;180;82;197m▀[0m[38;2;180;82;197m[48;2;180;82;197m▀[0m[38;2;180;82;197m[48;2;180;82;197m▀[0m[38;2;180;82;197m[48;2;180;82;197m▀[0m[38;2;180;82;197m[48;2;180;82;197m▀[0m[38;2;180;82;197m[48;2;180;82;197m▀[0m[38;2;16;16;16m[48;2;16;16;16m▀[0m[38;2;156;156;156m[48;2;16;16;16m▀[0m[38;2;248;248;248m[48;2;16;16;16m▀[0m[38;2;98;98;98m[48;2;248;248;248m▀[0m[38;2;98;98;98m▄[0m
    [38;2;16;16;16m▀[0m[38;2;180;82;197m[48;2;16;16;16m▀[0m[38;2;180;82;197m[48;2;16;16;16m▀[0m[38;2;180;82;197m[48;2;180;82;197m▀[0m[38;2;180;82;197m[48;2;180;82;197m▀[0m[38;2;180;82;197m[48;2;180;82;197m▀[0m[38;2;180;82;197m[48;2;180;82;197m▀[0m[38;2;180;82;197m[48;2;180;82;197m▀[0m[38;2;180;82;197m[48;2;180;82;197m▀[0m[38;2;180;82;197m[48;2;16;16;16m▀[0m[38;2;16;16;16m▀[0m[38;2;180;82;197m[48;2;16;16;16m▀[0m[38;2;180;82;197m[48;2;16;16;16m▀[0m[38;2;16;16;16m[48;2;180;82;197m▀[0m[38;2;139;41;148m[48;2;180;82;197m▀[0m[38;2;180;82;197m[48;2;139;41;148m▀[0m[38;2;16;16;16m[48;2;180;82;197m▀[0m[38;2;197;164;41m[48;2;16;16;16m▀[0m[38;2;197;164;41m[48;2;197;164;41m▀[0m[38;2;197;164;41m[48;2;197;164;41m▀[0m[38;2;197;164;41m[48;2;197;164;41m▀[0m[38;2;139;106;0m[48;2;197;164;41m▀[0m[38;2;197;164;41m[48;2;139;106;0m▀[0m[38;2;197;164;41m[48;2;197;164;41m▀[0m[38;2;197;164;41m[48;2;197;164;41m▀[0m[38;2;197;164;41m[48;2;197;164;41m▀[0m[38;2;197;164;41m[48;2;197;164;41m▀[0m[38;2;197;164;41m[48;2;197;164;41m▀[0m[38;2;197;164;41m[48;2;197;164;41m▀[0m[38;2;197;164;41m[48;2;197;164;41m▀[0m[38;2;197;164;41m[48;2;197;164;41m▀[0m[38;2;197;164;41m[48;2;197;164;41m▀[0m[38;2;190;42;41m[48;2;190;42;41m▀[0m[38;2;16;16;16m[48;2;16;16;16m▀[0m[38;2;180;82;197m[48;2;180;82;197m▀[0m[38;2;180;82;197m[48;2;180;82;197m▀[0m[38;2;180;82;197m[48;2;180;82;197m▀[0m[38;2;180;82;197m[48;2;180;82;197m▀[0m[38;2;180;82;197m[48;2;180;82;197m▀[0m[38;2;180;82;197m[48;2;180;82;197m▀[0m[38;2;180;82;197m[48;2;180;82;197m▀[0m[38;2;180;82;197m[48;2;180;82;197m▀[0m[38;2;180;82;197m[48;2;180;82;197m▀[0m[38;2;180;82;197m[48;2;180;82;197m▀[0m[38;2;139;41;148m[48;2;180;82;197m▀[0m[38;2;139;41;148m▄[0m     [38;2;16;16;16m▀[0m[38;2;180;82;197m[48;2;16;16;16m▀[0m[38;2;180;82;197m[48;2;180;82;197m▀[0m[38;2;180;82;197m[48;2;180;82;197m▀[0m[38;2;180;82;197m[48;2;180;82;197m▀[0m[38;2;180;82;197m[48;2;180;82;197m▀[0m[38;2;180;82;197m[48;2;180;82;197m▀[0m[38;2;180;82;197m[48;2;180;82;197m▀[0m[38;2;180;82;197m[48;2;180;82;197m▀[0m[38;2;180;82;197m[48;2;180;82;197m▀[0m[38;2;180;82;197m[48;2;180;82;197m▀[0m[38;2;180;82;197m[48;2;180;82;197m▀[0m[38;2;180;82;197m[48;2;180;82;197m▀[0m[38;2;180;82;197m[48;2;180;82;197m▀[0m[38;2;180;82;197m[48;2;180;82;197m▀[0m[38;2;180;82;197m[48;2;180;82;197m▀[0m[38;2;139;41;148m[48;2;180;82;197m▀[0m[38;2;139;41;148m[48;2;180;82;197m▀[0m[38;2;139;41;148m[48;2;180;82;197m▀[0m[38;2;180;82;197m[48;2;139;41;148m▀[0m[38;2;180;82;197m[48;2;139;41;148m▀[0m[38;2;180;82;197m[48;2;139;41;148m▀[0m[38;2;16;16;16m[48;2;98;98;98m▀[0m[38;2;98;98;98m▄[0m  [38;2;16;16;16m▀[0m[38;2;16;16;16m▀[0m
       [38;2;16;16;16m▀[0m[38;2;16;16;16m▀[0m[38;2;16;16;16m▀[0m[38;2;16;16;16m▀[0m[38;2;16;16;16m▀[0m[38;2;16;16;16m▀[0m  [38;2;139;41;148m▄[0m[38;2;16;16;16m[48;2;139;41;148m▀[0m[38;2;180;82;197m[48;2;139;41;148m▀[0m[38;2;180;82;197m[48;2;180;82;197m▀[0m[38;2;180;82;197m[48;2;180;82;197m▀[0m[38;2;16;16;16m[48;2;139;41;148m▀[0m[38;2;16;16;16m▀[0m[38;2;16;16;16m▀[0m[38;2;197;164;41m[48;2;16;16;16m▀[0m[38;2;197;164;41m[48;2;197;164;41m▀[0m[38;2;197;164;41m[48;2;197;164;41m▀[0m[38;2;139;106;0m[48;2;197;164;41m▀[0m[38;2;197;164;41m[48;2;139;106;0m▀[0m[38;2;197;164;41m[48;2;197;164;41m▀[0m[38;2;197;164;41m[48;2;197;164;41m▀[0m[38;2;197;164;41m[48;2;197;164;41m▀[0m[38;2;197;164;41m[48;2;197;164;41m▀[0m[38;2;197;164;41m[48;2;197;164;41m▀[0m[38;2;197;164;41m[48;2;197;164;41m▀[0m[38;2;197;164;41m[48;2;139;41;148m▀[0m[38;2;197;164;41m[48;2;139;41;148m▀[0m[38;2;139;41;148m[48;2;180;82;197m▀[0m[38;2;190;42;41m[48;2;180;82;197m▀[0m[38;2;16;16;16m[48;2;16;16;16m▀[0m[38;2;180;82;197m[48;2;16;16;16m▀[0m[38;2;180;82;197m[48;2;16;16;16m▀[0m[38;2;180;82;197m[48;2;180;82;197m▀[0m[38;2;180;82;197m[48;2;180;82;197m▀[0m[38;2;180;82;197m[48;2;139;41;148m▀[0m[38;2;180;82;197m[48;2;139;41;148m▀[0m[38;2;180;82;197m[48;2;16;16;16m▀[0m[38;2;180;82;197m[48;2;180;82;197m▀[0m[38;2;180;82;197m[48;2;180;82;197m▀[0m[38;2;180;82;197m[48;2;180;82;197m▀[0m[38;2;16;16;16m[48;2;16;16;16m▀[0m       [38;2;16;16;16m▀[0m[38;2;180;82;197m[48;2;16;16;16m▀[0m[38;2;180;82;197m[48;2;180;82;197m▀[0m[38;2;180;82;197m[48;2;180;82;197m▀[0m[38;2;180;82;197m[48;2;180;82;197m▀[0m[38;2;180;82;197m[48;2;180;82;197m▀[0m[38;2;180;82;197m[48;2;180;82;197m▀[0m[38;2;180;82;197m[48;2;180;82;197m▀[0m[38;2;180;82;197m[48;2;180;82;197m▀[0m[38;2;180;82;197m[48;2;180;82;197m▀[0m[38;2;180;82;197m[48;2;180;82;197m▀[0m[38;2;180;82;197m[48;2;180;82;197m▀[0m[38;2;180;82;197m[48;2;180;82;197m▀[0m[38;2;180;82;197m[48;2;180;82;197m▀[0m[38;2;180;82;197m[48;2;180;82;197m▀[0m[38;2;180;82;197m[48;2;180;82;197m▀[0m[38;2;180;82;197m[48;2;180;82;197m▀[0m[38;2;180;82;197m[48;2;180;82;197m▀[0m[38;2;180;82;197m[48;2;16;16;16m▀[0m[38;2;139;41;148m[48;2;16;16;16m▀[0m[38;2;156;156;156m[48;2;16;16;16m▀[0m[38;2;248;248;248m[48;2;156;156;156m▀[0m[38;2;98;98;98m[48;2;248;248;248m▀[0m[38;2;98;98;98m▄[0m  
              [38;2;139;41;148m[48;2;139;41;148m▀[0m[38;2;180;82;197m[48;2;180;82;197m▀[0m[38;2;180;82;197m[48;2;180;82;197m▀[0m[38;2;180;82;197m[48;2;180;82;197m▀[0m[38;2;16;16;16m[48;2;180;82;197m▀[0m[38;2;139;41;148m[48;2;180;82;197m▀[0m[38;2;139;41;148m[48;2;180;82;197m▀[0m[38;2;139;41;148m[48;2;139;41;148m▀[0m[38;2;98;98;98m▀[0m[38;2;98;98;98m▄[0m[38;2;16;16;16m▀[0m[38;2;16;16;16m▀[0m[38;2;197;164;41m[48;2;16;16;16m▀[0m[38;2;197;164;41m[48;2;16;16;16m▀[0m[38;2;139;106;0m[48;2;16;16;16m▀[0m[38;2;197;164;41m[48;2;16;16;16m▀[0m[38;2;197;164;41m[48;2;16;16;16m▀[0m[38;2;139;41;148m[48;2;16;16;16m▀[0m[38;2;139;41;148m[48;2;16;16;16m▀[0m[38;2;139;41;148m[48;2;16;16;16m▀[0m[38;2;180;82;197m[48;2;16;16;16m▀[0m[38;2;16;16;16m▀[0m[38;2;16;16;16m▀[0m[38;2;16;16;16m▀[0m   [38;2;16;16;16m▀[0m[38;2;16;16;16m▀[0m[38;2;139;41;148m[48;2;16;16;16m▀[0m[38;2;180;82;197m[48;2;180;82;197m▀[0m[38;2;180;82;197m[48;2;180;82;197m▀[0m[38;2;16;16;16m[48;2;180;82;197m▀[0m[38;2;180;82;197m[48;2;16;16;16m▀[0m[38;2;16;16;16m▀[0m          [38;2;16;16;16m▀[0m[38;2;16;16;16m▀[0m[38;2;180;82;197m[48;2;16;16;16m▀[0m[38;2;180;82;197m[48;2;16;16;16m▀[0m[38;2;180;82;197m[48;2;16;16;16m▀[0m[38;2;180;82;197m[48;2;180;82;197m▀[0m[38;2;180;82;197m[48;2;180;82;197m▀[0m[38;2;180;82;197m[48;2;180;82;197m▀[0m[38;2;180;82;197m[48;2;180;82;197m▀[0m[38;2;180;82;197m[48;2;180;82;197m▀[0m[38;2;180;82;197m[48;2;180;82;197m▀[0m[38;2;180;82;197m[48;2;16;16;16m▀[0m[38;2;180;82;197m[48;2;16;16;16m▀[0m[38;2;180;82;197m[48;2;16;16;16m▀[0m[38;2;16;16;16m▀[0m[38;2;16;16;16m▀[0m   [38;2;16;16;16m▀[0m[38;2;16;16;16m▀[0m[38;2;16;16;16m▀[0m  
               [38;2;16;16;16m▀[0m[38;2;16;16;16m▀[0m[38;2;180;82;197m[48;2;16;16;16m▀[0m[38;2;180;82;197m[48;2;16;16;16m▀[0m[38;2;180;82;197m[48;2;16;16;16m▀[0m[38;2;180;82;197m[48;2;16;16;16m▀[0m[38;2;16;16;16m▀[0m[38;2;16;16;16m▀[0m                    [38;2;16;16;16m▄[0m[38;2;16;16;16m[48;2;139;41;148m▀[0m[38;2;180;82;197m[48;2;139;41;148m▀[0m[38;2;180;82;197m[48;2;16;16;16m▀[0m[38;2;16;16;16m[48;2;180;82;197m▀[0m[38;2;16;16;16m[48;2;180;82;197m▀[0m[38;2;98;98;98m[48;2;139;41;148m▀[0m[38;2;98;98;98m[48;2;248;248;248m▀[0m[38;2;98;98;98m[48;2;248;248;248m▀[0m[38;2;98;98;98m[48;2;156;156;156m▀[0m[38;2;98;98;98m▄[0m          [38;2;16;16;16m▀[0m[38;2;16;16;16m▀[0m[38;2;16;16;16m▀[0m[38;2;16;16;16m▀[0m[38;2;16;16;16m▀[0m[38;2;16;16;16m▀[0m             
                                          [38;2;16;16;16m[48;2;16;16;16m▀[0m[38;2;180;82;197m[48;2;180;82;197m▀[0m[38;2;180;82;197m[48;2;180;82;197m▀[0m[38;2;180;82;197m[48;2;180;82;197m▀[0m[38;2;180;82;197m[48;2;180;82;197m▀[0m[38;2;180;82;197m[48;2;180;82;197m▀[0m[38;2;180;82;197m[48;2;180;82;197m▀[0m[38;2;180;82;197m[48;2;16;16;16m▀[0m[38;2;139;41;148m[48;2;16;16;16m▀[0m[38;2;156;156;156m[48;2;16;16;16m▀[0m[38;2;16;16;16m▀[0m[38;2;16;16;16m▀[0m                             
                                           [38;2;16;16;16m▀[0m[38;2;16;16;16m▀[0m[38;2;16;16;16m▀[0m[38;2;16;16;16m▀[0m[38;2;16;16;16m▀[0m[38;2;16;16;16m▀[0m                                  
[0m