                                                [38;2;75;189;173m▄[0m[38;2;85;170;170m[48;2;78;198;179m▀[0m[38;2;76;190;171m[48;2;75;190;171m▀[0m[38;2;78;197;177m[48;2;85;214;193m▀[0m[38;2;78;195;176m[48;2;75;191;170m▀[0m[38;2;81;206;185m[48;2;77;194;177m▀[0m[38;2;75;191;172m[48;2;76;190;171m▀[0m[38;2;75;195;165m[48;2;63;191;191m▀[0m                        
                                               [38;2;79;193;167m▄[0m[38;2;74;184;167m[48;2;79;197;179m▀[0m[38;2;84;212;190m[48;2;78;198;179m▀[0m[38;2;78;197;177m[48;2;82;206;186m▀[0m[38;2;80;202;182m[48;2;75;184;165m▀[0m[38;2;77;191;173m▀[0m                           
                                            [38;2;102;204;204m▄[0m[38;2;68;187;170m[48;2;74;189;171m▀[0m[38;2;79;191;175m[48;2;74;195;176m▀[0m[38;2;75;191;171m[48;2;73;189;171m▀[0m[38;2;84;211;190m[48;2;77;198;178m▀[0m[38;2;76;191;172m[48;2;75;191;172m▀[0m[38;2;78;198;178m[48;2;82;197;180m▀[0m[38;2;78;189;168m[48;2;63;191;191m▀[0m                            
                                        [38;2;75;190;171m▄[0m[38;2;75;190;171m[48;2;73;192;174m▀[0m[38;2;79;203;183m[48;2;89;213;190m▀[0m[38;2;68;186;170m[48;2;110;220;192m▀[0m[38;2;70;187;169m[48;2;130;229;201m▀[0m[38;2;107;212;182m[48;2;101;206;179m▀[0m[38;2;149;237;203m[48;2;126;225;196m▀[0m[38;2;137;227;194m[48;2;125;233;203m▀[0m[38;2;103;215;187m[48;2;94;204;179m▀[0m[38;2;74;191;172m[48;2;72;189;172m▀[0m[38;2;76;178;178m[48;2;95;191;191m▀[0m                             
                                      [38;2;75;195;165m[48;2;77;188;170m▀[0m[38;2;77;196;177m[48;2;82;207;186m▀[0m[38;2;77;195;176m[48;2;75;191;172m▀[0m[38;2;83;202;181m[48;2;108;210;180m▀[0m[38;2;108;209;181m[48;2;154;235;199m▀[0m[38;2;149;233;196m[48;2;163;238;202m▀[0m[38;2;159;237;202m[48;2;113;214;182m▀[0m[38;2;80;194;175m[48;2;82;200;180m▀[0m[38;2;64;184;168m[48;2;71;187;170m▀[0m[38;2;74;199;182m▀[0m[38;2;71;188;171m▀[0m                               
                                      [38;2;77;189;170m[48;2;75;190;168m▀[0m[38;2;79;200;180m[48;2;84;213;191m▀[0m[38;2;73;190;171m[48;2;75;192;173m▀[0m[38;2;145;229;197m[48;2;119;215;185m▀[0m[38;2;179;247;210m[48;2;158;237;201m▀[0m[38;2;158;236;201m[48;2;172;243;207m▀[0m[38;2;113;214;182m[48;2;151;233;198m▀[0m[38;2;82;200;180m[48;2;75;192;173m▀[0m[38;2;71;187;170m[48;2;70;188;169m▀[0m[38;2;82;205;184m▄[0m[38;2;75;190;171m▄[0m                               
                                      [38;2;77;193;170m▀[0m[38;2;78;197;178m▀[0m[38;2;78;196;177m[48;2;75;190;172m▀[0m[38;2;86;203;179m[48;2;66;190;172m▀[0m[38;2;133;222;191m[48;2;123;219;192m▀[0m[38;2;178;246;209m[48;2;177;246;208m▀[0m[38;2;170;242;206m[48;2;170;242;206m▀[0m[38;2;128;219;190m[48;2;180;247;209m▀[0m[38;2;88;204;183m[48;2;110;210;184m▀[0m[38;2;79;207;188m[48;2;74;190;170m▀[0m[38;2;77;195;175m[48;2;79;201;181m▀[0m[38;2;76;191;172m[48;2;76;192;173m▀[0m[38;2;95;191;191m[48;2;75;195;180m▀[0m                             
                                       [38;2;102;204;204m▄[0m[38;2;85;170;170m[48;2;75;190;172m▀[0m[38;2;66;185;168m[48;2;71;192;175m▀[0m[38;2;128;228;200m[48;2;123;218;190m▀[0m[38;2;177;246;208m[48;2;177;246;208m▀[0m[38;2;170;242;206m[48;2;170;242;206m▀[0m[38;2;172;243;207m[48;2;170;242;206m▀[0m[38;2;139;227;193m[48;2;176;246;208m▀[0m[38;2;97;204;178m[48;2;122;217;189m▀[0m[38;2;75;195;177m[48;2;71;193;175m▀[0m[38;2;75;190;171m[48;2;75;190;171m▀[0m[38;2;79;191;175m[48;2;79;191;175m▀[0m                             
                               [38;2;76;192;172m▄[0m[38;2;74;186;169m[48;2;79;198;179m▀[0m[38;2;82;206;186m[48;2;84;210;190m▀[0m[38;2;75;191;172m[48;2;78;201;182m▀[0m[38;2;75;191;172m[48;2;75;200;181m▀[0m[38;2;75;191;172m[48;2;75;200;181m▀[0m[38;2;75;191;172m[48;2;75;200;181m▀[0m[38;2;75;191;172m[48;2;75;200;181m▀[0m[38;2;76;190;172m[48;2;75;199;180m▀[0m[38;2;77;194;174m[48;2;68;187;170m▀[0m[38;2;65;187;171m[48;2;106;207;183m▀[0m[38;2;119;215;187m[48;2;150;231;199m▀[0m[38;2;178;246;208m[48;2;174;244;207m▀[0m[38;2;170;242;206m[48;2;170;242;206m▀[0m[38;2;171;243;207m[48;2;173;244;207m▀[0m[38;2;150;233;197m[48;2;115;213;185m▀[0m[38;2;104;206;180m[48;2;83;201;179m▀[0m[38;2;75;198;180m[48;2;76;194;175m▀[0m[38;2;76;192;173m[48;2;76;191;171m▀[0m[38;2;75;195;180m▀[0m                             
                             [38;2;63;191;191m[48;2;75;180;165m▀[0m[38;2;74;189;172m[48;2;75;190;172m▀[0m[38;2;76;193;173m[48;2;79;199;179m▀[0m[38;2;81;207;187m[48;2;74;189;171m▀[0m[38;2;76;191;171m[48;2;88;199;175m▀[0m[38;2;87;198;175m[48;2;129;223;188m▀[0m[38;2;99;204;180m[48;2;171;243;206m▀[0m[38;2;101;204;181m[48;2;176;245;208m▀[0m[38;2;100;204;181m[48;2;174;244;207m▀[0m[38;2;100;204;181m[48;2;174;244;207m▀[0m[38;2;100;204;181m[48;2;174;244;207m▀[0m[38;2;97;203;180m[48;2;174;244;207m▀[0m[38;2;158;235;201m[48;2;171;243;206m▀[0m[38;2;178;246;209m[48;2;170;242;206m▀[0m[38;2;169;242;206m[48;2;170;242;206m▀[0m[38;2;170;242;206m[48;2;170;242;206m▀[0m[38;2;174;244;207m[48;2;174;244;207m▀[0m[38;2;95;201;179m[48;2;105;207;183m▀[0m[38;2;71;196;178m[48;2;73;189;171m▀[0m[38;2;76;191;172m[48;2;76;193;174m▀[0m[38;2;74;191;175m[48;2;79;200;180m▀[0m[38;2;78;200;180m[48;2;82;207;186m▀[0m[38;2;69;185;162m[48;2;78;192;173m▀[0m[38;2;63;191;159m▄[0m                           
                             [38;2;79;191;175m[48;2;79;191;175m▀[0m[38;2;75;191;172m[48;2;75;190;171m▀[0m[38;2;75;195;177m[48;2;72;193;176m▀[0m[38;2;91;200;176m[48;2;116;214;186m▀[0m[38;2;130;222;189m[48;2;168;241;204m▀[0m[38;2;169;242;206m[48;2;172;243;207m▀[0m[38;2;170;242;206m[48;2;175;244;208m▀[0m[38;2;172;243;207m[48;2;147;231;196m▀[0m[38;2;173;243;207m[48;2;136;226;190m▀[0m[38;2;173;243;207m[48;2;136;227;190m▀[0m[38;2;172;243;207m[48;2;140;229;192m▀[0m[38;2;171;242;206m[48;2;172;243;207m▀[0m[38;2;170;242;206m[48;2;172;243;207m▀[0m[38;2;170;242;206m[48;2;170;242;206m▀[0m[38;2;170;242;206m[48;2;170;242;206m▀[0m[38;2;170;242;206m[48;2;170;242;206m▀[0m[38;2;170;242;206m[48;2;170;242;206m▀[0m[38;2;172;243;206m[48;2;174;244;207m▀[0m[38;2;118;214;187m[48;2;162;238;203m▀[0m[38;2;66;185;169m[48;2;134;223;192m▀[0m[38;2;75;191;172m[48;2;100;206;178m▀[0m[38;2;76;192;173m[48;2;75;190;172m▀[0m[38;2;81;205;185m[48;2;78;198;180m▀[0m[38;2;75;190;170m[48;2;80;201;181m▀[0m[38;2;76;191;173m▄[0m                          
                             [38;2;79;191;175m[48;2;75;180;165m▀[0m[38;2;75;190;171m[48;2;75;190;171m▀[0m[38;2;71;193;175m[48;2;72;195;177m▀[0m[38;2;125;218;190m[48;2;123;217;189m▀[0m[38;2;181;248;210m[48;2;179;247;209m▀[0m[38;2;168;241;205m[48;2;167;241;205m▀[0m[38;2;149;232;197m[48;2;122;219;184m▀[0m[38;2;94;199;179m[48;2;55;175;169m▀[0m[38;2;73;187;173m[48;2;30;159;164m▀[0m[38;2;75;188;173m[48;2;33;160;164m▀[0m[38;2;81;193;175m[48;2;40;165;166m▀[0m[38;2;139;226;193m[48;2;108;211;181m▀[0m[38;2;168;241;205m[48;2;150;233;197m▀[0m[38;2;175;245;208m[48;2;162;239;202m▀[0m[38;2;173;244;207m[48;2;159;237;201m▀[0m[38;2;173;243;207m[48;2;160;238;201m▀[0m[38;2;170;242;206m[48;2;171;242;206m▀[0m[38;2;169;242;206m[48;2;171;242;206m▀[0m[38;2;175;245;208m[48;2;170;242;206m▀[0m[38;2;171;243;206m[48;2;173;243;207m▀[0m[38;2;143;229;194m[48;2;172;243;207m▀[0m[38;2;99;205;178m[48;2;140;228;192m▀[0m[38;2;79;192;172m[48;2;90;199;176m▀[0m[38;2;82;209;189m[48;2;77;201;182m▀[0m[38;2;76;191;172m[48;2;75;191;172m▀[0m                          
                             [38;2;85;187;170m[48;2;0;255;255m▀[0m[38;2;75;191;171m[48;2;85;187;170m▀[0m[38;2;71;192;174m[48;2;66;187;169m▀[0m[38;2;123;218;190m[48;2;128;227;199m▀[0m[38;2;179;247;209m[48;2;179;247;209m▀[0m[38;2;167;241;205m[48;2;167;241;205m▀[0m[38;2;125;221;186m[48;2;125;221;186m▀[0m[38;2;60;178;170m[48;2;60;178;170m▀[0m[38;2;36;163;165m[48;2;36;163;165m▀[0m[38;2;39;164;165m[48;2;39;164;165m▀[0m[38;2;46;169;167m[48;2;46;169;167m▀[0m[38;2;115;214;183m[48;2;120;218;185m▀[0m[38;2;116;216;183m[48;2;66;182;171m▀[0m[38;2;111;212;182m[48;2;39;165;166m▀[0m[38;2;110;212;181m[48;2;44;167;166m▀[0m[38;2;115;215;183m[48;2;51;172;168m▀[0m[38;2;163;238;203m[48;2;116;215;183m▀[0m[38;2;171;243;207m[48;2;160;237;201m▀[0m[38;2;170;242;206m[48;2;173;244;207m▀[0m[38;2;170;242;206m[48;2;170;242;206m▀[0m[38;2;170;242;206m[48;2;170;242;206m▀[0m[38;2;176;245;208m[48;2;176;245;208m▀[0m[38;2;101;204;181m[48;2;101;204;181m▀[0m[38;2;75;200;181m[48;2;75;200;181m▀[0m[38;2;75;191;172m[48;2;75;191;172m▀[0m                          
                              [38;2;72;188;171m▄[0m[38;2;61;183;166m[48;2;89;202;178m▀[0m[38;2;127;228;201m[48;2;137;229;198m▀[0m[38;2;179;247;209m[48;2;178;246;209m▀[0m[38;2;167;241;205m[48;2;170;243;206m▀[0m[38;2;125;221;186m[48;2;130;224;187m▀[0m[38;2;60;178;170m[48;2;61;179;170m▀[0m[38;2;36;163;165m[48;2;36;163;165m▀[0m[38;2;40;165;166m[48;2;41;166;166m▀[0m[38;2;42;167;166m[48;2;41;166;166m▀[0m[38;2;58;177;170m[48;2;35;162;164m▀[0m[38;2;97;203;179m[48;2;76;189;174m▀[0m[38;2;73;187;173m[48;2;66;183;172m▀[0m[38;2;32;160;164m[48;2;36;162;164m▀[0m[38;2;44;167;166m[48;2;46;169;167m▀[0m[38;2;110;212;181m[48;2;112;213;182m▀[0m[38;2;159;237;201m[48;2;161;238;202m▀[0m[38;2;173;244;207m[48;2;179;247;210m▀[0m[38;2;173;243;207m[48;2;170;243;206m▀[0m[38;2;172;243;207m[48;2;143;229;194m▀[0m[38;2;140;228;192m[48;2;98;205;178m▀[0m[38;2;89;198;175m[48;2;85;210;187m▀[0m[38;2;80;208;189m[48;2;77;197;177m▀[0m[38;2;75;190;172m[48;2;75;190;171m▀[0m                          
                            [38;2;75;195;165m[48;2;77;188;170m▀[0m[38;2;77;196;177m[48;2;82;207;187m▀[0m[38;2;76;194;176m[48;2;75;192;173m▀[0m[38;2;111;219;188m[48;2;102;207;178m▀[0m[38;2;151;233;197m[48;2;147;231;196m▀[0m[38;2;173;244;207m[48;2;160;238;202m▀[0m[38;2;153;234;199m[48;2;110;212;181m▀[0m[38;2;105;208;181m[48;2;43;167;166m▀[0m[38;2;55;174;169m[48;2;38;163;165m▀[0m[38;2;37;164;165m[48;2;41;166;166m▀[0m[38;2;41;166;166m[48;2;41;166;166m▀[0m[38;2;41;166;166m[48;2;41;166;166m▀[0m[38;2;41;166;166m[48;2;41;166;166m▀[0m[38;2;36;163;165m[48;2;40;165;166m▀[0m[38;2;37;163;165m[48;2;43;167;166m▀[0m[38;2;37;162;164m[48;2;44;167;166m▀[0m[38;2;44;167;166m[48;2;51;172;168m▀[0m[38;2;111;212;182m[48;2;118;216;185m▀[0m[38;2;151;233;197m[48;2;123;220;185m▀[0m[38;2;158;238;204m[48;2;93;201;176m▀[0m[38;2;137;229;198m[48;2;69;186;169m▀[0m[38;2;103;212;183m[48;2;74;190;172m▀[0m[38;2;78;199;179m[48;2;78;199;179m▀[0m[38;2;79;203;183m[48;2;75;188;170m▀[0m[38;2;74;189;169m▀[0m                           
                            [38;2;77;188;170m[48;2;75;195;165m▀[0m[38;2;82;207;187m[48;2;77;196;177m▀[0m[38;2;76;193;173m[48;2;78;196;176m▀[0m[38;2;75;190;171m[48;2;78;199;179m▀[0m[38;2;102;206;180m[48;2;75;190;171m▀[0m[38;2;129;223;186m[48;2;97;204;177m▀[0m[38;2;114;214;183m[48;2;121;219;184m▀[0m[38;2;46;169;167m[48;2;46;169;167m▀[0m[38;2;39;164;165m[48;2;39;164;165m▀[0m[38;2;41;166;166m[48;2;41;166;166m▀[0m[38;2;41;166;166m[48;2;38;163;165m▀[0m[38;2;41;166;166m[48;2;39;165;165m▀[0m[38;2;38;164;165m[48;2;98;203;179m▀[0m[38;2;32;160;164m[48;2;100;205;179m▀[0m[38;2;75;189;174m[48;2;135;224;192m▀[0m[38;2;116;215;183m[48;2;172;244;205m▀[0m[38;2;116;215;184m[48;2;165;241;203m▀[0m[38;2;169;241;205m[48;2;141;228;192m▀[0m[38;2;109;219;194m[48;2;100;225;200m▀[0m[38;2;67;185;168m[48;2;67;185;168m▀[0m[38;2;63;191;175m▀[0m[38;2;79;191;175m▀[0m[38;2;79;207;175m▀[0m[38;2;85;170;170m▀[0m                            
                              [38;2;75;190;171m▀[0m[38;2;75;193;174m[48;2;71;193;175m▀[0m[38;2;93;211;187m[48;2;102;219;190m▀[0m[38;2;95;201;177m[48;2;94;207;181m▀[0m[38;2;75;188;174m[48;2;38;167;165m▀[0m[38;2;43;167;167m[48;2;40;166;166m▀[0m[38;2;40;165;166m[48;2;38;164;165m▀[0m[38;2;36;163;165m[48;2;48;170;168m▀[0m[38;2;47;169;167m[48;2;80;194;178m▀[0m[38;2;86;196;177m[48;2;114;216;184m▀[0m[38;2;106;218;190m[48;2;76;190;172m▀[0m[38;2;103;210;182m[48;2;71;187;170m▀[0m[38;2;114;212;184m[48;2;75;198;179m▀[0m[38;2;129;219;191m[48;2;72;195;176m▀[0m[38;2;125;219;191m[48;2;70;191;173m▀[0m[38;2;103;220;192m[48;2;74;197;177m▀[0m[38;2;86;205;182m[48;2;72;174;160m▀[0m[38;2;71;187;171m▀[0m                                
                               [38;2;127;0;0m[48;2;79;79;79m▀[0m[38;2;81;182;165m[48;2;142;146;145m▀[0m[38;2;90;205;186m[48;2;192;196;196m▀[0m[38;2;83;190;173m[48;2;177;192;189m▀[0m[38;2;46;170;167m[48;2;83;196;178m▀[0m[38;2;36;164;165m[48;2;72;197;177m▀[0m[38;2;85;196;178m[48;2;85;211;190m▀[0m[38;2;116;219;187m[48;2;78;194;173m▀[0m[38;2;72;188;171m[48;2;68;187;170m▀[0m [38;2;76;192;172m[48;2;69;185;185m▀[0m[38;2;81;202;183m[48;2;79;207;191m▀[0m[38;2;77;197;177m[48;2;79;207;175m▀[0m[38;2;75;190;171m[48;2;85;187;170m▀[0m[38;2;102;204;153m▀[0m                                  
                              [38;2;60;60;60m▄[0m[38;2;61;61;61m[48;2;148;148;148m▀[0m[38;2;167;166;166m[48;2;219;219;219m▀[0m[38;2;246;241;242m[48;2;223;223;223m▀[0m[38;2;196;194;194m[48;2;94;93;93m▀[0m[38;2;46;73;68m[48;2;20;7;9m▀[0m[38;2;42;106;93m[48;2;0;0;0m▀[0m[38;2;81;204;181m▀[0m[38;2;70;184;168m▀[0m   [38;2;7;7;7m▄[0m[38;2;29;29;29m▄[0m[38;2;71;71;71m▄[0m[38;2;71;71;71m▄[0m[38;2;60;60;60m▄[0m               [38;2;68;68;68m▄[0m[38;2;69;69;69m▄[0m[38;2;81;81;81m▄[0m[38;2;72;72;72m[48;2;165;165;165m▀[0m[38;2;80;80;80m[48;2;182;182;182m▀[0m[38;2;45;45;45m[48;2;97;97;97m▀[0m[38;2;10;10;10m[48;2;5;5;5m▀[0m           
                            [38;2;75;75;75m[48;2;67;67;67m▀[0m[38;2;100;100;100m[48;2;106;106;106m▀[0m[38;2;124;124;124m[48;2;244;244;244m▀[0m[38;2;232;232;232m[48;2;255;255;255m▀[0m[38;2;255;255;255m[48;2;248;248;248m▀[0m[38;2;190;190;190m[48;2;179;179;179m▀[0m[38;2;0;0;0m[48;2;6;6;6m▀[0m[38;2;0;0;0m▄[0m      [38;2;3;3;3m[48;2;0;0;0m▀[0m[38;2;50;50;50m[48;2;78;78;78m▀[0m[38;2;142;142;142m[48;2;255;255;255m▀[0m[38;2;142;142;142m[48;2;255;255;255m▀[0m[38;2;104;104;104m[48;2;142;142;142m▀[0m[38;2;65;65;65m[48;2;99;99;99m▀[0m[38;2;70;70;70m[48;2;97;97;97m▀[0m[38;2;79;79;79m▄[0m[38;2;95;95;95m▄[0m[38;2;127;127;127m▄[0m[38;2;72;72;72m▄[0m[38;2;79;79;79m▄[0m[38;2;79;79;79m▄[0m[38;2;79;79;79m▄[0m[38;2;79;79;79m▄[0m[38;2;79;79;79m▄[0m[38;2;79;79;79m▄[0m[38;2;95;95;95m▄[0m[38;2;75;75;75m[48;2;93;93;93m▀[0m[38;2;61;61;61m[48;2;93;93;93m▀[0m[38;2;117;117;117m[48;2;179;179;179m▀[0m[38;2;140;140;140m[48;2;255;255;255m▀[0m[38;2;144;144;144m[48;2;254;254;254m▀[0m[38;2;252;252;252m[48;2;248;248;248m▀[0m[38;2;255;255;255m[48;2;255;255;255m▀[0m[38;2;139;139;139m[48;2;133;133;133m▀[0m[38;2;0;0;0m[48;2;0;0;0m▀[0m           
              [38;2;78;196;176m▄[0m[38;2;75;191;172m▄[0m[38;2;74;190;171m▄[0m          [38;2;47;47;47m▄[0m[38;2;56;56;56m[48;2;121;121;121m▀[0m[38;2;97;97;97m[48;2;216;216;216m▀[0m[38;2;238;238;238m[48;2;251;251;251m▀[0m[38;2;255;255;255m[48;2;123;123;123m▀[0m[38;2;146;146;146m[48;2;47;47;47m▀[0m[38;2;15;15;15m[48;2;0;0;0m▀[0m[38;2;0;0;0m▀[0m[38;2;0;0;0m▀[0m      [38;2;0;0;0m[48;2;0;0;0m▀[0m[38;2;65;65;65m[48;2;33;33;33m▀[0m[38;2;213;213;213m[48;2;74;74;74m▀[0m[38;2;247;247;247m[48;2;240;240;240m▀[0m[38;2;243;243;243m[48;2;255;255;255m▀[0m[38;2;245;245;245m[48;2;255;255;255m▀[0m[38;2;198;198;198m[48;2;249;249;249m▀[0m[38;2;75;75;75m[48;2;211;211;211m▀[0m[38;2;91;91;91m[48;2;90;90;90m▀[0m[38;2;92;92;92m[48;2;56;56;56m▀[0m[38;2;79;79;79m[48;2;150;150;150m▀[0m[38;2;88;88;88m[48;2;218;218;218m▀[0m[38;2;82;82;82m[48;2;210;210;210m▀[0m[38;2;82;82;82m[48;2;210;210;210m▀[0m[38;2;82;82;82m[48;2;210;210;210m▀[0m[38;2;82;82;82m[48;2;215;215;215m▀[0m[38;2;80;80;80m[48;2;184;184;184m▀[0m[38;2;92;92;92m[48;2;126;126;126m▀[0m[38;2;174;174;174m[48;2;228;228;228m▀[0m[38;2;227;227;227m[48;2;253;253;253m▀[0m[38;2;247;247;247m[48;2;252;252;252m▀[0m[38;2;249;249;249m[48;2;248;248;248m▀[0m[38;2;249;249;249m[48;2;248;248;248m▀[0m[38;2;248;248;248m[48;2;248;248;248m▀[0m[38;2;255;255;255m[48;2;255;255;255m▀[0m[38;2;133;133;133m[48;2;133;133;133m▀[0m[38;2;0;0;0m[48;2;0;0;0m▀[0m           
              [38;2;70;198;184m[48;2;75;195;180m▀[0m[38;2;79;199;179m[48;2;75;191;172m▀[0m[38;2;74;187;171m[48;2;75;187;172m▀[0m        [38;2;33;29;50m▄[0m[38;2;79;79;73m[48;2;61;60;67m▀[0m[38;2;147;147;145m[48;2;144;143;149m▀[0m[38;2;213;213;212m[48;2;224;224;228m▀[0m[38;2;255;255;255m[48;2;253;253;252m▀[0m[38;2;255;255;255m[48;2;198;198;198m▀[0m[38;2;71;71;71m[48;2;69;69;69m▀[0m[38;2;0;0;0m[48;2;0;0;0m▀[0m          [38;2;0;0;0m[48;2;0;0;0m▀[0m[38;2;21;21;21m[48;2;27;27;27m▀[0m[38;2;216;216;216m[48;2;132;132;132m▀[0m[38;2;250;250;250m[48;2;225;225;225m▀[0m[38;2;251;251;251m[48;2;255;255;255m▀[0m[38;2;228;228;228m[48;2;210;210;210m▀[0m[38;2;166;166;166m[48;2;122;122;122m▀[0m[38;2;168;168;168m[48;2;250;250;250m▀[0m[38;2;166;166;166m[48;2;255;255;255m▀[0m[38;2;217;217;217m[48;2;254;254;254m▀[0m[38;2;255;255;255m[48;2;247;247;247m▀[0m[38;2;255;255;255m[48;2;248;248;248m▀[0m[38;2;255;255;255m[48;2;248;248;248m▀[0m[38;2;255;255;255m[48;2;248;248;248m▀[0m[38;2;255;255;255m[48;2;247;247;247m▀[0m[38;2;241;241;241m[48;2;251;251;251m▀[0m[38;2;199;199;199m[48;2;255;255;255m▀[0m[38;2;252;252;252m[48;2;234;234;234m▀[0m[38;2;251;251;251m[48;2;243;243;243m▀[0m[38;2;248;248;248m[48;2;249;249;249m▀[0m[38;2;248;248;248m[48;2;248;248;248m▀[0m[38;2;248;248;248m[48;2;250;250;250m▀[0m[38;2;248;248;248m[48;2;250;250;250m▀[0m[38;2;255;255;255m[48;2;249;249;249m▀[0m[38;2;135;135;135m[48;2;124;124;124m▀[0m[38;2;0;0;0m[48;2;0;0;0m▀[0m           
              [38;2;79;191;175m[48;2;85;170;170m▀[0m[38;2;75;191;171m[48;2;71;188;170m▀[0m[38;2;77;192;174m[48;2;82;210;189m▀[0m[38;2;63;191;191m[48;2;76;191;172m▀[0m    [38;2;31;31;63m[48;2;37;35;62m▀[0m[38;2;31;31;63m[48;2;39;34;61m▀[0m[38;2;39;31;63m[48;2;41;36;66m▀[0m[38;2;43;38;70m[48;2;96;84;153m▀[0m[38;2;45;39;73m[48;2;102;89;163m▀[0m[38;2;26;21;56m[48;2;102;90;164m▀[0m[38;2;94;89;115m[48;2;88;78;139m▀[0m[38;2;228;228;228m[48;2;49;43;68m▀[0m[38;2;22;22;22m[48;2;11;11;23m▀[0m[38;2;0;0;0m[48;2;0;0;0m▀[0m            [38;2;0;0;0m[48;2;0;0;0m▀[0m[38;2;0;0;0m[48;2;5;5;5m▀[0m[38;2;187;187;187m[48;2;191;191;191m▀[0m[38;2;255;255;255m[48;2;255;255;255m▀[0m[38;2;250;250;250m[48;2;248;248;248m▀[0m[38;2;254;254;254m[48;2;249;249;249m▀[0m[38;2;248;248;248m[48;2;248;248;248m▀[0m[38;2;248;248;248m[48;2;248;248;248m▀[0m[38;2;248;248;248m[48;2;248;248;248m▀[0m[38;2;248;248;248m[48;2;248;248;248m▀[0m[38;2;248;248;248m[48;2;248;248;248m▀[0m[38;2;248;248;248m[48;2;248;248;248m▀[0m[38;2;248;248;248m[48;2;248;248;248m▀[0m[38;2;248;248;248m[48;2;248;248;248m▀[0m[38;2;250;250;250m[48;2;251;251;251m▀[0m[38;2;244;244;244m[48;2;246;246;246m▀[0m[38;2;190;190;190m[48;2;192;192;192m▀[0m[38;2;230;230;230m[48;2;233;233;233m▀[0m[38;2;253;253;253m[48;2;255;255;255m▀[0m[38;2;247;247;247m[48;2;236;236;236m▀[0m[38;2;244;244;244m[48;2;193;193;193m▀[0m[38;2;247;247;247m[48;2;199;199;199m▀[0m[38;2;210;210;210m[48;2;115;115;115m▀[0m[38;2;102;102;102m[48;2;138;138;138m▀[0m[38;2;14;14;14m[48;2;164;164;164m▀[0m[38;2;68;68;68m[48;2;76;76;76m▀[0m[38;2;51;51;51m▄[0m         
            [38;2;75;191;171m▄[0m[38;2;58;174;160m[48;2;72;197;179m▀[0m[38;2;85;203;182m[48;2;84;207;186m▀[0m[38;2;145;229;197m[48;2;177;247;210m▀[0m[38;2;105;223;197m[48;2;112;221;195m▀[0m[38;2;67;185;168m[48;2;61;183;167m▀[0m [38;2;31;31;31m▄[0m[38;2;12;12;10m▄[0m[38;2;34;30;54m[48;2;52;45;81m▀[0m[38;2;54;46;85m[48;2;56;47;92m▀[0m[38;2;76;66;121m[48;2;59;50;100m▀[0m[38;2;93;81;149m[48;2;96;85;154m▀[0m[38;2;105;92;168m[48;2;105;92;168m▀[0m[38;2;106;93;170m[48;2;105;92;168m▀[0m[38;2;108;94;171m[48;2;104;91;165m▀[0m[38;2;101;89;163m[48;2;107;94;171m▀[0m[38;2;78;67;129m[48;2;104;92;167m▀[0m[38;2;46;39;74m[48;2;49;42;77m▀[0m[38;2;32;27;54m[48;2;32;25;51m▀[0m           [38;2;0;0;0m▄[0m[38;2;26;26;26m▄[0m[38;2;0;0;0m[48;2;97;97;97m▀[0m[38;2;150;150;150m[48;2;167;167;167m▀[0m[38;2;240;240;240m[48;2;207;207;207m▀[0m[38;2;254;254;254m[48;2;230;230;230m▀[0m[38;2;248;248;248m[48;2;253;253;253m▀[0m[38;2;248;248;248m[48;2;252;252;252m▀[0m[38;2;248;248;248m[48;2;252;252;252m▀[0m[38;2;248;248;248m[48;2;252;252;252m▀[0m[38;2;248;248;248m[48;2;252;252;252m▀[0m[38;2;248;248;248m[48;2;252;252;252m▀[0m[38;2;248;248;248m[48;2;253;253;253m▀[0m[38;2;251;251;251m[48;2;228;228;228m▀[0m[38;2;255;255;255m[48;2;220;220;220m▀[0m[38;2;240;240;240m[48;2;211;211;211m▀[0m[38;2;203;203;203m[48;2;187;187;187m▀[0m[38;2;191;191;191m[48;2;193;193;193m▀[0m[38;2;207;207;207m[48;2;147;147;147m▀[0m[38;2;212;212;212m[48;2;159;159;159m▀[0m[38;2;201;201;201m[48;2;192;192;192m▀[0m[38;2;189;189;189m[48;2;191;191;191m▀[0m[38;2;194;194;194m[48;2;193;193;193m▀[0m[38;2;98;98;98m[48;2;150;150;150m▀[0m[38;2;130;130;130m[48;2;158;158;158m▀[0m[38;2;213;213;213m[48;2;219;219;219m▀[0m[38;2;202;202;202m[48;2;254;254;254m▀[0m[38;2;102;102;102m[48;2;100;100;100m▀[0m[38;2;67;67;67m[48;2;52;52;52m▀[0m        
           [38;2;85;191;170m▄[0m[38;2;72;189;170m[48;2;63;185;168m▀[0m[38;2;91;219;197m[48;2;108;219;194m▀[0m[38;2;105;206;182m[48;2;174;245;207m▀[0m[38;2;158;236;200m[48;2;120;218;185m▀[0m[38;2;107;223;197m[48;2;90;209;186m▀[0m[38;2;65;183;168m[48;2;70;187;170m▀[0m [38;2;15;15;15m[48;2;15;15;15m▀[0m[38;2;14;14;12m[48;2;14;14;13m▀[0m[38;2;52;45;84m[48;2;24;20;42m▀[0m[38;2;75;68;104m[48;2;130;129;141m▀[0m[38;2;72;68;92m[48;2;167;166;170m▀[0m[38;2;63;55;102m[48;2;35;29;60m▀[0m[38;2;93;81;149m[48;2;67;58;107m▀[0m[38;2;103;90;165m[48;2;97;85;154m▀[0m[38;2;105;92;167m[48;2;106;93;169m▀[0m[38;2;106;93;169m[48;2;106;93;169m▀[0m[38;2;100;88;160m[48;2;100;88;160m▀[0m[38;2;44;38;70m[48;2;50;43;79m▀[0m[38;2;25;25;42m[48;2;35;32;58m▀[0m[38;2;31;31;63m▄[0m         [38;2;0;0;0m▄[0m[38;2;0;0;0m[48;2;9;9;9m▀[0m[38;2;25;25;25m[48;2;39;39;39m▀[0m[38;2;192;192;192m[48;2;181;181;181m▀[0m[38;2;201;201;201m[48;2;197;197;197m▀[0m[38;2;185;185;185m[48;2;191;191;191m▀[0m[38;2;199;199;199m[48;2;190;190;190m▀[0m[38;2;235;235;235m[48;2;189;189;189m▀[0m[38;2;233;233;233m[48;2;189;189;189m▀[0m[38;2;233;233;233m[48;2;189;189;189m▀[0m[38;2;233;233;233m[48;2;189;189;189m▀[0m[38;2;233;233;233m[48;2;189;189;189m▀[0m[38;2;233;233;233m[48;2;189;189;189m▀[0m[38;2;235;235;235m[48;2;189;189;189m▀[0m[38;2;199;199;199m[48;2;190;190;190m▀[0m[38;2;183;183;183m[48;2;191;191;191m▀[0m[38;2;188;188;188m[48;2;191;191;191m▀[0m[38;2;191;191;191m[48;2;191;191;191m▀[0m[38;2;195;195;195m[48;2;195;195;195m▀[0m[38;2;99;99;99m[48;2;114;114;114m▀[0m[38;2;130;130;130m[48;2;134;134;134m▀[0m[38;2;201;201;201m[48;2;192;192;192m▀[0m[38;2;191;191;191m[48;2;192;192;192m▀[0m[38;2;191;191;191m[48;2;191;191;191m▀[0m[38;2;197;197;197m[48;2;191;191;191m▀[0m[38;2;192;192;192m[48;2;191;191;191m▀[0m[38;2;205;205;205m[48;2;188;188;188m▀[0m[38;2;229;229;229m[48;2;193;193;193m▀[0m[38;2;141;141;141m[48;2;255;255;255m▀[0m[38;2;108;108;108m[48;2;143;143;143m▀[0m[38;2;69;69;69m[48;2;69;69;69m▀[0m       
           [38;2;76;191;172m[48;2;72;189;171m▀[0m[38;2;73;199;180m[48;2;92;213;188m▀[0m[38;2;102;206;182m[48;2;128;220;188m▀[0m[38;2;169;242;206m[48;2;174;246;209m▀[0m[38;2;88;203;181m[48;2;90;215;193m▀[0m[38;2;71;189;170m[48;2;62;180;164m▀[0m[38;2;63;191;159m▀[0m [38;2;15;15;15m▀[0m[38;2;9;9;9m[48;2;57;57;57m▀[0m[38;2;56;56;57m[48;2;135;136;135m▀[0m[38;2;150;150;150m[48;2;197;197;197m▀[0m[38;2;160;158;165m[48;2;154;154;155m▀[0m[38;2;37;31;64m[48;2;18;16;27m▀[0m[38;2;68;59;109m[48;2;68;59;108m▀[0m[38;2;98;86;156m[48;2;77;68;124m▀[0m[38;2;107;94;170m[48;2;94;82;150m▀[0m[38;2;104;91;166m[48;2;107;94;172m▀[0m[38;2;104;91;166m[48;2;104;91;166m▀[0m[38;2;103;90;164m[48;2;109;95;173m▀[0m[38;2;58;51;94m[48;2;57;50;92m▀[0m[38;2;31;27;51m[48;2;24;22;41m▀[0m        [38;2;0;0;0m▄[0m[38;2;0;0;0m[48;2;88;88;88m▀[0m[38;2;54;54;54m[48;2;169;169;169m▀[0m[38;2;187;187;187m[48;2;198;198;198m▀[0m[38;2;191;191;191m[48;2;192;192;192m▀[0m[38;2;191;191;191m[48;2;191;191;191m▀[0m[38;2;191;191;191m[48;2;191;191;191m▀[0m[38;2;191;191;191m[48;2;191;191;191m▀[0m[38;2;191;191;191m[48;2;191;191;191m▀[0m[38;2;191;191;191m[48;2;191;191;191m▀[0m[38;2;191;191;191m[48;2;191;191;191m▀[0m[38;2;191;191;191m[48;2;191;191;191m▀[0m[38;2;191;191;191m[48;2;191;191;191m▀[0m[38;2;191;191;191m[48;2;191;191;191m▀[0m[38;2;191;191;191m[48;2;191;191;191m▀[0m[38;2;191;191;191m[48;2;191;191;191m▀[0m[38;2;191;191;191m[48;2;191;191;191m▀[0m[38;2;191;191;191m[48;2;191;191;191m▀[0m[38;2;191;191;191m[48;2;191;191;191m▀[0m[38;2;191;191;191m[48;2;191;191;191m▀[0m[38;2;193;193;193m[48;2;196;196;196m▀[0m[38;2;131;131;131m[48;2;180;180;180m▀[0m[38;2;112;112;112m[48;2;146;146;146m▀[0m[38;2;199;199;199m[48;2;123;123;123m▀[0m[38;2;191;191;191m[48;2;186;186;186m▀[0m[38;2;191;191;191m[48;2;193;193;193m▀[0m[38;2;191;191;191m[48;2;191;191;191m▀[0m[38;2;189;189;189m[48;2;188;188;189m▀[0m[38;2;195;195;195m[48;2;196;196;196m▀[0m[38;2;252;252;252m[48;2;255;255;255m▀[0m[38;2;139;139;139m[48;2;143;145;141m▀[0m[38;2;70;70;70m[48;2;56;53;63m▀[0m[38;2;28;24;51m▄[0m[38;2;33;29;53m▄[0m[38;2;33;29;53m▄[0m[38;2;36;32;59m▄[0m[38;2;32;29;50m▄[0m  
         [38;2;95;191;191m[48;2;75;195;180m▀[0m[38;2;76;191;172m[48;2;76;192;173m▀[0m[38;2;71;190;173m[48;2;72;197;179m▀[0m[38;2;116;218;189m[48;2;131;220;191m▀[0m[38;2;149;234;199m[48;2;156;240;206m▀[0m[38;2;119;215;187m[48;2;64;184;168m▀[0m[38;2;82;200;180m▀[0m[38;2;69;185;170m▀[0m [38;2;77;77;77m[48;2;66;66;66m▀[0m[38;2;97;97;97m[48;2;102;102;102m▀[0m[38;2;136;136;136m[48;2;204;204;204m▀[0m[38;2;214;214;214m[48;2;255;255;255m▀[0m[38;2;199;199;199m[48;2;168;168;168m▀[0m[38;2;103;103;101m[48;2;37;37;35m▀[0m[38;2;14;14;15m[48;2;17;16;18m▀[0m[38;2;71;62;114m[48;2;54;48;83m▀[0m[38;2;72;62;115m[48;2;72;62;114m▀[0m[38;2;78;68;124m[48;2;72;63;116m▀[0m[38;2;94;82;150m[48;2;77;68;124m▀[0m[38;2;107;93;170m[48;2;96;85;154m▀[0m[38;2;108;94;171m[48;2;95;83;152m▀[0m[38;2;85;74;135m[48;2;110;96;175m▀[0m[38;2;57;50;91m[48;2;90;78;143m▀[0m[38;2;25;22;39m[48;2;51;44;81m▀[0m[38;2;29;25;45m▄[0m      [38;2;0;0;0m[48;2;0;0;0m▀[0m[38;2;111;111;111m[48;2;110;110;110m▀[0m[38;2;215;215;215m[48;2;201;201;201m▀[0m[38;2;197;197;197m[48;2;165;165;165m▀[0m[38;2;191;191;191m[48;2;189;189;189m▀[0m[38;2;191;191;191m[48;2;192;192;192m▀[0m[38;2;191;191;191m[48;2;191;191;191m▀[0m[38;2;191;191;191m[48;2;191;191;191m▀[0m[38;2;191;191;191m[48;2;191;191;191m▀[0m[38;2;191;191;191m[48;2;191;191;191m▀[0m[38;2;191;191;191m[48;2;191;191;191m▀[0m[38;2;191;191;191m[48;2;191;191;191m▀[0m[38;2;191;191;191m[48;2;191;191;191m▀[0m[38;2;191;191;191m[48;2;191;191;191m▀[0m[38;2;191;191;191m[48;2;191;191;191m▀[0m[38;2;191;191;191m[48;2;191;191;191m▀[0m[38;2;191;191;191m[48;2;191;191;191m▀[0m[38;2;191;191;191m[48;2;191;191;191m▀[0m[38;2;191;191;191m[48;2;191;191;191m▀[0m[38;2;191;191;191m[48;2;192;192;192m▀[0m[38;2;196;196;196m[48;2;169;169;169m▀[0m[38;2;207;207;207m[48;2;190;190;190m▀[0m[38;2;153;153;153m[48;2;142;142;142m▀[0m[38;2;49;49;49m[48;2;9;9;9m▀[0m[38;2;181;181;181m[48;2;178;178;178m▀[0m[38;2;195;195;195m[48;2;204;204;203m▀[0m[38;2;196;196;195m[48;2;173;173;175m▀[0m[38;2;203;203;201m[48;2;150;149;154m▀[0m[38;2;197;197;196m[48;2;143;142;150m▀[0m[38;2;147;145;156m[48;2;49;41;83m▀[0m[38;2;78;77;86m[48;2;44;36;78m▀[0m[38;2;63;57;90m[48;2;83;73;135m▀[0m[38;2;75;65;122m[48;2;116;101;184m▀[0m[38;2;75;65;119m[48;2;111;97;178m▀[0m[38;2;75;65;119m[48;2;111;97;178m▀[0m[38;2;79;69;126m[48;2;115;101;184m▀[0m[38;2;59;52;94m[48;2;91;79;145m▀[0m[38;2;26;20;41m[48;2;49;43;78m▀[0m[38;2;10;13;10m▄[0m
    [38;2;0;255;255m[48;2;79;191;175m▀[0m[38;2;79;191;175m[48;2;75;191;171m▀[0m[38;2;51;204;153m[48;2;77;188;173m▀[0m  [38;2;79;191;175m[48;2;79;191;175m▀[0m[38;2;75;190;171m[48;2;75;190;171m▀[0m[38;2;71;193;175m[48;2;70;192;175m▀[0m[38;2;129;220;191m[48;2;128;219;191m▀[0m[38;2;155;239;205m[48;2;155;239;205m▀[0m[38;2;71;188;170m[48;2;71;189;171m▀[0m[38;2;68;187;170m[48;2;42;212;170m▀[0m [38;2;63;31;31m[48;2;62;55;57m▀[0m[38;2;81;81;81m[48;2;131;131;131m▀[0m[38;2;113;113;113m[48;2;246;246;246m▀[0m[38;2;242;242;242m[48;2;255;255;255m▀[0m[38;2;244;244;244m[48;2;92;92;92m▀[0m[38;2;126;126;126m[48;2;14;14;14m▀[0m[38;2;0;0;0m[48;2;0;0;0m▀[0m [38;2;11;11;6m[48;2;17;17;0m▀[0m[38;2;54;48;85m[48;2;19;19;21m▀[0m[38;2;72;63;114m[48;2;19;18;19m▀[0m[38;2;69;61;110m[48;2;34;31;48m▀[0m[38;2;71;62;114m[48;2;76;67;123m▀[0m[38;2;70;61;111m[48;2;74;65;119m▀[0m[38;2;94;82;150m[48;2;74;65;118m▀[0m[38;2;109;95;174m[48;2;72;63;116m▀[0m[38;2;91;80;145m[48;2;83;73;133m▀[0m[38;2;41;35;66m[48;2;98;86;157m▀[0m[38;2;39;31;63m[48;2;42;38;69m▀[0m[38;2;31;31;63m[48;2;39;35;62m▀[0m[38;2;31;31;63m[48;2;37;35;62m▀[0m   [38;2;0;0;0m[48;2;0;0;0m▀[0m[38;2;107;107;107m[48;2;18;18;18m▀[0m[38;2;164;164;164m[48;2;43;43;43m▀[0m[38;2;88;88;88m[48;2;100;100;100m▀[0m[38;2;184;184;184m[48;2;185;185;185m▀[0m[38;2;194;194;194m[48;2;194;194;194m▀[0m[38;2;191;191;191m[48;2;191;191;191m▀[0m[38;2;191;191;191m[48;2;191;191;191m▀[0m[38;2;191;191;191m[48;2;191;191;191m▀[0m[38;2;191;191;191m[48;2;191;191;191m▀[0m[38;2;191;191;191m[48;2;191;191;191m▀[0m[38;2;191;191;191m[48;2;191;191;191m▀[0m[38;2;191;191;191m[48;2;191;191;191m▀[0m[38;2;191;191;191m[48;2;191;191;191m▀[0m[38;2;191;191;191m[48;2;191;191;191m▀[0m[38;2;191;191;191m[48;2;191;191;191m▀[0m[38;2;191;191;191m[48;2;191;191;191m▀[0m[38;2;191;191;191m[48;2;191;191;191m▀[0m[38;2;191;191;191m[48;2;191;191;191m▀[0m[38;2;195;195;195m[48;2;195;195;195m▀[0m[38;2;105;105;105m[48;2;114;114;114m▀[0m[38;2;138;138;138m[48;2;77;77;77m▀[0m[38;2;146;146;146m[48;2;115;115;115m▀[0m[38;2;32;32;32m[48;2;191;191;190m▀[0m[38;2;181;181;181m[48;2;203;203;201m▀[0m[38;2;200;200;199m[48;2;83;80;96m▀[0m[38;2;110;106;124m[48;2;66;56;108m▀[0m[38;2;26;20;53m[48;2;105;92;169m▀[0m[38;2;42;37;73m[48;2;99;86;159m▀[0m[38;2;100;87;160m[48;2;76;67;121m▀[0m[38;2;107;94;171m[48;2;77;68;125m▀[0m[38;2;101;89;161m[48;2;47;42;71m▀[0m[38;2;98;86;155m[48;2;15;16;15m▀[0m[38;2;98;86;156m[48;2;20;19;22m▀[0m[38;2;98;86;156m[48;2;21;21;25m▀[0m[38;2;98;86;156m[48;2;22;21;26m▀[0m[38;2;106;92;167m[48;2;24;23;28m▀[0m[38;2;77;68;120m[48;2;22;20;26m▀[0m[38;2;12;13;10m[48;2;15;15;15m▀[0m
    [38;2;70;184;170m[48;2;0;127;255m▀[0m[38;2;76;193;173m[48;2;72;189;171m▀[0m[38;2;77;191;174m[48;2;72;182;165m▀[0m  [38;2;79;191;175m[48;2;79;191;175m▀[0m[38;2;74;189;171m[48;2;72;188;171m▀[0m[38;2;95;207;181m[48;2;130;226;195m▀[0m[38;2;145;230;195m[48;2;166;240;203m▀[0m[38;2;149;232;200m[48;2;161;237;203m▀[0m[38;2;65;184;168m[48;2;123;218;190m▀[0m[38;2;71;188;170m[48;2;110;220;190m▀[0m[38;2;63;187;165m[48;2;65;195;179m▀[0m[38;2;155;199;190m[48;2;117;210;200m▀[0m[38;2;241;232;234m[48;2;176;235;224m▀[0m[38;2;255;247;249m[48;2;148;203;195m▀[0m[38;2;90;90;90m[48;2;8;5;5m▀[0m[38;2;31;31;31m[48;2;0;0;0m▀[0m[38;2;0;0;0m▀[0m   [38;2;10;10;5m▀[0m[38;2;7;7;0m▀[0m[38;2;21;19;25m[48;2;0;12;0m▀[0m[38;2;32;30;44m[48;2;7;9;3m▀[0m[38;2;30;28;40m[48;2;5;7;0m▀[0m[38;2;64;56;100m[48;2;38;34;54m▀[0m[38;2;78;67;125m[48;2;46;41;67m▀[0m[38;2;77;68;124m[48;2;52;46;80m▀[0m[38;2;81;71;130m[48;2;75;65;121m▀[0m[38;2;66;58;106m[48;2;77;68;124m▀[0m[38;2;67;59;107m[48;2;76;67;122m▀[0m[38;2;51;46;83m[48;2;66;58;106m▀[0m[38;2;35;31;56m[48;2;59;51;94m▀[0m[38;2;36;31;59m[48;2;56;49;90m▀[0m[38;2;39;33;61m▄[0m[38;2;37;33;59m▄[0m[38;2;0;0;0m[48;2;42;37;63m▀[0m[38;2;8;8;8m[48;2;0;0;0m▀[0m[38;2;48;48;48m[48;2;14;16;12m▀[0m[38;2;194;194;194m[48;2;95;95;94m▀[0m[38;2;200;200;200m[48;2;171;171;171m▀[0m[38;2;190;190;190m[48;2;196;196;196m▀[0m[38;2;191;191;191m[48;2;193;194;193m▀[0m[38;2;191;191;191m[48;2;201;201;199m▀[0m[38;2;191;191;191m[48;2;201;201;199m▀[0m[38;2;191;191;191m[48;2;200;201;199m▀[0m[38;2;191;191;191m[48;2;200;201;199m▀[0m[38;2;191;191;191m[48;2;200;201;199m▀[0m[38;2;191;191;191m[48;2;200;201;199m▀[0m[38;2;191;191;191m[48;2;200;201;199m▀[0m[38;2;191;191;191m[48;2;201;201;200m▀[0m[38;2;191;191;191m[48;2;196;196;195m▀[0m[38;2;191;191;191m[48;2;190;190;190m▀[0m[38;2;191;191;191m[48;2;192;192;192m▀[0m[38;2;195;195;195m[48;2;202;202;200m▀[0m[38;2;103;103;103m[48;2;165;165;163m▀[0m[38;2;126;126;124m[48;2;136;135;139m▀[0m[38;2;156;155;159m[48;2;99;95;117m▀[0m[38;2;78;75;96m[48;2;43;36;80m▀[0m[38;2;77;74;93m[48;2;45;38;80m▀[0m[38;2;62;55;94m[48;2;67;59;109m▀[0m[38;2;70;60;115m[48;2;73;65;117m▀[0m[38;2;84;74;134m[48;2;71;62;113m▀[0m[38;2;82;71;130m[48;2;74;64;118m▀[0m[38;2;72;63;114m[48;2;75;66;121m▀[0m[38;2;72;63;115m[48;2;75;66;121m▀[0m[38;2;63;55;99m[48;2;77;67;124m▀[0m[38;2;55;48;85m[48;2;81;70;130m▀[0m[38;2;52;46;80m[48;2;77;67;124m▀[0m[38;2;12;13;9m[48;2;48;44;72m▀[0m[38;2;2;5;0m[48;2;6;5;15m▀[0m[38;2;4;9;0m[48;2;0;0;0m▀[0m[38;2;5;5;0m▀[0m 
   [38;2;75;180;165m[48;2;67;183;168m▀[0m[38;2;81;199;179m[48;2;85;209;187m▀[0m[38;2;85;197;173m[48;2;123;220;186m▀[0m[38;2;84;202;179m[48;2;98;220;194m▀[0m[38;2;67;187;165m[48;2;69;185;168m▀[0m[38;2;127;127;127m▄[0m[38;2;31;191;191m[48;2;74;197;180m▀[0m[38;2;69;188;170m[48;2;74;190;171m▀[0m[38;2;151;236;204m[48;2;149;235;203m▀[0m[38;2;179;247;210m[48;2;178;246;209m▀[0m[38;2;172;243;207m[48;2;155;235;199m▀[0m[38;2;162;239;202m[48;2;105;209;180m▀[0m[38;2;108;210;182m[48;2;42;167;166m▀[0m[38;2;52;173;169m[48;2;38;163;165m▀[0m[38;2;40;168;164m[48;2;38;164;165m▀[0m[38;2;60;188;169m[48;2;66;182;172m▀[0m[38;2;71;185;162m[48;2;125;221;187m▀[0m[38;2;35;73;66m[48;2;84;207;186m▀[0m[38;2;17;34;29m[48;2;71;196;179m▀[0m[38;2;63;191;191m▄[0m        [38;2;11;11;5m▀[0m[38;2;8;9;0m▀[0m[38;2;24;23;33m[48;2;14;14;9m▀[0m[38;2;60;53;93m[48;2;13;13;11m▀[0m[38;2;57;51;89m[48;2;11;11;7m▀[0m[38;2;70;61;110m[48;2;55;48;83m▀[0m[38;2;76;66;122m[48;2;72;63;114m▀[0m[38;2;77;67;123m[48;2;69;61;110m▀[0m[38;2;73;64;116m[48;2;72;63;116m▀[0m[38;2;53;46;84m[48;2;73;64;117m▀[0m[38;2;53;47;85m[48;2;75;66;121m▀[0m[38;2;45;40;73m[48;2;58;51;94m▀[0m[38;2;37;33;58m[48;2;42;36;66m▀[0m[38;2;29;25;55m[48;2;43;37;69m▀[0m[38;2;1;0;7m[48;2;38;32;65m▀[0m[38;2;147;147;148m[48;2;145;144;153m▀[0m[38;2;210;211;209m[48;2;199;200;198m▀[0m[38;2;184;184;186m[48;2;144;142;151m▀[0m[38;2;150;148;157m[48;2;30;25;54m▀[0m[38;2;151;150;156m[48;2;35;29;61m▀[0m[38;2;151;150;156m[48;2;36;30;63m▀[0m[38;2;151;150;157m[48;2;36;30;60m▀[0m[38;2;151;150;158m[48;2;35;30;58m▀[0m[38;2;151;150;158m[48;2;35;30;59m▀[0m[38;2;151;150;158m[48;2;35;30;59m▀[0m[38;2;148;147;154m[48;2;25;20;53m▀[0m[38;2;174;173;176m[48;2;109;106;123m▀[0m[38;2;200;201;199m[48;2;197;196;195m▀[0m[38;2;193;193;193m[48;2;172;171;175m▀[0m[38;2;154;153;159m[48;2;46;40;70m▀[0m[38;2;164;163;168m[48;2;29;23;54m▀[0m[38;2;96;92;113m[48;2;55;47;90m▀[0m[38;2;38;31;74m[48;2;75;66;121m▀[0m[38;2;76;66;121m[48;2;72;63;115m▀[0m[38;2;74;65;119m[48;2;72;63;116m▀[0m[38;2;74;65;118m[48;2;69;60;110m▀[0m[38;2;75;66;120m[48;2;71;61;113m▀[0m[38;2;68;60;109m[48;2;57;51;86m▀[0m[38;2;51;45;83m[48;2;23;24;20m▀[0m[38;2;52;45;84m[48;2;25;25;23m▀[0m[38;2;51;44;83m[48;2;28;28;26m▀[0m[38;2;50;43;82m[48;2;29;30;27m▀[0m[38;2;51;44;82m[48;2;24;25;21m▀[0m[38;2;57;50;90m[48;2;21;20;22m▀[0m[38;2;76;66;125m[48;2;58;49;97m▀[0m[38;2;89;86;102m[48;2;215;214;228m▀[0m[38;2;67;69;63m[48;2;142;143;139m▀[0m[38;2;0;0;0m[48;2;1;1;1m▀[0m 
  [38;2;74;189;169m▄[0m[38;2;64;181;164m[48;2;75;201;183m▀[0m[38;2;86;203;182m[48;2;76;192;173m▀[0m[38;2;165;241;205m[48;2;169;242;206m▀[0m[38;2;109;221;195m[48;2;100;207;184m▀[0m[38;2;61;181;165m[48;2;59;182;166m▀[0m[38;2;70;184;162m[48;2;64;183;167m▀[0m[38;2;81;199;179m[48;2;78;198;179m▀[0m[38;2;110;212;181m[48;2;157;236;201m▀[0m[38;2;162;238;202m[48;2;153;235;196m▀[0m[38;2;158;237;200m[48;2;99;203;180m▀[0m[38;2;101;206;180m[48;2;48;171;168m▀[0m[38;2;42;167;166m[48;2;38;164;165m▀[0m[38;2;41;166;166m[48;2;41;166;166m▀[0m[38;2;35;162;165m[48;2;35;162;165m▀[0m[38;2;74;188;173m[48;2;78;191;174m▀[0m[38;2;136;226;191m[48;2;142;230;193m▀[0m[38;2;163;239;204m[48;2;170;242;206m▀[0m[38;2;81;194;175m[48;2;113;213;183m▀[0m[38;2;78;202;183m[48;2;90;214;191m▀[0m[38;2;76;191;172m[48;2;71;189;170m▀[0m          [38;2;0;0;0m▀[0m[38;2;15;15;15m▀[0m[38;2;15;15;0m▀[0m[38;2;19;19;21m[48;2;10;10;5m▀[0m[38;2;19;18;19m[48;2;7;7;0m▀[0m[38;2;34;31;48m[48;2;21;19;25m▀[0m[38;2;76;67;123m[48;2;32;30;44m▀[0m[38;2;74;65;119m[48;2;30;28;39m▀[0m[38;2;73;64;117m[48;2;65;57;101m▀[0m[38;2;71;62;113m[48;2;80;69;128m▀[0m[38;2;70;61;112m[48;2;76;66;122m▀[0m[38;2;70;61;112m[48;2;73;64;117m▀[0m[38;2;71;62;114m[48;2;76;66;121m▀[0m[38;2;54;48;81m[48;2;64;55;107m▀[0m[38;2;47;42;69m[48;2;54;48;76m▀[0m[38;2;52;48;68m[48;2;55;53;53m▀[0m[38;2;62;59;63m[48;2;65;62;60m▀[0m[38;2;69;60;108m[48;2;72;64;113m▀[0m[38;2;70;61;117m[48;2;75;64;126m▀[0m[38;2;66;60;86m[48;2;69;63;91m▀[0m[38;2;61;59;57m[48;2;64;62;57m▀[0m[38;2;62;59;61m[48;2;65;62;61m▀[0m[38;2;62;59;59m[48;2;65;62;57m▀[0m[38;2;70;63;103m[48;2;51;46;68m▀[0m[38;2;61;53;95m[48;2;52;44;88m▀[0m[38;2;46;42;66m[48;2;59;51;99m▀[0m[38;2;50;45;72m[48;2;60;52;99m▀[0m[38;2;68;59;109m[48;2;72;63;115m▀[0m[38;2;70;61;113m[48;2;73;64;117m▀[0m[38;2;71;62;113m[48;2;79;68;125m▀[0m[38;2;73;64;117m[48;2;61;53;98m▀[0m[38;2;74;65;119m[48;2;15;13;25m▀[0m[38;2;77;67;123m[48;2;20;17;31m▀[0m[38;2;28;25;42m[48;2;114;113;116m▀[0m[38;2;0;0;0m[48;2;148;149;146m▀[0m[38;2;55;55;57m[48;2;158;158;157m▀[0m[38;2;186;186;186m[48;2;199;199;199m▀[0m[38;2;178;178;177m[48;2;196;196;196m▀[0m[38;2;221;221;221m[48;2;206;206;206m▀[0m[38;2;241;241;240m[48;2;243;243;243m▀[0m[38;2;196;196;196m[48;2;219;219;219m▀[0m[38;2;74;74;74m[48;2;82;82;82m▀[0m[38;2;23;23;26m[48;2;26;26;19m▀[0m[38;2;29;29;30m[48;2;0;0;0m▀[0m[38;2;26;27;26m[48;2;0;0;0m▀[0m[38;2;16;16;16m[48;2;16;16;16m▀[0m 
 [38;2;77;191;171m[48;2;76;190;172m▀[0m[38;2;72;195;177m[48;2;83;211;189m▀[0m[38;2;91;212;191m[48;2;109;209;183m▀[0m[38;2;128;219;190m[48;2;180;248;209m▀[0m[38;2;169;241;205m[48;2;172;243;207m▀[0m[38;2;136;223;193m[48;2;178;246;209m▀[0m[38;2;124;223;195m[48;2;173;244;206m▀[0m[38;2;130;227;199m[48;2;168;242;204m▀[0m[38;2;128;219;191m[48;2;162;239;202m▀[0m[38;2;154;235;198m[48;2;102;206;180m▀[0m[38;2;101;204;181m[48;2;49;171;167m▀[0m[38;2;51;174;168m[48;2;34;162;165m▀[0m[38;2;34;162;165m[48;2;41;166;166m▀[0m[38;2;41;166;166m[48;2;41;166;166m▀[0m[38;2;41;166;166m[48;2;40;165;166m▀[0m[38;2;31;160;164m[48;2;50;172;168m▀[0m[38;2;72;187;173m[48;2;97;201;180m▀[0m[38;2;137;227;191m[48;2;145;231;195m▀[0m[38;2;173;244;208m[48;2;156;236;200m▀[0m[38;2;129;223;188m[48;2;112;213;182m▀[0m[38;2;92;212;187m[48;2;90;214;191m▀[0m[38;2;69;187;169m[48;2;71;189;170m▀[0m               [38;2;0;12;0m▀[0m[38;2;7;9;3m▀[0m[38;2;5;7;0m▀[0m[38;2;38;34;54m[48;2;11;11;5m▀[0m[38;2;46;41;67m[48;2;8;9;0m▀[0m[38;2;53;48;82m[48;2;25;24;33m▀[0m[38;2;75;66;121m[48;2;59;52;92m▀[0m[38;2;55;48;88m[48;2;46;40;73m▀[0m[38;2;69;60;113m[48;2;65;57;108m▀[0m[38;2;71;65;88m[48;2;71;64;96m▀[0m[38;2;65;62;60m[48;2;67;62;83m▀[0m[38;2;69;62;91m[48;2;73;63;120m▀[0m[38;2;71;63;115m[48;2;72;63;117m▀[0m[38;2;69;62;96m[48;2;67;62;82m▀[0m[38;2;66;61;69m[48;2;66;61;71m▀[0m[38;2;63;61;55m[48;2;66;62;74m▀[0m[38;2;64;61;59m[48;2;67;62;77m▀[0m[38;2;68;63;86m[48;2;72;63;117m▀[0m[38;2;56;50;85m[48;2;74;65;121m▀[0m[38;2;63;55;102m[48;2;73;64;117m▀[0m[38;2;75;66;121m[48;2;72;63;115m▀[0m[38;2;74;65;118m[48;2;72;63;115m▀[0m[38;2;72;63;115m[48;2;74;65;119m▀[0m[38;2;78;68;124m[48;2;62;53;99m▀[0m[38;2;51;43;86m[48;2;47;45;61m▀[0m[38;2;49;46;62m[48;2;97;99;93m▀[0m[38;2;98;99;95m[48;2;204;204;204m▀[0m[38;2;40;41;37m[48;2;125;125;125m▀[0m[38;2;164;164;163m[48;2;148;148;148m▀[0m[38;2;216;216;216m[48;2;180;180;180m▀[0m[38;2;199;199;199m[48;2;194;194;194m▀[0m[38;2;191;191;191m[48;2;194;194;194m▀[0m[38;2;191;191;191m[48;2;194;194;194m▀[0m[38;2;184;184;184m[48;2;189;189;189m▀[0m[38;2;230;230;230m[48;2;218;218;218m▀[0m[38;2;215;215;215m[48;2;214;214;214m▀[0m[38;2;72;72;72m[48;2;126;126;126m▀[0m[38;2;98;98;98m▄[0m[38;2;75;75;75m▄[0m   
[38;2;79;191;175m[48;2;75;190;171m▀[0m[38;2;71;188;170m[48;2;68;186;170m▀[0m[38;2;101;215;187m[48;2;120;216;189m▀[0m[38;2;139;227;193m[48;2;177;246;208m▀[0m[38;2;172;243;207m[48;2;170;241;206m▀[0m[38;2;167;241;205m[48;2;128;222;187m▀[0m[38;2;171;243;207m[48;2;130;224;187m▀[0m[38;2;140;227;193m[48;2;86;195;177m▀[0m[38;2;110;212;181m[48;2;40;165;166m▀[0m[38;2;107;210;181m[48;2;45;169;167m▀[0m[38;2;42;167;166m[48;2;41;166;166m▀[0m[38;2;38;164;165m[48;2;41;166;166m▀[0m[38;2;41;166;166m[48;2;41;166;166m▀[0m[38;2;41;166;166m[48;2;41;166;166m▀[0m[38;2;41;166;166m[48;2;41;166;166m▀[0m[38;2;38;164;165m[48;2;38;164;165m▀[0m[38;2;97;204;179m[48;2;95;202;178m▀[0m[38;2;156;236;199m[48;2;155;236;198m▀[0m[38;2;162;238;202m[48;2;150;231;199m▀[0m[38;2;109;211;180m[48;2;76;192;172m▀[0m[38;2;78;193;174m[48;2;82;206;185m▀[0m[38;2;79;203;183m[48;2;78;192;173m▀[0m[38;2;76;191;172m[48;2;63;191;191m▀[0m                    [38;2;4;8;0m[48;2;4;8;0m▀[0m[38;2;18;18;19m[48;2;18;18;19m▀[0m[38;2;69;61;111m[48;2;69;60;111m▀[0m[38;2;74;64;116m[48;2;67;63;75m▀[0m[38;2;72;63;114m[48;2;68;62;86m▀[0m[38;2;72;63;117m[48;2;73;63;119m▀[0m[38;2;72;63;115m[48;2;72;63;115m▀[0m[38;2;72;63;115m[48;2;72;63;115m▀[0m[38;2;72;63;117m[48;2;72;63;115m▀[0m[38;2;72;63;117m[48;2;72;63;115m▀[0m[38;2;72;63;117m[48;2;72;63;115m▀[0m[38;2;72;63;117m[48;2;72;63;115m▀[0m[38;2;72;63;115m[48;2;72;63;115m▀[0m[38;2;72;63;115m[48;2;72;63;115m▀[0m[38;2;72;63;115m[48;2;72;63;115m▀[0m[38;2;72;63;115m[48;2;74;64;118m▀[0m[38;2;72;63;115m[48;2;68;60;109m▀[0m[38;2;71;62;113m[48;2;23;22;28m▀[0m[38;2;15;12;23m[48;2;2;3;1m▀[0m[38;2;103;105;100m[48;2;108;108;108m▀[0m[38;2;211;211;211m[48;2;212;212;212m▀[0m[38;2;192;192;192m[48;2;198;198;198m▀[0m[38;2;199;199;199m[48;2;196;196;196m▀[0m[38;2;105;105;105m[48;2;104;104;104m▀[0m[38;2;132;132;132m[48;2;140;140;140m▀[0m[38;2;197;197;197m[48;2;176;176;176m▀[0m[38;2;184;184;184m[48;2;86;86;86m▀[0m[38;2;184;184;184m[48;2;86;86;86m▀[0m[38;2;190;190;190m[48;2;169;169;169m▀[0m[38;2;186;186;186m[48;2;199;199;199m▀[0m[38;2;210;210;210m[48;2;195;195;195m▀[0m[38;2;244;244;244m[48;2;189;189;189m▀[0m[38;2;107;107;107m[48;2;100;100;100m▀[0m[38;2;70;70;70m[48;2;77;77;77m▀[0m   
[38;2;77;196;177m[48;2;73;189;171m▀[0m[38;2;92;203;177m[48;2;126;219;188m▀[0m[38;2;142;228;194m[48;2;166;241;204m▀[0m[38;2;169;242;205m[48;2;160;238;202m▀[0m[38;2;126;220;188m[48;2;109;211;181m▀[0m[38;2;64;181;171m[48;2;41;166;166m▀[0m[38;2;59;178;169m[48;2;34;161;164m▀[0m[38;2;49;172;168m[48;2;39;165;166m▀[0m[38;2;37;163;165m[48;2;40;165;166m▀[0m[38;2;39;164;165m[48;2;36;163;165m▀[0m[38;2;41;166;166m[48;2;41;166;166m▀[0m[38;2;41;166;166m[48;2;41;166;166m▀[0m[38;2;41;166;166m[48;2;41;166;166m▀[0m[38;2;41;166;166m[48;2;41;166;166m▀[0m[38;2;41;166;166m[48;2;41;166;166m▀[0m[38;2;38;164;165m[48;2;38;164;165m▀[0m[38;2;95;202;178m[48;2;95;202;178m▀[0m[38;2;155;236;198m[48;2;155;236;198m▀[0m[38;2;151;235;203m[48;2;152;237;204m▀[0m[38;2;70;188;170m[48;2;71;188;170m▀[0m[38;2;75;196;179m[48;2;0;0;255m▀[0m[38;2;69;185;162m▀[0m                    [38;2;10;10;2m[48;2;5;5;0m▀[0m[38;2;29;27;39m[48;2;31;28;41m▀[0m[38;2;60;53;95m[48;2;78;68;123m▀[0m[38;2;72;62;118m[48;2;68;62;86m▀[0m[38;2;71;63;104m[48;2;71;62;109m▀[0m[38;2;71;63;106m[48;2;73;63;119m▀[0m[38;2;72;63;116m[48;2;72;63;115m▀[0m[38;2;72;63;115m[48;2;72;63;115m▀[0m[38;2;72;63;115m[48;2;72;63;115m▀[0m[38;2;72;63;115m[48;2;72;63;115m▀[0m[38;2;72;63;115m[48;2;72;63;115m▀[0m[38;2;72;63;115m[48;2;72;63;115m▀[0m[38;2;72;63;115m[48;2;72;63;115m▀[0m[38;2;72;63;115m[48;2;72;63;115m▀[0m[38;2;72;63;115m[48;2;72;63;115m▀[0m[38;2;72;63;115m[48;2;74;65;120m▀[0m[38;2;75;65;120m[48;2;66;58;107m▀[0m[38;2;72;63;116m[48;2;42;38;61m▀[0m[38;2;20;20;21m[48;2;20;20;22m▀[0m[38;2;2;2;0m[48;2;23;0;0m▀[0m[38;2;53;53;53m[48;2;0;0;0m▀[0m[38;2;62;62;62m[48;2;0;0;0m▀[0m[38;2;71;71;71m[48;2;5;5;5m▀[0m[38;2;197;197;197m[48;2;94;94;94m▀[0m[38;2;183;183;183m[48;2;189;189;189m▀[0m[38;2;131;131;131m[48;2;179;179;179m▀[0m[38;2;118;118;118m[48;2;156;156;156m▀[0m[38;2;164;164;164m[48;2;212;212;212m▀[0m[38;2;164;164;164m[48;2;215;215;215m▀[0m[38;2;125;125;125m[48;2;85;85;85m▀[0m[38;2;160;160;160m[48;2;66;66;66m▀[0m[38;2;213;213;213m[48;2;111;111;111m▀[0m[38;2;196;196;196m[48;2;101;101;101m▀[0m[38;2;106;106;106m[48;2;93;93;93m▀[0m[38;2;79;79;79m[48;2;77;77;77m▀[0m   
[38;2;72;189;171m[48;2;72;189;171m▀[0m[38;2;147;229;197m[48;2;144;228;196m▀[0m[38;2;181;248;211m[48;2;179;247;210m▀[0m[38;2;159;237;201m[48;2;159;237;201m▀[0m[38;2;112;213;182m[48;2;112;213;182m▀[0m[38;2;46;169;167m[48;2;46;169;167m▀[0m[38;2;39;164;165m[48;2;39;164;165m▀[0m[38;2;40;165;166m[48;2;36;163;165m▀[0m[38;2;48;170;167m[48;2;63;180;171m▀[0m[38;2;63;180;171m[48;2;115;215;184m▀[0m[38;2;40;165;166m[48;2;51;172;168m▀[0m[38;2;40;165;166m[48;2;41;165;165m▀[0m[38;2;41;166;166m[48;2;41;166;166m▀[0m[38;2;41;166;166m[48;2;41;166;166m▀[0m[38;2;41;166;166m[48;2;41;166;166m▀[0m[38;2;38;164;165m[48;2;38;164;165m▀[0m[38;2;95;202;178m[48;2;95;202;178m▀[0m[38;2;155;236;198m[48;2;155;236;198m▀[0m[38;2;152;237;204m[48;2;152;237;204m▀[0m[38;2;71;188;170m[48;2;71;188;170m▀[0m[38;2;63;191;175m[48;2;63;191;175m▀[0m                    [38;2;10;10;5m[48;2;10;10;6m▀[0m[38;2;23;22;30m[48;2;47;42;70m▀[0m[38;2;43;39;65m[48;2;78;68;124m▀[0m[38;2;74;65;116m[48;2;71;63;111m▀[0m[38;2;66;61;74m[48;2;72;63;114m▀[0m[38;2;71;62;104m[48;2;72;63;112m▀[0m[38;2;73;63;119m[48;2;71;63;111m▀[0m[38;2;72;63;116m[48;2;72;63;113m▀[0m[38;2;72;63;115m[48;2;72;63;115m▀[0m[38;2;72;63;115m[48;2;72;63;115m▀[0m[38;2;72;63;115m[48;2;72;63;115m▀[0m[38;2;72;63;115m[48;2;72;63;115m▀[0m[38;2;72;63;115m[48;2;72;63;115m▀[0m[38;2;72;63;115m[48;2;72;63;115m▀[0m[38;2;72;63;115m[48;2;72;63;115m▀[0m[38;2;72;63;117m[48;2;73;63;117m▀[0m[38;2;76;67;115m[48;2;69;63;86m▀[0m[38;2;57;51;78m[48;2;49;47;42m▀[0m[38;2;9;10;5m[48;2;13;13;13m▀[0m[38;2;17;17;17m▄[0m    [38;2;0;0;0m▀[0m[38;2;112;112;112m[48;2;8;8;8m▀[0m[38;2;160;160;160m[48;2;8;8;8m▀[0m[38;2;152;152;152m[48;2;8;8;8m▀[0m[38;2;147;147;147m[48;2;8;8;8m▀[0m[38;2;152;152;152m[48;2;9;9;9m▀[0m[38;2;52;52;52m[48;2;4;4;4m▀[0m[38;2;0;0;0m▀[0m[38;2;0;0;0m▀[0m[38;2;0;0;0m▀[0m     
[38;2;72;189;171m[48;2;79;204;184m▀[0m[38;2;146;229;197m[48;2;115;217;187m▀[0m[38;2;180;248;211m[48;2;155;234;199m▀[0m[38;2;158;237;201m[48;2;171;243;206m▀[0m[38;2;110;212;181m[48;2;153;233;199m▀[0m[38;2;43;167;166m[48;2;99;204;179m▀[0m[38;2;36;162;164m[48;2;93;201;177m▀[0m[38;2;37;164;165m[48;2;95;202;178m▀[0m[38;2;37;163;165m[48;2;94;201;177m▀[0m[38;2;48;170;167m[48;2;94;201;178m▀[0m[38;2;112;213;183m[48;2;123;220;185m▀[0m[38;2;63;180;171m[48;2;63;180;171m▀[0m[38;2;36;163;165m[48;2;36;163;165m▀[0m[38;2;41;166;166m[48;2;41;166;166m▀[0m[38;2;41;166;166m[48;2;41;166;166m▀[0m[38;2;38;164;165m[48;2;33;160;164m▀[0m[38;2;95;202;178m[48;2;93;201;177m▀[0m[38;2;156;237;198m[48;2;134;226;189m▀[0m[38;2;154;238;205m[48;2;124;223;191m▀[0m[38;2;71;188;170m[48;2;72;189;171m▀[0m[38;2;63;191;175m[48;2;75;180;165m▀[0m                   [38;2;8;8;7m▄[0m[38;2;8;8;1m[48;2;48;42;78m▀[0m[38;2;45;40;69m[48;2;66;59;91m▀[0m[38;2;75;66;111m[48;2;66;62;68m▀[0m[38;2;65;61;63m[48;2;63;61;55m▀[0m[38;2;65;61;65m[48;2;63;61;55m▀[0m[38;2;65;61;65m[48;2;63;61;55m▀[0m[38;2;65;61;62m[48;2;63;61;56m▀[0m[38;2;66;62;78m[48;2;64;61;62m▀[0m[38;2;72;63;119m[48;2;67;62;78m▀[0m[38;2;72;63;115m[48;2;71;63;113m▀[0m[38;2;72;63;115m[48;2;72;63;116m▀[0m[38;2;72;63;115m[48;2;72;63;115m▀[0m[38;2;72;63;115m[48;2;72;63;115m▀[0m[38;2;72;63;115m[48;2;72;63;115m▀[0m[38;2;72;63;117m[48;2;72;63;121m▀[0m[38;2;70;65;81m[48;2;73;68;80m▀[0m[38;2;43;41;39m[48;2;43;41;37m▀[0m[38;2;14;15;14m[48;2;8;10;10m▀[0m[38;2;17;17;17m▀[0m[38;2;0;0;0m▀[0m     [38;2;0;0;0m▀[0m[38;2;0;0;0m▀[0m[38;2;0;0;0m▀[0m[38;2;0;0;0m▀[0m[38;2;0;0;0m▀[0m[38;2;0;0;0m▀[0m        
[38;2;73;189;171m▀[0m[38;2;107;210;179m[48;2;104;207;179m▀[0m[38;2;151;238;202m[48;2;139;237;203m▀[0m[38;2;178;246;210m[48;2;165;240;204m▀[0m[38;2;172;243;207m[48;2;172;243;207m▀[0m[38;2;151;234;197m[48;2;174;244;208m▀[0m[38;2;148;232;196m[48;2;174;244;208m▀[0m[38;2;149;233;196m[48;2;174;244;208m▀[0m[38;2;151;233;197m[48;2;175;245;208m▀[0m[38;2;147;232;196m[48;2;171;243;207m▀[0m[38;2;121;219;184m[48;2;137;227;192m▀[0m[38;2;56;176;169m[48;2;77;189;175m▀[0m[38;2;31;160;164m[48;2;55;176;169m▀[0m[38;2;35;162;164m[48;2;57;176;169m▀[0m[38;2;39;164;165m[48;2;65;181;171m▀[0m[38;2;71;187;172m[48;2;134;224;190m▀[0m[38;2;135;224;192m[48;2;165;241;202m▀[0m[38;2;126;219;187m[48;2;120;217;190m▀[0m[38;2;89;207;182m[48;2;67;190;173m▀[0m[38;2;75;191;172m[48;2;76;191;171m▀[0m[38;2;115;255;255m[48;2;191;255;255m▀[0m[38;2;11;5;2m[48;2;11;6;5m▀[0m[38;2;29;27;41m[48;2;38;35;55m▀[0m[38;2;36;31;62m[48;2;49;42;81m▀[0m[38;2;33;29;54m▄[0m  [38;2;17;17;35m▄[0m[38;2;24;24;36m[48;2;46;42;78m▀[0m[38;2;33;29;53m[48;2;61;53;97m▀[0m[38;2;41;35;65m[48;2;46;40;74m▀[0m[38;2;38;38;69m[48;2;35;32;61m▀[0m    [38;2;5;5;0m▄[0m[38;2;3;3;0m▄[0m[38;2;0;0;0m[48;2;17;19;14m▀[0m[38;2;14;14;14m[48;2;33;32;31m▀[0m[38;2;38;36;35m[48;2;65;62;61m▀[0m[38;2;66;60;84m[48;2;66;62;58m▀[0m[38;2;70;65;78m[48;2;63;61;54m▀[0m[38;2;64;61;63m[48;2;66;62;77m▀[0m[38;2;68;62;89m[48;2;73;63;123m▀[0m[38;2;68;62;88m[48;2;73;63;121m▀[0m[38;2;69;62;90m[48;2;74;63;125m▀[0m[38;2;66;62;75m[48;2;68;62;91m▀[0m[38;2;63;61;56m[48;2;63;61;55m▀[0m[38;2;65;61;61m[48;2;65;61;64m▀[0m[38;2;71;63;112m[48;2;71;63;112m▀[0m[38;2;72;63;117m[48;2;72;63;117m▀[0m[38;2;72;63;115m[48;2;72;63;115m▀[0m[38;2;72;63;116m[48;2;72;63;117m▀[0m[38;2;72;63;114m[48;2;72;63;112m▀[0m[38;2;69;63;92m[48;2;66;63;62m▀[0m[38;2;50;47;53m[48;2;26;26;23m▀[0m[38;2;30;29;27m[48;2;4;6;6m▀[0m[38;2;10;13;13m▀[0m                     
 [38;2;70;188;170m[48;2;76;190;173m▀[0m[38;2;96;212;186m[48;2;81;206;186m▀[0m[38;2;130;222;189m[48;2;88;198;175m▀[0m[38;2;169;242;206m[48;2;129;223;188m▀[0m[38;2;170;242;206m[48;2;171;243;206m▀[0m[38;2;170;242;206m[48;2;174;244;208m▀[0m[38;2;170;242;206m[48;2;172;243;207m▀[0m[38;2;170;242;206m[48;2;172;243;207m▀[0m[38;2;170;242;206m[48;2;170;242;206m▀[0m[38;2;174;244;208m[48;2;170;242;206m▀[0m[38;2;137;226;192m[48;2;168;241;205m▀[0m[38;2;123;219;185m[48;2;168;241;205m▀[0m[38;2;124;220;185m[48;2;171;243;207m▀[0m[38;2;128;223;188m[48;2;167;241;205m▀[0m[38;2;169;241;205m[48;2;129;223;188m▀[0m[38;2;133;224;189m[48;2;88;199;175m▀[0m[38;2;97;213;187m[48;2;81;206;186m▀[0m[38;2;72;189;171m[48;2;75;191;173m▀[0m  [38;2;10;10;6m[48;2;10;10;6m▀[0m[38;2;48;43;71m[48;2;47;43;70m▀[0m[38;2;71;62;115m[48;2;78;68;127m▀[0m[38;2;40;35;65m[48;2;68;59;109m▀[0m[38;2;39;31;63m[48;2;40;36;64m▀[0m[38;2;31;31;47m[48;2;30;27;51m▀[0m[38;2;36;32;59m[48;2;69;60;110m▀[0m[38;2;66;59;106m[48;2;108;95;173m▀[0m[38;2;105;92;168m[48;2;100;88;160m▀[0m[38;2;46;40;74m[48;2;44;38;69m▀[0m[38;2;31;27;47m[48;2;26;21;43m▀[0m [38;2;0;0;0m[48;2;9;9;0m▀[0m[38;2;15;15;0m[48;2;11;12;9m▀[0m[38;2;0;0;0m[48;2;8;9;3m▀[0m[38;2;21;20;25m[48;2;80;70;125m▀[0m[38;2;20;19;23m[48;2;90;79;143m▀[0m[38;2;32;31;34m[48;2;67;59;106m▀[0m[38;2;68;65;68m[48;2;72;63;112m▀[0m[38;2;65;61;65m[48;2;72;63;112m▀[0m[38;2;64;61;65m[48;2;72;63;115m▀[0m[38;2;64;61;60m[48;2;68;62;85m▀[0m[38;2;66;62;74m[48;2;63;61;56m▀[0m[38;2;71;63;113m[48;2;65;61;65m▀[0m[38;2;71;63;112m[48;2;65;61;64m▀[0m[38;2;72;63;115m[48;2;65;61;65m▀[0m[38;2;68;62;86m[48;2;64;61;63m▀[0m[38;2;63;61;55m[48;2;64;61;58m▀[0m[38;2;65;61;64m[48;2;65;61;62m▀[0m[38;2;71;63;112m[48;2;71;63;112m▀[0m[38;2;72;63;117m[48;2;72;63;117m▀[0m[38;2;72;63;115m[48;2;72;63;115m▀[0m[38;2;72;63;117m[48;2;72;63;118m▀[0m[38;2;72;63;112m[48;2;73;64;114m▀[0m[38;2;66;63;66m[48;2;67;64;66m▀[0m[38;2;29;29;27m[48;2;29;29;27m▀[0m[38;2;9;9;9m[48;2;9;9;9m▀[0m                      
 [38;2;75;189;173m▀[0m[38;2;75;195;175m[48;2;77;186;168m▀[0m[38;2;86;214;192m[48;2;80;202;182m▀[0m[38;2;87;197;174m[48;2;79;206;186m▀[0m[38;2;98;203;180m[48;2;74;200;181m▀[0m[38;2;127;220;188m[48;2;89;202;178m▀[0m[38;2;135;225;190m[48;2;94;202;175m▀[0m[38;2;146;230;195m[48;2;102;206;180m▀[0m[38;2;179;247;209m[48;2;124;217;190m▀[0m[38;2;177;246;208m[48;2;123;217;189m▀[0m[38;2;181;248;211m[48;2;125;218;190m▀[0m[38;2;158;237;200m[48;2;109;209;182m▀[0m[38;2;136;226;191m[48;2;94;205;179m▀[0m[38;2;134;224;190m[48;2;98;214;187m▀[0m[38;2;89;199;175m[48;2;81;207;186m▀[0m[38;2;84;213;191m[48;2;78;200;180m▀[0m[38;2;75;195;175m[48;2;77;186;168m▀[0m[38;2;78;192;171m▀[0m  [38;2;10;10;5m▀[0m[38;2;23;22;30m[48;2;5;5;0m▀[0m[38;2;44;39;64m[48;2;31;28;41m▀[0m[38;2;74;65;119m[48;2;78;68;125m▀[0m[38;2;65;57;103m[48;2;74;64;117m▀[0m[38;2;83;73;132m[48;2;88;77;140m▀[0m[38;2;102;89;162m[48;2;90;79;144m▀[0m[38;2;109;95;174m[48;2;92;81;147m▀[0m[38;2;103;90;164m[48;2;107;94;171m▀[0m[38;2;91;79;145m[48;2;111;97;177m▀[0m[38;2;50;43;80m[48;2;86;74;136m▀[0m[38;2;24;21;39m[48;2;73;64;117m▀[0m[38;2;50;42;77m[48;2;81;71;129m▀[0m[38;2;87;76;135m[48;2;95;82;151m▀[0m[38;2;85;74;132m[48;2;95;82;152m▀[0m[38;2;84;73;133m[48;2;76;66;121m▀[0m[38;2;79;68;126m[48;2;70;61;111m▀[0m[38;2;73;64;117m[48;2;72;63;115m▀[0m[38;2;72;63;117m[48;2;72;63;115m▀[0m[38;2;72;63;117m[48;2;72;63;115m▀[0m[38;2;73;63;118m[48;2;72;63;115m▀[0m[38;2;72;63;111m[48;2;73;63;118m▀[0m[38;2;68;62;88m[48;2;71;63;111m▀[0m[38;2;63;61;54m[48;2;68;62;87m▀[0m[38;2;63;61;55m[48;2;68;62;88m▀[0m[38;2;63;61;55m[48;2;68;62;88m▀[0m[38;2;63;61;54m[48;2;68;62;86m▀[0m[38;2;65;62;68m[48;2;69;63;96m▀[0m[38;2;70;62;103m[48;2;72;63;119m▀[0m[38;2;72;63;114m[48;2;72;63;115m▀[0m[38;2;72;63;116m[48;2;72;63;115m▀[0m[38;2;74;65;117m[48;2;73;64;117m▀[0m[38;2;65;57;105m[48;2;68;59;108m▀[0m[38;2;45;39;71m[48;2;53;47;85m▀[0m[38;2;45;41;62m[48;2;56;48;92m▀[0m[38;2;23;22;26m[48;2;34;30;51m▀[0m[38;2;8;8;2m[48;2;29;25;42m▀[0m[38;2;36;31;56m▄[0m                     
   [38;2;72;182;160m▀[0m[38;2;79;199;179m▀[0m[38;2;76;192;172m▀[0m[38;2;73;189;171m[48;2;76;191;172m▀[0m[38;2;77;199;180m[48;2;81;202;183m▀[0m[38;2;74;195;176m[48;2;75;190;171m▀[0m[38;2;71;193;175m[48;2;75;190;171m▀[0m[38;2;71;193;175m[48;2;75;190;171m▀[0m[38;2;71;193;175m[48;2;75;190;171m▀[0m[38;2;75;198;179m[48;2;81;202;183m▀[0m[38;2;73;189;171m[48;2;76;191;172m▀[0m[38;2;71;190;172m▀[0m[38;2;79;199;179m▀[0m[38;2;72;182;160m▀[0m     [38;2;10;10;2m▀[0m[38;2;29;26;39m[48;2;4;9;0m▀[0m[38;2;61;54;95m[48;2;18;18;19m▀[0m[38;2;73;64;117m[48;2;65;57;103m▀[0m[38;2;73;63;116m[48;2;70;61;111m▀[0m[38;2;69;60;110m[48;2;70;62;112m▀[0m[38;2;76;67;122m[48;2;72;63;115m▀[0m[38;2;97;85;154m[48;2;71;62;113m▀[0m[38;2;96;84;153m[48;2;71;62;113m▀[0m[38;2;99;87;158m[48;2;71;62;113m▀[0m[38;2;103;90;164m[48;2;71;62;113m▀[0m[38;2;93;81;148m[48;2;71;62;113m▀[0m[38;2;69;60;109m[48;2;72;63;115m▀[0m[38;2;70;61;111m[48;2;72;63;115m▀[0m[38;2;71;62;114m[48;2;72;63;115m▀[0m[38;2;72;63;115m[48;2;72;63;115m▀[0m[38;2;72;63;115m[48;2;72;63;115m▀[0m[38;2;72;63;115m[48;2;72;63;115m▀[0m[38;2;72;63;115m[48;2;72;63;115m▀[0m[38;2;72;63;115m[48;2;72;63;115m▀[0m[38;2;72;63;115m[48;2;72;63;115m▀[0m[38;2;72;63;116m[48;2;72;63;115m▀[0m[38;2;73;63;119m[48;2;72;63;115m▀[0m[38;2;73;63;119m[48;2;72;63;115m▀[0m[38;2;73;63;119m[48;2;72;63;115m▀[0m[38;2;73;63;119m[48;2;72;63;115m▀[0m[38;2;72;63;118m[48;2;72;63;115m▀[0m[38;2;72;63;115m[48;2;72;63;115m▀[0m[38;2;72;63;115m[48;2;72;63;115m▀[0m[38;2;72;63;115m[48;2;72;63;115m▀[0m[38;2;72;63;115m[48;2;72;63;115m▀[0m[38;2;73;64;116m[48;2;72;63;115m▀[0m[38;2;74;65;119m[48;2;72;63;115m▀[0m[38;2;75;66;120m[48;2;72;63;115m▀[0m[38;2;56;49;90m[48;2;73;64;117m▀[0m[38;2;52;45;83m[48;2;75;66;120m▀[0m[38;2;47;41;75m[48;2;67;59;107m▀[0m[38;2;33;29;54m[48;2;40;35;65m▀[0m[38;2;39;31;63m▄[0m[38;2;0;0;85m▄[0m                  
      [38;2;63;191;170m▀[0m[38;2;79;207;191m▀[0m[38;2;79;191;175m▀[0m[38;2;79;191;175m▀[0m[38;2;79;191;175m▀[0m[38;2;79;191;175m▀[0m[38;2;79;207;191m▀[0m[38;2;63;191;170m▀[0m         [38;2;0;0;0m▀[0m[38;2;15;15;15m▀[0m[38;2;19;18;22m[48;2;8;8;4m▀[0m[38;2;16;17;16m[48;2;3;7;0m▀[0m[38;2;47;43;71m[48;2;25;24;33m▀[0m[38;2;78;68;126m[48;2;34;31;46m▀[0m[38;2;74;65;119m[48;2;32;29;43m▀[0m[38;2;74;65;119m[48;2;30;28;39m▀[0m[38;2;72;63;116m[48;2;65;57;101m▀[0m[38;2;72;63;115m[48;2;79;69;127m▀[0m[38;2;72;63;115m[48;2;76;66;122m▀[0m[38;2;72;63;115m[48;2;76;66;122m▀[0m[38;2;72;63;115m[48;2;76;67;123m▀[0m[38;2;72;63;115m[48;2;73;64;117m▀[0m[38;2;72;63;115m[48;2;72;63;115m▀[0m[38;2;72;63;115m[48;2;72;63;115m▀[0m[38;2;72;63;115m[48;2;72;63;115m▀[0m[38;2;72;63;115m[48;2;72;63;115m▀[0m[38;2;72;63;115m[48;2;72;63;115m▀[0m[38;2;72;63;115m[48;2;72;63;115m▀[0m[38;2;72;63;115m[48;2;72;63;115m▀[0m[38;2;72;63;115m[48;2;72;63;115m▀[0m[38;2;72;63;115m[48;2;72;63;115m▀[0m[38;2;72;63;115m[48;2;74;65;118m▀[0m[38;2;73;64;116m[48;2;57;50;91m▀[0m[38;2;73;64;117m[48;2;51;45;82m▀[0m[38;2;72;63;115m[48;2;75;66;120m▀[0m[38;2;72;63;115m[48;2;72;63;115m▀[0m[38;2;72;63;115m[48;2;72;63;115m▀[0m[38;2;72;63;115m[48;2;72;63;115m▀[0m[38;2;72;63;115m[48;2;72;63;115m▀[0m[38;2;72;63;115m[48;2;72;63;115m▀[0m[38;2;72;63;115m[48;2;72;63;115m▀[0m[38;2;72;63;115m[48;2;72;63;115m▀[0m[38;2;72;63;115m[48;2;72;63;115m▀[0m[38;2;73;64;117m[48;2;73;63;116m▀[0m[38;2;68;59;109m[48;2;73;63;116m▀[0m[38;2;42;37;68m[48;2;67;58;107m▀[0m[38;2;33;28;51m[48;2;49;44;79m▀[0m[38;2;34;32;59m▄[0m                 
                           [38;2;9;9;0m▀[0m[38;2;9;9;3m▀[0m[38;2;9;9;3m▀[0m[38;2;5;7;0m▀[0m[38;2;38;34;54m[48;2;11;11;5m▀[0m[38;2;48;43;70m[48;2;10;12;6m▀[0m[38;2;45;40;66m[48;2;9;11;6m▀[0m[38;2;44;39;65m[48;2;14;14;11m▀[0m[38;2;39;36;57m[48;2;26;24;34m▀[0m[38;2;67;58;105m[48;2;49;44;74m▀[0m[38;2;78;68;125m[48;2;58;51;89m▀[0m[38;2;76;66;121m[48;2;56;49;86m▀[0m[38;2;76;66;121m[48;2;56;49;86m▀[0m[38;2;76;66;121m[48;2;56;49;86m▀[0m[38;2;76;66;121m[48;2;57;50;89m▀[0m[38;2;76;66;121m[48;2;58;51;90m▀[0m[38;2;76;66;121m[48;2;58;51;90m▀[0m[38;2;76;66;121m[48;2;58;51;90m▀[0m[38;2;76;66;121m[48;2;58;51;90m▀[0m[38;2;77;67;123m[48;2;58;51;90m▀[0m[38;2;67;58;107m[48;2;61;54;95m▀[0m[38;2;56;49;89m[48;2;53;47;81m▀[0m[38;2;59;51;94m[48;2;33;29;49m▀[0m[38;2;74;65;120m[48;2;56;50;88m▀[0m[38;2;76;67;123m[48;2;58;51;90m▀[0m[38;2;74;64;118m[48;2;66;58;104m▀[0m[38;2;72;63;115m[48;2;75;65;120m▀[0m[38;2;72;63;115m[48;2;74;64;118m▀[0m[38;2;72;63;115m[48;2;74;65;118m▀[0m[38;2;72;63;115m[48;2;72;63;116m▀[0m[38;2;72;63;115m[48;2;72;63;115m▀[0m[38;2;72;63;115m[48;2;72;63;115m▀[0m[38;2;72;63;115m[48;2;72;63;115m▀[0m[38;2;75;66;120m[48;2;73;64;116m▀[0m[38;2;52;46;84m[48;2;57;50;92m▀[0m[38;2;33;29;53m[48;2;45;39;72m▀[0m[38;2;36;31;57m▄[0m                
                                 [38;2;4;9;0m[48;2;0;0;0m▀[0m[38;2;20;20;23m[48;2;16;16;16m▀[0m[38;2;70;61;111m[48;2;18;17;19m▀[0m[38;2;33;30;46m[48;2;56;50;87m▀[0m[38;2;14;14;13m[48;2;72;62;113m▀[0m[38;2;17;17;18m[48;2;68;60;108m▀[0m[38;2;17;17;18m[48;2;68;60;108m▀[0m[38;2;18;17;19m[48;2;72;63;116m▀[0m[38;2;15;15;14m[48;2;32;29;43m▀[0m[38;2;13;13;11m[48;2;10;10;5m▀[0m[38;2;13;13;11m[48;2;15;15;15m▀[0m[38;2;13;13;11m[48;2;15;15;15m▀[0m[38;2;13;13;11m[48;2;15;15;15m▀[0m[38;2;13;13;11m[48;2;15;15;15m▀[0m[38;2;13;13;11m[48;2;15;15;15m▀[0m[38;2;13;13;12m[48;2;15;15;15m▀[0m[38;2;14;14;13m[48;2;15;15;15m▀[0m[38;2;13;13;11m[48;2;15;15;15m▀[0m[38;2;9;10;4m[48;2;0;15;0m▀[0m[38;2;42;38;61m[48;2;19;18;21m▀[0m[38;2;72;63;116m[48;2;21;21;24m▀[0m[38;2;68;60;109m[48;2;20;20;23m▀[0m[38;2;68;60;108m[48;2;18;18;19m▀[0m[38;2;71;62;114m[48;2;61;54;94m▀[0m[38;2;72;63;116m[48;2;77;67;123m▀[0m[38;2;72;63;115m[48;2;72;63;115m▀[0m[38;2;72;63;115m[48;2;72;63;115m▀[0m[38;2;72;63;115m[48;2;72;63;115m▀[0m[38;2;75;66;121m[48;2;74;65;119m▀[0m[38;2;61;52;97m[48;2;58;51;93m▀[0m[38;2;36;32;59m[48;2;35;31;57m▀[0m                
                                  [38;2;0;0;0m[48;2;31;31;31m▀[0m[38;2;12;12;9m[48;2;14;14;12m▀[0m[38;2;62;55;97m[48;2;39;34;56m▀[0m[38;2;82;71;132m[48;2;48;43;70m▀[0m[38;2;79;69;128m[48;2;47;42;69m▀[0m[38;2;75;66;121m[48;2;42;38;63m▀[0m[38;2;37;35;53m[48;2;13;14;11m▀[0m[38;2;21;21;27m[48;2;0;0;0m▀[0m[38;2;8;8;0m▀[0m         [38;2;8;8;0m▀[0m[38;2;11;11;3m▀[0m[38;2;7;11;3m▀[0m[38;2;7;7;0m▀[0m[38;2;24;23;32m[48;2;6;7;0m▀[0m[38;2;53;48;81m[48;2;45;42;67m▀[0m[38;2;75;65;120m[48;2;80;69;129m▀[0m[38;2;72;63;115m[48;2;76;66;121m▀[0m[38;2;72;63;115m[48;2;76;66;121m▀[0m[38;2;72;63;116m[48;2;77;67;123m▀[0m[38;2;73;63;116m[48;2;71;61;113m▀[0m[38;2;55;49;86m[48;2;48;43;74m▀[0m[38;2;14;14;11m[48;2;15;15;14m▀[0m[38;2;21;21;21m[48;2;14;14;14m▀[0m              
                                    [38;2;9;11;5m▀[0m[38;2;11;12;6m▀[0m[38;2;11;12;6m▀[0m[38;2;10;11;5m▀[0m                [38;2;11;11;7m▀[0m[38;2;40;37;58m[48;2;12;14;10m▀[0m[38;2;59;52;93m[48;2;14;15;12m▀[0m[38;2;56;50;87m[48;2;14;14;12m▀[0m[38;2;56;50;87m[48;2;14;14;12m▀[0m[38;2;58;51;90m[48;2;13;14;12m▀[0m[38;2;45;40;70m[48;2;15;16;14m▀[0m[38;2;27;24;37m[48;2;15;15;13m▀[0m[38;2;14;14;13m▀[0m[38;2;21;21;21m▀[0m              
[0m