                                         [38;2;0;0;0m▄[0m[38;2;0;0;0m▄[0m[38;2;17;17;17m▄[0m[38;2;0;0;0m[48;2;30;28;30m▀[0m[38;2;5;7;7m[48;2;45;43;42m▀[0m[38;2;69;72;57m[48;2;99;97;84m▀[0m[38;2;146;149;113m[48;2;158;156;127m▀[0m[38;2;175;178;134m[48;2;184;183;148m▀[0m[38;2;171;172;130m[48;2;186;186;152m▀[0m[38;2;153;155;116m[48;2;173;174;142m▀[0m[38;2;150;150;109m[48;2;175;175;140m▀[0m[38;2;149;149;114m▄[0m[38;2;139;139;92m▄[0m                          
                                       [38;2;0;0;0m▄[0m[38;2;0;0;0m▄[0m[38;2;0;0;0m[48;2;21;21;21m▀[0m[38;2;0;0;0m[48;2;14;15;15m▀[0m[38;2;13;15;15m[48;2;44;42;42m▀[0m[38;2;87;80;80m[48;2;132;121;119m▀[0m[38;2;139;126;124m[48;2;211;191;187m▀[0m[38;2;169;156;147m[48;2;221;200;195m▀[0m[38;2;186;174;159m[48;2;207;187;183m▀[0m[38;2;206;197;183m[48;2;221;205;205m▀[0m[38;2;223;220;207m[48;2;244;236;239m▀[0m[38;2;214;214;198m[48;2;239;236;231m▀[0m[38;2;190;190;159m[48;2;208;208;181m▀[0m[38;2;148;149;106m[48;2;163;165;129m▀[0m[38;2;132;136;86m[48;2;159;161;122m▀[0m[38;2;163;163;127m▄[0m[38;2;159;159;95m▄[0m[38;2;0;0;0m▄[0m                       
                                       [38;2;7;7;7m[48;2;4;4;4m▀[0m[38;2;7;9;9m[48;2;6;9;9m▀[0m[38;2;45;41;41m[48;2;49;46;46m▀[0m[38;2;91;85;83m[48;2;144;132;129m▀[0m[38;2;134;123;121m[48;2;212;192;188m▀[0m[38;2;182;165;162m[48;2;217;197;192m▀[0m[38;2;215;195;191m[48;2;206;187;183m▀[0m[38;2;218;197;193m[48;2;206;187;183m▀[0m[38;2;209;188;186m[48;2;206;187;183m▀[0m[38;2;213;195;195m[48;2;204;185;181m▀[0m[38;2;225;210;211m[48;2;203;183;178m▀[0m[38;2;231;221;218m[48;2;216;200;197m▀[0m[38;2;234;230;218m[48;2;245;238;241m▀[0m[38;2;211;212;193m[48;2;248;247;245m▀[0m[38;2;197;198;170m[48;2;213;214;191m▀[0m[38;2;162;163;127m[48;2;161;162;126m▀[0m[38;2;153;153;112m[48;2;153;153;113m▀[0m[38;2;145;145;109m[48;2;148;148;127m▀[0m                       
                                       [38;2;4;4;4m[48;2;4;4;4m▀[0m[38;2;6;8;8m[48;2;6;9;9m▀[0m[38;2;52;49;49m[48;2;49;46;46m▀[0m[38;2;154;141;137m[48;2;145;132;129m▀[0m[38;2;224;203;199m[48;2;213;193;189m▀[0m[38;2;223;203;198m[48;2;217;197;192m▀[0m[38;2;206;187;183m[48;2;206;187;183m▀[0m[38;2;205;186;182m[48;2;206;187;183m▀[0m[38;2;206;187;183m[48;2;206;187;183m▀[0m[38;2;203;184;179m[48;2;205;185;181m▀[0m[38;2;200;179;174m[48;2;203;183;179m▀[0m[38;2;214;197;194m[48;2;215;198;196m▀[0m[38;2;245;237;242m[48;2;240;231;234m▀[0m[38;2;253;250;251m[48;2;242;239;237m▀[0m[38;2;227;228;202m[48;2;214;214;189m▀[0m[38;2;179;180;139m[48;2;167;168;130m▀[0m[38;2;161;162;120m[48;2;157;159;118m▀[0m[38;2;156;156;137m[48;2;148;148;127m▀[0m                       
                                       [38;2;4;4;4m[48;2;4;4;4m▀[0m[38;2;6;8;8m[48;2;6;8;8m▀[0m[38;2;51;48;48m[48;2;52;49;49m▀[0m[38;2;150;137;134m[48;2;153;140;137m▀[0m[38;2;220;199;195m[48;2;223;202;197m▀[0m[38;2;221;201;195m[48;2;223;202;197m▀[0m[38;2;206;187;183m[48;2;206;187;183m▀[0m[38;2;205;187;183m[48;2;205;186;182m▀[0m[38;2;206;187;183m[48;2;206;187;183m▀[0m[38;2;205;185;181m[48;2;205;185;181m▀[0m[38;2;202;182;178m[48;2;202;182;178m▀[0m[38;2;217;201;198m[48;2;219;203;200m▀[0m[38;2;250;241;243m[48;2;255;251;250m▀[0m[38;2;245;242;241m[48;2;243;240;241m▀[0m[38;2;184;184;168m[48;2;138;137;133m▀[0m[38;2;115;115;91m[48;2;41;41;36m▀[0m[38;2;97;99;74m[48;2;19;19;14m▀[0m[38;2;98;98;78m[48;2;39;39;39m▀[0m                       
                                       [38;2;5;5;5m[48;2;0;0;0m▀[0m[38;2;6;8;8m[48;2;5;11;11m▀[0m[38;2;47;44;44m[48;2;35;32;32m▀[0m[38;2;119;109;107m[48;2;43;42;42m▀[0m[38;2;172;156;153m[48;2;76;71;70m▀[0m[38;2;198;180;176m[48;2;151;138;136m▀[0m[38;2;210;191;187m[48;2;217;197;193m▀[0m[38;2;214;194;190m[48;2;230;208;204m▀[0m[38;2;211;192;188m[48;2;220;200;195m▀[0m[38;2;212;191;187m[48;2;224;203;199m▀[0m[38;2;212;191;187m[48;2;228;207;203m▀[0m[38;2;212;195;192m[48;2;195;179;175m▀[0m[38;2;213;206;205m[48;2;123;116;115m▀[0m[38;2;178;177;178m[48;2;63;63;63m▀[0m[38;2;97;96;98m[48;2;41;43;45m▀[0m[38;2;7;7;11m[48;2;4;4;8m▀[0m[38;2;0;0;0m[48;2;0;0;0m▀[0m[38;2;0;0;0m[48;2;0;0;0m▀[0m                       
                                         [38;2;0;0;0m[48;2;0;0;0m▀[0m[38;2;0;0;0m[48;2;0;0;0m▀[0m[38;2;20;20;20m[48;2;10;13;13m▀[0m[38;2;107;99;97m[48;2;63;59;59m▀[0m[38;2;180;164;160m[48;2;85;79;78m▀[0m[38;2;194;176;172m[48;2;93;85;84m▀[0m[38;2;183;166;163m[48;2;87;80;79m▀[0m[38;2;188;171;168m[48;2;89;83;82m▀[0m[38;2;193;176;173m[48;2;92;86;84m▀[0m[38;2;152;139;135m[48;2;75;70;68m▀[0m[38;2;63;58;57m[48;2;44;40;40m▀[0m[38;2;0;0;0m[48;2;0;0;0m▀[0m[38;2;0;0;0m[48;2;0;0;0m▀[0m                          
                                           [38;2;0;0;0m▀[0m[38;2;16;18;18m[48;2;0;0;0m▀[0m[38;2;17;18;18m[48;2;0;4;4m▀[0m[38;2;18;19;19m[48;2;2;4;4m▀[0m[38;2;17;17;18m[48;2;0;2;4m▀[0m[38;2;18;18;18m[48;2;2;4;4m▀[0m[38;2;18;19;19m[48;2;2;4;4m▀[0m[38;2;16;18;18m[48;2;0;2;2m▀[0m[38;2;16;16;16m[48;2;0;0;0m▀[0m                            
                                                                                
                                            [38;2;146;153;108m▄[0m[38;2;151;154;112m▄[0m[38;2;162;165;123m▄[0m[38;2;153;153;114m▄[0m[38;2;150;153;111m▄[0m[38;2;150;153;111m▄[0m[38;2;153;156;114m▄[0m[38;2;165;165;123m▄[0m[38;2;149;152;112m▄[0m[38;2;145;145;109m▄[0m                          
                     [38;2;127;127;0m▄[0m[38;2;148;148;113m▄[0m[38;2;158;158;118m▄[0m[38;2;162;167;123m▄[0m[38;2;153;153;114m▄[0m[38;2;153;153;114m▄[0m[38;2;153;153;114m▄[0m[38;2;158;158;118m▄[0m[38;2;162;167;123m▄[0m[38;2;151;151;108m▄[0m[38;2;148;148;106m▄[0m         [38;2;255;255;255m▄[0m[38;2;148;148;106m▄[0m[38;2;161;161;123m▄[0m[38;2;155;157;118m[48;2;180;179;148m▀[0m[38;2;156;157;119m[48;2;191;191;161m▀[0m[38;2;168;170;128m[48;2;205;206;174m▀[0m[38;2;158;159;120m[48;2;196;196;166m▀[0m[38;2;156;158;118m[48;2;195;196;166m▀[0m[38;2;156;158;118m[48;2;195;196;166m▀[0m[38;2;159;160;122m[48;2;198;199;168m▀[0m[38;2;169;170;128m[48;2;206;207;174m▀[0m[38;2;156;157;119m[48;2;182;182;154m▀[0m[38;2;151;154;116m[48;2;179;179;148m▀[0m[38;2;152;152;111m▄[0m[38;2;141;141;94m▄[0m                        
             [38;2;147;147;120m▄[0m[38;2;157;157;120m▄[0m[38;2;165;165;127m▄[0m[38;2;157;157;112m▄[0m[38;2;157;157;120m▄[0m[38;2;165;165;127m▄[0m[38;2;157;165;127m▄[0m[38;2;150;150;112m▄[0m[38;2;141;141;85m[48;2;164;164;125m▀[0m[38;2;155;155;116m[48;2;172;171;140m▀[0m[38;2;160;161;121m[48;2;189;189;155m▀[0m[38;2;165;166;125m[48;2;195;195;160m▀[0m[38;2;154;155;116m[48;2;185;186;152m▀[0m[38;2;154;155;116m[48;2;185;186;153m▀[0m[38;2;154;155;116m[48;2;185;186;152m▀[0m[38;2;160;161;121m[48;2;191;192;158m▀[0m[38;2;166;166;125m[48;2;196;197;161m▀[0m[38;2;153;155;115m[48;2;173;174;142m▀[0m[38;2;148;148;112m[48;2;175;175;140m▀[0m[38;2;148;148;106m▄[0m[38;2;127;127;85m▄[0m     [38;2;0;0;0m▄[0m[38;2;0;0;0m▄[0m[38;2;255;255;255m[48;2;102;102;82m▀[0m[38;2;151;153;105m[48;2;156;157;124m▀[0m[38;2;164;165;126m[48;2;193;193;160m▀[0m[38;2;205;204;181m[48;2;229;227;212m▀[0m[38;2;229;227;217m[48;2;249;245;247m▀[0m[38;2;241;239;232m[48;2;255;253;255m▀[0m[38;2;237;236;227m[48;2;255;254;255m▀[0m[38;2;237;236;228m[48;2;255;255;255m▀[0m[38;2;237;236;227m[48;2;255;254;255m▀[0m[38;2;239;238;229m[48;2;255;255;255m▀[0m[38;2;242;242;232m[48;2;255;255;255m▀[0m[38;2;227;226;216m[48;2;253;251;252m▀[0m[38;2;202;201;174m[48;2;226;225;205m▀[0m[38;2;153;155;115m[48;2;182;183;149m▀[0m[38;2;140;140;98m[48;2;166;166;131m▀[0m[38;2;175;175;141m▄[0m[38;2;165;165;120m▄[0m[38;2;157;157;120m▄[0m[38;2;157;157;120m▄[0m[38;2;165;172;127m▄[0m[38;2;158;158;114m▄[0m[38;2;153;153;102m▄[0m                 
          [38;2;127;127;127m▄[0m[38;2;153;153;102m▄[0m[38;2;174;174;138m▄[0m[38;2;153;153;112m[48;2;168;168;134m▀[0m[38;2;156;157;117m[48;2;176;177;142m▀[0m[38;2;165;166;123m[48;2;185;186;148m▀[0m[38;2;153;154;114m[48;2;175;175;140m▀[0m[38;2;157;159;120m[48;2;173;174;137m▀[0m[38;2;162;163;127m[48;2;170;171;134m▀[0m[38;2;160;160;123m[48;2;168;169;131m▀[0m[38;2;150;151;109m[48;2;167;168;130m▀[0m[38;2;164;165;129m[48;2;183;184;153m▀[0m[38;2;199;198;178m[48;2;222;220;209m▀[0m[38;2;229;226;214m[48;2;251;247;250m▀[0m[38;2;235;233;221m[48;2;255;252;255m▀[0m[38;2;230;229;216m[48;2;255;253;255m▀[0m[38;2;230;230;217m[48;2;255;254;255m▀[0m[38;2;230;229;216m[48;2;255;253;255m▀[0m[38;2;234;233;221m[48;2;255;255;255m▀[0m[38;2;236;236;222m[48;2;255;255;255m▀[0m[38;2;214;213;197m[48;2;244;243;238m▀[0m[38;2;190;190;158m[48;2;210;210;183m▀[0m[38;2;146;148;105m[48;2;163;164;128m▀[0m[38;2;131;136;87m[48;2;159;159;122m▀[0m[38;2;163;163;127m▄[0m[38;2;159;159;95m▄[0m[38;2;0;0;0m▄[0m  [38;2;0;0;0m[48;2;0;0;0m▀[0m[38;2;3;3;3m[48;2;3;3;3m▀[0m[38;2;61;59;57m[48;2;55;54;54m▀[0m[38;2;165;164;153m[48;2;173;170;172m▀[0m[38;2;232;230;217m[48;2;255;251;253m▀[0m[38;2;247;246;241m[48;2;255;255;255m▀[0m[38;2;248;244;246m[48;2;245;241;242m▀[0m[38;2;251;247;251m[48;2;245;241;242m▀[0m[38;2;251;247;250m[48;2;245;241;242m▀[0m[38;2;252;249;252m[48;2;244;240;241m▀[0m[38;2;253;250;253m[48;2;243;237;238m▀[0m[38;2;255;254;255m[48;2;243;239;240m▀[0m[38;2;255;255;255m[48;2;247;243;244m▀[0m[38;2;255;255;255m[48;2;251;248;249m▀[0m[38;2;247;248;240m[48;2;255;255;255m▀[0m[38;2;228;227;214m[48;2;254;252;253m▀[0m[38;2;203;203;180m[48;2;210;210;194m▀[0m[38;2;180;182;145m[48;2;165;166;133m▀[0m[38;2;163;166;123m[48;2;158;160;122m▀[0m[38;2;156;157;117m[48;2;171;172;136m▀[0m[38;2;157;159;118m[48;2;178;179;144m▀[0m[38;2;166;168;124m[48;2;186;187;149m▀[0m[38;2;151;153;115m[48;2;168;169;135m▀[0m[38;2;144;149;105m[48;2;166;169;133m▀[0m[38;2;145;145;109m▄[0m[38;2;170;170;85m▄[0m               
          [38;2;255;255;185m[48;2;153;158;113m▀[0m[38;2;148;151;103m[48;2;154;155;116m▀[0m[38;2;169;169;132m[48;2;178;178;144m▀[0m[38;2;199;199;175m[48;2;220;218;202m▀[0m[38;2;222;221;205m[48;2;246;242;244m▀[0m[38;2;232;234;214m[48;2;255;255;255m▀[0m[38;2;226;227;210m[48;2;255;253;255m▀[0m[38;2;209;210;183m[48;2;218;218;204m▀[0m[38;2;185;187;147m[48;2;170;171;137m▀[0m[38;2;186;187;149m[48;2;175;176;145m▀[0m[38;2;206;204;180m[48;2;224;221;212m▀[0m[38;2;224;222;208m[48;2;250;246;249m▀[0m[38;2;240;236;233m[48;2;249;244;247m▀[0m[38;2;251;247;250m[48;2;245;241;242m▀[0m[38;2;253;249;254m[48;2;245;241;242m▀[0m[38;2;253;250;253m[48;2;245;241;242m▀[0m[38;2;254;252;255m[48;2;245;241;242m▀[0m[38;2;255;253;255m[48;2;245;241;242m▀[0m[38;2;255;255;255m[48;2;247;244;245m▀[0m[38;2;255;255;255m[48;2;251;248;249m▀[0m[38;2;255;255;255m[48;2;254;252;254m▀[0m[38;2;241;241;228m[48;2;255;255;255m▀[0m[38;2;210;209;191m[48;2;246;244;242m▀[0m[38;2;195;194;166m[48;2;211;210;187m▀[0m[38;2;162;163;127m[48;2;161;162;126m▀[0m[38;2;153;153;112m[48;2;153;153;113m▀[0m[38;2;145;145;109m[48;2;148;148;127m▀[0m  [38;2;0;0;0m[48;2;0;0;0m▀[0m[38;2;3;3;3m[48;2;3;3;3m▀[0m[38;2;56;55;56m[48;2;54;53;53m▀[0m[38;2;176;173;176m[48;2;170;167;168m▀[0m[38;2;255;255;255m[48;2;252;248;249m▀[0m[38;2;255;255;255m[48;2;255;254;255m▀[0m[38;2;248;245;246m[48;2;245;241;242m▀[0m[38;2;248;246;247m[48;2;247;244;245m▀[0m[38;2;248;246;247m[48;2;247;244;245m▀[0m[38;2;240;235;235m[48;2;234;226;225m▀[0m[38;2;227;216;214m[48;2;213;197;193m▀[0m[38;2;221;208;206m[48;2;203;182;178m▀[0m[38;2;223;210;208m[48;2;202;181;177m▀[0m[38;2;230;219;217m[48;2;211;193;189m▀[0m[38;2;252;246;247m[48;2;245;234;233m▀[0m[38;2;251;248;251m[48;2;242;239;240m▀[0m[38;2;173;173;166m[48;2;131;130;131m▀[0m[38;2;98;98;82m[48;2;27;27;27m▀[0m[38;2;126;127;107m[48;2;84;83;83m▀[0m[38;2;202;202;184m[48;2;213;210;211m▀[0m[38;2;227;229;211m[48;2;255;255;255m▀[0m[38;2;230;231;212m[48;2;255;255;255m▀[0m[38;2;207;207;188m[48;2;243;242;237m▀[0m[38;2;190;191;160m[48;2;206;206;180m▀[0m[38;2;150;150;108m[48;2;160;161;123m▀[0m[38;2;131;131;87m[48;2;150;153;112m▀[0m[38;2;170;170;170m▄[0m              
        [38;2;0;0;0m[48;2;0;0;0m▀[0m[38;2;5;5;5m[48;2;6;6;6m▀[0m[38;2;85;85;75m[48;2;67;66;66m▀[0m[38;2;170;171;152m[48;2;184;184;183m▀[0m[38;2;224;223;202m[48;2;250;246;244m▀[0m[38;2;235;228;219m[48;2;233;221;219m▀[0m[38;2;234;222;224m[48;2;209;189;186m▀[0m[38;2;242;233;234m[48;2;217;197;193m▀[0m[38;2;242;232;234m[48;2;215;196;192m▀[0m[38;2;184;179;171m[48;2;138;127;123m▀[0m[38;2;110;110;90m[48;2;42;40;37m▀[0m[38;2;126;127;111m[48;2;69;69;68m▀[0m[38;2;215;213;210m[48;2;192;191;190m▀[0m[38;2;255;255;255m[48;2;255;255;255m▀[0m[38;2;255;252;255m[48;2;255;253;254m▀[0m[38;2;247;244;245m[48;2;246;243;244m▀[0m[38;2;248;245;247m[48;2;249;247;248m▀[0m[38;2;247;244;245m[48;2;246;244;245m▀[0m[38;2;239;232;233m[48;2;231;221;221m▀[0m[38;2;229;219;218m[48;2;211;195;191m▀[0m[38;2;226;215;214m[48;2;204;184;181m▀[0m[38;2;229;218;217m[48;2;206;186;182m▀[0m[38;2;238;229;230m[48;2;217;201;199m▀[0m[38;2;252;248;251m[48;2;241;233;236m▀[0m[38;2;251;248;248m[48;2;242;239;237m▀[0m[38;2;221;220;196m[48;2;211;211;187m▀[0m[38;2;171;172;133m[48;2;162;163;125m▀[0m[38;2;152;154;115m[48;2;151;153;114m▀[0m[38;2;137;137;117m[48;2;148;148;127m▀[0m  [38;2;0;0;0m[48;2;4;4;4m▀[0m[38;2;5;6;6m[48;2;6;9;9m▀[0m[38;2;52;50;50m[48;2;49;46;46m▀[0m[38;2;158;151;151m[48;2;145;134;131m▀[0m[38;2;234;223;222m[48;2;214;195;191m▀[0m[38;2;238;229;227m[48;2;219;200;196m▀[0m[38;2;228;217;216m[48;2;208;190;186m▀[0m[38;2;229;219;218m[48;2;208;190;187m▀[0m[38;2;229;219;218m[48;2;208;190;187m▀[0m[38;2;221;208;205m[48;2;208;189;185m▀[0m[38;2;208;190;185m[48;2;206;187;183m▀[0m[38;2;201;180;175m[48;2;205;186;181m▀[0m[38;2;199;177;173m[48;2;203;182;178m▀[0m[38;2;209;190;185m[48;2;211;193;189m▀[0m[38;2;248;236;236m[48;2;248;236;236m▀[0m[38;2;246;243;246m[48;2;245;242;244m▀[0m[38;2;124;124;127m[48;2;131;131;133m▀[0m[38;2;8;10;12m[48;2;21;22;23m▀[0m[38;2;65;61;63m[48;2;64;58;56m▀[0m[38;2;199;189;191m[48;2;179;162;158m▀[0m[38;2;250;243;244m[48;2;231;215;212m▀[0m[38;2;255;253;255m[48;2;244;235;236m▀[0m[38;2;255;253;253m[48;2;250;248;250m▀[0m[38;2;239;239;224m[48;2;253;254;252m▀[0m[38;2;206;206;183m[48;2;244;243;239m▀[0m[38;2;189;191;162m[48;2;213;213;192m▀[0m[38;2;166;166;130m[48;2;166;167;131m▀[0m[38;2;152;152;114m[48;2;152;154;113m▀[0m[38;2;170;170;113m[48;2;153;153;114m▀[0m            
        [38;2;0;0;0m[48;2;0;3;3m▀[0m[38;2;6;7;7m[48;2;8;10;10m▀[0m[38;2;66;64;65m[48;2;60;56;56m▀[0m[38;2;181;175;177m[48;2;160;148;146m▀[0m[38;2;245;235;236m[48;2;221;203;200m▀[0m[38;2;228;212;210m[48;2;218;198;195m▀[0m[38;2;203;182;178m[48;2;205;186;182m▀[0m[38;2;212;190;185m[48;2;216;196;191m▀[0m[38;2;209;188;183m[48;2;211;191;187m▀[0m[38;2;127;115;113m[48;2;134;121;119m▀[0m[38;2;25;23;25m[48;2;34;33;33m▀[0m[38;2;51;50;52m[48;2;53;50;50m▀[0m[38;2;176;171;170m[48;2;163;150;148m▀[0m[38;2;243;236;235m[48;2;222;205;201m▀[0m[38;2;242;233;232m[48;2;220;202;198m▀[0m[38;2;232;223;222m[48;2;211;194;191m▀[0m[38;2;234;226;225m[48;2;212;195;192m▀[0m[38;2;232;224;223m[48;2;211;194;191m▀[0m[38;2;220;207;205m[48;2;209;191;187m▀[0m[38;2;205;187;182m[48;2;206;187;183m▀[0m[38;2;200;178;173m[48;2;204;184;180m▀[0m[38;2;199;177;173m[48;2;202;182;178m▀[0m[38;2;212;194;192m[48;2;214;197;195m▀[0m[38;2;239;229;232m[48;2;240;231;234m▀[0m[38;2;241;238;236m[48;2;241;238;236m▀[0m[38;2;210;210;186m[48;2;210;210;186m▀[0m[38;2;161;162;126m[48;2;161;162;126m▀[0m[38;2;153;154;115m[48;2;153;154;115m▀[0m[38;2;148;148;127m[48;2;148;148;127m▀[0m  [38;2;4;4;4m[48;2;4;4;4m▀[0m[38;2;6;9;9m[48;2;6;9;9m▀[0m[38;2;49;45;45m[48;2;49;46;46m▀[0m[38;2;142;129;126m[48;2;144;132;128m▀[0m[38;2;209;188;184m[48;2;211;191;187m▀[0m[38;2;214;193;187m[48;2;216;196;191m▀[0m[38;2;203;183;179m[48;2;205;186;182m▀[0m[38;2;203;183;178m[48;2;205;186;182m▀[0m[38;2;203;183;178m[48;2;205;186;182m▀[0m[38;2;204;184;180m[48;2;206;186;182m▀[0m[38;2;205;186;182m[48;2;206;187;183m▀[0m[38;2;206;187;183m[48;2;207;187;184m▀[0m[38;2;205;185;181m[48;2;208;188;185m▀[0m[38;2;209;191;186m[48;2;204;187;180m▀[0m[38;2;226;217;207m[48;2;192;186;163m▀[0m[38;2;222;220;207m[48;2;182;183;149m▀[0m[38;2;152;150;142m[48;2;179;173;152m▀[0m[38;2;87;82;80m[48;2;181;165;160m▀[0m[38;2;114;102;100m[48;2;189;171;169m▀[0m[38;2;185;165;161m[48;2;203;183;179m▀[0m[38;2;218;199;196m[48;2;208;189;184m▀[0m[38;2;227;214;213m[48;2;208;189;186m▀[0m[38;2;237;229;230m[48;2;217;202;200m▀[0m[38;2;253;249;252m[48;2;240;232;234m▀[0m[38;2;254;252;253m[48;2;246;243;242m▀[0m[38;2;230;229;207m[48;2;221;221;199m▀[0m[38;2;184;185;145m[48;2;177;178;139m▀[0m[38;2;158;160;118m[48;2;163;165;121m▀[0m[38;2;155;155;121m[48;2;170;170;133m▀[0m            
        [38;2;0;3;3m[48;2;0;3;3m▀[0m[38;2;8;10;10m[48;2;8;10;10m▀[0m[38;2;57;53;53m[48;2;58;54;54m▀[0m[38;2;153;138;135m[48;2;154;140;137m▀[0m[38;2;212;191;187m[48;2;214;194;189m▀[0m[38;2;214;193;189m[48;2;215;194;190m▀[0m[38;2;206;187;183m[48;2;206;187;183m▀[0m[38;2;218;198;192m[48;2;218;198;193m▀[0m[38;2;212;192;188m[48;2;212;192;188m▀[0m[38;2;133;121;119m[48;2;129;118;116m▀[0m[38;2;31;31;31m[48;2;23;23;24m▀[0m[38;2;49;47;45m[48;2;45;43;42m▀[0m[38;2;160;145;141m[48;2;166;151;147m▀[0m[38;2;219;197;192m[48;2;229;207;202m▀[0m[38;2;213;192;187m[48;2;219;198;193m▀[0m[38;2;203;183;179m[48;2;205;185;181m▀[0m[38;2;203;183;178m[48;2;204;185;181m▀[0m[38;2;203;183;179m[48;2;205;186;181m▀[0m[38;2;204;185;180m[48;2;205;186;182m▀[0m[38;2;206;187;183m[48;2;206;187;183m▀[0m[38;2;205;185;181m[48;2;205;185;181m▀[0m[38;2;203;183;179m[48;2;203;183;179m▀[0m[38;2;215;198;196m[48;2;216;199;197m▀[0m[38;2;241;232;235m[48;2;242;234;237m▀[0m[38;2;242;239;238m[48;2;244;242;240m▀[0m[38;2;210;211;187m[48;2;211;212;188m▀[0m[38;2;161;162;126m[48;2;161;162;126m▀[0m[38;2;153;154;115m[48;2;151;153;114m▀[0m[38;2;148;148;127m[48;2;137;137;117m▀[0m  [38;2;0;0;0m[48;2;0;0;0m▀[0m[38;2;1;3;3m[48;2;0;0;0m▀[0m[38;2;44;42;42m[48;2;37;35;35m▀[0m[38;2;142;130;127m[48;2;139;128;125m▀[0m[38;2;212;192;188m[48;2;212;192;188m▀[0m[38;2;217;197;192m[48;2;218;198;193m▀[0m[38;2;206;187;183m[48;2;206;187;183m▀[0m[38;2;206;187;183m[48;2;206;187;183m▀[0m[38;2;206;187;183m[48;2;206;187;183m▀[0m[38;2;206;187;183m[48;2;206;187;183m▀[0m[38;2;206;187;183m[48;2;206;187;183m▀[0m[38;2;208;188;185m[48;2;209;189;186m▀[0m[38;2;212;192;189m[48;2;217;197;193m▀[0m[38;2;198;181;175m[48;2;192;175;171m▀[0m[38;2;151;146;125m[48;2;104;98;91m▀[0m[38;2;126;127;96m[48;2;54;54;45m▀[0m[38;2;164;157;137m[48;2;117;110;103m▀[0m[38;2;215;196;190m[48;2;203;185;180m▀[0m[38;2;221;200;198m[48;2;221;200;197m▀[0m[38;2;209;189;186m[48;2;209;189;186m▀[0m[38;2;203;184;179m[48;2;204;185;180m▀[0m[38;2;200;179;175m[48;2;202;182;178m▀[0m[38;2;210;192;188m[48;2;213;195;191m▀[0m[38;2;239;228;230m[48;2;245;235;236m▀[0m[38;2;241;238;237m[48;2;237;234;235m▀[0m[38;2;195;195;179m[48;2;150;149;145m▀[0m[38;2;134;135;107m[48;2;59;59;51m▀[0m[38;2;118;119;89m[48;2;35;35;27m▀[0m[38;2;121;121;97m[48;2;48;48;36m▀[0m            
        [38;2;0;3;3m[48;2;0;3;3m▀[0m[38;2;8;10;10m[48;2;9;11;11m▀[0m[38;2;59;55;55m[48;2;62;58;58m▀[0m[38;2;157;143;140m[48;2;166;151;148m▀[0m[38;2;217;197;193m[48;2;228;206;202m▀[0m[38;2;216;196;192m[48;2;221;200;196m▀[0m[38;2;206;187;183m[48;2;206;187;183m▀[0m[38;2;215;196;191m[48;2;209;190;185m▀[0m[38;2;211;191;187m[48;2;208;189;185m▀[0m[38;2;146;133;130m[48;2;188;170;167m▀[0m[38;2;60;57;56m[48;2;157;143;140m▀[0m[38;2;67;63;62m[48;2;124;113;111m▀[0m[38;2;145;132;129m[48;2;88;82;80m▀[0m[38;2;193;175;171m[48;2;96;89;87m▀[0m[38;2;203;184;181m[48;2;161;147;144m▀[0m[38;2;207;188;184m[48;2;210;190;186m▀[0m[38;2;207;188;184m[48;2;213;194;189m▀[0m[38;2;206;187;183m[48;2;206;187;183m▀[0m[38;2;206;187;183m[48;2;206;187;183m▀[0m[38;2;206;187;183m[48;2;206;187;183m▀[0m[38;2;205;185;181m[48;2;206;186;182m▀[0m[38;2;203;184;180m[48;2;205;186;182m▀[0m[38;2;214;197;194m[48;2;210;191;188m▀[0m[38;2;236;225;228m[48;2;220;203;203m▀[0m[38;2;236;231;228m[48;2;216;203;197m▀[0m[38;2;207;206;181m[48;2;195;190;163m▀[0m[38;2;160;161;125m[48;2;156;158;118m▀[0m[38;2;153;155;114m[48;2;159;164;115m▀[0m[38;2;182;182;145m▀[0m[38;2;0;0;0m[48;2;0;0;0m▀[0m[38;2;8;8;8m[48;2;7;7;10m▀[0m[38;2;30;30;27m[48;2;63;57;56m▀[0m[38;2;33;32;32m[48;2;121;111;109m▀[0m[38;2;72;66;66m[48;2;161;147;144m▀[0m[38;2;153;140;137m[48;2;191;173;170m▀[0m[38;2;211;191;187m[48;2;208;189;185m▀[0m[38;2;216;196;191m[48;2;210;190;186m▀[0m[38;2;206;187;183m[48;2;206;187;183m▀[0m[38;2;206;187;183m[48;2;206;187;183m▀[0m[38;2;206;187;183m[48;2;206;187;183m▀[0m[38;2;206;187;183m[48;2;206;187;183m▀[0m[38;2;206;187;183m[48;2;206;187;183m▀[0m[38;2;210;190;186m[48;2;211;191;187m▀[0m[38;2;220;200;196m[48;2;223;202;199m▀[0m[38;2;189;171;169m[48;2;190;172;171m▀[0m[38;2;78;72;72m[48;2;74;68;68m▀[0m[38;2;13;13;16m[48;2;5;6;8m▀[0m[38;2;90;84;83m[48;2;85;79;78m▀[0m[38;2;196;178;175m[48;2;196;178;174m▀[0m[38;2;220;200;196m[48;2;220;200;196m▀[0m[38;2;208;189;185m[48;2;208;189;185m▀[0m[38;2;205;186;181m[48;2;205;186;181m▀[0m[38;2;203;183;179m[48;2;203;183;178m▀[0m[38;2;214;197;193m[48;2;215;198;194m▀[0m[38;2;249;239;240m[48;2;253;242;244m▀[0m[38;2;237;234;235m[48;2;242;238;242m▀[0m[38;2;127;126;128m[48;2;132;130;134m▀[0m[38;2;19;19;21m[48;2;23;23;24m▀[0m[38;2;0;0;0m[48;2;0;0;0m▀[0m[38;2;0;0;0m[48;2;11;11;11m▀[0m            
        [38;2;0;3;3m[48;2;0;0;0m▀[0m[38;2;9;10;10m[48;2;8;10;10m▀[0m[38;2;57;53;53m[48;2;48;44;44m▀[0m[38;2;148;135;132m[48;2;84;77;76m▀[0m[38;2;205;186;182m[48;2;118;108;106m▀[0m[38;2;210;191;187m[48;2;169;154;151m▀[0m[38;2;206;187;183m[48;2;207;188;184m▀[0m[38;2;206;187;183m[48;2;212;193;188m▀[0m[38;2;206;187;183m[48;2;206;187;183m▀[0m[38;2;217;197;193m[48;2;219;198;194m▀[0m[38;2;224;203;198m[48;2;228;207;201m▀[0m[38;2;163;148;145m[48;2;161;147;144m▀[0m[38;2;48;46;45m[48;2;36;35;34m▀[0m[38;2;29;28;29m[48;2;16;17;18m▀[0m[38;2;132;121;119m[48;2;135;123;121m▀[0m[38;2;213;193;189m[48;2;225;204;199m▀[0m[38;2;218;198;193m[48;2;225;204;199m▀[0m[38;2;206;187;183m[48;2;206;187;183m▀[0m[38;2;206;187;183m[48;2;205;186;182m▀[0m[38;2;206;187;183m[48;2;206;187;183m▀[0m[38;2;206;187;183m[48;2;206;187;183m▀[0m[38;2;206;187;183m[48;2;206;187;183m▀[0m[38;2;207;187;183m[48;2;205;186;182m▀[0m[38;2;207;187;185m[48;2;204;183;180m▀[0m[38;2;203;184;177m[48;2;206;187;182m▀[0m[38;2;194;186;162m[48;2;217;208;197m▀[0m[38;2;167;169;135m[48;2;210;211;195m▀[0m[38;2;180;184;142m[48;2;210;211;186m▀[0m[38;2;240;240;195m[48;2;176;176;140m▀[0m[38;2;15;18;12m[48;2;73;76;55m▀[0m[38;2;10;11;12m[48;2;9;11;9m▀[0m[38;2;69;64;63m[48;2;55;50;51m▀[0m[38;2;171;155;152m[48;2;168;153;150m▀[0m[38;2;223;203;198m[48;2;227;206;201m▀[0m[38;2;217;196;192m[48;2;218;198;194m▀[0m[38;2;206;187;183m[48;2;206;187;183m▀[0m[38;2;206;187;183m[48;2;205;186;182m▀[0m[38;2;206;187;183m[48;2;206;187;183m▀[0m[38;2;206;187;183m[48;2;206;187;183m▀[0m[38;2;206;187;183m[48;2;206;187;183m▀[0m[38;2;206;187;183m[48;2;207;187;184m▀[0m[38;2;206;187;183m[48;2;207;188;185m▀[0m[38;2;209;190;185m[48;2;205;187;180m▀[0m[38;2;217;198;192m[48;2;200;190;170m▀[0m[38;2;188;172;167m[48;2;185;177;154m▀[0m[38;2;91;85;82m[48;2;145;137;125m▀[0m[38;2;34;33;33m[48;2;126;115;113m▀[0m[38;2;103;96;94m[48;2;159;145;143m▀[0m[38;2;198;179;175m[48;2;202;183;179m▀[0m[38;2;218;198;194m[48;2;212;192;188m▀[0m[38;2;208;189;185m[48;2;207;188;184m▀[0m[38;2;205;186;181m[48;2;206;187;183m▀[0m[38;2;203;183;179m[48;2;206;186;183m▀[0m[38;2;213;196;192m[48;2;209;192;186m▀[0m[38;2;245;235;234m[48;2;223;215;197m▀[0m[38;2;232;229;228m[48;2;205;204;181m▀[0m[38;2;132;131;131m[48;2;147;148;133m▀[0m[38;2;27;27;27m[48;2;28;28;28m▀[0m[38;2;0;0;0m[48;2;0;0;0m▀[0m[38;2;12;12;12m[48;2;0;0;0m▀[0m            
          [38;2;5;5;5m[48;2;0;0;0m▀[0m[38;2;5;7;7m[48;2;0;0;0m▀[0m[38;2;40;39;39m[48;2;30;30;30m▀[0m[38;2;133;122;120m[48;2;130;119;118m▀[0m[38;2;208;189;185m[48;2;211;190;188m▀[0m[38;2;218;198;193m[48;2;220;199;195m▀[0m[38;2;206;187;183m[48;2;206;187;183m▀[0m[38;2;214;194;190m[48;2;210;191;187m▀[0m[38;2;217;197;192m[48;2;212;193;188m▀[0m[38;2;159;145;142m[48;2;182;166;162m▀[0m[38;2;53;50;49m[48;2;127;117;114m▀[0m[38;2;36;35;35m[48;2;99;91;90m▀[0m[38;2;135;123;121m[48;2;102;93;93m▀[0m[38;2;212;192;188m[48;2;122;111;110m▀[0m[38;2;217;197;192m[48;2;165;150;148m▀[0m[38;2;206;187;183m[48;2;205;186;182m▀[0m[38;2;206;187;183m[48;2;212;192;188m▀[0m[38;2;206;187;183m[48;2;206;187;183m▀[0m[38;2;206;187;183m[48;2;206;187;183m▀[0m[38;2;206;187;183m[48;2;206;187;183m▀[0m[38;2;205;186;182m[48;2;205;186;182m▀[0m[38;2;203;183;179m[48;2;204;184;180m▀[0m[38;2;210;192;189m[48;2;209;190;187m▀[0m[38;2;235;224;226m[48;2;227;211;213m▀[0m[38;2;244;241;241m[48;2;232;222;223m▀[0m[38;2;217;217;199m[48;2;210;207;187m▀[0m[38;2;171;172;137m[48;2;177;178;139m▀[0m[38;2;101;103;77m[48;2;139;139;109m▀[0m[38;2;30;31;26m[48;2;107;100;93m▀[0m[38;2;56;51;53m[48;2;123;111;112m▀[0m[38;2;160;146;144m[48;2;181;164;162m▀[0m[38;2;217;197;192m[48;2;212;193;188m▀[0m[38;2;214;194;190m[48;2;210;191;187m▀[0m[38;2;206;187;183m[48;2;206;187;183m▀[0m[38;2;206;187;183m[48;2;206;187;183m▀[0m[38;2;206;187;183m[48;2;206;187;183m▀[0m[38;2;206;187;183m[48;2;206;187;183m▀[0m[38;2;206;187;183m[48;2;206;187;183m▀[0m[38;2;208;188;185m[48;2;210;191;187m▀[0m[38;2;209;189;187m[48;2;214;194;191m▀[0m[38;2;198;182;172m[48;2;183;168;161m▀[0m[38;2;172;169;140m[48;2;114;112;95m▀[0m[38;2;165;165;130m[48;2;96;97;77m▀[0m[38;2;186;176;158m[48;2;161;151;139m▀[0m[38;2;207;187;184m[48;2;220;199;195m▀[0m[38;2;209;189;187m[48;2;221;200;197m▀[0m[38;2;206;187;183m[48;2;207;188;184m▀[0m[38;2;206;187;183m[48;2;205;186;182m▀[0m[38;2;206;187;183m[48;2;206;187;183m▀[0m[38;2;207;188;185m[48;2;208;189;185m▀[0m[38;2;209;189;187m[48;2;212;191;188m▀[0m[38;2;203;186;178m[48;2;191;174;167m▀[0m[38;2;190;184;156m[48;2;140;134;116m▀[0m[38;2;161;163;125m[48;2;92;94;70m▀[0m[38;2;157;161;121m[48;2;85;91;64m▀[0m[38;2;170;170;170m▀[0m              
          [38;2;5;5;5m[48;2;8;8;8m▀[0m[38;2;5;6;6m[48;2;6;6;6m▀[0m[38;2;40;39;40m[48;2;46;44;43m▀[0m[38;2;134;123;122m[48;2;143;135;124m▀[0m[38;2;210;190;187m[48;2;200;187;171m▀[0m[38;2;219;198;194m[48;2;214;198;185m▀[0m[38;2;206;187;183m[48;2;206;187;183m▀[0m[38;2;206;187;183m[48;2;206;187;183m▀[0m[38;2;207;188;183m[48;2;205;186;183m▀[0m[38;2;208;188;185m[48;2;214;193;190m▀[0m[38;2;210;191;186m[48;2;228;207;203m▀[0m[38;2;171;156;153m[48;2;197;180;175m▀[0m[38;2;74;67;67m[48;2;102;97;87m▀[0m[38;2;31;30;31m[48;2;56;59;46m▀[0m[38;2;113;104;102m[48;2;125;118;109m▀[0m[38;2;204;185;181m[48;2;204;186;181m▀[0m[38;2;219;198;194m[48;2;217;196;193m▀[0m[38;2;207;188;184m[48;2;207;188;184m▀[0m[38;2;206;187;183m[48;2;206;187;183m▀[0m[38;2;206;187;183m[48;2;206;187;183m▀[0m[38;2;206;187;183m[48;2;206;187;183m▀[0m[38;2;206;187;183m[48;2;206;187;183m▀[0m[38;2;206;187;183m[48;2;206;187;183m▀[0m[38;2;211;191;190m[48;2;206;186;183m▀[0m[38;2;208;190;186m[48;2;202;183;178m▀[0m[38;2;185;177;156m[48;2;188;176;160m▀[0m[38;2;163;164;128m[48;2;177;171;146m▀[0m[38;2;170;166;138m[48;2;191;181;161m▀[0m[38;2;190;175;166m[48;2;215;196;189m▀[0m[38;2;200;181;179m[48;2;219;198;196m▀[0m[38;2;204;186;183m[48;2;210;191;187m▀[0m[38;2;207;188;184m[48;2;205;186;182m▀[0m[38;2;206;187;183m[48;2;205;186;182m▀[0m[38;2;206;187;183m[48;2;206;187;183m▀[0m[38;2;206;187;183m[48;2;206;187;183m▀[0m[38;2;206;187;183m[48;2;206;187;183m▀[0m[38;2;206;187;183m[48;2;206;187;183m▀[0m[38;2;206;187;183m[48;2;206;187;183m▀[0m[38;2;212;193;189m[48;2;211;192;188m▀[0m[38;2;218;198;194m[48;2;216;196;192m▀[0m[38;2;171;155;152m[48;2;177;162;157m▀[0m[38;2;65;61;59m[48;2;90;87;77m▀[0m[38;2;34;33;32m[48;2;64;64;54m▀[0m[38;2;125;114;111m[48;2;138;128;121m▀[0m[38;2;209;190;186m[48;2;208;188;185m▀[0m[38;2;218;198;193m[48;2;216;196;192m▀[0m[38;2;206;187;183m[48;2;206;187;183m▀[0m[38;2;206;187;183m[48;2;205;186;182m▀[0m[38;2;206;187;183m[48;2;205;186;182m▀[0m[38;2;210;190;186m[48;2;215;196;192m▀[0m[38;2;217;197;192m[48;2;231;215;211m▀[0m[38;2;183;165;162m[48;2;193;181;180m▀[0m[38;2;94;87;84m[48;2;87;81;83m▀[0m[38;2;26;27;24m[48;2;7;7;10m▀[0m[38;2;8;12;10m[48;2;0;0;0m▀[0m[38;2;0;0;0m[48;2;0;0;0m▀[0m              
          [38;2;0;0;0m▀[0m[38;2;10;10;10m▀[0m[38;2;83;88;68m[48;2;255;255;255m▀[0m[38;2;162;162;128m[48;2;124;130;94m▀[0m[38;2;180;178;144m[48;2;131;132;102m▀[0m[38;2;202;193;170m[48;2;173;166;146m▀[0m[38;2;205;186;182m[48;2;202;185;180m▀[0m[38;2;208;188;186m[48;2;211;191;189m▀[0m[38;2;207;187;184m[48;2;207;187;184m▀[0m[38;2;208;189;186m[48;2;206;188;184m▀[0m[38;2;213;192;190m[48;2;208;188;186m▀[0m[38;2;199;183;174m[48;2;203;186;178m▀[0m[38;2;159;155;130m[48;2;189;181;158m▀[0m[38;2;140;142;110m[48;2;184;179;149m▀[0m[38;2;170;163;144m[48;2;194;183;165m▀[0m[38;2;205;187;182m[48;2;205;187;182m▀[0m[38;2;211;190;188m[48;2;208;188;186m▀[0m[38;2;206;187;183m[48;2;206;187;183m▀[0m[38;2;206;187;183m[48;2;206;187;183m▀[0m[38;2;206;187;183m[48;2;206;187;183m▀[0m[38;2;206;187;183m[48;2;206;187;183m▀[0m[38;2;206;187;183m[48;2;206;187;183m▀[0m[38;2;206;187;183m[48;2;206;187;183m▀[0m[38;2;206;187;183m[48;2;206;187;183m▀[0m[38;2;205;186;182m[48;2;206;187;183m▀[0m[38;2;202;185;178m[48;2;208;188;185m▀[0m[38;2;200;184;176m[48;2;209;189;187m▀[0m[38;2;203;186;179m[48;2;208;188;186m▀[0m[38;2;207;189;184m[48;2;206;187;184m▀[0m[38;2;208;189;185m[48;2;206;187;183m▀[0m[38;2;207;188;184m[48;2;206;187;183m▀[0m[38;2;206;187;183m[48;2;206;187;183m▀[0m[38;2;206;187;183m[48;2;206;187;183m▀[0m[38;2;206;187;183m[48;2;206;187;183m▀[0m[38;2;206;187;183m[48;2;206;187;183m▀[0m[38;2;206;187;183m[48;2;206;187;183m▀[0m[38;2;206;187;183m[48;2;206;187;183m▀[0m[38;2;206;187;183m[48;2;206;187;183m▀[0m[38;2;209;189;186m[48;2;207;187;184m▀[0m[38;2;211;190;188m[48;2;208;188;186m▀[0m[38;2;193;178;168m[48;2;202;185;176m▀[0m[38;2;154;152;125m[48;2;188;181;156m▀[0m[38;2;143;144;112m[48;2;184;180;149m▀[0m[38;2;175;166;149m[48;2;195;183;167m▀[0m[38;2;207;187;184m[48;2;207;187;184m▀[0m[38;2;211;190;188m[48;2;208;188;186m▀[0m[38;2;206;187;183m[48;2;206;187;183m▀[0m[38;2;204;185;180m[48;2;204;185;180m▀[0m[38;2;204;184;180m[48;2;204;184;179m▀[0m[38;2;220;203;201m[48;2;222;206;204m▀[0m[38;2;248;238;237m[48;2;255;248;248m▀[0m[38;2;214;210;210m[48;2;221;220;222m▀[0m[38;2;101;99;100m[48;2;102;102;104m▀[0m[38;2;14;14;15m[48;2;12;12;13m▀[0m[38;2;0;0;0m[48;2;0;0;0m▀[0m[38;2;0;0;0m[48;2;0;0;0m▀[0m              
            [38;2;51;51;34m[48;2;0;0;0m▀[0m[38;2;36;39;29m[48;2;0;0;0m▀[0m[38;2;58;57;48m[48;2;19;17;20m▀[0m[38;2;129;121;113m[48;2;106;97;96m▀[0m[38;2;199;181;177m[48;2;198;180;176m▀[0m[38;2;217;197;193m[48;2;220;200;195m▀[0m[38;2;208;189;185m[48;2;208;189;185m▀[0m[38;2;206;187;183m[48;2;206;187;183m▀[0m[38;2;206;187;184m[48;2;206;187;183m▀[0m[38;2;205;187;182m[48;2;206;187;183m▀[0m[38;2;202;186;176m[48;2;208;188;185m▀[0m[38;2;200;185;173m[48;2;209;188;186m▀[0m[38;2;203;186;178m[48;2;207;188;185m▀[0m[38;2;206;187;183m[48;2;206;187;183m▀[0m[38;2;206;187;184m[48;2;206;187;183m▀[0m[38;2;206;187;183m[48;2;206;187;183m▀[0m[38;2;206;187;183m[48;2;206;187;183m▀[0m[38;2;206;187;183m[48;2;206;187;183m▀[0m[38;2;206;187;183m[48;2;206;187;183m▀[0m[38;2;206;187;183m[48;2;206;187;183m▀[0m[38;2;206;187;183m[48;2;206;187;183m▀[0m[38;2;206;187;183m[48;2;206;187;183m▀[0m[38;2;206;187;183m[48;2;206;187;183m▀[0m[38;2;207;187;184m[48;2;206;187;183m▀[0m[38;2;207;188;184m[48;2;206;187;183m▀[0m[38;2;207;187;184m[48;2;206;187;183m▀[0m[38;2;206;187;183m[48;2;206;187;183m▀[0m[38;2;206;187;183m[48;2;206;187;183m▀[0m[38;2;206;187;183m[48;2;206;187;183m▀[0m[38;2;206;187;183m[48;2;206;187;183m▀[0m[38;2;206;187;183m[48;2;206;187;183m▀[0m[38;2;206;187;183m[48;2;206;187;183m▀[0m[38;2;206;187;183m[48;2;206;187;183m▀[0m[38;2;206;187;183m[48;2;206;187;183m▀[0m[38;2;206;187;183m[48;2;206;187;183m▀[0m[38;2;206;187;183m[48;2;206;187;183m▀[0m[38;2;206;187;183m[48;2;206;187;183m▀[0m[38;2;206;187;184m[48;2;206;187;183m▀[0m[38;2;205;187;181m[48;2;206;187;184m▀[0m[38;2;201;186;175m[48;2;208;188;186m▀[0m[38;2;200;186;174m[48;2;208;188;186m▀[0m[38;2;203;186;179m[48;2;207;188;185m▀[0m[38;2;206;187;183m[48;2;206;187;183m▀[0m[38;2;206;187;184m[48;2;206;187;183m▀[0m[38;2;206;187;183m[48;2;206;187;183m▀[0m[38;2;204;185;180m[48;2;204;185;180m▀[0m[38;2;204;184;179m[48;2;204;184;179m▀[0m[38;2;222;206;204m[48;2;220;205;203m▀[0m[38;2;254;246;246m[48;2;251;243;243m▀[0m[38;2;219;217;218m[48;2;222;219;220m▀[0m[38;2;97;96;99m[48;2;117;116;113m▀[0m[38;2;6;6;9m[48;2;34;34;29m▀[0m[38;2;0;0;0m[48;2;19;19;12m▀[0m[38;2;0;0;0m▀[0m              
            [38;2;0;0;12m[48;2;12;12;12m▀[0m[38;2;0;0;0m[48;2;1;5;5m▀[0m[38;2;21;20;22m[48;2;26;25;26m▀[0m[38;2;108;98;97m[48;2;111;102;100m▀[0m[38;2;198;180;176m[48;2;198;180;176m▀[0m[38;2;219;199;195m[48;2;219;199;195m▀[0m[38;2;208;189;185m[48;2;208;189;185m▀[0m[38;2;206;187;183m[48;2;206;187;183m▀[0m[38;2;206;187;183m[48;2;206;187;183m▀[0m[38;2;206;187;183m[48;2;206;187;183m▀[0m[38;2;207;188;185m[48;2;206;187;183m▀[0m[38;2;208;188;185m[48;2;206;187;183m▀[0m[38;2;207;188;184m[48;2;206;187;183m▀[0m[38;2;206;187;183m[48;2;206;187;183m▀[0m[38;2;206;187;183m[48;2;206;187;183m▀[0m[38;2;206;187;183m[48;2;206;187;183m▀[0m[38;2;206;187;183m[48;2;206;187;183m▀[0m[38;2;206;187;183m[48;2;206;187;183m▀[0m[38;2;206;187;183m[48;2;206;187;183m▀[0m[38;2;206;187;183m[48;2;206;187;183m▀[0m[38;2;206;187;183m[48;2;206;187;183m▀[0m[38;2;206;187;183m[48;2;206;187;183m▀[0m[38;2;206;187;183m[48;2;206;187;183m▀[0m[38;2;206;187;183m[48;2;206;187;183m▀[0m[38;2;206;187;183m[48;2;206;187;183m▀[0m[38;2;206;187;183m[48;2;206;187;183m▀[0m[38;2;206;187;183m[48;2;206;187;183m▀[0m[38;2;206;187;183m[48;2;206;187;183m▀[0m[38;2;206;187;183m[48;2;206;187;183m▀[0m[38;2;206;187;183m[48;2;206;187;183m▀[0m[38;2;206;187;183m[48;2;206;187;183m▀[0m[38;2;206;187;183m[48;2;206;187;183m▀[0m[38;2;206;187;183m[48;2;206;187;183m▀[0m[38;2;206;187;183m[48;2;206;187;183m▀[0m[38;2;206;187;183m[48;2;206;187;183m▀[0m[38;2;206;187;183m[48;2;206;187;183m▀[0m[38;2;206;187;183m[48;2;206;187;183m▀[0m[38;2;206;187;183m[48;2;206;187;183m▀[0m[38;2;206;187;183m[48;2;206;187;183m▀[0m[38;2;207;188;185m[48;2;206;187;183m▀[0m[38;2;208;188;185m[48;2;206;187;183m▀[0m[38;2;207;187;184m[48;2;206;187;183m▀[0m[38;2;206;187;183m[48;2;206;187;183m▀[0m[38;2;206;187;183m[48;2;206;187;183m▀[0m[38;2;206;187;183m[48;2;206;187;183m▀[0m[38;2;204;185;180m[48;2;204;185;180m▀[0m[38;2;204;184;179m[48;2;204;184;179m▀[0m[38;2;218;203;201m[48;2;217;202;200m▀[0m[38;2;246;238;240m[48;2;241;233;236m▀[0m[38;2;231;229;227m[48;2;240;237;235m▀[0m[38;2;168;167;148m[48;2;212;212;186m▀[0m[38;2;106;107;80m[48;2;170;171;135m▀[0m[38;2;102;102;69m[48;2;155;155;117m▀[0m[38;2;45;45;45m▄[0m[38;2;0;0;0m▄[0m[38;2;0;0;0m▄[0m            
            [38;2;0;0;0m[48;2;12;12;12m▀[0m[38;2;0;0;0m[48;2;1;5;5m▀[0m[38;2;18;17;19m[48;2;27;26;26m▀[0m[38;2;105;96;96m[48;2;111;102;100m▀[0m[38;2;198;180;176m[48;2;198;180;176m▀[0m[38;2;220;200;196m[48;2;219;199;195m▀[0m[38;2;208;189;185m[48;2;208;189;185m▀[0m[38;2;206;187;183m[48;2;206;187;183m▀[0m[38;2;206;187;183m[48;2;206;187;183m▀[0m[38;2;206;187;183m[48;2;206;187;183m▀[0m[38;2;206;187;183m[48;2;206;187;183m▀[0m[38;2;206;187;183m[48;2;206;187;183m▀[0m[38;2;206;187;183m[48;2;206;187;183m▀[0m[38;2;206;187;183m[48;2;206;187;183m▀[0m[38;2;206;187;183m[48;2;206;187;183m▀[0m[38;2;206;187;183m[48;2;206;187;183m▀[0m[38;2;206;187;183m[48;2;206;187;183m▀[0m[38;2;206;187;183m[48;2;206;187;183m▀[0m[38;2;206;187;183m[48;2;206;187;183m▀[0m[38;2;206;187;183m[48;2;206;187;183m▀[0m[38;2;206;187;183m[48;2;206;187;183m▀[0m[38;2;206;187;183m[48;2;206;187;183m▀[0m[38;2;206;187;183m[48;2;206;187;183m▀[0m[38;2;206;187;183m[48;2;206;187;183m▀[0m[38;2;206;187;183m[48;2;206;187;183m▀[0m[38;2;206;187;183m[48;2;206;187;183m▀[0m[38;2;206;187;183m[48;2;206;187;183m▀[0m[38;2;206;187;183m[48;2;206;187;183m▀[0m[38;2;206;187;183m[48;2;206;187;183m▀[0m[38;2;206;187;183m[48;2;206;187;183m▀[0m[38;2;206;187;183m[48;2;206;187;183m▀[0m[38;2;206;187;183m[48;2;206;187;183m▀[0m[38;2;206;187;183m[48;2;206;187;183m▀[0m[38;2;206;187;183m[48;2;206;187;183m▀[0m[38;2;206;187;183m[48;2;206;187;183m▀[0m[38;2;206;187;183m[48;2;206;187;183m▀[0m[38;2;206;187;183m[48;2;206;187;183m▀[0m[38;2;206;187;183m[48;2;206;187;183m▀[0m[38;2;206;187;183m[48;2;206;187;183m▀[0m[38;2;206;187;183m[48;2;206;187;183m▀[0m[38;2;206;187;183m[48;2;206;187;183m▀[0m[38;2;206;187;183m[48;2;206;187;183m▀[0m[38;2;206;187;183m[48;2;206;187;183m▀[0m[38;2;206;187;183m[48;2;206;187;183m▀[0m[38;2;206;187;183m[48;2;206;187;183m▀[0m[38;2;204;185;180m[48;2;204;185;180m▀[0m[38;2;204;184;179m[48;2;204;184;179m▀[0m[38;2;216;200;198m[48;2;215;199;196m▀[0m[38;2;238;230;232m[48;2;236;228;228m▀[0m[38;2;247;244;243m[48;2;251;248;250m▀[0m[38;2;239;239;226m[48;2;255;255;255m▀[0m[38;2;214;213;195m[48;2;242;240;241m▀[0m[38;2;136;136;125m[48;2;133;132;133m▀[0m[38;2;12;12;16m[48;2;27;27;27m▀[0m[38;2;0;0;0m[48;2;0;0;0m▀[0m[38;2;0;0;0m[48;2;0;0;0m▀[0m            
            [38;2;159;159;95m[48;2;233;255;170m▀[0m[38;2;70;75;54m[48;2;150;156;114m▀[0m[38;2;86;87;69m[48;2;156;157;122m▀[0m[38;2;146;139;126m[48;2;188;181;157m▀[0m[38;2;201;183;178m[48;2;204;186;181m▀[0m[38;2;215;195;192m[48;2;210;190;188m▀[0m[38;2;208;188;185m[48;2;207;187;184m▀[0m[38;2;206;187;183m[48;2;206;187;183m▀[0m[38;2;206;187;183m[48;2;206;187;183m▀[0m[38;2;206;187;183m[48;2;206;187;183m▀[0m[38;2;206;187;183m[48;2;206;187;183m▀[0m[38;2;206;187;183m[48;2;206;187;183m▀[0m[38;2;206;187;183m[48;2;206;187;183m▀[0m[38;2;206;187;183m[48;2;206;187;183m▀[0m[38;2;206;187;183m[48;2;206;187;183m▀[0m[38;2;206;187;183m[48;2;206;187;183m▀[0m[38;2;206;187;183m[48;2;206;187;183m▀[0m[38;2;206;187;183m[48;2;206;187;183m▀[0m[38;2;206;187;183m[48;2;206;187;183m▀[0m[38;2;206;187;183m[48;2;206;187;183m▀[0m[38;2;206;187;183m[48;2;206;187;183m▀[0m[38;2;206;187;183m[48;2;206;187;183m▀[0m[38;2;206;187;183m[48;2;206;187;183m▀[0m[38;2;206;187;183m[48;2;206;187;183m▀[0m[38;2;206;187;183m[48;2;206;187;183m▀[0m[38;2;206;187;183m[48;2;206;187;183m▀[0m[38;2;206;187;183m[48;2;206;187;183m▀[0m[38;2;206;187;183m[48;2;206;187;183m▀[0m[38;2;206;187;183m[48;2;206;187;183m▀[0m[38;2;206;187;183m[48;2;206;187;183m▀[0m[38;2;206;187;183m[48;2;206;187;183m▀[0m[38;2;206;187;183m[48;2;206;187;183m▀[0m[38;2;206;187;183m[48;2;206;187;183m▀[0m[38;2;206;187;183m[48;2;206;187;183m▀[0m[38;2;206;187;183m[48;2;206;187;183m▀[0m[38;2;206;187;183m[48;2;206;187;183m▀[0m[38;2;206;187;183m[48;2;206;187;183m▀[0m[38;2;206;187;183m[48;2;206;187;183m▀[0m[38;2;206;187;183m[48;2;206;187;183m▀[0m[38;2;206;187;183m[48;2;206;187;183m▀[0m[38;2;206;187;183m[48;2;206;187;183m▀[0m[38;2;206;187;183m[48;2;206;187;183m▀[0m[38;2;206;187;183m[48;2;206;187;183m▀[0m[38;2;206;187;183m[48;2;206;187;183m▀[0m[38;2;206;187;183m[48;2;206;187;183m▀[0m[38;2;204;185;180m[48;2;204;185;180m▀[0m[38;2;204;184;179m[48;2;204;184;179m▀[0m[38;2;215;200;197m[48;2;215;199;197m▀[0m[38;2;237;230;230m[48;2;237;230;230m▀[0m[38;2;253;251;253m[48;2;251;248;250m▀[0m[38;2;255;255;255m[48;2;255;255;255m▀[0m[38;2;251;249;252m[48;2;249;247;246m▀[0m[38;2;172;171;163m[48;2;210;210;190m▀[0m[38;2;86;86;68m[48;2;155;156;121m▀[0m[38;2;59;60;41m[48;2;141;143;103m▀[0m[38;2;113;113;85m[48;2;233;233;170m▀[0m            
          [38;2;0;0;0m[48;2;6;6;6m▀[0m[38;2;4;8;8m[48;2;4;6;6m▀[0m[38;2;59;59;51m[48;2;42;40;39m▀[0m[38;2;156;152;127m[48;2;136;126;120m▀[0m[38;2;190;184;156m[48;2;204;188;179m▀[0m[38;2;208;196;177m[48;2;216;198;190m▀[0m[38;2;205;187;182m[48;2;206;187;183m▀[0m[38;2;207;188;185m[48;2;206;187;183m▀[0m[38;2;207;187;184m[48;2;206;187;183m▀[0m[38;2;206;187;183m[48;2;206;187;183m▀[0m[38;2;206;187;183m[48;2;206;187;183m▀[0m[38;2;206;187;183m[48;2;206;187;183m▀[0m[38;2;206;187;183m[48;2;206;187;183m▀[0m[38;2;206;187;183m[48;2;206;187;183m▀[0m[38;2;206;187;183m[48;2;206;187;183m▀[0m[38;2;206;187;183m[48;2;206;187;183m▀[0m[38;2;206;187;183m[48;2;206;187;183m▀[0m[38;2;206;187;183m[48;2;206;187;183m▀[0m[38;2;206;187;183m[48;2;206;187;183m▀[0m[38;2;206;187;183m[48;2;206;187;183m▀[0m[38;2;206;187;183m[48;2;206;187;183m▀[0m[38;2;206;187;183m[48;2;206;187;183m▀[0m[38;2;206;187;183m[48;2;206;187;183m▀[0m[38;2;206;187;183m[48;2;206;187;183m▀[0m[38;2;206;187;183m[48;2;206;187;183m▀[0m[38;2;206;187;183m[48;2;206;187;183m▀[0m[38;2;206;187;183m[48;2;206;187;183m▀[0m[38;2;206;187;183m[48;2;206;187;183m▀[0m[38;2;206;187;183m[48;2;206;187;183m▀[0m[38;2;206;187;183m[48;2;206;187;183m▀[0m[38;2;206;187;183m[48;2;206;187;183m▀[0m[38;2;206;187;183m[48;2;206;187;183m▀[0m[38;2;206;187;183m[48;2;206;187;183m▀[0m[38;2;206;187;183m[48;2;206;187;183m▀[0m[38;2;206;187;183m[48;2;206;187;183m▀[0m[38;2;206;187;183m[48;2;206;187;183m▀[0m[38;2;206;187;183m[48;2;206;187;183m▀[0m[38;2;206;187;183m[48;2;206;187;183m▀[0m[38;2;206;187;183m[48;2;206;187;183m▀[0m[38;2;206;187;183m[48;2;206;187;183m▀[0m[38;2;206;187;183m[48;2;206;187;183m▀[0m[38;2;206;187;183m[48;2;206;187;183m▀[0m[38;2;206;187;183m[48;2;206;187;183m▀[0m[38;2;206;187;183m[48;2;206;187;183m▀[0m[38;2;206;187;183m[48;2;206;187;183m▀[0m[38;2;206;187;183m[48;2;206;187;183m▀[0m[38;2;206;187;183m[48;2;206;187;183m▀[0m[38;2;205;186;181m[48;2;206;187;183m▀[0m[38;2;205;185;180m[48;2;206;187;182m▀[0m[38;2;212;195;191m[48;2;206;188;183m▀[0m[38;2;225;213;212m[48;2;207;189;186m▀[0m[38;2;236;229;229m[48;2;216;201;199m▀[0m[38;2;247;244;244m[48;2;235;226;226m▀[0m[38;2;249;246;246m[48;2;247;244;244m▀[0m[38;2;235;235;219m[48;2;251;251;248m▀[0m[38;2;203;203;177m[48;2;239;236;231m▀[0m[38;2;163;163;138m[48;2;156;155;152m▀[0m[38;2;61;61;56m[48;2;45;44;44m▀[0m[38;2;0;0;0m[48;2;1;1;1m▀[0m[38;2;0;0;0m[48;2;0;0;0m▀[0m          
          [38;2;5;5;5m[48;2;5;5;5m▀[0m[38;2;5;6;6m[48;2;5;6;6m▀[0m[38;2;42;41;41m[48;2;41;40;40m▀[0m[38;2;136;124;123m[48;2;134;123;121m▀[0m[38;2;211;191;189m[48;2;209;190;186m▀[0m[38;2;220;199;195m[48;2;219;198;194m▀[0m[38;2;206;187;183m[48;2;206;187;183m▀[0m[38;2;206;187;183m[48;2;206;187;183m▀[0m[38;2;206;187;183m[48;2;206;187;183m▀[0m[38;2;206;187;183m[48;2;206;187;183m▀[0m[38;2;206;187;183m[48;2;206;187;183m▀[0m[38;2;206;187;183m[48;2;206;187;183m▀[0m[38;2;206;187;183m[48;2;206;187;183m▀[0m[38;2;206;187;183m[48;2;206;187;183m▀[0m[38;2;206;187;183m[48;2;206;187;183m▀[0m[38;2;206;187;183m[48;2;206;187;183m▀[0m[38;2;206;187;183m[48;2;206;187;183m▀[0m[38;2;206;187;183m[48;2;206;187;183m▀[0m[38;2;206;187;183m[48;2;206;187;183m▀[0m[38;2;206;187;183m[48;2;206;187;183m▀[0m[38;2;206;187;183m[48;2;206;187;183m▀[0m[38;2;206;187;183m[48;2;206;187;183m▀[0m[38;2;206;187;183m[48;2;206;187;183m▀[0m[38;2;206;187;183m[48;2;206;187;183m▀[0m[38;2;206;187;183m[48;2;206;187;183m▀[0m[38;2;206;187;183m[48;2;206;187;183m▀[0m[38;2;206;187;183m[48;2;206;187;183m▀[0m[38;2;206;187;183m[48;2;206;187;183m▀[0m[38;2;206;187;183m[48;2;206;187;183m▀[0m[38;2;206;187;183m[48;2;206;187;183m▀[0m[38;2;206;187;183m[48;2;206;187;183m▀[0m[38;2;206;187;183m[48;2;206;187;183m▀[0m[38;2;206;187;183m[48;2;206;187;183m▀[0m[38;2;206;187;183m[48;2;206;187;183m▀[0m[38;2;206;187;183m[48;2;206;187;183m▀[0m[38;2;206;187;183m[48;2;206;187;183m▀[0m[38;2;206;187;183m[48;2;206;187;183m▀[0m[38;2;206;187;183m[48;2;206;187;183m▀[0m[38;2;206;187;183m[48;2;206;187;183m▀[0m[38;2;206;187;183m[48;2;206;187;183m▀[0m[38;2;206;187;183m[48;2;206;187;183m▀[0m[38;2;206;187;183m[48;2;206;187;183m▀[0m[38;2;206;187;183m[48;2;206;187;183m▀[0m[38;2;206;187;183m[48;2;206;187;183m▀[0m[38;2;206;187;183m[48;2;206;187;183m▀[0m[38;2;206;187;183m[48;2;206;187;183m▀[0m[38;2;206;187;183m[48;2;206;187;183m▀[0m[38;2;206;187;183m[48;2;206;187;183m▀[0m[38;2;206;187;183m[48;2;206;187;183m▀[0m[38;2;204;185;180m[48;2;205;186;180m▀[0m[38;2;201;180;175m[48;2;202;181;177m▀[0m[38;2;208;190;187m[48;2;210;193;190m▀[0m[38;2;231;221;221m[48;2;233;224;224m▀[0m[38;2;248;244;245m[48;2;250;247;248m▀[0m[38;2;255;255;255m[48;2;255;255;255m▀[0m[38;2;254;250;253m[48;2;250;246;248m▀[0m[38;2;161;158;161m[48;2;158;155;157m▀[0m[38;2;46;45;45m[48;2;45;44;44m▀[0m[38;2;1;1;1m[48;2;1;1;1m▀[0m[38;2;0;0;0m[48;2;0;0;0m▀[0m          
          [38;2;5;5;5m[48;2;5;5;5m▀[0m[38;2;5;7;7m[48;2;5;7;7m▀[0m[38;2;40;39;39m[48;2;40;39;39m▀[0m[38;2;133;122;120m[48;2;133;122;120m▀[0m[38;2;208;189;185m[48;2;208;189;185m▀[0m[38;2;218;198;193m[48;2;218;198;193m▀[0m[38;2;206;187;183m[48;2;206;187;183m▀[0m[38;2;206;187;183m[48;2;206;187;183m▀[0m[38;2;206;187;183m[48;2;206;187;183m▀[0m[38;2;206;187;183m[48;2;206;187;183m▀[0m[38;2;206;187;183m[48;2;206;187;183m▀[0m[38;2;206;187;183m[48;2;206;187;183m▀[0m[38;2;206;187;183m[48;2;206;187;183m▀[0m[38;2;206;187;183m[48;2;206;187;183m▀[0m[38;2;206;187;183m[48;2;206;187;183m▀[0m[38;2;206;187;183m[48;2;206;187;183m▀[0m[38;2;206;187;183m[48;2;206;187;183m▀[0m[38;2;206;187;183m[48;2;206;187;183m▀[0m[38;2;206;187;183m[48;2;206;187;183m▀[0m[38;2;206;187;183m[48;2;206;187;183m▀[0m[38;2;206;187;183m[48;2;206;187;183m▀[0m[38;2;206;187;183m[48;2;206;187;183m▀[0m[38;2;206;187;183m[48;2;206;187;183m▀[0m[38;2;206;187;183m[48;2;206;187;183m▀[0m[38;2;206;187;183m[48;2;206;187;183m▀[0m[38;2;206;187;183m[48;2;206;187;183m▀[0m[38;2;206;187;183m[48;2;206;187;183m▀[0m[38;2;206;187;183m[48;2;206;187;183m▀[0m[38;2;206;187;183m[48;2;206;187;183m▀[0m[38;2;206;187;183m[48;2;206;187;183m▀[0m[38;2;206;187;183m[48;2;206;187;183m▀[0m[38;2;206;187;183m[48;2;206;187;183m▀[0m[38;2;206;187;183m[48;2;206;187;183m▀[0m[38;2;206;187;183m[48;2;206;187;183m▀[0m[38;2;206;187;183m[48;2;206;187;183m▀[0m[38;2;206;187;183m[48;2;206;187;183m▀[0m[38;2;206;187;183m[48;2;206;187;183m▀[0m[38;2;206;187;183m[48;2;206;187;183m▀[0m[38;2;206;187;183m[48;2;206;187;183m▀[0m[38;2;206;187;183m[48;2;206;187;183m▀[0m[38;2;206;187;183m[48;2;206;187;183m▀[0m[38;2;206;187;183m[48;2;206;187;183m▀[0m[38;2;206;187;183m[48;2;206;187;183m▀[0m[38;2;206;187;183m[48;2;206;187;183m▀[0m[38;2;206;187;183m[48;2;206;187;183m▀[0m[38;2;206;187;183m[48;2;206;187;183m▀[0m[38;2;206;187;183m[48;2;206;187;183m▀[0m[38;2;206;187;183m[48;2;206;187;183m▀[0m[38;2;206;187;183m[48;2;206;187;183m▀[0m[38;2;205;186;181m[48;2;206;187;182m▀[0m[38;2;203;184;180m[48;2;205;186;182m▀[0m[38;2;210;193;190m[48;2;208;189;185m▀[0m[38;2;228;217;216m[48;2;212;196;193m▀[0m[38;2;242;236;236m[48;2;221;208;205m▀[0m[38;2;253;252;252m[48;2;247;241;240m▀[0m[38;2;248;245;246m[48;2;250;247;249m▀[0m[38;2;157;155;156m[48;2;160;159;161m▀[0m[38;2;44;43;43m[48;2;44;44;44m▀[0m[38;2;1;1;1m[48;2;1;1;1m▀[0m[38;2;0;0;0m[48;2;0;0;0m▀[0m          
          [38;2;5;5;5m[48;2;5;5;5m▀[0m[38;2;5;7;7m[48;2;5;7;7m▀[0m[38;2;40;39;39m[48;2;40;39;39m▀[0m[38;2;133;122;120m[48;2;133;122;120m▀[0m[38;2;208;189;185m[48;2;208;189;185m▀[0m[38;2;218;198;193m[48;2;218;198;193m▀[0m[38;2;206;187;183m[48;2;206;187;183m▀[0m[38;2;206;187;183m[48;2;206;187;183m▀[0m[38;2;206;187;183m[48;2;206;187;183m▀[0m[38;2;206;187;183m[48;2;206;187;183m▀[0m[38;2;206;187;183m[48;2;206;187;183m▀[0m[38;2;206;187;183m[48;2;206;187;183m▀[0m[38;2;206;187;183m[48;2;206;187;183m▀[0m[38;2;206;187;183m[48;2;206;187;183m▀[0m[38;2;206;187;183m[48;2;206;187;183m▀[0m[38;2;206;187;183m[48;2;206;187;183m▀[0m[38;2;206;187;183m[48;2;206;187;183m▀[0m[38;2;206;187;183m[48;2;206;187;183m▀[0m[38;2;206;187;183m[48;2;206;187;183m▀[0m[38;2;206;187;183m[48;2;206;187;183m▀[0m[38;2;206;187;183m[48;2;206;187;183m▀[0m[38;2;206;187;183m[48;2;206;187;183m▀[0m[38;2;206;187;183m[48;2;206;187;183m▀[0m[38;2;206;187;183m[48;2;206;187;183m▀[0m[38;2;206;187;183m[48;2;206;187;183m▀[0m[38;2;206;187;183m[48;2;206;187;183m▀[0m[38;2;206;187;183m[48;2;206;187;183m▀[0m[38;2;206;187;183m[48;2;206;187;183m▀[0m[38;2;206;187;183m[48;2;206;187;183m▀[0m[38;2;206;187;183m[48;2;206;187;183m▀[0m[38;2;206;187;183m[48;2;206;187;183m▀[0m[38;2;206;187;183m[48;2;206;187;183m▀[0m[38;2;206;187;183m[48;2;206;187;183m▀[0m[38;2;206;187;183m[48;2;206;187;183m▀[0m[38;2;206;187;183m[48;2;206;187;183m▀[0m[38;2;206;187;183m[48;2;206;187;183m▀[0m[38;2;206;187;183m[48;2;206;187;183m▀[0m[38;2;206;187;183m[48;2;206;187;183m▀[0m[38;2;206;187;183m[48;2;206;187;183m▀[0m[38;2;206;187;183m[48;2;206;187;183m▀[0m[38;2;206;187;183m[48;2;206;187;183m▀[0m[38;2;206;187;183m[48;2;206;187;183m▀[0m[38;2;206;187;183m[48;2;206;187;183m▀[0m[38;2;206;187;183m[48;2;206;187;183m▀[0m[38;2;206;187;183m[48;2;206;187;183m▀[0m[38;2;206;187;183m[48;2;206;187;183m▀[0m[38;2;206;187;183m[48;2;206;187;183m▀[0m[38;2;206;187;183m[48;2;206;187;183m▀[0m[38;2;206;187;183m[48;2;206;187;183m▀[0m[38;2;206;187;183m[48;2;206;187;183m▀[0m[38;2;206;187;183m[48;2;206;187;183m▀[0m[38;2;206;186;182m[48;2;206;186;182m▀[0m[38;2;202;182;178m[48;2;203;183;179m▀[0m[38;2;206;188;184m[48;2;205;185;181m▀[0m[38;2;239;227;226m[48;2;227;211;207m▀[0m[38;2;245;240;241m[48;2;225;213;211m▀[0m[38;2;158;156;157m[48;2;145;138;138m▀[0m[38;2;44;44;44m[48;2;42;41;41m▀[0m[38;2;1;1;1m[48;2;4;4;4m▀[0m[38;2;0;0;0m[48;2;5;5;5m▀[0m          
          [38;2;5;5;5m[48;2;0;0;0m▀[0m[38;2;5;7;7m[48;2;0;0;0m▀[0m[38;2;40;39;39m[48;2;32;31;33m▀[0m[38;2;133;122;120m[48;2;129;118;117m▀[0m[38;2;208;189;185m[48;2;208;189;185m▀[0m[38;2;218;198;193m[48;2;219;199;193m▀[0m[38;2;206;187;183m[48;2;206;187;183m▀[0m[38;2;206;187;183m[48;2;206;187;183m▀[0m[38;2;206;187;183m[48;2;206;187;183m▀[0m[38;2;206;187;183m[48;2;206;187;183m▀[0m[38;2;206;187;183m[48;2;206;187;183m▀[0m[38;2;206;187;183m[48;2;206;187;183m▀[0m[38;2;206;187;183m[48;2;206;187;183m▀[0m[38;2;206;187;183m[48;2;206;187;183m▀[0m[38;2;206;187;183m[48;2;206;187;183m▀[0m[38;2;206;187;183m[48;2;206;187;183m▀[0m[38;2;206;187;183m[48;2;206;187;183m▀[0m[38;2;206;187;183m[48;2;206;187;183m▀[0m[38;2;206;187;183m[48;2;206;187;183m▀[0m[38;2;206;187;183m[48;2;206;187;183m▀[0m[38;2;206;187;183m[48;2;206;187;183m▀[0m[38;2;206;187;183m[48;2;206;187;183m▀[0m[38;2;206;187;183m[48;2;206;187;183m▀[0m[38;2;206;187;183m[48;2;206;187;183m▀[0m[38;2;206;187;183m[48;2;206;187;183m▀[0m[38;2;206;187;183m[48;2;206;187;183m▀[0m[38;2;206;187;183m[48;2;206;187;183m▀[0m[38;2;206;187;183m[48;2;206;187;183m▀[0m[38;2;206;187;183m[48;2;206;187;183m▀[0m[38;2;206;187;183m[48;2;206;187;183m▀[0m[38;2;206;187;183m[48;2;206;187;183m▀[0m[38;2;206;187;183m[48;2;206;187;183m▀[0m[38;2;206;187;183m[48;2;206;187;183m▀[0m[38;2;206;187;183m[48;2;206;187;183m▀[0m[38;2;206;187;183m[48;2;206;187;183m▀[0m[38;2;206;187;183m[48;2;206;187;183m▀[0m[38;2;206;187;183m[48;2;206;187;183m▀[0m[38;2;206;187;183m[48;2;206;187;183m▀[0m[38;2;206;187;183m[48;2;206;187;183m▀[0m[38;2;206;187;183m[48;2;206;187;183m▀[0m[38;2;206;187;183m[48;2;206;187;183m▀[0m[38;2;206;187;183m[48;2;206;187;183m▀[0m[38;2;206;187;183m[48;2;206;187;183m▀[0m[38;2;206;187;183m[48;2;206;187;183m▀[0m[38;2;206;187;183m[48;2;206;187;183m▀[0m[38;2;206;187;183m[48;2;206;187;183m▀[0m[38;2;206;187;183m[48;2;206;187;183m▀[0m[38;2;206;187;183m[48;2;206;187;183m▀[0m[38;2;206;187;183m[48;2;206;187;183m▀[0m[38;2;206;187;183m[48;2;206;187;183m▀[0m[38;2;206;187;183m[48;2;206;187;183m▀[0m[38;2;206;187;183m[48;2;206;187;183m▀[0m[38;2;206;187;183m[48;2;206;187;183m▀[0m[38;2;206;187;183m[48;2;206;187;183m▀[0m[38;2;218;198;193m[48;2;218;197;193m▀[0m[38;2;208;189;185m[48;2;208;187;184m▀[0m[38;2;133;122;120m[48;2;129;117;117m▀[0m[38;2;40;39;39m[48;2;32;31;33m▀[0m[38;2;5;7;7m[48;2;0;0;0m▀[0m[38;2;5;5;5m[48;2;0;0;0m▀[0m          
          [38;2;0;0;0m[48;2;28;28;21m▀[0m[38;2;0;1;2m[48;2;51;54;39m▀[0m[38;2;35;34;35m[48;2;84;84;71m▀[0m[38;2;131;120;118m[48;2;159;148;139m▀[0m[38;2;208;189;185m[48;2;215;195;191m▀[0m[38;2;218;198;193m[48;2;220;199;195m▀[0m[38;2;206;187;183m[48;2;206;187;183m▀[0m[38;2;206;187;183m[48;2;205;186;182m▀[0m[38;2;206;187;183m[48;2;206;187;183m▀[0m[38;2;206;187;183m[48;2;206;187;183m▀[0m[38;2;206;187;183m[48;2;206;187;183m▀[0m[38;2;206;187;183m[48;2;206;187;183m▀[0m[38;2;206;187;183m[48;2;206;187;183m▀[0m[38;2;206;187;183m[48;2;206;187;183m▀[0m[38;2;206;187;183m[48;2;206;187;183m▀[0m[38;2;206;187;183m[48;2;206;187;183m▀[0m[38;2;206;187;183m[48;2;206;187;183m▀[0m[38;2;206;187;183m[48;2;206;187;183m▀[0m[38;2;206;187;183m[48;2;206;187;183m▀[0m[38;2;206;187;183m[48;2;206;187;183m▀[0m[38;2;206;187;183m[48;2;206;187;183m▀[0m[38;2;206;187;183m[48;2;206;187;183m▀[0m[38;2;206;187;183m[48;2;206;187;183m▀[0m[38;2;206;187;183m[48;2;206;187;183m▀[0m[38;2;206;187;183m[48;2;206;187;183m▀[0m[38;2;206;187;183m[48;2;206;187;183m▀[0m[38;2;206;187;183m[48;2;206;187;183m▀[0m[38;2;206;187;183m[48;2;206;187;183m▀[0m[38;2;206;187;183m[48;2;206;187;183m▀[0m[38;2;206;187;183m[48;2;206;187;183m▀[0m[38;2;206;187;183m[48;2;206;187;183m▀[0m[38;2;206;187;183m[48;2;206;187;183m▀[0m[38;2;206;187;183m[48;2;206;187;183m▀[0m[38;2;206;187;183m[48;2;206;187;183m▀[0m[38;2;206;187;183m[48;2;206;187;183m▀[0m[38;2;206;187;183m[48;2;206;187;183m▀[0m[38;2;206;187;183m[48;2;206;187;183m▀[0m[38;2;206;187;183m[48;2;206;187;183m▀[0m[38;2;206;187;183m[48;2;206;187;183m▀[0m[38;2;206;187;183m[48;2;206;187;183m▀[0m[38;2;206;187;183m[48;2;206;187;183m▀[0m[38;2;206;187;183m[48;2;206;187;183m▀[0m[38;2;206;187;183m[48;2;206;187;183m▀[0m[38;2;206;187;183m[48;2;206;187;183m▀[0m[38;2;206;187;183m[48;2;206;187;183m▀[0m[38;2;206;187;183m[48;2;206;187;183m▀[0m[38;2;206;187;183m[48;2;206;187;183m▀[0m[38;2;206;187;183m[48;2;206;187;183m▀[0m[38;2;206;187;183m[48;2;206;187;183m▀[0m[38;2;206;187;183m[48;2;206;187;183m▀[0m[38;2;206;187;183m[48;2;206;187;183m▀[0m[38;2;206;187;183m[48;2;206;187;183m▀[0m[38;2;206;187;183m[48;2;207;188;184m▀[0m[38;2;206;187;183m[48;2;205;187;182m▀[0m[38;2;219;199;194m[48;2;206;190;179m▀[0m[38;2;210;190;187m[48;2;192;180;164m▀[0m[38;2;132;120;119m[48;2;142;137;120m▀[0m[38;2;35;34;35m[48;2;80;80;66m▀[0m[38;2;0;1;2m[48;2;52;54;39m▀[0m[38;2;0;0;0m[48;2;28;28;21m▀[0m          
      [38;2;140;153;102m▄[0m[38;2;149;153;110m▄[0m[38;2;167;167;123m▄[0m[38;2;158;162;118m▄[0m[38;2;119;135;95m[48;2;170;172;134m▀[0m[38;2;133;137;100m[48;2;181;179;144m▀[0m[38;2;155;156;124m[48;2;188;184;154m▀[0m[38;2;195;184;166m[48;2;177;167;151m▀[0m[38;2;218;197;194m[48;2;165;150;148m▀[0m[38;2;217;196;194m[48;2;183;166;164m▀[0m[38;2;207;187;183m[48;2;204;185;181m▀[0m[38;2;205;186;182m[48;2;209;190;186m▀[0m[38;2;206;187;183m[48;2;206;187;183m▀[0m[38;2;206;187;183m[48;2;206;187;183m▀[0m[38;2;206;187;183m[48;2;206;187;183m▀[0m[38;2;206;187;183m[48;2;206;187;183m▀[0m[38;2;206;187;183m[48;2;206;187;183m▀[0m[38;2;206;187;183m[48;2;206;187;183m▀[0m[38;2;206;187;183m[48;2;206;187;183m▀[0m[38;2;206;187;183m[48;2;206;187;183m▀[0m[38;2;206;187;183m[48;2;206;187;183m▀[0m[38;2;206;187;183m[48;2;206;187;183m▀[0m[38;2;206;187;183m[48;2;206;187;183m▀[0m[38;2;206;187;183m[48;2;206;187;183m▀[0m[38;2;206;187;183m[48;2;206;187;183m▀[0m[38;2;206;187;183m[48;2;206;187;183m▀[0m[38;2;206;187;183m[48;2;206;187;183m▀[0m[38;2;206;187;183m[48;2;206;187;183m▀[0m[38;2;206;187;183m[48;2;206;187;183m▀[0m[38;2;206;187;183m[48;2;206;187;183m▀[0m[38;2;206;187;183m[48;2;206;187;183m▀[0m[38;2;206;187;183m[48;2;206;187;183m▀[0m[38;2;206;187;183m[48;2;206;187;183m▀[0m[38;2;206;187;183m[48;2;206;187;183m▀[0m[38;2;206;187;183m[48;2;206;187;183m▀[0m[38;2;206;187;183m[48;2;206;187;183m▀[0m[38;2;206;187;183m[48;2;206;187;183m▀[0m[38;2;206;187;183m[48;2;206;187;183m▀[0m[38;2;206;187;183m[48;2;206;187;183m▀[0m[38;2;206;187;183m[48;2;206;187;183m▀[0m[38;2;206;187;183m[48;2;206;187;183m▀[0m[38;2;206;187;183m[48;2;206;187;183m▀[0m[38;2;206;187;183m[48;2;206;187;183m▀[0m[38;2;206;187;183m[48;2;206;187;183m▀[0m[38;2;206;187;183m[48;2;206;187;183m▀[0m[38;2;206;187;183m[48;2;206;187;183m▀[0m[38;2;206;187;183m[48;2;206;187;183m▀[0m[38;2;206;187;183m[48;2;206;187;183m▀[0m[38;2;206;187;183m[48;2;206;187;183m▀[0m[38;2;206;187;183m[48;2;206;187;183m▀[0m[38;2;206;187;183m[48;2;206;187;183m▀[0m[38;2;206;187;183m[48;2;206;187;183m▀[0m[38;2;206;187;183m[48;2;206;187;183m▀[0m[38;2;206;187;183m[48;2;206;187;183m▀[0m[38;2;206;187;183m[48;2;206;187;183m▀[0m[38;2;207;187;184m[48;2;207;187;184m▀[0m[38;2;209;189;187m[48;2;209;189;187m▀[0m[38;2;204;186;180m[48;2;205;187;182m▀[0m[38;2;186;178;158m[48;2;186;175;158m▀[0m[38;2;167;166;133m[48;2;170;167;137m▀[0m[38;2;160;162;125m[48;2;184;185;151m▀[0m[38;2;149;150;115m[48;2;199;199;167m▀[0m[38;2;134;136;103m[48;2;190;192;161m▀[0m[38;2;127;127;95m[48;2;172;175;139m▀[0m[38;2;149;153;109m▄[0m[38;2;162;162;118m▄[0m[38;2;149;153;110m▄[0m[38;2;140;153;102m▄[0m      
 [38;2;255;255;255m▄[0m[38;2;165;165;127m▄[0m[38;2;157;165;120m▄[0m[38;2;165;165;120m▄[0m[38;2;157;165;120m▄[0m[38;2;151;155;114m[48;2;171;173;140m▀[0m[38;2;155;156;116m[48;2;173;174;143m▀[0m[38;2;168;169;126m[48;2;194;194;158m▀[0m[38;2;157;163;120m[48;2;180;180;144m▀[0m[38;2;171;170;137m[48;2;188;182;154m▀[0m[38;2;201;189;170m[48;2;216;199;188m▀[0m[38;2;192;177;167m[48;2;195;175;175m▀[0m[38;2;114;106;101m[48;2;81;74;75m▀[0m[38;2;66;61;60m[48;2;13;14;15m▀[0m[38;2;122;112;110m[48;2;91;85;83m▀[0m[38;2;199;181;177m[48;2;199;181;177m▀[0m[38;2;216;196;192m[48;2;223;202;198m▀[0m[38;2;208;189;185m[48;2;211;191;187m▀[0m[38;2;206;187;183m[48;2;208;189;185m▀[0m[38;2;206;187;183m[48;2;207;188;184m▀[0m[38;2;206;187;183m[48;2;206;187;183m▀[0m[38;2;206;187;183m[48;2;206;187;183m▀[0m[38;2;206;187;183m[48;2;206;187;183m▀[0m[38;2;206;187;183m[48;2;206;187;183m▀[0m[38;2;206;187;183m[48;2;206;187;183m▀[0m[38;2;206;187;183m[48;2;206;187;183m▀[0m[38;2;206;187;183m[48;2;206;187;183m▀[0m[38;2;206;187;183m[48;2;206;187;183m▀[0m[38;2;206;187;183m[48;2;206;187;183m▀[0m[38;2;206;187;183m[48;2;206;187;183m▀[0m[38;2;206;187;183m[48;2;206;187;183m▀[0m[38;2;206;187;183m[48;2;206;187;183m▀[0m[38;2;206;187;183m[48;2;206;187;183m▀[0m[38;2;206;187;183m[48;2;206;187;183m▀[0m[38;2;206;187;183m[48;2;206;187;183m▀[0m[38;2;206;187;183m[48;2;206;187;183m▀[0m[38;2;206;187;183m[48;2;206;187;183m▀[0m[38;2;206;187;183m[48;2;206;187;183m▀[0m[38;2;206;187;183m[48;2;206;187;183m▀[0m[38;2;206;187;183m[48;2;206;187;183m▀[0m[38;2;206;187;183m[48;2;206;187;183m▀[0m[38;2;206;187;183m[48;2;206;187;183m▀[0m[38;2;206;187;183m[48;2;206;187;183m▀[0m[38;2;206;187;183m[48;2;206;187;183m▀[0m[38;2;206;187;183m[48;2;206;187;183m▀[0m[38;2;206;187;183m[48;2;206;187;183m▀[0m[38;2;206;187;183m[48;2;206;187;183m▀[0m[38;2;206;187;183m[48;2;206;187;183m▀[0m[38;2;206;187;183m[48;2;206;187;183m▀[0m[38;2;206;187;183m[48;2;206;187;183m▀[0m[38;2;206;187;183m[48;2;206;187;183m▀[0m[38;2;206;187;183m[48;2;206;187;183m▀[0m[38;2;206;187;183m[48;2;206;187;183m▀[0m[38;2;206;187;183m[48;2;206;187;183m▀[0m[38;2;206;187;183m[48;2;206;187;183m▀[0m[38;2;206;187;183m[48;2;206;187;183m▀[0m[38;2;206;187;183m[48;2;207;188;184m▀[0m[38;2;206;187;183m[48;2;208;189;185m▀[0m[38;2;206;187;183m[48;2;209;190;186m▀[0m[38;2;206;187;183m[48;2;209;190;186m▀[0m[38;2;207;187;184m[48;2;208;189;184m▀[0m[38;2;209;189;187m[48;2;204;187;179m▀[0m[38;2;209;188;186m[48;2;202;186;177m▀[0m[38;2;199;181;174m[48;2;204;185;179m▀[0m[38;2;195;180;168m[48;2;211;190;187m▀[0m[38;2;215;207;197m[48;2;228;213;215m▀[0m[38;2;235;232;225m[48;2;245;237;241m▀[0m[38;2;217;217;202m[48;2;230;227;220m▀[0m[38;2;173;174;141m[48;2;196;196;168m▀[0m[38;2;152;154;111m[48;2;183;184;148m▀[0m[38;2;164;165;121m[48;2;194;195;158m▀[0m[38;2;153;155;115m[48;2;173;174;143m▀[0m[38;2;151;155;114m[48;2;169;171;138m▀[0m[38;2;157;157;120m▄[0m[38;2;157;165;120m▄[0m[38;2;165;165;120m▄[0m[38;2;153;153;114m▄[0m[38;2;255;255;0m▄[0m 
[38;2;0;0;0m▄[0m[38;2;255;255;255m[48;2;130;130;102m▀[0m[38;2;160;163;119m[48;2;164;164;131m▀[0m[38;2;159;160;120m[48;2;179;180;144m▀[0m[38;2;159;163;117m[48;2;177;179;138m▀[0m[38;2;157;160;121m[48;2;171;171;135m▀[0m[38;2;191;192;168m[48;2;204;202;182m▀[0m[38;2;219;218;205m[48;2;242;238;237m▀[0m[38;2;227;223;210m[48;2;242;232;236m▀[0m[38;2;204;194;179m[48;2;218;200;199m▀[0m[38;2;205;190;175m[48;2;207;187;183m▀[0m[38;2;229;208;201m[48;2;211;190;187m▀[0m[38;2;204;184;182m[48;2;179;163;160m▀[0m[38;2;87;81;80m[48;2;82;76;74m▀[0m[38;2;18;19;19m[48;2;24;24;24m▀[0m[38;2;99;92;90m[48;2;94;87;86m▀[0m[38;2;209;190;186m[48;2;187;170;166m▀[0m[38;2;234;213;208m[48;2;208;189;185m▀[0m[38;2;222;202;198m[48;2;197;179;175m▀[0m[38;2;216;196;192m[48;2;198;180;176m▀[0m[38;2;209;190;186m[48;2;204;185;181m▀[0m[38;2;205;186;182m[48;2;207;188;184m▀[0m[38;2;205;186;182m[48;2;207;188;184m▀[0m[38;2;206;187;183m[48;2;207;188;184m▀[0m[38;2;206;187;183m[48;2;206;187;183m▀[0m[38;2;206;187;183m[48;2;206;187;183m▀[0m[38;2;206;187;183m[48;2;206;187;183m▀[0m[38;2;206;187;183m[48;2;206;187;183m▀[0m[38;2;206;187;183m[48;2;206;187;183m▀[0m[38;2;206;187;183m[48;2;206;187;183m▀[0m[38;2;206;187;183m[48;2;206;187;183m▀[0m[38;2;206;187;183m[48;2;206;187;183m▀[0m[38;2;206;187;183m[48;2;206;187;183m▀[0m[38;2;206;187;183m[48;2;206;187;183m▀[0m[38;2;206;187;183m[48;2;206;187;183m▀[0m[38;2;206;187;183m[48;2;206;187;183m▀[0m[38;2;206;187;183m[48;2;206;187;183m▀[0m[38;2;206;187;183m[48;2;206;187;183m▀[0m[38;2;206;187;183m[48;2;206;187;183m▀[0m[38;2;206;187;183m[48;2;206;187;183m▀[0m[38;2;206;187;183m[48;2;206;187;183m▀[0m[38;2;206;187;183m[48;2;206;187;183m▀[0m[38;2;206;187;183m[48;2;206;187;183m▀[0m[38;2;206;187;183m[48;2;206;187;183m▀[0m[38;2;206;187;183m[48;2;206;187;183m▀[0m[38;2;206;187;183m[48;2;206;187;183m▀[0m[38;2;206;187;183m[48;2;206;187;183m▀[0m[38;2;206;187;183m[48;2;206;187;183m▀[0m[38;2;206;187;183m[48;2;206;187;183m▀[0m[38;2;206;187;183m[48;2;206;187;183m▀[0m[38;2;206;187;183m[48;2;206;187;183m▀[0m[38;2;206;187;183m[48;2;206;187;183m▀[0m[38;2;206;187;183m[48;2;207;188;184m▀[0m[38;2;206;187;183m[48;2;207;188;184m▀[0m[38;2;206;187;183m[48;2;207;188;184m▀[0m[38;2;205;186;182m[48;2;207;188;184m▀[0m[38;2;206;187;183m[48;2;207;188;184m▀[0m[38;2;211;191;187m[48;2;203;184;180m▀[0m[38;2;218;197;193m[48;2;197;179;175m▀[0m[38;2;221;201;197m[48;2;196;178;175m▀[0m[38;2;222;201;198m[48;2;198;180;178m▀[0m[38;2;215;197;189m[48;2;190;175;166m▀[0m[38;2;196;186;165m[48;2;165;161;135m▀[0m[38;2;188;182;155m[48;2;155;155;121m▀[0m[38;2;203;190;174m[48;2;173;165;145m▀[0m[38;2;221;200;196m[48;2;195;178;173m▀[0m[38;2;224;204;204m[48;2;200;180;178m▀[0m[38;2;222;207;207m[48;2;202;183;179m▀[0m[38;2;224;214;210m[48;2;218;202;200m▀[0m[38;2;227;223;213m[48;2;239;231;232m▀[0m[38;2;231;230;217m[48;2;253;249;252m▀[0m[38;2;236;237;222m[48;2;255;255;255m▀[0m[38;2;219;218;204m[48;2;249;247;246m▀[0m[38;2;189;189;162m[48;2;208;207;187m▀[0m[38;2;153;154;114m[48;2;173;174;139m▀[0m[38;2;157;159;115m[48;2;178;179;140m▀[0m[38;2;159;160;120m[48;2;179;180;144m▀[0m[38;2;153;155;114m[48;2;167;168;134m▀[0m[38;2;127;127;63m[48;2;170;170;130m▀[0m[38;2;153;153;119m▄[0m
[38;2;1;3;3m[48;2;3;4;4m▀[0m[38;2;63;63;58m[48;2;51;51;51m▀[0m[38;2;166;166;155m[48;2;165;164;165m▀[0m[38;2;226;225;207m[48;2;250;246;246m▀[0m[38;2;216;211;190m[48;2;237;225;224m▀[0m[38;2;196;186;166m[48;2;207;188;184m▀[0m[38;2;213;201;189m[48;2;203;183;179m▀[0m[38;2;237;224;223m[48;2;206;187;183m▀[0m[38;2;242;225;226m[48;2;212;193;189m▀[0m[38;2;233;212;210m[48;2;218;198;194m▀[0m[38;2;201;182;178m[48;2;174;159;155m▀[0m[38;2;145;132;130m[48;2;78;72;71m▀[0m[38;2;92;85;84m[48;2;14;15;15m▀[0m[38;2;58;53;51m[48;2;0;0;0m▀[0m[38;2;24;24;24m▀[0m[38;2;70;66;64m[48;2;24;24;24m▀[0m[38;2;102;94;92m[48;2;24;24;24m▀[0m[38;2;108;100;98m[48;2;18;19;19m▀[0m[38;2;100;93;91m[48;2;13;15;15m▀[0m[38;2;132;121;119m[48;2;66;62;61m▀[0m[38;2;192;175;171m[48;2;164;149;146m▀[0m[38;2;225;204;199m[48;2;217;197;192m▀[0m[38;2;224;203;199m[48;2;214;194;190m▀[0m[38;2;218;198;193m[48;2;206;187;183m▀[0m[38;2;212;192;188m[48;2;206;187;183m▀[0m[38;2;206;187;183m[48;2;206;187;183m▀[0m[38;2;205;186;182m[48;2;206;187;183m▀[0m[38;2;206;187;183m[48;2;206;187;183m▀[0m[38;2;206;187;183m[48;2;206;187;183m▀[0m[38;2;206;187;183m[48;2;206;187;183m▀[0m[38;2;206;187;183m[48;2;206;187;183m▀[0m[38;2;206;187;183m[48;2;206;187;183m▀[0m[38;2;206;187;183m[48;2;206;187;183m▀[0m[38;2;206;187;183m[48;2;206;187;183m▀[0m[38;2;206;187;183m[48;2;206;187;183m▀[0m[38;2;206;187;183m[48;2;206;187;183m▀[0m[38;2;206;187;183m[48;2;206;187;183m▀[0m[38;2;206;187;183m[48;2;206;187;183m▀[0m[38;2;206;187;183m[48;2;206;187;183m▀[0m[38;2;206;187;183m[48;2;206;187;183m▀[0m[38;2;206;187;183m[48;2;206;187;183m▀[0m[38;2;206;187;183m[48;2;206;187;183m▀[0m[38;2;206;187;183m[48;2;206;187;183m▀[0m[38;2;206;187;183m[48;2;206;187;183m▀[0m[38;2;206;187;183m[48;2;206;187;183m▀[0m[38;2;206;187;183m[48;2;206;187;183m▀[0m[38;2;206;187;183m[48;2;206;187;183m▀[0m[38;2;206;187;183m[48;2;206;187;183m▀[0m[38;2;206;187;183m[48;2;206;187;183m▀[0m[38;2;205;186;182m[48;2;206;187;183m▀[0m[38;2;208;189;185m[48;2;206;187;183m▀[0m[38;2;215;195;191m[48;2;206;187;183m▀[0m[38;2;219;199;194m[48;2;206;187;183m▀[0m[38;2;219;199;194m[48;2;206;187;183m▀[0m[38;2;218;198;194m[48;2;206;187;183m▀[0m[38;2;225;204;199m[48;2;217;197;192m▀[0m[38;2;222;201;197m[48;2;212;192;188m▀[0m[38;2;180;164;160m[48;2;143;131;128m▀[0m[38;2;120;111;108m[48;2;47;45;44m▀[0m[38;2;99;91;90m[48;2;11;12;13m▀[0m[38;2;105;96;96m[48;2;19;20;20m▀[0m[38;2;103;96;92m[48;2;24;24;24m▀[0m[38;2;91;89;76m[48;2;24;24;24m▀[0m[38;2;85;86;69m[48;2;24;24;24m▀[0m[38;2;87;85;76m[48;2;12;13;14m▀[0m[38;2;105;97;94m[48;2;22;22;22m▀[0m[38;2;151;136;135m[48;2;98;90;89m▀[0m[38;2;206;185;181m[48;2;191;173;170m▀[0m[38;2;231;210;207m[48;2;218;197;193m▀[0m[38;2;237;221;220m[48;2;207;187;182m▀[0m[38;2;246;234;235m[48;2;213;197;193m▀[0m[38;2;253;249;251m[48;2;234;226;225m▀[0m[38;2;254;252;254m[48;2;247;244;245m▀[0m[38;2;236;235;226m[48;2;247;244;245m▀[0m[38;2;220;219;202m[48;2;245;241;242m▀[0m[38;2;225;225;207m[48;2;250;246;249m▀[0m[38;2;225;223;207m[48;2;248;243;246m▀[0m[38;2;197;197;175m[48;2;214;212;199m▀[0m[38;2;173;173;141m[48;2;173;173;142m▀[0m[38;2;154;156;116m[48;2;155;157;117m▀[0m
[38;2;5;7;7m[48;2;7;9;9m▀[0m[38;2;53;52;52m[48;2;48;46;45m▀[0m[38;2;164;158;159m[48;2;144;133;131m▀[0m[38;2;249;237;238m[48;2;222;203;199m▀[0m[38;2;250;231;231m[48;2;237;215;211m▀[0m[38;2;221;199;197m[48;2;215;195;191m▀[0m[38;2;179;161;158m[48;2;141;129;125m▀[0m[38;2;132;120;117m[48;2;50;48;46m▀[0m[38;2;122;111;109m[48;2;23;24;23m▀[0m[38;2;133;121;119m[48;2;34;33;34m▀[0m[38;2;108;100;97m[48;2;33;33;32m▀[0m[38;2;53;50;50m[48;2;32;32;29m▀[0m[38;2;0;0;0m[48;2;0;0;0m▀[0m[38;2;0;0;0m[48;2;0;0;0m▀[0m [38;2;0;0;0m[48;2;0;0;0m▀[0m[38;2;1;3;5m[48;2;18;18;18m▀[0m[38;2;0;0;0m[48;2;0;0;0m▀[0m[38;2;0;0;0m[48;2;0;0;0m▀[0m[38;2;44;43;43m[48;2;31;31;31m▀[0m[38;2;103;94;93m[48;2;33;32;32m▀[0m[38;2;133;122;119m[48;2;35;34;34m▀[0m[38;2;126;115;113m[48;2;24;24;24m▀[0m[38;2;131;120;117m[48;2;43;41;41m▀[0m[38;2;174;159;155m[48;2;130;119;116m▀[0m[38;2;215;195;191m[48;2;211;191;187m▀[0m[38;2;223;202;197m[48;2;226;204;200m▀[0m[38;2;217;197;192m[48;2;214;194;190m▀[0m[38;2;216;196;192m[48;2;213;193;189m▀[0m[38;2;216;196;192m[48;2;213;193;189m▀[0m[38;2;216;196;192m[48;2;213;193;189m▀[0m[38;2;216;196;192m[48;2;213;193;189m▀[0m[38;2;216;196;192m[48;2;213;193;189m▀[0m[38;2;216;196;192m[48;2;213;193;189m▀[0m[38;2;216;196;192m[48;2;213;193;189m▀[0m[38;2;216;196;192m[48;2;213;193;189m▀[0m[38;2;216;196;192m[48;2;213;193;189m▀[0m[38;2;216;196;192m[48;2;213;193;189m▀[0m[38;2;216;196;192m[48;2;213;193;189m▀[0m[38;2;216;196;192m[48;2;213;193;189m▀[0m[38;2;216;196;192m[48;2;213;193;189m▀[0m[38;2;216;196;192m[48;2;213;193;189m▀[0m[38;2;216;196;192m[48;2;213;193;189m▀[0m[38;2;216;196;192m[48;2;213;193;189m▀[0m[38;2;216;196;192m[48;2;213;193;189m▀[0m[38;2;216;196;192m[48;2;213;193;189m▀[0m[38;2;216;196;192m[48;2;213;193;189m▀[0m[38;2;216;196;192m[48;2;213;193;189m▀[0m[38;2;219;199;195m[48;2;219;199;195m▀[0m[38;2;222;202;197m[48;2;225;204;200m▀[0m[38;2;200;182;178m[48;2;182;165;162m▀[0m[38;2;152;139;136m[48;2;86;80;79m▀[0m[38;2;122;112;110m[48;2;26;26;26m▀[0m[38;2;122;112;110m[48;2;26;26;26m▀[0m[38;2;127;116;114m[48;2;35;34;34m▀[0m[38;2;134;123;120m[48;2;37;36;36m▀[0m[38;2;131;120;117m[48;2;37;35;35m▀[0m[38;2;94;87;86m[48;2;34;32;32m▀[0m[38;2;27;27;27m[48;2;27;27;27m▀[0m[38;2;0;0;0m[48;2;0;0;0m▀[0m[38;2;0;0;0m[48;2;0;17;17m▀[0m[38;2;1;5;5m[48;2;17;17;17m▀[0m[38;2;5;5;8m[48;2;17;17;17m▀[0m[38;2;7;7;10m[48;2;17;17;17m▀[0m[38;2;0;0;0m[48;2;0;0;0m▀[0m[38;2;0;1;1m[48;2;17;17;17m▀[0m[38;2;68;64;63m[48;2;32;32;32m▀[0m[38;2;116;106;105m[48;2;33;32;32m▀[0m[38;2;131;119;117m[48;2;31;31;31m▀[0m[38;2;119;108;105m[48;2;23;23;24m▀[0m[38;2;144;132;129m[48;2;67;63;62m▀[0m[38;2;205;193;191m[48;2;164;149;146m▀[0m[38;2;244;232;231m[48;2;224;204;200m▀[0m[38;2;247;235;235m[48;2;224;204;201m▀[0m[38;2;244;232;233m[48;2;215;196;193m▀[0m[38;2;248;235;238m[48;2;219;198;196m▀[0m[38;2;245;233;236m[48;2;216;198;195m▀[0m[38;2;221;213;199m[48;2;198;186;170m▀[0m[38;2;190;190;155m[48;2;175;174;141m▀[0m[38;2;176;179;135m[48;2;165;168;128m▀[0m
[38;2;7;9;9m[48;2;7;7;7m▀[0m[38;2;43;42;40m[48;2;34;34;34m▀[0m[38;2;106;95;94m[48;2;44;42;41m▀[0m[38;2;142;129;126m[48;2;48;46;45m▀[0m[38;2;156;141;138m[48;2;53;50;49m▀[0m[38;2;142;130;127m[48;2;47;45;44m▀[0m[38;2;99;91;88m[48;2;43;41;40m▀[0m[38;2;20;22;20m[48;2;25;25;25m▀[0m[38;2;0;0;0m[48;2;0;0;0m▀[0m[38;2;0;3;4m[48;2;0;7;7m▀[0m[38;2;3;5;5m[48;2;9;9;9m▀[0m[38;2;0;0;0m[48;2;0;0;0m▀[0m       [38;2;0;0;0m[48;2;0;0;0m▀[0m[38;2;2;4;4m[48;2;0;10;10m▀[0m[38;2;1;3;4m[48;2;0;7;7m▀[0m[38;2;0;0;0m[48;2;0;0;0m▀[0m[38;2;13;13;13m[48;2;17;17;17m▀[0m[38;2;91;84;82m[48;2;44;40;40m▀[0m[38;2;139;127;124m[48;2;47;44;44m▀[0m[38;2;151;137;134m[48;2;51;48;47m▀[0m[38;2;141;129;127m[48;2;47;45;44m▀[0m[38;2;141;128;126m[48;2;47;45;44m▀[0m[38;2;141;128;126m[48;2;47;45;44m▀[0m[38;2;141;128;126m[48;2;47;45;44m▀[0m[38;2;141;128;126m[48;2;47;45;44m▀[0m[38;2;141;128;126m[48;2;47;45;44m▀[0m[38;2;141;128;126m[48;2;47;45;44m▀[0m[38;2;141;128;126m[48;2;47;45;44m▀[0m[38;2;141;128;126m[48;2;47;45;44m▀[0m[38;2;141;128;126m[48;2;47;45;44m▀[0m[38;2;141;128;126m[48;2;47;45;44m▀[0m[38;2;141;128;126m[48;2;47;45;44m▀[0m[38;2;141;128;126m[48;2;47;45;44m▀[0m[38;2;141;128;126m[48;2;47;45;44m▀[0m[38;2;141;128;126m[48;2;47;45;44m▀[0m[38;2;141;128;126m[48;2;47;45;44m▀[0m[38;2;141;128;126m[48;2;47;45;44m▀[0m[38;2;141;128;126m[48;2;47;45;44m▀[0m[38;2;141;128;126m[48;2;47;45;44m▀[0m[38;2;141;128;126m[48;2;47;45;44m▀[0m[38;2;141;128;126m[48;2;47;45;44m▀[0m[38;2;145;133;131m[48;2;49;46;46m▀[0m[38;2;150;137;134m[48;2;50;48;47m▀[0m[38;2;123;113;112m[48;2;46;43;43m▀[0m[38;2;56;53;52m[48;2;37;37;37m▀[0m[38;2;0;0;0m[48;2;0;0;0m▀[0m[38;2;0;0;0m[48;2;0;0;0m▀[0m[38;2;4;6;6m[48;2;7;7;7m▀[0m[38;2;3;6;6m[48;2;7;7;7m▀[0m[38;2;4;6;7m[48;2;7;7;7m▀[0m[38;2;2;5;5m[48;2;0;12;12m▀[0m[38;2;0;0;0m[48;2;0;0;0m▀[0m       [38;2;0;4;4m[48;2;0;0;0m▀[0m[38;2;3;5;6m[48;2;8;8;8m▀[0m[38;2;0;0;1m[48;2;0;0;0m▀[0m[38;2;0;0;0m[48;2;0;0;0m▀[0m[38;2;36;35;35m[48;2;31;28;28m▀[0m[38;2;110;100;97m[48;2;44;41;41m▀[0m[38;2;145;130;128m[48;2;49;46;45m▀[0m[38;2;145;130;128m[48;2;49;46;45m▀[0m[38;2;138;125;122m[48;2;47;44;43m▀[0m[38;2;140;125;124m[48;2;48;45;45m▀[0m[38;2;139;126;123m[48;2;48;45;45m▀[0m[38;2;144;135;123m[48;2;54;51;48m▀[0m[38;2;157;157;126m[48;2;103;103;86m▀[0m[38;2;159;162;123m[48;2;159;167;127m▀[0m
 [38;2;0;0;0m▀[0m[38;2;6;8;8m▀[0m[38;2;8;9;10m▀[0m[38;2;8;10;11m▀[0m[38;2;7;9;9m▀[0m[38;2;5;7;7m▀[0m                 [38;2;6;8;8m▀[0m[38;2;7;9;9m▀[0m[38;2;8;10;10m▀[0m[38;2;7;9;9m▀[0m[38;2;7;9;9m▀[0m[38;2;7;9;9m▀[0m[38;2;7;9;9m▀[0m[38;2;7;9;9m▀[0m[38;2;7;9;9m▀[0m[38;2;7;9;9m▀[0m[38;2;7;9;9m▀[0m[38;2;7;9;9m▀[0m[38;2;7;9;9m▀[0m[38;2;7;9;9m▀[0m[38;2;7;9;9m▀[0m[38;2;7;9;9m▀[0m[38;2;7;9;9m▀[0m[38;2;7;9;9m▀[0m[38;2;7;9;9m▀[0m[38;2;7;9;9m▀[0m[38;2;7;9;9m▀[0m[38;2;7;9;9m▀[0m[38;2;7;9;9m▀[0m[38;2;7;9;9m▀[0m[38;2;8;9;10m▀[0m[38;2;8;10;10m▀[0m[38;2;7;8;8m▀[0m[38;2;4;4;4m▀[0m                  [38;2;0;0;0m▀[0m[38;2;5;8;8m▀[0m[38;2;7;9;9m▀[0m[38;2;7;9;9m▀[0m[38;2;7;9;9m▀[0m[38;2;8;10;10m▀[0m[38;2;8;10;10m▀[0m[38;2;0;0;1m▀[0m[38;2;0;0;0m▀[0m 
[0m