                                    [38;2;239;163;115m[48;2;233;159;109m▀[0m[38;2;237;164;115m[48;2;236;162;113m▀[0m[38;2;236;163;118m[48;2;212;148;106m▀[0m                                         
                                   [38;2;237;159;112m[48;2;237;159;112m▀[0m[38;2;249;177;126m[48;2;255;192;136m▀[0m[38;2;241;174;124m[48;2;248;191;141m▀[0m[38;2;248;174;124m[48;2;255;184;130m▀[0m[38;2;240;160;116m[48;2;238;161;112m▀[0m                                        
                                 [38;2;255;153;102m▄[0m[38;2;237;161;113m▄[0m[38;2;235;159;111m[48;2;251;182;131m▀[0m[38;2;255;184;131m[48;2;249;189;139m▀[0m[38;2;247;189;139m[48;2;246;189;139m▀[0m[38;2;251;175;124m[48;2;247;186;136m▀[0m[38;2;237;160;112m[48;2;253;183;129m▀[0m[38;2;236;160;113m▄[0m                                       
                                 [38;2;255;170;127m[48;2;255;170;127m▀[0m[38;2;237;161;113m[48;2;237;161;113m▀[0m[38;2;255;193;140m[48;2;255;187;135m▀[0m[38;2;246;191;142m[48;2;248;194;142m▀[0m[38;2;246;190;139m[48;2;248;191;140m▀[0m[38;2;248;202;145m[48;2;237;155;127m▀[0m[38;2;255;198;140m[48;2;252;170;126m▀[0m[38;2;236;159;111m[48;2;237;164;114m▀[0m                                       
                                 [38;2;255;170;127m[48;2;255;170;127m▀[0m[38;2;237;161;113m[48;2;237;161;113m▀[0m[38;2;255;187;135m[48;2;255;198;140m▀[0m[38;2;248;198;143m[48;2;219;146;119m▀[0m[38;2;243;176;134m[48;2;157;31;62m▀[0m[38;2;200;9;70m[48;2;189;0;60m▀[0m[38;2;239;110;102m[48;2;233;120;112m▀[0m[38;2;242;182;120m[48;2;253;198;138m▀[0m[38;2;255;255;0m[48;2;237;161;113m▀[0m[38;2;233;170;127m▄[0m                                     
                                 [38;2;255;170;127m[48;2;255;170;127m▀[0m[38;2;237;161;113m[48;2;237;161;113m▀[0m[38;2;255;201;141m[48;2;255;200;141m▀[0m[38;2;211;131;112m[48;2;213;135;114m▀[0m[38;2;132;0;41m[48;2;138;0;46m▀[0m[38;2;187;0;58m[48;2;186;0;58m▀[0m[38;2;232;125;116m[48;2;232;128;117m▀[0m[38;2;255;206;145m[48;2;255;205;143m▀[0m[38;2;237;161;113m[48;2;237;160;112m▀[0m[38;2;239;175;111m[48;2;218;182;109m▀[0m                                     
                                 [38;2;255;170;127m[48;2;255;170;127m▀[0m[38;2;237;161;113m[48;2;237;161;113m▀[0m[38;2;255;200;141m[48;2;255;200;141m▀[0m[38;2;213;135;114m[48;2;211;135;113m▀[0m[38;2;138;0;46m[48;2;142;0;48m▀[0m[38;2;190;1;60m[48;2;239;12;77m▀[0m[38;2;231;119;113m[48;2;221;15;73m▀[0m[38;2;253;195;139m[48;2;215;83;97m▀[0m[38;2;238;163;114m[48;2;248;194;138m▀[0m[38;2;244;173;122m[48;2;247;172;121m▀[0m[38;2;255;170;85m[48;2;239;158;112m▀[0m                                    
                                 [38;2;255;170;127m[48;2;255;170;127m▀[0m[38;2;237;161;113m[48;2;237;161;113m▀[0m[38;2;255;200;141m[48;2;255;200;141m▀[0m[38;2;210;135;113m[48;2;217;135;115m▀[0m[38;2;138;0;47m[48;2;161;0;53m▀[0m[38;2;248;15;80m[48;2;248;14;80m▀[0m[38;2;219;0;65m[48;2;218;0;67m▀[0m[38;2;208;61;89m[48;2;210;67;91m▀[0m[38;2;252;200;144m[48;2;250;198;142m▀[0m[38;2;255;181;126m[48;2;248;172;120m▀[0m[38;2;235;158;112m[48;2;235;156;110m▀[0m                                    
                                 [38;2;255;191;127m▀[0m[38;2;237;161;113m[48;2;237;160;112m▀[0m[38;2;255;200;140m[48;2;255;200;140m▀[0m[38;2;231;135;118m[48;2;230;135;118m▀[0m[38;2;202;0;64m[48;2;199;0;63m▀[0m[38;2;252;14;81m[48;2;252;14;81m▀[0m[38;2;217;0;66m[48;2;215;0;65m▀[0m[38;2;210;67;91m[48;2;209;69;91m▀[0m[38;2;250;199;143m[48;2;251;206;146m▀[0m[38;2;248;175;123m[48;2;247;190;139m▀[0m[38;2;243;165;117m[48;2;255;182;131m▀[0m[38;2;255;176;117m[48;2;238;161;113m▀[0m                                   
                                [38;2;236;163;115m[48;2;231;155;113m▀[0m[38;2;243;168;119m[48;2;255;178;125m▀[0m[38;2;244;179;130m[48;2;253;196;142m▀[0m[38;2;254;212;147m[48;2;237;153;126m▀[0m[38;2;232;143;122m[48;2;213;78;93m▀[0m[38;2;199;0;63m[48;2;200;0;64m▀[0m[38;2;250;13;80m[48;2;252;14;81m▀[0m[38;2;244;13;79m[48;2;255;20;86m▀[0m[38;2;227;21;79m[48;2;224;0;69m▀[0m[38;2;218;72;94m[48;2;173;5;60m▀[0m[38;2;244;183;137m[48;2;242;178;134m▀[0m[38;2;255;194;137m[48;2;250;185;129m▀[0m[38;2;235;159;112m[48;2;244;165;114m▀[0m[38;2;237;159;110m▄[0m                                  
                               [38;2;226;155;113m[48;2;237;159;111m▀[0m[38;2;243;169;120m[48;2;255;181;129m▀[0m[38;2;243;171;121m[48;2;246;190;140m▀[0m[38;2;253;204;144m[48;2;251;204;145m▀[0m[38;2;217;73;94m[48;2;218;79;97m▀[0m[38;2;189;0;55m[48;2;193;0;60m▀[0m[38;2;200;1;66m[48;2;197;0;65m▀[0m[38;2;241;12;78m[48;2;195;0;64m▀[0m[38;2;253;17;84m[48;2;243;12;78m▀[0m[38;2;207;2;66m[48;2;212;3;68m▀[0m[38;2;139;18;55m[48;2;142;18;56m▀[0m[38;2;240;182;135m[48;2;240;181;135m▀[0m[38;2;245;183;128m[48;2;251;199;143m▀[0m[38;2;255;180;126m[48;2;247;192;140m▀[0m[38;2;238;166;118m[48;2;244;184;134m▀[0m[38;2;237;166;112m[48;2;237;164;115m▀[0m[38;2;255;174;120m[48;2;255;175;122m▀[0m[38;2;226;155;113m[48;2;239;163;113m▀[0m                               
                            [38;2;229;127;102m▄[0m[38;2;238;160;113m▄[0m[38;2;235;157;110m[48;2;243;174;124m▀[0m[38;2;252;182;130m[48;2;255;208;149m▀[0m[38;2;255;200;144m[48;2;243;180;137m▀[0m[38;2;251;199;145m[48;2;185;92;91m▀[0m[38;2;167;69;79m[48;2;190;10;64m▀[0m[38;2;174;17;62m[48;2;195;0;62m▀[0m[38;2;200;0;65m[48;2;197;0;65m▀[0m[38;2;197;0;65m[48;2;197;0;65m▀[0m[38;2;192;0;63m[48;2;195;0;64m▀[0m[38;2;239;11;77m[48;2;216;5;70m▀[0m[38;2;250;16;82m[48;2;228;10;75m▀[0m[38;2;228;16;75m[48;2;233;8;75m▀[0m[38;2;205;40;80m[48;2;226;0;70m▀[0m[38;2;200;44;77m[48;2;222;0;67m▀[0m[38;2;223;109;108m[48;2;223;37;83m▀[0m[38;2;253;213;149m[48;2;218;102;104m▀[0m[38;2;254;202;142m[48;2;218;97;103m▀[0m[38;2;255;195;142m[48;2;242;178;136m▀[0m[38;2;252;182;130m[48;2;255;208;147m▀[0m[38;2;235;157;110m[48;2;243;174;124m▀[0m[38;2;236;159;112m▄[0m[38;2;243;155;110m▄[0m                            
                           [38;2;234;163;112m[48;2;235;160;113m▀[0m[38;2;249;173;122m[48;2;255;182;128m▀[0m[38;2;255;180;128m[48;2;246;189;139m▀[0m[38;2;255;199;145m[48;2;252;200;147m▀[0m[38;2;222;184;131m[48;2;109;96;69m▀[0m[38;2;176;110;94m[48;2;59;3;23m▀[0m[38;2;157;0;49m[48;2;255;16;83m▀[0m[38;2;240;9;76m[48;2;209;2;68m▀[0m[38;2;224;6;73m[48;2;194;0;64m▀[0m[38;2;193;0;64m[48;2;197;0;65m▀[0m[38;2;197;0;65m[48;2;197;0;65m▀[0m[38;2;197;0;65m[48;2;197;0;65m▀[0m[38;2;194;0;64m[48;2;197;0;65m▀[0m[38;2;190;0;63m[48;2;197;0;65m▀[0m[38;2;198;1;66m[48;2;197;0;65m▀[0m[38;2;244;13;79m[48;2;196;0;65m▀[0m[38;2;246;15;82m[48;2;192;0;64m▀[0m[38;2;231;4;73m[48;2;221;7;72m▀[0m[38;2;203;0;62m[48;2;255;17;83m▀[0m[38;2;205;0;62m[48;2;255;16;82m▀[0m[38;2;226;110;107m[48;2;207;0;64m▀[0m[38;2;242;182;137m[48;2;217;87;98m▀[0m[38;2;255;200;144m[48;2;254;204;146m▀[0m[38;2;255;180;128m[48;2;245;188;139m▀[0m[38;2;238;170;119m[48;2;244;188;137m▀[0m[38;2;255;255;255m▄[0m                           
                          [38;2;236;161;112m▄[0m[38;2;232;156;110m[48;2;249;178;127m▀[0m[38;2;255;184;131m[48;2;253;193;138m▀[0m[38;2;247;189;139m[48;2;254;203;145m▀[0m[38;2;72;77;53m[48;2;92;37;46m▀[0m[38;2;117;20;45m[48;2;168;0;52m▀[0m[38;2;220;12;75m[48;2;255;16;88m▀[0m[38;2;255;17;84m[48;2;221;7;72m▀[0m[38;2;206;2;67m[48;2;200;1;66m▀[0m[38;2;193;0;64m[48;2;196;0;65m▀[0m[38;2;197;0;65m[48;2;197;0;65m▀[0m[38;2;197;0;65m[48;2;197;0;65m▀[0m[38;2;197;0;65m[48;2;197;0;65m▀[0m[38;2;197;0;65m[48;2;197;0;65m▀[0m[38;2;197;0;65m[48;2;197;0;65m▀[0m[38;2;197;0;65m[48;2;197;0;65m▀[0m[38;2;196;0;65m[48;2;197;0;65m▀[0m[38;2;195;0;64m[48;2;197;0;65m▀[0m[38;2;198;1;65m[48;2;192;0;63m▀[0m[38;2;214;5;70m[48;2;203;2;67m▀[0m[38;2;255;16;82m[48;2;255;17;83m▀[0m[38;2;249;14;81m[48;2;234;0;65m▀[0m[38;2;225;7;69m[48;2;209;40;95m▀[0m[38;2;212;54;83m[48;2;212;124;136m▀[0m[38;2;246;190;139m[48;2;255;188;131m▀[0m[38;2;255;183;128m[48;2;255;203;144m▀[0m[38;2;234;157;110m[48;2;239;175;126m▀[0m                           
                          [38;2;237;161;111m[48;2;237;161;112m▀[0m[38;2;255;197;141m[48;2;255;197;139m▀[0m[38;2;243;185;138m[48;2;224;155;123m▀[0m[38;2;220;136;115m[48;2;129;0;44m▀[0m[38;2;170;25;65m[48;2;183;0;59m▀[0m[38;2;203;0;64m[48;2;201;0;66m▀[0m[38;2;235;9;75m[48;2;195;0;64m▀[0m[38;2;192;0;64m[48;2;197;0;65m▀[0m[38;2;196;0;65m[48;2;197;0;65m▀[0m[38;2;197;0;65m[48;2;197;0;65m▀[0m[38;2;197;0;65m[48;2;197;0;65m▀[0m[38;2;197;0;65m[48;2;197;0;65m▀[0m[38;2;197;0;65m[48;2;197;0;65m▀[0m[38;2;197;0;65m[48;2;197;0;65m▀[0m[38;2;197;0;65m[48;2;197;0;65m▀[0m[38;2;197;0;65m[48;2;197;0;65m▀[0m[38;2;197;0;65m[48;2;197;0;65m▀[0m[38;2;197;0;65m[48;2;197;0;65m▀[0m[38;2;195;0;64m[48;2;197;0;65m▀[0m[38;2;203;2;67m[48;2;197;0;63m▀[0m[38;2;239;12;77m[48;2;195;0;62m▀[0m[38;2;212;45;92m[48;2;195;144;154m▀[0m[38;2;162;124;154m[48;2;89;175;194m▀[0m[38;2;145;202;203m[48;2;0;156;213m▀[0m[38;2;203;198;174m[48;2;73;210;255m▀[0m[38;2;245;202;153m[48;2;216;195;163m▀[0m[38;2;248;186;133m[48;2;255;189;129m▀[0m[38;2;236;160;113m[48;2;236;160;112m▀[0m                          
                          [38;2;237;161;112m[48;2;237;161;112m▀[0m[38;2;255;196;141m[48;2;255;196;141m▀[0m[38;2;203;158;118m[48;2;200;159;117m▀[0m[38;2;28;14;19m[48;2;10;18;15m▀[0m[38;2;159;0;54m[48;2;155;0;53m▀[0m[38;2;207;0;68m[48;2;208;0;68m▀[0m[38;2;197;0;65m[48;2;197;0;65m▀[0m[38;2;197;0;65m[48;2;197;0;65m▀[0m[38;2;197;0;65m[48;2;197;0;65m▀[0m[38;2;197;0;65m[48;2;197;0;65m▀[0m[38;2;197;0;65m[48;2;197;0;65m▀[0m[38;2;197;0;65m[48;2;197;0;65m▀[0m[38;2;197;0;65m[48;2;197;0;65m▀[0m[38;2;197;0;65m[48;2;197;0;65m▀[0m[38;2;197;0;65m[48;2;197;0;65m▀[0m[38;2;197;0;65m[48;2;197;0;65m▀[0m[38;2;197;0;65m[48;2;197;0;65m▀[0m[38;2;197;0;65m[48;2;197;0;65m▀[0m[38;2;197;0;65m[48;2;197;0;65m▀[0m[38;2;200;0;66m[48;2;197;0;63m▀[0m[38;2;200;0;66m[48;2;198;0;63m▀[0m[38;2;63;9;19m[48;2;183;129;141m▀[0m[38;2;2;83;102m[48;2;86;167;186m▀[0m[38;2;1;157;212m[48;2;0;141;196m▀[0m[38;2;15;155;204m[48;2;6;145;194m▀[0m[38;2;204;184;152m[48;2;202;182;151m▀[0m[38;2;255;190;130m[48;2;255;189;130m▀[0m[38;2;237;161;112m[48;2;237;161;112m▀[0m                          
                          [38;2;237;161;112m[48;2;237;161;112m▀[0m[38;2;255;196;141m[48;2;255;197;142m▀[0m[38;2;201;159;117m[48;2;200;159;117m▀[0m[38;2;16;17;16m[48;2;14;15;15m▀[0m[38;2;156;0;53m[48;2;156;0;53m▀[0m[38;2;208;0;68m[48;2;208;0;68m▀[0m[38;2;197;0;65m[48;2;197;0;65m▀[0m[38;2;197;0;65m[48;2;197;0;65m▀[0m[38;2;197;0;65m[48;2;197;0;65m▀[0m[38;2;197;0;65m[48;2;197;0;65m▀[0m[38;2;197;0;65m[48;2;197;0;65m▀[0m[38;2;197;0;65m[48;2;197;0;65m▀[0m[38;2;197;0;65m[48;2;197;0;65m▀[0m[38;2;197;0;65m[48;2;197;0;65m▀[0m[38;2;197;0;65m[48;2;197;0;65m▀[0m[38;2;197;0;65m[48;2;197;0;65m▀[0m[38;2;197;0;65m[48;2;197;0;65m▀[0m[38;2;197;0;65m[48;2;197;0;65m▀[0m[38;2;197;0;65m[48;2;197;0;65m▀[0m[38;2;196;0;62m[48;2;197;0;63m▀[0m[38;2;196;0;61m[48;2;197;0;63m▀[0m[38;2;248;202;212m[48;2;201;124;142m▀[0m[38;2;147;233;250m[48;2;155;211;227m▀[0m[38;2;11;160;214m[48;2;77;208;252m▀[0m[38;2;3;155;204m[48;2;22;131;181m▀[0m[38;2;201;184;152m[48;2;203;178;147m▀[0m[38;2;255;189;130m[48;2;255;191;132m▀[0m[38;2;237;161;112m[48;2;237;161;112m▀[0m                          
                          [38;2;236;160;112m[48;2;233;160;109m▀[0m[38;2;255;200;144m[48;2;244;176;125m▀[0m[38;2;199;158;117m[48;2;240;176;125m▀[0m[38;2;8;11;12m[48;2;181;141;104m▀[0m[38;2;156;0;53m[48;2;164;26;64m▀[0m[38;2;210;0;69m[48;2;181;0;58m▀[0m[38;2;197;0;65m[48;2;199;0;65m▀[0m[38;2;197;0;65m[48;2;197;0;65m▀[0m[38;2;197;0;65m[48;2;197;0;65m▀[0m[38;2;197;0;65m[48;2;197;0;65m▀[0m[38;2;197;0;65m[48;2;197;0;65m▀[0m[38;2;197;0;65m[48;2;197;0;65m▀[0m[38;2;197;0;65m[48;2;197;0;65m▀[0m[38;2;197;0;65m[48;2;197;0;65m▀[0m[38;2;197;0;65m[48;2;197;0;65m▀[0m[38;2;197;0;65m[48;2;197;0;65m▀[0m[38;2;197;0;65m[48;2;197;0;65m▀[0m[38;2;197;0;65m[48;2;197;0;65m▀[0m[38;2;197;0;65m[48;2;197;0;65m▀[0m[38;2;196;0;65m[48;2;197;0;65m▀[0m[38;2;196;0;65m[48;2;197;0;65m▀[0m[38;2;240;7;70m[48;2;213;0;62m▀[0m[38;2;252;155;185m[48;2;198;39;87m▀[0m[38;2;223;223;232m[48;2;191;88;112m▀[0m[38;2;128;1;54m[48;2;220;131;109m▀[0m[38;2;223;151;121m[48;2;248;173;124m▀[0m[38;2;255;201;142m[48;2;244;176;124m▀[0m[38;2;236;160;112m[48;2;233;160;109m▀[0m                          
                 [38;2;240;162;113m▄[0m[38;2;248;170;115m▄[0m[38;2;236;157;109m▄[0m[38;2;236;157;109m▄[0m[38;2;230;157;103m▄[0m[38;2;230;157;103m▄[0m[38;2;236;157;109m▄[0m[38;2;170;170;85m[48;2;240;166;113m▀[0m[38;2;235;161;110m[48;2;248;174;123m▀[0m[38;2;247;165;115m[48;2;255;182;129m▀[0m[38;2;236;165;116m[48;2;251;185;133m▀[0m[38;2;255;191;136m[48;2;251;194;143m▀[0m[38;2;255;203;149m[48;2;250;189;137m▀[0m[38;2;98;38;49m[48;2;77;77;53m▀[0m[38;2;130;0;41m[48;2;93;15;38m▀[0m[38;2;214;0;70m[48;2;181;0;59m▀[0m[38;2;197;0;65m[48;2;201;0;66m▀[0m[38;2;197;0;65m[48;2;199;0;66m▀[0m[38;2;197;0;65m[48;2;197;0;65m▀[0m[38;2;197;0;65m[48;2;197;0;65m▀[0m[38;2;197;0;65m[48;2;197;0;65m▀[0m[38;2;197;0;65m[48;2;197;0;65m▀[0m[38;2;197;0;65m[48;2;197;0;65m▀[0m[38;2;197;0;65m[48;2;197;0;65m▀[0m[38;2;197;0;65m[48;2;197;0;65m▀[0m[38;2;197;0;65m[48;2;197;0;65m▀[0m[38;2;197;0;65m[48;2;197;0;65m▀[0m[38;2;197;0;65m[48;2;197;0;65m▀[0m[38;2;197;0;65m[48;2;199;0;66m▀[0m[38;2;197;0;65m[48;2;201;0;66m▀[0m[38;2;211;0;70m[48;2;181;0;59m▀[0m[38;2;127;0;33m[48;2;93;15;38m▀[0m[38;2;93;23;37m[48;2;77;77;53m▀[0m[38;2;254;204;146m[48;2;250;189;137m▀[0m[38;2;255;192;137m[48;2;253;192;141m▀[0m[38;2;236;166;118m[48;2;253;184;132m▀[0m[38;2;244;162;113m[48;2;255;182;129m▀[0m[38;2;235;161;110m[48;2;248;174;123m▀[0m[38;2;170;170;85m[48;2;240;166;113m▀[0m[38;2;236;157;109m▄[0m[38;2;242;163;115m▄[0m[38;2;241;161;114m▄[0m                     
          [38;2;235;161;112m▄[0m[38;2;255;176;123m▄[0m[38;2;237;162;112m▄[0m[38;2;237;162;112m▄[0m[38;2;235;158;109m▄[0m[38;2;238;164;114m▄[0m[38;2;229;153;102m[48;2;245;183;130m▀[0m[38;2;237;163;113m[48;2;243;179;125m▀[0m[38;2;248;172;119m[48;2;252;185;130m▀[0m[38;2;237;163;114m[48;2;250;182;127m▀[0m[38;2;237;163;114m[48;2;250;186;132m▀[0m[38;2;237;162;114m[48;2;255;212;173m▀[0m[38;2;237;162;114m[48;2;255;219;184m▀[0m[38;2;237;161;113m[48;2;255;206;163m▀[0m[38;2;238;166;118m[48;2;250;188;136m▀[0m[38;2;246;188;138m[48;2;247;192;142m▀[0m[38;2;246;190;140m[48;2;254;184;132m▀[0m[38;2;246;190;140m[48;2;255;188;133m▀[0m[38;2;245;185;135m[48;2;239;168;119m▀[0m[38;2;241;166;117m[48;2;236;160;113m▀[0m[38;2;253;195;141m[48;2;247;173;122m▀[0m[38;2;112;99;72m[48;2;235;188;134m▀[0m[38;2;42;0;19m[48;2;149;116;89m▀[0m[38;2;203;0;67m[48;2;37;0;16m▀[0m[38;2;201;0;66m[48;2;122;0;39m▀[0m[38;2;197;0;65m[48;2;188;0;61m▀[0m[38;2;197;0;65m[48;2;211;0;69m▀[0m[38;2;197;0;65m[48;2;197;0;65m▀[0m[38;2;197;0;65m[48;2;197;0;65m▀[0m[38;2;197;0;65m[48;2;197;0;65m▀[0m[38;2;197;0;65m[48;2;196;0;65m▀[0m[38;2;197;0;65m[48;2;198;0;65m▀[0m[38;2;197;0;65m[48;2;209;0;68m▀[0m[38;2;197;0;65m[48;2;208;0;68m▀[0m[38;2;197;0;65m[48;2;182;0;59m▀[0m[38;2;201;0;66m[48;2;122;0;39m▀[0m[38;2;203;0;67m[48;2;38;0;18m▀[0m[38;2;42;0;19m[48;2;149;117;89m▀[0m[38;2;112;99;72m[48;2;235;188;134m▀[0m[38;2;253;195;142m[48;2;247;174;123m▀[0m[38;2;241;166;117m[48;2;236;160;113m▀[0m[38;2;240;164;115m[48;2;236;155;108m▀[0m[38;2;243;178;129m[48;2;238;166;117m▀[0m[38;2;247;192;141m[48;2;255;195;139m▀[0m[38;2;246;188;138m[48;2;247;192;142m▀[0m[38;2;238;166;117m[48;2;250;190;139m▀[0m[38;2;237;162;113m[48;2;250;188;137m▀[0m[38;2;246;170;118m[48;2;252;189;138m▀[0m[38;2;238;164;114m[48;2;245;181;129m▀[0m[38;2;229;165;114m[48;2;236;157;104m▀[0m[38;2;237;158;107m▄[0m[38;2;249;171;119m▄[0m[38;2;237;161;112m▄[0m                 
         [38;2;237;164;114m[48;2;238;165;115m▀[0m[38;2;248;170;119m[48;2;250;171;119m▀[0m[38;2;255;183;128m[48;2;248;176;125m▀[0m[38;2;255;187;134m[48;2;247;191;141m▀[0m[38;2;255;186;133m[48;2;247;190;139m▀[0m[38;2;255;196;147m[48;2;251;205;161m▀[0m[38;2;255;216;179m[48;2;255;230;204m▀[0m[38;2;255;236;211m[48;2;255;254;251m▀[0m[38;2;253;225;201m[48;2;255;255;255m▀[0m[38;2;250;225;202m[48;2;255;255;255m▀[0m[38;2;251;227;204m[48;2;255;250;245m▀[0m[38;2;252;229;206m[48;2;254;242;231m▀[0m[38;2;255;230;201m[48;2;255;217;181m▀[0m[38;2;253;218;181m[48;2;255;197;147m▀[0m[38;2;253;200;154m[48;2;240;172;121m▀[0m[38;2;255;187;134m[48;2;240;163;112m▀[0m[38;2;255;190;136m[48;2;243;165;115m▀[0m[38;2;239;166;118m[48;2;233;155;113m▀[0m[38;2;250;169;118m▀[0m[38;2;236;162;114m▀[0m [38;2;233;154;108m▀[0m[38;2;255;191;137m[48;2;235;153;107m▀[0m[38;2;244;185;132m[48;2;255;184;129m▀[0m[38;2;121;105;76m[48;2;255;197;143m▀[0m[38;2;181;103;94m[48;2;255;211;152m▀[0m[38;2;127;38;56m[48;2;131;125;85m▀[0m[38;2;115;0;37m[48;2;80;34;40m▀[0m[38;2;205;0;67m[48;2;188;0;62m▀[0m[38;2;199;0;65m[48;2;197;0;64m▀[0m[38;2;197;0;65m[48;2;199;0;66m▀[0m[38;2;203;0;67m[48;2;197;0;64m▀[0m[38;2;189;0;63m[48;2;168;7;59m▀[0m[38;2;94;0;34m[48;2;62;59;43m▀[0m[38;2;133;0;41m[48;2;118;47;55m▀[0m[38;2;181;33;72m[48;2;207;109;102m▀[0m[38;2;182;104;93m[48;2;255;203;142m▀[0m[38;2;131;101;70m[48;2;255;180;125m▀[0m[38;2;248;183;131m[48;2;255;177;124m▀[0m[38;2;255;192;137m[48;2;236;157;108m▀[0m[38;2;236;157;107m▀[0m  [38;2;238;157;106m▀[0m[38;2;251;176;124m[48;2;226;148;106m▀[0m[38;2;255;190;136m[48;2;243;165;115m▀[0m[38;2;255;189;135m[48;2;240;163;112m▀[0m[38;2;251;190;138m[48;2;240;172;122m▀[0m[38;2;247;197;150m[48;2;255;201;152m▀[0m[38;2;252;211;173m[48;2;254;221;188m▀[0m[38;2;255;225;202m[48;2;254;246;238m▀[0m[38;2;255;197;153m[48;2;251;223;196m▀[0m[38;2;255;185;126m[48;2;248;203;164m▀[0m[38;2;241;171;118m[48;2;250;205;165m▀[0m[38;2;236;158;106m[48;2;255;189;140m▀[0m[38;2;237;158;109m[48;2;255;181;128m▀[0m[38;2;251;170;119m[48;2;255;187;130m▀[0m[38;2;235;159;112m[48;2;238;166;116m▀[0m[38;2;234;156;106m▄[0m[38;2;255;171;118m▄[0m[38;2;235;156;107m▄[0m          
          [38;2;236;162;113m[48;2;240;165;105m▀[0m[38;2;255;180;129m[48;2;243;172;121m▀[0m[38;2;246;189;139m[48;2;255;180;128m▀[0m[38;2;246;189;139m[48;2;255;179;126m▀[0m[38;2;245;187;135m[48;2;250;184;134m▀[0m[38;2;249;196;150m[48;2;247;192;143m▀[0m[38;2;255;224;192m[48;2;248;195;148m▀[0m[38;2;255;253;250m[48;2;247;200;157m▀[0m[38;2;255;236;217m[48;2;243;181;136m▀[0m[38;2;252;207;165m[48;2;248;173;123m▀[0m[38;2;244;183;131m[48;2;239;166;117m▀[0m[38;2;238;165;114m[48;2;235;158;110m▀[0m[38;2;255;175;122m[48;2;255;167;120m▀[0m[38;2;237;163;113m[48;2;242;157;109m▀[0m       [38;2;238;160;112m▄[0m[38;2;238;163;112m[48;2;255;181;128m▀[0m[38;2;243;168;118m[48;2;246;186;136m▀[0m[38;2;248;188;137m[48;2;252;199;144m▀[0m[38;2;255;203;147m[48;2;197;98;97m▀[0m[38;2;214;133;112m[48;2;166;22;60m▀[0m[38;2;138;0;46m[48;2;189;0;63m▀[0m[38;2;190;0;63m[48;2;197;0;65m▀[0m[38;2;204;0;67m[48;2;198;0;65m▀[0m[38;2;172;0;55m[48;2;195;0;64m▀[0m[38;2;147;19;57m[48;2;183;3;62m▀[0m[38;2;241;177;134m[48;2;156;29;61m▀[0m[38;2;253;200;145m[48;2;220;146;118m▀[0m[38;2;255;189;136m[48;2;255;203;146m▀[0m[38;2;237;161;113m[48;2;246;184;133m▀[0m[38;2;255;182;109m[48;2;243;168;117m▀[0m[38;2;238;162;113m▄[0m        [38;2;236;160;110m[48;2;230;157;109m▀[0m[38;2;255;183;131m[48;2;243;171;118m▀[0m[38;2;246;189;138m[48;2;255;184;130m▀[0m[38;2;246;184;130m[48;2;255;177;123m▀[0m[38;2;252;232;215m[48;2;250;191;144m▀[0m[38;2;255;255;255m[48;2;251;211;174m▀[0m[38;2;255;253;249m[48;2;255;234;212m▀[0m[38;2;255;227;197m[48;2;255;254;252m▀[0m[38;2;249;199;154m[48;2;254;248;242m▀[0m[38;2;246;190;140m[48;2;254;246;239m▀[0m[38;2;246;187;138m[48;2;254;243;234m▀[0m[38;2;243;168;119m[48;2;255;219;185m▀[0m[38;2;255;179;126m[48;2;254;197;149m▀[0m[38;2;239;163;114m[48;2;241;173;122m▀[0m[38;2;212;170;127m[48;2;243;164;115m▀[0m[38;2;255;204;102m[48;2;238;163;115m▀[0m[38;2;255;255;0m[48;2;223;159;116m▀[0m       
           [38;2;215;156;98m▀[0m[38;2;240;162;114m▀[0m[38;2;240;162;111m▀[0m[38;2;241;171;121m[48;2;238;164;115m▀[0m[38;2;255;194;138m[48;2;255;173;121m▀[0m[38;2;255;184;130m[48;2;237;162;113m▀[0m[38;2;247;187;134m[48;2;241;177;128m▀[0m[38;2;243;181;130m[48;2;250;192;141m▀[0m[38;2;252;178;126m[48;2;252;190;139m▀[0m[38;2;237;160;112m[48;2;238;168;119m▀[0m[38;2;234;160;114m▄[0m[38;2;255;174;120m▄[0m[38;2;236;157;109m▄[0m       [38;2;237;160;112m[48;2;238;161;112m▀[0m[38;2;255;200;141m[48;2;253;179;126m▀[0m[38;2;246;193;143m[48;2;254;190;138m▀[0m[38;2;255;202;147m[48;2;255;198;146m▀[0m[38;2;117;70;64m[48;2;140;125;88m▀[0m[38;2;77;0;22m[48;2;92;38;46m▀[0m[38;2;210;0;69m[48;2;181;0;57m▀[0m[38;2;200;0;65m[48;2;194;0;62m▀[0m[38;2;196;0;65m[48;2;198;0;63m▀[0m[38;2;203;0;67m[48;2;189;0;60m▀[0m[38;2;195;0;64m[48;2;173;0;58m▀[0m[38;2;126;0;35m[48;2;168;54;73m▀[0m[38;2;207;125;108m[48;2;224;153;122m▀[0m[38;2;254;206;148m[48;2;255;202;146m▀[0m[38;2;254;194;142m[48;2;244;180;130m▀[0m[38;2;255;188;132m[48;2;242;167;118m▀[0m[38;2;239;163;114m[48;2;236;163;115m▀[0m         [38;2;232;155;99m▀[0m[38;2;247;170;116m▀[0m[38;2;238;160;111m▀[0m[38;2;239;166;113m[48;2;235;157;110m▀[0m[38;2;255;198;143m[48;2;252;180;126m▀[0m[38;2;249;205;162m[48;2;247;183;129m▀[0m[38;2;250;216;186m[48;2;245;182;127m▀[0m[38;2;254;252;250m[48;2;250;223;199m▀[0m[38;2;255;255;255m[48;2;252;229;206m▀[0m[38;2;255;235;213m[48;2;251;205;161m▀[0m[38;2;251;207;165m[48;2;245;188;137m▀[0m[38;2;247;194;146m[48;2;251;187;135m▀[0m[38;2;250;191;138m[48;2;255;193;140m▀[0m[38;2;255;189;136m[48;2;241;179;130m▀[0m[38;2;255;183;129m[48;2;237;163;115m▀[0m[38;2;252;172;122m[48;2;255;174;122m▀[0m[38;2;238;163;115m[48;2;237;165;115m▀[0m      
               [38;2;235;158;110m▄[0m[38;2;241;161;120m[48;2;247;170;119m▀[0m[38;2;237;162;114m[48;2;246;186;136m▀[0m[38;2;254;187;135m[48;2;246;186;133m▀[0m[38;2;247;193;143m[48;2;248;198;152m▀[0m[38;2;247;191;141m[48;2;254;217;179m▀[0m[38;2;249;174;123m[48;2;248;187;136m▀[0m[38;2;255;183;129m[48;2;249;189;137m▀[0m[38;2;239;167;116m[48;2;253;185;134m▀[0m[38;2;236;163;109m[48;2;237;161;111m▀[0m       [38;2;233;159;111m[48;2;255;127;127m▀[0m[38;2;242;166;117m[48;2;246;167;114m▀[0m[38;2;246;185;135m[48;2;238;165;116m▀[0m[38;2;255;207;149m[48;2;255;179;125m▀[0m[38;2;220;141;116m[48;2;238;168;121m▀[0m[38;2;142;12;51m[48;2;236;173;131m▀[0m[38;2;193;12;68m[48;2;241;172;132m▀[0m[38;2;207;12;72m[48;2;242;172;132m▀[0m[38;2;176;12;60m[48;2;239;173;132m▀[0m[38;2;152;31;62m[48;2;236;172;130m▀[0m[38;2;243;184;136m[48;2;238;167;118m▀[0m[38;2;254;200;144m[48;2;255;184;130m▀[0m[38;2;253;185;133m[48;2;239;167;116m▀[0m[38;2;237;160;112m[48;2;241;161;107m▀[0m            [38;2;153;102;102m▄[0m[38;2;238;170;119m[48;2;238;162;114m▀[0m[38;2;255;178;127m[48;2;247;167;117m▀[0m[38;2;234;158;111m[48;2;240;170;121m▀[0m[38;2;252;176;124m[48;2;246;187;135m▀[0m[38;2;246;188;138m[48;2;246;186;133m▀[0m[38;2;246;188;136m[48;2;246;188;137m▀[0m[38;2;246;187;135m[48;2;245;190;140m▀[0m[38;2;246;188;138m[48;2;251;190;139m▀[0m[38;2;247;188;138m[48;2;254;177;125m▀[0m[38;2;240;169;119m[48;2;238;163;114m▀[0m[38;2;252;172;120m[48;2;255;177;121m▀[0m[38;2;235;162;113m[48;2;240;155;113m▀[0m         
          [38;2;236;157;109m▄[0m[38;2;255;174;120m▄[0m[38;2;236;161;111m▄[0m[38;2;234;160;112m[48;2;240;170;120m▀[0m[38;2;250;168;117m[48;2;255;187;131m▀[0m[38;2;239;167;118m[48;2;255;187;134m▀[0m[38;2;255;188;133m[48;2;249;203;158m▀[0m[38;2;248;184;128m[48;2;249;210;175m▀[0m[38;2;249;215;184m[48;2;254;243;233m▀[0m[38;2;253;238;223m[48;2;255;255;255m▀[0m[38;2;255;245;234m[48;2;255;255;255m▀[0m[38;2;253;235;218m[48;2;255;255;255m▀[0m[38;2;247;200;158m[48;2;251;229;210m▀[0m[38;2;253;186;129m[48;2;249;209;172m▀[0m[38;2;241;176;124m[48;2;252;202;156m▀[0m[38;2;237;163;114m[48;2;255;186;134m▀[0m[38;2;255;173;120m[48;2;255;193;138m▀[0m[38;2;236;158;111m[48;2;246;174;125m▀[0m[38;2;234;157;107m▄[0m     [38;2;233;159;109m▀[0m[38;2;241;162;113m[48;2;234;157;109m▀[0m[38;2;255;191;136m[48;2;253;180;128m▀[0m[38;2;250;199;145m[48;2;247;183;133m▀[0m[38;2;248;197;142m[48;2;246;189;139m▀[0m[38;2;248;197;142m[48;2;246;189;139m▀[0m[38;2;249;198;144m[48;2;246;190;140m▀[0m[38;2;251;195;141m[48;2;249;190;140m▀[0m[38;2;245;169;119m[48;2;255;180;127m▀[0m[38;2;247;166;116m[48;2;231;154;108m▀[0m[38;2;232;155;110m▀[0m        [38;2;221;153;102m▄[0m[38;2;244;166;115m▄[0m[38;2;241;163;112m▄[0m[38;2;238;162;111m[48;2;241;171;121m▀[0m[38;2;255;173;120m[48;2;255;192;136m▀[0m[38;2;237;163;114m[48;2;255;183;129m▀[0m[38;2;244;178;127m[48;2;250;199;152m▀[0m[38;2;255;185;128m[48;2;249;210;173m▀[0m[38;2;252;192;140m[48;2;252;223;194m▀[0m[38;2;252;214;176m[48;2;255;241;225m▀[0m[38;2;252;233;216m[48;2;255;255;255m▀[0m[38;2;248;203;163m[48;2;249;208;172m▀[0m[38;2;253;185;131m[48;2;252;182;124m▀[0m[38;2;240;169;119m[48;2;241;170;121m▀[0m[38;2;240;163;112m[48;2;242;162;114m▀[0m[38;2;218;145;109m[48;2;191;127;95m▀[0m           
         [38;2;243;166;110m[48;2;236;160;111m▀[0m[38;2;243;168;118m[48;2;255;185;132m▀[0m[38;2;255;186;131m[48;2;247;189;137m▀[0m[38;2;252;176;124m[48;2;246;189;139m▀[0m[38;2;249;192;143m[48;2;254;215;177m▀[0m[38;2;247;196;149m[48;2;255;241;226m▀[0m[38;2;250;205;165m[48;2;255;253;251m▀[0m[38;2;255;231;204m[48;2;255;254;253m▀[0m[38;2;255;255;255m[48;2;255;255;255m▀[0m[38;2;255;255;255m[48;2;255;255;255m▀[0m[38;2;255;255;255m[48;2;255;255;255m▀[0m[38;2;255;255;255m[48;2;255;255;255m▀[0m[38;2;255;255;255m[48;2;255;255;255m▀[0m[38;2;255;255;255m[48;2;255;237;217m▀[0m[38;2;255;243;229m[48;2;251;208;168m▀[0m[38;2;253;214;175m[48;2;245;188;138m▀[0m[38;2;247;192;142m[48;2;246;190;140m▀[0m[38;2;246;191;140m[48;2;246;190;140m▀[0m[38;2;255;193;140m[48;2;246;191;141m▀[0m[38;2;239;165;116m[48;2;249;188;137m▀[0m[38;2;240;165;112m[48;2;238;164;115m▀[0m[38;2;255;170;127m[48;2;239;166;114m▀[0m     [38;2;231;154;108m[48;2;238;158;112m▀[0m[38;2;251;173;121m[48;2;255;177;124m▀[0m[38;2;247;188;138m[48;2;248;189;139m▀[0m[38;2;246;190;140m[48;2;247;192;142m▀[0m[38;2;247;190;140m[48;2;254;188;136m▀[0m[38;2;245;185;135m[48;2;237;163;114m▀[0m[38;2;247;171;121m[48;2;244;173;122m▀[0m[38;2;239;158;112m[48;2;255;170;85m▀[0m        [38;2;239;159;111m[48;2;239;161;110m▀[0m[38;2;243;170;121m[48;2;255;181;129m▀[0m[38;2;255;181;128m[48;2;247;190;140m▀[0m[38;2;255;177;124m[48;2;246;188;138m▀[0m[38;2;249;184;133m[48;2;245;184;131m▀[0m[38;2;246;193;145m[48;2;249;209;175m▀[0m[38;2;248;201;158m[48;2;255;254;254m▀[0m[38;2;255;224;193m[48;2;255;255;254m▀[0m[38;2;255;250;243m[48;2;255;255;255m▀[0m[38;2;255;255;255m[48;2;255;255;255m▀[0m[38;2;255;255;255m[48;2;255;255;255m▀[0m[38;2;255;255;255m[48;2;255;255;255m▀[0m[38;2;250;212;181m[48;2;255;253;251m▀[0m[38;2;246;191;140m[48;2;251;224;200m▀[0m[38;2;251;190;138m[48;2;246;183;129m▀[0m[38;2;255;179;126m[48;2;246;188;138m▀[0m[38;2;242;166;118m[48;2;255;180;128m▀[0m[38;2;236;145;109m[48;2;235;159;110m▀[0m          
     [38;2;239;159;111m▄[0m[38;2;230;155;110m[48;2;249;176;124m▀[0m[38;2;255;172;120m[48;2;255;190;134m▀[0m[38;2;237;161;112m[48;2;255;182;126m▀[0m[38;2;241;171;118m[48;2;252;212;180m▀[0m[38;2;255;203;156m[48;2;253;234;216m▀[0m[38;2;252;208;165m[48;2;255;240;224m▀[0m[38;2;246;185;131m[48;2;251;221;196m▀[0m[38;2;248;192;143m[48;2;245;189;141m▀[0m[38;2;253;236;220m[48;2;249;208;171m▀[0m[38;2;255;255;255m[48;2;251;227;204m▀[0m[38;2;255;255;255m[48;2;251;225;202m▀[0m[38;2;255;237;218m[48;2;251;209;170m▀[0m[38;2;251;215;182m[48;2;247;193;142m▀[0m[38;2;248;205;167m[48;2;248;184;128m▀[0m[38;2;249;208;171m[48;2;255;182;126m▀[0m[38;2;249;208;171m[48;2;255;183;127m▀[0m[38;2;249;202;159m[48;2;255;184;130m▀[0m[38;2;247;194;146m[48;2;255;191;137m▀[0m[38;2;248;189;137m[48;2;241;176;126m▀[0m[38;2;255;183;130m[48;2;237;161;113m▀[0m[38;2;255;182;129m[48;2;236;160;111m▀[0m[38;2;255;191;136m[48;2;253;171;120m▀[0m[38;2;242;172;122m[48;2;236;160;112m▀[0m[38;2;238;167;114m▀[0m[38;2;238;153;119m▀[0m     [38;2;229;153;114m▀[0m[38;2;248;173;120m▀[0m[38;2;239;168;119m[48;2;237;160;111m▀[0m[38;2;252;190;138m[48;2;255;193;140m▀[0m[38;2;254;189;137m[48;2;255;193;140m▀[0m[38;2;237;161;112m[48;2;237;161;113m▀[0m[38;2;218;182;109m[48;2;239;175;111m▀[0m         [38;2;238;162;114m[48;2;238;163;115m▀[0m[38;2;255;194;137m[48;2;255;174;122m▀[0m[38;2;255;184;131m[48;2;237;161;113m▀[0m[38;2;248;191;140m[48;2;241;176;126m▀[0m[38;2;246;190;139m[48;2;255;192;138m▀[0m[38;2;247;195;149m[48;2;253;186;133m▀[0m[38;2;249;210;176m[48;2;246;187;135m▀[0m[38;2;255;230;206m[48;2;251;203;158m▀[0m[38;2;255;252;248m[48;2;251;221;192m▀[0m[38;2;255;255;255m[48;2;251;225;201m▀[0m[38;2;255;255;255m[48;2;251;229;209m▀[0m[38;2;255;255;255m[48;2;255;255;255m▀[0m[38;2;255;255;255m[48;2;255;255;255m▀[0m[38;2;254;249;244m[48;2;255;255;255m▀[0m[38;2;252;228;208m[48;2;255;255;255m▀[0m[38;2;245;186;133m[48;2;251;223;199m▀[0m[38;2;255;190;137m[48;2;246;198;153m▀[0m[38;2;252;182;130m[48;2;255;191;135m▀[0m[38;2;235;158;109m[48;2;243;170;118m▀[0m[38;2;237;161;111m▄[0m[38;2;191;127;95m▄[0m       
  [38;2;236;163;109m[48;2;236;162;113m▀[0m[38;2;249;171;116m[48;2;251;172;120m▀[0m[38;2;232;160;110m[48;2;237;163;114m▀[0m[38;2;238;165;116m[48;2;243;180;129m▀[0m[38;2;255;197;144m[48;2;251;204;159m▀[0m[38;2;247;198;152m[48;2;255;230;205m▀[0m[38;2;248;203;163m[48;2;255;255;255m▀[0m[38;2;254;245;236m[48;2;255;232;208m▀[0m[38;2;255;250;245m[48;2;250;203;161m▀[0m[38;2;253;246;239m[48;2;245;187;136m▀[0m[38;2;254;247;241m[48;2;246;189;140m▀[0m[38;2;247;199;156m[48;2;247;191;141m▀[0m[38;2;248;182;128m[48;2;242;175;125m▀[0m[38;2;248;183;129m[48;2;238;163;114m▀[0m[38;2;249;183;129m[48;2;239;165;116m▀[0m[38;2;249;185;133m[48;2;239;165;116m▀[0m[38;2;253;191;139m[48;2;255;177;124m▀[0m[38;2;242;178;128m[48;2;238;165;115m▀[0m[38;2;237;161;112m[48;2;255;255;0m▀[0m[38;2;237;162;113m[48;2;255;255;0m▀[0m[38;2;237;162;113m[48;2;255;255;0m▀[0m[38;2;251;170;119m[48;2;255;255;0m▀[0m[38;2;237;162;113m[48;2;255;255;0m▀[0m            [38;2;233;170;127m▀[0m[38;2;237;161;113m[48;2;255;255;0m▀[0m[38;2;251;185;133m[48;2;237;164;115m▀[0m[38;2;251;185;133m[48;2;237;164;115m▀[0m[38;2;237;161;113m[48;2;255;255;0m▀[0m[38;2;233;170;127m▀[0m            [38;2;237;162;113m[48;2;255;255;0m▀[0m[38;2;251;169;117m[48;2;255;255;0m▀[0m[38;2;239;170;120m[48;2;235;165;111m▀[0m[38;2;251;190;139m[48;2;249;172;121m▀[0m[38;2;249;186;134m[48;2;241;166;117m▀[0m[38;2;248;184;130m[48;2;238;163;114m▀[0m[38;2;248;181;126m[48;2;242;173;124m▀[0m[38;2;246;191;143m[48;2;246;190;140m▀[0m[38;2;254;241;229m[48;2;246;189;140m▀[0m[38;2;253;243;234m[48;2;245;187;135m▀[0m[38;2;254;246;239m[48;2;250;205;163m▀[0m[38;2;255;250;244m[48;2;254;219;184m▀[0m[38;2;254;248;242m[48;2;246;190;140m▀[0m[38;2;247;200;158m[48;2;245;183;129m▀[0m[38;2;246;193;144m[48;2;251;226;203m▀[0m[38;2;255;202;158m[48;2;254;246;239m▀[0m[38;2;254;176;124m[48;2;246;188;137m▀[0m[38;2;243;168;117m[48;2;255;177;124m▀[0m[38;2;226;155;99m[48;2;236;160;112m▀[0m      
[38;2;238;164;114m▄[0m[38;2;236;160;112m[48;2;236;162;113m▀[0m[38;2;253;184;131m[48;2;255;192;136m▀[0m[38;2;253;192;141m[48;2;255;188;135m▀[0m[38;2;250;190;139m[48;2;255;188;135m▀[0m[38;2;248;190;140m[48;2;255;187;134m▀[0m[38;2;247;194;146m[48;2;255;191;137m▀[0m[38;2;250;198;153m[48;2;241;171;120m▀[0m[38;2;255;194;153m[48;2;234;152;96m▀[0m[38;2;255;188;140m[48;2;235;155;102m▀[0m[38;2;255;182;130m[48;2;235;159;108m▀[0m[38;2;255;178;124m[48;2;238;161;112m▀[0m[38;2;255;179;125m[48;2;238;161;112m▀[0m[38;2;255;190;134m[48;2;252;172;119m▀[0m[38;2;237;165;117m[48;2;237;160;112m▀[0m[38;2;234;158;107m▀[0m[38;2;234;158;112m▀[0m[38;2;234;158;112m▀[0m[38;2;255;173;122m▀[0m[38;2;238;164;115m▀[0m                   [38;2;232;157;112m▀[0m[38;2;232;157;112m▀[0m                [38;2;255;162;115m▀[0m[38;2;244;168;117m▀[0m[38;2;239;163;112m▀[0m[38;2;234;158;107m▀[0m[38;2;239;166;117m[48;2;233;160;109m▀[0m[38;2;255;188;133m[48;2;250;170;119m▀[0m[38;2;255;179;125m[48;2;238;161;112m▀[0m[38;2;249;186;133m[48;2;241;173;123m▀[0m[38;2;247;194;144m[48;2;255;193;138m▀[0m[38;2;248;195;146m[48;2;254;182;129m▀[0m[38;2;246;189;137m[48;2;242;175;125m▀[0m[38;2;252;232;215m[48;2;249;214;186m▀[0m[38;2;255;255;255m[48;2;251;222;195m▀[0m[38;2;255;255;255m[48;2;252;230;210m▀[0m[38;2;253;242;232m[48;2;255;255;255m▀[0m[38;2;254;197;149m[48;2;252;236;220m▀[0m[38;2;253;177;120m[48;2;255;209;167m▀[0m[38;2;235;158;111m[48;2;245;172;117m▀[0m[38;2;237;160;110m▄[0m[38;2;127;0;0m▄[0m   
[38;2;238;164;114m▀[0m[38;2;238;164;115m▀[0m[38;2;236;162;114m▀[0m[38;2;237;162;112m▀[0m[38;2;237;162;112m▀[0m[38;2;237;162;112m▀[0m[38;2;252;171;120m▀[0m[38;2;237;161;112m▀[0m                                                        [38;2;235;159;112m▀[0m[38;2;255;173;120m▀[0m[38;2;237;162;113m[48;2;247;170;115m▀[0m[38;2;243;166;116m[48;2;237;163;114m▀[0m[38;2;251;180;127m[48;2;243;167;117m▀[0m[38;2;250;181;123m[48;2;237;161;113m▀[0m[38;2;251;195;149m[48;2;239;167;118m▀[0m[38;2;253;240;227m[48;2;246;187;136m▀[0m[38;2;253;243;233m[48;2;246;185;133m▀[0m[38;2;251;221;193m[48;2;252;209;168m▀[0m[38;2;255;197;145m[48;2;254;216;180m▀[0m[38;2;249;176;125m[48;2;246;188;138m▀[0m[38;2;249;170;121m[48;2;255;180;127m▀[0m[38;2;228;161;107m[48;2;238;162;114m▀[0m[38;2;255;153;102m▄[0m 
                                                                  [38;2;255;255;127m▀[0m[38;2;239;162;115m▀[0m[38;2;240;165;112m▀[0m[38;2;232;157;112m▀[0m[38;2;239;162;116m[48;2;231;162;115m▀[0m[38;2;255;177;125m[48;2;239;163;112m▀[0m[38;2;255;177;124m[48;2;242;163;114m▀[0m[38;2;250;187;137m[48;2;239;169;119m▀[0m[38;2;247;196;148m[48;2;255;192;137m▀[0m[38;2;247;191;140m[48;2;255;186;133m▀[0m[38;2;250;190;140m[48;2;248;191;141m▀[0m[38;2;255;183;130m[48;2;255;197;144m▀[0m[38;2;234;159;110m[48;2;241;175;126m▀[0m[38;2;236;162;113m▄[0m
                                                                         [38;2;239;163;112m▀[0m[38;2;255;174;120m▀[0m[38;2;237;162;113m▀[0m[38;2;243;178;129m[48;2;237;163;113m▀[0m[38;2;247;186;135m[48;2;250;171;120m▀[0m[38;2;248;180;130m[48;2;238;163;114m▀[0m[38;2;255;175;122m[48;2;238;164;115m▀[0m
[0m