                   [38;2;98;139;74m▄[0m[38;2;98;139;74m▄[0m[38;2;98;139;74m[48;2;139;189;115m▀[0m[38;2;98;139;74m[48;2;139;189;115m▀[0m[38;2;98;139;74m[48;2;41;82;90m▀[0m         
      [38;2;41;82;90m[48;2;41;82;90m▀[0m[38;2;98;139;74m[48;2;139;189;115m▀[0m[38;2;98;139;74m[48;2;139;189;115m▀[0m[38;2;98;139;74m[48;2;139;189;115m▀[0m[38;2;98;139;74m▄[0m[38;2;41;82;90m▄[0m     [38;2;41;82;90m▄[0m[38;2;41;82;90m[48;2;98;139;74m▀[0m[38;2;139;189;115m[48;2;98;139;74m▀[0m[38;2;139;189;115m[48;2;98;139;74m▀[0m[38;2;139;189;115m[48;2;98;139;74m▀[0m[38;2;139;189;115m[48;2;139;189;115m▀[0m[38;2;0;0;0m[48;2;0;0;0m▀[0m         
       [38;2;41;82;90m[48;2;0;0;0m▀[0m[38;2;98;139;74m[48;2;98;139;74m▀[0m[38;2;98;139;74m[48;2;98;139;74m▀[0m[38;2;139;189;115m[48;2;98;139;74m▀[0m[38;2;139;189;115m[48;2;98;139;74m▀[0m[38;2;41;82;90m[48;2;98;139;74m▀[0m[38;2;41;82;90m▄[0m[38;2;98;82;57m▄[0m[38;2;98;82;57m[48;2;180;156;82m▀[0m[38;2;41;82;90m▄[0m[38;2;41;82;90m[48;2;98;139;74m▀[0m[38;2;98;139;74m[48;2;98;139;74m▀[0m[38;2;98;139;74m[48;2;98;139;74m▀[0m[38;2;98;139;74m[48;2;98;139;74m▀[0m[38;2;98;139;74m[48;2;98;139;74m▀[0m[38;2;41;82;90m[48;2;0;0;0m▀[0m          
        [38;2;0;0;0m▀[0m[38;2;98;139;74m[48;2;0;0;0m▀[0m[38;2;98;139;74m[48;2;41;82;90m▀[0m[38;2;98;139;74m[48;2;98;139;74m▀[0m[38;2;98;139;74m[48;2;98;139;74m▀[0m[38;2;98;139;74m[48;2;98;139;74m▀[0m[38;2;98;82;57m[48;2;98;82;57m▀[0m[38;2;180;156;82m[48;2;180;156;82m▀[0m[38;2;41;82;90m[48;2;41;82;90m▀[0m[38;2;98;139;74m[48;2;98;139;74m▀[0m[38;2;98;139;74m[48;2;98;139;74m▀[0m[38;2;98;139;74m[48;2;0;0;0m▀[0m[38;2;65;115;123m[48;2;0;0;0m▀[0m[38;2;0;0;0m▀[0m           
           [38;2;0;0;0m▀[0m[38;2;0;0;0m▀[0m[38;2;41;82;90m▀[0m[38;2;41;82;90m▀[0m[38;2;0;0;0m[48;2;0;0;0m▀[0m[38;2;180;156;82m[48;2;180;156;82m▀[0m[38;2;0;0;0m[48;2;98;82;57m▀[0m[38;2;0;0;0m▀[0m              
               [38;2;98;82;57m[48;2;98;82;57m▀[0m[38;2;180;156;82m[48;2;139;123;65m▀[0m[38;2;98;82;57m[48;2;180;156;82m▀[0m[38;2;98;82;57m[48;2;180;156;82m▀[0m[38;2;98;82;57m[48;2;180;156;82m▀[0m[38;2;98;82;57m[48;2;180;156;82m▀[0m[38;2;139;123;65m▄[0m[38;2;139;123;65m▄[0m[38;2;90;172;148m▄[0m[38;2;90;172;148m▄[0m        
             [38;2;98;82;57m▄[0m[38;2;98;82;57m[48;2;139;123;65m▀[0m[38;2;139;123;65m[48;2;139;123;65m▀[0m[38;2;139;123;65m[48;2;98;82;57m▀[0m[38;2;139;123;65m[48;2;139;123;65m▀[0m[38;2;180;156;82m[48;2;139;123;65m▀[0m[38;2;180;156;82m[48;2;180;156;82m▀[0m[38;2;139;123;65m[48;2;131;205;180m▀[0m[38;2;131;205;180m[48;2;131;205;180m▀[0m[38;2;131;205;180m[48;2;131;205;180m▀[0m[38;2;131;205;180m[48;2;131;205;180m▀[0m[38;2;131;205;180m[48;2;164;230;205m▀[0m[38;2;90;172;148m[48;2;164;230;205m▀[0m[38;2;90;172;148m[48;2;164;230;205m▀[0m[38;2;90;172;148m▄[0m     
            [38;2;0;0;0m▄[0m[38;2;98;82;57m[48;2;90;172;148m▀[0m[38;2;98;82;57m[48;2;90;172;148m▀[0m[38;2;98;82;57m[48;2;90;172;148m▀[0m[38;2;90;172;148m[48;2;90;172;148m▀[0m[38;2;90;172;148m[48;2;90;172;148m▀[0m[38;2;139;123;65m[48;2;90;172;148m▀[0m[38;2;139;123;65m[48;2;90;172;148m▀[0m[38;2;131;205;180m[48;2;131;205;180m▀[0m[38;2;131;205;180m[48;2;131;205;180m▀[0m[38;2;131;205;180m[48;2;131;205;180m▀[0m[38;2;131;205;180m[48;2;131;205;180m▀[0m[38;2;131;205;180m[48;2;131;205;180m▀[0m[38;2;164;230;205m[48;2;131;205;180m▀[0m[38;2;164;230;205m[48;2;131;205;180m▀[0m[38;2;164;230;205m[48;2;164;230;205m▀[0m[38;2;90;172;148m[48;2;164;230;205m▀[0m[38;2;65;115;123m▄[0m   
            [38;2;0;0;0m[48;2;41;82;90m▀[0m[38;2;90;172;148m[48;2;90;172;148m▀[0m[38;2;90;172;148m[48;2;90;172;148m▀[0m[38;2;90;172;148m[48;2;90;172;148m▀[0m[38;2;90;172;148m[48;2;90;172;148m▀[0m[38;2;90;172;148m[48;2;90;172;148m▀[0m[38;2;90;172;148m[48;2;90;172;148m▀[0m[38;2;90;172;148m[48;2;90;172;148m▀[0m[38;2;131;205;180m[48;2;131;205;180m▀[0m[38;2;131;205;180m[48;2;131;205;180m▀[0m[38;2;131;205;180m[48;2;131;205;180m▀[0m[38;2;131;205;180m[48;2;131;205;180m▀[0m[38;2;131;205;180m[48;2;131;205;180m▀[0m[38;2;131;205;180m[48;2;131;205;180m▀[0m[38;2;131;205;180m[48;2;131;205;180m▀[0m[38;2;131;205;180m[48;2;131;205;180m▀[0m[38;2;131;205;180m[48;2;131;205;180m▀[0m[38;2;131;205;180m[48;2;131;205;180m▀[0m[38;2;65;115;123m[48;2;131;205;180m▀[0m[38;2;65;115;123m▄[0m 
           [38;2;0;0;0m[48;2;0;0;0m▀[0m[38;2;90;172;148m[48;2;90;172;148m▀[0m[38;2;90;172;148m[48;2;90;172;148m▀[0m[38;2;90;172;148m[48;2;90;172;148m▀[0m[38;2;90;172;148m[48;2;90;172;148m▀[0m[38;2;90;172;148m[48;2;90;172;148m▀[0m[38;2;90;172;148m[48;2;90;172;148m▀[0m[38;2;90;172;148m[48;2;90;172;148m▀[0m[38;2;90;172;148m[48;2;90;172;148m▀[0m[38;2;90;172;148m[48;2;90;172;148m▀[0m[38;2;131;205;180m[48;2;131;205;180m▀[0m[38;2;131;205;180m[48;2;131;205;180m▀[0m[38;2;131;205;180m[48;2;131;205;180m▀[0m[38;2;131;205;180m[48;2;131;205;180m▀[0m[38;2;131;205;180m[48;2;90;172;148m▀[0m[38;2;90;172;148m[48;2;238;246;65m▀[0m[38;2;238;246;65m[48;2;197;197;57m▀[0m[38;2;238;246;65m[48;2;180;156;82m▀[0m[38;2;131;205;180m[48;2;238;246;65m▀[0m[38;2;131;205;180m[48;2;131;205;180m▀[0m[38;2;65;115;123m[48;2;131;205;180m▀[0m[38;2;65;115;123m▄[0m
           [38;2;0;0;0m[48;2;41;82;90m▀[0m[38;2;90;172;148m[48;2;90;172;148m▀[0m[38;2;90;172;148m[48;2;90;172;148m▀[0m[38;2;90;172;148m[48;2;90;172;148m▀[0m[38;2;90;172;148m[48;2;90;172;148m▀[0m[38;2;90;172;148m[48;2;90;172;148m▀[0m[38;2;90;172;148m[48;2;90;172;148m▀[0m[38;2;90;172;148m[48;2;90;172;148m▀[0m[38;2;90;172;148m[48;2;90;172;148m▀[0m[38;2;90;172;148m[48;2;90;172;148m▀[0m[38;2;90;172;148m[48;2;90;172;148m▀[0m[38;2;131;205;180m[48;2;90;172;148m▀[0m[38;2;131;205;180m[48;2;131;205;180m▀[0m[38;2;131;205;180m[48;2;131;205;180m▀[0m[38;2;90;172;148m[48;2;90;172;148m▀[0m[38;2;238;246;65m[48;2;238;246;65m▀[0m[38;2;98;82;57m[48;2;0;0;0m▀[0m[38;2;0;0;0m[48;2;255;255;255m▀[0m[38;2;238;246;65m[48;2;238;246;65m▀[0m[38;2;131;205;180m[48;2;131;205;180m▀[0m[38;2;131;205;180m[48;2;131;205;180m▀[0m[38;2;65;115;123m[48;2;65;115;123m▀[0m
           [38;2;41;82;90m[48;2;65;115;123m▀[0m[38;2;90;172;148m[48;2;90;172;148m▀[0m[38;2;90;172;148m[48;2;90;172;148m▀[0m[38;2;90;172;148m[48;2;90;172;148m▀[0m[38;2;90;172;148m[48;2;90;172;148m▀[0m[38;2;90;172;148m[48;2;90;172;148m▀[0m[38;2;90;172;148m[48;2;90;172;148m▀[0m[38;2;90;172;148m[48;2;90;172;148m▀[0m[38;2;90;172;148m[48;2;90;172;148m▀[0m[38;2;90;172;148m[48;2;98;82;57m▀[0m[38;2;98;82;57m[48;2;197;197;57m▀[0m[38;2;98;82;57m[48;2;238;246;65m▀[0m[38;2;98;82;57m[48;2;238;246;65m▀[0m[38;2;131;205;180m[48;2;98;82;57m▀[0m[38;2;90;172;148m[48;2;90;172;148m▀[0m[38;2;238;246;65m[48;2;238;246;65m▀[0m[38;2;0;0;0m[48;2;98;82;57m▀[0m[38;2;0;0;0m[48;2;0;0;0m▀[0m[38;2;238;246;65m[48;2;238;246;65m▀[0m[38;2;131;205;180m[48;2;131;205;180m▀[0m[38;2;131;205;180m[48;2;131;205;180m▀[0m[38;2;65;115;123m[48;2;41;82;90m▀[0m
       [38;2;0;0;0m▄[0m[38;2;0;0;0m▄[0m[38;2;0;0;0m[48;2;0;0;0m▀[0m[38;2;0;0;0m[48;2;0;0;0m▀[0m[38;2;0;0;0m[48;2;0;0;0m▀[0m[38;2;98;82;57m[48;2;0;0;0m▀[0m[38;2;98;82;57m[48;2;0;0;0m▀[0m[38;2;0;0;0m[48;2;98;82;57m▀[0m[38;2;0;0;0m[48;2;98;82;57m▀[0m[38;2;90;172;148m[48;2;0;0;0m▀[0m[38;2;90;172;148m[48;2;0;0;0m▀[0m[38;2;90;172;148m[48;2;90;172;148m▀[0m[38;2;98;82;57m[48;2;98;82;57m▀[0m[38;2;197;197;57m[48;2;197;197;57m▀[0m[38;2;238;246;65m[48;2;238;246;65m▀[0m[38;2;238;246;65m[48;2;238;246;65m▀[0m[38;2;238;246;65m[48;2;238;246;65m▀[0m[38;2;238;246;65m[48;2;238;246;65m▀[0m[38;2;98;82;57m[48;2;197;197;57m▀[0m[38;2;90;172;148m[48;2;98;82;57m▀[0m[38;2;238;246;65m[48;2;90;172;148m▀[0m[38;2;238;246;65m[48;2;90;172;148m▀[0m[38;2;131;205;180m[48;2;131;205;180m▀[0m[38;2;131;205;180m[48;2;131;205;180m▀[0m[38;2;131;205;180m[48;2;90;172;148m▀[0m[38;2;41;82;90m[48;2;41;82;90m▀[0m
    [38;2;0;0;0m▄[0m[38;2;0;0;0m[48;2;180;156;82m▀[0m[38;2;98;82;57m[48;2;180;156;82m▀[0m[38;2;180;156;82m[48;2;180;156;82m▀[0m[38;2;180;156;82m[48;2;180;156;82m▀[0m[38;2;139;123;65m[48;2;180;156;82m▀[0m[38;2;98;82;57m[48;2;139;123;65m▀[0m[38;2;0;0;0m[48;2;139;123;65m▀[0m[38;2;0;0;0m[48;2;98;82;57m▀[0m[38;2;0;0;0m[48;2;0;0;0m▀[0m[38;2;0;0;0m[48;2;0;0;0m▀[0m[38;2;0;0;0m[48;2;0;0;0m▀[0m[38;2;98;82;57m[48;2;0;0;0m▀[0m[38;2;98;82;57m[48;2;98;82;57m▀[0m[38;2;0;0;0m[48;2;98;82;57m▀[0m[38;2;197;197;57m[48;2;0;0;0m▀[0m[38;2;197;197;57m[48;2;197;197;57m▀[0m[38;2;197;197;57m[48;2;197;197;57m▀[0m[38;2;238;246;65m[48;2;238;246;65m▀[0m[38;2;238;246;65m[48;2;238;246;65m▀[0m[38;2;238;246;65m[48;2;197;197;57m▀[0m[38;2;197;197;57m[48;2;98;82;57m▀[0m[38;2;98;82;57m[48;2;197;197;57m▀[0m[38;2;65;115;123m[48;2;197;197;57m▀[0m[38;2;90;172;148m[48;2;65;115;123m▀[0m[38;2;90;172;148m[48;2;65;115;123m▀[0m[38;2;90;172;148m[48;2;90;172;148m▀[0m[38;2;90;172;148m[48;2;41;82;90m▀[0m[38;2;41;82;90m▀[0m
   [38;2;0;0;0m[48;2;0;0;0m▀[0m[38;2;180;156;82m[48;2;139;123;65m▀[0m[38;2;180;156;82m[48;2;139;123;65m▀[0m[38;2;180;156;82m[48;2;139;123;65m▀[0m[38;2;180;156;82m[48;2;139;123;65m▀[0m[38;2;139;123;65m[48;2;139;123;65m▀[0m[38;2;139;123;65m[48;2;139;123;65m▀[0m[38;2;139;123;65m[48;2;139;123;65m▀[0m[38;2;139;123;65m[48;2;139;123;65m▀[0m[38;2;139;123;65m[48;2;139;123;65m▀[0m[38;2;139;123;65m[48;2;139;123;65m▀[0m[38;2;0;0;0m[48;2;139;123;65m▀[0m[38;2;0;0;0m[48;2;0;0;0m▀[0m[38;2;0;0;0m[48;2;0;0;0m▀[0m[38;2;98;82;57m[48;2;0;0;0m▀[0m[38;2;98;82;57m[48;2;98;82;57m▀[0m[38;2;0;0;0m[48;2;98;82;57m▀[0m[38;2;197;197;57m[48;2;0;0;0m▀[0m[38;2;197;197;57m[48;2;197;197;57m▀[0m[38;2;197;197;57m[48;2;197;197;57m▀[0m[38;2;197;197;57m[48;2;197;197;57m▀[0m[38;2;197;197;57m[48;2;197;197;57m▀[0m[38;2;197;197;57m[48;2;197;197;57m▀[0m[38;2;197;197;57m[48;2;197;197;57m▀[0m[38;2;197;197;57m[48;2;197;197;57m▀[0m[38;2;197;197;57m[48;2;197;197;57m▀[0m[38;2;197;197;57m[48;2;197;197;57m▀[0m[38;2;65;115;123m[48;2;98;82;57m▀[0m[38;2;41;82;90m▀[0m 
  [38;2;0;0;0m[48;2;0;0;0m▀[0m[38;2;139;123;65m[48;2;98;82;57m▀[0m[38;2;139;123;65m[48;2;139;123;65m▀[0m[38;2;139;123;65m[48;2;139;123;65m▀[0m[38;2;139;123;65m[48;2;139;123;65m▀[0m[38;2;139;123;65m[48;2;139;123;65m▀[0m[38;2;139;123;65m[48;2;139;123;65m▀[0m[38;2;139;123;65m[48;2;139;123;65m▀[0m[38;2;139;123;65m[48;2;139;123;65m▀[0m[38;2;139;123;65m[48;2;139;123;65m▀[0m[38;2;139;123;65m[48;2;139;123;65m▀[0m[38;2;139;123;65m[48;2;139;123;65m▀[0m[38;2;139;123;65m[48;2;139;123;65m▀[0m[38;2;98;82;57m[48;2;139;123;65m▀[0m[38;2;0;0;0m[48;2;0;0;0m▀[0m[38;2;0;0;0m[48;2;0;0;0m▀[0m[38;2;0;0;0m[48;2;0;0;0m▀[0m[38;2;0;0;0m[48;2;0;0;0m▀[0m[38;2;0;0;0m[48;2;0;0;0m▀[0m[38;2;98;82;57m[48;2;90;172;148m▀[0m[38;2;197;197;57m[48;2;98;82;57m▀[0m[38;2;197;197;57m[48;2;197;197;57m▀[0m[38;2;197;197;57m[48;2;197;197;57m▀[0m[38;2;197;197;57m[48;2;197;197;57m▀[0m[38;2;197;197;57m[48;2;98;82;57m▀[0m[38;2;197;197;57m[48;2;98;82;57m▀[0m[38;2;98;82;57m▀[0m[38;2;98;82;57m▀[0m   
[38;2;0;0;0m[48;2;0;0;0m▀[0m[38;2;41;82;90m[48;2;90;172;148m▀[0m[38;2;0;0;0m[48;2;90;172;148m▀[0m[38;2;0;0;0m[48;2;65;115;123m▀[0m[38;2;0;0;0m[48;2;0;0;0m▀[0m[38;2;98;82;57m[48;2;0;0;0m▀[0m[38;2;139;123;65m[48;2;0;0;0m▀[0m[38;2;139;123;65m[48;2;0;0;0m▀[0m[38;2;139;123;65m[48;2;0;0;0m▀[0m[38;2;139;123;65m[48;2;0;0;0m▀[0m[38;2;139;123;65m[48;2;0;0;0m▀[0m[38;2;98;82;57m[48;2;0;0;0m▀[0m[38;2;98;82;57m[48;2;0;0;0m▀[0m[38;2;0;0;0m[48;2;0;0;0m▀[0m[38;2;0;0;0m[48;2;0;0;0m▀[0m[38;2;0;0;0m[48;2;0;0;0m▀[0m[38;2;0;0;0m[48;2;0;0;0m▀[0m[38;2;0;0;0m[48;2;0;0;0m▀[0m[38;2;0;0;0m[48;2;65;115;123m▀[0m[38;2;0;0;0m[48;2;90;172;148m▀[0m[38;2;90;172;148m[48;2;90;172;148m▀[0m[38;2;90;172;148m[48;2;90;172;148m▀[0m[38;2;65;115;123m[48;2;90;172;148m▀[0m[38;2;98;82;57m[48;2;41;82;90m▀[0m[38;2;98;82;57m▀[0m[38;2;98;82;57m▀[0m       
 [38;2;0;0;0m[48;2;41;82;90m▀[0m[38;2;90;172;148m[48;2;0;0;0m▀[0m[38;2;90;172;148m[48;2;90;172;148m▀[0m[38;2;90;172;148m[48;2;90;172;148m▀[0m[38;2;90;172;148m[48;2;90;172;148m▀[0m[38;2;65;115;123m[48;2;90;172;148m▀[0m[38;2;0;0;0m[48;2;90;172;148m▀[0m[38;2;0;0;0m[48;2;90;172;148m▀[0m[38;2;0;0;0m[48;2;90;172;148m▀[0m[38;2;0;0;0m[48;2;90;172;148m▀[0m[38;2;0;0;0m[48;2;90;172;148m▀[0m[38;2;0;0;0m[48;2;90;172;148m▀[0m[38;2;0;0;0m[48;2;90;172;148m▀[0m[38;2;0;0;0m[48;2;90;172;148m▀[0m[38;2;90;172;148m[48;2;65;115;123m▀[0m[38;2;90;172;148m[48;2;90;172;148m▀[0m[38;2;90;172;148m[48;2;90;172;148m▀[0m[38;2;90;172;148m[48;2;90;172;148m▀[0m[38;2;90;172;148m[48;2;90;172;148m▀[0m[38;2;90;172;148m[48;2;65;115;123m▀[0m[38;2;90;172;148m[48;2;90;172;148m▀[0m[38;2;90;172;148m[48;2;90;172;148m▀[0m[38;2;65;115;123m[48;2;90;172;148m▀[0m[38;2;41;82;90m▄[0m        
 [38;2;41;82;90m[48;2;41;82;90m▀[0m[38;2;90;172;148m[48;2;90;172;148m▀[0m[38;2;41;82;90m[48;2;90;172;148m▀[0m[38;2;90;172;148m[48;2;90;172;148m▀[0m[38;2;90;172;148m[48;2;41;82;90m▀[0m[38;2;90;172;148m[48;2;41;82;90m▀[0m[38;2;90;172;148m[48;2;90;172;148m▀[0m[38;2;90;172;148m[48;2;90;172;148m▀[0m[38;2;90;172;148m[48;2;65;115;123m▀[0m[38;2;90;172;148m[48;2;90;172;148m▀[0m[38;2;90;172;148m[48;2;90;172;148m▀[0m[38;2;90;172;148m[48;2;90;172;148m▀[0m[38;2;90;172;148m[48;2;90;172;148m▀[0m[38;2;90;172;148m[48;2;90;172;148m▀[0m[38;2;65;115;123m[48;2;90;172;148m▀[0m[38;2;90;172;148m[48;2;65;115;123m▀[0m[38;2;90;172;148m[48;2;90;172;148m▀[0m[38;2;90;172;148m[48;2;90;172;148m▀[0m[38;2;41;82;90m[48;2;41;82;90m▀[0m[38;2;90;172;148m[48;2;90;172;148m▀[0m[38;2;90;172;148m[48;2;90;172;148m▀[0m[38;2;90;172;148m[48;2;90;172;148m▀[0m[38;2;90;172;148m[48;2;90;172;148m▀[0m[38;2;41;82;90m[48;2;41;82;90m▀[0m        
 [38;2;41;82;90m[48;2;41;82;90m▀[0m[38;2;90;172;148m[48;2;197;197;57m▀[0m[38;2;90;172;148m[48;2;90;172;148m▀[0m[38;2;90;172;148m[48;2;197;197;57m▀[0m[38;2;90;172;148m[48;2;90;172;148m▀[0m[38;2;90;172;148m[48;2;90;172;148m▀[0m[38;2;41;82;90m[48;2;41;82;90m▀[0m[38;2;41;82;90m▀[0m[38;2;0;0;0m[48;2;0;0;0m▀[0m[38;2;90;172;148m[48;2;90;172;148m▀[0m[38;2;90;172;148m[48;2;90;172;148m▀[0m[38;2;90;172;148m[48;2;90;172;148m▀[0m[38;2;90;172;148m[48;2;90;172;148m▀[0m[38;2;90;172;148m[48;2;90;172;148m▀[0m[38;2;90;172;148m[48;2;90;172;148m▀[0m[38;2;65;115;123m[48;2;65;115;123m▀[0m[38;2;41;82;90m▀[0m[38;2;0;0;0m[48;2;0;0;0m▀[0m[38;2;90;172;148m[48;2;197;197;57m▀[0m[38;2;90;172;148m[48;2;90;172;148m▀[0m[38;2;90;172;148m[48;2;197;197;57m▀[0m[38;2;90;172;148m[48;2;90;172;148m▀[0m[38;2;90;172;148m[48;2;0;0;0m▀[0m[38;2;41;82;90m▀[0m        
 [38;2;0;0;0m▀[0m[38;2;197;197;57m[48;2;0;0;0m▀[0m[38;2;197;197;57m[48;2;0;0;0m▀[0m[38;2;197;197;57m[48;2;0;0;0m▀[0m[38;2;197;197;57m[48;2;98;82;57m▀[0m[38;2;0;0;0m▀[0m   [38;2;0;0;0m[48;2;98;82;57m▀[0m[38;2;197;197;57m[48;2;197;197;57m▀[0m[38;2;90;172;148m[48;2;197;197;57m▀[0m[38;2;197;197;57m[48;2;197;197;57m▀[0m[38;2;90;172;148m[48;2;197;197;57m▀[0m[38;2;65;115;123m[48;2;98;82;57m▀[0m   [38;2;0;0;0m▀[0m[38;2;197;197;57m[48;2;0;0;0m▀[0m[38;2;197;197;57m[48;2;0;0;0m▀[0m[38;2;197;197;57m[48;2;0;0;0m▀[0m[38;2;0;0;0m▀[0m         
           [38;2;0;0;0m▀[0m[38;2;0;0;0m▀[0m[38;2;0;0;0m▀[0m[38;2;0;0;0m▀[0m                  
[0m