                                  [38;2;0;0;0m[48;2;0;0;0m▀[0m[38;2;16;18;18m[48;2;15;15;13m▀[0m[38;2;17;16;16m[48;2;18;19;19m▀[0m[38;2;14;13;12m[48;2;29;32;37m▀[0m[38;2;10;9;7m[48;2;30;34;40m▀[0m[38;2;12;6;6m[48;2;21;21;24m▀[0m[38;2;0;0;0m▄[0m[38;2;0;0;0m▄[0m                                      
                                  [38;2;0;0;0m[48;2;0;0;0m▀[0m[38;2;10;8;6m[48;2;10;6;3m▀[0m[38;2;21;22;24m[48;2;22;23;25m▀[0m[38;2;56;67;84m[48;2;62;75;94m▀[0m[38;2;62;76;96m[48;2;78;95;121m▀[0m[38;2;27;30;35m[48;2;58;67;81m▀[0m[38;2;4;1;0m[48;2;38;42;48m▀[0m[38;2;0;0;0m[48;2;23;26;28m▀[0m[38;2;8;4;4m▄[0m[38;2;0;0;0m▄[0m                                    
                                  [38;2;0;0;0m[48;2;0;0;0m▀[0m[38;2;10;6;5m[48;2;9;6;4m▀[0m[38;2;21;22;24m[48;2;22;23;25m▀[0m[38;2;55;67;84m[48;2;55;66;83m▀[0m[38;2;82;99;126m[48;2;83;101;129m▀[0m[38;2;97;114;140m[48;2;106;125;154m▀[0m[38;2;78;91;109m[48;2;87;101;121m▀[0m[38;2;29;31;34m[48;2;27;29;31m▀[0m[38;2;7;6;3m[48;2;1;0;0m▀[0m[38;2;13;13;0m[48;2;0;0;0m▀[0m                                    
                                  [38;2;0;0;0m[48;2;0;0;0m▀[0m[38;2;10;6;5m[48;2;10;7;3m▀[0m[38;2;21;22;24m[48;2;25;27;31m▀[0m[38;2;55;66;83m[48;2;67;81;103m▀[0m[38;2;82;100;127m[48;2;83;102;130m▀[0m[38;2;100;118;145m[48;2;87;105;131m▀[0m[38;2;82;95;114m[48;2;82;97;119m▀[0m[38;2;29;32;35m[48;2;69;80;95m▀[0m[38;2;7;5;2m[48;2;51;58;67m▀[0m[38;2;13;13;0m[48;2;22;24;26m▀[0m[38;2;6;6;0m▄[0m[38;2;0;0;0m▄[0m                                  
                                    [38;2;106;127;170m▀[0m[38;2;72;86;113m[48;2;29;33;39m▀[0m[38;2;76;92;118m[48;2;40;47;57m▀[0m[38;2;73;89;114m[48;2;63;77;98m▀[0m[38;2;82;98;124m[48;2;82;99;127m▀[0m[38;2;101;120;146m[48;2;94;113;142m▀[0m[38;2;76;89;105m[48;2;70;83;102m▀[0m[38;2;24;26;28m[48;2;24;26;29m▀[0m[38;2;6;4;1m[48;2;8;5;4m▀[0m[38;2;0;0;0m[48;2;0;0;0m▀[0m                                  
                                  [38;2;0;0;0m[48;2;0;0;0m▀[0m[38;2;17;0;0m[48;2;9;6;4m▀[0m[38;2;17;17;17m[48;2;20;22;24m▀[0m[38;2;13;12;11m[48;2;45;53;65m▀[0m[38;2;28;31;35m[48;2;62;75;94m▀[0m[38;2;62;75;95m[48;2;73;89;115m▀[0m[38;2;78;94;121m[48;2;63;77;98m▀[0m[38;2;72;87;112m[48;2;33;39;47m▀[0m[38;2;51;62;77m[48;2;19;22;25m▀[0m[38;2;21;22;24m[48;2;18;18;22m▀[0m[38;2;9;7;5m[48;2;8;8;8m▀[0m[38;2;0;0;0m[48;2;0;0;0m▀[0m                                  
                                  [38;2;0;0;0m[48;2;0;0;0m▀[0m[38;2;9;6;4m[48;2;9;6;4m▀[0m[38;2;22;24;26m[48;2;21;23;25m▀[0m[38;2;60;72;90m[48;2;56;68;85m▀[0m[38;2;83;101;130m[48;2;82;99;127m▀[0m[38;2;84;101;129m[48;2;93;110;136m▀[0m[38;2;67;81;100m[48;2;95;111;135m▀[0m[38;2;35;40;45m[48;2;88;102;123m▀[0m[38;2;20;20;20m[48;2;63;72;86m▀[0m[38;2;17;22;22m[48;2;22;25;26m▀[0m[38;2;0;0;0m[48;2;6;4;2m▀[0m[38;2;0;0;0m[48;2;0;0;0m▀[0m                                  
                                  [38;2;0;0;0m[48;2;0;0;0m▀[0m[38;2;9;6;4m[48;2;9;6;4m▀[0m[38;2;22;23;25m[48;2;22;24;26m▀[0m[38;2;57;68;86m[48;2;60;71;89m▀[0m[38;2;82;99;127m[48;2;81;98;127m▀[0m[38;2;90;107;132m[48;2;77;94;120m▀[0m[38;2;100;117;143m[48;2;85;101;127m▀[0m[38;2;109;129;155m[48;2;103;121;146m▀[0m[38;2;79;92;110m[48;2;77;89;105m▀[0m[38;2;25;27;28m[48;2;23;25;27m▀[0m[38;2;6;4;1m[48;2;6;4;1m▀[0m[38;2;0;0;0m[48;2;0;0;0m▀[0m                                  
                                  [38;2;0;0;0m▀[0m[38;2;10;7;5m[48;2;0;0;0m▀[0m[38;2;20;23;24m[48;2;15;15;15m▀[0m[38;2;44;52;64m[48;2;14;14;12m▀[0m[38;2;59;71;90m[48;2;28;32;36m▀[0m[38;2;68;83;106m[48;2;61;75;94m▀[0m[38;2;80;97;124m[48;2;81;98;126m▀[0m[38;2;95;113;140m[48;2;82;100;128m▀[0m[38;2;71;83;100m[48;2;60;71;89m▀[0m[38;2;23;25;27m[48;2;22;24;26m▀[0m[38;2;7;6;3m[48;2;9;6;4m▀[0m[38;2;0;0;0m[48;2;0;0;0m▀[0m                                  
                                    [38;2;0;0;0m[48;2;12;12;12m▀[0m[38;2;5;2;0m[48;2;10;8;5m▀[0m[38;2;22;24;26m[48;2;26;29;33m▀[0m[38;2;62;75;94m[48;2;66;79;100m▀[0m[38;2;74;89;114m[48;2;66;79;100m▀[0m[38;2;55;65;83m[48;2;26;30;34m▀[0m[38;2;39;46;56m[48;2;10;10;7m▀[0m[38;2;20;21;23m[48;2;11;11;11m▀[0m[38;2;11;5;5m[48;2;0;0;0m▀[0m[38;2;0;0;0m▀[0m                                  
                                    [38;2;12;12;12m[48;2;12;12;12m▀[0m[38;2;10;8;5m[48;2;10;8;5m▀[0m[38;2;26;29;33m[48;2;26;29;33m▀[0m[38;2;66;79;100m[48;2;66;79;100m▀[0m[38;2;65;78;99m[48;2;66;79;100m▀[0m[38;2;23;25;28m[48;2;26;29;33m▀[0m[38;2;5;2;0m[48;2;10;8;5m▀[0m[38;2;0;0;0m[48;2;12;12;12m▀[0m                                    
                                    [38;2;12;12;12m[48;2;12;12;12m▀[0m[38;2;10;8;5m[48;2;10;8;5m▀[0m[38;2;26;29;33m[48;2;26;29;33m▀[0m[38;2;66;79;100m[48;2;66;79;100m▀[0m[38;2;66;79;100m[48;2;66;79;100m▀[0m[38;2;26;29;33m[48;2;26;28;32m▀[0m[38;2;10;8;5m[48;2;10;8;4m▀[0m[38;2;12;12;12m[48;2;12;12;12m▀[0m                                    
                                    [38;2;12;12;12m[48;2;12;12;12m▀[0m[38;2;10;8;5m[48;2;8;7;4m▀[0m[38;2;26;29;33m[48;2;25;28;31m▀[0m[38;2;66;79;101m[48;2;65;78;98m▀[0m[38;2;65;78;98m[48;2;68;82;104m▀[0m[38;2;22;24;26m[48;2;35;40;48m▀[0m[38;2;5;2;0m[48;2;20;21;23m▀[0m[38;2;12;12;0m[48;2;31;31;31m▀[0m                                    
                           [38;2;72;91;72m▄[0m[38;2;62;91;72m▄[0m[38;2;62;91;75m▄[0m[38;2;54;79;66m▄[0m[38;2;58;83;66m▄[0m[38;2;58;79;66m▄[0m[38;2;56;75;66m▄[0m  [38;2;12;12;0m[48;2;39;39;58m▀[0m[38;2;5;2;0m[48;2;24;27;32m▀[0m[38;2;21;23;25m[48;2;38;44;53m▀[0m[38;2;61;74;93m[48;2;64;78;99m▀[0m[38;2;77;95;120m[48;2;80;98;125m▀[0m[38;2;69;83;105m[48;2;83;101;130m▀[0m[38;2;63;75;96m[48;2;73;88;113m▀[0m[38;2;255;255;255m[48;2;33;36;43m▀[0m[38;2;6;6;6m▄[0m[38;2;0;0;0m▄[0m                                  
                           [38;2;63;88;68m[48;2;43;55;47m▀[0m[38;2;59;87;67m[48;2;43;60;48m▀[0m[38;2;63;90;72m[48;2;57;82;64m▀[0m[38;2;56;80;64m[48;2;65;97;71m▀[0m[38;2;58;83;66m[48;2;71;105;77m▀[0m[38;2;56;80;65m[48;2;68;100;73m▀[0m[38;2;55;77;62m[48;2;61;88;68m▀[0m[38;2;54;75;63m▄[0m[38;2;27;33;27m▄[0m[38;2;212;212;255m[48;2;28;28;36m▀[0m[38;2;67;82;104m[48;2;70;84;109m▀[0m[38;2;72;87;110m[48;2;83;101;128m▀[0m[38;2;74;90;115m[48;2;77;93;120m▀[0m[38;2;77;93;119m[48;2;76;92;117m▀[0m[38;2;79;96;123m[48;2;78;95;121m▀[0m[38;2;59;70;88m[48;2;57;68;85m▀[0m[38;2;21;23;26m[48;2;22;24;26m▀[0m[38;2;9;5;5m[48;2;10;6;4m▀[0m[38;2;0;0;0m[48;2;0;0;0m▀[0m  [38;2;34;40;52m▄[0m[38;2;39;42;57m▄[0m[38;2;39;42;57m▄[0m[38;2;36;39;54m▄[0m[38;2;39;42;57m▄[0m[38;2;33;36;48m▄[0m[38;2;21;21;24m▄[0m[38;2;12;12;12m▄[0m[38;2;0;0;0m▄[0m                       
                           [38;2;12;8;12m[48;2;4;0;4m▀[0m[38;2;14;13;14m[48;2;8;4;8m▀[0m[38;2;38;52;39m[48;2;35;47;34m▀[0m[38;2;69;107;70m[48;2;72;112;71m▀[0m[38;2;78;122;79m[48;2;80;127;80m▀[0m[38;2;73;114;74m[48;2;75;118;75m▀[0m[38;2;67;100;72m[48;2;75;114;78m▀[0m[38;2;55;78;63m[48;2;67;99;72m▀[0m[38;2;26;34;27m[48;2;31;43;30m▀[0m[38;2;19;19;22m[48;2;18;17;20m▀[0m[38;2;56;66;84m[48;2;54;64;82m▀[0m[38;2;78;95;121m[48;2;78;95;121m▀[0m[38;2;76;92;118m[48;2;76;92;118m▀[0m[38;2;76;92;118m[48;2;76;92;118m▀[0m[38;2;78;95;121m[48;2;78;95;121m▀[0m[38;2;57;68;85m[48;2;57;67;84m▀[0m[38;2;21;23;25m[48;2;20;21;23m▀[0m[38;2;9;6;4m[48;2;5;3;0m▀[0m[38;2;0;0;0m▀[0m[38;2;40;46;67m▄[0m[38;2;39;46;57m▄[0m[38;2;39;47;54m[48;2;51;70;63m▀[0m[38;2;41;48;57m[48;2;59;83;70m▀[0m[38;2;41;48;57m[48;2;59;83;70m▀[0m[38;2;39;46;56m[48;2;58;81;69m▀[0m[38;2;41;48;58m[48;2;61;84;72m▀[0m[38;2;35;39;48m[48;2;49;67;58m▀[0m[38;2;20;21;23m[48;2;25;28;27m▀[0m[38;2;12;13;12m[48;2;11;10;10m▀[0m[38;2;12;12;12m[48;2;10;10;10m▀[0m                       
                           [38;2;8;4;8m[48;2;11;7;7m▀[0m[38;2;11;9;11m[48;2;11;10;11m▀[0m[38;2;36;49;36m[48;2;35;45;36m▀[0m[38;2;70;108;70m[48;2;64;96;68m▀[0m[38;2;78;122;78m[48;2;74;114;77m▀[0m[38;2;74;115;74m[48;2;75;117;75m▀[0m[38;2;78;121;78m[48;2;79;124;78m▀[0m[38;2;73;112;72m[48;2;75;117;74m▀[0m[38;2;35;50;32m[48;2;45;63;47m▀[0m[38;2;18;17;21m[48;2;30;33;41m▀[0m[38;2;54;63;82m[48;2;59;69;89m▀[0m[38;2;78;95;121m[48;2;77;94;120m▀[0m[38;2;76;92;118m[48;2;75;91;117m▀[0m[38;2;76;92;118m[48;2;75;91;117m▀[0m[38;2;78;95;121m[48;2;77;94;120m▀[0m[38;2;57;68;85m[48;2;62;75;93m▀[0m[38;2;21;23;25m[48;2;35;41;47m▀[0m[38;2;5;3;0m[48;2;19;20;23m▀[0m[38;2;11;7;9m▄[0m[38;2;40;43;60m[48;2;33;40;41m▀[0m[38;2;41;50;57m[48;2;53;71;66m▀[0m[38;2;61;89;69m[48;2;69;103;74m▀[0m[38;2;75;117;75m[48;2;78;123;76m▀[0m[38;2;75;117;75m[48;2;78;123;76m▀[0m[38;2;75;115;75m[48;2;78;122;77m▀[0m[38;2;78;121;78m[48;2;81;129;80m▀[0m[38;2;62;94;62m[48;2;65;100;63m▀[0m[38;2;26;33;26m[48;2;27;35;27m▀[0m[38;2;9;5;9m[48;2;9;5;9m▀[0m[38;2;11;11;11m[48;2;10;10;10m▀[0m                       
                           [38;2;13;8;8m[48;2;0;0;0m▀[0m[38;2;13;11;13m[48;2;11;11;11m▀[0m[38;2;29;36;32m[48;2;24;25;25m▀[0m[38;2;53;74;59m[48;2;29;36;32m▀[0m[38;2;66;98;71m[48;2;48;67;52m▀[0m[38;2;74;113;74m[48;2;66;99;71m▀[0m[38;2;77;120;76m[48;2;70;105;74m▀[0m[38;2;73;112;74m[48;2;64;96;69m▀[0m[38;2;52;72;61m[48;2;49;66;59m▀[0m[38;2;43;50;62m[48;2;44;52;63m▀[0m[38;2;63;75;96m[48;2;63;76;97m▀[0m[38;2;76;93;119m[48;2;76;93;119m▀[0m[38;2;75;91;117m[48;2;75;91;117m▀[0m[38;2;75;91;117m[48;2;76;92;118m▀[0m[38;2;76;93;119m[48;2;77;94;120m▀[0m[38;2;65;79;99m[48;2;59;71;90m▀[0m[38;2;45;54;63m[48;2;30;34;40m▀[0m[38;2;28;31;35m[48;2;29;36;33m▀[0m[38;2;17;17;18m[48;2;41;55;46m▀[0m[38;2;35;46;38m[48;2;51;71;56m▀[0m[38;2;58;85;66m[48;2;58;85;66m▀[0m[38;2;69;105;73m[48;2;63;93;68m▀[0m[38;2;75;115;74m[48;2;65;98;69m▀[0m[38;2;75;115;74m[48;2;66;99;71m▀[0m[38;2;75;115;75m[48;2;68;101;73m▀[0m[38;2;78;121;78m[48;2;71;106;77m▀[0m[38;2;62;94;62m[48;2;61;91;66m▀[0m[38;2;26;32;26m[48;2;32;44;34m▀[0m[38;2;10;5;10m[48;2;10;7;10m▀[0m[38;2;11;11;11m[48;2;0;0;0m▀[0m                       
                        [38;2;36;54;54m[48;2;40;46;55m▀[0m[38;2;48;48;60m[48;2;42;50;60m▀[0m[38;2;48;48;60m[48;2;42;50;60m▀[0m[38;2;42;42;56m[48;2;33;36;44m▀[0m[38;2;23;23;23m[48;2;15;13;16m▀[0m[38;2;5;2;5m[48;2;9;6;6m▀[0m[38;2;11;9;11m[48;2;12;10;10m▀[0m[38;2;31;39;33m[48;2;18;18;16m▀[0m[38;2;52;74;59m[48;2;26;32;26m▀[0m[38;2;58;82;66m[48;2;38;49;47m▀[0m[38;2;55;77;64m[48;2;47;61;63m▀[0m[38;2;44;57;56m[48;2;41;50;54m▀[0m[38;2;43;51;61m[48;2;41;49;57m▀[0m[38;2;63;76;97m[48;2;63;76;95m▀[0m[38;2;76;93;119m[48;2;76;93;119m▀[0m[38;2;75;91;117m[48;2;75;91;117m▀[0m[38;2;76;92;118m[48;2;76;92;118m▀[0m[38;2;78;95;121m[48;2;78;95;122m▀[0m[38;2;54;64;82m[48;2;53;62;80m▀[0m[38;2;17;17;19m[48;2;14;12;13m▀[0m[38;2;28;37;28m[48;2;26;36;25m▀[0m[38;2;58;84;67m[48;2;60;87;69m▀[0m[38;2;62;89;70m[48;2;65;95;74m▀[0m[38;2;57;82;65m[48;2;60;86;69m▀[0m[38;2;56;80;65m[48;2;54;73;67m▀[0m[38;2;55;77;64m[48;2;45;57;60m▀[0m[38;2;53;75;61m[48;2;31;38;38m▀[0m[38;2;53;75;61m[48;2;24;28;25m▀[0m[38;2;56;80;65m[48;2;26;31;28m▀[0m[38;2;52;75;60m[48;2;24;29;26m▀[0m[38;2;63;100;72m[48;2;15;15;0m▀[0m                         
                  [38;2;36;54;54m[48;2;40;43;57m▀[0m[38;2;40;46;53m[48;2;40;46;55m▀[0m[38;2;40;46;60m[48;2;42;48;59m▀[0m[38;2;40;46;53m[48;2;39;45;56m▀[0m[38;2;40;46;53m[48;2;38;43;54m▀[0m[38;2;43;47;56m[48;2;41;49;57m▀[0m[38;2;42;54;57m[48;2;49;67;61m▀[0m[38;2;49;61;66m[48;2;56;79;67m▀[0m[38;2;49;61;66m[48;2;56;80;66m▀[0m[38;2;41;51;53m[48;2;54;78;63m▀[0m[38;2;26;32;29m[48;2;51;73;57m▀[0m[38;2;21;24;21m[48;2;44;60;52m▀[0m[38;2;20;21;22m[48;2;35;41;48m▀[0m[38;2;18;17;20m[48;2;35;39;50m▀[0m[38;2;18;17;19m[48;2;36;43;50m▀[0m[38;2;26;28;33m[48;2;24;26;28m▀[0m[38;2;35;42;50m[48;2;18;18;19m▀[0m[38;2;41;48;57m[48;2;46;54;66m▀[0m[38;2;49;58;71m[48;2;70;84;108m▀[0m[38;2;66;80;100m[48;2;74;90;114m▀[0m[38;2;76;93;118m[48;2;74;91;116m▀[0m[38;2;75;91;117m[48;2;74;90;115m▀[0m[38;2;76;92;118m[48;2;74;90;116m▀[0m[38;2;77;94;120m[48;2;75;91;116m▀[0m[38;2;58;69;88m[48;2;71;87;111m▀[0m[38;2;28;30;37m[48;2;64;77;99m▀[0m[38;2;32;41;36m[48;2;46;55;66m▀[0m[38;2;50;71;57m[48;2;25;32;28m▀[0m[38;2;53;76;60m[48;2;21;25;21m▀[0m[38;2;50;70;57m[48;2;22;25;23m▀[0m[38;2;42;55;55m[48;2;18;18;20m▀[0m[38;2;34;39;47m[48;2;21;23;24m▀[0m[38;2;24;27;30m[48;2;39;53;43m▀[0m[38;2;19;21;19m[48;2;50;71;56m▀[0m[38;2;20;22;20m[48;2;49;70;55m▀[0m[38;2;20;23;21m[48;2;46;62;53m▀[0m[38;2;31;35;38m[48;2;41;50;55m▀[0m[38;2;40;46;53m[48;2;38;43;54m▀[0m[38;2;40;46;53m[48;2;39;45;56m▀[0m[38;2;40;46;60m[48;2;42;48;59m▀[0m[38;2;40;46;60m[48;2;40;47;57m▀[0m[38;2;42;42;56m[48;2;37;45;56m▀[0m                    
              [38;2;28;28;56m[48;2;35;41;53m▀[0m[38;2;35;40;55m[48;2;38;44;56m▀[0m[38;2;39;43;61m[48;2;40;45;59m▀[0m[38;2;35;39;57m[48;2;38;43;55m▀[0m[38;2;43;52;59m[48;2;46;59;59m▀[0m[38;2;48;60;62m[48;2;55;78;65m▀[0m[38;2;50;63;65m[48;2;57;80;65m▀[0m[38;2;48;60;63m[48;2;55;78;65m▀[0m[38;2;47;59;62m[48;2;56;79;65m▀[0m[38;2;49;63;64m[48;2;56;81;65m▀[0m[38;2;56;78;66m[48;2;59;85;67m▀[0m[38;2;58;85;66m[48;2;55;80;65m▀[0m[38;2;55;78;64m[48;2;45;59;60m▀[0m[38;2;54;76;64m[48;2;41;49;57m▀[0m[38;2;56;79;66m[48;2;42;51;57m▀[0m[38;2;54;73;66m[48;2;50;64;64m▀[0m[38;2;49;63;65m[48;2;59;83;70m▀[0m[38;2;42;52;58m[48;2;39;53;42m▀[0m[38;2;36;42;49m[48;2;16;17;16m▀[0m[38;2;28;31;35m[48;2;38;44;55m▀[0m[38;2;29;32;38m[48;2;67;80;103m▀[0m[38;2;57;68;85m[48;2;74;89;114m▀[0m[38;2;79;95;123m[48;2;75;91;117m▀[0m[38;2;76;93;120m[48;2;74;91;116m▀[0m[38;2;74;90;115m[48;2;74;90;115m▀[0m[38;2;74;90;115m[48;2;74;90;115m▀[0m[38;2;74;90;115m[48;2;74;90;115m▀[0m[38;2;74;90;115m[48;2;74;90;115m▀[0m[38;2;78;95;122m[48;2;76;94;120m▀[0m[38;2;81;98;127m[48;2;78;94;122m▀[0m[38;2;51;60;77m[48;2;48;55;71m▀[0m[38;2;13;11;12m[48;2;13;12;10m▀[0m[38;2;13;13;10m[48;2;29;40;28m▀[0m[38;2;24;28;25m[48;2;53;76;61m▀[0m[38;2;19;20;22m[48;2;45;58;57m▀[0m[38;2;22;24;25m[48;2;36;41;51m▀[0m[38;2;44;59;52m[48;2;39;45;55m▀[0m[38;2;59;83;69m[48;2;45;57;60m▀[0m[38;2;61;89;70m[48;2;55;78;65m▀[0m[38;2;58;83;68m[48;2;59;86;67m▀[0m[38;2;50;65;64m[48;2;57;82;65m▀[0m[38;2;47;59;62m[48;2;56;79;65m▀[0m[38;2;48;60;63m[48;2;55;78;65m▀[0m[38;2;50;62;65m[48;2;57;80;65m▀[0m[38;2;48;61;64m[48;2;55;79;65m▀[0m[38;2;43;55;58m[48;2;47;63;60m▀[0m[38;2;39;43;57m[48;2;39;46;55m▀[0m[38;2;39;48;61m[48;2;41;48;59m▀[0m[38;2;37;46;55m[48;2;39;46;57m▀[0m[38;2;34;51;51m[48;2;40;48;56m▀[0m                
          [38;2;39;39;58m▄[0m[38;2;37;41;55m[48;2;39;45;56m▀[0m[38;2;38;41;57m[48;2;41;47;59m▀[0m[38;2;35;38;57m[48;2;37;42;56m▀[0m[38;2;43;55;59m[48;2;47;63;60m▀[0m[38;2;49;67;62m[48;2;67;102;71m▀[0m[38;2;57;77;70m[48;2;75;116;75m▀[0m[38;2;55;73;67m[48;2;73;112;73m▀[0m[38;2;56;79;66m[48;2;66;99;70m▀[0m[38;2;59;86;66m[48;2;58;84;65m▀[0m[38;2;60;87;66m[48;2;58;84;65m▀[0m[38;2;58;85;66m[48;2;57;83;65m▀[0m[38;2;55;78;64m[48;2;48;63;60m▀[0m[38;2;52;72;63m[48;2;41;48;57m▀[0m[38;2;52;71;63m[48;2;40;46;56m▀[0m[38;2;50;68;62m[48;2;44;54;58m▀[0m[38;2;46;60;60m[48;2;53;73;62m▀[0m[38;2;44;57;59m[48;2;58;84;67m▀[0m[38;2;47;59;61m[48;2;60;86;69m▀[0m[38;2;46;61;57m[48;2;42;59;46m▀[0m[38;2;44;62;47m[48;2;17;19;15m▀[0m[38;2;36;48;41m[48;2;36;41;51m▀[0m[38;2;33;38;45m[48;2;70;85;108m▀[0m[38;2;57;68;87m[48;2;78;95;121m▀[0m[38;2;81;99;128m[48;2;77;94;120m▀[0m[38;2;80;98;126m[48;2;77;94;120m▀[0m[38;2;76;93;119m[48;2;77;93;119m▀[0m[38;2;76;93;119m[48;2;77;93;119m▀[0m[38;2;76;93;119m[48;2;77;93;119m▀[0m[38;2;76;93;119m[48;2;77;93;119m▀[0m[38;2;76;93;119m[48;2;77;93;119m▀[0m[38;2;76;93;119m[48;2;77;93;120m▀[0m[38;2;77;95;121m[48;2;76;93;119m▀[0m[38;2;77;94;121m[48;2;76;92;118m▀[0m[38;2;59;69;89m[48;2;76;92;118m▀[0m[38;2;35;40;49m[48;2;71;86;110m▀[0m[38;2;36;48;42m[48;2;41;48;58m▀[0m[38;2;45;63;50m[48;2;17;18;15m▀[0m[38;2;49;66;59m[48;2;38;53;40m▀[0m[38;2;49;64;65m[48;2;60;85;69m▀[0m[38;2;46;58;61m[48;2;59;85;68m▀[0m[38;2;45;58;59m[48;2;54;76;63m▀[0m[38;2;50;67;61m[48;2;45;57;59m▀[0m[38;2;52;71;63m[48;2;40;47;56m▀[0m[38;2;52;72;62m[48;2;41;47;56m▀[0m[38;2;55;77;64m[48;2;47;60;59m▀[0m[38;2;58;85;66m[48;2;57;81;64m▀[0m[38;2;60;88;66m[48;2;59;86;66m▀[0m[38;2;59;86;66m[48;2;58;84;65m▀[0m[38;2;54;75;65m[48;2;57;82;65m▀[0m[38;2;49;63;64m[48;2;56;80;65m▀[0m[38;2;51;64;66m[48;2;57;81;66m▀[0m[38;2;46;59;61m[48;2;54;76;64m▀[0m[38;2;41;52;57m[48;2;44;56;58m▀[0m[38;2;38;38;54m[48;2;38;44;56m▀[0m[38;2;41;44;60m[48;2;42;48;60m▀[0m[38;2;36;40;56m[48;2;39;44;55m▀[0m[38;2;51;0;51m[48;2;41;41;57m▀[0m            
       [38;2;35;35;56m[48;2;40;46;57m▀[0m[38;2;36;41;56m[48;2;41;48;58m▀[0m[38;2;36;36;56m[48;2;40;45;57m▀[0m[38;2;40;48;57m[48;2;43;55;59m▀[0m[38;2;50;69;62m[48;2;63;95;69m▀[0m[38;2;60;82;69m[48;2;77;118;73m▀[0m[38;2;60;78;65m[48;2;81;115;67m▀[0m[38;2;65;90;66m[48;2;81;114;67m▀[0m[38;2;75;116;74m[48;2;75;115;73m▀[0m[38;2;80;127;77m[48;2;75;119;75m▀[0m[38;2;78;124;76m[48;2;75;119;75m▀[0m[38;2;65;97;69m[48;2;60;87;67m▀[0m[38;2;49;66;61m[48;2;41;50;57m▀[0m[38;2;48;63;60m[48;2;38;43;55m▀[0m[38;2;49;67;61m[48;2;42;50;57m▀[0m[38;2;48;63;60m[48;2;51;69;62m▀[0m[38;2;46;60;60m[48;2;58;83;65m▀[0m[38;2;45;57;59m[48;2;58;82;65m▀[0m[38;2;49;65;61m[48;2;58;83;66m▀[0m[38;2;59;84;68m[48;2;61;88;69m▀[0m[38;2;56;82;63m[48;2;47;65;52m▀[0m[38;2;43;61;46m[48;2;19;21;17m▀[0m[38;2;37;49;45m[48;2;33;37;47m▀[0m[38;2;38;44;55m[48;2;71;86;110m▀[0m[38;2;50;58;77m[48;2;66;80;100m▀[0m[38;2;62;75;98m[48;2;42;50;60m▀[0m[38;2;56;67;88m[48;2;26;30;34m▀[0m[38;2;46;54;72m[48;2;15;15;16m▀[0m[38;2;46;54;71m[48;2;15;14;15m▀[0m[38;2;47;55;72m[48;2;16;16;17m▀[0m[38;2;47;55;72m[48;2;16;16;17m▀[0m[38;2;47;55;72m[48;2;16;16;17m▀[0m[38;2;47;55;72m[48;2;16;16;17m▀[0m[38;2;47;54;72m[48;2;15;15;16m▀[0m[38;2;46;54;71m[48;2;14;14;14m▀[0m[38;2;49;58;76m[48;2;22;25;27m▀[0m[38;2;57;68;88m[48;2;38;45;52m▀[0m[38;2;71;86;110m[48;2;56;68;85m▀[0m[38;2;81;99;128m[48;2;74;90;116m▀[0m[38;2;62;73;95m[48;2;80;97;125m▀[0m[38;2;38;43;54m[48;2;72;88;112m▀[0m[38;2;35;44;41m[48;2;36;42;53m▀[0m[38;2;40;56;42m[48;2;16;17;14m▀[0m[38;2;54;79;59m[48;2;42;59;45m▀[0m[38;2;60;86;69m[48;2;60;87;69m▀[0m[38;2;50;68;62m[48;2;58;84;66m▀[0m[38;2;45;58;59m[48;2;57;82;65m▀[0m[38;2;46;59;59m[48;2;58;83;66m▀[0m[38;2;47;62;60m[48;2;52;72;63m▀[0m[38;2;49;66;61m[48;2;42;52;58m▀[0m[38;2;49;66;62m[48;2;39;45;56m▀[0m[38;2;50;66;61m[48;2;41;48;57m▀[0m[38;2;54;75;63m[48;2;48;63;60m▀[0m[38;2;59;86;66m[48;2;57;84;65m▀[0m[38;2;65;97;69m[48;2;68;104;71m▀[0m[38;2;67;100;70m[48;2;75;116;74m▀[0m[38;2;61;87;69m[48;2;75;115;74m▀[0m[38;2;57;79;68m[48;2;73;115;74m▀[0m[38;2;60;83;71m[48;2;75;119;75m▀[0m[38;2;52;71;62m[48;2;67;100;70m▀[0m[38;2;42;51;57m[48;2;46;58;59m▀[0m[38;2;34;36;56m[48;2;39;44;57m▀[0m[38;2;39;41;58m[48;2;42;49;59m▀[0m[38;2;37;37;54m[48;2;40;47;57m▀[0m[38;2;42;42;42m▄[0m        
   [38;2;0;0;0m▄[0m[38;2;51;51;51m▄[0m[38;2;26;26;47m[48;2;36;42;53m▀[0m[38;2;36;40;54m[48;2;42;51;58m▀[0m[38;2;52;69;64m[48;2;62;89;70m▀[0m[38;2;61;87;71m[48;2;76;118;75m▀[0m[38;2;61;86;70m[48;2;77;119;75m▀[0m[38;2;62;89;70m[48;2;74;116;74m▀[0m[38;2;72;111;74m[48;2;74;115;74m▀[0m[38;2;79;124;75m[48;2;74;115;74m▀[0m[38;2;82;123;72m[48;2;74;116;75m▀[0m[38;2;78;115;70m[48;2;70;106;72m▀[0m[38;2;66;99;70m[48;2;59;86;66m▀[0m[38;2;63;95;69m[48;2;55;78;64m▀[0m[38;2;64;97;70m[48;2;56;81;65m▀[0m[38;2;62;91;67m[48;2;65;99;69m▀[0m[38;2;57;81;65m[48;2;75;116;74m▀[0m[38;2;50;68;62m[48;2;67;101;70m▀[0m[38;2;48;61;60m[48;2;58;82;65m▀[0m[38;2;52;72;63m[48;2;57;81;65m▀[0m[38;2;58;84;65m[48;2;57;83;65m▀[0m[38;2;62;90;70m[48;2;59;86;68m▀[0m[38;2;57;82;64m[48;2;49;70;56m▀[0m[38;2;39;54;44m[48;2;23;28;23m▀[0m[38;2;28;34;33m[48;2;21;21;23m▀[0m[38;2;23;25;31m[48;2;40;48;54m▀[0m[38;2;29;31;45m[48;2;33;39;45m▀[0m[38;2;42;48;66m[48;2;15;15;16m▀[0m[38;2;53;66;67m[48;2;42;56;33m▀[0m[38;2;60;79;58m[48;2;82;114;64m▀[0m[38;2;53;72;45m[48;2;87;122;69m▀[0m[38;2;45;60;34m[48;2;83;117;66m▀[0m[38;2;45;60;33m[48;2;83;117;66m▀[0m[38;2;45;61;34m[48;2;83;117;66m▀[0m[38;2;45;61;34m[48;2;83;117;66m▀[0m[38;2;45;61;34m[48;2;83;117;66m▀[0m[38;2;45;61;34m[48;2;83;117;66m▀[0m[38;2;45;60;34m[48;2;83;117;66m▀[0m[38;2;44;60;33m[48;2;83;117;66m▀[0m[38;2;50;68;41m[48;2;86;121;68m▀[0m[38;2;59;80;55m[48;2;86;121;67m▀[0m[38;2;52;67;59m[48;2;55;75;43m▀[0m[38;2;41;47;62m[48;2;17;19;15m▀[0m[38;2;49;57;79m[48;2;22;24;29m▀[0m[38;2;59;70;92m[48;2;42;51;58m▀[0m[38;2;53;62;82m[48;2;66;80;99m▀[0m[38;2;44;52;65m[48;2;71;86;110m▀[0m[38;2;36;46;45m[48;2;33;37;47m▀[0m[38;2;37;52;41m[48;2;18;19;17m▀[0m[38;2;54;78;61m[48;2;45;63;50m▀[0m[38;2;62;91;70m[48;2;59;86;67m▀[0m[38;2;60;87;67m[48;2;58;83;66m▀[0m[38;2;55;78;64m[48;2;57;82;65m▀[0m[38;2;49;65;61m[48;2;57;83;65m▀[0m[38;2;47;62;60m[48;2;58;85;65m▀[0m[38;2;48;64;61m[48;2;57;84;65m▀[0m[38;2;47;61;60m[48;2;49;67;61m▀[0m[38;2;47;62;60m[48;2;41;50;57m▀[0m[38;2;51;69;62m[48;2;38;44;55m▀[0m[38;2;58;83;66m[48;2;43;53;58m▀[0m[38;2;71;108;72m[48;2;63;93;68m▀[0m[38;2;78;124;76m[48;2;76;118;75m▀[0m[38;2;79;125;77m[48;2;75;116;75m▀[0m[38;2;74;114;75m[48;2;74;115;74m▀[0m[38;2;63;91;70m[48;2;74;116;74m▀[0m[38;2;60;84;70m[48;2;76;118;75m▀[0m[38;2;62;88;71m[48;2;77;119;75m▀[0m[38;2;53;72;64m[48;2;65;95;71m▀[0m[38;2;40;46;57m[48;2;45;55;60m▀[0m[38;2;29;29;54m[48;2;37;43;55m▀[0m[38;2;51;51;51m▄[0m[38;2;0;0;127m▄[0m     
 [38;2;51;51;51m▄[0m[38;2;45;45;60m▄[0m[38;2;30;24;48m[48;2;40;45;57m▀[0m[38;2;35;37;55m[48;2;42;51;58m▀[0m[38;2;50;67;63m[48;2;61;88;71m▀[0m[38;2;63;91;70m[48;2;76;118;75m▀[0m[38;2;73;111;75m[48;2;76;119;75m▀[0m[38;2;77;122;76m[48;2;73;112;73m▀[0m[38;2;79;124;77m[48;2;73;114;74m▀[0m[38;2;75;118;75m[48;2;71;110;72m▀[0m[38;2;66;101;71m[48;2;62;91;67m▀[0m[38;2;60;91;68m[48;2;56;80;64m▀[0m[38;2;61;92;70m[48;2;56;80;64m▀[0m[38;2;65;95;68m[48;2;65;91;65m▀[0m[38;2;70;99;64m[48;2;80;113;65m▀[0m[38;2;70;99;65m[48;2;82;119;69m▀[0m[38;2;66;99;69m[48;2;76;117;74m▀[0m[38;2;70;108;73m[48;2;74;117;76m▀[0m[38;2;76;118;75m[48;2;74;116;74m▀[0m[38;2;74;116;75m[48;2;72;112;72m▀[0m[38;2;72;110;75m[48;2;70;108;70m▀[0m[38;2;74;114;78m[48;2;73;114;73m▀[0m[38;2;67;101;70m[48;2;65;100;64m▀[0m[38;2;39;55;44m[48;2;29;39;29m▀[0m[38;2;29;36;31m[48;2;26;30;22m▀[0m[38;2;46;61;38m[48;2;70;97;55m▀[0m[38;2;59;79;49m[48;2;90;126;71m▀[0m[38;2;66;89;63m[48;2;85;119;67m▀[0m[38;2;62;83;57m[48;2;84;118;66m▀[0m[38;2;52;70;41m[48;2;85;119;67m▀[0m[38;2;65;89;49m[48;2;84;118;66m▀[0m[38;2;84;117;65m[48;2;82;115;65m▀[0m[38;2;87;122;68m[48;2;82;115;65m▀[0m[38;2;85;120;68m[48;2;82;115;65m▀[0m[38;2;85;120;68m[48;2;82;115;65m▀[0m[38;2;85;120;68m[48;2;82;115;65m▀[0m[38;2;85;120;68m[48;2;82;115;65m▀[0m[38;2;85;120;68m[48;2;82;115;65m▀[0m[38;2;85;120;68m[48;2;82;115;65m▀[0m[38;2;85;120;68m[48;2;82;115;65m▀[0m[38;2;86;120;68m[48;2;82;115;65m▀[0m[38;2;86;122;68m[48;2;82;115;65m▀[0m[38;2;86;121;67m[48;2;82;115;65m▀[0m[38;2;71;99;54m[48;2;83;117;66m▀[0m[38;2;53;72;40m[48;2;85;119;67m▀[0m[38;2;57;78;48m[48;2;89;125;69m▀[0m[38;2;63;85;59m[48;2;83;116;64m▀[0m[38;2;50;63;60m[48;2;44;58;32m▀[0m[38;2;36;40;56m[48;2;17;18;16m▀[0m[38;2;28;30;45m[48;2;36;43;46m▀[0m[38;2;25;27;35m[48;2;43;52;56m▀[0m[38;2;25;30;30m[48;2;24;26;25m▀[0m[38;2;35;48;39m[48;2;25;30;23m▀[0m[38;2;55;79;63m[48;2;47;67;54m▀[0m[38;2;62;90;71m[48;2;57;82;66m▀[0m[38;2;58;84;66m[48;2;56;81;64m▀[0m[38;2;57;82;65m[48;2;57;81;65m▀[0m[38;2;57;81;65m[48;2;59;84;66m▀[0m[38;2;58;84;65m[48;2;67;101;70m▀[0m[38;2;60;86;67m[48;2;75;118;75m▀[0m[38;2;59;85;66m[48;2;78;122;76m▀[0m[38;2;59;85;66m[48;2;74;116;74m▀[0m[38;2;62;90;67m[48;2;64;95;68m▀[0m[38;2;63;94;68m[48;2;56;81;64m▀[0m[38;2;62;92;68m[48;2;56;80;64m▀[0m[38;2;65;98;70m[48;2;60;88;67m▀[0m[38;2;74;116;74m[48;2;70;107;71m▀[0m[38;2;78;123;76m[48;2;74;115;74m▀[0m[38;2;77;120;75m[48;2;74;115;74m▀[0m[38;2;73;111;75m[48;2;77;119;75m▀[0m[38;2;65;94;71m[48;2;76;120;76m▀[0m[38;2;53;73;65m[48;2;63;90;71m▀[0m[38;2;40;48;57m[48;2;43;51;59m▀[0m[38;2;33;41;52m[48;2;34;38;54m▀[0m     
 [38;2;41;41;59m[48;2;31;35;47m▀[0m[38;2;41;48;60m[48;2;34;38;49m▀[0m[38;2;55;73;67m[48;2;55;74;65m▀[0m[38;2;64;95;70m[48;2;71;111;73m▀[0m[38;2;74;114;76m[48;2;75;118;75m▀[0m[38;2;77;120;75m[48;2;71;110;73m▀[0m[38;2;69;105;71m[48;2;64;96;69m▀[0m[38;2;60;89;67m[48;2;58;84;66m▀[0m[38;2;59;87;67m[48;2;56;81;66m▀[0m[38;2;62;91;67m[48;2;60;88;66m▀[0m[38;2;70;100;65m[48;2;76;109;67m▀[0m[38;2;75;104;64m[48;2;85;121;67m▀[0m[38;2;74;103;63m[48;2;84;120;66m▀[0m[38;2;75;107;66m[48;2;81;117;69m▀[0m[38;2;78;117;70m[48;2;73;113;74m▀[0m[38;2;79;121;75m[48;2;68;107;72m▀[0m[38;2;79;123;78m[48;2;65;100;66m▀[0m[38;2;81;128;82m[48;2;67;103;67m▀[0m[38;2;79;123;79m[48;2;66;100;66m▀[0m[38;2;53;80;54m[48;2;43;60;42m▀[0m[38;2;28;39;29m[48;2;20;21;18m▀[0m[38;2;25;34;28m[48;2;15;13;14m▀[0m[38;2;33;44;32m[48;2;28;33;23m▀[0m[38;2;49;67;41m[48;2;68;93;54m▀[0m[38;2;65;89;52m[48;2;89;126;71m▀[0m[38;2;81;112;63m[48;2;85;118;67m▀[0m[38;2;86;121;68m[48;2;82;115;65m▀[0m[38;2;84;118;66m[48;2;82;115;65m▀[0m[38;2;84;118;66m[48;2;82;115;65m▀[0m[38;2;85;119;67m[48;2;82;115;65m▀[0m[38;2;84;117;66m[48;2;82;115;65m▀[0m[38;2;82;115;65m[48;2;82;115;65m▀[0m[38;2;82;115;65m[48;2;82;115;65m▀[0m[38;2;82;115;65m[48;2;82;115;65m▀[0m[38;2;82;115;65m[48;2;82;115;65m▀[0m[38;2;82;115;65m[48;2;82;115;65m▀[0m[38;2;82;115;65m[48;2;82;115;65m▀[0m[38;2;82;115;65m[48;2;82;115;65m▀[0m[38;2;82;115;65m[48;2;82;115;65m▀[0m[38;2;82;115;65m[48;2;82;115;65m▀[0m[38;2;82;115;65m[48;2;82;115;65m▀[0m[38;2;82;115;65m[48;2;82;115;65m▀[0m[38;2;82;115;65m[48;2;82;115;65m▀[0m[38;2;83;117;66m[48;2;82;115;65m▀[0m[38;2;85;119;67m[48;2;82;115;65m▀[0m[38;2;86;121;67m[48;2;82;115;65m▀[0m[38;2;83;117;65m[48;2;82;115;65m▀[0m[38;2;68;95;52m[48;2;84;119;67m▀[0m[38;2;59;80;46m[48;2;86;121;68m▀[0m[38;2;66;90;59m[48;2;85;120;66m▀[0m[38;2;70;95;63m[48;2;86;120;67m▀[0m[38;2;65;89;54m[48;2;90;127;71m▀[0m[38;2;51;68;42m[48;2;72;100;57m▀[0m[38;2;28;34;29m[48;2;31;37;24m▀[0m[38;2;30;40;35m[48;2;29;35;32m▀[0m[38;2;52;75;58m[48;2;55;76;68m▀[0m[38;2;64;96;69m[48;2;64;93;73m▀[0m[38;2;73;111;75m[48;2;66;101;66m▀[0m[38;2;75;117;76m[48;2;71;110;70m▀[0m[38;2;75;118;75m[48;2;75;117;75m▀[0m[38;2;76;119;75m[48;2;75;116;75m▀[0m[38;2;75;117;74m[48;2;74;115;74m▀[0m[38;2;71;108;72m[48;2;75;116;74m▀[0m[38;2;68;102;70m[48;2;75;117;75m▀[0m[38;2;68;104;71m[48;2;76;119;76m▀[0m[38;2;66;100;70m[48;2;71;110;73m▀[0m[38;2;61;90;67m[48;2;61;88;67m▀[0m[38;2;64;97;69m[48;2;60;89;67m▀[0m[38;2;74;114;74m[48;2;70;106;72m▀[0m[38;2;78;122;76m[48;2;75;116;74m▀[0m[38;2;76;120;76m[48;2;75;117;75m▀[0m[38;2;61;87;70m[48;2;64;92;70m▀[0m[38;2;40;46;58m[48;2;46;58;59m▀[0m[38;2;33;33;51m[48;2;41;51;57m▀[0m[38;2;37;45;60m▄[0m[38;2;39;39;58m▄[0m   
[38;2;41;51;60m▄[0m[38;2;10;0;5m[48;2;29;34;36m▀[0m[38;2;16;14;19m[48;2;23;26;23m▀[0m[38;2;36;46;40m[48;2;38;52;41m▀[0m[38;2;59;86;65m[48;2;59;87;66m▀[0m[38;2;62;92;70m[48;2;63;92;70m▀[0m[38;2;60;87;66m[48;2;61;89;68m▀[0m[38;2;65;98;69m[48;2;69;106;72m▀[0m[38;2;70;107;72m[48;2;78;121;76m▀[0m[38;2;69;107;71m[48;2;79;124;77m▀[0m[38;2;71;108;72m[48;2;75;117;75m▀[0m[38;2;78;118;75m[48;2;65;100;65m▀[0m[38;2;82;125;76m[48;2;59;91;60m▀[0m[38;2;82;125;77m[48;2;60;92;61m▀[0m[38;2;78;118;76m[48;2;56;85;60m▀[0m[38;2;68;102;74m[48;2;48;68;55m▀[0m[38;2;49;71;55m[48;2;38;49;42m▀[0m[38;2;26;35;29m[48;2;27;32;24m▀[0m[38;2;20;24;21m[48;2;22;23;18m▀[0m[38;2;24;31;26m[48;2;25;30;22m▀[0m[38;2;46;62;40m[48;2;58;79;47m▀[0m[38;2;66;91;53m[48;2;89;124;69m▀[0m[38;2;66;91;52m[48;2;90;127;71m▀[0m[38;2;67;92;53m[48;2;86;121;68m▀[0m[38;2;79;110;62m[48;2;83;117;66m▀[0m[38;2;85;119;67m[48;2;82;115;65m▀[0m[38;2;83;116;66m[48;2;82;115;65m▀[0m[38;2;82;115;65m[48;2;82;115;65m▀[0m[38;2;82;115;65m[48;2;82;115;65m▀[0m[38;2;82;115;65m[48;2;82;115;65m▀[0m[38;2;82;115;65m[48;2;82;115;65m▀[0m[38;2;82;115;65m[48;2;82;115;65m▀[0m[38;2;82;115;65m[48;2;82;115;65m▀[0m[38;2;82;115;65m[48;2;82;115;65m▀[0m[38;2;82;115;65m[48;2;82;115;65m▀[0m[38;2;82;115;65m[48;2;82;115;65m▀[0m[38;2;82;115;65m[48;2;82;115;65m▀[0m[38;2;82;115;65m[48;2;82;115;65m▀[0m[38;2;82;115;65m[48;2;82;115;65m▀[0m[38;2;82;115;65m[48;2;82;115;65m▀[0m[38;2;82;115;65m[48;2;82;115;65m▀[0m[38;2;82;115;65m[48;2;82;115;65m▀[0m[38;2;82;115;65m[48;2;82;115;65m▀[0m[38;2;82;115;65m[48;2;82;115;65m▀[0m[38;2;82;115;65m[48;2;82;115;65m▀[0m[38;2;82;115;65m[48;2;82;115;65m▀[0m[38;2;82;115;65m[48;2;82;115;65m▀[0m[38;2;82;115;65m[48;2;82;115;65m▀[0m[38;2;83;117;66m[48;2;82;115;65m▀[0m[38;2;84;118;66m[48;2;82;115;65m▀[0m[38;2;83;117;66m[48;2;82;115;65m▀[0m[38;2;83;117;66m[48;2;82;115;65m▀[0m[38;2;85;119;67m[48;2;82;114;65m▀[0m[38;2;80;113;62m[48;2;83;117;65m▀[0m[38;2;69;95;51m[48;2;87;123;66m▀[0m[38;2;67;89;70m[48;2;86;117;83m▀[0m[38;2;72;89;106m[48;2;81;102;108m▀[0m[38;2;50;61;78m[48;2;55;66;76m▀[0m[38;2;25;32;28m[48;2;27;31;24m▀[0m[38;2;48;72;46m[48;2;38;53;34m▀[0m[38;2;79;123;79m[48;2;61;92;61m▀[0m[38;2;79;123;79m[48;2;70;109;71m▀[0m[38;2;74;115;74m[48;2;76;119;76m▀[0m[38;2;74;115;74m[48;2;75;117;74m▀[0m[38;2;74;116;74m[48;2;74;115;73m▀[0m[38;2;75;116;75m[48;2;74;115;74m▀[0m[38;2;73;115;74m[48;2;74;116;74m▀[0m[38;2;71;109;73m[48;2;76;119;75m▀[0m[38;2;66;100;70m[48;2;71;109;72m▀[0m[38;2;60;88;66m[48;2;61;90;67m▀[0m[38;2;66;99;70m[48;2;60;88;67m▀[0m[38;2;76;119;75m[48;2;65;98;70m▀[0m[38;2;75;116;75m[48;2;74;114;74m▀[0m[38;2;66;100;70m[48;2;77;121;76m▀[0m[38;2;54;76;66m[48;2;61;87;71m▀[0m[38;2;39;46;57m[48;2;40;45;57m▀[0m[38;2;36;40;55m[48;2;36;36;52m▀[0m   
[38;2;41;48;58m[48;2;36;41;49m▀[0m[38;2;45;56;59m[48;2;39;49;51m▀[0m[38;2;51;70;59m[48;2;46;63;54m▀[0m[38;2;62;92;67m[48;2;52;77;56m▀[0m[38;2;74;114;76m[48;2;58;87;58m▀[0m[38;2;76;118;78m[48;2;59;89;58m▀[0m[38;2;75;116;76m[48;2;58;88;58m▀[0m[38;2;77;119;77m[48;2;58;87;57m▀[0m[38;2;78;122;78m[48;2;57;86;57m▀[0m[38;2;82;129;82m[48;2;59;90;59m▀[0m[38;2;72;112;72m[48;2;53;79;54m▀[0m[38;2;38;55;38m[48;2;30;37;35m▀[0m[38;2;19;22;18m[48;2;21;19;24m▀[0m[38;2;20;24;21m[48;2;30;36;26m▀[0m[38;2;18;21;21m[48;2;32;40;26m▀[0m[38;2;15;15;18m[48;2;30;36;25m▀[0m[38;2;35;45;33m[48;2;51;68;42m▀[0m[38;2;68;94;54m[48;2;84;117;66m▀[0m[38;2;75;103;58m[48;2;91;128;71m▀[0m[38;2;71;98;57m[48;2;87;122;69m▀[0m[38;2;77;108;61m[48;2;84;118;67m▀[0m[38;2;83;117;66m[48;2;82;115;65m▀[0m[38;2;84;118;66m[48;2;82;115;65m▀[0m[38;2;83;116;66m[48;2;82;115;65m▀[0m[38;2;82;115;65m[48;2;82;115;65m▀[0m[38;2;82;115;65m[48;2;82;115;65m▀[0m[38;2;82;115;65m[48;2;82;115;65m▀[0m[38;2;82;115;65m[48;2;82;115;65m▀[0m[38;2;82;115;65m[48;2;82;115;65m▀[0m[38;2;82;115;65m[48;2;82;115;65m▀[0m[38;2;82;115;65m[48;2;82;115;65m▀[0m[38;2;82;115;65m[48;2;82;115;65m▀[0m[38;2;82;115;65m[48;2;82;115;65m▀[0m[38;2;82;115;65m[48;2;82;115;65m▀[0m[38;2;82;115;65m[48;2;82;115;65m▀[0m[38;2;82;115;65m[48;2;82;115;65m▀[0m[38;2;82;115;65m[48;2;82;115;65m▀[0m[38;2;82;115;65m[48;2;82;115;65m▀[0m[38;2;82;115;65m[48;2;82;115;65m▀[0m[38;2;82;115;65m[48;2;82;115;65m▀[0m[38;2;82;115;65m[48;2;82;115;65m▀[0m[38;2;82;115;65m[48;2;82;115;65m▀[0m[38;2;82;115;65m[48;2;82;115;65m▀[0m[38;2;82;115;65m[48;2;82;115;65m▀[0m[38;2;82;115;65m[48;2;82;115;65m▀[0m[38;2;82;115;65m[48;2;82;115;65m▀[0m[38;2;82;115;65m[48;2;82;115;65m▀[0m[38;2;82;115;65m[48;2;82;115;65m▀[0m[38;2;82;115;65m[48;2;82;115;65m▀[0m[38;2;82;115;65m[48;2;82;115;65m▀[0m[38;2;82;115;65m[48;2;82;115;65m▀[0m[38;2;82;115;65m[48;2;82;115;65m▀[0m[38;2;82;115;65m[48;2;82;115;65m▀[0m[38;2;82;116;65m[48;2;82;115;65m▀[0m[38;2;83;117;65m[48;2;82;115;65m▀[0m[38;2;83;116;69m[48;2;82;115;64m▀[0m[38;2;82;112;73m[48;2;82;116;61m▀[0m[38;2;79;110;69m[48;2;87;123;66m▀[0m[38;2;73;100;58m[48;2;88;124;69m▀[0m[38;2;43;57;35m[48;2;59;80;47m▀[0m[38;2;21;25;22m[48;2;31;38;26m▀[0m[38;2;50;76;52m[48;2;40;56;38m▀[0m[38;2;79;125;79m[48;2;56;84;57m▀[0m[38;2;77;122;75m[48;2;68;99;79m▀[0m[38;2;74;116;71m[48;2;75;109;88m▀[0m[38;2;74;115;73m[48;2;74;114;77m▀[0m[38;2;74;115;74m[48;2;74;117;72m▀[0m[38;2;74;116;74m[48;2;76;118;75m▀[0m[38;2;74;116;75m[48;2;77;120;77m▀[0m[38;2;73;113;73m[48;2;77;120;76m▀[0m[38;2;59;86;67m[48;2;65;97;69m▀[0m[38;2;44;55;58m[48;2;49;66;61m▀[0m[38;2;59;86;67m[48;2;55;76;64m▀[0m[38;2;77;120;75m[48;2;64;95;69m▀[0m[38;2;60;85;70m[48;2;60;86;68m▀[0m[38;2;37;41;56m[48;2;50;67;62m▀[0m[38;2;31;31;50m[48;2;47;61;61m▀[0m[38;2;37;45;56m▄[0m[38;2;40;40;53m▄[0m 
[38;2;19;20;20m[48;2;13;13;11m▀[0m[38;2;19;20;21m[48;2;13;11;11m▀[0m[38;2;20;22;21m[48;2;11;8;9m▀[0m[38;2;21;24;21m[48;2;9;6;9m▀[0m[38;2;22;25;22m[48;2;9;4;9m▀[0m[38;2;22;25;22m[48;2;9;4;9m▀[0m[38;2;22;25;22m[48;2;9;4;9m▀[0m[38;2;22;25;22m[48;2;9;4;9m▀[0m[38;2;22;25;22m[48;2;9;4;9m▀[0m[38;2;20;24;19m[48;2;6;1;4m▀[0m[38;2;23;27;25m[48;2;11;8;14m▀[0m[38;2;32;37;46m[48;2;31;34;46m▀[0m[38;2;49;60;59m[48;2;51;65;65m▀[0m[38;2;72;98;60m[48;2;67;90;65m▀[0m[38;2;80;113;62m[48;2;78;108;68m▀[0m[38;2;76;107;60m[48;2;85;120;69m▀[0m[38;2;78;109;62m[48;2;86;122;68m▀[0m[38;2;82;115;65m[48;2;82;115;65m▀[0m[38;2;83;116;66m[48;2;82;115;65m▀[0m[38;2;82;116;65m[48;2;82;115;65m▀[0m[38;2;82;115;65m[48;2;82;115;65m▀[0m[38;2;82;115;65m[48;2;82;115;65m▀[0m[38;2;82;115;65m[48;2;82;115;65m▀[0m[38;2;82;115;65m[48;2;82;115;65m▀[0m[38;2;82;115;65m[48;2;82;115;65m▀[0m[38;2;82;115;65m[48;2;82;115;65m▀[0m[38;2;82;115;65m[48;2;82;115;65m▀[0m[38;2;82;115;65m[48;2;82;115;65m▀[0m[38;2;82;115;65m[48;2;82;115;65m▀[0m[38;2;82;115;65m[48;2;82;115;65m▀[0m[38;2;82;115;65m[48;2;82;115;65m▀[0m[38;2;82;115;65m[48;2;82;115;65m▀[0m[38;2;82;115;65m[48;2;82;115;65m▀[0m[38;2;82;115;65m[48;2;82;115;65m▀[0m[38;2;82;115;65m[48;2;82;115;65m▀[0m[38;2;82;115;65m[48;2;82;115;65m▀[0m[38;2;82;115;65m[48;2;82;115;65m▀[0m[38;2;82;115;65m[48;2;82;115;65m▀[0m[38;2;82;115;65m[48;2;82;115;65m▀[0m[38;2;82;115;65m[48;2;82;115;65m▀[0m[38;2;82;115;65m[48;2;82;115;65m▀[0m[38;2;82;115;65m[48;2;82;115;65m▀[0m[38;2;82;115;65m[48;2;82;115;65m▀[0m[38;2;82;115;65m[48;2;82;115;65m▀[0m[38;2;82;115;65m[48;2;82;115;65m▀[0m[38;2;82;115;65m[48;2;82;115;65m▀[0m[38;2;82;115;65m[48;2;82;115;65m▀[0m[38;2;82;115;65m[48;2;82;115;65m▀[0m[38;2;82;115;65m[48;2;82;115;65m▀[0m[38;2;82;115;65m[48;2;82;115;65m▀[0m[38;2;82;115;65m[48;2;82;115;65m▀[0m[38;2;82;115;65m[48;2;82;115;65m▀[0m[38;2;82;115;65m[48;2;82;115;65m▀[0m[38;2;82;115;65m[48;2;82;115;65m▀[0m[38;2;82;115;65m[48;2;82;115;65m▀[0m[38;2;82;115;65m[48;2;82;115;65m▀[0m[38;2;82;115;65m[48;2;82;115;65m▀[0m[38;2;82;116;65m[48;2;82;115;65m▀[0m[38;2;83;116;65m[48;2;82;115;65m▀[0m[38;2;83;116;66m[48;2;87;123;69m▀[0m[38;2;75;105;60m[48;2;86;121;68m▀[0m[38;2;38;51;29m[48;2;56;76;43m▀[0m[38;2;19;20;23m[48;2;38;48;34m▀[0m[38;2;53;61;83m[48;2;63;78;74m▀[0m[38;2;77;98;115m[48;2;79;102;102m▀[0m[38;2;76;112;85m[48;2;77;106;99m▀[0m[38;2;75;119;70m[48;2;68;98;84m▀[0m[38;2;76;119;75m[48;2;53;78;56m▀[0m[38;2;76;119;76m[48;2;57;86;55m▀[0m[38;2;75;116;74m[48;2;74;115;74m▀[0m[38;2;74;115;74m[48;2;82;129;80m▀[0m[38;2;72;111;73m[48;2;80;127;79m▀[0m[38;2;57;81;65m[48;2;58;82;66m▀[0m[38;2;44;54;58m[48;2;37;41;55m▀[0m[38;2;60;86;67m[48;2;60;86;67m▀[0m[38;2;71;108;72m[48;2;78;122;76m▀[0m[38;2;56;78;67m[48;2;60;83;71m▀[0m[38;2;38;44;55m[48;2;37;40;54m▀[0m[38;2;35;39;57m[48;2;35;35;57m▀[0m 
[38;2;0;0;0m▀[0m[38;2;0;0;0m▀[0m[38;2;0;0;0m▀[0m[38;2;0;0;0m▀[0m[38;2;0;0;0m▀[0m[38;2;0;0;0m▀[0m[38;2;0;0;0m▀[0m[38;2;0;0;0m▀[0m[38;2;0;0;0m▀[0m[38;2;0;0;0m▀[0m[38;2;0;0;0m▀[0m[38;2;36;36;36m▀[0m[38;2;35;45;56m[48;2;0;0;56m▀[0m[38;2;38;45;56m[48;2;30;33;55m▀[0m[38;2;55;71;63m[48;2;50;63;63m▀[0m[38;2;77;108;65m[48;2;76;107;65m▀[0m[38;2;85;120;66m[48;2;85;121;66m▀[0m[38;2;82;115;65m[48;2;82;115;65m▀[0m[38;2;82;115;65m[48;2;82;115;65m▀[0m[38;2;82;115;65m[48;2;82;115;65m▀[0m[38;2;82;115;65m[48;2;82;115;65m▀[0m[38;2;82;115;65m[48;2;82;115;65m▀[0m[38;2;82;115;65m[48;2;82;115;65m▀[0m[38;2;82;115;65m[48;2;82;115;65m▀[0m[38;2;82;115;65m[48;2;82;115;65m▀[0m[38;2;82;115;65m[48;2;82;115;65m▀[0m[38;2;82;115;65m[48;2;82;115;65m▀[0m[38;2;82;115;65m[48;2;82;115;65m▀[0m[38;2;82;115;65m[48;2;82;115;65m▀[0m[38;2;82;115;65m[48;2;82;115;65m▀[0m[38;2;82;115;65m[48;2;82;115;65m▀[0m[38;2;82;115;65m[48;2;82;115;65m▀[0m[38;2;82;115;65m[48;2;82;115;65m▀[0m[38;2;82;115;65m[48;2;82;115;65m▀[0m[38;2;82;115;65m[48;2;82;115;65m▀[0m[38;2;82;115;65m[48;2;82;115;65m▀[0m[38;2;82;115;65m[48;2;82;115;65m▀[0m[38;2;82;115;65m[48;2;82;115;65m▀[0m[38;2;82;115;65m[48;2;82;115;65m▀[0m[38;2;82;115;65m[48;2;82;115;65m▀[0m[38;2;82;115;65m[48;2;82;115;65m▀[0m[38;2;82;115;65m[48;2;82;115;65m▀[0m[38;2;82;115;65m[48;2;82;115;65m▀[0m[38;2;82;115;65m[48;2;82;115;65m▀[0m[38;2;82;115;65m[48;2;82;115;65m▀[0m[38;2;82;115;65m[48;2;82;115;65m▀[0m[38;2;82;115;65m[48;2;82;115;65m▀[0m[38;2;82;115;65m[48;2;82;115;65m▀[0m[38;2;82;115;65m[48;2;82;115;65m▀[0m[38;2;82;115;65m[48;2;82;115;65m▀[0m[38;2;82;115;65m[48;2;82;115;65m▀[0m[38;2;82;115;65m[48;2;82;115;65m▀[0m[38;2;82;115;65m[48;2;82;115;65m▀[0m[38;2;82;115;65m[48;2;82;115;65m▀[0m[38;2;82;115;65m[48;2;82;115;65m▀[0m[38;2;82;115;65m[48;2;82;115;65m▀[0m[38;2;82;115;65m[48;2;82;115;65m▀[0m[38;2;82;115;65m[48;2;82;115;65m▀[0m[38;2;82;115;65m[48;2;82;115;65m▀[0m[38;2;82;115;65m[48;2;82;115;65m▀[0m[38;2;82;115;65m[48;2;82;115;65m▀[0m[38;2;81;113;64m[48;2;85;119;67m▀[0m[38;2;80;112;64m[48;2;86;121;68m▀[0m[38;2;82;115;61m[48;2;84;120;62m▀[0m[38;2;82;112;73m[48;2;83;116;66m▀[0m[38;2;80;102;110m[48;2;84;112;92m▀[0m[38;2;61;72;98m[48;2;63;79;78m▀[0m[38;2;23;24;31m[48;2;18;16;22m▀[0m[38;2;30;41;27m[48;2;12;12;12m▀[0m[38;2;69;106;68m[48;2;38;54;39m▀[0m[38;2;81;127;80m[48;2;44;64;44m▀[0m[38;2;76;119;76m[48;2;43;62;43m▀[0m[38;2;57;81;65m[48;2;52;74;55m▀[0m[38;2;40;47;57m[48;2;61;87;69m▀[0m[38;2;60;86;67m[48;2;61;87;70m▀[0m[38;2;75;115;74m[48;2;60;85;68m▀[0m[38;2;57;79;68m[48;2;63;91;71m▀[0m[38;2;37;42;55m[48;2;59;85;68m▀[0m[38;2;34;38;56m[48;2;50;67;65m▀[0m[38;2;41;47;61m▄[0m
          [38;2;51;68;51m▄[0m[38;2;0;85;85m[48;2;40;64;54m▀[0m[38;2;37;43;59m[48;2;52;76;61m▀[0m[38;2;38;44;55m[48;2;62;83;62m▀[0m[38;2;54;70;63m[48;2;72;98;65m▀[0m[38;2;77;108;65m[48;2;80;112;65m▀[0m[38;2;85;120;66m[48;2;83;117;65m▀[0m[38;2;82;115;65m[48;2;82;115;65m▀[0m[38;2;82;115;65m[48;2;82;115;65m▀[0m[38;2;82;115;65m[48;2;82;115;65m▀[0m[38;2;82;115;65m[48;2;82;115;65m▀[0m[38;2;82;115;65m[48;2;82;115;65m▀[0m[38;2;82;115;65m[48;2;82;115;65m▀[0m[38;2;82;115;65m[48;2;82;115;65m▀[0m[38;2;82;115;65m[48;2;82;115;65m▀[0m[38;2;82;115;65m[48;2;82;115;65m▀[0m[38;2;82;115;65m[48;2;82;115;65m▀[0m[38;2;82;115;65m[48;2;82;115;65m▀[0m[38;2;82;115;65m[48;2;82;115;65m▀[0m[38;2;82;115;65m[48;2;82;115;65m▀[0m[38;2;82;115;65m[48;2;82;115;65m▀[0m[38;2;82;115;65m[48;2;82;115;65m▀[0m[38;2;82;115;65m[48;2;82;115;65m▀[0m[38;2;82;115;65m[48;2;82;115;65m▀[0m[38;2;82;115;65m[48;2;82;115;65m▀[0m[38;2;82;115;65m[48;2;82;115;65m▀[0m[38;2;82;115;65m[48;2;82;115;65m▀[0m[38;2;82;115;65m[48;2;82;115;65m▀[0m[38;2;82;115;65m[48;2;82;115;65m▀[0m[38;2;82;115;65m[48;2;82;115;65m▀[0m[38;2;82;115;65m[48;2;82;115;65m▀[0m[38;2;82;115;65m[48;2;82;115;65m▀[0m[38;2;82;115;65m[48;2;82;115;65m▀[0m[38;2;82;115;65m[48;2;82;115;65m▀[0m[38;2;82;115;65m[48;2;82;115;65m▀[0m[38;2;82;115;65m[48;2;82;115;65m▀[0m[38;2;82;115;65m[48;2;82;115;65m▀[0m[38;2;82;115;65m[48;2;82;115;65m▀[0m[38;2;82;115;65m[48;2;82;115;65m▀[0m[38;2;82;115;65m[48;2;82;115;65m▀[0m[38;2;82;115;65m[48;2;82;115;65m▀[0m[38;2;82;115;65m[48;2;82;115;65m▀[0m[38;2;82;115;65m[48;2;82;115;65m▀[0m[38;2;82;115;65m[48;2;82;115;65m▀[0m[38;2;82;115;65m[48;2;82;115;65m▀[0m[38;2;82;115;65m[48;2;82;115;65m▀[0m[38;2;82;115;65m[48;2;82;115;65m▀[0m[38;2;82;115;65m[48;2;82;115;65m▀[0m[38;2;82;115;65m[48;2;82;115;65m▀[0m[38;2;82;115;65m[48;2;82;115;65m▀[0m[38;2;82;115;65m[48;2;82;115;65m▀[0m[38;2;82;115;65m[48;2;82;115;65m▀[0m[38;2;82;115;65m[48;2;82;115;65m▀[0m[38;2;82;115;65m[48;2;82;115;65m▀[0m[38;2;83;116;66m[48;2;82;116;65m▀[0m[38;2;87;122;68m[48;2;84;119;64m▀[0m[38;2;69;97;55m[48;2;77;108;59m▀[0m[38;2;28;34;25m[48;2;59;81;47m▀[0m[38;2;12;10;13m[48;2;52;70;42m▀[0m[38;2;15;15;16m[48;2;52;70;42m▀[0m[38;2;13;11;13m[48;2;42;57;39m▀[0m[38;2;14;13;14m[48;2;30;42;36m▀[0m[38;2;45;64;44m[48;2;34;49;38m▀[0m[38;2;74;114;73m[48;2;40;57;38m▀[0m[38;2;56;79;66m[48;2;31;40;35m▀[0m[38;2;41;49;56m[48;2;26;28;33m▀[0m[38;2;62;93;67m[48;2;37;51;39m▀[0m[38;2;72;111;72m[48;2;43;61;42m▀[0m[38;2;50;67;62m[48;2;34;42;39m▀[0m[38;2;38;43;56m[48;2;28;31;37m▀[0m
          [38;2;51;71;61m[48;2;113;141;56m▀[0m[38;2;48;72;56m[48;2;69;100;61m▀[0m[38;2;62;92;65m[48;2;80;115;69m▀[0m[38;2;79;113;66m[48;2;84;118;67m▀[0m[38;2;85;120;66m[48;2;84;118;65m▀[0m[38;2;82;115;65m[48;2;82;115;65m▀[0m[38;2;82;115;65m[48;2;82;115;65m▀[0m[38;2;82;115;65m[48;2;82;115;65m▀[0m[38;2;82;115;65m[48;2;82;115;65m▀[0m[38;2;82;115;65m[48;2;82;115;65m▀[0m[38;2;82;115;65m[48;2;82;115;65m▀[0m[38;2;82;115;65m[48;2;82;115;65m▀[0m[38;2;82;115;65m[48;2;82;115;65m▀[0m[38;2;82;115;65m[48;2;82;115;65m▀[0m[38;2;82;115;65m[48;2;82;115;65m▀[0m[38;2;82;115;65m[48;2;82;115;65m▀[0m[38;2;82;115;65m[48;2;82;115;65m▀[0m[38;2;82;115;65m[48;2;82;115;65m▀[0m[38;2;82;115;65m[48;2;82;115;65m▀[0m[38;2;82;115;65m[48;2;82;115;65m▀[0m[38;2;82;115;65m[48;2;82;115;65m▀[0m[38;2;82;115;65m[48;2;82;115;65m▀[0m[38;2;82;115;65m[48;2;82;115;65m▀[0m[38;2;82;115;65m[48;2;82;115;65m▀[0m[38;2;82;115;65m[48;2;82;115;65m▀[0m[38;2;82;115;65m[48;2;82;115;65m▀[0m[38;2;82;115;65m[48;2;82;115;65m▀[0m[38;2;82;115;65m[48;2;82;115;65m▀[0m[38;2;82;115;65m[48;2;82;115;65m▀[0m[38;2;82;115;65m[48;2;82;115;65m▀[0m[38;2;82;115;65m[48;2;82;115;65m▀[0m[38;2;82;115;65m[48;2;82;115;65m▀[0m[38;2;82;115;65m[48;2;82;115;65m▀[0m[38;2;82;115;65m[48;2;82;115;65m▀[0m[38;2;82;115;65m[48;2;82;115;65m▀[0m[38;2;82;115;65m[48;2;82;115;65m▀[0m[38;2;82;115;65m[48;2;82;115;65m▀[0m[38;2;82;115;65m[48;2;82;115;65m▀[0m[38;2;82;115;65m[48;2;82;115;65m▀[0m[38;2;82;115;65m[48;2;82;115;65m▀[0m[38;2;82;115;65m[48;2;82;115;65m▀[0m[38;2;82;115;65m[48;2;82;115;65m▀[0m[38;2;82;115;65m[48;2;82;115;65m▀[0m[38;2;82;115;65m[48;2;82;115;65m▀[0m[38;2;82;115;65m[48;2;82;115;65m▀[0m[38;2;82;115;65m[48;2;82;115;65m▀[0m[38;2;82;115;65m[48;2;82;115;65m▀[0m[38;2;82;115;65m[48;2;82;115;65m▀[0m[38;2;82;115;65m[48;2;82;115;65m▀[0m[38;2;82;115;65m[48;2;82;115;65m▀[0m[38;2;82;115;65m[48;2;82;115;65m▀[0m[38;2;82;115;65m[48;2;82;115;65m▀[0m[38;2;82;115;65m[48;2;82;115;65m▀[0m[38;2;82;115;65m[48;2;82;115;65m▀[0m[38;2;82;115;65m[48;2;82;115;65m▀[0m[38;2;82;115;65m[48;2;82;114;65m▀[0m[38;2;83;116;65m[48;2;83;116;66m▀[0m[38;2;84;119;67m[48;2;86;121;67m▀[0m[38;2;86;121;67m[48;2;88;123;68m▀[0m[38;2;87;121;67m[48;2;88;123;68m▀[0m[38;2;74;108;66m[48;2;85;119;67m▀[0m[38;2;55;82;61m[48;2;76;109;65m▀[0m[38;2;34;48;40m[48;2;60;86;58m▀[0m[38;2;16;16;17m[48;2;39;56;45m▀[0m[38;2;13;12;13m[48;2;27;37;31m▀[0m[38;2;15;15;13m[48;2;12;12;12m▀[0m[38;2;13;12;13m[48;2;9;6;9m▀[0m[38;2;13;11;13m[48;2;9;3;9m▀[0m[38;2;15;13;13m[48;2;12;9;9m▀[0m[38;2;15;15;13m[48;2;12;12;12m▀[0m
        [38;2;0;0;0m[48;2;63;63;63m▀[0m[38;2;48;72;60m[48;2;45;68;56m▀[0m[38;2;64;92;60m[48;2;56;82;61m▀[0m[38;2;83;116;66m[48;2;76;108;65m▀[0m[38;2;88;125;69m[48;2;85;120;67m▀[0m[38;2;84;118;66m[48;2;83;117;65m▀[0m[38;2;82;115;65m[48;2;82;116;65m▀[0m[38;2;82;115;65m[48;2;84;117;65m▀[0m[38;2;83;116;65m[48;2;86;120;67m▀[0m[38;2;83;116;66m[48;2;87;122;68m▀[0m[38;2;83;116;65m[48;2;85;119;67m▀[0m[38;2;82;115;65m[48;2;82;115;65m▀[0m[38;2;82;115;65m[48;2;82;114;65m▀[0m[38;2;82;115;65m[48;2;82;115;65m▀[0m[38;2;82;115;65m[48;2;84;117;65m▀[0m[38;2;82;116;65m[48;2;84;118;66m▀[0m[38;2;82;115;65m[48;2;83;116;65m▀[0m[38;2;82;115;65m[48;2;82;115;65m▀[0m[38;2;82;115;65m[48;2;84;117;66m▀[0m[38;2;82;115;65m[48;2;84;117;66m▀[0m[38;2;82;115;65m[48;2;82;115;65m▀[0m[38;2;82;115;65m[48;2;82;115;65m▀[0m[38;2;82;115;65m[48;2;82;115;65m▀[0m[38;2;82;115;65m[48;2;82;115;65m▀[0m[38;2;82;115;65m[48;2;82;115;65m▀[0m[38;2;82;115;65m[48;2;82;115;65m▀[0m[38;2;82;115;65m[48;2;82;115;65m▀[0m[38;2;82;115;65m[48;2;82;115;65m▀[0m[38;2;82;115;65m[48;2;82;115;65m▀[0m[38;2;82;115;65m[48;2;82;115;65m▀[0m[38;2;82;115;65m[48;2;82;115;65m▀[0m[38;2;82;115;65m[48;2;82;115;65m▀[0m[38;2;82;115;65m[48;2;82;115;65m▀[0m[38;2;82;115;65m[48;2;82;115;65m▀[0m[38;2;82;115;65m[48;2;82;115;65m▀[0m[38;2;82;115;65m[48;2;82;115;65m▀[0m[38;2;82;115;65m[48;2;82;115;65m▀[0m[38;2;82;115;65m[48;2;82;115;65m▀[0m[38;2;82;115;65m[48;2;82;115;65m▀[0m[38;2;82;115;65m[48;2;82;115;65m▀[0m[38;2;82;115;65m[48;2;84;117;65m▀[0m[38;2;82;116;65m[48;2;84;118;66m▀[0m[38;2;82;115;65m[48;2;83;116;65m▀[0m[38;2;82;115;65m[48;2;82;115;65m▀[0m[38;2;82;115;65m[48;2;82;115;65m▀[0m[38;2;82;115;65m[48;2;83;116;65m▀[0m[38;2;82;115;65m[48;2;84;118;66m▀[0m[38;2;82;115;65m[48;2;84;117;65m▀[0m[38;2;82;115;65m[48;2;82;115;65m▀[0m[38;2;82;115;65m[48;2;82;115;65m▀[0m[38;2;82;115;65m[48;2;82;115;65m▀[0m[38;2;82;115;65m[48;2;82;115;65m▀[0m[38;2;82;115;65m[48;2;82;115;65m▀[0m[38;2;82;115;65m[48;2;82;115;65m▀[0m[38;2;82;115;65m[48;2;82;115;65m▀[0m[38;2;82;115;65m[48;2;82;115;65m▀[0m[38;2;82;115;65m[48;2;82;115;65m▀[0m[38;2;82;115;65m[48;2;84;117;66m▀[0m[38;2;81;114;65m[48;2;77;109;63m▀[0m[38;2;78;111;64m[48;2;61;89;59m▀[0m[38;2;78;109;64m[48;2;56;83;59m▀[0m[38;2;78;110;65m[48;2;60;89;63m▀[0m[38;2;81;114;65m[48;2;63;93;66m▀[0m[38;2;81;114;65m[48;2;63;92;65m▀[0m[38;2;70;101;66m[48;2;58;85;61m▀[0m[38;2;51;78;60m[48;2;54;83;62m▀[0m[38;2;50;78;61m[48;2;55;88;66m▀[0m     
        [38;2;46;69;46m[48;2;51;76;51m▀[0m[38;2;45;69;54m[48;2;45;68;54m▀[0m[38;2;58;87;65m[48;2;56;84;62m▀[0m[38;2;76;109;67m[48;2;77;111;68m▀[0m[38;2;86;120;67m[48;2;89;126;69m▀[0m[38;2;85;119;66m[48;2;89;125;69m▀[0m[38;2;82;115;66m[48;2;80;114;68m▀[0m[38;2;78;110;65m[48;2;63;93;65m▀[0m[38;2;72;102;60m[48;2;42;60;45m▀[0m[38;2;67;93;54m[48;2;24;28;22m▀[0m[38;2;73;102;58m[48;2;47;62;37m▀[0m[38;2;82;115;65m[48;2;81;114;65m▀[0m[38;2;83;117;66m[48;2;87;123;67m▀[0m[38;2;82;115;65m[48;2;81;114;65m▀[0m[38;2;78;110;64m[48;2;64;94;62m▀[0m[38;2;76;108;64m[48;2;58;86;61m▀[0m[38;2;81;114;65m[48;2;78;109;65m▀[0m[38;2;82;115;65m[48;2;80;113;64m▀[0m[38;2;76;108;64m[48;2;59;87;59m▀[0m[38;2;76;108;64m[48;2;59;87;59m▀[0m[38;2;82;115;65m[48;2;80;112;65m▀[0m[38;2;83;116;65m[48;2;85;120;66m▀[0m[38;2;82;115;65m[48;2;82;115;65m▀[0m[38;2;82;115;65m[48;2;82;115;65m▀[0m[38;2;82;115;65m[48;2;82;115;65m▀[0m[38;2;82;115;65m[48;2;82;115;65m▀[0m[38;2;82;115;65m[48;2;82;115;65m▀[0m[38;2;82;115;65m[48;2;82;115;65m▀[0m[38;2;82;115;65m[48;2;82;115;65m▀[0m[38;2;82;115;65m[48;2;82;115;65m▀[0m[38;2;82;115;65m[48;2;82;115;65m▀[0m[38;2;82;115;65m[48;2;82;115;65m▀[0m[38;2;82;115;65m[48;2;82;115;65m▀[0m[38;2;82;115;65m[48;2;82;115;65m▀[0m[38;2;82;115;65m[48;2;82;115;65m▀[0m[38;2;82;115;65m[48;2;82;115;65m▀[0m[38;2;82;115;65m[48;2;82;115;65m▀[0m[38;2;82;115;65m[48;2;82;115;65m▀[0m[38;2;83;116;65m[48;2;85;119;65m▀[0m[38;2;83;116;65m[48;2;83;117;66m▀[0m[38;2;78;110;64m[48;2;64;93;61m▀[0m[38;2;75;107;63m[48;2;55;82;58m▀[0m[38;2;80;113;65m[48;2;73;104;63m▀[0m[38;2;83;117;65m[48;2;86;120;66m▀[0m[38;2;84;117;65m[48;2;87;121;66m▀[0m[38;2;81;113;65m[48;2;76;108;64m▀[0m[38;2;75;107;63m[48;2;55;82;59m▀[0m[38;2;76;108;64m[48;2;58;86;60m▀[0m[38;2;81;114;65m[48;2;79;111;64m▀[0m[38;2;83;116;65m[48;2;85;119;66m▀[0m[38;2;83;116;65m[48;2;84;118;66m▀[0m[38;2;82;116;65m[48;2;83;117;65m▀[0m[38;2;82;115;65m[48;2;82;115;65m▀[0m[38;2;82;115;65m[48;2;82;115;65m▀[0m[38;2;82;115;65m[48;2;82;115;65m▀[0m[38;2;82;115;65m[48;2;82;115;65m▀[0m[38;2;82;115;65m[48;2;82;115;65m▀[0m[38;2;84;118;66m[48;2;84;118;66m▀[0m[38;2;76;107;63m[48;2;76;108;65m▀[0m[38;2;53;79;58m[48;2;55;83;61m▀[0m[38;2;43;66;54m[48;2;42;65;54m▀[0m[38;2;45;70;56m[48;2;43;65;54m▀[0m[38;2;47;73;58m[48;2;49;74;57m▀[0m[38;2;46;71;58m[48;2;43;68;55m▀[0m[38;2;45;71;56m[48;2;38;63;51m▀[0m       
        [38;2;51;76;51m[48;2;46;69;46m▀[0m[38;2;47;73;58m[48;2;51;79;61m▀[0m[38;2;55;82;62m[48;2;51;77;59m▀[0m[38;2;61;87;56m[48;2;33;43;34m▀[0m[38;2;65;88;51m[48;2;21;22;19m▀[0m[38;2;66;90;52m[48;2;23;26;21m▀[0m[38;2;59;82;51m[48;2;20;24;19m▀[0m[38;2;50;76;57m[48;2;32;45;32m▀[0m[38;2;30;44;40m[48;2;48;75;60m▀[0m[38;2;20;25;25m[48;2;45;69;54m▀[0m[38;2;48;66;42m[48;2;67;97;63m▀[0m[38;2;84;118;67m[48;2;85;120;67m▀[0m[38;2;91;129;70m[48;2;92;129;72m▀[0m[38;2;83;117;66m[48;2;83;117;66m▀[0m[38;2;53;76;52m[48;2;42;55;36m▀[0m[38;2;39;56;45m[48;2;20;22;21m▀[0m[38;2;64;90;58m[48;2;42;60;46m▀[0m[38;2;71;103;64m[48;2;55;84;63m▀[0m[38;2;52;79;59m[48;2;52;78;60m▀[0m[38;2;51;78;58m[48;2;50;76;59m▀[0m[38;2;68;98;62m[48;2;50;76;58m▀[0m[38;2;78;110;64m[48;2;63;90;61m▀[0m[38;2;83;116;65m[48;2;82;114;64m▀[0m[38;2;84;118;66m[48;2;86;120;66m▀[0m[38;2;83;117;65m[48;2;84;117;65m▀[0m[38;2;83;116;65m[48;2;83;116;65m▀[0m[38;2;82;115;65m[48;2;82;115;65m▀[0m[38;2;82;115;65m[48;2;82;115;65m▀[0m[38;2;82;115;65m[48;2;82;115;65m▀[0m[38;2;83;116;65m[48;2;83;117;65m▀[0m[38;2;83;116;65m[48;2;84;117;65m▀[0m[38;2;82;115;65m[48;2;82;116;65m▀[0m[38;2;82;115;65m[48;2;82;115;65m▀[0m[38;2;82;115;65m[48;2;82;115;65m▀[0m[38;2;82;115;65m[48;2;83;116;65m▀[0m[38;2;83;116;65m[48;2;84;117;65m▀[0m[38;2;84;117;65m[48;2;86;119;65m▀[0m[38;2;84;117;65m[48;2;85;118;65m▀[0m[38;2;80;112;64m[48;2;69;98;62m▀[0m[38;2;72;102;63m[48;2;52;77;58m▀[0m[38;2;55;81;59m[48;2;48;73;57m▀[0m[38;2;47;72;56m[48;2;49;74;57m▀[0m[38;2;63;91;60m[48;2;51;76;57m▀[0m[38;2;74;105;64m[48;2;52;78;58m▀[0m[38;2;75;107;64m[48;2;52;78;59m▀[0m[38;2;69;100;63m[48;2;59;88;61m▀[0m[38;2;58;86;60m[48;2;76;108;64m▀[0m[38;2;64;92;61m[48;2;84;118;66m▀[0m[38;2;80;113;64m[48;2;84;117;65m▀[0m[38;2;79;111;65m[48;2;68;98;62m▀[0m[38;2;71;102;62m[48;2;50;76;57m▀[0m[38;2;77;109;64m[48;2;65;95;62m▀[0m[38;2;84;119;67m[48;2;85;120;67m▀[0m[38;2;85;118;66m[48;2;87;121;66m▀[0m[38;2;83;116;65m[48;2;84;117;65m▀[0m[38;2;82;115;65m[48;2;83;116;65m▀[0m[38;2;82;115;65m[48;2;82;115;65m▀[0m[38;2;83;117;66m[48;2;82;115;65m▀[0m[38;2;79;111;65m[48;2;82;115;65m▀[0m[38;2;66;96;63m[48;2;82;115;66m▀[0m[38;2;56;83;58m[48;2;71;103;64m▀[0m[38;2;54;81;61m[48;2;54;82;61m▀[0m[38;2;45;63;54m[48;2;46;69;54m▀[0m[38;2;36;72;36m▄[0m        
        [38;2;42;85;42m▀[0m[38;2;53;81;61m[48;2;42;85;42m▀[0m[38;2;46;71;54m[48;2;56;56;56m▀[0m[38;2;20;27;24m[48;2;28;28;28m▀[0m[38;2;6;0;8m[48;2;0;0;0m▀[0m[38;2;8;4;9m[48;2;0;0;0m▀[0m[38;2;4;0;4m[48;2;0;0;0m▀[0m [38;2;34;54;46m[48;2;14;17;17m▀[0m[38;2;36;53;42m[48;2;16;17;17m▀[0m[38;2;51;70;49m[48;2;19;20;19m▀[0m[38;2;58;78;47m[48;2;19;20;18m▀[0m[38;2;62;84;50m[48;2;20;21;19m▀[0m[38;2;56;76;45m[48;2;18;19;17m▀[0m[38;2;33;39;26m[48;2;17;20;17m▀[0m[38;2;12;9;12m[48;2;13;13;26m▀[0m[38;2;27;37;33m[48;2;17;18;17m▀[0m[38;2;37;53;44m[48;2;18;19;18m▀[0m[38;2;37;51;42m[48;2;16;14;15m▀[0m[38;2;39;57;46m[48;2;25;32;27m▀[0m[38;2;44;67;55m[48;2;45;66;52m▀[0m[38;2;55;81;60m[48;2;51;78;60m▀[0m[38;2;68;97;61m[48;2;50;75;57m▀[0m[38;2;70;101;63m[48;2;48;74;57m▀[0m[38;2;69;99;62m[48;2;50;74;57m▀[0m[38;2;77;108;64m[48;2;67;96;61m▀[0m[38;2;84;117;65m[48;2;84;117;65m▀[0m[38;2;85;119;66m[48;2;87;121;66m▀[0m[38;2;82;116;65m[48;2;80;113;64m▀[0m[38;2;72;102;63m[48;2;57;85;59m▀[0m[38;2;69;99;62m[48;2;52;77;58m▀[0m[38;2;80;112;64m[48;2;75;106;63m▀[0m[38;2;85;119;66m[48;2;86;120;66m▀[0m[38;2;85;118;66m[48;2;86;119;66m▀[0m[38;2;79;111;65m[48;2;73;103;63m▀[0m[38;2;71;101;62m[48;2;53;78;58m▀[0m[38;2;70;100;62m[48;2;48;73;56m▀[0m[38;2;70;100;62m[48;2;50;75;57m▀[0m[38;2;58;85;59m[48;2;50;75;57m▀[0m[38;2;47;70;56m[48;2;49;74;57m▀[0m[38;2;47;71;57m[48;2;49;74;57m▀[0m[38;2;49;74;57m[48;2;49;74;57m▀[0m[38;2;49;76;59m[48;2;51;79;61m▀[0m[38;2;46;69;56m[48;2;45;67;52m▀[0m[38;2;35;52;44m[48;2;22;28;25m▀[0m[38;2;42;60;46m[48;2;22;26;24m▀[0m[38;2;66;95;60m[48;2;43;64;50m▀[0m[38;2;81;115;67m[48;2;63;93;63m▀[0m[38;2;86;120;67m[48;2;81;115;66m▀[0m[38;2;78;111;66m[48;2;89;125;69m▀[0m[38;2;63;93;62m[48;2;85;119;67m▀[0m[38;2;58;82;53m[48;2;51;66;41m▀[0m[38;2;58;78;47m[48;2;19;20;18m▀[0m[38;2;65;90;56m[48;2;32;45;38m▀[0m[38;2;73;105;66m[48;2;54;82;61m▀[0m[38;2;81;115;67m[48;2;74;107;65m▀[0m[38;2;86;121;67m[48;2;86;120;66m▀[0m[38;2;85;120;67m[48;2;85;119;66m▀[0m[38;2;87;121;67m[48;2;85;119;66m▀[0m[38;2;89;125;69m[48;2;86;121;67m▀[0m[38;2;79;113;69m[48;2;75;108;66m▀[0m[38;2;59;88;65m[48;2;55;82;61m▀[0m[38;2;45;69;54m[48;2;45;69;55m▀[0m[38;2;46;69;46m[48;2;51;76;51m▀[0m        
                [38;2;11;11;11m▀[0m[38;2;12;8;10m▀[0m[38;2;11;7;11m▀[0m[38;2;7;3;9m▀[0m[38;2;7;3;11m▀[0m[38;2;7;3;9m▀[0m[38;2;0;0;8m▀[0m [38;2;12;9;12m▀[0m[38;2;11;7;11m▀[0m[38;2;9;3;7m▀[0m[38;2;26;34;29m[48;2;52;79;61m▀[0m[38;2;48;72;56m[48;2;48;73;56m▀[0m[38;2;53;80;62m[48;2;53;79;61m▀[0m[38;2;47;72;57m[48;2;49;74;57m▀[0m[38;2;45;70;56m[48;2;49;74;57m▀[0m[38;2;47;71;56m[48;2;49;74;57m▀[0m[38;2;57;84;59m[48;2;49;74;57m▀[0m[38;2;67;96;61m[48;2;49;74;57m▀[0m[38;2;68;97;61m[48;2;47;71;56m▀[0m[38;2;66;95;61m[48;2;52;77;58m▀[0m[38;2;65;94;61m[48;2;74;105;63m▀[0m[38;2;65;93;61m[48;2;79;112;64m▀[0m[38;2;66;95;61m[48;2;57;84;59m▀[0m[38;2;67;96;61m[48;2;47;71;56m▀[0m[38;2;68;97;62m[48;2;49;73;57m▀[0m[38;2;60;88;60m[48;2;49;74;57m▀[0m[38;2;49;73;57m[48;2;49;74;57m▀[0m[38;2;46;69;56m[48;2;49;74;57m▀[0m[38;2;47;71;56m[48;2;49;74;57m▀[0m[38;2;48;73;57m[48;2;49;74;57m▀[0m[38;2;49;74;57m[48;2;49;74;57m▀[0m[38;2;49;75;56m[48;2;51;78;60m▀[0m[38;2;47;71;52m[48;2;47;70;54m▀[0m[38;2;40;58;45m[48;2;28;36;30m▀[0m[38;2;31;41;34m[48;2;14;11;12m▀[0m[38;2;16;18;16m[48;2;12;6;6m▀[0m[38;2;15;15;16m[48;2;15;15;15m▀[0m[38;2;26;37;33m[48;2;15;15;15m▀[0m[38;2;40;55;41m[48;2;17;16;17m▀[0m[38;2;50;67;43m[48;2;15;15;15m▀[0m[38;2;57;76;45m[48;2;16;16;16m▀[0m[38;2;55;74;44m[48;2;15;15;15m▀[0m[38;2;36;44;28m[48;2;15;13;15m▀[0m[38;2;7;3;9m▀[0m[38;2;22;32;32m▀[0m[38;2;46;71;55m[48;2;19;0;19m▀[0m[38;2;48;68;45m[48;2;15;15;15m▀[0m[38;2;53;71;43m[48;2;16;16;16m▀[0m[38;2;52;70;43m[48;2;15;15;15m▀[0m[38;2;52;69;42m[48;2;14;14;14m▀[0m[38;2;52;69;42m[48;2;13;11;12m▀[0m[38;2;53;74;50m[48;2;26;34;28m▀[0m[38;2;55;82;62m[48;2;48;71;55m▀[0m[38;2;49;74;58m[48;2;52;81;62m▀[0m[38;2;46;69;46m[48;2;51;76;51m▀[0m        
                           [38;2;28;38;33m[48;2;8;4;8m▀[0m[38;2;28;37;30m[48;2;12;8;11m▀[0m[38;2;41;57;45m[48;2;27;33;28m▀[0m[38;2;50;76;58m[48;2;45;67;52m▀[0m[38;2;52;79;60m[48;2;50;76;59m▀[0m[38;2;49;74;57m[48;2;49;74;57m▀[0m[38;2;48;73;57m[48;2;49;74;57m▀[0m[38;2;47;72;57m[48;2;49;74;57m▀[0m[38;2;46;70;56m[48;2;49;74;57m▀[0m[38;2;49;73;57m[48;2;49;74;57m▀[0m[38;2;61;89;60m[48;2;48;73;57m▀[0m[38;2;63;92;60m[48;2;48;73;57m▀[0m[38;2;52;77;58m[48;2;49;74;57m▀[0m[38;2;46;70;56m[48;2;49;74;57m▀[0m[38;2;47;71;57m[48;2;49;74;57m▀[0m[38;2;48;72;57m[48;2;49;74;57m▀[0m[38;2;49;74;57m[48;2;49;74;57m▀[0m[38;2;49;74;57m[48;2;49;74;57m▀[0m[38;2;49;74;57m[48;2;49;74;57m▀[0m[38;2;48;73;55m[48;2;47;73;53m▀[0m[38;2;49;74;58m[48;2;49;74;58m▀[0m[38;2;61;84;82m[48;2;69;90;100m▀[0m[38;2;61;79;86m[48;2;72;87;114m▀[0m[38;2;33;38;42m[48;2;38;43;54m▀[0m[38;2;10;7;8m[48;2;11;9;8m▀[0m[38;2;5;0;0m[48;2;8;8;4m▀[0m[38;2;0;0;0m▀[0m[38;2;11;8;11m▀[0m[38;2;11;6;11m▀[0m[38;2;6;4;9m▀[0m[38;2;6;4;11m▀[0m[38;2;6;2;9m▀[0m[38;2;5;0;10m▀[0m   [38;2;3;0;7m▀[0m[38;2;9;4;11m▀[0m[38;2;6;2;9m▀[0m[38;2;6;2;9m▀[0m[38;2;4;0;6m▀[0m[38;2;20;25;25m▀[0m[38;2;46;71;55m▀[0m[38;2;54;80;61m▀[0m[38;2;63;63;63m▀[0m        
                           [38;2;12;0;12m▀[0m[38;2;10;3;6m▀[0m[38;2;19;21;19m[48;2;10;3;3m▀[0m[38;2;26;33;28m[48;2;11;9;11m▀[0m[38;2;37;53;41m[48;2;32;40;36m▀[0m[38;2;47;72;52m[48;2;52;76;64m▀[0m[38;2;49;76;57m[48;2;53;80;65m▀[0m[38;2;49;74;57m[48;2;49;74;57m▀[0m[38;2;49;74;57m[48;2;49;74;57m▀[0m[38;2;49;74;57m[48;2;49;74;57m▀[0m[38;2;48;73;57m[48;2;49;74;57m▀[0m[38;2;48;72;57m[48;2;49;74;57m▀[0m[38;2;49;74;57m[48;2;49;74;57m▀[0m[38;2;49;74;57m[48;2;49;74;57m▀[0m[38;2;49;74;57m[48;2;49;74;57m▀[0m[38;2;49;74;57m[48;2;49;74;57m▀[0m[38;2;49;74;57m[48;2;49;74;57m▀[0m[38;2;49;74;57m[48;2;49;75;57m▀[0m[38;2;49;74;57m[48;2;50;75;58m▀[0m[38;2;48;75;54m[48;2;46;70;52m▀[0m[38;2;51;78;61m[48;2;45;67;53m▀[0m[38;2;74;96;107m[48;2;65;85;94m▀[0m[38;2;77;92;121m[48;2;76;91;119m▀[0m[38;2;53;64;83m[48;2;86;106;139m▀[0m[38;2;10;10;10m▀[0m[38;2;12;12;0m▀[0m                           
                             [38;2;9;3;3m[48;2;7;7;3m▀[0m[38;2;12;11;11m[48;2;13;13;12m▀[0m[38;2;41;49;58m[48;2;40;45;58m▀[0m[38;2;71;90;107m[48;2;64;76;99m▀[0m[38;2;64;87;88m[48;2;61;80;84m▀[0m[38;2;48;74;56m[48;2;49;75;57m▀[0m[38;2;48;73;54m[48;2;49;74;55m▀[0m[38;2;49;74;57m[48;2;49;74;57m▀[0m[38;2;49;74;57m[48;2;49;74;57m▀[0m[38;2;49;74;57m[48;2;49;74;57m▀[0m[38;2;49;74;57m[48;2;49;74;57m▀[0m[38;2;49;74;57m[48;2;49;74;57m▀[0m[38;2;49;74;57m[48;2;49;74;57m▀[0m[38;2;49;74;57m[48;2;49;75;58m▀[0m[38;2;49;74;57m[48;2;50;76;58m▀[0m[38;2;52;78;60m[48;2;49;73;56m▀[0m[38;2;52;79;61m[48;2;43;63;49m▀[0m[38;2;39;56;44m[48;2;30;39;33m▀[0m[38;2;25;31;27m[48;2;11;10;11m▀[0m[38;2;37;43;47m[48;2;0;0;0m▀[0m[38;2;77;90;121m▀[0m[38;2;102;119;170m▀[0m                             
                             [38;2;0;0;0m▀[0m[38;2;12;12;12m▀[0m[38;2;22;22;27m[48;2;4;0;0m▀[0m[38;2;26;29;34m[48;2;8;7;4m▀[0m[38;2;41;56;50m[48;2;27;35;28m▀[0m[38;2;52;79;60m[48;2;40;57;45m▀[0m[38;2;51;78;59m[48;2;47;69;54m▀[0m[38;2;49;74;57m[48;2;50;75;58m▀[0m[38;2;49;74;57m[48;2;49;75;58m▀[0m[38;2;49;74;57m[48;2;49;74;57m▀[0m[38;2;49;74;57m[48;2;49;74;57m▀[0m[38;2;49;74;57m[48;2;49;75;57m▀[0m[38;2;49;74;57m[48;2;50;75;58m▀[0m[38;2;51;77;60m[48;2;46;69;54m▀[0m[38;2;53;80;61m[48;2;41;59;46m▀[0m[38;2;40;57;45m[48;2;33;45;36m▀[0m[38;2;21;24;21m[48;2;23;29;25m▀[0m[38;2;16;14;16m[48;2;19;21;19m▀[0m[38;2;9;0;9m[48;2;10;5;10m▀[0m[38;2;0;0;0m[48;2;0;0;0m▀[0m                               
                               [38;2;0;0;0m[48;2;0;0;0m▀[0m[38;2;0;0;0m[48;2;10;6;6m▀[0m[38;2;13;11;13m[48;2;19;23;21m▀[0m[38;2;19;21;19m[48;2;27;35;29m▀[0m[38;2;38;53;42m[48;2;41;60;46m▀[0m[38;2;51;77;59m[48;2;50;76;58m▀[0m[38;2;50;76;59m[48;2;50;75;58m▀[0m[38;2;49;74;57m[48;2;49;74;57m▀[0m[38;2;49;74;57m[48;2;49;74;57m▀[0m[38;2;50;76;58m[48;2;50;75;58m▀[0m[38;2;51;78;60m[48;2;50;77;59m▀[0m[38;2;39;55;44m[48;2;41;60;47m▀[0m[38;2;19;21;19m[48;2;26;34;29m▀[0m[38;2;29;37;31m[48;2;36;50;40m▀[0m[38;2;45;68;53m[48;2;51;78;60m▀[0m[38;2;33;45;37m[48;2;45;65;51m▀[0m[38;2;13;11;12m[48;2;30;40;33m▀[0m[38;2;8;5;5m[48;2;24;28;24m▀[0m[38;2;14;11;14m▄[0m[38;2;8;8;8m▄[0m                             
                             [38;2;13;6;6m▄[0m[38;2;14;11;14m▄[0m[38;2;10;7;7m[48;2;25;32;26m▀[0m[38;2;13;13;13m[48;2;33;46;37m▀[0m[38;2;32;44;36m[48;2;45;65;52m▀[0m[38;2;49;73;56m[48;2;52;78;60m▀[0m[38;2;50;76;58m[48;2;51;77;59m▀[0m[38;2;49;74;57m[48;2;49;74;57m▀[0m[38;2;49;74;57m[48;2;49;74;57m▀[0m[38;2;49;74;57m[48;2;49;75;57m▀[0m[38;2;49;74;57m[48;2;51;77;59m▀[0m[38;2;49;74;57m[48;2;51;77;59m▀[0m[38;2;49;74;57m[48;2;49;74;57m▀[0m[38;2;49;73;56m[48;2;49;75;58m▀[0m[38;2;48;72;55m[48;2;51;78;60m▀[0m[38;2;48;72;56m[48;2;52;79;61m▀[0m[38;2;49;74;57m[48;2;51;78;60m▀[0m[38;2;51;78;60m[48;2;45;67;53m▀[0m[38;2;48;72;56m[48;2;36;51;41m▀[0m[38;2;30;40;33m[48;2;26;32;28m▀[0m[38;2;13;12;13m[48;2;16;15;16m▀[0m[38;2;12;9;9m[48;2;13;11;11m▀[0m                             
                             [38;2;12;9;9m[48;2;13;13;13m▀[0m[38;2;13;12;13m[48;2;16;15;16m▀[0m[38;2;31;41;34m[48;2;25;29;26m▀[0m[38;2;48;73;56m[48;2;33;45;37m▀[0m[38;2;51;78;60m[48;2;44;64;51m▀[0m[38;2;49;74;57m[48;2;52;78;60m▀[0m[38;2;49;74;57m[48;2;51;77;59m▀[0m[38;2;49;74;57m[48;2;49;74;57m▀[0m[38;2;49;74;57m[48;2;52;79;61m▀[0m[38;2;49;74;57m[48;2;48;73;56m▀[0m[38;2;49;74;57m[48;2;35;48;39m▀[0m[38;2;49;74;57m[48;2;35;48;39m▀[0m[38;2;49;74;57m[48;2;48;73;56m▀[0m[38;2;49;74;57m[48;2;53;81;62m▀[0m[38;2;49;74;57m[48;2;50;76;58m▀[0m[38;2;51;77;59m[48;2;43;63;49m▀[0m[38;2;50;75;58m[48;2;32;43;35m▀[0m[38;2;33;45;37m[48;2;23;27;26m▀[0m[38;2;16;15;15m[48;2;11;6;8m▀[0m[38;2;15;14;15m[48;2;13;11;13m▀[0m[38;2;16;16;16m[48;2;16;16;16m▀[0m[38;2;15;15;15m[48;2;13;13;13m▀[0m                             
                             [38;2;16;16;16m[48;2;17;17;17m▀[0m[38;2;15;15;15m[48;2;15;15;15m▀[0m[38;2;14;12;14m[48;2;14;11;11m▀[0m[38;2;14;12;13m[48;2;11;8;8m▀[0m[38;2;31;43;35m[48;2;21;24;23m▀[0m[38;2;48;72;56m[48;2;29;38;32m▀[0m[38;2;51;76;58m[48;2;45;66;51m▀[0m[38;2;49;74;57m[48;2;51;77;59m▀[0m[38;2;50;76;59m[48;2;39;54;43m▀[0m[38;2;42;62;48m[48;2;24;31;26m▀[0m[38;2;19;22;20m[48;2;17;15;15m▀[0m[38;2;19;22;20m[48;2;17;15;15m▀[0m[38;2;42;62;48m[48;2;24;31;26m▀[0m[38;2;52;79;61m[48;2;39;55;44m▀[0m[38;2;51;77;59m[48;2;52;78;60m▀[0m[38;2;37;51;41m[48;2;39;56;44m▀[0m[38;2;16;16;16m[48;2;16;16;15m▀[0m[38;2;10;6;10m[48;2;10;4;8m▀[0m                                 
                                 [38;2;10;4;10m[48;2;14;12;14m▀[0m[38;2;15;15;15m[48;2;15;15;15m▀[0m[38;2;36;50;40m[48;2;23;27;24m▀[0m[38;2;44;65;51m[48;2;24;30;26m▀[0m[38;2;27;33;28m[48;2;20;25;22m▀[0m[38;2;10;8;10m[48;2;9;4;9m▀[0m[38;2;11;0;0m[48;2;0;0;0m▀[0m[38;2;11;0;0m[48;2;0;0;0m▀[0m[38;2;10;8;10m[48;2;9;4;9m▀[0m[38;2;27;33;28m[48;2;20;25;20m▀[0m[38;2;44;65;51m[48;2;24;30;26m▀[0m[38;2;37;52;41m[48;2;23;28;25m▀[0m[38;2;17;18;17m[48;2;16;16;16m▀[0m[38;2;11;7;11m[48;2;15;13;15m▀[0m                                 
                                 [38;2;15;15;15m▀[0m[38;2;16;16;16m▀[0m[38;2;16;15;16m▀[0m[38;2;13;10;13m▀[0m[38;2;11;7;11m▀[0m    [38;2;11;7;11m▀[0m[38;2;13;10;13m▀[0m[38;2;16;15;16m▀[0m[38;2;16;16;16m▀[0m[38;2;15;15;15m▀[0m                                 
[0m